   2.1406011e+01   2.6814658e+01   2.2889205e+01
   1.9150230e+01   2.2150977e+01   2.2196489e+01
   1.9515638e+01   2.6149123e+01   2.0589080e+01
   1.6193925e+01   1.9221752e+01   1.9238412e+01
   1.5757883e+01   2.2151655e+01   1.6916062e+01
   2.1757679e+01   2.4346771e+01   2.5250403e+01
   1.5752357e+01   2.3999755e+01   1.6473959e+01
   2.2335471e+01   2.5410576e+01   2.5294395e+01
   2.0138655e+01   2.3675082e+01   2.2698326e+01
   2.0849072e+01   2.2173836e+01   2.6677333e+01
   2.1222570e+01   2.4370458e+01   2.4115354e+01
   1.8568485e+01   2.0505873e+01   2.3045388e+01
   2.1167071e+01   2.3800804e+01   2.4607780e+01
   2.0239471e+01   2.2616412e+01   2.4015242e+01
   1.9478973e+01   2.1305666e+01   2.4153576e+01
   1.8236433e+01   2.1016818e+01   2.1523731e+01
   1.5051445e+01   2.1497172e+01   1.6198551e+01
   2.0573671e+01   2.5261089e+01   2.2390008e+01
   1.9380355e+01   2.2528888e+01   2.2280879e+01
   1.9891128e+01   2.1531945e+01   2.4943391e+01
   1.8193121e+01   1.9549791e+01   2.3954821e+01
   2.1393605e+01   2.5004180e+01   2.3890311e+01
   1.9747318e+01   2.3718182e+01   2.1989915e+01
   2.1559527e+01   2.5553920e+01   2.3780120e+01
   2.0779992e+01   2.2556051e+01   2.5545113e+01
   2.1322076e+01   2.4134928e+01   2.4555958e+01
   1.8277438e+01   2.1809970e+01   2.0850151e+01
   1.8012147e+01   2.0727936e+01   2.1374965e+01
   1.9056160e+01   2.1905096e+01   2.2261968e+01
   2.1933079e+01   2.5163042e+01   2.4747500e+01
   1.8747008e+01   2.1529292e+01   2.2028393e+01
   2.1612482e+01   2.5359756e+01   2.4005537e+01
   2.1269838e+01   2.5997355e+01   2.3063667e+01
   1.8130560e+01   2.1271286e+01   2.1046525e+01
   1.7391183e+01   1.9323328e+01   2.1889401e+01
   2.0805041e+01   2.6116310e+01   2.2329793e+01
   1.6498221e+01   1.9006344e+01   2.0130705e+01
   1.9328816e+01   2.7516664e+01   2.0051418e+01
   1.7240694e+01   1.9226387e+01   2.1646088e+01
   2.0519519e+01   2.5563598e+01   2.2162214e+01
   1.5885752e+01   1.8761664e+01   1.9092109e+01
   1.8745646e+01   2.3934044e+01   2.0329610e+01
   1.5438861e+01   1.7212588e+01   2.0266296e+01
   2.0978620e+01   2.5248001e+01   2.3026966e+01
   1.7906951e+01   2.1399312e+01   2.0514746e+01
   1.9611646e+01   2.5003489e+01   2.1106317e+01
   1.8675677e+01   2.2037660e+01   2.1387733e+01
   1.9441790e+01   2.1638368e+01   2.3483943e+01
   1.8969645e+01   2.2627769e+01   2.1439979e+01
   1.9335615e+01   2.1062778e+01   2.4208993e+01
   2.1191176e+01   2.3100557e+01   2.5701079e+01
   1.9887252e+01   2.1816304e+01   2.4369032e+01
   2.1830426e+01   2.6323521e+01   2.3747488e+01
   1.9411732e+01   2.0691699e+01   2.5378739e+01
   2.0715393e+01   2.3708484e+01   2.3761421e+01
   1.8113699e+01   1.9098226e+01   2.5095359e+01
   1.6371904e+01   1.8903946e+01   1.9975263e+01
   1.7629105e+01   1.9706417e+01   2.1875485e+01
   2.0800112e+01   2.3792130e+01   2.3846870e+01
   1.9727423e+01   2.1226644e+01   2.5107295e+01
   1.9788931e+01   2.2048610e+01   2.3734279e+01
   2.0081144e+01   2.1965164e+01   2.4643675e+01
   2.0905872e+01   2.4170025e+01   2.3692935e+01
   2.0892092e+01   2.2723371e+01   2.5549037e+01
   2.1022113e+01   2.4029273e+01   2.4052695e+01
   1.9626103e+01   2.1990619e+01   2.3422649e+01
   1.9076606e+01   2.0777969e+01   2.4005579e+01
   1.9670558e+01   2.3293748e+01   2.2164155e+01
   2.1428910e+01   2.6202270e+01   2.3199149e+01
   2.0751567e+01   2.3381805e+01   2.4198296e+01
   1.8563492e+01   2.1967280e+01   2.1240535e+01
   2.0082511e+01   2.2693259e+01   2.3556177e+01
   1.9499143e+01   2.0874413e+01   2.5197977e+01
   2.2127090e+01   2.6745109e+01   2.3975854e+01
   1.8125258e+01   2.0233118e+01   2.2317035e+01
   1.9237215e+01   2.2524275e+01   2.2011558e+01
   2.0602636e+01   2.3211564e+01   2.4075898e+01
   2.1150199e+01   2.3733600e+01   2.4652325e+01
   1.9367074e+01   2.1941545e+01   2.2889555e+01
   2.0533705e+01   2.4131581e+01   2.3043275e+01
   1.8870609e+01   2.1270112e+01   2.2624189e+01
   1.8752116e+01   2.2187534e+01   2.1401391e+01
   2.1044855e+01   2.2845563e+01   2.5760050e+01
   2.0567856e+01   2.2998270e+01   2.4269300e+01
   1.8294067e+01   2.0251584e+01   2.2737706e+01
   1.9213210e+01   2.2091112e+01   2.2386823e+01
   2.0441166e+01   2.3911693e+01   2.3052979e+01
   1.8969086e+01   2.0672125e+01   2.3895456e+01
   1.7642264e+01   2.0350902e+01   2.1016628e+01
   1.7909897e+01   2.0568686e+01   2.1340618e+01
