   2.0117020e+01   2.3071674e+01   2.3205045e+01
   1.8245365e+01   2.0826807e+01   2.1767313e+01
   1.6897819e+01   1.8905415e+01   2.1269618e+01
   1.6123025e+01   1.8798385e+01   1.9553170e+01
   1.5306409e+01   2.0372451e+01   1.6966766e+01
   2.0417971e+01   2.2542259e+01   2.4566736e+01
   1.5377866e+01   2.1985389e+01   1.6475415e+01
   2.0762069e+01   2.3181738e+01   2.4476984e+01
   1.8801173e+01   2.1067031e+01   2.2744311e+01
   1.9231261e+01   2.0286347e+01   2.5933562e+01
   1.9583784e+01   2.1323841e+01   2.4428910e+01
   1.7398020e+01   1.8914108e+01   2.2760043e+01
   1.9792753e+01   2.1542247e+01   2.4617234e+01
   1.9161953e+01   2.1120633e+01   2.3596181e+01
   1.6759573e+01   1.7842046e+01   2.3394047e+01
   1.7693360e+01   2.0254846e+01   2.1245021e+01
   1.4786425e+01   2.0321932e+01   1.6250487e+01
   1.9449172e+01   2.2559906e+01   2.2385328e+01
   1.6832769e+01   1.8224560e+01   2.2517074e+01
   1.7875273e+01   1.8887531e+01   2.4752253e+01
   1.7324951e+01   1.8411115e+01   2.3937777e+01
   2.0022275e+01   2.2327032e+01   2.3900740e+01
   1.9344018e+01   2.2452349e+01   2.2283072e+01
   2.0464674e+01   2.3473062e+01   2.3496364e+01
   1.9422937e+01   2.0916080e+01   2.4819996e+01
   1.9285759e+01   2.0633427e+01   2.5061568e+01
   1.7370493e+01   2.0197669e+01   2.0613279e+01
   1.7307221e+01   1.9175572e+01   2.1923410e+01
   1.8058587e+01   2.0364634e+01   2.1949621e+01
   2.0187561e+01   2.2403373e+01   2.4195878e+01
   1.6261513e+01   1.8020532e+01   2.1104485e+01
   2.0093842e+01   2.2046302e+01   2.4532608e+01
   1.9642674e+01   2.2908882e+01   2.2433481e+01
   1.7397509e+01   1.9709359e+01   2.1286712e+01
   1.6890001e+01   1.8320061e+01   2.2473201e+01
   1.7661310e+01   1.9604173e+01   2.2137323e+01
   1.6212506e+01   1.8396754e+01   2.0306149e+01
   1.7141306e+01   1.9703599e+01   2.0697451e+01
   1.6980192e+01   1.8607650e+01   2.2090721e+01
   1.7591034e+01   1.9036172e+01   2.3126219e+01
   1.5433750e+01   1.7882672e+01   1.9159064e+01
   1.6516602e+01   1.8911549e+01   2.0299512e+01
   1.5276745e+01   1.6765501e+01   2.0739997e+01
   1.7115484e+01   1.8586666e+01   2.2591229e+01
   1.5850400e+01   1.8060690e+01   1.9909475e+01
   1.7311057e+01   1.9248867e+01   2.1800051e+01
   1.8008382e+01   2.0545041e+01   2.1588514e+01
   1.6952780e+01   1.7929129e+01   2.3983012e+01
   1.8081705e+01   2.0906275e+01   2.1321142e+01
   1.8324946e+01   1.9492163e+01   2.4650362e+01
   2.0122982e+01   2.1614789e+01   2.5518113e+01
   1.8882929e+01   2.0303122e+01   2.4468375e+01
   2.0103869e+01   2.2892172e+01   2.3370385e+01
   1.8190938e+01   1.9085683e+01   2.5544760e+01
   1.9654203e+01   2.1801680e+01   2.3770932e+01
   1.7336046e+01   1.8039489e+01   2.5656253e+01
   1.4804549e+01   1.6461384e+01   1.9888714e+01
   1.7134007e+01   1.8656803e+01   2.2483378e+01
   1.9804739e+01   2.2182994e+01   2.3581187e+01
   1.8512864e+01   1.9606168e+01   2.5085779e+01
   1.8829374e+01   2.0531575e+01   2.3758703e+01
   1.8495852e+01   1.9685306e+01   2.4747826e+01
   1.9800596e+01   2.2088669e+01   2.3704430e+01
   1.9207006e+01   2.0407697e+01   2.5416420e+01
   1.9887230e+01   2.2049399e+01   2.3979509e+01
   1.8860491e+01   2.0735923e+01   2.3447851e+01
   1.6625146e+01   1.7755466e+01   2.3096099e+01
   1.8745446e+01   2.1567658e+01   2.1982515e+01
   2.0241743e+01   2.3783333e+01   2.2796858e+01
   1.9351735e+01   2.0996434e+01   2.4399530e+01
   1.7300084e+01   1.9577552e+01   2.1240094e+01
   1.8724485e+01   2.0432345e+01   2.3642927e+01
   1.8416092e+01   1.9505595e+01   2.5003415e+01
   2.0487298e+01   2.3515586e+01   2.3498972e+01
   1.5789094e+01   1.7132322e+01   2.1623006e+01
   1.8258305e+01   2.0485786e+01   2.2262911e+01
   1.9327379e+01   2.1238038e+01   2.3846288e+01
   1.9644038e+01   2.1212542e+01   2.4860423e+01
   1.8299468e+01   2.0063341e+01   2.3107355e+01
   1.9163618e+01   2.1811571e+01   2.2597795e+01
   1.6219767e+01   1.7433710e+01   2.2426188e+01
   1.8015362e+01   2.0583351e+01   2.1555990e+01
   1.9291031e+01   2.0566447e+01   2.5272420e+01
   1.9151183e+01   2.0690529e+01   2.4439514e+01
   1.6299093e+01   1.7671258e+01   2.2044523e+01
   1.8689312e+01   2.0856144e+01   2.2782878e+01
   1.8968981e+01   2.1369000e+01   2.2721136e+01
   1.7876502e+01   1.9195610e+01   2.3746370e+01
   1.7180590e+01   1.9176923e+01   2.1568279e+01
   1.5790528e+01   1.7329605e+01   2.1122192e+01
