   1.2170402e+01   1.2538432e+01   2.3307688e+01
   1.2036326e+01   1.2448231e+01   2.2710896e+01
   8.8727580e+00   9.1484572e+00   2.1481986e+01
   1.1707883e+01   1.2237265e+01   2.1362035e+01
   1.2015480e+01   1.3756943e+01   1.7004958e+01
   1.3145559e+01   1.3531778e+01   2.4035177e+01
   1.1930653e+01   1.3759963e+01   1.6747200e+01
   1.3139576e+01   1.3583394e+01   2.3451641e+01
   1.1623987e+01   1.2037005e+01   2.2310544e+01
   1.2412392e+01   1.2659470e+01   2.5214091e+01
   1.1491846e+01   1.1712951e+01   2.4817080e+01
   1.1405786e+01   1.1663839e+01   2.4081348e+01
   1.2936208e+01   1.3399414e+01   2.3079990e+01
   1.2534777e+01   1.2930193e+01   2.3354022e+01
   1.0215298e+01   1.0411024e+01   2.4152294e+01
   1.2384237e+01   1.2851976e+01   2.2513376e+01
   1.0271563e+01   1.1452592e+01   1.6804154e+01
   1.2272054e+01   1.2829681e+01   2.1682957e+01
   8.9094983e+00   9.1427577e+00   2.2224295e+01
   1.1003297e+01   1.1217682e+01   2.4492238e+01
   1.2063441e+01   1.2307332e+01   2.4938776e+01
   1.2400323e+01   1.2715194e+01   2.4179747e+01
   1.2753335e+01   1.3324552e+01   2.2043081e+01
   1.2263698e+01   1.2592063e+01   2.3873875e+01
   1.1416134e+01   1.1588021e+01   2.5818502e+01
   1.1581812e+01   1.1741047e+01   2.6300170e+01
   1.0879459e+01   1.1304670e+01   2.1492372e+01
   1.1431078e+01   1.1789834e+01   2.2717566e+01
   1.1753805e+01   1.2255218e+01   2.1628974e+01
   1.1626016e+01   1.1966324e+01   2.3121918e+01
   9.8563685e+00   1.0067741e+01   2.3496796e+01
   1.1980857e+01   1.2191039e+01   2.5492023e+01
   1.0896216e+01   1.1175017e+01   2.3279093e+01
   1.1582982e+01   1.2024526e+01   2.1994262e+01
   1.2130128e+01   1.2491776e+01   2.3342719e+01
   9.2571033e+00   9.5643780e+00   2.1367794e+01
   1.2047729e+01   1.2720643e+01   2.0704221e+01
   9.1272177e+00   9.4391674e+00   2.1187269e+01
   1.0957250e+01   1.1203890e+01   2.3854466e+01
   9.1404010e+00   9.3335031e+00   2.3235491e+01
   1.0314923e+01   1.0770243e+01   2.0684555e+01
   8.9859085e+00   9.2869260e+00   2.1211285e+01
   1.1081728e+01   1.1503485e+01   2.1714952e+01
   8.6593304e+00   8.8286372e+00   2.3369277e+01
   9.8223719e+00   1.0067601e+01   2.2834351e+01
   9.1399599e+00   9.3307667e+00   2.3286128e+01
   1.0847956e+01   1.1118789e+01   2.3356834e+01
   9.1471681e+00   9.2897266e+00   2.4539679e+01
   1.3205478e+01   1.3800635e+01   2.2308539e+01
   1.3163404e+01   1.3481440e+01   2.4865111e+01
   1.2175151e+01   1.2367744e+01   2.6047274e+01
   1.3001831e+01   1.3245919e+01   2.5826644e+01
   1.2095910e+01   1.2422235e+01   2.3741164e+01
   1.2515614e+01   1.2769771e+01   2.5192558e+01
   1.2939766e+01   1.3282203e+01   2.4341215e+01
   1.2351543e+01   1.2563766e+01   2.5801372e+01
   9.7427879e+00   1.0061337e+01   2.1655558e+01
   1.2500664e+01   1.2764098e+01   2.5026782e+01
   1.1733473e+01   1.2058996e+01   2.3409478e+01
   1.2733251e+01   1.3001201e+01   2.5176171e+01
   1.1835057e+01   1.2184070e+01   2.3212835e+01
   1.2585884e+01   1.2941025e+01   2.3851300e+01
   1.1755008e+01   1.2085752e+01   2.3362932e+01
   1.2488831e+01   1.2826003e+01   2.3976493e+01
   1.2660844e+01   1.3124230e+01   2.2815430e+01
   1.2666938e+01   1.3003532e+01   2.4153143e+01
   1.0252149e+01   1.0428365e+01   2.4634048e+01
   1.2500317e+01   1.2959940e+01   2.2696233e+01
   1.1318992e+01   1.1748421e+01   2.1861933e+01
   1.2643485e+01   1.3030005e+01   2.3552391e+01
   1.0941699e+01   1.1311558e+01   2.2132584e+01
   1.1513748e+01   1.1784356e+01   2.3981622e+01
   1.2250352e+01   1.2547200e+01   2.4285524e+01
   1.1596079e+01   1.1895846e+01   2.3627073e+01
   9.7271111e+00   9.8908032e+00   2.4470234e+01
   1.1212418e+01   1.1471448e+01   2.3884576e+01
   1.1222477e+01   1.1407646e+01   2.5320126e+01
   1.1634553e+01   1.1873982e+01   2.4613092e+01
   1.1977908e+01   1.2316290e+01   2.3477353e+01
   1.1292292e+01   1.1656031e+01   2.2529748e+01
   9.7888475e+00   9.9570924e+00   2.4408966e+01
   1.0931302e+01   1.1212875e+01   2.3269903e+01
   1.1093502e+01   1.1301306e+01   2.4708780e+01
   1.1414788e+01   1.1681360e+01   2.3952390e+01
   1.0149530e+01   1.0320208e+01   2.4676426e+01
   1.2312010e+01   1.2618706e+01   2.4206585e+01
   1.0813608e+01   1.0990063e+01   2.5145718e+01
   1.1836128e+01   1.2125213e+01   2.4005846e+01
   1.0659867e+01   1.0905130e+01   2.3602463e+01
   9.7583450e+00   1.0005866e+01   2.2736626e+01
