   2.1549257e+01   2.7313281e+01   2.2895707e+01
   1.9387946e+01   2.2516419e+01   2.2307466e+01
   1.9667924e+01   2.6773514e+01   2.0617648e+01
   1.6092159e+01   1.9147285e+01   1.9110623e+01
   1.5837336e+01   2.2461167e+01   1.6927502e+01
   2.2081760e+01   2.4751391e+01   2.5476262e+01
   1.5825744e+01   2.4357482e+01   1.6497791e+01
   2.2722798e+01   2.5904781e+01   2.5579082e+01
   2.0386924e+01   2.4168968e+01   2.2758746e+01
   2.1363863e+01   2.2666632e+01   2.7251588e+01
   2.1408754e+01   2.4683821e+01   2.4184250e+01
   1.8732719e+01   2.0724434e+01   2.3112757e+01
   2.1392568e+01   2.4205231e+01   2.4626389e+01
   2.0398841e+01   2.2788930e+01   2.4155710e+01
   1.9865794e+01   2.1819361e+01   2.4304056e+01
   1.8290292e+01   2.1034059e+01   2.1618652e+01
   1.5109630e+01   2.1689634e+01   1.6216824e+01
   2.0802711e+01   2.5946599e+01   2.2399660e+01
   1.9624676e+01   2.3079129e+01   2.2253383e+01
   2.0371370e+01   2.2210575e+01   2.5016135e+01
   1.8376197e+01   1.9814240e+01   2.3920613e+01
   2.1695198e+01   2.5480370e+01   2.4060448e+01
   1.9763055e+01   2.4020533e+01   2.1822754e+01
   2.1561627e+01   2.5557276e+01   2.3781378e+01
   2.1060154e+01   2.2965780e+01   2.5577532e+01
   2.1880838e+01   2.5226376e+01   2.4592950e+01
   1.8364257e+01   2.1994072e+01   2.0859836e+01
   1.8048573e+01   2.0929016e+01   2.1227657e+01
   1.9273475e+01   2.2245066e+01   2.2348654e+01
   2.2241302e+01   2.5650834e+01   2.4897807e+01
   1.9089089e+01   2.2043625e+01   2.2182923e+01
   2.1588800e+01   2.5731181e+01   2.3713526e+01
   2.1665643e+01   2.6736660e+01   2.3293270e+01
   1.8221476e+01   2.1545574e+01   2.0969449e+01
   1.7269055e+01   1.9293764e+01   2.1607166e+01
   2.1044855e+01   2.6536976e+01   2.2495357e+01
   1.6403783e+01   1.8920378e+01   2.0026529e+01
   1.9293208e+01   2.8094783e+01   1.9913629e+01
   1.7177595e+01   1.9194023e+01   2.1530858e+01
   2.1070918e+01   2.6523006e+01   2.2537304e+01
   1.5930775e+01   1.8851636e+01   1.9088604e+01
   1.8936149e+01   2.4548534e+01   2.0345815e+01
   1.5352656e+01   1.7188634e+01   2.0059708e+01
   2.1260259e+01   2.5885709e+01   2.3107115e+01
   1.8141352e+01   2.1805687e+01   2.0611905e+01
   1.9702513e+01   2.5371729e+01   2.1088232e+01
   1.8708512e+01   2.2152332e+01   2.1351043e+01
   1.9595806e+01   2.1965776e+01   2.3384983e+01
   1.9032699e+01   2.2804843e+01   2.1417772e+01
   1.9411818e+01   2.1269002e+01   2.4028967e+01
   2.1376503e+01   2.3350085e+01   2.5771314e+01
   2.0237138e+01   2.2199970e+01   2.4656756e+01
   2.1941421e+01   2.6509225e+01   2.3817417e+01
   1.9711167e+01   2.1146789e+01   2.5249887e+01
   2.0851661e+01   2.3969295e+01   2.3774593e+01
   1.8192276e+01   1.9235712e+01   2.4948217e+01
   1.6535198e+01   1.9161076e+01   2.0019649e+01
   1.7655412e+01   1.9816467e+01   2.1767480e+01
   2.0952571e+01   2.4034022e+01   2.3909989e+01
   1.9932437e+01   2.1478954e+01   2.5197854e+01
   1.9888468e+01   2.2244031e+01   2.3695868e+01
   2.0578287e+01   2.2706929e+01   2.4719262e+01
   2.1076905e+01   2.4499252e+01   2.3726271e+01
   2.1171740e+01   2.3106036e+01   2.5636854e+01
   2.1261527e+01   2.4489862e+01   2.4079634e+01
   1.9669835e+01   2.2087109e+01   2.3393914e+01
   1.9424146e+01   2.1254083e+01   2.4092933e+01
   1.9728615e+01   2.3417556e+01   2.2171853e+01
   2.1675448e+01   2.6536327e+01   2.3401843e+01
   2.0853462e+01   2.3652287e+01   2.4104755e+01
   1.8635033e+01   2.2059651e+01   2.1294066e+01
   2.0404176e+01   2.3304001e+01   2.3548082e+01
   1.9469331e+01   2.0837948e+01   2.5186367e+01
   2.2401512e+01   2.7266708e+01   2.4124327e+01
   1.8366413e+01   2.0536879e+01   2.2457065e+01
   1.9302274e+01   2.2676614e+01   2.2000089e+01
   2.0705528e+01   2.3320763e+01   2.4170629e+01
   2.1333351e+01   2.4110764e+01   2.4606559e+01
   1.9587593e+01   2.2338571e+01   2.2898961e+01
   2.0677814e+01   2.4366781e+01   2.3117169e+01
   1.9180578e+01   2.1822126e+01   2.2622324e+01
   1.8793294e+01   2.2318644e+01   2.1368590e+01
   2.1347495e+01   2.3212227e+01   2.5938909e+01
   2.0986365e+01   2.3854644e+01   2.4161329e+01
   1.8662012e+01   2.0729143e+01   2.2915385e+01
   1.9147903e+01   2.2126417e+01   2.2216757e+01
   2.0600762e+01   2.4204350e+01   2.3105631e+01
   1.9178837e+01   2.0949254e+01   2.3965867e+01
   1.7576705e+01   2.0337328e+01   2.0891915e+01
   1.8216895e+01   2.1094184e+01   2.1398036e+01
