   2.1262925e+01   2.6633817e+01   2.2761856e+01
   1.9348953e+01   2.2632890e+01   2.2125461e+01
   1.9637388e+01   2.6822591e+01   2.0567975e+01
   1.5504892e+01   1.8590762e+01   1.8500580e+01
   1.5897980e+01   2.2749145e+01   1.6925415e+01
   2.2039809e+01   2.4751675e+01   2.5385092e+01
   1.5796942e+01   2.4064299e+01   1.6514785e+01
   2.2828146e+01   2.6253807e+01   2.5469643e+01
   2.0520303e+01   2.4598239e+01   2.2689360e+01
   2.0402142e+01   2.1455384e+01   2.7101642e+01
   2.1312185e+01   2.4523206e+01   2.4145932e+01
   1.8803466e+01   2.0963433e+01   2.2906802e+01
   2.1366376e+01   2.4225219e+01   2.4549992e+01
   2.0113319e+01   2.2401421e+01   2.4015257e+01
   2.0040335e+01   2.2184730e+01   2.4159480e+01
   1.8039541e+01   2.0660123e+01   2.1515156e+01
   1.5132214e+01   2.1669797e+01   1.6251567e+01
   2.0331510e+01   2.5195014e+01   2.2060113e+01
   1.9800603e+01   2.3417153e+01   2.2298735e+01
   2.0327583e+01   2.2128239e+01   2.5046907e+01
   1.8375846e+01   1.9918640e+01   2.3663222e+01
   2.1457071e+01   2.4972857e+01   2.4028431e+01
   1.9620020e+01   2.4079867e+01   2.1562349e+01
   2.1426407e+01   2.5132838e+01   2.3850196e+01
   2.1106340e+01   2.3147300e+01   2.5387418e+01
   2.1613038e+01   2.4652552e+01   2.4609171e+01
   1.8522171e+01   2.2315362e+01   2.0894795e+01
   1.7925217e+01   2.0823198e+01   2.1086600e+01
   1.9467139e+01   2.2603072e+01   2.2379122e+01
   2.1907258e+01   2.5213626e+01   2.4653446e+01
   1.9338991e+01   2.2575057e+01   2.2158620e+01
   2.1183681e+01   2.5522257e+01   2.3190386e+01
   2.1953926e+01   2.7320102e+01   2.3453412e+01
   1.7940717e+01   2.1144532e+01   2.0798998e+01
   1.6905941e+01   1.9003446e+01   2.1127668e+01
   2.0884793e+01   2.6154600e+01   2.2426865e+01
   1.6025675e+01   1.8580326e+01   1.9604902e+01
   1.9274879e+01   2.8185480e+01   1.9878850e+01
   1.6830506e+01   1.8905639e+01   2.1089739e+01
   2.0119480e+01   2.3527361e+01   2.2784798e+01
   1.5777816e+01   1.8666510e+01   1.8971865e+01
   1.8855039e+01   2.4475720e+01   2.0261826e+01
   1.4936919e+01   1.6800358e+01   1.9599860e+01
   2.1063571e+01   2.5759845e+01   2.2873958e+01
   1.8188018e+01   2.2010699e+01   2.0541466e+01
   1.9320699e+01   2.5091065e+01   2.0670236e+01
   1.8350555e+01   2.1863937e+01   2.0938229e+01
   1.9289996e+01   2.1606822e+01   2.3155837e+01
   1.8947780e+01   2.2781180e+01   2.1289231e+01
   1.9481050e+01   2.1485015e+01   2.3834256e+01
   2.1378446e+01   2.3418743e+01   2.5659359e+01
   1.9598896e+01   2.1370894e+01   2.4379581e+01
   2.1873537e+01   2.6227809e+01   2.3869299e+01
   1.9821960e+01   2.1405599e+01   2.5002334e+01
   2.0730545e+01   2.3826212e+01   2.3675081e+01
   1.8166042e+01   1.9308379e+01   2.4575230e+01
   1.6644579e+01   1.9393683e+01   1.9982447e+01
   1.7402653e+01   1.9619675e+01   2.1431398e+01
   2.0876970e+01   2.3974872e+01   2.3818755e+01
   1.9613312e+01   2.1196169e+01   2.4797004e+01
   2.0023815e+01   2.2510622e+01   2.3653765e+01
   2.0072151e+01   2.2066053e+01   2.4438735e+01
   2.1138491e+01   2.4611639e+01   2.3745547e+01
   2.1071335e+01   2.3388236e+01   2.4927033e+01
   2.1386960e+01   2.4761278e+01   2.4075894e+01
   1.9365063e+01   2.1753191e+01   2.3130723e+01
   1.9637913e+01   2.1566027e+01   2.4123055e+01
   1.9423290e+01   2.2904787e+01   2.2030742e+01
   2.1781868e+01   2.6641563e+01   2.3508606e+01
   2.0116890e+01   2.2823395e+01   2.3476456e+01
   1.8507330e+01   2.1599228e+01   2.1467485e+01
   2.0393612e+01   2.3554190e+01   2.3277777e+01
   1.8989677e+01   2.0231212e+01   2.5074904e+01
   2.2132491e+01   2.6909198e+01   2.3899499e+01
   1.8050323e+01   2.0108468e+01   2.2324069e+01
   1.9052348e+01   2.2650732e+01   2.1568307e+01
   2.0101205e+01   2.2255424e+01   2.4204588e+01
   2.1296329e+01   2.4421914e+01   2.4209986e+01
   1.9709809e+01   2.2592070e+01   2.2875882e+01
   2.0661491e+01   2.4209321e+01   2.3209968e+01
   1.9249753e+01   2.2215560e+01   2.2331004e+01
   1.8571644e+01   2.2102034e+01   2.1144214e+01
   2.1440854e+01   2.3349696e+01   2.5950554e+01
   2.0749311e+01   2.3344462e+01   2.4238740e+01
   1.8650398e+01   2.0715652e+01   2.2906966e+01
   1.9038696e+01   2.2044474e+01   2.2080561e+01
   2.0692461e+01   2.4328548e+01   2.3171894e+01
   1.8998878e+01   2.0687486e+01   2.3955326e+01
   1.7334583e+01   2.0127465e+01   2.0615730e+01
   1.8127023e+01   2.1137257e+01   2.1170685e+01
