   3.5039416e+00   3.5370688e+00   2.6288811e+01
   4.5652944e+00   4.6080678e+00   2.5943520e+01
   2.8411627e+00   2.8771186e+00   2.5485038e+01
   4.5836168e+00   4.6213178e+00   2.6504127e+01
   4.8608543e+00   5.1326103e+00   1.8193893e+01
   4.9040189e+00   5.0098571e+00   2.2279192e+01
   4.1544367e+00   4.4031661e+00   1.8043144e+01
   4.9439647e+00   5.0625893e+00   2.1817594e+01
   4.4040400e+00   4.4686512e+00   2.4038097e+01
   4.7097500e+00   4.7542047e+00   2.5884270e+01
   3.7683446e+00   3.7951036e+00   2.7399608e+01
   4.5860606e+00   4.6167789e+00   2.7393800e+01
   3.9111904e+00   3.9457741e+00   2.6388511e+01
   4.8562694e+00   4.8862469e+00   2.7702059e+01
   3.1661757e+00   3.1856380e+00   2.8365049e+01
   4.7985688e+00   4.8259106e+00   2.8057581e+01
   3.5080027e+00   3.7023329e+00   1.8639507e+01
   4.8951888e+00   4.9997782e+00   2.2323711e+01
   2.9177626e+00   2.9524978e+00   2.5685530e+01
   3.4553323e+00   3.4853158e+00   2.6687602e+01
   5.0220193e+00   5.0485839e+00   2.8351795e+01
   3.5944079e+00   3.6255188e+00   2.6624037e+01
   4.5134693e+00   4.5495080e+00   2.6647513e+01
   3.6655463e+00   3.6963689e+00   2.6714142e+01
   4.4683633e+00   4.4945793e+00   2.7993859e+01
   3.5179183e+00   3.5359896e+00   2.8927572e+01
   3.8244338e+00   3.8571057e+00   2.6573429e+01
   3.6649006e+00   3.6953235e+00   2.6770306e+01
   3.7337204e+00   3.7863475e+00   2.4443073e+01
   3.5150505e+00   3.5517181e+00   2.5856218e+01
   3.1114132e+00   3.1330333e+00   2.7871886e+01
   3.5759041e+00   3.5957143e+00   2.8569164e+01
   3.7668952e+00   3.7983561e+00   2.6696538e+01
   3.5903436e+00   3.6210690e+00   2.6675277e+01
   5.1533421e+00   5.1994715e+00   2.6060667e+01
   2.7269137e+00   2.7696870e+00   2.4657010e+01
   4.3337149e+00   4.3761974e+00   2.5802235e+01
   2.8656131e+00   2.9019906e+00   2.5450626e+01
   4.5847312e+00   4.6182534e+00   2.7014137e+01
   2.9223066e+00   2.9544844e+00   2.6020257e+01
   3.7635542e+00   3.8048717e+00   2.5512559e+01
   2.8540993e+00   2.8831738e+00   2.6415053e+01
   3.6948922e+00   3.7266769e+00   2.6601438e+01
   2.6766241e+00   2.7042455e+00   2.6521162e+01
   3.2745150e+00   3.3005905e+00   2.7169357e+01
   2.9046247e+00   2.9307809e+00   2.6907374e+01
   3.8670237e+00   3.8988371e+00   2.6719116e+01
   2.9405560e+00   2.9660204e+00   2.7047501e+01
   4.3697340e+00   4.4065361e+00   2.6450715e+01
   5.1799278e+00   5.2115609e+00   2.7715568e+01
   4.5224075e+00   4.5497863e+00   2.7845602e+01
   5.2010190e+00   5.2248930e+00   2.8951877e+01
   3.8542790e+00   3.8860883e+00   2.6710629e+01
   5.1544135e+00   5.1800276e+00   2.8610997e+01
   3.8622373e+00   3.8894579e+00   2.7391877e+01
   5.1644923e+00   5.1893407e+00   2.8750334e+01
   3.0561682e+00   3.0872894e+00   2.6254409e+01
   5.2163793e+00   5.2406625e+00   2.8889994e+01
   3.7753308e+00   3.8063973e+00   2.6757195e+01
   5.2102134e+00   5.2416189e+00   2.7770170e+01
   4.5074426e+00   4.5454333e+00   2.6414434e+01
   4.3979872e+00   4.4299964e+00   2.7076324e+01
   3.8333251e+00   3.8648448e+00   2.6735422e+01
   4.3456468e+00   4.3698799e+00   2.8244770e+01
   3.9089726e+00   3.9373927e+00   2.7238077e+01
   4.3884674e+00   4.4127385e+00   2.8269366e+01
   3.2428218e+00   3.2647056e+00   2.7908124e+01
   4.5016028e+00   4.5318458e+00   2.7398779e+01
   3.7147688e+00   3.7477380e+00   2.6456743e+01
   4.3796513e+00   4.4125814e+00   2.6939878e+01
   3.6597886e+00   3.7031466e+00   2.5230615e+01
   4.3890985e+00   4.4127786e+00   2.8376746e+01
   3.8821600e+00   3.8990228e+00   2.9483531e+01
   4.4560505e+00   4.4792150e+00   2.8521482e+01
   3.1450494e+00   3.1587014e+00   2.9889747e+01
   4.4692166e+00   4.4867501e+00   2.9739397e+01
   3.7479461e+00   3.7685452e+00   2.8520168e+01
   4.4912733e+00   4.5111933e+00   2.9202048e+01
   3.9109123e+00   3.9361670e+00   2.7751621e+01
   3.8500297e+00   3.8810687e+00   2.6813902e+01
   3.1208092e+00   3.1400861e+00   2.8375994e+01
   3.6484609e+00   3.6704503e+00   2.8166991e+01
   3.7390622e+00   3.7581687e+00   2.8840295e+01
   3.8449128e+00   3.8680490e+00   2.8084790e+01
   3.4627589e+00   3.4820159e+00   2.8613644e+01
   4.1789935e+00   4.1984354e+00   2.9078983e+01
   3.6453592e+00   3.6648181e+00   2.8695240e+01
   3.7841761e+00   3.8023218e+00   2.9095966e+01
   3.6337258e+00   3.6535679e+00   2.8602502e+01
   3.1347638e+00   3.1516093e+00   2.8970499e+01
