   2.0496349e+01   2.4016895e+01   2.3067287e+01
   1.8452034e+01   2.1172370e+01   2.1806081e+01
   1.7335739e+01   1.9792946e+01   2.1025306e+01
   1.6137457e+01   1.8900957e+01   1.9465011e+01
   1.5407971e+01   2.0701387e+01   1.6966380e+01
   2.0643022e+01   2.2879596e+01   2.4617753e+01
   1.5443236e+01   2.2292359e+01   1.6473745e+01
   2.0952394e+01   2.3462731e+01   2.4547316e+01
   1.9174285e+01   2.1726391e+01   2.2725972e+01
   1.9731199e+01   2.0883160e+01   2.6093215e+01
   1.9977666e+01   2.2084301e+01   2.4157231e+01
   1.7622353e+01   1.9250151e+01   2.2724007e+01
   2.0121288e+01   2.2070474e+01   2.4565678e+01
   1.9309125e+01   2.1363451e+01   2.3578637e+01
   1.7056989e+01   1.8203666e+01   2.3466339e+01
   1.7825122e+01   2.0496502e+01   2.1241613e+01
   1.4850064e+01   2.0662890e+01   1.6208101e+01
   1.9702798e+01   2.3141460e+01   2.2344237e+01
   1.7357366e+01   1.9033815e+01   2.2356513e+01
   1.8224769e+01   1.9357630e+01   2.4665036e+01
   1.7474772e+01   1.8609675e+01   2.3917537e+01
   2.0334268e+01   2.2813104e+01   2.3972922e+01
   1.9471371e+01   2.2751682e+01   2.2250456e+01
   2.0717886e+01   2.3863648e+01   2.3614627e+01
   1.9670889e+01   2.1219011e+01   2.4934450e+01
   2.0480086e+01   2.2458646e+01   2.4870811e+01
   1.7569642e+01   2.0540976e+01   2.0657435e+01
   1.7403367e+01   1.9344303e+01   2.1885698e+01
   1.8263663e+01   2.0675534e+01   2.2005249e+01
   2.0409815e+01   2.2811006e+01   2.4151486e+01
   1.6535476e+01   1.8366519e+01   2.1232540e+01
   2.0337810e+01   2.2473372e+01   2.4469149e+01
   1.9955551e+01   2.3392074e+01   2.2597588e+01
   1.7533556e+01   1.9973446e+01   2.1244153e+01
   1.7052809e+01   1.8588289e+01   2.2373054e+01
   1.8075216e+01   2.0212240e+01   2.2220912e+01
   1.6299952e+01   1.8575439e+01   2.0255107e+01
   1.7442018e+01   2.0480762e+01   2.0462765e+01
   1.7075499e+01   1.8733314e+01   2.2118303e+01
   1.8415995e+01   2.0356608e+01   2.2888507e+01
   1.5570135e+01   1.8111000e+01   1.9173413e+01
   1.6765270e+01   1.9354806e+01   2.0291612e+01
   1.5356833e+01   1.6907823e+01   2.0668647e+01
   1.7463150e+01   1.9047074e+01   2.2665320e+01
   1.6128536e+01   1.8451991e+01   2.0016681e+01
   1.7690156e+01   1.9833948e+01   2.1828954e+01
   1.8185315e+01   2.0832550e+01   2.1627531e+01
   1.7333852e+01   1.8393693e+01   2.4040854e+01
   1.8243692e+01   2.1196746e+01   2.1344846e+01
   1.8589222e+01   1.9847249e+01   2.4628758e+01
   2.0335795e+01   2.1882006e+01   2.5599209e+01
   1.9227240e+01   2.0816358e+01   2.4399718e+01
   2.0779107e+01   2.4129328e+01   2.3490920e+01
   1.8562880e+01   1.9535676e+01   2.5585888e+01
   1.9808420e+01   2.2059504e+01   2.3766325e+01
   1.7487200e+01   1.8259075e+01   2.5434163e+01
   1.5155127e+01   1.7023660e+01   1.9804123e+01
   1.7279466e+01   1.8879461e+01   2.2447440e+01
   1.9975584e+01   2.2515434e+01   2.3537823e+01
   1.8771101e+01   1.9964198e+01   2.5008656e+01
   1.9082586e+01   2.0947949e+01   2.3686917e+01
   1.9213792e+01   2.0668956e+01   2.4706872e+01
   2.0162978e+01   2.2687180e+01   2.3744051e+01
   1.9594979e+01   2.0911564e+01   2.5455072e+01
   2.0159418e+01   2.2573967e+01   2.3884327e+01
   1.8964250e+01   2.0960443e+01   2.3334674e+01
   1.6882882e+01   1.8063314e+01   2.3184483e+01
   1.8944548e+01   2.1816744e+01   2.2125977e+01
   2.0526516e+01   2.4603588e+01   2.2696110e+01
   1.9613488e+01   2.1412096e+01   2.4341539e+01
   1.7557255e+01   2.0019525e+01   2.1237885e+01
   1.9013876e+01   2.0901787e+01   2.3576862e+01
   1.8644413e+01   1.9769571e+01   2.5106117e+01
   2.0677052e+01   2.4001173e+01   2.3411938e+01
   1.6215538e+01   1.7699392e+01   2.1673437e+01
   1.8563478e+01   2.1098918e+01   2.2140598e+01
   1.9549854e+01   2.1543585e+01   2.3920159e+01
   1.9890662e+01   2.1591752e+01   2.4814049e+01
   1.8520819e+01   2.0441967e+01   2.3027327e+01
   1.9678462e+01   2.2601894e+01   2.2801193e+01
   1.6808891e+01   1.8252148e+01   2.2359428e+01
   1.8152142e+01   2.0856012e+01   2.1527659e+01
   1.9590480e+01   2.0941124e+01   2.5355576e+01
   1.9466255e+01   2.1152704e+01   2.4423515e+01
   1.6550043e+01   1.7977520e+01   2.2145044e+01
   1.8869547e+01   2.1111135e+01   2.2848021e+01
   1.9359376e+01   2.2014070e+01   2.2784245e+01
   1.8121831e+01   1.9524007e+01   2.3762083e+01
   1.7403304e+01   1.9629330e+01   2.1418465e+01
   1.6114866e+01   1.7818068e+01   2.1075040e+01
