   1.0761972e+01   1.1033356e+01   2.3268478e+01
   1.0833592e+01   1.1157904e+01   2.2583490e+01
   7.9074132e+00   8.1244096e+00   2.1650887e+01
   1.0718923e+01   1.1123719e+01   2.1548208e+01
   1.1091267e+01   1.2443875e+01   1.7056763e+01
   1.1777094e+01   1.2069806e+01   2.3897684e+01
   1.0927118e+01   1.2315186e+01   1.6804059e+01
   1.1664876e+01   1.2014092e+01   2.3050095e+01
   1.0299124e+01   1.0579349e+01   2.2705600e+01
   1.1289646e+01   1.1474520e+01   2.5389576e+01
   1.0151879e+01   1.0309809e+01   2.5010469e+01
   1.0394366e+01   1.0589660e+01   2.4326107e+01
   1.0922249e+01   1.1265462e+01   2.2427903e+01
   1.1393470e+01   1.1688243e+01   2.3507845e+01
   8.9362031e+00   9.0753670e+00   2.4454782e+01
   1.1314362e+01   1.1640241e+01   2.3011483e+01
   9.1984749e+00   1.0091988e+01   1.6910055e+01
   1.1089479e+01   1.1492888e+01   2.1907541e+01
   7.8145998e+00   8.0107558e+00   2.2001586e+01
   9.9330846e+00   1.0116365e+01   2.4174550e+01
   1.0979737e+01   1.1195126e+01   2.4450484e+01
   1.1058113e+01   1.1313368e+01   2.3802874e+01
   1.1541909e+01   1.2023766e+01   2.1593588e+01
   1.0561891e+01   1.0762673e+01   2.4362363e+01
   1.0017074e+01   1.0135338e+01   2.6127201e+01
   1.0245622e+01   1.0366605e+01   2.6238412e+01
   9.6327496e+00   9.9464699e+00   2.1619903e+01
   1.0239363e+01   1.0507472e+01   2.2837628e+01
   1.0449833e+01   1.0820245e+01   2.1670163e+01
   1.0357029e+01   1.0602086e+01   2.3326665e+01
   8.6216197e+00   8.7611841e+00   2.4163645e+01
   1.0541401e+01   1.0687502e+01   2.5701300e+01
   9.5829973e+00   9.8061884e+00   2.3017097e+01
   1.0216575e+01   1.0520931e+01   2.2280954e+01
   1.1200454e+01   1.1521635e+01   2.2966040e+01
   7.8274776e+00   8.0407696e+00   2.1655151e+01
   1.0992352e+01   1.1477060e+01   2.1054078e+01
   7.9972565e+00   8.2351587e+00   2.1337013e+01
   9.8695600e+00   1.0062196e+01   2.3904296e+01
   7.9831290e+00   8.1373483e+00   2.3176853e+01
   9.1409633e+00   9.4670810e+00   2.1012270e+01
   7.9541465e+00   8.1754980e+00   2.1606696e+01
   9.7340189e+00   9.9827160e+00   2.2694412e+01
   7.5549885e+00   7.6876438e+00   2.3454747e+01
   8.7456621e+00   8.9300264e+00   2.3081444e+01
   7.8645886e+00   7.9998383e+00   2.3637461e+01
   9.5782025e+00   9.7585775e+00   2.3920595e+01
   8.0607667e+00   8.1736958e+00   2.4582457e+01
   1.1718808e+01   1.2062366e+01   2.3169341e+01
   1.1931526e+01   1.2209799e+01   2.4256605e+01
   1.0518361e+01   1.0644296e+01   2.6316701e+01
   1.1742947e+01   1.1924750e+01   2.5885591e+01
   1.0041027e+01   1.0233919e+01   2.4054991e+01
   1.1552017e+01   1.1788226e+01   2.4593048e+01
   1.1262094e+01   1.1501490e+01   2.4264881e+01
   1.1396598e+01   1.1571953e+01   2.5714988e+01
   8.6288716e+00   8.8666564e+00   2.1893308e+01
   1.1452293e+01   1.1644623e+01   2.5373135e+01
   1.0025087e+01   1.0237151e+01   2.3636769e+01
   1.1629099e+01   1.1850917e+01   2.4932121e+01
   1.0360330e+01   1.0619108e+01   2.3098805e+01
   1.1448883e+01   1.1739263e+01   2.3623085e+01
   9.9426664e+00   1.0141127e+01   2.3843894e+01
   1.1277385e+01   1.1582200e+01   2.3258056e+01
   1.0702581e+01   1.1016209e+01   2.2602922e+01
   1.1440890e+01   1.1687761e+01   2.4301791e+01
   8.9016857e+00   9.0329980e+00   2.4673258e+01
   1.1350648e+01   1.1752572e+01   2.2167276e+01
   9.7675529e+00   1.0041210e+01   2.2319640e+01
   1.1336167e+01   1.1636891e+01   2.3369964e+01
   9.4433967e+00   9.6833938e+00   2.2582307e+01
   1.0144184e+01   1.0312291e+01   2.4736396e+01
   1.0509583e+01   1.0703197e+01   2.4469010e+01
   1.0265293e+01   1.0471867e+01   2.3968348e+01
   8.7231321e+00   8.8429377e+00   2.4908784e+01
   9.8602570e+00   1.0026377e+01   2.4528207e+01
   9.8261752e+00   9.9652828e+00   2.5256971e+01
   1.0267562e+01   1.0423323e+01   2.5175549e+01
   1.0457127e+01   1.0694452e+01   2.3554854e+01
   9.6668940e+00   9.8873704e+00   2.3145176e+01
   8.7322329e+00   8.8709096e+00   2.4288791e+01
   9.5609270e+00   9.7474385e+00   2.3762141e+01
   9.7068159e+00   9.8728645e+00   2.4390706e+01
   9.7606054e+00   9.9227138e+00   2.4542206e+01
   8.9662830e+00   9.0945843e+00   2.4830302e+01
   1.0836339e+01   1.1046463e+01   2.4422617e+01
   9.4577739e+00   9.5836115e+00   2.5353752e+01
   1.0266424e+01   1.0430850e+01   2.4942983e+01
   9.2101112e+00   9.3551091e+00   2.4523307e+01
   8.4513609e+00   8.5829462e+00   2.4266399e+01
