   1.5678740e+01   2.3813498e+01   1.6421235e+01
   1.6160286e+01   2.7179804e+01   1.6526357e+01
   1.1703153e+01   2.5244313e+01   1.1912659e+01
   1.1820014e+01   2.6849889e+01   1.1967557e+01
   1.4271059e+01   2.5380506e+01   1.4633752e+01
   1.6939211e+01   2.6987078e+01   1.7400183e+01
   1.5638380e+01   2.4667068e+01   1.6233418e+01
   2.0830664e+01   2.6979606e+01   2.2046797e+01
   1.8880591e+01   2.3707884e+01   2.0632186e+01
   2.1345113e+01   2.6751714e+01   2.2829266e+01
   1.8822088e+01   2.3649871e+01   2.0573690e+01
   1.9589130e+01   2.6628608e+01   2.0555303e+01
   1.8529427e+01   2.4868299e+01   1.9691837e+01
   1.8697556e+01   2.7118981e+01   1.9380393e+01
   1.5330664e+01   2.3615571e+01   1.6047288e+01
   1.5053939e+01   2.6818264e+01   1.5362353e+01
   1.3928349e+01   2.3178360e+01   1.4498690e+01
   1.6944428e+01   2.6998905e+01   1.7404651e+01
   1.1543141e+01   2.3039458e+01   1.1883821e+01
   1.1609787e+01   2.5080735e+01   1.1823069e+01
   1.6816506e+01   2.5621838e+01   1.7441513e+01
   1.6404982e+01   2.5088249e+01   1.7050352e+01
   2.0264905e+01   2.4857337e+01   2.2132215e+01
   2.0435669e+01   2.5425619e+01   2.2103645e+01
   2.0375905e+01   2.3743017e+01   2.3074799e+01
   2.0795328e+01   2.5251283e+01   2.2735830e+01
   1.8879284e+01   2.3619402e+01   2.0674661e+01
   1.8938306e+01   2.5622683e+01   1.9999096e+01
   1.7857382e+01   2.5301070e+01   1.8732826e+01
   1.8306017e+01   2.5316303e+01   1.9282737e+01
   1.5434263e+01   2.3589984e+01   1.6173913e+01
   1.3837531e+01   2.5927422e+01   1.4125670e+01
   1.6653435e+01   2.3099569e+01   1.7790985e+01
   1.6636970e+01   2.5549274e+01   1.7246184e+01
   1.6713751e+01   2.5540310e+01   1.7335773e+01
   1.6308044e+01   2.3099381e+01   1.7349406e+01
   2.0083924e+01   2.4816937e+01   2.1878364e+01
   1.9717196e+01   2.3741778e+01   2.1924131e+01
   2.0290300e+01   2.3767086e+01   2.2897599e+01
   1.9931509e+01   2.3161510e+01   2.2753610e+01
   1.8819105e+01   2.3596442e+01   2.0595890e+01
   1.8376219e+01   2.3169769e+01   2.0146887e+01
   1.8537893e+01   2.4824434e+01   1.9716409e+01
   1.7762274e+01   2.3086254e+01   1.9292413e+01
   1.5378199e+01   2.3589524e+01   1.6107890e+01
   1.4767278e+01   2.5326612e+01   1.5179648e+01
   1.6493184e+01   2.3948686e+01   1.7370702e+01
   1.6269945e+01   2.2814687e+01   1.7380448e+01
   2.0190104e+01   2.4842587e+01   2.2025838e+01
   2.0947648e+01   2.7350882e+01   2.2084618e+01
   2.0413701e+01   2.3753573e+01   2.3135944e+01
   2.1763838e+01   2.7245095e+01   2.3217176e+01
   1.8944350e+01   2.3618830e+01   2.0773284e+01
   1.9687371e+01   2.7132980e+01   2.0557995e+01
   1.8797158e+01   2.4901584e+01   2.0032984e+01
   1.9133745e+01   2.7164770e+01   1.9885665e+01
   1.5494191e+01   2.3593327e+01   1.6244119e+01
   1.5210470e+01   2.7333804e+01   1.5493353e+01
   1.6199467e+01   2.3262568e+01   1.7170850e+01
   1.7141328e+01   2.7448736e+01   1.7573859e+01
   2.0521765e+01   2.3759706e+01   2.3333998e+01
   2.1569557e+01   2.6485413e+01   2.3269659e+01
   1.8978152e+01   2.3599994e+01   2.0834637e+01
   1.9592463e+01   2.6464597e+01   2.0601250e+01
   1.8846061e+01   2.4850993e+01   2.0114873e+01
   1.8858063e+01   2.6369522e+01   1.9715969e+01
   1.5554868e+01   2.3597247e+01   1.6315264e+01
   1.5175070e+01   2.6690521e+01   1.5502073e+01
   1.6267011e+01   2.3233170e+01   1.7262596e+01
   1.6933678e+01   2.6678446e+01   1.7429882e+01
   1.8065324e+01   2.3638933e+01   1.9493299e+01
   1.9255313e+01   2.6047255e+01   2.0286069e+01
   1.8023920e+01   2.4897749e+01   1.9036516e+01
   1.8553273e+01   2.6002875e+01   1.9425512e+01
   1.5390865e+01   2.3600986e+01   1.6120720e+01
   1.4946154e+01   2.6219267e+01   1.5293178e+01
   1.6259686e+01   2.3212933e+01   1.7258623e+01
   1.6898847e+01   2.6250809e+01   1.7445063e+01
   1.8654410e+01   2.4901772e+01   1.9844792e+01
   1.8770215e+01   2.5349311e+01   1.9860987e+01
   1.5618901e+01   2.3616834e+01   1.6387537e+01
   1.5791442e+01   2.6001927e+01   1.6237138e+01
   1.6512276e+01   2.3112186e+01   1.7605705e+01
   1.6731266e+01   2.5319868e+01   1.7390954e+01
   1.5353065e+01   2.3609509e+01   1.6074695e+01
   1.4731379e+01   2.5712226e+01   1.5104122e+01
   1.6517415e+01   2.3137746e+01   1.7605019e+01
   1.6695893e+01   2.5825903e+01   1.7273177e+01
   1.3598586e+01   2.2981036e+01   1.4152336e+01
   1.6965317e+01   2.5980653e+01   1.7558408e+01
