   2.2982859e+01   2.5014492e+01   2.7272204e+01
   2.2886935e+01   2.6669743e+01   2.5250949e+01
   2.0443342e+01   2.3936673e+01   2.3036507e+01
   2.1417288e+01   2.6688522e+01   2.2957542e+01
   1.7121137e+01   2.7025967e+01   1.7598021e+01
   2.4165048e+01   2.6678170e+01   2.7746213e+01
   1.6914363e+01   2.6255456e+01   1.7461998e+01
   2.5763905e+01   2.6858879e+01   3.2292643e+01
   2.1540173e+01   2.5434710e+01   2.3828578e+01
   2.5548307e+01   2.6742550e+01   3.1747855e+01
   2.4115912e+01   2.5215537e+01   3.0632577e+01
   2.5049416e+01   2.6552313e+01   3.0397365e+01
   2.4464627e+01   2.6116882e+01   2.9472272e+01
   2.5120284e+01   2.6869046e+01   2.9924820e+01
   2.2157000e+01   2.4557133e+01   2.5892611e+01
   2.3397328e+01   2.6923882e+01   2.5955084e+01
   1.6837250e+01   2.4773255e+01   1.7613258e+01
   2.4253712e+01   2.6739272e+01   2.7870173e+01
   2.0323936e+01   2.3948953e+01   2.2813295e+01
   2.0793728e+01   2.5210722e+01   2.2756271e+01
   2.4473303e+01   2.7177875e+01   2.7820803e+01
   2.3459935e+01   2.5427055e+01   2.7858397e+01
   2.5306792e+01   2.6433104e+01   3.1728902e+01
   2.4657187e+01   2.5420834e+01   3.2594781e+01
   2.4609141e+01   2.5485520e+01   3.2003153e+01
   2.4410984e+01   2.5279973e+01   3.1838792e+01
   2.3927407e+01   2.5237585e+01   2.9783561e+01
   2.4248582e+01   2.5451364e+01   3.0424436e+01
   2.2067963e+01   2.6104494e+01   2.4259413e+01
   2.4052445e+01   2.5362958e+01   2.9907282e+01
   2.2439629e+01   2.4799823e+01   2.6229136e+01
   2.2632494e+01   2.5321962e+01   2.6001965e+01
   2.3165963e+01   2.4865740e+01   2.8076233e+01
   2.3516086e+01   2.5419624e+01   2.8027826e+01
   2.3860498e+01   2.7174199e+01   2.6595533e+01
   2.1832584e+01   2.3118831e+01   2.7765573e+01
   2.4708016e+01   2.6398996e+01   2.9632506e+01
   2.2620660e+01   2.3116037e+01   3.2315625e+01
   2.4428055e+01   2.5493864e+01   3.1063356e+01
   2.2523310e+01   2.3109276e+01   3.1533292e+01
   2.3630981e+01   2.5213828e+01   2.8794900e+01
   2.2399495e+01   2.3143871e+01   3.0447297e+01
   2.4378701e+01   2.6123216e+01   2.9193486e+01
   2.2175338e+01   2.3111655e+01   2.9319863e+01
   2.2215202e+01   2.4790535e+01   2.5723320e+01
   2.1200448e+01   2.3066304e+01   2.5790472e+01
   2.2690073e+01   2.4848415e+01   2.6775480e+01
   2.1808296e+01   2.3066125e+01   2.7825053e+01
   2.5325120e+01   2.6425686e+01   3.1835350e+01
   2.6073460e+01   2.7209495e+01   3.2461279e+01
   2.4641521e+01   2.5475650e+01   3.2229714e+01
   2.5935992e+01   2.7106665e+01   3.2210120e+01
   2.4109943e+01   2.5220710e+01   3.0588144e+01
   2.5483588e+01   2.7173342e+01   3.0409033e+01
   2.4655056e+01   2.6122531e+01   3.0090880e+01
   2.5358005e+01   2.7167617e+01   3.0041756e+01
   2.2273669e+01   2.4540766e+01   2.6196398e+01
   2.3539774e+01   2.7140216e+01   2.6038997e+01
   2.3083935e+01   2.4835991e+01   2.7887154e+01
   2.4482192e+01   2.7095599e+01   2.7937807e+01
   2.4766301e+01   2.5479688e+01   3.2974985e+01
   2.5538327e+01   2.6490658e+01   3.2605493e+01
   2.4199981e+01   2.5206873e+01   3.1054795e+01
   2.5127969e+01   2.6499418e+01   3.0811422e+01
   2.4836501e+01   2.6113955e+01   3.0784586e+01
   2.4944855e+01   2.6444147e+01   3.0301774e+01
   2.2299025e+01   2.4555223e+01   2.6237655e+01
   2.3214128e+01   2.6370496e+01   2.6093119e+01
   2.3187986e+01   2.4834357e+01   2.8212006e+01
   2.4167442e+01   2.6468270e+01   2.8035971e+01
   2.1921260e+01   2.5184752e+01   2.4705462e+01
   2.4771924e+01   2.6004100e+01   3.0855456e+01
   2.4693920e+01   2.6119591e+01   3.0235522e+01
   2.4555325e+01   2.5992534e+01   3.0067687e+01
   2.2225430e+01   2.4542752e+01   2.6075904e+01
   2.3005963e+01   2.5986420e+01   2.6057242e+01
   2.3133662e+01   2.4838204e+01   2.8034090e+01
   2.3858027e+01   2.5979975e+01   2.7997328e+01
   2.4642960e+01   2.6115972e+01   3.0065059e+01
   2.3640169e+01   2.5276541e+01   2.8684586e+01
   2.2309995e+01   2.4598364e+01   2.6201675e+01
   2.2446722e+01   2.5287027e+01   2.5646779e+01
   2.3091069e+01   2.4826810e+01   2.7927335e+01
   2.3409904e+01   2.5276560e+01   2.7989919e+01
   2.2211932e+01   2.4577470e+01   2.5994802e+01
   2.2934202e+01   2.5871254e+01   2.6030229e+01
   2.3047317e+01   2.4836086e+01   2.7777587e+01
   2.3774659e+01   2.5891156e+01   2.7922853e+01
   2.2841889e+01   2.4841661e+01   2.7185732e+01
   2.1836802e+01   2.3220990e+01   2.7497060e+01
