   2.5011997e+01   2.5381164e+01   3.5913456e+01
   2.4587560e+01   2.6767835e+01   2.8634050e+01
   2.2714939e+01   2.3159920e+01   3.2850887e+01
   2.5762501e+01   2.6763649e+01   3.2635462e+01
   1.7479781e+01   2.7190469e+01   1.7979010e+01
   2.6232946e+01   2.6842739e+01   3.5069265e+01
   1.7029761e+01   2.6433345e+01   1.7568819e+01
   2.6500293e+01   2.6949284e+01   3.6587076e+01
   2.2059142e+01   2.6059399e+01   2.4274527e+01
   2.6363981e+01   2.6815621e+01   3.6426801e+01
   2.4986837e+01   2.5401767e+01   3.5403247e+01
   2.6107929e+01   2.6620992e+01   3.5647518e+01
   2.5338828e+01   2.6009829e+01   3.3791488e+01
   2.6456869e+01   2.6976235e+01   3.5945778e+01
   2.2982185e+01   2.3444886e+01   3.2955927e+01
   2.6107682e+01   2.7026394e+01   3.3313600e+01
   1.7212912e+01   2.5274237e+01   1.7963736e+01
   2.6182517e+01   2.6833541e+01   3.4754830e+01
   2.2683599e+01   2.3171254e+01   3.2442738e+01
   2.4567432e+01   2.5332422e+01   3.2498303e+01
   2.6658775e+01   2.7330606e+01   3.5103625e+01
   2.5088208e+01   2.5483388e+01   3.5706455e+01
   2.6091836e+01   2.6614413e+01   3.5556305e+01
   2.5215882e+01   2.5483668e+01   3.7461315e+01
   2.5696754e+01   2.6112184e+01   3.6106302e+01
   2.4991425e+01   2.5311647e+01   3.6486646e+01
   2.4728431e+01   2.5400329e+01   3.3177368e+01
   2.5145754e+01   2.5503348e+01   3.6179470e+01
   2.2537253e+01   2.5993632e+01   2.5153965e+01
   2.5053224e+01   2.5430477e+01   3.5864420e+01
   2.2984888e+01   2.3452910e+01   3.2911547e+01
   2.4773212e+01   2.5437870e+01   3.3265564e+01
   2.4878942e+01   2.5374041e+01   3.4567650e+01
   2.5059045e+01   2.5482898e+01   3.5387210e+01
   2.5563240e+01   2.7328302e+01   3.0334192e+01
   2.2742854e+01   2.3148501e+01   3.3261442e+01
   2.5267225e+01   2.6600606e+01   3.1054661e+01
   2.2836735e+01   2.3157600e+01   3.4331740e+01
   2.5300445e+01   2.6114608e+01   3.2982509e+01
   2.2750824e+01   2.3123692e+01   3.3619328e+01
   2.4326166e+01   2.5391966e+01   3.0961788e+01
   2.2811705e+01   2.3174686e+01   3.3791798e+01
   2.5237639e+01   2.5993012e+01   3.3216995e+01
   2.2738047e+01   2.3135956e+01   3.3336537e+01
   2.2760858e+01   2.3442244e+01   3.1160624e+01
   2.2531961e+01   2.3107485e+01   3.1614938e+01
   2.4174749e+01   2.5358496e+01   3.0411068e+01
   2.2722817e+01   2.3157357e+01   3.2956755e+01
   2.6165305e+01   2.6603998e+01   3.6348515e+01
   2.6856662e+01   2.7290205e+01   3.7087253e+01
   2.5676766e+01   2.6109635e+01   3.5916304e+01
   2.6710277e+01   2.7210110e+01   3.6355647e+01
   2.4991801e+01   2.5398031e+01   3.5495961e+01
   2.6703992e+01   2.7235940e+01   3.6094602e+01
   2.5499853e+01   2.5993818e+01   3.5196281e+01
   2.6670016e+01   2.7257498e+01   3.5656496e+01
   2.2951154e+01   2.3418181e+01   3.2886729e+01
   2.6092714e+01   2.7258398e+01   3.2382719e+01
   2.4867705e+01   2.5360541e+01   3.4575228e+01
   2.6580642e+01   2.7251491e+01   3.5031514e+01
   2.5827032e+01   2.6101012e+01   3.7974603e+01
   2.6220589e+01   2.6543689e+01   3.7675218e+01
   2.5103783e+01   2.5386230e+01   3.7125257e+01
   2.6173485e+01   2.6533630e+01   3.7175029e+01
   2.5657688e+01   2.6007013e+01   3.6787602e+01
   2.6147083e+01   2.6535566e+01   3.6833635e+01
   2.3069788e+01   2.3443183e+01   3.3930923e+01
   2.5670826e+01   2.6512277e+01   3.3222002e+01
   2.4992572e+01   2.5347897e+01   3.6053268e+01
   2.6072898e+01   2.6535910e+01   3.6033895e+01
   2.2461855e+01   2.5359413e+01   2.5600526e+01
   2.5715289e+01   2.6061203e+01   3.6886003e+01
   2.5581566e+01   2.5994146e+01   3.6019894e+01
   2.5686970e+01   2.6062127e+01   3.6519650e+01
   2.3008460e+01   2.3434016e+01   3.3327423e+01
   2.5341483e+01   2.6062408e+01   3.3506639e+01
   2.4937972e+01   2.5354106e+01   3.5342530e+01
   2.5609591e+01   2.6055762e+01   3.5724356e+01
   2.5577537e+01   2.6007903e+01   3.5841280e+01
   2.4489735e+01   2.5354600e+01   3.1935993e+01
   2.3081503e+01   2.3496108e+01   3.3508026e+01
   2.4350960e+01   2.5348418e+01   3.1241700e+01
   2.4909077e+01   2.5332287e+01   3.5243950e+01
   2.4937452e+01   2.5370325e+01   3.5178922e+01
   2.3007381e+01   2.3455198e+01   3.3115761e+01
   2.5135121e+01   2.5914671e+01   3.2989581e+01
   2.4913679e+01   2.5363967e+01   3.4992420e+01
   2.5412690e+01   2.5909138e+01   3.5088779e+01
   2.4495212e+01   2.5359148e+01   3.1945675e+01
   2.2868374e+01   2.3332733e+01   3.2827905e+01
