   2.4957390e+01   2.5317120e+01   3.5966829e+01
   2.4582382e+01   2.6791418e+01   2.8585081e+01
   2.2588576e+01   2.2954252e+01   3.3538944e+01
   2.5860729e+01   2.6813640e+01   3.2924829e+01
   1.7470934e+01   2.7119672e+01   1.7977773e+01
   2.6184736e+01   2.6885509e+01   3.4461365e+01
   1.7020053e+01   2.6378568e+01   1.7565112e+01
   2.6522376e+01   2.6982000e+01   3.6512666e+01
   2.2090392e+01   2.6159530e+01   2.4260571e+01
   2.6305287e+01   2.6838963e+01   3.5683440e+01
   2.4905850e+01   2.5338651e+01   3.5148103e+01
   2.6104198e+01   2.6635687e+01   3.5499543e+01
   2.5259887e+01   2.5893328e+01   3.3944708e+01
   2.6511118e+01   2.7009428e+01   3.6169372e+01
   2.2836897e+01   2.3220983e+01   3.3581718e+01
   2.6205732e+01   2.7043980e+01   3.3770808e+01
   1.7218485e+01   2.5273327e+01   1.7970513e+01
   2.6215779e+01   2.6860733e+01   3.4825761e+01
   2.2525326e+01   2.2968028e+01   3.2683396e+01
   2.4593267e+01   2.5345456e+01   3.2591171e+01
   2.6583523e+01   2.7264531e+01   3.4974045e+01
   2.5050111e+01   2.5509793e+01   3.5043380e+01
   2.6045909e+01   2.6562351e+01   3.5558774e+01
   2.5217778e+01   2.5498811e+01   3.7260022e+01
   2.5778145e+01   2.6209744e+01   3.6029579e+01
   2.4952837e+01   2.5324534e+01   3.5826039e+01
   2.4662619e+01   2.5334949e+01   3.3109160e+01
   2.5147744e+01   2.5505201e+01   3.6183060e+01
   2.2497238e+01   2.5876258e+01   2.5178898e+01
   2.5084575e+01   2.5449555e+01   3.6033313e+01
   2.2828861e+01   2.3227748e+01   3.3416727e+01
   2.4836392e+01   2.5450171e+01   3.3649752e+01
   2.4901324e+01   2.5373868e+01   3.4781455e+01
   2.5077197e+01   2.5502241e+01   3.5393710e+01
   2.5531064e+01   2.7258828e+01   3.0377497e+01
   2.2714573e+01   2.3156148e+01   3.2882237e+01
   2.5224804e+01   2.6551043e+01   3.1032286e+01
   2.2822672e+01   2.3155813e+01   3.4160690e+01
   2.5378420e+01   2.6212330e+01   3.2965732e+01
   2.2723085e+01   2.3128204e+01   3.3247167e+01
   2.4273424e+01   2.5328588e+01   3.0947687e+01
   2.2801080e+01   2.3174660e+01   3.3661404e+01
   2.5081219e+01   2.5875642e+01   3.2860911e+01
   2.2751730e+01   2.3132904e+01   3.3528593e+01
   2.2605702e+01   2.3220280e+01   3.1422083e+01
   2.2582202e+01   2.3125014e+01   3.1903227e+01
   2.4139346e+01   2.5358780e+01   3.0263694e+01
   2.2729899e+01   2.3160777e+01   3.2998782e+01
   2.6122603e+01   2.6550447e+01   3.6409359e+01
   2.6847460e+01   2.7302376e+01   3.6879533e+01
   2.5752761e+01   2.6211863e+01   3.5749422e+01
   2.6632744e+01   2.7224119e+01   3.5592513e+01
   2.4913014e+01   2.5331839e+01   3.5290966e+01
   2.6689547e+01   2.7252122e+01   3.5852009e+01
   2.5385317e+01   2.5875921e+01   3.5110050e+01
   2.6664407e+01   2.7278862e+01   3.5469071e+01
   2.2786694e+01   2.3193579e+01   3.3292435e+01
   2.6159072e+01   2.7275576e+01   3.2612737e+01
   2.4905274e+01   2.5361974e+01   3.4925771e+01
   2.6606007e+01   2.7265452e+01   3.5125758e+01
   2.5901123e+01   2.6197810e+01   3.7713883e+01
   2.6155651e+01   2.6558472e+01   3.6691799e+01
   2.5051396e+01   2.5322604e+01   3.7243840e+01
   2.6193861e+01   2.6561135e+01   3.7113722e+01
   2.5571573e+01   2.5890869e+01   3.7077323e+01
   2.6199901e+01   2.6568281e+01   3.7107226e+01
   2.2897825e+01   2.3219810e+01   3.4377948e+01
   2.5748874e+01   2.6534010e+01   3.3573561e+01
   2.5032038e+01   2.5349305e+01   3.6565950e+01
   2.6110785e+01   2.6569498e+01   3.6110110e+01
   2.2428779e+01   2.5295594e+01   2.5600278e+01
   2.5718128e+01   2.6084877e+01   3.6645047e+01
   2.5486682e+01   2.5876494e+01   3.6160633e+01
   2.5728092e+01   2.6101690e+01   3.6577993e+01
   2.2853298e+01   2.3209340e+01   3.3913627e+01
   2.5413313e+01   2.6072457e+01   3.3937470e+01
   2.4965776e+01   2.5355349e+01   3.5643694e+01
   2.5647279e+01   2.6099430e+01   3.5707050e+01
   2.5495703e+01   2.5892634e+01   3.6094510e+01
   2.4531197e+01   2.5385961e+01   3.2023504e+01
   2.2918149e+01   2.3272664e+01   3.3996092e+01
   2.4425831e+01   2.5374080e+01   3.1512533e+01
   2.4933383e+01   2.5331446e+01   3.5521927e+01
   2.4949323e+01   2.5381676e+01   3.5195723e+01
   2.2848844e+01   2.3229758e+01   3.3628073e+01
   2.5243124e+01   2.5952083e+01   3.3475429e+01
   2.4948749e+01   2.5364672e+01   3.5355373e+01
   2.5469421e+01   2.5956445e+01   3.5224005e+01
   2.4519242e+01   2.5358946e+01   3.2081540e+01
   2.2879574e+01   2.3342671e+01   3.2850249e+01
