   2.5068877e+01   2.5411143e+01   3.6285564e+01
   2.4638277e+01   2.6864581e+01   2.8614909e+01
   2.2795919e+01   2.3137939e+01   3.4024173e+01
   2.5989995e+01   2.6884288e+01   3.3301403e+01
   1.7485178e+01   2.7215250e+01   1.7982045e+01
   2.6257863e+01   2.6952661e+01   3.4568641e+01
   1.7040196e+01   2.6559653e+01   1.7564180e+01
   2.6575553e+01   2.7048842e+01   3.6445185e+01
   2.2008945e+01   2.5950913e+01   2.4263587e+01
   2.6360103e+01   2.6912865e+01   3.5594848e+01
   2.4980084e+01   2.5413399e+01   3.5217220e+01
   2.6155341e+01   2.6697776e+01   3.5467383e+01
   2.5340705e+01   2.5989184e+01   3.3930716e+01
   2.6580943e+01   2.7093559e+01   3.6123128e+01
   2.3018365e+01   2.3424315e+01   3.3532570e+01
   2.6262743e+01   2.7129791e+01   3.3694867e+01
   1.7223193e+01   2.5293693e+01   1.7972263e+01
   2.6275940e+01   2.6922860e+01   3.4873532e+01
   2.2755949e+01   2.3149415e+01   3.3400944e+01
   2.4700899e+01   2.5391903e+01   3.3037391e+01
   2.6690943e+01   2.7362012e+01   3.5140297e+01
   2.5092836e+01   2.5552813e+01   3.5083360e+01
   2.6201440e+01   2.6739914e+01   3.5543288e+01
   2.5252504e+01   2.5542859e+01   3.7157526e+01
   2.5592306e+01   2.6002468e+01   3.6054951e+01
   2.4988448e+01   2.5373739e+01   3.5712201e+01
   2.4734866e+01   2.5410095e+01   3.3163913e+01
   2.5190714e+01   2.5553567e+01   3.6163476e+01
   2.2536255e+01   2.5972649e+01   2.5169521e+01
   2.5123722e+01   2.5494797e+01   3.6003400e+01
   2.3009672e+01   2.3432718e+01   3.3353104e+01
   2.4860586e+01   2.5498091e+01   3.3520676e+01
   2.4922334e+01   2.5394321e+01   3.4807254e+01
   2.5115684e+01   2.5546561e+01   3.5375748e+01
   2.5612110e+01   2.7353937e+01   3.0429727e+01
   2.2711513e+01   2.3160579e+01   3.2809774e+01
   2.5351060e+01   2.6729496e+01   3.1015254e+01
   2.2814958e+01   2.3160323e+01   3.4002480e+01
   2.5194611e+01   2.6005770e+01   3.2891548e+01
   2.2707557e+01   2.3135469e+01   3.3005107e+01
   2.4331395e+01   2.5401884e+01   3.0950170e+01
   2.2798798e+01   2.3182055e+01   3.3552779e+01
   2.5149281e+01   2.5971174e+01   3.2794408e+01
   2.2738978e+01   2.3137335e+01   3.3332792e+01
   2.2767526e+01   2.3423657e+01   3.1319099e+01
   2.2562453e+01   2.3128686e+01   3.1711470e+01
   2.4156259e+01   2.5380130e+01   3.0266884e+01
   2.2718711e+01   2.3159346e+01   3.2895150e+01
   2.6253303e+01   2.6725761e+01   3.6130826e+01
   2.6895348e+01   2.7353657e+01   3.6896727e+01
   2.5564762e+01   2.6005109e+01   3.5733849e+01
   2.6671079e+01   2.7278099e+01   3.5524989e+01
   2.4980250e+01   2.5406422e+01   3.5286076e+01
   2.6743699e+01   2.7310138e+01   3.5878212e+01
   2.5467197e+01   2.5971866e+01   3.5075831e+01
   2.6711762e+01   2.7331837e+01   3.5479536e+01
   2.2970590e+01   2.3398107e+01   3.3270713e+01
   2.6190832e+01   2.7329028e+01   3.2571207e+01
   2.4928313e+01   2.5379372e+01   3.4999967e+01
   2.6649170e+01   2.7314490e+01   3.5133172e+01
   2.5709127e+01   2.5989573e+01   3.7758879e+01
   2.6244371e+01   2.6662811e+01   3.6622783e+01
   2.5124377e+01   2.5394816e+01   3.7328562e+01
   2.6291501e+01   2.6664648e+01   3.7145132e+01
   2.5666928e+01   2.5986339e+01   3.7170932e+01
   2.6286942e+01   2.6666630e+01   3.7068325e+01
   2.3082147e+01   2.3422852e+01   3.4325140e+01
   2.5824687e+01   2.6636185e+01   3.3518501e+01
   2.5065979e+01   2.5369322e+01   3.6787863e+01
   2.6207353e+01   2.6671123e+01   3.6161336e+01
   2.2469902e+01   2.5371146e+01   2.5604658e+01
   2.5655910e+01   2.6011269e+01   3.6714418e+01
   2.5577444e+01   2.5972953e+01   3.6190939e+01
   2.5655357e+01   2.6013273e+01   3.6683986e+01
   2.3034185e+01   2.3412712e+01   3.3838691e+01
   2.5341202e+01   2.5996469e+01   3.3889285e+01
   2.4996250e+01   2.5374878e+01   3.5792486e+01
   2.5573812e+01   2.6008342e+01   3.5797784e+01
   2.5584062e+01   2.5988522e+01   3.6104731e+01
   2.4530299e+01   2.5389239e+01   3.2003449e+01
   2.3095582e+01   2.3475622e+01   3.3883236e+01
   2.4420530e+01   2.5383496e+01   3.1447407e+01
   2.4969011e+01   2.5351862e+01   3.5719216e+01
   2.4964611e+01   2.5391616e+01   3.5262403e+01
   2.3034421e+01   2.3433588e+01   3.3618422e+01
   2.5234061e+01   2.5950226e+01   3.3425957e+01
   2.4983244e+01   2.5383576e+01   3.5548069e+01
   2.5471374e+01   2.5952317e+01   3.5277547e+01
   2.4538945e+01   2.5379114e+01   3.2099001e+01
   2.2901298e+01   2.3372126e+01   3.2803739e+01
