   2.4964409e+01   2.5340428e+01   3.5789488e+01
   2.4588109e+01   2.6806068e+01   2.8577353e+01
   2.2647710e+01   2.3049961e+01   3.3201619e+01
   2.5832256e+01   2.6830164e+01   3.2717598e+01
   1.7470814e+01   2.7139168e+01   1.7975235e+01
   2.6205194e+01   2.6888399e+01   3.4583534e+01
   1.7016457e+01   2.6366146e+01   1.7562702e+01
   2.6525928e+01   2.6994106e+01   3.6440317e+01
   2.2076040e+01   2.6135243e+01   2.4252691e+01
   2.6335120e+01   2.6866239e+01   3.5732822e+01
   2.4973097e+01   2.5380116e+01   3.5469278e+01
   2.6142356e+01   2.6651975e+01   3.5709441e+01
   2.5283685e+01   2.5920197e+01   3.3948934e+01
   2.6538271e+01   2.7027580e+01   3.6271246e+01
   2.2884850e+01   2.3300932e+01   3.3297546e+01
   2.6193730e+01   2.7078244e+01   3.3547782e+01
   1.7214469e+01   2.5280179e+01   1.7964464e+01
   2.6220656e+01   2.6879660e+01   3.4743855e+01
   2.2578379e+01   2.3061726e+01   3.2374473e+01
   2.4561470e+01   2.5352902e+01   3.2357527e+01
   2.6590664e+01   2.7283596e+01   3.4911568e+01
   2.5056461e+01   2.5508037e+01   3.5123023e+01
   2.6023858e+01   2.6549872e+01   3.5461685e+01
   2.5222682e+01   2.5505480e+01   3.7238601e+01
   2.5742702e+01   2.6185748e+01   3.5886131e+01
   2.4960956e+01   2.5329818e+01   3.5865990e+01
   2.4715400e+01   2.5376926e+01   3.3226912e+01
   2.5162929e+01   2.5517521e+01   3.6231748e+01
   2.2506848e+01   2.5903548e+01   2.5173476e+01
   2.5092060e+01   2.5454091e+01   3.6074561e+01
   2.2888009e+01   2.3308922e+01   3.3252914e+01
   2.4823618e+01   2.5455463e+01   3.3519797e+01
   2.4887955e+01   2.5380833e+01   3.4595074e+01
   2.5061693e+01   2.5500601e+01   3.5245630e+01
   2.5508841e+01   2.7277428e+01   3.0272868e+01
   2.2718363e+01   2.3167126e+01   3.2819380e+01
   2.5210777e+01   2.6537911e+01   3.1015781e+01
   2.2828159e+01   2.3156108e+01   3.4231821e+01
   2.5339696e+01   2.6188939e+01   3.2855354e+01
   2.2728879e+01   2.3134534e+01   3.3247446e+01
   2.4299412e+01   2.5369294e+01   3.0920453e+01
   2.2807876e+01   2.3178534e+01   3.3700841e+01
   2.5074472e+01   2.5902824e+01   3.2688900e+01
   2.2740921e+01   2.3135062e+01   3.3378878e+01
   2.2647921e+01   2.3299044e+01   3.1230899e+01
   2.2557661e+01   2.3119467e+01   3.1738644e+01
   2.4122373e+01   2.5364937e+01   3.0176114e+01
   2.2726887e+01   2.3165211e+01   3.2925000e+01
   2.6052980e+01   2.6537131e+01   3.5830470e+01
   2.6849075e+01   2.7316728e+01   3.6767454e+01
   2.5711982e+01   2.6187634e+01   3.5563028e+01
   2.6662594e+01   2.7247594e+01   3.5666270e+01
   2.4940873e+01   2.5372812e+01   3.5191259e+01
   2.6700442e+01   2.7278139e+01   3.5755053e+01
   2.5407730e+01   2.5901967e+01   3.5102143e+01
   2.6697101e+01   2.7299891e+01   3.5579271e+01
   2.2847592e+01   2.3273802e+01   3.3160943e+01
   2.6171182e+01   2.7298479e+01   3.2588190e+01
   2.4875440e+01   2.5368113e+01   3.4584297e+01
   2.6603938e+01   2.7294648e+01   3.4937692e+01
   2.5868405e+01   2.6173034e+01   3.7570431e+01
   2.6179150e+01   2.6578696e+01   3.6749104e+01
   2.5085437e+01   2.5362925e+01   3.7181454e+01
   2.6202509e+01   2.6570481e+01   3.7114441e+01
   2.5598969e+01   2.5917960e+01   3.7108646e+01
   2.6207880e+01   2.6574111e+01   3.7139553e+01
   2.2958389e+01   2.3299735e+01   3.4194112e+01
   2.5752195e+01   2.6561094e+01   3.3458846e+01
   2.5011709e+01   2.5355122e+01   3.6214599e+01
   2.6100598e+01   2.6594039e+01   3.5799983e+01
   2.2446326e+01   2.5336931e+01   2.5592403e+01
   2.5743860e+01   2.6107868e+01   3.6701956e+01
   2.5502433e+01   2.5903386e+01   3.6059420e+01
   2.5741567e+01   2.6113456e+01   3.6610506e+01
   2.2904020e+01   2.3288465e+01   3.3644643e+01
   2.5428606e+01   2.6118202e+01   3.3771337e+01
   2.4948046e+01   2.5361183e+01   3.5382503e+01
   2.5655771e+01   2.6120354e+01   3.5603796e+01
   2.5516939e+01   2.5918562e+01   3.6066961e+01
   2.4541379e+01   2.5402191e+01   3.2005942e+01
   2.2971634e+01   2.3351314e+01   3.3763792e+01
   2.4424516e+01   2.5401192e+01   3.1396547e+01
   2.4919499e+01   2.5337303e+01   3.5307541e+01
   2.4944942e+01   2.5396902e+01   3.5008321e+01
   2.2908391e+01   2.3309585e+01   3.3471965e+01
   2.5236721e+01   2.5964964e+01   3.3361821e+01
   2.4939247e+01   2.5370978e+01   3.5191621e+01
   2.5469168e+01   2.5972667e+01   3.5087301e+01
   2.4491482e+01   2.5364587e+01   3.1900514e+01
   2.2866646e+01   2.3348112e+01   3.2677382e+01
