   2.5133487e+01   2.5460204e+01   3.6544278e+01
   2.4689576e+01   2.6894868e+01   2.8697712e+01
   2.3019037e+01   2.3389554e+01   3.3912599e+01
   2.6004117e+01   2.6886091e+01   3.3369817e+01
   1.7503319e+01   2.7352573e+01   1.7985953e+01
   2.6355429e+01   2.6973913e+01   3.5134270e+01
   1.7042670e+01   2.6578397e+01   1.7564571e+01
   2.6638029e+01   2.7096773e+01   3.6635981e+01
   2.2086596e+01   2.6127459e+01   2.4275168e+01
   2.6457710e+01   2.6960593e+01   3.6078636e+01
   2.5092372e+01   2.5513696e+01   3.5445199e+01
   2.6258619e+01   2.6762210e+01   3.5874187e+01
   2.5480736e+01   2.6158077e+01   3.3895284e+01
   2.6603932e+01   2.7115466e+01   3.6154718e+01
   2.3214335e+01   2.3687745e+01   3.3092890e+01
   2.6237633e+01   2.7179877e+01   3.3344755e+01
   1.7231086e+01   2.5340912e+01   1.7972790e+01
   2.6345617e+01   2.6970024e+01   3.5085964e+01
   2.2993694e+01   2.3401262e+01   3.3491524e+01
   2.4745018e+01   2.5392998e+01   3.3339737e+01
   2.6861018e+01   2.7494076e+01   3.5544837e+01
   2.5160670e+01   2.5546911e+01   3.5873710e+01
   2.6228042e+01   2.6755857e+01   3.5651458e+01
   2.5285544e+01   2.5554220e+01   3.7516811e+01
   2.5766397e+01   2.6178519e+01   3.6208874e+01
   2.5036966e+01   2.5383534e+01   3.6201608e+01
   2.4811634e+01   2.5512758e+01   3.3089560e+01
   2.5215427e+01   2.5576613e+01   3.6207316e+01
   2.2601585e+01   2.6140784e+01   2.5151008e+01
   2.5127429e+01   2.5503887e+01   3.5947190e+01
   2.3209913e+01   2.3697010e+01   3.2971373e+01
   2.4825577e+01   2.5504391e+01   3.3233104e+01
   2.4974540e+01   2.5440500e+01   3.4912188e+01
   2.5145531e+01   2.5554515e+01   3.5621267e+01
   2.5734159e+01   2.7486032e+01   3.0531247e+01
   2.2780781e+01   2.3183147e+01   3.3332863e+01
   2.5371926e+01   2.6742666e+01   3.1056761e+01
   2.2864682e+01   2.3188841e+01   3.4316805e+01
   2.5359970e+01   2.6183614e+01   3.2996178e+01
   2.2765208e+01   2.3156507e+01   3.3433090e+01
   2.4419023e+01   2.5503678e+01   3.0987207e+01
   2.2840504e+01   2.3201421e+01   3.3844224e+01
   2.5281796e+01   2.6140969e+01   3.2751888e+01
   2.2776388e+01   2.3165481e+01   3.3467691e+01
   2.2992927e+01   2.3686899e+01   3.1318259e+01
   2.2576085e+01   2.3142142e+01   3.1726290e+01
   2.4215821e+01   2.5423824e+01   3.0375433e+01
   2.2771799e+01   2.3175667e+01   3.3308465e+01
   2.6277867e+01   2.6745341e+01   3.6198953e+01
   2.7008528e+01   2.7448392e+01   3.7179072e+01
   2.5746190e+01   2.6175844e+01   3.6016367e+01
   2.6825347e+01   2.7374775e+01   3.6083841e+01
   2.5084807e+01   2.5508246e+01   3.5416938e+01
   2.6853714e+01   2.7404331e+01   3.6103352e+01
   2.5639292e+01   2.6141986e+01   3.5263563e+01
   2.6824955e+01   2.7426418e+01   3.5715817e+01
   2.3187190e+01   2.3662882e+01   3.3046096e+01
   2.6236718e+01   2.7432469e+01   3.2430156e+01
   2.4980038e+01   2.5422910e+01   3.5127093e+01
   2.6774346e+01   2.7409667e+01   3.5443922e+01
   2.5893241e+01   2.6166421e+01   3.8052962e+01
   2.6283573e+01   2.6650733e+01   3.7204526e+01
   2.5210820e+01   2.5495293e+01   3.7201964e+01
   2.6282163e+01   2.6652064e+01   3.7172167e+01
   2.5808184e+01   2.6154484e+01   3.6974013e+01
   2.6259769e+01   2.6644567e+01   3.6985646e+01
   2.3288626e+01   2.3686417e+01   3.3885841e+01
   2.5750844e+01   2.6618874e+01   3.3179581e+01
   2.5103606e+01   2.5414441e+01   3.6723104e+01
   2.6211137e+01   2.6655762e+01   3.6338825e+01
   2.2521569e+01   2.5471377e+01   2.5605518e+01
   2.5824582e+01   2.6178012e+01   3.6905376e+01
   2.5733510e+01   2.6143637e+01   3.6196161e+01
   2.5827342e+01   2.6192497e+01   3.6772133e+01
   2.3241757e+01   2.3677291e+01   3.3463909e+01
   2.5451141e+01   2.6183230e+01   3.3554700e+01
   2.5037332e+01   2.5419056e+01   3.5799600e+01
   2.5753086e+01   2.6182183e+01   3.6028610e+01
   2.5724501e+01   2.6155815e+01   3.5978787e+01
   2.4570443e+01   2.5446129e+01   3.1967667e+01
   2.3290312e+01   2.3736854e+01   3.3409229e+01
   2.4425489e+01   2.5457377e+01   3.1185084e+01
   2.5009359e+01   2.5399022e+01   3.5686194e+01
   2.5038819e+01   2.5458084e+01   3.5412057e+01
   2.3236540e+01   2.3698555e+01   3.3215281e+01
   2.5239492e+01   2.6014176e+01   3.3118538e+01
   2.5007240e+01   2.5426401e+01   3.5381602e+01
   2.5528593e+01   2.6017880e+01   3.5263992e+01
   2.4575623e+01   2.5422765e+01   3.2103034e+01
   2.2899211e+01   2.3356158e+01   3.2924878e+01
