   2.5147269e+01   2.5476114e+01   3.6530873e+01
   2.4703936e+01   2.6908655e+01   2.8712911e+01
   2.3027633e+01   2.3386892e+01   3.4049656e+01
   2.6071244e+01   2.6913668e+01   3.3617017e+01
   1.7507352e+01   2.7384254e+01   1.7986746e+01
   2.6432214e+01   2.6993309e+01   3.5605894e+01
   1.7044637e+01   2.6589733e+01   1.7565342e+01
   2.6658135e+01   2.7102562e+01   3.6786749e+01
   2.2097689e+01   2.6149004e+01   2.4279415e+01
   2.6505053e+01   2.6968229e+01   3.6463684e+01
   2.5095002e+01   2.5528289e+01   3.5332075e+01
   2.6255723e+01   2.6767037e+01   3.5808971e+01
   2.5498506e+01   2.6180034e+01   3.3888274e+01
   2.6616180e+01   2.7131044e+01   3.6140385e+01
   2.3216232e+01   2.3676251e+01   3.3212890e+01
   2.6254062e+01   2.7176506e+01   3.3443878e+01
   1.7232770e+01   2.5365064e+01   1.7970311e+01
   2.6372931e+01   2.6990174e+01   3.5159853e+01
   2.3005764e+01   2.3398934e+01   3.3652706e+01
   2.4794318e+01   2.5408350e+01   3.3606135e+01
   2.6892354e+01   2.7526424e+01   3.5569669e+01
   2.5207869e+01   2.5559752e+01   3.6308537e+01
   2.6233814e+01   2.6766987e+01   3.5615973e+01
   2.5290504e+01   2.5556811e+01   3.7559059e+01
   2.5791485e+01   2.6199919e+01   3.6271128e+01
   2.5069857e+01   2.5387935e+01   3.6592970e+01
   2.4825466e+01   2.5526317e+01   3.3104910e+01
   2.5231397e+01   2.5579825e+01   3.6373152e+01
   2.2617566e+01   2.6162548e+01   2.5162350e+01
   2.5127175e+01   2.5503528e+01   3.5948099e+01
   2.3216258e+01   2.3685538e+01   3.3130856e+01
   2.4848037e+01   2.5506285e+01   3.3379164e+01
   2.4989297e+01   2.5463248e+01   3.4856951e+01
   2.5160698e+01   2.5558188e+01   3.5754565e+01
   2.5760955e+01   2.7517829e+01   3.0547940e+01
   2.2805605e+01   2.3183112e+01   3.3622405e+01
   2.5385446e+01   2.6754255e+01   3.1075466e+01
   2.2866135e+01   2.3183778e+01   3.4403252e+01
   2.5395844e+01   2.6205526e+01   3.3099488e+01
   2.2787031e+01   2.3155408e+01   3.3705784e+01
   2.4432177e+01   2.5517441e+01   3.0998180e+01
   2.2847576e+01   2.3205148e+01   3.3890060e+01
   2.5299718e+01   2.6162699e+01   3.2752393e+01
   2.2772401e+01   2.3163677e+01   3.3440498e+01
   2.2981252e+01   2.3673181e+01   3.1318451e+01
   2.2585311e+01   2.3145749e+01   3.1776078e+01
   2.4216656e+01   2.5447489e+01   3.0305771e+01
   2.2766198e+01   2.3175044e+01   3.3252122e+01
   2.6289807e+01   2.6756390e+01   3.6218713e+01
   2.7023496e+01   2.7452602e+01   3.7296280e+01
   2.5765595e+01   2.6197393e+01   3.6015153e+01
   2.6867539e+01   2.7376841e+01   3.6435733e+01
   2.5098511e+01   2.5522513e+01   3.5425108e+01
   2.6873883e+01   2.7402567e+01   3.6289316e+01
   2.5661198e+01   2.6164139e+01   3.5283409e+01
   2.6827646e+01   2.7411757e+01   3.5837190e+01
   2.3179841e+01   2.3649989e+01   3.3086996e+01
   2.6252707e+01   2.7424809e+01   3.2521625e+01
   2.4986017e+01   2.5446313e+01   3.4973978e+01
   2.6776649e+01   2.7409957e+01   3.5459029e+01
   2.5911650e+01   2.6187831e+01   3.8025355e+01
   2.6321957e+01   2.6659022e+01   3.7599465e+01
   2.5230274e+01   2.5509127e+01   3.7305239e+01
   2.6302349e+01   2.6657592e+01   3.7360714e+01
   2.5833364e+01   2.6176850e+01   3.7033184e+01
   2.6269019e+01   2.6650461e+01   3.7031284e+01
   2.3292836e+01   2.3673180e+01   3.4076300e+01
   2.5790122e+01   2.6632991e+01   3.3334407e+01
   2.5129479e+01   2.5437568e+01   3.6786085e+01
   2.6237246e+01   2.6662322e+01   3.6550588e+01
   2.2530994e+01   2.5484995e+01   2.5610598e+01
   2.5831960e+01   2.6172384e+01   3.7069176e+01
   2.5754031e+01   2.6165372e+01   3.6204395e+01
   2.5819773e+01   2.6182285e+01   3.6794838e+01
   2.3243794e+01   2.3663939e+01   3.3614669e+01
   2.5471674e+01   2.6182297e+01   3.3694040e+01
   2.5056450e+01   2.5443186e+01   3.5764470e+01
   2.5760297e+01   2.6174453e+01   3.6182402e+01
   2.5754227e+01   2.6177854e+01   3.6082783e+01
   2.4581838e+01   2.5447917e+01   3.2022326e+01
   2.3294492e+01   2.3723933e+01   3.3574632e+01
   2.4438384e+01   2.5447397e+01   3.1284376e+01
   2.5032830e+01   2.5422157e+01   3.5713181e+01
   2.5052270e+01   2.5456080e+01   3.5581031e+01
   2.3246334e+01   2.3685430e+01   3.3434837e+01
   2.5255142e+01   2.6001179e+01   3.3283954e+01
   2.5038156e+01   2.5450403e+01   3.5481287e+01
   2.5542307e+01   2.6005661e+01   3.5501524e+01
   2.4600037e+01   2.5446448e+01   3.2130777e+01
   2.2921992e+01   2.3368843e+01   3.3039670e+01
