   2.4994148e+01   2.5377048e+01   3.5743750e+01
   2.4554742e+01   2.6773973e+01   2.8542144e+01
   2.2694831e+01   2.3075067e+01   3.3482223e+01
   2.5839017e+01   2.6794095e+01   3.2894339e+01
   1.7458685e+01   2.7039881e+01   1.7973966e+01
   2.6138781e+01   2.6831950e+01   3.4459204e+01
   1.7025297e+01   2.6470105e+01   1.7558959e+01
   2.6435953e+01   2.6933909e+01   3.6097278e+01
   2.1876720e+01   2.5676224e+01   2.4231154e+01
   2.6258740e+01   2.6824553e+01   3.5398702e+01
   2.4920484e+01   2.5368635e+01   3.5018836e+01
   2.6032692e+01   2.6578220e+01   3.5321808e+01
   2.5249655e+01   2.5912552e+01   3.3751385e+01
   2.6459832e+01   2.6994971e+01   3.5826502e+01
   2.2957043e+01   2.3391096e+01   3.3194518e+01
   2.6139258e+01   2.7047754e+01   3.3388765e+01
   1.7188304e+01   2.5123295e+01   1.7963390e+01
   2.6142826e+01   2.6814490e+01   3.4589687e+01
   2.2651682e+01   2.3085818e+01   3.2889816e+01
   2.4612117e+01   2.5361310e+01   3.2625853e+01
   2.6496628e+01   2.7187223e+01   3.4831253e+01
   2.5048729e+01   2.5513722e+01   3.4994722e+01
   2.6094195e+01   2.6651714e+01   3.5294597e+01
   2.5203856e+01   2.5512277e+01   3.6855747e+01
   2.5305255e+01   2.5730512e+01   3.5619072e+01
   2.4941819e+01   2.5339747e+01   3.5531748e+01
   2.4675033e+01   2.5365030e+01   3.3017441e+01
   2.5145610e+01   2.5527280e+01   3.5908160e+01
   2.2485184e+01   2.5895671e+01   2.5140241e+01
   2.5064646e+01   2.5460778e+01   3.5672983e+01
   2.2954899e+01   2.3397850e+01   3.3108598e+01
   2.4802016e+01   2.5464166e+01   3.3309493e+01
   2.4733061e+01   2.5225957e+01   3.4440485e+01
   2.5054038e+01   2.5511698e+01   3.5065462e+01
   2.5415092e+01   2.7181416e+01   3.0183805e+01
   2.2640102e+01   2.3116459e+01   3.2495760e+01
   2.5242717e+01   2.6640708e+01   3.0855181e+01
   2.2740088e+01   2.3107461e+01   3.3670434e+01
   2.4899133e+01   2.5731547e+01   3.2494733e+01
   2.2630708e+01   2.3086033e+01   3.2672292e+01
   2.4250590e+01   2.5359220e+01   3.0735720e+01
   2.2715288e+01   2.3129362e+01   3.3148817e+01
   2.5017398e+01   2.5893769e+01   3.2410348e+01
   2.2647532e+01   2.3085231e+01   3.2851923e+01
   2.2692196e+01   2.3389171e+01   3.1001549e+01
   2.2471209e+01   2.3074091e+01   3.1366027e+01
   2.3974147e+01   2.5211594e+01   3.0043827e+01
   2.2636510e+01   2.3110800e+01   3.2510072e+01
   2.6118697e+01   2.6635485e+01   3.5628657e+01
   2.6715051e+01   2.7207508e+01   3.6421362e+01
   2.5271556e+01   2.5734201e+01   3.5237770e+01
   2.6521491e+01   2.7142770e+01   3.5281781e+01
   2.4901175e+01   2.5362890e+01   3.4876709e+01
   2.6574059e+01   2.7170847e+01   3.5497000e+01
   2.5368176e+01   2.5895404e+01   3.4798143e+01
   2.6554467e+01   2.7189825e+01   3.5224214e+01
   2.2906652e+01   2.3361710e+01   3.2949345e+01
   2.6036431e+01   2.7190254e+01   3.2365311e+01
   2.4723302e+01   2.5211356e+01   3.4471275e+01
   2.6469724e+01   2.7179363e+01   3.4695489e+01
   2.5422613e+01   2.5716852e+01   3.7271367e+01
   2.6217565e+01   2.6644072e+01   3.6517047e+01
   2.5068389e+01   2.5351007e+01   3.7087428e+01
   2.6251948e+01   2.6635892e+01   3.6987080e+01
   2.5581901e+01   2.5910731e+01   3.6964527e+01
   2.6243147e+01   2.6636641e+01   3.6876282e+01
   2.3032707e+01   2.3387410e+01   3.4107919e+01
   2.5791662e+01   2.6626690e+01   3.3372753e+01
   2.4866534e+01   2.5201931e+01   3.6168489e+01
   2.6148063e+01   2.6653835e+01   3.5746168e+01
   2.2437331e+01   2.5328749e+01   2.5582574e+01
   2.5396747e+01   2.5760238e+01   3.6361638e+01
   2.5468224e+01   2.5896412e+01   3.5753218e+01
   2.5359558e+01   2.5731666e+01   3.6227027e+01
   2.2968766e+01   2.3377787e+01   3.3451970e+01
   2.5071480e+01   2.5739741e+01   3.3541279e+01
   2.4797628e+01   2.5206220e+01   3.5278340e+01
   2.5294899e+01   2.5737956e+01   3.5439362e+01
   2.5493175e+01   2.5911944e+01   3.5870094e+01
   2.4487236e+01   2.5357120e+01   3.1910781e+01
   2.3039656e+01   2.3439504e+01   3.3616566e+01
   2.4373244e+01   2.5361158e+01   3.1301114e+01
   2.4775254e+01   2.5183600e+01   3.5258532e+01
   2.4902084e+01   2.5355841e+01   3.4949230e+01
   2.2976481e+01   2.3397510e+01   3.3339831e+01
   2.5165702e+01   2.5904575e+01   3.3233181e+01
   2.4796049e+01   2.5215827e+01   3.5164943e+01
   2.5407445e+01   2.5913321e+01   3.5006451e+01
   2.4355272e+01   2.5213829e+01   3.1830691e+01
   2.2847889e+01   2.3343604e+01   3.2538977e+01
