   2.4281987e+01   2.5190024e+01   3.1538032e+01
   2.4041977e+01   2.6712017e+01   2.7430729e+01
   2.1366033e+01   2.2730649e+01   2.7081324e+01
   2.3832762e+01   2.6664991e+01   2.7038097e+01
   1.7343542e+01   2.6845466e+01   1.7869127e+01
   2.5526660e+01   2.6759765e+01   3.1605623e+01
   1.6971964e+01   2.6147098e+01   1.7542197e+01
   2.6285873e+01   2.6855891e+01   3.5395674e+01
   2.1897357e+01   2.5803926e+01   2.4176484e+01
   2.6128675e+01   2.6714957e+01   3.5124538e+01
   2.4645913e+01   2.5242299e+01   3.3576230e+01
   2.5857229e+01   2.6545192e+01   3.4208472e+01
   2.4900864e+01   2.5813532e+01   3.2135295e+01
   2.6079906e+01   2.6883860e+01   3.3810102e+01
   2.2173187e+01   2.2976888e+01   2.9917569e+01
   2.5283619e+01   2.6942404e+01   3.0275358e+01
   1.7100061e+01   2.5086320e+01   1.7865500e+01
   2.5533482e+01   2.6737403e+01   3.1702601e+01
   2.1272986e+01   2.2738678e+01   2.6725711e+01
   2.2955418e+01   2.5280523e+01   2.6792501e+01
   2.5696241e+01   2.7066436e+01   3.1381887e+01
   2.4545894e+01   2.5418632e+01   3.1956415e+01
   2.5714095e+01   2.6332687e+01   3.4493612e+01
   2.5068310e+01   2.5427944e+01   3.6078545e+01
   2.5351140e+01   2.5852499e+01   3.4987036e+01
   2.4846960e+01   2.5250557e+01   3.5378504e+01
   2.4321073e+01   2.5146908e+01   3.1949616e+01
   2.4942777e+01   2.5446335e+01   3.4561849e+01
   2.2333488e+01   2.5892442e+01   2.4867904e+01
   2.4799906e+01   2.5374734e+01   3.3879194e+01
   2.2265921e+01   2.3029510e+01   3.0212939e+01
   2.4193246e+01   2.5395326e+01   3.0371461e+01
   2.4305675e+01   2.5237040e+01   3.1462665e+01
   2.4560600e+01   2.5424828e+01   3.2009548e+01
   2.4903789e+01   2.6986505e+01   2.9103836e+01
   2.2511748e+01   2.3095413e+01   3.1537762e+01
   2.5073946e+01   2.6321470e+01   3.1110260e+01
   2.2870918e+01   2.3121535e+01   3.5404481e+01
   2.5112578e+01   2.5854432e+01   3.3164151e+01
   2.2765551e+01   2.3080602e+01   3.4337483e+01
   2.4076632e+01   2.5135621e+01   3.0737589e+01
   2.2755001e+01   2.3126853e+01   3.3634835e+01
   2.4784830e+01   2.5771165e+01   3.1717753e+01
   2.2628963e+01   2.3097952e+01   3.2548790e+01
   2.2005144e+01   2.2989590e+01   2.8955763e+01
   2.2221167e+01   2.3046473e+01   2.9860460e+01
   2.3689279e+01   2.5202618e+01   2.9015569e+01
   2.2553871e+01   2.3141495e+01   3.1552239e+01
   2.5738002e+01   2.6323496e+01   3.4740198e+01
   2.6634924e+01   2.7201423e+01   3.5769205e+01
   2.5353968e+01   2.5855920e+01   3.4985013e+01
   2.6500410e+01   2.7110926e+01   3.5331406e+01
   2.4549249e+01   2.5141524e+01   3.3507901e+01
   2.6387712e+01   2.7141591e+01   3.4372408e+01
   2.4966053e+01   2.5676890e+01   3.3188501e+01
   2.6335556e+01   2.7180049e+01   3.3871153e+01
   2.2162321e+01   2.2950736e+01   2.9982819e+01
   2.5318923e+01   2.7164307e+01   2.9934303e+01
   2.4267735e+01   2.5181652e+01   3.1498610e+01
   2.5873874e+01   2.7169636e+01   3.1766574e+01
   2.5483486e+01   2.5844326e+01   3.6478650e+01
   2.6041715e+01   2.6480469e+01   3.6224641e+01
   2.4760016e+01   2.5232584e+01   3.4640359e+01
   2.5847222e+01   2.6453876e+01   3.4705263e+01
   2.5228998e+01   2.5819859e+01   3.4195428e+01
   2.5807078e+01   2.6472741e+01   3.4290729e+01
   2.2339332e+01   2.3019395e+01   3.0748892e+01
   2.4988199e+01   2.6438009e+01   3.0467539e+01
   2.4380160e+01   2.5164389e+01   3.2212996e+01
   2.5421997e+01   2.6450864e+01   3.2190354e+01
   2.2208788e+01   2.5094752e+01   2.5360506e+01
   2.5433451e+01   2.5992823e+01   3.4621885e+01
   2.5015120e+01   2.5674984e+01   3.3535919e+01
   2.5348962e+01   2.5988814e+01   3.3992934e+01
   2.2259512e+01   2.3007032e+01   3.0291200e+01
   2.4656504e+01   2.5988872e+01   3.0448194e+01
   2.4323909e+01   2.5165969e+01   3.1875750e+01
   2.5012570e+01   2.5984904e+01   3.2000292e+01
   2.5041851e+01   2.5689725e+01   3.3636401e+01
   2.4247646e+01   2.5291823e+01   3.0962202e+01
   2.2379076e+01   2.3076788e+01   3.0685676e+01
   2.3821104e+01   2.5268247e+01   2.9310224e+01
   2.4309549e+01   2.5147850e+01   3.1879055e+01
   2.4444056e+01   2.5316938e+01   3.1854228e+01
   2.2244326e+01   2.3030244e+01   3.0076993e+01
   2.4459875e+01   2.5863300e+01   3.0059902e+01
   2.4312320e+01   2.5182723e+01   3.1734043e+01
   2.4849044e+01   2.5840609e+01   3.1761332e+01
   2.3981335e+01   2.5179762e+01   3.0171665e+01
   2.2610697e+01   2.3318091e+01   3.0861005e+01
