   2.5039046e+01   2.5402088e+01   3.6010075e+01
   2.4633902e+01   2.6857515e+01   2.8614570e+01
   2.2844277e+01   2.3197726e+01   3.3935127e+01
   2.5991993e+01   2.6882355e+01   3.3320641e+01
   1.7482590e+01   2.7197106e+01   1.7981348e+01
   2.6292896e+01   2.6953397e+01   3.4806821e+01
   1.7029467e+01   2.6454728e+01   1.7565676e+01
   2.6590168e+01   2.7052128e+01   3.6559457e+01
   2.2058287e+01   2.6068384e+01   2.4267155e+01
   2.6393051e+01   2.6917455e+01   3.5842619e+01
   2.5024246e+01   2.5448136e+01   3.5352149e+01
   2.6200110e+01   2.6714691e+01   3.5727408e+01
   2.5368646e+01   2.6035720e+01   3.3844821e+01
   2.6564953e+01   2.7076891e+01   3.6112576e+01
   2.3059299e+01   2.3491096e+01   3.3317858e+01
   2.6245164e+01   2.7130492e+01   3.3595513e+01
   1.7221663e+01   2.5290148e+01   1.7971116e+01
   2.6313335e+01   2.6934902e+01   3.5072163e+01
   2.2806829e+01   2.3209733e+01   3.3353236e+01
   2.4701447e+01   2.5375496e+01   3.3137623e+01
   2.6678188e+01   2.7340985e+01   3.5177410e+01
   2.5100961e+01   2.5533356e+01   3.5346531e+01
   2.6101352e+01   2.6635994e+01   3.5472556e+01
   2.5256035e+01   2.5534373e+01   3.7338708e+01
   2.5703405e+01   2.6119646e+01   3.6104859e+01
   2.4997052e+01   2.5356311e+01   3.6011837e+01
   2.4754336e+01   2.5446219e+01   3.3085577e+01
   2.5201085e+01   2.5555566e+01   3.6271103e+01
   2.2550343e+01   2.6018715e+01   2.5157159e+01
   2.5109470e+01   2.5481938e+01   3.5973611e+01
   2.3056574e+01   2.3499605e+01   3.3209072e+01
   2.4849480e+01   2.5485842e+01   3.3516838e+01
   2.4908202e+01   2.5386856e+01   3.4735509e+01
   2.5120328e+01   2.5535623e+01   3.5532721e+01
   2.5595197e+01   2.7335955e+01   3.0415013e+01
   2.2759957e+01   2.3188863e+01   3.3047658e+01
   2.5277837e+01   2.6622453e+01   3.1034115e+01
   2.2861426e+01   2.3181636e+01   3.4364864e+01
   2.5285256e+01   2.6123959e+01   3.2850213e+01
   2.2752497e+01   2.3160090e+01   3.3251202e+01
   2.4340024e+01   2.5439016e+01   3.0858233e+01
   2.2830085e+01   2.3205904e+01   3.3665407e+01
   2.5159816e+01   2.6018197e+01   3.2633830e+01
   2.2763551e+01   2.3157460e+01   3.3403852e+01
   2.2801296e+01   2.3488877e+01   3.1164565e+01
   2.2585538e+01   2.3149631e+01   3.1749847e+01
   2.4142611e+01   2.5372770e+01   3.0233999e+01
   2.2756779e+01   2.3181661e+01   3.3083477e+01
   2.6148892e+01   2.6623373e+01   3.6009063e+01
   2.6959177e+01   2.7408218e+01   3.7044622e+01
   2.5656315e+01   2.6119762e+01   3.5614416e+01
   2.6755821e+01   2.7337007e+01   3.5785874e+01
   2.4997599e+01   2.5441938e+01   3.5130958e+01
   2.6812695e+01   2.7367449e+01   3.6031917e+01
   2.5488244e+01   2.6018120e+01   3.4897437e+01
   2.6778157e+01   2.7383303e+01   3.5644388e+01
   2.3004435e+01   2.3463666e+01   3.3009077e+01
   2.6225291e+01   2.7385429e+01   3.2533124e+01
   2.4890437e+01   2.5372419e+01   3.4689323e+01
   2.6705164e+01   2.7369972e+01   3.5192158e+01
   2.5821440e+01   2.6106592e+01   3.7800949e+01
   2.6215841e+01   2.6614634e+01   3.6793536e+01
   2.5149644e+01   2.5431606e+01   3.7178227e+01
   2.6245043e+01   2.6606927e+01   3.7226358e+01
   2.5691794e+01   2.6032214e+01   3.6929400e+01
   2.6225179e+01   2.6606821e+01   3.6985367e+01
   2.3131662e+01   2.3489335e+01   3.4171663e+01
   2.5780866e+01   2.6597390e+01   3.3450383e+01
   2.5044415e+01   2.5363129e+01   3.6559239e+01
   2.6148403e+01   2.6620771e+01   3.6026930e+01
   2.2480332e+01   2.5407821e+01   2.5587538e+01
   2.5812175e+01   2.6171294e+01   3.6826432e+01
   2.5591015e+01   2.6019950e+01   3.5868497e+01
   2.5799926e+01   2.6180474e+01   3.6573011e+01
   2.3066581e+01   2.3479058e+01   3.3514485e+01
   2.5475875e+01   2.6186397e+01   3.3698799e+01
   2.4976188e+01   2.5368451e+01   3.5625502e+01
   2.5750274e+01   2.6187606e+01   3.5947264e+01
   2.5605369e+01   2.6033208e+01   3.5893387e+01
   2.4554297e+01   2.5427479e+01   3.1962798e+01
   2.3134332e+01   2.3540518e+01   3.3645611e+01
   2.4436770e+01   2.5431502e+01   3.1337846e+01
   2.4948755e+01   2.5345340e+01   3.5552688e+01
   2.4995191e+01   2.5426822e+01   3.5248370e+01
   2.3075743e+01   2.3500058e+01   3.3406483e+01
   2.5245710e+01   2.5989027e+01   3.3289092e+01
   2.4973717e+01   2.5376974e+01   3.5508381e+01
   2.5516122e+01   2.5998649e+01   3.5308677e+01
   2.4527500e+01   2.5372246e+01   3.2066194e+01
   2.2890509e+01   2.3355030e+01   3.2848502e+01
