   3.0610335e+00   1.6336493e+01   3.3700814e+00
   4.1307533e+00   1.9306499e+01   4.3153392e+00
   1.9119697e+00   1.2491365e+01   2.5477533e+00
   5.0397922e+00   2.2315200e+01   5.1473014e+00
   3.3250571e+00   1.9426782e+01   3.4822271e+00
   3.8863824e+00   2.0561215e+01   4.0187894e+00
   2.8063762e+00   1.9698162e+01   2.9424443e+00
   4.5735310e+00   2.0008245e+01   4.7427300e+00
   2.9924627e+00   1.7654763e+01   3.2173938e+00
   5.2602564e+00   2.1524002e+01   5.3946205e+00
   3.1687470e+00   1.7395346e+01   3.4144353e+00
   3.4447724e+00   1.5928666e+01   3.8065955e+00
   2.7202764e+00   1.8716099e+01   2.8888466e+00
   4.6248063e+00   2.2267591e+01   4.7258772e+00
   1.9805215e+00   1.2944996e+01   2.5580708e+00
   3.0775580e+00   2.0514756e+01   3.1950330e+00
   2.4628161e+00   1.6507541e+01   2.7333922e+00
   3.7157149e+00   2.0755563e+01   3.8387788e+00
   2.9309984e+00   1.3488291e+01   3.5211312e+00
   4.7097553e+00   1.5338680e+01   5.2279669e+00
   4.2780200e+00   1.9863533e+01   4.4443099e+00
   3.9084936e+00   1.4840045e+01   4.4140967e+00
   3.8557622e+00   1.9379783e+01   4.0290360e+00
   4.5399428e+00   1.5035039e+01   5.0799749e+00
   4.1052907e+00   1.9888793e+01   4.2658263e+00
   4.8783880e+00   1.4168076e+01   5.5857913e+00
   3.5536310e+00   1.7085850e+01   3.8347255e+00
   3.8318010e+00   1.3930276e+01   4.4508038e+00
   3.4121993e+00   1.7816179e+01   3.6438858e+00
   4.7905904e+00   1.5913203e+01   5.2495061e+00
   2.8617161e+00   1.3752311e+01   3.4100227e+00
   3.2811253e+00   1.5422848e+01   3.6776339e+00
   3.3585858e+00   1.7095092e+01   3.6302545e+00
   3.5874333e+00   1.4206088e+01   4.1432382e+00
   3.9134714e+00   2.1494144e+01   4.0206278e+00
   2.2567068e+00   9.5656792e+00   3.6047811e+00
   3.7789036e+00   2.1114627e+01   3.8933298e+00
   3.0890021e+00   1.0516285e+01   4.3247118e+00
   3.4982346e+00   2.1366791e+01   3.6013548e+00
   3.5711173e+00   1.0557010e+01   4.9073103e+00
   3.6371511e+00   1.9460429e+01   3.8011827e+00
   2.4080447e+00   1.0017166e+01   3.6475412e+00
   3.3617973e+00   1.8153462e+01   3.5742645e+00
   3.1434489e+00   1.0763870e+01   4.3179862e+00
   2.8861215e+00   1.4932265e+01   3.3033807e+00
   2.3271270e+00   1.1075398e+01   3.2754186e+00
   3.2188755e+00   1.7951692e+01   3.4364873e+00
   2.6557116e+00   1.0341952e+01   3.8507611e+00
   3.5244933e+00   1.8892007e+01   3.7082477e+00
   4.3689673e+00   1.8194161e+01   4.6181284e+00
   3.3629768e+00   1.9260498e+01   3.5273213e+00
   4.8010844e+00   1.8783024e+01   5.0353647e+00
   3.2727908e+00   1.8208547e+01   3.4795725e+00
   3.6822655e+00   1.6763347e+01   3.9918912e+00
   2.9666598e+00   1.8034909e+01   3.1717521e+00
   4.5819494e+00   1.8654034e+01   4.8142260e+00
   2.3361081e+00   1.2919386e+01   2.9497231e+00
   3.0054253e+00   1.7939725e+01   3.2163801e+00
   2.8863029e+00   1.6699479e+01   3.1625393e+00
   3.6449304e+00   1.9730109e+01   3.7992107e+00
   3.0833307e+00   1.8722284e+01   3.2614225e+00
   5.3471175e+00   2.1028624e+01   5.5002600e+00
   3.1499644e+00   1.8651468e+01   3.3329222e+00
   3.8669901e+00   1.8036801e+01   4.1042418e+00
   2.7320239e+00   1.8426440e+01   2.9126219e+00
   4.7257912e+00   2.0625215e+01   4.8763416e+00
   2.1587790e+00   1.3450507e+01   2.6858589e+00
   3.0740789e+00   2.0276364e+01   3.1981481e+00
   2.5877772e+00   1.6563079e+01   2.8600183e+00
   3.8388995e+00   2.0622917e+01   3.9684038e+00
   2.7836320e+00   1.7588263e+01   3.0047410e+00
   3.4952568e+00   1.6784247e+01   3.7939618e+00
   2.6462042e+00   1.8189267e+01   2.8345213e+00
   4.3240693e+00   1.8858058e+01   4.5358443e+00
   1.9296445e+00   1.3084164e+01   2.4844148e+00
   2.9773546e+00   1.7687157e+01   3.2000697e+00
   2.4308112e+00   1.6079260e+01   2.7282686e+00
   3.4618629e+00   1.9114620e+01   3.6345973e+00
   1.6553605e+00   1.8025293e+01   1.8246141e+00
   4.3252487e+00   1.6297972e+01   4.7108197e+00
   1.2167773e+00   1.2762170e+01   1.7562567e+00
   3.0665382e+00   1.5143248e+01   3.4753561e+00
   1.4215579e+00   1.5807346e+01   1.6952774e+00
   3.4617571e+00   1.4471338e+01   3.9727845e+00
   2.4270772e+00   1.3897440e+01   2.9217407e+00
   3.4834714e+00   1.9379677e+01   3.6464730e+00
   2.8764373e+00   1.7346641e+01   3.1137085e+00
   4.0837959e+00   1.7264238e+01   4.3785691e+00
   1.6895122e+00   1.5765693e+01   1.9764510e+00
   3.5072757e+00   1.9977735e+01   3.6497205e+00
