   4.1735724e+00   2.1184345e+01   4.2938210e+00
   3.4120210e+00   1.6206244e+01   3.7492646e+00
   3.6387724e+00   1.8165704e+01   3.8604325e+00
   4.0367706e+00   1.7616366e+01   4.3060872e+00
   3.9335444e+00   2.0125270e+01   4.0811889e+00
   3.2168401e+00   1.7505382e+01   3.4581695e+00
   3.8177468e+00   1.9118088e+01   4.0007197e+00
   3.6061317e+00   1.5073847e+01   4.0604480e+00
   4.1850137e+00   1.9973258e+01   4.3445713e+00
   2.2916697e+00   1.4995565e+01   2.6665202e+00
   3.8623302e+00   2.0656008e+01   3.9913446e+00
   1.7829725e+00   1.4892165e+01   2.1391482e+00
   3.9240933e+00   2.0242266e+01   4.0675590e+00
   3.3996065e+00   1.6408700e+01   3.7206079e+00
   3.7110072e+00   1.9562374e+01   3.8731583e+00
   1.7721959e+00   1.5722008e+01   2.0654918e+00
   3.5058451e+00   2.2041243e+01   3.5941818e+00
   3.5285104e+00   1.8969151e+01   3.7091209e+00
   4.5036735e+00   1.5361261e+01   5.0001991e+00
   3.9801212e+00   1.5899507e+01   4.3788848e+00
   4.9108664e+00   1.8851312e+01   5.1459982e+00
   3.1433028e+00   1.9537821e+01   3.2921193e+00
   4.7065679e+00   1.6542654e+01   5.0961046e+00
   3.4990533e+00   1.6356237e+01   3.8293811e+00
   5.1416223e+00   1.8004424e+01   5.4405122e+00
   2.4297936e+00   1.5931928e+01   2.7375752e+00
   4.5276066e+00   1.8046495e+01   4.7927536e+00
   1.8093416e+00   1.4496896e+01   2.2013044e+00
   4.7514705e+00   2.0347899e+01   4.9127667e+00
   3.5034396e+00   1.9190546e+01   3.6743053e+00
   4.5359894e+00   1.7977410e+01   4.8058508e+00
   1.7656601e+00   1.7450727e+01   1.9619844e+00
   4.5950472e+00   1.7570318e+01   4.8949948e+00
   3.3609000e+00   1.9654072e+01   3.5108623e+00
   4.3887228e+00   2.1315970e+01   4.5097046e+00
   2.8938955e+00   1.7824193e+01   3.1068345e+00
   4.3560443e+00   2.1239156e+01   4.4785131e+00
   3.3277361e+00   1.6829904e+01   3.6152853e+00
   4.3641862e+00   2.0828401e+01   4.4990805e+00
   2.4029699e+00   1.5571259e+01   2.7363457e+00
   4.1460750e+00   1.9827495e+01   4.3100396e+00
   1.6758562e+00   1.5187582e+01   2.0033450e+00
   4.1320104e+00   2.3719122e+01   4.1984417e+00
   3.2494488e+00   1.9411565e+01   3.4052824e+00
   3.8161042e+00   2.0558603e+01   3.9470586e+00
   1.4480012e+00   1.6765357e+01   1.6680871e+00
   4.2587407e+00   2.3512802e+01   4.3299162e+00
   3.3790025e+00   1.7968239e+01   3.6014367e+00
   4.6400977e+00   2.0976839e+01   4.7767844e+00
   3.5078013e+00   1.8611487e+01   3.7033943e+00
   4.6306997e+00   1.8344567e+01   4.8825316e+00
   2.2512501e+00   1.6158626e+01   2.5354887e+00
   4.3020831e+00   2.0060134e+01   4.4616046e+00
   1.9225837e+00   1.5176602e+01   2.2627927e+00
   4.1982894e+00   2.0394395e+01   4.3433143e+00
   3.6347211e+00   1.9924687e+01   3.7819490e+00
   4.0688569e+00   2.0319580e+01   4.2132297e+00
   1.9154595e+00   2.0175790e+01   2.0222821e+00
   4.1858738e+00   2.0435092e+01   4.3292337e+00
   3.6571395e+00   2.0434042e+01   3.7884542e+00
   4.6726107e+00   1.7475173e+01   4.9835744e+00
   2.8585202e+00   1.6364503e+01   3.1558658e+00
   4.3144989e+00   1.7651040e+01   4.5947094e+00
   2.0793763e+00   1.4433712e+01   2.4932802e+00
   4.7168690e+00   1.7960281e+01   4.9966175e+00
   3.6768796e+00   1.7417947e+01   3.9423854e+00
   4.4406655e+00   1.7118764e+01   4.7651455e+00
   2.0424601e+00   1.7723159e+01   2.2342378e+00
   4.6630053e+00   1.8761294e+01   4.8927922e+00
   3.7638413e+00   1.9193286e+01   3.9420456e+00
   3.7791543e+00   1.8945497e+01   3.9683976e+00
   1.8484738e+00   1.4330379e+01   2.2582576e+00
   3.6362181e+00   1.9849346e+01   3.7860771e+00
   3.5894040e+00   1.8658826e+01   3.7854536e+00
   3.3996331e+00   2.0246309e+01   3.5311831e+00
   1.9103598e+00   1.8489660e+01   2.0679526e+00
   3.7320559e+00   2.0303251e+01   3.8690832e+00
   3.4856628e+00   1.8891412e+01   3.6682857e+00
   2.7083045e+00   1.8417682e+01   2.8886131e+00
   3.3284622e+00   1.7345280e+01   3.5835000e+00
   2.5322242e+00   1.9276809e+01   2.6761105e+00
   1.6479706e+00   1.6857442e+01   1.8694861e+00
   2.5884017e+00   1.8647157e+01   2.7562823e+00
   3.4443604e+00   1.9049579e+01   3.6192256e+00
   3.6233257e+00   1.6278182e+01   3.9667625e+00
   2.0623349e+00   1.7005996e+01   2.2894241e+00
   3.8223020e+00   1.9542400e+01   3.9882303e+00
   3.4380832e+00   1.9730231e+01   3.5872613e+00
   2.7294361e+00   2.0722702e+01   2.8355439e+00
   2.9183578e+00   1.8425956e+01   3.1042530e+00
