   3.2768252e+00   2.0729630e+01   3.3921679e+00
   4.7908953e+00   2.0966994e+01   4.9315563e+00
   3.3055317e+00   1.6791744e+01   3.5946071e+00
   4.9480887e+00   1.8445267e+01   5.2083627e+00
   3.4594406e+00   2.1202581e+01   3.5658871e+00
   3.4449198e+00   2.0653146e+01   3.5655175e+00
   3.2783934e+00   2.0697968e+01   3.3946131e+00
   3.9342521e+00   1.5710239e+01   4.3478881e+00
   3.5856330e+00   2.2060845e+01   3.6747095e+00
   3.9289550e+00   1.9836976e+01   4.0866924e+00
   3.4210965e+00   2.2131350e+01   3.5064446e+00
   4.2853279e+00   1.8279786e+01   4.5260510e+00
   3.2858667e+00   1.9395559e+01   3.4431900e+00
   4.2412691e+00   1.9638014e+01   4.4154091e+00
   2.7551764e+00   1.7996269e+01   2.9554285e+00
   4.0689378e+00   1.9388615e+01   4.2481486e+00
   3.1847258e+00   1.8537321e+01   3.3736339e+00
   3.9065632e+00   1.7917074e+01   4.1521567e+00
   4.5799613e+00   1.8448122e+01   4.8235897e+00
   4.9726602e+00   1.4526021e+01   5.6333541e+00
   4.5242838e+00   2.2773626e+01   4.6126361e+00
   3.6393325e+00   1.8477799e+01   3.8454909e+00
   4.4581310e+00   1.9366165e+01   4.6506867e+00
   4.2501875e+00   1.7150365e+01   4.5617333e+00
   4.7121046e+00   2.1782783e+01   4.8269193e+00
   3.9620763e+00   1.7651069e+01   4.2258523e+00
   4.3287201e+00   2.0099865e+01   4.4874986e+00
   4.9064996e+00   1.6811339e+01   5.2856019e+00
   4.1537670e+00   2.0866073e+01   4.2827887e+00
   4.3380966e+00   1.8288662e+01   4.5805217e+00
   3.5589060e+00   1.8157572e+01   3.7780888e+00
   4.2215451e+00   1.8106219e+01   4.4694788e+00
   4.4156974e+00   2.2588291e+01   4.5062206e+00
   4.0662748e+00   1.7464071e+01   4.3467527e+00
   4.1108528e+00   2.4605773e+01   4.1647912e+00
   2.7477311e+00   1.3363826e+01   3.3376444e+00
   4.1204312e+00   2.3649186e+01   4.1878139e+00
   3.2104904e+00   1.3374447e+01   3.8454521e+00
   4.1175025e+00   2.2755785e+01   4.2003005e+00
   3.0222654e+00   1.3776711e+01   3.5818705e+00
   3.9067944e+00   2.1468514e+01   4.0144692e+00
   3.9565548e+00   1.4188507e+01   4.5515799e+00
   3.9192320e+00   2.4633612e+01   3.9711483e+00
   3.5685131e+00   1.5523348e+01   3.9746889e+00
   3.6183150e+00   2.1506099e+01   3.7201229e+00
   3.7529639e+00   1.6042438e+01   4.1239007e+00
   4.1822837e+00   2.4104491e+01   4.2435706e+00
   3.3561936e+00   1.2648694e+01   4.1298078e+00
   4.0910761e+00   2.1654154e+01   4.1974397e+00
   3.9303214e+00   1.8588746e+01   4.1411887e+00
   3.9824112e+00   2.1930211e+01   4.0803964e+00
   3.5878164e+00   1.8269142e+01   3.8023997e+00
   3.9077498e+00   2.3141718e+01   3.9808847e+00
   4.5005597e+00   1.8186146e+01   4.7559793e+00
   3.6703946e+00   1.9544214e+01   3.8321472e+00
   4.3421459e+00   2.1119960e+01   4.4677472e+00
   3.0254118e+00   1.7194190e+01   3.2770684e+00
   4.3143080e+00   1.9503321e+01   4.4962471e+00
   3.8339950e+00   2.0580174e+01   3.9646823e+00
   4.0932626e+00   1.8979429e+01   4.2911745e+00
   3.7366962e+00   1.9538485e+01   3.9004403e+00
   3.8305104e+00   1.8783300e+01   4.0287099e+00
   3.5583822e+00   2.0526662e+01   3.6848600e+00
   4.7100959e+00   1.9510432e+01   4.9046693e+00
   3.5020456e+00   1.8024950e+01   3.7260021e+00
   4.1956839e+00   1.7903774e+01   4.4544615e+00
   3.1283339e+00   1.6610999e+01   3.4213581e+00
   3.8510490e+00   1.8533065e+01   4.0618478e+00
   3.7157817e+00   1.9518348e+01   3.8797268e+00
   4.0324100e+00   1.7342534e+01   4.3193047e+00
   3.5816947e+00   2.1676363e+01   3.6789915e+00
   4.7239270e+00   1.7161947e+01   5.0616946e+00
   3.2668832e+00   1.9829258e+01   3.4087341e+00
   4.1847797e+00   2.0347115e+01   4.3310689e+00
   2.7065771e+00   1.8272648e+01   2.8930011e+00
   4.0265340e+00   1.9685013e+01   4.1926290e+00
   3.6173257e+00   2.0265641e+01   3.7529809e+00
   4.0061082e+00   1.7974761e+01   4.2525305e+00
   2.0247855e+00   1.9365078e+01   2.1556340e+00
   3.9940717e+00   1.8206555e+01   4.2270568e+00
   1.6378438e+00   1.8547789e+01   1.7874805e+00
   4.1218530e+00   1.8543802e+01   4.3419542e+00
   2.0755563e+00   1.9608678e+01   2.2001499e+00
   3.9635514e+00   1.7604201e+01   4.2302954e+00
   2.8389100e+00   1.6039523e+01   3.1586629e+00
   4.3699699e+00   1.8224372e+01   4.6174229e+00
   3.5562019e+00   2.4512223e+01   3.6065297e+00
   4.1662604e+00   1.9154052e+01   4.3586649e+00
   2.3763833e+00   2.3816148e+01   2.4256707e+00
   3.7351298e+00   2.1334397e+01   3.8431018e+00
