  -1.1370643e+00   2.3021617e+00   3.4929008e+00
   6.7766901e-01   5.6493338e+00   3.3876574e+00
  -2.0531931e+00   6.0180160e-01   4.0639061e+00
   2.0364264e+00   6.8504579e+00   4.5914186e+00
   1.6481444e-01   5.0171786e+00   3.0749024e+00
  -1.5593612e-01   4.3485788e+00   3.1036932e+00
  -4.4616980e-01   3.5447612e+00   3.3546115e+00
   4.3530189e-01   5.2376231e+00   3.3181394e+00
  -5.4139262e-01   3.5182836e+00   3.2224885e+00
  -3.3019577e-01   4.6495944e+00   2.6101808e+00
  -3.6494026e-01   3.9147542e+00   3.1441484e+00
  -7.6649845e-01   3.6849970e+00   2.7110069e+00
  -6.8763566e-01   3.3573602e+00   3.1359449e+00
   7.9927222e-01   6.0311373e+00   3.3139682e+00
  -4.0314596e-01   4.5777189e+00   2.5551925e+00
  -5.6042146e-01   4.4185535e+00   2.4404950e+00
  -9.0690070e-01   2.6114528e+00   3.5465759e+00
   8.1139228e-01   6.2217847e+00   3.2144491e+00
  -8.6817966e-01   1.8090589e+00   4.7021547e+00
   7.2503524e-01   4.2257636e+00   4.6870170e+00
   1.0476762e+00   5.4277348e+00   4.1125476e+00
  -9.5108728e-01   2.3226002e+00   3.8133391e+00
   6.4044623e-01   4.3453259e+00   4.4119257e+00
  -2.2589131e-01   3.0721280e+00   4.2549729e+00
   5.9316454e-01   4.5017290e+00   4.1778679e+00
  -1.4488242e+00   2.0333014e+00   3.2474972e+00
   2.8995562e-01   4.5417940e+00   3.6437598e+00
  -1.1840421e+00   2.2600236e+00   3.4575791e+00
   2.3395453e-02   3.7881593e+00   3.9078883e+00
   6.0386570e-02   3.6647174e+00   4.1017576e+00
   2.5240462e-01   5.3333421e+00   2.9818905e+00
  -1.3417055e+00   2.5254118e+00   2.8819129e+00
  -3.1375050e-01   2.9632505e+00   4.2219358e+00
  -3.0101190e-02   3.8843739e+00   3.7208587e+00
   1.4701740e+00   6.8460161e+00   3.7737555e+00
  -2.1263190e+00   5.2277877e-01   4.0347439e+00
   1.2827529e+00   5.9210107e+00   4.1009026e+00
  -1.6608775e+00   9.1733407e-01   4.4051067e+00
   1.0049532e+00   5.7675084e+00   3.7911131e+00
  -2.4074531e+00   4.1804239e-01   3.6021728e+00
   9.6954125e-01   5.9395105e+00   3.6198253e+00
  -2.6675491e+00   1.3961584e-01   3.4969085e+00
   2.4945507e-01   4.7834733e+00   3.3803320e+00
  -1.4569771e+00   1.3769852e+00   4.1132787e+00
   6.9821126e-01   6.4388070e+00   2.9337126e+00
  -2.3227486e+00   9.1602020e-01   3.0468995e+00
   1.6388095e-01   4.0177115e+00   3.9185136e+00
  -1.0059369e+00   2.1251709e+00   3.9632538e+00
   3.4386065e-01   4.0536883e+00   4.1920165e+00
   2.5046855e-01   4.6656798e+00   3.4769710e+00
   1.9788268e-01   4.3508571e+00   3.6627437e+00
  -5.2539738e-01   3.9920593e+00   2.8258461e+00
   1.0681876e-01   4.4923221e+00   3.3950491e+00
  -6.1578685e-01   4.0474251e+00   2.6421033e+00
  -2.1356783e-01   3.6424944e+00   3.6493701e+00
   9.6061432e-01   5.7307384e+00   3.7507121e+00
  -4.6171442e-02   4.9962922e+00   2.7794167e+00
  -4.6447851e-01   4.4637087e+00   2.5483529e+00
  -6.3205061e-01   2.7440575e+00   3.8923598e+00
   8.4441473e-01   5.8754876e+00   3.4795176e+00
  -5.7037193e-01   3.3669398e+00   3.3216593e+00
   1.0191490e-01   5.0081416e+00   2.9882183e+00
  -5.9893209e-01   3.7605412e+00   2.9084234e+00
  -4.7524848e-01   4.4201233e+00   2.5647469e+00
  -9.0725189e-01   2.9081426e+00   3.2193506e+00
   1.0837466e+00   6.0835646e+00   3.6912962e+00
  -4.3913254e-01   4.4624950e+00   2.5866607e+00
  -4.1114970e-01   4.7454731e+00   2.4250050e+00
  -1.3440921e+00   1.9090765e+00   3.5960318e+00
   1.1276384e+00   6.3959200e+00   3.5564275e+00
  -2.6806921e-01   4.4677642e+00   2.8379018e+00
  -1.0287495e+00   2.9555848e+00   2.9656793e+00
  -6.2428528e-01   3.6698932e+00   2.9483349e+00
   3.2981261e-01   4.3261948e+00   3.9020048e+00
  -5.0040348e-01   4.7293742e+00   2.3080766e+00
  -9.0416554e-01   3.2589907e+00   2.8755877e+00
  -9.3627128e-01   2.7220621e+00   3.3693877e+00
   3.0041591e-01   4.5348323e+00   3.6665487e+00
  -1.2441443e+00   3.1646806e+00   2.4200306e+00
   9.0196339e-02   4.2524639e+00   3.5759128e+00
  -8.5224357e-01   4.4414817e+00   2.0034366e+00
  -8.5210659e-01   3.5578210e+00   2.6873467e+00
  -1.5972276e+00   2.2001648e+00   2.7950589e+00
   1.8882333e-01   4.6152670e+00   3.4218606e+00
  -1.1151473e-01   5.2937308e+00   2.4885535e+00
  -6.5724511e-01   3.9745410e+00   2.6377652e+00
  -1.0730438e+00   2.4385337e+00   3.4478802e+00
   3.8006731e-01   4.8929237e+00   3.4954376e+00
  -1.4935258e+00   2.1701297e+00   3.0083754e+00
   9.8750309e-02   5.2063161e+00   2.8454056e+00
