   3.7162639e+00   1.8575003e+01   3.9203902e+00
   3.6673358e+00   2.2540031e+01   3.7481356e+00
   3.0887353e+00   1.6315659e+01   3.4006674e+00
   3.8866441e+00   2.0769748e+01   4.0128103e+00
   3.6736883e+00   2.1764548e+01   3.7704557e+00
   3.6074976e+00   2.2173009e+01   3.6946017e+00
   3.4544684e+00   2.1589205e+01   3.5517313e+00
   4.0507205e+00   2.1237596e+01   4.1670659e+00
   3.8598024e+00   2.0274282e+01   4.0006932e+00
   4.6564284e+00   2.3853226e+01   4.7268446e+00
   3.6445688e+00   1.9152586e+01   3.8209639e+00
   3.0189564e+00   2.0649054e+01   3.1318017e+00
   3.7474300e+00   2.0075281e+01   3.8922592e+00
   4.0666813e+00   2.4358761e+01   4.1233666e+00
   2.9056219e+00   1.4863764e+01   3.3309527e+00
   2.9467031e+00   2.1962713e+01   3.0290717e+00
   3.1525629e+00   1.7987194e+01   3.3661165e+00
   3.3721689e+00   2.2935880e+01   3.4424894e+00
   4.3307904e+00   1.6170280e+01   4.7285126e+00
   3.8850287e+00   1.5287056e+01   4.3381532e+00
   4.7140364e+00   2.1562124e+01   4.8349181e+00
   3.6437440e+00   1.7227260e+01   3.9198029e+00
   4.3853026e+00   2.2937537e+01   4.4683675e+00
   4.1721970e+00   1.7870875e+01   4.4319202e+00
   5.0358375e+00   2.1168656e+01   5.1760089e+00
   4.5680725e+00   1.6876139e+01   4.9193956e+00
   4.5285451e+00   1.8964535e+01   4.7425874e+00
   2.8430454e+00   1.5421287e+01   3.2126694e+00
   4.5829706e+00   2.1263923e+01   4.7095877e+00
   3.8240440e+00   1.8145567e+01   4.0537024e+00
   3.6721325e+00   1.5993349e+01   4.0422839e+00
   2.9002394e+00   1.6610511e+01   3.1828751e+00
   4.3193162e+00   2.0232217e+01   4.4730414e+00
   3.2905472e+00   1.7562701e+01   3.5315181e+00
   4.3123791e+00   2.5925162e+01   4.3535248e+00
   2.4459127e+00   1.1285538e+01   3.3654303e+00
   4.2367849e+00   2.4717165e+01   4.2904749e+00
   2.8191015e+00   1.2098721e+01   3.6245512e+00
   4.3246727e+00   2.3402830e+01   4.3984997e+00
   3.4374966e+00   1.1785139e+01   4.4032062e+00
   4.2213542e+00   2.0151921e+01   4.3753767e+00
   2.1219279e+00   1.0926770e+01   3.0725110e+00
   4.2394543e+00   2.1244521e+01   4.3593673e+00
   3.0555166e+00   1.2706741e+01   3.7804712e+00
   3.4858873e+00   1.7791051e+01   3.7217474e+00
   2.3672042e+00   1.1936004e+01   3.1449923e+00
   4.1209037e+00   2.1209550e+01   4.2393953e+00
   2.6608659e+00   1.2375189e+01   3.3957125e+00
   4.0777487e+00   2.1282885e+01   4.1934028e+00
   3.7977786e+00   1.9353174e+01   3.9704553e+00
   4.2521105e+00   2.1079206e+01   4.3769748e+00
   4.4026685e+00   2.3185119e+01   4.4813434e+00
   4.1160485e+00   2.0019160e+01   4.2720816e+00
   2.9592182e+00   1.9624910e+01   3.1009191e+00
   4.1388759e+00   2.0854081e+01   4.2679320e+00
   3.9113094e+00   2.3048031e+01   3.9860889e+00
   3.0291895e+00   1.4596789e+01   3.4911064e+00
   2.9835166e+00   1.9093464e+01   3.1443869e+00
   3.8570991e+00   1.9500944e+01   4.0256033e+00
   3.4043078e+00   2.2496425e+01   3.4825411e+00
   4.1012941e+00   2.0212949e+01   4.2500938e+00
   4.7122779e+00   2.1678131e+01   4.8299155e+00
   3.7807858e+00   1.9127938e+01   3.9622241e+00
   2.9929219e+00   1.9280786e+01   3.1471858e+00
   4.1307536e+00   2.0819786e+01   4.2606617e+00
   3.9285055e+00   2.4282831e+01   3.9848873e+00
   2.9483248e+00   1.5120491e+01   3.3515848e+00
   2.8279881e+00   1.8862753e+01   2.9936457e+00
   3.6148247e+00   1.8828722e+01   3.8040733e+00
   3.3734507e+00   2.2209943e+01   3.4566280e+00
   3.9979951e+00   1.8641279e+01   4.2086868e+00
   2.9543653e+00   1.8233243e+01   3.1498548e+00
   3.8945923e+00   1.8929305e+01   4.0882370e+00
   3.9020471e+00   2.2025121e+01   3.9966346e+00
   2.8769467e+00   1.5037935e+01   3.2834156e+00
   2.9418498e+00   1.8435921e+01   3.1279963e+00
   3.5789486e+00   1.7821056e+01   3.8167681e+00
   3.2985046e+00   2.0942500e+01   3.4086828e+00
   2.5273899e+00   2.0768321e+01   2.6292355e+00
   3.6711460e+00   1.8048425e+01   3.9001608e+00
   1.7416572e+00   1.5019034e+01   2.0854364e+00
   2.9347603e+00   1.7179472e+01   3.1836967e+00
   2.1162650e+00   1.7540414e+01   2.3184916e+00
   3.2214159e+00   1.8307782e+01   3.4218318e+00
   3.1461738e+00   1.5451544e+01   3.5314512e+00
   3.2143005e+00   2.1249432e+01   3.3155696e+00
   3.7390768e+00   1.9869325e+01   3.8907823e+00
   3.4859938e+00   2.0974127e+01   3.5986990e+00
   2.4305234e+00   1.9067915e+01   2.5792541e+00
   2.8060555e+00   2.1624072e+01   2.8932246e+00
