   2.8807856e+00   1.6879469e+01   3.1454619e+00
   4.6368047e+00   2.0175363e+01   4.8013621e+00
   1.6254561e+00   1.1167931e+01   2.4567926e+00
   5.6021297e+00   2.2310913e+01   5.7212298e+00
   3.2710573e+00   1.8735268e+01   3.4539840e+00
   4.2468550e+00   2.0628312e+01   4.3853571e+00
   2.6879395e+00   1.8738053e+01   2.8548280e+00
   5.0135233e+00   1.8214332e+01   5.2915156e+00
   2.7677333e+00   1.7725531e+01   2.9813821e+00
   5.7519625e+00   2.1866940e+01   5.8876863e+00
   2.9849536e+00   1.6160577e+01   3.3030660e+00
   4.4219573e+00   1.6849360e+01   4.7664764e+00
   3.0532733e+00   1.9131198e+01   3.2144933e+00
   5.0978160e+00   2.1533225e+01   5.2280424e+00
   1.8446078e+00   1.2687788e+01   2.4456597e+00
   3.9906867e+00   1.9747642e+01   4.1534013e+00
   2.6482730e+00   1.6357773e+01   2.9364977e+00
   4.5815138e+00   1.9389145e+01   4.7771989e+00
   2.6402388e+00   1.2134011e+01   3.4157686e+00
   5.4859707e+00   1.4816421e+01   6.1656887e+00
   4.1555792e+00   1.9093355e+01   4.3503653e+00
   4.1057388e+00   1.4333873e+01   4.6959112e+00
   3.7747543e+00   1.8457606e+01   3.9865760e+00
   4.6079380e+00   1.4174223e+01   5.2794896e+00
   3.8499037e+00   1.9206560e+01   4.0301155e+00
   5.1115759e+00   1.3656755e+01   5.9487372e+00
   3.3753409e+00   1.6412435e+01   3.6947897e+00
   4.5320068e+00   1.3717912e+01   5.2709146e+00
   3.8510627e+00   1.8999626e+01   4.0401881e+00
   4.9997595e+00   1.4797217e+01   5.6220014e+00
   2.8071854e+00   1.3446073e+01   3.3913480e+00
   4.2021011e+00   1.5205756e+01   4.6902759e+00
   3.6261469e+00   1.7233665e+01   3.9009901e+00
   4.2408470e+00   1.3568483e+01   4.9668616e+00
   3.8270787e+00   2.1253937e+01   3.9387557e+00
   2.4758499e+00   9.0973914e+00   4.0462689e+00
   3.7022404e+00   2.0371101e+01   3.8364713e+00
   3.1849982e+00   9.3468958e+00   4.8658185e+00
   3.3389368e+00   1.9740500e+01   3.4854092e+00
   3.5731563e+00   9.8569806e+00   5.1653569e+00
   3.3395395e+00   1.8323782e+01   3.5430301e+00
   3.2651258e+00   1.0026991e+01   4.7045825e+00
   3.6393167e+00   1.8823421e+01   3.8295619e+00
   3.2995407e+00   1.0013810e+01   4.7529904e+00
   2.8027087e+00   1.4711644e+01   3.2362973e+00
   3.2642064e+00   1.1012265e+01   4.3937954e+00
   3.5487332e+00   1.7963713e+01   3.7776462e+00
   3.1323602e+00   9.8010451e+00   4.6179588e+00
   3.4322154e+00   1.8473417e+01   3.6317187e+00
   4.8469773e+00   1.7683981e+01   5.1524590e+00
   3.1038486e+00   1.9321629e+01   3.2593396e+00
   5.0895323e+00   1.9514043e+01   5.2975298e+00
   3.1504205e+00   1.7398974e+01   3.3951840e+00
   4.5496204e+00   1.7150104e+01   4.8779760e+00
   3.4064817e+00   1.9253225e+01   3.5722600e+00
   5.0784210e+00   1.8706416e+01   5.3290939e+00
   2.2639585e+00   1.2467798e+01   2.9387865e+00
   3.9856779e+00   1.7475230e+01   4.2616105e+00
   3.2087444e+00   1.6856317e+01   3.4890808e+00
   4.4679308e+00   1.7869435e+01   4.7414084e+00
   2.7085539e+00   1.8393540e+01   2.8898811e+00
   5.8943561e+00   2.1002832e+01   6.0647521e+00
   2.8461788e+00   1.7377163e+01   3.0806642e+00
   4.7777955e+00   1.8327338e+01   5.0373204e+00
   3.1068953e+00   1.9214214e+01   3.2663819e+00
   5.1539368e+00   2.0390464e+01   5.3254951e+00
   2.0878405e+00   1.3036258e+01   2.6624258e+00
   4.0430868e+00   2.0172289e+01   4.1918324e+00
   2.7500698e+00   1.6839603e+01   3.0118239e+00
   4.6036115e+00   1.9368888e+01   4.8009829e+00
   2.6258721e+00   1.6840241e+01   2.8826222e+00
   4.3898891e+00   1.6337931e+01   4.7762270e+00
   2.8942969e+00   1.9606618e+01   3.0351741e+00
   4.8082778e+00   1.8273927e+01   5.0724965e+00
   1.9283000e+00   1.2884521e+01   2.5095092e+00
   3.9271930e+00   1.7312857e+01   4.2109627e+00
   2.6979218e+00   1.7062673e+01   2.9444546e+00
   4.3122455e+00   1.6820321e+01   4.6525093e+00
   1.8157667e+00   1.8854920e+01   1.9586695e+00
   4.6366971e+00   1.4919006e+01   5.2017223e+00
   9.8715013e-01   1.2546860e+01   1.5366369e+00
   3.9426035e+00   1.4415008e+01   4.5050884e+00
   1.4838489e+00   1.6552188e+01   1.7162077e+00
   4.2524860e+00   1.3716074e+01   4.9547294e+00
   2.2077711e+00   1.3340289e+01   2.7527038e+00
   4.5265475e+00   1.9291873e+01   4.7248054e+00
   3.0980874e+00   1.7269595e+01   3.3482355e+00
   4.7686176e+00   1.6344117e+01   5.1814296e+00
   1.8976835e+00   1.5578914e+01   2.2064140e+00
   4.0836983e+00   1.7772352e+01   4.3454694e+00
