   1.3912656e+00   7.4938970e+00   3.3253904e+00
   2.0728665e+00   9.0289973e+00   3.5621363e+00
   7.8398737e-02   4.5521421e+00   3.3012524e+00
   3.2288990e+00   1.1688945e+01   4.1816781e+00
   2.1291753e+00   1.0631241e+01   3.1503729e+00
   1.3304220e+00   8.7822664e+00   2.7311457e+00
   1.5205285e+00   9.3702594e+00   2.7739268e+00
   2.3818919e+00   8.6878837e+00   4.0911731e+00
   1.7258980e+00   9.1126206e+00   3.1036859e+00
   2.1138054e+00   9.6803141e+00   3.3939074e+00
   1.4081844e+00   7.7104258e+00   3.2473035e+00
   1.9584383e+00   8.9641520e+00   3.4425367e+00
   1.3585934e+00   8.5008010e+00   2.8641121e+00
   2.4778460e+00   1.0426822e+01   3.6137395e+00
   1.3068473e+00   9.1091342e+00   2.5974186e+00
   1.3670520e+00   8.5145072e+00   2.8696220e+00
   1.2896194e+00   8.5801635e+00   2.7506358e+00
   2.1729716e+00   1.0188644e+01   3.3165421e+00
   1.3005333e+00   5.6452487e+00   4.3383146e+00
   2.0780376e+00   7.7157290e+00   4.1418765e+00
   3.1191134e+00   1.1064139e+01   4.2062178e+00
   5.5966242e-01   6.3506529e+00   2.7934312e+00
   2.5268127e+00   9.7228292e+00   3.8856976e+00
   1.9052996e+00   6.9737583e+00   4.3193593e+00
   3.0776848e+00   1.0174197e+01   4.4188638e+00
   1.1806469e+00   6.2495763e+00   3.7242808e+00
   2.3187334e+00   8.9811901e+00   3.8907245e+00
   1.2707460e+00   6.9594598e+00   3.4335152e+00
   2.1718881e+00   8.7352753e+00   3.7998258e+00
   1.6867404e+00   7.2918428e+00   3.8268489e+00
   2.3551005e+00   9.9529182e+00   3.6028312e+00
   8.0174595e-01   6.2045326e+00   3.2112084e+00
   2.5686959e+00   9.4769380e+00   4.0225697e+00
   1.7099893e+00   7.5065278e+00   3.7465420e+00
   2.9695128e+00   1.2415321e+01   3.7354198e+00
  -7.9197688e-01   3.0966929e+00   3.2203735e+00
   2.5027461e+00   1.1146055e+01   3.4623456e+00
   5.0204472e-01   4.4072279e+00   4.1140075e+00
   2.6178990e+00   1.1380951e+01   3.5425014e+00
   3.6661810e-01   4.4762983e+00   3.8253885e+00
   2.3146066e+00   9.9664766e+00   3.5498037e+00
  -1.2654976e-01   3.8193568e+00   3.6220231e+00
   2.2916219e+00   9.6574002e+00   3.6177928e+00
   5.7867052e-01   4.6335800e+00   4.0317446e+00
   2.4231895e+00   1.1599432e+01   3.2732948e+00
  -1.3312645e-02   4.0206293e+00   3.6187310e+00
   2.2918652e+00   1.0067408e+01   3.4927145e+00
   6.1050748e-01   4.5549929e+00   4.1568882e+00
   2.1705060e+00   9.7262894e+00   3.4484420e+00
   2.2679261e+00   8.4896163e+00   4.0274094e+00
   2.3142143e+00   9.6774077e+00   3.6390165e+00
   1.7925703e+00   9.0628958e+00   3.2022404e+00
   1.7305002e+00   8.3683419e+00   3.3825426e+00
   2.1822114e+00   9.8299538e+00   3.4309432e+00
   1.9832658e+00   9.1466573e+00   3.4088218e+00
   2.4041230e+00   9.5197631e+00   3.8021471e+00
   1.8397791e+00   9.4946322e+00   3.1197508e+00
   1.3572444e+00   7.8634915e+00   3.1139621e+00
   1.8520522e+00   8.7184063e+00   3.3999221e+00
   2.2651190e+00   1.0030237e+01   3.4714047e+00
   1.7889351e+00   9.0939712e+00   3.1872156e+00
   2.2422021e+00   1.0044637e+01   3.4397300e+00
   1.2897261e+00   7.8630509e+00   3.0273837e+00
   2.3540463e+00   1.0710652e+01   3.3933630e+00
   1.2593665e+00   8.1479122e+00   2.8731076e+00
   2.6589117e+00   1.0412490e+01   3.8343380e+00
   1.5632066e+00   9.6468515e+00   2.7442799e+00
   1.3242351e+00   8.3375761e+00   2.8817030e+00
   1.3372157e+00   8.2676961e+00   2.9245052e+00
   2.5166684e+00   1.1135497e+01   3.4809097e+00
   1.6002829e+00   8.5335189e+00   3.1533020e+00
   1.4158152e+00   7.6678695e+00   3.2765993e+00
   1.4999339e+00   8.7000112e+00   2.9675547e+00
   2.1660814e+00   8.7062960e+00   3.8040315e+00
   1.4043990e+00   9.4629029e+00   2.6084648e+00
   1.0373086e+00   7.0744736e+00   3.0589862e+00
   1.5600731e+00   8.7143232e+00   3.0368535e+00
   2.0268175e+00   8.7842881e+00   3.5955968e+00
   4.5971432e-01   7.7664398e+00   2.0246709e+00
   1.9482030e+00   8.2342685e+00   3.7201966e+00
   3.7604060e-01   9.0153337e+00   1.5281594e+00
   6.6797966e-01   6.5048957e+00   2.8568282e+00
   4.9857919e-01   8.1093926e+00   1.9494680e+00
   1.7128473e+00   8.0063565e+00   3.5129986e+00
   1.9281425e+00   1.0749212e+01   2.8897958e+00
   1.3824189e+00   8.2827982e+00   2.9754412e+00
   1.7783153e+00   8.9857792e+00   3.2112007e+00
   2.0937077e+00   8.9806546e+00   3.6060173e+00
   8.4814877e-01   8.1293035e+00   2.3687984e+00
   1.3525557e+00   9.0387866e+00   2.6743276e+00
