   3.2349910e+00   1.8840664e+01   3.4124736e+00
   3.9566106e+00   2.1441016e+01   4.0658729e+00
   2.4805810e+00   1.5143543e+01   2.8532975e+00
   4.3447580e+00   2.0837629e+01   4.4789172e+00
   3.3568981e+00   2.3266317e+01   3.4218943e+00
   4.1947391e+00   2.0664420e+01   4.3308767e+00
   3.0078673e+00   2.4274775e+01   3.0566293e+00
   4.7847808e+00   1.9538346e+01   4.9806569e+00
   3.3673242e+00   2.1665382e+01   3.4615666e+00
   5.1997383e+00   2.2580005e+01   5.3037719e+00
   2.9282434e+00   1.9390967e+01   3.0771143e+00
   3.1002738e+00   2.0227459e+01   3.2262711e+00
   3.1087787e+00   2.1392979e+01   3.2051319e+00
   4.5250400e+00   2.5006058e+01   4.5777840e+00
   2.0891985e+00   1.5007599e+01   2.4518300e+00
   3.0426358e+00   2.4513480e+01   3.0890340e+00
   2.8113684e+00   1.8128463e+01   3.0072643e+00
   3.9229934e+00   2.3933107e+01   3.9840620e+00
   3.6555907e+00   1.5188069e+01   4.1015724e+00
   4.5106683e+00   1.6079276e+01   4.9301849e+00
   4.4290032e+00   2.2841666e+01   4.5145665e+00
   4.1299864e+00   1.7211259e+01   4.4308111e+00
   4.0892413e+00   2.1931821e+01   4.1889529e+00
   4.9813999e+00   1.7708414e+01   5.2925922e+00
   4.6750889e+00   2.1282221e+01   4.8032046e+00
   5.1175514e+00   1.6983413e+01   5.4959085e+00
   3.9365983e+00   2.0013716e+01   4.0881907e+00
   2.9536872e+00   1.5636981e+01   3.3113734e+00
   4.0389329e+00   2.1972166e+01   4.1368900e+00
   4.3979992e+00   1.8923807e+01   4.6092350e+00
   2.9583840e+00   1.5752121e+01   3.3068390e+00
   3.2565304e+00   1.7660012e+01   3.4908212e+00
   3.9685145e+00   2.1828820e+01   4.0685943e+00
   3.9637830e+00   1.8596637e+01   4.1754512e+00
   4.0082685e+00   2.6162885e+01   4.0452878e+00
   2.9885126e+00   1.1953831e+01   3.8463599e+00
   3.9686247e+00   2.5036048e+01   4.0163228e+00
   3.3317507e+00   1.2186530e+01   4.1922974e+00
   4.0438652e+00   2.2123932e+01   4.1385200e+00
   3.9282555e+00   1.2604233e+01   4.7934467e+00
   3.5240050e+00   1.8983484e+01   3.7038835e+00
   1.9849327e+00   1.1171804e+01   2.8625635e+00
   3.7080719e+00   2.0737364e+01   3.8315010e+00
   3.4875116e+00   1.3502853e+01   4.1330477e+00
   2.8166730e+00   1.7411873e+01   3.0482103e+00
   2.6002411e+00   1.2968964e+01   3.2325846e+00
   3.7053599e+00   2.1799235e+01   3.8018512e+00
   3.1141560e+00   1.2892625e+01   3.8146273e+00
   3.5349227e+00   2.2309694e+01   3.6183340e+00
   4.6576373e+00   1.8332557e+01   4.9113805e+00
   3.8067208e+00   2.0904459e+01   3.9274051e+00
   4.8194327e+00   2.2958114e+01   4.9085393e+00
   3.5221725e+00   1.9610352e+01   3.6776554e+00
   2.8794659e+00   1.9076949e+01   3.0383625e+00
   3.4805385e+00   2.0800732e+01   3.5977556e+00
   4.3389419e+00   2.2918235e+01   4.4217229e+00
   2.2459138e+00   1.4204875e+01   2.6936137e+00
   3.0831754e+00   2.0746055e+01   3.1946281e+00
   3.3679189e+00   1.9422587e+01   3.5263265e+00
   3.9563599e+00   2.2118692e+01   4.0497589e+00
   3.8546393e+00   1.9977396e+01   4.0054432e+00
   5.1360983e+00   2.1068342e+01   5.2821681e+00
   3.2928153e+00   1.8076543e+01   3.5067243e+00
   2.9655855e+00   1.8479498e+01   3.1505441e+00
   3.7550597e+00   2.1668799e+01   3.8553187e+00
   4.4751671e+00   2.3890354e+01   4.5428387e+00
   2.2442083e+00   1.4749652e+01   2.6383430e+00
   2.9331374e+00   2.0056314e+01   3.0608546e+00
   3.3062873e+00   1.8834765e+01   3.4860495e+00
   3.9344076e+00   2.2181090e+01   4.0261336e+00
   3.2669840e+00   1.7880505e+01   3.4899387e+00
   2.8443528e+00   1.7615803e+01   3.0661312e+00
   3.2548256e+00   1.9451377e+01   3.4093601e+00
   4.3535860e+00   2.3618771e+01   4.4241638e+00
   2.1628520e+00   1.4639344e+01   2.5623354e+00
   2.9979985e+00   2.0146671e+01   3.1243388e+00
   3.1306982e+00   1.8414712e+01   3.3233999e+00
   3.8078090e+00   2.1816607e+01   3.9055402e+00
   2.0742945e+00   2.2040833e+01   2.1453431e+00
   4.1212349e+00   1.8630799e+01   4.3368986e+00
   1.1167664e+00   1.5266548e+01   1.4143750e+00
   2.9499092e+00   1.8189543e+01   3.1472535e+00
   1.7995142e+00   1.8262121e+01   1.9630264e+00
   3.6326767e+00   1.9052729e+01   3.8128577e+00
   2.3113773e+00   1.4926972e+01   2.6934092e+00
   3.5648190e+00   2.1521837e+01   3.6653812e+00
   3.2282611e+00   1.9466199e+01   3.3816165e+00
   4.0017749e+00   2.0910937e+01   4.1262434e+00
   2.0255190e+00   1.9202558e+01   2.1613898e+00
   3.3849128e+00   2.2323412e+01   3.4660856e+00
