  -3.1773526e+00  -1.0633660e+00   4.5381178e+00
  -8.0385972e-01   1.9340430e+00   4.6471342e+00
  -3.8974695e+00  -1.9295541e+00   4.5685441e+00
  -1.6717354e-01   2.9257814e+00   4.5512838e+00
  -2.1096980e+00   7.6143485e-01   3.6906253e+00
  -2.3008214e+00   4.5800706e-01   3.7637422e+00
  -2.2557752e+00   4.8074490e-01   3.8233080e+00
  -1.7778618e+00   8.8253905e-01   4.2044273e+00
  -2.5532728e+00   2.7195625e-04   3.9776919e+00
  -1.9656853e+00   8.8270066e-01   3.8041369e+00
  -2.4703656e+00   4.0970484e-01   3.4844670e+00
  -2.3782911e+00   4.3711738e-01   3.6332973e+00
  -2.7428008e+00  -2.6456411e-01   4.0185645e+00
  -1.6071465e+00   1.2691026e+00   3.9634163e+00
  -3.0093132e+00  -2.7287205e-01   3.4421626e+00
  -1.7853757e+00   1.3559888e+00   3.4827137e+00
  -2.7636804e+00  -1.8837887e-01   3.8355989e+00
  -1.6134813e+00   1.4263350e+00   3.7229283e+00
  -2.5104029e+00  -6.1571444e-01   5.3340792e+00
  -7.9548842e-01   1.4829656e+00   5.4272960e+00
  -1.0388294e+00   1.5767795e+00   4.6987303e+00
  -2.9486470e+00  -8.7518632e-01   4.7277008e+00
  -1.0697225e+00   1.4915174e+00   4.7697415e+00
  -2.2193432e+00  -2.4103890e-01   5.2797289e+00
  -1.3512791e+00   1.2503557e+00   4.5401390e+00
  -2.7425074e+00  -5.6947219e-01   4.6103392e+00
  -1.6722571e+00   1.0703634e+00   4.1313214e+00
  -2.6426930e+00  -2.9070442e-01   4.3019323e+00
  -2.0743380e+00   2.5969877e-01   4.6196972e+00
  -2.0498019e+00   2.4242342e-01   4.7120667e+00
  -2.0745335e+00   5.9272831e-01   4.0322820e+00
  -2.5246375e+00  -9.7019059e-02   4.2178963e+00
  -2.0656848e+00   3.0579489e-01   4.5539746e+00
  -1.9449291e+00   4.6297713e-01   4.5499643e+00
  -3.2324678e-01   2.9958505e+00   4.1644967e+00
  -4.0219117e+00  -1.9119578e+00   4.1962063e+00
  -3.1149242e-01   2.8205680e+00   4.4054499e+00
  -3.5402237e+00  -1.5247544e+00   4.6019411e+00
  -6.3457086e-01   2.4646623e+00   4.2390922e+00
  -3.4938295e+00  -1.3009640e+00   4.2336045e+00
  -8.5826688e-01   2.4447811e+00   3.8354939e+00
  -3.7903040e+00  -1.4309447e+00   3.7704449e+00
  -1.4092958e+00   1.3757903e+00   4.2151965e+00
  -3.3851395e+00  -1.1705879e+00   4.2350861e+00
  -9.2354025e-01   2.1569282e+00   4.0820938e+00
  -3.2608018e+00  -9.5914935e-01   4.1130625e+00
  -1.2311333e+00   1.5843059e+00   4.2731771e+00
  -2.8076653e+00  -4.1327147e-01   4.1424031e+00
  -1.8139982e+00   7.3026541e-01   4.3789254e+00
  -1.9152798e+00   3.6401637e-01   4.8065791e+00
  -1.9081780e+00   7.6583031e-01   4.1108999e+00
  -2.2317643e+00   4.3914470e-01   3.9429907e+00
  -1.9916031e+00   8.5267786e-01   3.7961695e+00
  -2.2765177e+00   4.4047654e-01   3.8439844e+00
  -2.5379706e+00  -9.7129623e-02   4.1870252e+00
  -1.6538365e+00   1.0894059e+00   4.1406919e+00
  -2.5966565e+00   1.7014992e-01   3.5976622e+00
  -1.9980207e+00   8.9872319e-01   3.7130290e+00
  -2.3758247e+00   6.6354780e-02   4.2655101e+00
  -1.6230107e+00   1.1602513e+00   4.0956600e+00
  -2.4678538e+00   9.7730557e-03   4.1551241e+00
  -1.9003449e+00   8.3425383e-01   4.0175263e+00
  -2.6175091e+00   1.2749561e-01   3.6223726e+00
  -2.0157850e+00   7.9970793e-01   3.8272996e+00
  -2.9115959e+00  -5.5276232e-01   4.1609086e+00
  -1.3050220e+00   1.6674194e+00   3.9995961e+00
  -2.8351725e+00  -1.8068562e-01   3.6642969e+00
  -1.6983173e+00   1.2866103e+00   3.7519709e+00
  -3.1424735e+00  -8.1016705e-01   4.1058511e+00
  -1.2288915e+00   1.7809457e+00   3.9923567e+00
  -2.3511015e+00   6.2612145e-01   3.4010423e+00
  -2.3955757e+00   4.4575943e-01   3.5836666e+00
  -2.4228716e+00   1.8488450e-01   3.9499725e+00
  -1.8558358e+00   8.2893441e-01   4.1219659e+00
  -2.5044732e+00   2.4397313e-01   3.6745138e+00
  -1.9948077e+00   7.7073623e-01   3.9168772e+00
  -2.5902093e+00   1.3856217e-02   3.8716597e+00
  -1.7286087e+00   1.0904300e+00   3.9809837e+00
  -3.0051655e+00  -3.7561778e-01   3.6246721e+00
  -1.6677067e+00   1.3903615e+00   3.6658672e+00
  -3.0563942e+00  -1.5244274e-01   3.1501141e+00
  -2.1561444e+00   1.0143361e+00   3.2323517e+00
  -3.1712810e+00  -4.8828304e-01   3.4543132e+00
  -1.7644338e+00   1.3994272e+00   3.4642613e+00
  -2.4601482e+00   5.1790535e-01   3.3417023e+00
  -1.8749197e+00   1.1928665e+00   3.5333390e+00
  -2.9456639e+00  -4.0950807e-01   3.8168409e+00
  -1.6285666e+00   1.2886491e+00   3.8904540e+00
  -3.1241236e+00  -4.4680692e-01   3.4862730e+00
  -1.9334469e+00   1.1143359e+00   3.5284657e+00
