   3.9123703e+00   2.3928926e+01   3.9733909e+00
   3.5592853e+00   1.6684422e+01   3.8682870e+00
   3.1558415e+00   1.5800817e+01   3.5114450e+00
   4.3420929e+00   1.8514945e+01   4.5722128e+00
   3.7924302e+00   2.1943488e+01   3.8870950e+00
   2.6815217e+00   1.8223431e+01   2.8693633e+00
   3.7385140e+00   2.0638376e+01   3.8654379e+00
   3.8352141e+00   1.5748831e+01   4.2382152e+00
   3.9836476e+00   2.3092817e+01   4.0585487e+00
   2.9967409e+00   1.7091532e+01   3.2533143e+00
   3.6541998e+00   2.2894127e+01   3.7284926e+00
   2.4484662e+00   1.7774017e+01   2.6496991e+00
   3.6684121e+00   2.1005375e+01   3.7836643e+00
   3.4203160e+00   1.7119654e+01   3.6931648e+00
   3.5562601e+00   1.9473002e+01   3.7176677e+00
   2.4424744e+00   1.6942819e+01   2.6862812e+00
   3.2827639e+00   2.0927968e+01   3.3930372e+00
   3.0983630e+00   1.8104898e+01   3.3043781e+00
   4.2408975e+00   1.5532969e+01   4.6958449e+00
   4.1680315e+00   1.5857752e+01   4.5840779e+00
   4.6610303e+00   1.9861310e+01   4.8388064e+00
   2.7092327e+00   1.9288302e+01   2.8566338e+00
   4.4866212e+00   1.7566833e+01   4.7811287e+00
   3.6331332e+00   1.6072460e+01   3.9941138e+00
   4.8392533e+00   2.0008600e+01   5.0165161e+00
   3.1218153e+00   1.6727004e+01   3.4067255e+00
   4.2939939e+00   1.9522650e+01   4.4744872e+00
   2.6680630e+00   1.5580564e+01   3.0145549e+00
   4.3354220e+00   2.1164031e+01   4.4596040e+00
   3.5172192e+00   1.7561405e+01   3.7673139e+00
   4.5201054e+00   1.7824513e+01   4.7990126e+00
   2.3686191e+00   1.6394977e+01   2.6424424e+00
   4.3050268e+00   1.7740744e+01   4.5789716e+00
   2.9679639e+00   1.7090308e+01   3.2234477e+00
   4.2339210e+00   2.2806641e+01   4.3173689e+00
   2.1998923e+00   1.6264129e+01   2.4751393e+00
   4.2076978e+00   2.2654251e+01   4.2937577e+00
   3.1497438e+00   1.6612864e+01   3.4436481e+00
   4.0287679e+00   2.2871203e+01   4.1081995e+00
   2.9393129e+00   1.5432796e+01   3.3136226e+00
   3.8987814e+00   2.0535223e+01   4.0322629e+00
   2.3617376e+00   1.5695076e+01   2.6836229e+00
   4.0256145e+00   2.4052853e+01   4.0860352e+00
   3.1441686e+00   1.7423020e+01   3.3873242e+00
   3.9068913e+00   2.0249944e+01   4.0496921e+00
   2.0674976e+00   1.5260836e+01   2.4082805e+00
   4.0843000e+00   2.3104442e+01   4.1602625e+00
   2.9039080e+00   1.6173102e+01   3.2170464e+00
   4.3685727e+00   2.1514255e+01   4.4837235e+00
   3.9471037e+00   1.8252247e+01   4.1758011e+00
   4.3059831e+00   2.0266180e+01   4.4581535e+00
   2.8586529e+00   1.6501724e+01   3.1466521e+00
   3.8821968e+00   2.1040884e+01   4.0005951e+00
   2.6882521e+00   1.6617367e+01   2.9612655e+00
   3.9865727e+00   2.1101813e+01   4.1053552e+00
   3.6177530e+00   1.9168618e+01   3.7927219e+00
   3.9357177e+00   1.9606331e+01   4.1023188e+00
   2.4863677e+00   1.8865339e+01   2.6435436e+00
   3.9200518e+00   2.1223246e+01   4.0342688e+00
   3.1463826e+00   1.9112427e+01   3.3106974e+00
   4.4908970e+00   1.8730579e+01   4.7154584e+00
   3.2427075e+00   1.6745470e+01   3.5319617e+00
   4.0467490e+00   1.8403502e+01   4.2712788e+00
   2.7257361e+00   1.6683589e+01   2.9961399e+00
   4.3640352e+00   1.8514199e+01   4.5950704e+00
   3.5026287e+00   1.6405661e+01   3.8293543e+00
   4.1311742e+00   1.7014342e+01   4.4462534e+00
   2.5770810e+00   1.6498399e+01   2.8529948e+00
   4.1237659e+00   1.9037272e+01   4.3200457e+00
   3.1687647e+00   1.8321464e+01   3.3668763e+00
   3.6242919e+00   1.9478804e+01   3.7872821e+00
   2.4058712e+00   1.6674260e+01   2.6639374e+00
   3.3043773e+00   2.0669751e+01   3.4218424e+00
   3.3936128e+00   1.7321698e+01   3.6527819e+00
   3.4673780e+00   1.9410549e+01   3.6287954e+00
   2.4949765e+00   1.7165257e+01   2.7283584e+00
   3.5336037e+00   2.1551047e+01   3.6329863e+00
   2.9639754e+00   1.7506217e+01   3.1957654e+00
   2.4675137e+00   1.9447651e+01   2.6044900e+00
   3.3226456e+00   1.6653197e+01   3.6220478e+00
   2.2446611e+00   1.8478054e+01   2.4105164e+00
   2.3559036e+00   1.6950390e+01   2.5961363e+00
   2.0818169e+00   1.9304286e+01   2.2156112e+00
   2.8810491e+00   1.6604348e+01   3.1632383e+00
   3.4389567e+00   1.5899258e+01   3.8029299e+00
   2.4104062e+00   1.5483826e+01   2.7510252e+00
   3.5259569e+00   2.0041424e+01   3.6667402e+00
   2.9341407e+00   1.7521588e+01   3.1640255e+00
   2.4980165e+00   2.2455790e+01   2.5666954e+00
   2.4407896e+00   1.7014272e+01   2.6805249e+00
