   2.5674895e+00   1.1245671e+01   3.5145638e+00
   3.1639164e+00   1.1912073e+01   4.0567659e+00
   7.3939581e-01   6.5317094e+00   2.9392028e+00
   3.4287655e+00   1.3071587e+01   4.1368969e+00
   2.8151025e+00   1.4256150e+01   3.2985186e+00
   3.4675602e+00   1.4113008e+01   4.0242694e+00
   2.4014087e+00   1.3155485e+01   2.9878296e+00
   4.7805885e+00   1.3533757e+01   5.5900209e+00
   2.6387686e+00   1.3345875e+01   3.2209251e+00
   2.7799745e+00   1.2315483e+01   3.5399909e+00
   1.6445426e+00   9.4529483e+00   2.8976023e+00
   3.1345968e+00   1.4799759e+01   3.5826362e+00
   2.3689557e+00   1.2075723e+01   3.1216348e+00
   3.0898162e+00   1.3393144e+01   3.7093671e+00
   1.8871711e+00   1.2182811e+01   2.5681916e+00
   3.2283561e+00   1.4695128e+01   3.6946605e+00
   2.1493230e+00   1.1775655e+01   2.9298403e+00
   2.7665635e+00   1.3010166e+01   3.4097955e+00
   1.9856741e+00   7.7424744e+00   4.0017461e+00
   2.9146591e+00   9.9291994e+00   4.2979825e+00
   3.8821916e+00   1.4764807e+01   4.3945269e+00
   2.7219629e+00   9.9240478e+00   4.0604376e+00
   3.7435066e+00   1.4186269e+01   4.3171169e+00
   3.5404064e+00   1.0025899e+01   5.0568461e+00
   3.9620453e+00   1.3939274e+01   4.5940413e+00
   2.0413568e+00   9.2116122e+00   3.4582805e+00
   2.6156602e+00   1.0444765e+01   3.7733407e+00
   2.7421118e+00   1.1021169e+01   3.7713091e+00
   3.2150867e+00   1.2386589e+01   4.0190019e+00
   2.1831793e+00   9.8037388e+00   3.4400506e+00
   3.0770994e+00   1.3124347e+01   3.7359858e+00
   2.4793322e+00   1.0706702e+01   3.5414416e+00
   3.2404733e+00   1.2393822e+01   4.0464993e+00
   2.0979948e+00   9.8431036e+00   3.3255515e+00
   3.6832536e+00   1.6082038e+01   4.0464674e+00
   1.2639814e+00   5.9393981e+00   4.0590586e+00
   3.3965193e+00   1.4270745e+01   3.9264716e+00
   2.2125015e+00   6.6916006e+00   4.9701238e+00
   3.3956458e+00   1.4541497e+01   3.8927399e+00
   9.3336683e-01   6.0818132e+00   3.4742049e+00
   2.4151237e+00   1.1354725e+01   3.3150616e+00
   1.0955615e+00   6.5077819e+00   3.4442162e+00
   3.1666307e+00   1.3154434e+01   3.8306998e+00
   9.8664930e-01   6.1822749e+00   3.4872021e+00
   3.2446139e+00   1.4177962e+01   3.7727204e+00
   1.3790411e+00   6.9523520e+00   3.5864425e+00
   2.9910976e+00   1.2634797e+01   3.7206579e+00
   1.2560554e+00   6.4584648e+00   3.7014170e+00
   3.2696124e+00   1.3664851e+01   3.8682747e+00
   4.5283774e+00   1.2544288e+01   5.5100464e+00
   3.2866704e+00   1.3762307e+01   3.8733611e+00
   2.5548374e+00   1.2401388e+01   3.2727108e+00
   2.2648048e+00   1.0223513e+01   3.4161056e+00
   3.0424964e+00   1.4249166e+01   3.5448230e+00
   2.8646337e+00   1.3004705e+01   3.5190801e+00
   2.7910906e+00   1.1941237e+01   3.6234727e+00
   2.5257446e+00   1.2545948e+01   3.2162484e+00
   2.7281456e+00   1.2427954e+01   3.4618609e+00
   2.7864606e+00   1.1767657e+01   3.6533933e+00
   2.5819364e+00   1.2314928e+01   3.3178748e+00
   2.9555250e+00   1.3854854e+01   3.4989573e+00
   2.7960518e+00   1.2841539e+01   3.4686816e+00
   1.8862456e+00   9.5424274e+00   3.1611388e+00
   2.9707612e+00   1.4598660e+01   3.4281310e+00
   2.6742799e+00   1.2031061e+01   3.4734652e+00
   3.0887582e+00   1.3340979e+01   3.7158962e+00
   2.3694552e+00   1.2596527e+01   3.0350340e+00
   2.8778681e+00   1.3200826e+01   3.5040049e+00
   2.5242959e+00   1.1471028e+01   3.4153567e+00
   2.7516809e+00   1.2937296e+01   3.4045105e+00
   1.9037551e+00   9.9986946e+00   3.0495535e+00
   2.5904287e+00   1.2748668e+01   3.2554878e+00
   2.4652682e+00   1.2786191e+01   3.1114371e+00
   2.4562202e+00   1.0712275e+01   3.5128349e+00
   2.2319261e+00   1.2142373e+01   2.9569691e+00
   2.6412476e+00   1.1949059e+01   3.4517751e+00
   2.3602292e+00   1.1560493e+01   3.2095722e+00
   2.4622252e+00   1.1407801e+01   3.3576900e+00
   1.4863045e+00   1.1299526e+01   2.2757425e+00
   2.5243507e+00   1.0856939e+01   3.5565141e+00
   1.1965701e+00   1.1861774e+01   1.8602023e+00
   2.5120088e+00   1.0546134e+01   3.6220361e+00
   1.3025811e+00   1.0830118e+01   2.1606575e+00
   2.3380945e+00   1.0542894e+01   3.4172677e+00
   2.2841176e+00   1.3329057e+01   2.8369397e+00
   2.7496180e+00   1.3161948e+01   3.3684951e+00
   2.4696744e+00   1.1859940e+01   3.2747637e+00
   2.5082144e+00   1.1618340e+01   3.3662694e+00
   1.6629657e+00   1.1047161e+01   2.5231844e+00
   1.7756121e+00   1.1239196e+01   2.6118903e+00
