   2.4496892e+00   1.5581815e+01   2.7846204e+00
   4.8030707e+00   1.8466894e+01   5.0553977e+00
   1.4448138e+00   1.0227536e+01   2.4551013e+00
   5.6323402e+00   1.9298250e+01   5.8739422e+00
   2.9966155e+00   1.7180961e+01   3.2479014e+00
   4.2474658e+00   1.8876236e+01   4.4555882e+00
   2.8817046e+00   1.7997115e+01   3.0858777e+00
   4.8657120e+00   2.0812514e+01   5.0134452e+00
   2.6241281e+00   1.7538533e+01   2.8423870e+00
   4.3954239e+00   1.8510930e+01   4.6278965e+00
   2.8324724e+00   1.4570255e+01   3.2827957e+00
   4.3584778e+00   1.8544495e+01   4.5876660e+00
   2.8216435e+00   1.6552545e+01   3.1046106e+00
   4.5995606e+00   1.9952027e+01   4.7717650e+00
   2.2982271e+00   1.3730653e+01   2.8024703e+00
   4.3783984e+00   2.0083791e+01   4.5391351e+00
   2.5420735e+00   1.5852762e+01   2.8609992e+00
   4.5560549e+00   1.8834514e+01   4.7777476e+00
   2.5434149e+00   1.0831764e+01   3.5851511e+00
   5.6949040e+00   1.3728004e+01   6.6183781e+00
   3.8891592e+00   1.7654876e+01   4.1494745e+00
   3.9423134e+00   1.3110981e+01   4.7100549e+00
   3.9812128e+00   1.8187315e+01   4.2147367e+00
   4.3990005e+00   1.3784573e+01   5.1085273e+00
   3.8526865e+00   1.8111292e+01   4.0852980e+00
   3.9143501e+00   1.2382348e+01   4.8249349e+00
   3.5008486e+00   1.5361826e+01   3.9179752e+00
   4.1239304e+00   1.3652716e+01   4.8205268e+00
   3.6998013e+00   1.7011656e+01   3.9928317e+00
   4.2487243e+00   1.3509172e+01   4.9862123e+00
   3.1874653e+00   1.4854478e+01   3.6336263e+00
   4.1629702e+00   1.4548108e+01   4.7295695e+00
   3.6889615e+00   1.6179464e+01   4.0443177e+00
   4.1890531e+00   1.2974608e+01   5.0187805e+00
   3.7391216e+00   1.8751244e+01   3.9357957e+00
   2.3808732e+00   8.3481033e+00   4.2411105e+00
   3.7309407e+00   1.7913681e+01   3.9696103e+00
   2.9054017e+00   8.5795985e+00   4.8407302e+00
   3.5036718e+00   1.7796601e+01   3.7399133e+00
   2.4583384e+00   8.5271779e+00   4.2622318e+00
   3.3872658e+00   1.6452540e+01   3.7043545e+00
   2.5543374e+00   8.7541230e+00   4.2887661e+00
   3.6171865e+00   1.6848450e+01   3.9174424e+00
   2.7631480e+00   8.9055124e+00   4.4983316e+00
   3.3275897e+00   1.5909893e+01   3.6840645e+00
   3.0916257e+00   9.8831793e+00   4.5363858e+00
   3.5294170e+00   1.6753608e+01   3.8319666e+00
   3.1293708e+00   8.9423452e+00   4.9716870e+00
   3.4331716e+00   1.7477045e+01   3.6847467e+00
   4.6763101e+00   1.8303166e+01   4.9326471e+00
   3.1340067e+00   1.8097712e+01   3.3415350e+00
   3.9342031e+00   1.9105971e+01   4.1212926e+00
   3.2458207e+00   1.5773858e+01   3.6089398e+00
   4.2557621e+00   1.8542922e+01   4.4810094e+00
   3.2425387e+00   1.7745124e+01   3.4717221e+00
   4.5912872e+00   1.8514979e+01   4.8316198e+00
   2.4774322e+00   1.3784848e+01   2.9893232e+00
   4.3685682e+00   1.7768990e+01   4.6437303e+00
   3.2195493e+00   1.6574466e+01   3.5194486e+00
   4.5861089e+00   1.7311650e+01   4.9043031e+00
   2.7518004e+00   1.8040698e+01   2.9498964e+00
   4.3973536e+00   1.8662391e+01   4.6218338e+00
   2.8326193e+00   1.5482787e+01   3.1963712e+00
   4.2857137e+00   1.9933373e+01   4.4495427e+00
   3.0950901e+00   1.7627280e+01   3.3251630e+00
   4.6501390e+00   2.0383654e+01   4.8072861e+00
   2.4958729e+00   1.4195631e+01   2.9621193e+00
   4.2972995e+00   1.9069656e+01   4.4979666e+00
   2.8395147e+00   1.5996165e+01   3.1625472e+00
   4.4267777e+00   1.7980930e+01   4.6913100e+00
   2.8775027e+00   1.5790581e+01   3.2184407e+00
   4.1371885e+00   1.8030776e+01   4.3859016e+00
   2.9036529e+00   1.7157912e+01   3.1526225e+00
   4.4195675e+00   1.8376076e+01   4.6604787e+00
   2.2893105e+00   1.3478388e+01   2.8235308e+00
   4.3580336e+00   1.7305084e+01   4.6641850e+00
   2.8755083e+00   1.6376392e+01   3.1728241e+00
   4.4411342e+00   1.6704317e+01   4.7987999e+00
   1.8623271e+00   1.6323151e+01   2.1207734e+00
   3.9565278e+00   1.3505639e+01   4.6567614e+00
   1.4092307e+00   1.3301537e+01   1.8980867e+00
   3.9615369e+00   1.4349018e+01   4.5348013e+00
   1.5496318e+00   1.5180000e+01   1.8718903e+00
   4.0133875e+00   1.3334733e+01   4.7503374e+00
   2.6319767e+00   1.5137803e+01   3.0140365e+00
   4.5526395e+00   1.8344062e+01   4.8010664e+00
   3.0482176e+00   1.5724727e+01   3.4039808e+00
   4.4684090e+00   1.5711897e+01   4.9225055e+00
   1.9822559e+00   1.4339551e+01   2.3992859e+00
   3.6268823e+00   1.6546591e+01   3.9496062e+00
