   7.2460375e+00   7.4015767e+00   2.2508840e+01
   8.2259819e+00   8.4066671e+00   2.2710112e+01
   5.7940724e+00   5.9242002e+00   2.2081667e+01
   8.1153114e+00   8.2832409e+00   2.2926823e+01
   9.0331173e+00   9.5690406e+00   1.8840061e+01
   8.8823621e+00   9.1226380e+00   2.2074113e+01
   8.2511282e+00   8.7429365e+00   1.8499077e+01
   8.7307133e+00   8.9823828e+00   2.1742421e+01
   7.9210401e+00   8.0718092e+00   2.3220091e+01
   8.4260812e+00   8.5628979e+00   2.4076848e+01
   7.2705789e+00   7.4088680e+00   2.3034205e+01
   8.1435849e+00   8.2723432e+00   2.4090554e+01
   7.7048451e+00   7.8685456e+00   2.2680924e+01
   8.5554115e+00   8.7504252e+00   2.2673343e+01
   6.6268834e+00   6.7060891e+00   2.4897091e+01
   8.7857287e+00   8.9181565e+00   2.4534024e+01
   7.1652789e+00   7.4948488e+00   1.9238986e+01
   8.5114370e+00   8.7462718e+00   2.1842631e+01
   5.6235270e+00   5.7301368e+00   2.2805360e+01
   6.7528859e+00   6.8884347e+00   2.2686224e+01
   8.8036233e+00   8.9415565e+00   2.4375108e+01
   7.3960056e+00   7.5415769e+00   2.2920238e+01
   8.3089544e+00   8.5123534e+00   2.2276908e+01
   7.3393705e+00   7.5470264e+00   2.1350936e+01
   7.6303494e+00   7.7096971e+00   2.5732264e+01
   7.3115886e+00   7.4131612e+00   2.4396392e+01
   7.1822480e+00   7.3347285e+00   2.2540145e+01
   7.2913640e+00   7.4749297e+00   2.1837363e+01
   7.3680437e+00   7.5211286e+00   2.2680515e+01
   7.0827136e+00   7.2171993e+00   2.2995580e+01
   6.3948857e+00   6.4816136e+00   2.4315160e+01
   7.2583296e+00   7.3695469e+00   2.3960707e+01
   7.0227542e+00   7.1372079e+00   2.3638974e+01
   7.1408591e+00   7.2921925e+00   2.2537639e+01
   8.7421929e+00   8.9265542e+00   2.3078437e+01
   5.7951551e+00   5.9294091e+00   2.1948174e+01
   7.9434513e+00   8.1362452e+00   2.2186934e+01
   5.7015167e+00   5.8573168e+00   2.1233601e+01
   7.7329279e+00   7.8718066e+00   2.3410352e+01
   5.8796369e+00   5.9831384e+00   2.3136278e+01
   6.8294335e+00   6.9843290e+00   2.2176813e+01
   5.6682909e+00   5.7706759e+00   2.3015111e+01
   7.1075891e+00   7.2437905e+00   2.2962021e+01
   5.4843233e+00   5.5928867e+00   2.2617579e+01
   6.3844694e+00   6.4744773e+00   2.4146473e+01
   5.7542535e+00   5.8433767e+00   2.3681801e+01
   7.1154358e+00   7.2306310e+00   2.3688977e+01
   5.8485685e+00   5.9400092e+00   2.3645994e+01
   8.3786573e+00   8.6163724e+00   2.1673835e+01
   9.1415252e+00   9.3429539e+00   2.3056418e+01
   8.0733558e+00   8.2016477e+00   2.4045072e+01
   9.0328986e+00   9.1758445e+00   2.4425958e+01
   7.4110786e+00   7.5608837e+00   2.2810026e+01
   8.9589563e+00   9.1172064e+00   2.3924263e+01
   7.7139105e+00   7.8573425e+00   2.3255528e+01
   9.0008211e+00   9.1630623e+00   2.3854960e+01
   6.5306946e+00   6.6241387e+00   2.4104571e+01
   8.9495645e+00   9.0570453e+00   2.5576356e+01
   7.4448855e+00   7.5746759e+00   2.3454663e+01
   9.1043468e+00   9.2697632e+00   2.3864474e+01
   7.7142762e+00   7.9149706e+00   2.1817380e+01
   8.2297419e+00   8.4453269e+00   2.1959373e+01
   7.1960830e+00   7.3787814e+00   2.1776947e+01
   8.1159139e+00   8.2931541e+00   2.2696416e+01
   7.6798233e+00   7.8415105e+00   2.2712449e+01
   8.1450553e+00   8.3180233e+00   2.2826202e+01
   6.5434295e+00   6.6778000e+00   2.2550620e+01
   8.2911466e+00   8.4704731e+00   2.2799387e+01
   7.0978589e+00   7.2642148e+00   2.2095479e+01
   8.0443884e+00   8.2506322e+00   2.1986612e+01
   7.1952660e+00   7.3183903e+00   2.3469819e+01
   7.5859524e+00   7.7183282e+00   2.3490279e+01
   7.5826490e+00   7.6926947e+00   2.4281938e+01
   7.6999891e+00   7.8167762e+00   2.4126594e+01
   6.5480780e+00   6.6255306e+00   2.4928898e+01
   7.7382912e+00   7.8241730e+00   2.5483393e+01
   7.2016080e+00   7.3159581e+00   2.3793245e+01
   7.8592040e+00   7.9787643e+00   2.4162653e+01
   7.4488935e+00   7.5869249e+00   2.3193596e+01
   7.1299114e+00   7.2828610e+00   2.2482826e+01
   6.2812229e+00   6.3600495e+00   2.4634991e+01
   7.0294187e+00   7.1364095e+00   2.3934885e+01
   7.0220017e+00   7.1330198e+00   2.3769551e+01
   7.1706373e+00   7.2930390e+00   2.3474369e+01
   6.7203221e+00   6.7946093e+00   2.5251061e+01
   7.8638309e+00   7.9513354e+00   2.5510661e+01
   6.9845001e+00   7.0458909e+00   2.6294469e+01
   7.4522240e+00   7.5348558e+00   2.5405420e+01
   6.9398651e+00   7.0268519e+00   2.4752242e+01
   6.3552167e+00   6.4421040e+00   2.4274877e+01
