   5.3843007e+00   5.4699696e+00   2.3561630e+01
   6.4010915e+00   6.4989361e+00   2.3799949e+01
   4.1021899e+00   4.2685581e+00   1.9732857e+01
   6.0269528e+00   6.2895908e+00   1.9258496e+01
   7.2578779e+00   7.6031312e+00   1.9121230e+01
   7.0325468e+00   7.2077782e+00   2.1817810e+01
   6.4202820e+00   6.7068898e+00   1.9208006e+01
   6.8674081e+00   7.0238636e+00   2.2165473e+01
   6.2725119e+00   6.3587663e+00   2.4239135e+01
   6.8210468e+00   6.9005372e+00   2.5042226e+01
   5.6432148e+00   5.7249185e+00   2.3969300e+01
   6.5238257e+00   6.6046879e+00   2.4722977e+01
   5.8375779e+00   5.9369813e+00   2.3276971e+01
   6.8011160e+00   6.9146971e+00   2.3486965e+01
   4.9387116e+00   4.9852658e+00   2.5857069e+01
   6.8733592e+00   6.9497646e+00   2.5256604e+01
   5.5376056e+00   5.7494601e+00   1.9785267e+01
   6.8176213e+00   6.9774028e+00   2.2033711e+01
   4.0112754e+00   4.1484957e+00   2.0496998e+01
   4.6814117e+00   4.9005007e+00   1.8979557e+01
   6.9404580e+00   7.0453054e+00   2.3947634e+01
   5.5159575e+00   5.6374117e+00   2.2158752e+01
   6.3842508e+00   6.4982549e+00   2.3127446e+01
   5.5098863e+00   5.6192686e+00   2.2605223e+01
   6.0097886e+00   6.0574298e+00   2.6593357e+01
   5.5555819e+00   5.6106351e+00   2.5607345e+01
   5.4783536e+00   5.5698983e+00   2.3348615e+01
   5.5027544e+00   5.6087644e+00   2.2734679e+01
   5.5652254e+00   5.6521133e+00   2.3642188e+01
   5.3317831e+00   5.4065350e+00   2.4109783e+01
   4.6785934e+00   4.7561995e+00   2.3449368e+01
   5.3045667e+00   5.4095299e+00   2.2622799e+01
   5.3356983e+00   5.4144729e+00   2.3886290e+01
   5.3448609e+00   5.4491283e+00   2.2682816e+01
   7.0943250e+00   7.2011718e+00   2.3995140e+01
   4.4201462e+00   4.4968263e+00   2.3309070e+01
   6.2178876e+00   6.3201427e+00   2.3460730e+01
   4.3154643e+00   4.3964267e+00   2.2997050e+01
   6.2536773e+00   6.3336538e+00   2.4550096e+01
   4.5613356e+00   4.6209532e+00   2.4502650e+01
   5.3634286e+00   5.4475097e+00   2.3626189e+01
   4.2926597e+00   4.3496210e+00   2.4501841e+01
   5.4735766e+00   5.5476989e+00   2.4256831e+01
   4.1105641e+00   4.1709449e+00   2.4116984e+01
   4.8503267e+00   4.9165419e+00   2.4265168e+01
   4.3114101e+00   4.3663115e+00   2.4675045e+01
   5.5527040e+00   5.6205128e+00   2.4703667e+01
   4.4500789e+00   4.5033369e+00   2.4908594e+01
   6.5270445e+00   6.6471954e+00   2.3018360e+01
   7.2716262e+00   7.3816533e+00   2.4018265e+01
   6.4719468e+00   6.5433408e+00   2.5218290e+01
   7.4721494e+00   7.5559511e+00   2.5361718e+01
   5.7902596e+00   5.8751630e+00   2.3919810e+01
   7.2397267e+00   7.3326573e+00   2.4718870e+01
   5.9339618e+00   6.0106855e+00   2.4471897e+01
   7.2699426e+00   7.3591866e+00   2.4918913e+01
   4.9136286e+00   4.9762561e+00   2.4554122e+01
   7.1382869e+00   7.2053065e+00   2.6044191e+01
   5.7527432e+00   5.8328181e+00   2.4142907e+01
   7.3241385e+00   7.4277020e+00   2.4323407e+01
   6.1126671e+00   6.2176075e+00   2.3263852e+01
   6.4640513e+00   6.5796385e+00   2.3133362e+01
   5.5272452e+00   5.6360787e+00   2.2640541e+01
   6.2712418e+00   6.3817214e+00   2.3170626e+01
   5.8012942e+00   5.8970068e+00   2.3411317e+01
   6.3029008e+00   6.4025674e+00   2.3640330e+01
   4.8519854e+00   4.9508555e+00   2.2533687e+01
   6.2881153e+00   6.4273354e+00   2.2189107e+01
   5.4153780e+00   5.5134259e+00   2.3003156e+01
   6.2262999e+00   6.3503954e+00   2.2633596e+01
   5.6386108e+00   5.7082503e+00   2.4656064e+01
   6.0651666e+00   6.1390866e+00   2.4737959e+01
   5.9090836e+00   5.9661904e+00   2.5728608e+01
   6.1509198e+00   6.2151553e+00   2.5413967e+01
   4.9997964e+00   5.0601364e+00   2.4780663e+01
   6.1000816e+00   6.1593192e+00   2.5723241e+01
   5.7053440e+00   5.7710360e+00   2.4961041e+01
   6.2999660e+00   6.3714979e+00   2.5069683e+01
   5.7482319e+00   5.8307932e+00   2.4007256e+01
   5.5565796e+00   5.6418019e+00   2.3718981e+01
   4.6998564e+00   4.7624933e+00   2.4392250e+01
   5.3399283e+00   5.4200757e+00   2.3814924e+01
   5.4450827e+00   5.5204915e+00   2.4160186e+01
   5.5467719e+00   5.6363770e+00   2.3494723e+01
   5.0840406e+00   5.1411992e+00   2.5079416e+01
   5.9363044e+00   6.0000470e+00   2.5274905e+01
   5.3707344e+00   5.4123157e+00   2.6678135e+01
   5.6944680e+00   5.7533248e+00   2.5427627e+01
   5.3080748e+00   5.3674813e+00   2.5085066e+01
   4.7852202e+00   4.8493587e+00   2.4353885e+01
