   1.6696188e+00   1.6850341e+00   2.8424637e+01
   2.4186639e+00   2.4350592e+00   2.8618772e+01
   1.5080913e+00   1.5490708e+00   2.4085211e+01
   2.3016750e+00   2.3551419e+00   2.3415836e+01
   2.9877666e+00   3.0859278e+00   2.1231045e+01
   2.7934518e+00   2.8633513e+00   2.2571910e+01
   2.2439422e+00   2.3229709e+00   2.1685703e+01
   2.7692303e+00   2.8312094e+00   2.3077004e+01
   2.9905774e+00   3.0171684e+00   2.6892994e+01
   2.7558975e+00   2.7769085e+00   2.7759898e+01
   2.1516013e+00   2.1709276e+00   2.7736715e+01
   2.6444403e+00   2.6632180e+00   2.8174959e+01
   2.1713913e+00   2.1921746e+00   2.7433551e+01
   2.6499000e+00   2.6671532e+00   2.8546009e+01
   1.6393659e+00   1.6500345e+00   3.0004653e+01
   2.6253553e+00   2.6371832e+00   3.0168920e+01
   2.1725412e+00   2.2495722e+00   2.1751758e+01
   2.8077152e+00   2.8707997e+00   2.3025746e+01
   1.5124584e+00   1.5528547e+00   2.4149978e+01
   1.4221408e+00   1.4828527e+00   2.2329420e+01
   2.8791871e+00   2.8985255e+00   2.8200981e+01
   1.6993645e+00   1.7201841e+00   2.7137713e+01
   2.3537765e+00   2.3723477e+00   2.8036641e+01
   1.8238010e+00   1.8412953e+00   2.7967935e+01
   2.9099633e+00   2.9223369e+00   3.0159453e+01
   1.8875715e+00   1.8978084e+00   3.0333101e+01
   2.2034900e+00   2.2189142e+00   2.8748058e+01
   1.8441871e+00   1.8585440e+00   2.8838287e+01
   2.0501759e+00   2.0657533e+00   2.8609937e+01
   1.7072009e+00   1.7208784e+00   2.8966340e+01
   1.5333543e+00   1.5441489e+00   2.9891032e+01
   1.6497047e+00   1.6640033e+00   2.8739265e+01
   2.0992804e+00   2.1154051e+00   2.8490405e+01
   1.7451527e+00   1.7655400e+00   2.7256243e+01
   3.0589948e+00   3.0944143e+00   2.5695166e+01
   1.6565310e+00   1.6823136e+00   2.6184091e+01
   2.3210057e+00   2.3360729e+00   2.8923529e+01
   1.6513818e+00   1.6632284e+00   2.9557033e+01
   3.2507404e+00   3.2691054e+00   2.8674205e+01
   1.9172288e+00   1.9318397e+00   2.8806524e+01
   2.2478619e+00   2.2624777e+00   2.9009544e+01
   1.6426533e+00   1.6536649e+00   2.9869199e+01
   2.0058776e+00   2.0192812e+00   2.9235167e+01
   1.4308799e+00   1.4409519e+00   3.0131884e+01
   1.7574755e+00   1.7829387e+00   2.6298604e+01
   1.6664823e+00   1.6798671e+00   2.9035957e+01
   2.3537362e+00   2.3718960e+00   2.8133860e+01
   1.7993083e+00   1.8137859e+00   2.8774858e+01
   2.2605763e+00   2.2778017e+00   2.8304378e+01
   2.9430627e+00   2.9591878e+00   2.9031958e+01
   3.1808016e+00   3.1989021e+00   2.8689721e+01
   3.3110311e+00   3.3291499e+00   2.8773832e+01
   2.3010492e+00   2.3192965e+00   2.8079686e+01
   3.0922905e+00   3.1091595e+00   2.8935884e+01
   2.1910178e+00   2.2082186e+00   2.8267016e+01
   3.0461997e+00   3.0602654e+00   2.9693790e+01
   1.6106018e+00   1.6284335e+00   2.7757389e+01
   3.0029730e+00   3.0177638e+00   2.9446716e+01
   2.2668796e+00   2.2923732e+00   2.6606792e+01
   3.1322111e+00   3.1585690e+00   2.7026169e+01
   2.9418261e+00   2.9599655e+00   2.8520256e+01
   2.3917878e+00   2.4109471e+00   2.7925421e+01
   2.1587752e+00   2.1805196e+00   2.7229496e+01
   2.2383702e+00   2.2578751e+00   2.7750987e+01
   2.1717689e+00   2.1903071e+00   2.7929995e+01
   2.2917309e+00   2.3070303e+00   2.8838671e+01
   1.6514752e+00   1.6711233e+00   2.7360541e+01
   2.2461687e+00   2.2729750e+00   2.6375876e+01
   2.1050018e+00   2.1245743e+00   2.7652821e+01
   2.2453932e+00   2.2672589e+00   2.7259498e+01
   2.2795391e+00   2.2970910e+00   2.8234783e+01
   2.9018302e+00   2.9159407e+00   2.9583901e+01
   2.2900601e+00   2.3006731e+00   3.0425400e+01
   2.9591077e+00   2.9700039e+00   3.0744034e+01
   1.7454092e+00   1.7638239e+00   2.7698131e+01
   2.9178409e+00   2.9318475e+00   2.9626594e+01
   2.3766796e+00   2.3951649e+00   2.8071285e+01
   3.1132690e+00   3.1335522e+00   2.8150084e+01
   2.2188281e+00   2.2336167e+00   2.8940327e+01
   2.2578694e+00   2.2716072e+00   2.9284763e+01
   1.5479786e+00   1.5600366e+00   2.9419070e+01
   2.0495105e+00   2.0631713e+00   2.9179526e+01
   2.1853680e+00   2.1992988e+00   2.9178818e+01
   2.2361640e+00   2.2530932e+00   2.8364363e+01
   1.9177836e+00   1.9296652e+00   2.9704594e+01
   2.3447706e+00   2.3575655e+00   2.9648225e+01
   2.0691560e+00   2.0793168e+00   3.0476709e+01
   2.0798428e+00   2.0943890e+00   2.8925605e+01
   2.0373826e+00   2.0499290e+00   2.9541459e+01
   1.5772005e+00   1.5912853e+00   2.8761737e+01
