   3.9636405e+00   4.0178479e+00   2.4478303e+01
   4.9736631e+00   5.0324261e+00   2.4875359e+01
   3.0770058e+00   3.1870984e+00   2.0794973e+01
   4.7290644e+00   4.8968051e+00   2.0162452e+01
   5.7742274e+00   5.9980876e+00   1.9737363e+01
   5.5302348e+00   5.6522165e+00   2.2151299e+01
   4.9087575e+00   5.0888142e+00   1.9994363e+01
   5.3883066e+00   5.4943415e+00   2.2644148e+01
   5.0259375e+00   5.0819917e+00   2.5119449e+01
   5.3840179e+00   5.4331403e+00   2.5966720e+01
   4.3611485e+00   4.4084776e+00   2.5354305e+01
   5.1926533e+00   5.2410462e+00   2.5883459e+01
   4.4466731e+00   4.5063698e+00   2.4411953e+01
   5.3641823e+00   5.4266789e+00   2.4909231e+01
   3.6742940e+00   3.7020203e+00   2.7179425e+01
   5.3769224e+00   5.4183555e+00   2.6698414e+01
   4.2948140e+00   4.4366313e+00   2.0561561e+01
   5.4220869e+00   5.5279804e+00   2.2676272e+01
   3.0529719e+00   3.1468629e+00   2.1467306e+01
   3.4724543e+00   3.6239768e+00   1.9686899e+01
   5.5094673e+00   5.5660036e+00   2.5456179e+01
   4.1256207e+00   4.1772803e+00   2.4803412e+01
   4.9086964e+00   4.9699420e+00   2.4646927e+01
   4.1202086e+00   4.1779521e+00   2.4317331e+01
   4.8086200e+00   4.8398941e+00   2.7482556e+01
   4.1685611e+00   4.2008689e+00   2.6868620e+01
   4.2247392e+00   4.2808605e+00   2.4516605e+01
   4.1353802e+00   4.1943890e+00   2.4234461e+01
   4.2471194e+00   4.2975883e+00   2.4992662e+01
   3.9758643e+00   4.0182179e+00   2.5556188e+01
   3.4827359e+00   3.5233962e+00   2.5385713e+01
   3.9380642e+00   3.9920263e+00   2.4479650e+01
   4.1120942e+00   4.1581176e+00   2.5294104e+01
   4.0090920e+00   4.0649482e+00   2.4381127e+01
   5.6781424e+00   5.7409296e+00   2.5135125e+01
   3.3573810e+00   3.4033860e+00   2.4763951e+01
   4.7756694e+00   4.8317673e+00   2.4926392e+01
   3.2838932e+00   3.3276644e+00   2.4929401e+01
   5.1140893e+00   5.1619275e+00   2.5873034e+01
   3.5185375e+00   3.5554620e+00   2.5828369e+01
   4.1964906e+00   4.2437798e+00   2.5237702e+01
   3.2675385e+00   3.3008632e+00   2.6100566e+01
   4.1868135e+00   4.2301019e+00   2.5613678e+01
   3.0724187e+00   3.1071835e+00   2.5785095e+01
   3.6549279e+00   3.7104857e+00   2.4152897e+01
   3.2690041e+00   3.3116021e+00   2.5037021e+01
   4.3483328e+00   4.3908248e+00   2.5811984e+01
   3.4077686e+00   3.4406239e+00   2.6258127e+01
   4.9760689e+00   5.0407729e+00   2.4460463e+01
   5.7239804e+00   5.7867457e+00   2.5172863e+01
   5.2326714e+00   5.2777431e+00   2.6222171e+01
   6.0009276e+00   6.0537845e+00   2.6136635e+01
   4.5050404e+00   4.5512743e+00   2.5561800e+01
   5.8053242e+00   5.8577174e+00   2.6018759e+01
   4.5381194e+00   4.5795168e+00   2.6065023e+01
   5.8011645e+00   5.8484578e+00   2.6458709e+01
   3.6679969e+00   3.7093477e+00   2.5441826e+01
   5.6939091e+00   5.7376100e+00   2.6715874e+01
   4.4537542e+00   4.5034831e+00   2.5208234e+01
   5.8529329e+00   5.9165816e+00   2.5214772e+01
   4.8998905e+00   4.9606369e+00   2.4675672e+01
   4.9865472e+00   5.0519219e+00   2.4423833e+01
   4.2838546e+00   4.3459101e+00   2.4124566e+01
   4.8349125e+00   4.8953116e+00   2.4651308e+01
   4.4185886e+00   4.4734317e+00   2.4758379e+01
   4.8567670e+00   4.9128558e+00   2.4988267e+01
   3.6375856e+00   3.6942260e+00   2.4057145e+01
   4.8183411e+00   4.9007661e+00   2.3294102e+01
   4.1757375e+00   4.2330336e+00   2.4391262e+01
   4.8056012e+00   4.8759821e+00   2.3967466e+01
   4.3857061e+00   4.4295337e+00   2.5705320e+01
   4.8929755e+00   4.9359114e+00   2.6172856e+01
   4.5541730e+00   4.5862929e+00   2.7176684e+01
   4.9562884e+00   4.9930561e+00   2.6892816e+01
   3.7775586e+00   3.8175259e+00   2.5666472e+01
   4.9133757e+00   4.9490698e+00   2.6988688e+01
   4.4572790e+00   4.4969200e+00   2.6193084e+01
   5.1038611e+00   5.1467311e+00   2.6340104e+01
   4.4414656e+00   4.4886939e+00   2.5422641e+01
   4.3535235e+00   4.4015381e+00   2.5286415e+01
   3.5262051e+00   3.5617139e+00   2.6003209e+01
   4.1476592e+00   4.1908165e+00   2.5598437e+01
   4.2572682e+00   4.2993625e+00   2.5786147e+01
   4.3592696e+00   4.4039594e+00   2.5601500e+01
   3.8813639e+00   3.9163457e+00   2.6317654e+01
   4.5644381e+00   4.6039199e+00   2.6289861e+01
   4.1637678e+00   4.1899151e+00   2.7782587e+01
   4.3673718e+00   4.3990387e+00   2.7100449e+01
   4.1120470e+00   4.1457979e+00   2.6638282e+01
   3.6043194e+00   3.6414005e+00   2.5869730e+01
