   8.0066758e+00   8.2154606e+00   2.1901572e+01
   8.9809989e+00   9.2102345e+00   2.2362097e+01
   6.1816752e+00   6.4572444e+00   1.9179479e+01
   8.5079775e+00   8.9142746e+00   1.9523587e+01
   9.6863785e+00   1.0404815e+01   1.8233252e+01
   9.6236014e+00   9.9788782e+00   2.1088054e+01
   9.0181857e+00   9.6493339e+00   1.8153470e+01
   9.4978134e+00   9.8226867e+00   2.1350289e+01
   8.6558031e+00   8.8486254e+00   2.2810288e+01
   9.2846096e+00   9.4632695e+00   2.3696761e+01
   7.9545212e+00   8.1486127e+00   2.2167869e+01
   8.8282801e+00   9.0015559e+00   2.3419888e+01
   8.4786786e+00   8.7183947e+00   2.1726235e+01
   9.3028853e+00   9.5717475e+00   2.1973820e+01
   7.3142764e+00   7.4264620e+00   2.3970720e+01
   9.5301600e+00   9.7180471e+00   2.3702966e+01
   7.8079228e+00   8.2473986e+00   1.8580197e+01
   9.2141588e+00   9.5386621e+00   2.1099002e+01
   6.0380843e+00   6.2619465e+00   1.9949462e+01
   7.0830084e+00   7.4409062e+00   1.8820774e+01
   9.5588471e+00   9.7497227e+00   2.3661560e+01
   8.1281948e+00   8.3480734e+00   2.1786600e+01
   9.1103454e+00   9.3984577e+00   2.1508017e+01
   8.0810095e+00   8.3779141e+00   2.0469411e+01
   8.3949332e+00   8.4970766e+00   2.5305830e+01
   8.1146625e+00   8.2487363e+00   2.3891652e+01
   7.9202854e+00   8.1332769e+00   2.1741493e+01
   8.0352971e+00   8.2874122e+00   2.1123305e+01
   8.1304073e+00   8.3282185e+00   2.2239726e+01
   7.8547721e+00   8.0280824e+00   2.2565829e+01
   7.0928068e+00   7.2080510e+00   2.3668127e+01
   8.0021453e+00   8.1662374e+00   2.2927450e+01
   7.7377966e+00   7.8952958e+00   2.2874762e+01
   7.8729246e+00   8.0985650e+00   2.1454498e+01
   9.4207022e+00   9.7059445e+00   2.1829744e+01
   6.3689180e+00   6.5613502e+00   2.0866047e+01
   8.7652889e+00   9.0120260e+00   2.1857198e+01
   6.2908273e+00   6.4961061e+00   2.0525536e+01
   8.4316148e+00   8.6111223e+00   2.2918298e+01
   6.5539297e+00   6.6888561e+00   2.2541514e+01
   7.5461374e+00   7.7466832e+00   2.1676192e+01
   6.2980459e+00   6.4263496e+00   2.2548419e+01
   7.8590229e+00   8.0331025e+00   2.2550542e+01
   6.1162595e+00   6.2523003e+00   2.2148995e+01
   7.0452766e+00   7.1954778e+00   2.2489458e+01
   6.3687009e+00   6.4942160e+00   2.2700610e+01
   7.8013152e+00   7.9678956e+00   2.2689270e+01
   6.4636218e+00   6.5947233e+00   2.2590963e+01
   9.1935477e+00   9.5017797e+00   2.1297475e+01
   9.9073391e+00   1.0160882e+01   2.2770370e+01
   8.8210345e+00   8.9814131e+00   2.3744408e+01
   9.9781612e+00   1.0153640e+01   2.4401373e+01
   8.1616638e+00   8.3690876e+00   2.2064460e+01
   9.7296817e+00   9.9333767e+00   2.3539196e+01
   8.4844271e+00   8.6851503e+00   2.2487598e+01
   9.7737978e+00   9.9865456e+00   2.3394081e+01
   7.1940119e+00   7.3388975e+00   2.2769373e+01
   9.6809584e+00   9.8333638e+00   2.4734120e+01
   8.1432795e+00   8.3372774e+00   2.2334085e+01
   9.8656637e+00   1.0113450e+01   2.2829766e+01
   8.4265145e+00   8.6892841e+00   2.1290165e+01
   9.0686127e+00   9.3503245e+00   2.1565672e+01
   7.8593826e+00   8.1249803e+00   2.0749137e+01
   8.8623636e+00   9.1151765e+00   2.1840249e+01
   8.4743785e+00   8.7144674e+00   2.1715836e+01
   8.9423487e+00   9.1866997e+00   2.2056141e+01
   7.1642180e+00   7.3681548e+00   2.1279658e+01
   9.0159432e+00   9.3044526e+00   2.1417610e+01
   7.7761457e+00   8.0080783e+00   2.1253637e+01
   8.7994839e+00   9.0956803e+00   2.1113160e+01
   7.9642380e+00   8.1206636e+00   2.3099591e+01
   8.3055362e+00   8.4702579e+00   2.3175487e+01
   8.4251994e+00   8.5710578e+00   2.3801544e+01
   8.4439285e+00   8.5872560e+00   2.3893060e+01
   7.2382152e+00   7.3739604e+00   2.3086592e+01
   8.4344732e+00   8.5656042e+00   2.4266420e+01
   7.9870064e+00   8.1458422e+00   2.3053796e+01
   8.5673105e+00   8.7302106e+00   2.3453118e+01
   8.2056220e+00   8.3839258e+00   2.2749066e+01
   7.8280848e+00   8.0239673e+00   2.2019195e+01
   6.9298769e+00   7.0411865e+00   2.3681204e+01
   7.6937760e+00   7.8485832e+00   2.2910832e+01
   7.7123286e+00   7.8593399e+00   2.3148397e+01
   7.8465911e+00   8.0255394e+00   2.2421762e+01
   7.4069909e+00   7.5242243e+00   2.3859974e+01
   8.6697143e+00   8.8125932e+00   2.4105449e+01
   7.6855659e+00   7.7697119e+00   2.5526236e+01
   8.2078577e+00   8.3373511e+00   2.4122095e+01
   7.5914563e+00   7.7202576e+00   2.3612609e+01
   6.9939149e+00   7.1250596e+00   2.3029201e+01
