   3.6347968e+00   3.6736997e+00   2.5683100e+01
   4.6060213e+00   4.6524523e+00   2.5618365e+01
   3.0603001e+00   3.0931270e+00   2.6025725e+01
   4.7126659e+00   4.7542379e+00   2.6176897e+01
   5.3900158e+00   5.5708297e+00   2.0348492e+01
   5.1524756e+00   5.2431836e+00   2.3135253e+01
   4.4902758e+00   4.6479409e+00   2.0249892e+01
   4.9873946e+00   5.0830637e+00   2.2778766e+01
   4.7069418e+00   4.7562464e+00   2.5433667e+01
   4.9837128e+00   5.0260419e+00   2.6303387e+01
   4.0207719e+00   4.0585326e+00   2.6085891e+01
   4.8226137e+00   4.8620681e+00   2.6486062e+01
   4.1027943e+00   4.1451859e+00   2.5643572e+01
   4.9643899e+00   5.0106004e+00   2.5908681e+01
   3.3817377e+00   3.4014848e+00   2.8448797e+01
   4.9874710e+00   5.0160232e+00   2.8012652e+01
   3.9869192e+00   4.1058282e+00   2.1097466e+01
   5.0522282e+00   5.1379548e+00   2.3302270e+01
   2.9623482e+00   2.9946265e+00   2.6033368e+01
   3.5180230e+00   3.5551932e+00   2.5799262e+01
   5.1354563e+00   5.1747435e+00   2.6742387e+01
   3.7600102e+00   3.7949403e+00   2.6238092e+01
   4.5194770e+00   4.5644558e+00   2.5691710e+01
   3.7563462e+00   3.7998163e+00   2.5287350e+01
   4.5055278e+00   4.5324255e+00   2.7909996e+01
   3.7996264e+00   3.8265480e+00   2.7395427e+01
   3.9280451e+00   3.9646911e+00   2.6149419e+01
   3.7958228e+00   3.8352854e+00   2.5734464e+01
   3.9204980e+00   3.9598894e+00   2.5830870e+01
   3.6265947e+00   3.6596992e+00   2.6377160e+01
   3.2096674e+00   3.2334962e+00   2.7516190e+01
   3.6300074e+00   3.6571889e+00   2.7234504e+01
   3.8104902e+00   3.8431686e+00   2.6562701e+01
   3.6718819e+00   3.7092947e+00   2.5878403e+01
   5.3106921e+00   5.3629060e+00   2.5645605e+01
   3.0909696e+00   3.1299707e+00   2.5298920e+01
   4.3868500e+00   4.4330978e+00   2.5473304e+01
   3.0243208e+00   3.0603181e+00   2.5601763e+01
   4.8336167e+00   4.8747042e+00   2.6318636e+01
   3.2612603e+00   3.2932578e+00   2.6272567e+01
   3.8896865e+00   3.9292593e+00   2.5788999e+01
   3.0065330e+00   3.0346812e+00   2.6656730e+01
   3.8435592e+00   3.8800925e+00   2.6102654e+01
   2.8079744e+00   2.8372218e+00   2.6358930e+01
   3.3975683e+00   3.4230022e+00   2.7361644e+01
   3.0319919e+00   3.0564202e+00   2.7288692e+01
   4.0488178e+00   4.0818915e+00   2.6680613e+01
   3.1526258e+00   3.1795716e+00   2.6944256e+01
   4.5497506e+00   4.6030538e+00   2.4978728e+01
   5.3087846e+00   5.3607845e+00   2.5661901e+01
   4.9167657e+00   4.9558189e+00   2.6601519e+01
   5.6019576e+00   5.6470887e+00   2.6504002e+01
   4.1565050e+00   4.1953450e+00   2.6061635e+01
   5.4123009e+00   5.4559260e+00   2.6502633e+01
   4.1650999e+00   4.2000572e+00   2.6524401e+01
   5.3963103e+00   5.4352947e+00   2.6977361e+01
   3.3783741e+00   3.4021776e+00   2.7635876e+01
   5.3079866e+00   5.3359820e+00   2.8343889e+01
   4.1331612e+00   4.1703560e+00   2.6232346e+01
   5.4695494e+00   5.5162070e+00   2.6256247e+01
   4.5907648e+00   4.6418857e+00   2.5190241e+01
   4.5808666e+00   4.6355518e+00   2.4891033e+01
   3.9676202e+00   4.0113694e+00   2.5409785e+01
   4.4528808e+00   4.4949664e+00   2.5930520e+01
   4.0786128e+00   4.1148805e+00   2.6302374e+01
   4.4740749e+00   4.5133952e+00   2.6240681e+01
   3.3868714e+00   3.4179526e+00   2.6484504e+01
   4.5054990e+00   4.5444351e+00   2.6306475e+01
   3.8641370e+00   3.9063272e+00   2.5493226e+01
   4.4273818e+00   4.4765174e+00   2.5240763e+01
   4.0502949e+00   4.0884589e+00   2.6061068e+01
   4.5864304e+00   4.6226243e+00   2.6683018e+01
   4.1911810e+00   4.2179463e+00   2.7701128e+01
   4.6456497e+00   4.6762258e+00   2.7458276e+01
   3.4870965e+00   3.5061192e+00   2.8683564e+01
   4.6135420e+00   4.6344764e+00   2.9077216e+01
   4.1334189e+00   4.1669119e+00   2.6686986e+01
   4.7974790e+00   4.8336606e+00   2.6842386e+01
   4.1129105e+00   4.1508303e+00   2.6134029e+01
   4.0376996e+00   4.0775121e+00   2.5868715e+01
   3.2555042e+00   3.2765552e+00   2.8085094e+01
   3.8661819e+00   3.8923494e+00   2.7565812e+01
   3.9487118e+00   3.9790648e+00   2.6981091e+01
   4.0534889e+00   4.0842738e+00   2.6994908e+01
   3.6039124e+00   3.6222915e+00   2.8914040e+01
   4.2530895e+00   4.2735915e+00   2.8902462e+01
   3.8467971e+00   3.8665678e+00   2.8768123e+01
   4.0298874e+00   4.0521146e+00   2.8390633e+01
   3.8098678e+00   3.8317666e+00   2.8298424e+01
   3.3100753e+00   3.3324850e+00   2.7850906e+01
