   8.2627415e+00   8.4905459e+00   2.1753362e+01
   9.2137405e+00   9.4611109e+00   2.2246979e+01
   6.4567766e+00   6.7124814e+00   1.9723718e+01
   8.8102533e+00   9.1949087e+00   2.0021891e+01
   9.8853311e+00   1.0639922e+01   1.8217390e+01
   9.8776230e+00   1.0238962e+01   2.1248476e+01
   9.2563684e+00   9.9260188e+00   1.8126959e+01
   9.7346449e+00   1.0074933e+01   2.1370223e+01
   8.7724760e+00   8.9736526e+00   2.2732668e+01
   9.5232733e+00   9.7137953e+00   2.3637317e+01
   8.1743920e+00   8.3808278e+00   2.2095944e+01
   9.0381215e+00   9.2176940e+00   2.3454204e+01
   8.7397419e+00   9.0055867e+00   2.1517892e+01
   9.5514261e+00   9.8404614e+00   2.1892151e+01
   7.5367670e+00   7.6575411e+00   2.3842517e+01
   9.7543122e+00   9.9597611e+00   2.3525037e+01
   8.0096432e+00   8.4660513e+00   1.8598198e+01
   9.4221135e+00   9.7549085e+00   2.1180312e+01
   6.2436135e+00   6.4781071e+00   1.9918240e+01
   7.3092886e+00   7.7035270e+00   1.8605866e+01
   9.7676181e+00   9.9758716e+00   2.3479374e+01
   8.3764299e+00   8.6130327e+00   2.1691830e+01
   9.3856526e+00   9.6926375e+00   2.1487700e+01
   8.3417541e+00   8.6601878e+00   2.0401964e+01
   8.5369274e+00   8.6419201e+00   2.5312075e+01
   8.3686200e+00   8.5094893e+00   2.3901192e+01
   8.1653061e+00   8.3988730e+00   2.1561765e+01
   8.2941227e+00   8.5655755e+00   2.1035801e+01
   8.3671674e+00   8.5883131e+00   2.1971318e+01
   8.1135622e+00   8.3033916e+00   2.2400984e+01
   7.3274845e+00   7.4476302e+00   2.3686946e+01
   8.2606683e+00   8.4331893e+00   2.2938214e+01
   7.9568313e+00   8.1206698e+00   2.2894785e+01
   8.1294100e+00   8.3592626e+00   2.1598668e+01
   9.6407916e+00   9.9052120e+00   2.2349854e+01
   6.5734355e+00   6.7638872e+00   2.1078580e+01
   9.0117100e+00   9.2758153e+00   2.1788151e+01
   6.4730806e+00   6.6970826e+00   2.0301897e+01
   8.5215026e+00   8.7093590e+00   2.2803127e+01
   6.7358695e+00   6.8808823e+00   2.2382091e+01
   7.7455183e+00   7.9618910e+00   2.1523227e+01
   6.4899480e+00   6.6281759e+00   2.2384959e+01
   8.0693256e+00   8.2519569e+00   2.2527715e+01
   6.3118628e+00   6.4568011e+00   2.2035435e+01
   7.2747525e+00   7.4198263e+00   2.2832058e+01
   6.5635010e+00   6.6951396e+00   2.2655478e+01
   8.0003599e+00   8.1591894e+00   2.3065547e+01
   6.6471088e+00   6.7772065e+00   2.2775101e+01
   9.4544686e+00   9.7848536e+00   2.1240185e+01
   1.0113657e+01   1.0385422e+01   2.2665007e+01
   8.9485492e+00   9.1152499e+00   2.3692335e+01
   1.0218618e+01   1.0402869e+01   2.4412964e+01
   8.4015879e+00   8.6128609e+00   2.2196210e+01
   9.9731494e+00   1.0176795e+01   2.3761825e+01
   8.7373406e+00   8.9528914e+00   2.2407280e+01
   1.0001414e+01   1.0225193e+01   2.3386404e+01
   7.4236967e+00   7.5826202e+00   2.2567324e+01
   9.8785113e+00   1.0050134e+01   2.4405533e+01
   8.3573041e+00   8.5607726e+00   2.2317858e+01
   1.0062001e+01   1.0324679e+01   2.2761676e+01
   8.5662208e+00   8.8427342e+00   2.1197265e+01
   9.3410196e+00   9.6396426e+00   2.1564036e+01
   8.0993608e+00   8.3738725e+00   2.0817762e+01
   9.1413566e+00   9.4013099e+00   2.1971470e+01
   8.7508550e+00   9.0066594e+00   2.1691118e+01
   9.2263217e+00   9.4877073e+00   2.2024464e+01
   7.3940123e+00   7.6053807e+00   2.1321782e+01
   9.2945578e+00   9.5937660e+00   2.1513879e+01
   7.9930131e+00   8.2343001e+00   2.1273205e+01
   9.0517893e+00   9.3651616e+00   2.1100400e+01
   8.2028660e+00   8.3696646e+00   2.3032084e+01
   8.4581559e+00   8.6311691e+00   2.3099226e+01
   8.6758363e+00   8.8309622e+00   2.3758371e+01
   8.6005067e+00   8.7472994e+00   2.3928459e+01
   7.4732988e+00   7.6202955e+00   2.2944225e+01
   8.5644372e+00   8.7051519e+00   2.4078002e+01
   8.1935700e+00   8.3525759e+00   2.3228883e+01
   8.6800828e+00   8.8405126e+00   2.3618141e+01
   8.4434725e+00   8.6323538e+00   2.2711183e+01
   8.0586360e+00   8.2677776e+00   2.1939474e+01
   7.1676633e+00   7.2809345e+00   2.3805434e+01
   7.9249787e+00   8.0847164e+00   2.2975799e+01
   7.9188795e+00   8.0693381e+00   2.3227062e+01
   8.0638569e+00   8.2510810e+00   2.2416774e+01
   7.6633532e+00   7.7836427e+00   2.3968089e+01
   8.9502208e+00   9.0960815e+00   2.4265737e+01
   7.9077944e+00   7.9961859e+00   2.5505095e+01
   8.4419555e+00   8.5792046e+00   2.4077243e+01
   7.7846012e+00   7.9163065e+00   2.3682563e+01
   7.2006520e+00   7.3319027e+00   2.3199557e+01
