   9.6784564e-01   9.7826909e-01   2.9719434e+01
   1.5324008e+00   1.5430292e+00   2.9957820e+01
   1.0368445e+00   1.0703491e+00   2.4688397e+01
   1.4512617e+00   1.4914770e+00   2.4133561e+01
   1.9884318e+00   2.0572066e+00   2.2128709e+01
   1.8490608e+00   1.9043911e+00   2.2986579e+01
   1.3722384e+00   1.4293557e+00   2.2565094e+01
   1.8661643e+00   1.9165147e+00   2.3406047e+01
   2.2895745e+00   2.3094434e+00   2.7702918e+01
   1.8042187e+00   1.8197576e+00   2.8470687e+01
   1.3946417e+00   1.4051406e+00   2.9930617e+01
   1.7028382e+00   1.7128563e+00   3.0315637e+01
   1.4431853e+00   1.4561438e+00   2.9044948e+01
   1.7112371e+00   1.7208233e+00   3.0511969e+01
   1.0158974e+00   1.0232879e+00   3.1239459e+01
   1.6746197e+00   1.6824856e+00   3.1348895e+01
   1.4823240e+00   1.5388691e+00   2.2673134e+01
   1.8915699e+00   1.9409988e+00   2.3501644e+01
   1.0711422e+00   1.0950180e+00   2.6178558e+01
   8.1350592e-01   8.5254132e-01   2.3901182e+01
   1.9287939e+00   1.9397757e+00   3.0053252e+01
   9.7894787e-01   9.9164582e-01   2.8868522e+01
   1.5178937e+00   1.5297402e+00   2.9478228e+01
   1.1463943e+00   1.1575611e+00   2.9520509e+01
   2.2598487e+00   2.2679244e+00   3.1592623e+01
   1.1840022e+00   1.1905861e+00   3.1836023e+01
   1.5192590e+00   1.5302665e+00   2.9797957e+01
   1.1418426e+00   1.1517232e+00   3.0049326e+01
   1.3269604e+00   1.3380850e+00   2.9640107e+01
   1.0125916e+00   1.0220475e+00   3.0167368e+01
   9.2630704e-01   9.3252081e-01   3.1942723e+01
   9.5185388e-01   9.6014633e-01   3.0703719e+01
   1.4241941e+00   1.4353330e+00   2.9690835e+01
   1.0570632e+00   1.0709298e+00   2.8529914e+01
   2.0890033e+00   2.1086644e+00   2.7623297e+01
   1.1373582e+00   1.1532619e+00   2.7980006e+01
   1.4916470e+00   1.4999740e+00   3.0993508e+01
   1.1547282e+00   1.1613414e+00   3.1800137e+01
   2.5641875e+00   2.5753969e+00   3.0362560e+01
   1.4020633e+00   1.4110972e+00   3.0587507e+01
   1.5518188e+00   1.5605944e+00   3.0800971e+01
   1.1345930e+00   1.1414145e+00   3.1653979e+01
   1.2632786e+00   1.2712161e+00   3.1069293e+01
   9.1644293e-01   9.2217697e-01   3.2286191e+01
   1.1537736e+00   1.1693725e+00   2.8073349e+01
   1.1784742e+00   1.1867432e+00   3.0843224e+01
   1.6628627e+00   1.6745135e+00   2.9636225e+01
   1.3042938e+00   1.3134193e+00   3.0487182e+01
   1.3609611e+00   1.3703073e+00   3.0416112e+01
   1.9419194e+00   1.9501250e+00   3.1326560e+01
   2.4634491e+00   2.4740992e+00   3.0520140e+01
   2.2879822e+00   2.2976569e+00   3.0825949e+01
   1.5527821e+00   1.5610804e+00   3.1044394e+01
   2.0863160e+00   2.0938623e+00   3.1778921e+01
   1.4266466e+00   1.4363090e+00   3.0309729e+01
   2.0394782e+00   2.0467703e+00   3.1898819e+01
   9.6620515e-01   9.8046825e-01   2.8356715e+01
   2.0112282e+00   2.0217334e+00   3.0296320e+01
   1.5472749e+00   1.5610836e+00   2.8830027e+01
   2.1500412e+00   2.1627151e+00   2.9567324e+01
   2.2733119e+00   2.2822890e+00   3.1141681e+01
   1.5302878e+00   1.5390740e+00   3.0783115e+01
   1.4555730e+00   1.4655187e+00   3.0201115e+01
   1.3869860e+00   1.3960404e+00   3.0568870e+01
   1.4545944e+00   1.4646984e+00   3.0131983e+01
   1.4461738e+00   1.4543393e+00   3.1051969e+01
   1.0383474e+00   1.0504896e+00   2.9096038e+01
   1.4021879e+00   1.4175889e+00   2.8271323e+01
   1.4174962e+00   1.4288212e+00   2.9615033e+01
   1.4014877e+00   1.4148252e+00   2.8895483e+01
   1.5406101e+00   1.5522425e+00   2.9570750e+01
   2.1965481e+00   2.2049778e+00   3.1366770e+01
   1.5292618e+00   1.5343659e+00   3.3140937e+01
   2.2620587e+00   2.2676453e+00   3.3194003e+01
   1.0929523e+00   1.1090101e+00   2.7913061e+01
   2.2273170e+00   2.2390613e+00   2.9946277e+01
   1.6445130e+00   1.6570246e+00   2.9315835e+01
   2.4170204e+00   2.4299206e+00   2.9658475e+01
   1.4653442e+00   1.4748311e+00   3.0411875e+01
   1.5261419e+00   1.5346513e+00   3.0919688e+01
   9.1080594e-01   9.1831659e-01   3.1110997e+01
   1.3220743e+00   1.3314090e+00   3.0398991e+01
   1.4753507e+00   1.4841307e+00   3.0754004e+01
   1.5122358e+00   1.5234357e+00   2.9718575e+01
   1.2984617e+00   1.3073426e+00   3.0601835e+01
   1.6257347e+00   1.6353515e+00   3.0447235e+01
   1.3548728e+00   1.3605059e+00   3.2611204e+01
   1.3326671e+00   1.3399581e+00   3.1478058e+01
   1.3331544e+00   1.3403980e+00   3.1506694e+01
   9.4490559e-01   9.5322366e-01   3.0686470e+01
