   1.3525643e+00   1.3644760e+00   2.9358066e+01
   2.0036491e+00   2.0177845e+00   2.9003038e+01
   1.4383973e+00   1.4466803e+00   3.0985442e+01
   2.1305457e+00   2.1411737e+00   3.0319526e+01
   2.5357155e+00   2.6073358e+00   2.2298392e+01
   2.3764919e+00   2.4259985e+00   2.3796973e+01
   1.8119304e+00   1.8757403e+00   2.2345679e+01
   2.3268903e+00   2.3792145e+00   2.3525467e+01
   2.6452292e+00   2.6670685e+00   2.7519972e+01
   2.2867298e+00   2.3026896e+00   2.8652074e+01
   1.7880908e+00   1.7988472e+00   3.0058018e+01
   2.1872015e+00   2.1981785e+00   3.0214516e+01
   1.8318560e+00   1.8428290e+00   2.9997848e+01
   2.1925145e+00   2.2021229e+00   3.0795970e+01
   1.3639127e+00   1.3731062e+00   3.0489322e+01
   2.1765126e+00   2.1861414e+00   3.0776792e+01
   1.8631609e+00   1.9218453e+00   2.2739918e+01
   2.3911317e+00   2.4388615e+00   2.3964785e+01
   1.4055183e+00   1.4149673e+00   3.0394395e+01
   1.4168909e+00   1.4271348e+00   3.0050319e+01
   2.4417044e+00   2.4515761e+00   3.0835829e+01
   1.3838946e+00   1.3925262e+00   3.0774705e+01
   1.9539614e+00   1.9627486e+00   3.1036534e+01
   1.4979790e+00   1.5068626e+00   3.0716272e+01
   2.5899237e+00   2.5990151e+00   3.1288396e+01
   1.5291101e+00   1.5361895e+00   3.1720326e+01
   1.8942659e+00   1.9047353e+00   3.0239623e+01
   1.5151520e+00   1.5243474e+00   3.0576580e+01
   1.6996422e+00   1.7162585e+00   2.8116850e+01
   1.3624221e+00   1.3755423e+00   2.8944181e+01
   1.2439483e+00   1.2560207e+00   2.9237406e+01
   1.3276999e+00   1.3388245e+00   2.9640561e+01
   1.7962342e+00   1.8047878e+00   3.1057861e+01
   1.4463504e+00   1.4544329e+00   3.1096455e+01
   2.6144225e+00   2.6279800e+00   2.9569352e+01
   1.4222125e+00   1.4334369e+00   2.9656493e+01
   1.9028613e+00   1.9139798e+00   2.9983717e+01
   1.3968920e+00   1.4056798e+00   3.0704427e+01
   2.9181212e+00   2.9308158e+00   3.0053683e+01
   1.6631116e+00   1.6731545e+00   3.0281192e+01
   1.9063374e+00   1.9167844e+00   3.0256283e+01
   1.3854607e+00   1.3937964e+00   3.0927153e+01
   1.6349184e+00   1.6446028e+00   3.0422239e+01
   1.1695066e+00   1.1771046e+00   3.1205655e+01
   1.4914652e+00   1.4994605e+00   3.1169894e+01
   1.4328113e+00   1.4398926e+00   3.1662820e+01
   2.0212521e+00   2.0319185e+00   3.0236386e+01
   1.5573508e+00   1.5660916e+00   3.0821514e+01
   1.8063454e+00   1.8183235e+00   2.9601897e+01
   2.4445493e+00   2.4556469e+00   3.0329400e+01
   2.8257508e+00   2.8396214e+00   2.9608133e+01
   2.8083102e+00   2.8212438e+00   2.9900268e+01
   1.9341755e+00   1.9448201e+00   3.0191875e+01
   2.5951139e+00   2.6055094e+00   3.0709743e+01
   1.8169216e+00   1.8261701e+00   3.0731160e+01
   2.5516279e+00   2.5594871e+00   3.1896070e+01
   1.3301980e+00   1.3379416e+00   3.1215146e+01
   2.5350058e+00   2.5426680e+00   3.1995568e+01
   1.9391826e+00   1.9497964e+00   3.0207516e+01
   2.6750971e+00   2.6856708e+00   3.0687793e+01
   2.6103330e+00   2.6228746e+00   2.9904857e+01
   1.9586180e+00   1.9708409e+00   2.9606531e+01
   1.8362289e+00   1.8456838e+00   3.0646984e+01
   1.8316015e+00   1.8408565e+00   3.0736970e+01
   1.8384990e+00   1.8457389e+00   3.1807396e+01
   1.8820271e+00   1.8893245e+00   3.1799400e+01
   1.3983810e+00   1.4074120e+00   3.0586765e+01
   1.8862464e+00   1.8963866e+00   3.0373503e+01
   1.7882590e+00   1.7971796e+00   3.0870656e+01
   1.8573523e+00   1.8667551e+00   3.0683794e+01
   1.9136403e+00   1.9277475e+00   2.8956663e+01
   2.5517359e+00   2.5624452e+00   3.0552740e+01
   1.9103726e+00   1.9171984e+00   3.2106759e+01
   2.6135901e+00   2.6213237e+00   3.2005919e+01
   1.4587878e+00   1.4647051e+00   3.2457823e+01
   2.5977021e+00   2.6040383e+00   3.2860996e+01
   2.0226743e+00   2.0331736e+00   3.0305775e+01
   2.7793929e+00   2.7908546e+00   3.0405783e+01
   1.8529905e+00   1.8670953e+00   2.8920542e+01
   1.9034161e+00   1.9165554e+00   2.9258975e+01
   1.2464890e+00   1.2554928e+00   3.0512348e+01
   1.7213501e+00   1.7313162e+00   3.0349304e+01
   1.8529119e+00   1.8603388e+00   3.1705370e+01
   1.9170262e+00   1.9246941e+00   3.1605607e+01
   1.6209858e+00   1.6279845e+00   3.1824270e+01
   2.0085362e+00   2.0174257e+00   3.1019762e+01
   1.7273307e+00   1.7326086e+00   3.3113061e+01
   1.7414347e+00   1.7472586e+00   3.2694031e+01
   1.7117831e+00   1.7177957e+00   3.2537755e+01
   1.2980128e+00   1.3039777e+00   3.2329861e+01
