   8.3016330e+00   8.5304963e+00   2.1767703e+01
   9.1110253e+00   9.3547295e+00   2.2218233e+01
   6.3644143e+00   6.6331542e+00   1.9435920e+01
   8.7010428e+00   9.0755605e+00   2.0036662e+01
   9.6888648e+00   1.0399588e+01   1.8279301e+01
   9.6877501e+00   1.0027306e+01   2.1336598e+01
   9.2802507e+00   9.9523065e+00   1.8134021e+01
   9.5990365e+00   9.9255478e+00   2.1420878e+01
   8.1256049e+00   8.2992822e+00   2.2791741e+01
   9.3469207e+00   9.5242084e+00   2.3785720e+01
   8.1851517e+00   8.3858638e+00   2.2225341e+01
   8.8710448e+00   9.0375151e+00   2.3629281e+01
   8.7209526e+00   8.9866083e+00   2.1504224e+01
   9.4286774e+00   9.7089380e+00   2.1911485e+01
   7.4917159e+00   7.6112609e+00   2.3848083e+01
   9.6163973e+00   9.8148169e+00   2.3548318e+01
   7.7212449e+00   8.1505231e+00   1.8603204e+01
   9.1947395e+00   9.5089777e+00   2.1217095e+01
   6.2535585e+00   6.5132940e+00   1.9490241e+01
   7.3667340e+00   7.7692638e+00   1.8567527e+01
   9.5988600e+00   9.7913747e+00   2.3661278e+01
   8.4210022e+00   8.6504116e+00   2.1862418e+01
   9.4420232e+00   9.7452036e+00   2.1591281e+01
   8.4075943e+00   8.7257666e+00   2.0463435e+01
   7.9502470e+00   8.0380913e+00   2.5568531e+01
   8.4152006e+00   8.5518019e+00   2.4074062e+01
   8.1793795e+00   8.4240526e+00   2.1376418e+01
   8.3278741e+00   8.6109851e+00   2.0887174e+01
   8.3695678e+00   8.5917242e+00   2.1954002e+01
   8.1645855e+00   8.3536161e+00   2.2463489e+01
   7.3153877e+00   7.4351295e+00   2.3691181e+01
   8.3191583e+00   8.4916682e+00   2.2989685e+01
   7.7200851e+00   7.8785630e+00   2.2832975e+01
   8.1643379e+00   8.3952814e+00   2.1609006e+01
   9.4432475e+00   9.6688411e+00   2.2845228e+01
   6.5045258e+00   6.6832778e+00   2.1293338e+01
   9.0384821e+00   9.3039174e+00   2.1790805e+01
   6.4309515e+00   6.6558778e+00   2.0249631e+01
   7.8787789e+00   8.0320481e+00   2.3113030e+01
   6.6447775e+00   6.7818472e+00   2.2548712e+01
   7.7426237e+00   7.9604690e+00   2.1491802e+01
   6.4417631e+00   6.5799718e+00   2.2346016e+01
   8.0386839e+00   8.2208880e+00   2.2511086e+01
   6.2584610e+00   6.4039616e+00   2.1975290e+01
   7.1854689e+00   7.3517912e+00   2.2170226e+01
   6.5038398e+00   6.6393123e+00   2.2482940e+01
   7.7196651e+00   7.8584003e+00   2.3403392e+01
   6.5556431e+00   6.6783367e+00   2.2951751e+01
   9.4873384e+00   9.8151353e+00   2.1303063e+01
   9.9443169e+00   1.0202521e+01   2.2726899e+01
   8.2748230e+00   8.4192224e+00   2.3712914e+01
   9.9293710e+00   1.0096605e+01   2.4562559e+01
   8.4040963e+00   8.6150747e+00   2.2204365e+01
   9.7897304e+00   9.9811882e+00   2.3857861e+01
   8.7169089e+00   8.9314314e+00   2.2409533e+01
   9.8163735e+00   1.0028352e+01   2.3448204e+01
   7.3839548e+00   7.5361851e+00   2.2718055e+01
   9.6921503e+00   9.8515035e+00   2.4553456e+01
   8.0812693e+00   8.2567182e+00   2.2709717e+01
   9.8315506e+00   1.0062057e+01   2.3105624e+01
   7.9677796e+00   8.2115718e+00   2.1207329e+01
   9.3769695e+00   9.6767851e+00   2.1579641e+01
   8.1222542e+00   8.3981896e+00   2.0815814e+01
   9.1916813e+00   9.4493184e+00   2.2054598e+01
   8.7610990e+00   9.0157661e+00   2.1719134e+01
   9.2762274e+00   9.5379471e+00   2.2063932e+01
   7.3757416e+00   7.5931651e+00   2.1185659e+01
   9.3422977e+00   9.6525988e+00   2.1403217e+01
   7.7565927e+00   7.9868136e+00   2.1268316e+01
   9.0759067e+00   9.3906560e+00   2.1103520e+01
   8.2173464e+00   8.3848518e+00   2.3026626e+01
   7.9257557e+00   8.0837108e+00   2.3024564e+01
   8.6497034e+00   8.8053140e+00   2.3721905e+01
   8.0056643e+00   8.1344404e+00   2.3970157e+01
   7.4147177e+00   7.5455856e+00   2.3393466e+01
   7.9514509e+00   8.0689448e+00   2.4317311e+01
   7.8552149e+00   7.9933957e+00   2.3537315e+01
   7.9975356e+00   8.1270445e+00   2.3938735e+01
   8.4246326e+00   8.6170959e+00   2.2614371e+01
   8.0752203e+00   8.2889205e+00   2.1861937e+01
   7.1401464e+00   7.2575648e+00   2.3627505e+01
   7.9512657e+00   8.1189483e+00   2.2790638e+01
   7.6745283e+00   7.8187901e+00   2.3196952e+01
   8.0602163e+00   8.2521376e+00   2.2307714e+01
   7.6378106e+00   7.7593270e+00   2.3902567e+01
   8.9559525e+00   9.1019595e+00   2.4266545e+01
   7.6772199e+00   7.7605017e+00   2.5563611e+01
   8.4169820e+00   8.5483795e+00   2.4242349e+01
   7.5213015e+00   7.6492233e+00   2.3582115e+01
   7.1334691e+00   7.2703066e+00   2.2963786e+01
