   8.3098562e+00   8.5425252e+00   2.1704711e+01
   9.1963766e+00   9.4456546e+00   2.2198773e+01
   6.4191942e+00   6.6953787e+00   1.9364678e+01
   8.7667856e+00   9.1607103e+00   1.9883263e+01
   9.8091372e+00   1.0541707e+01   1.8267009e+01
   9.8131148e+00   1.0164375e+01   2.1308351e+01
   9.2885438e+00   9.9689687e+00   1.8091114e+01
   9.7011781e+00   1.0040299e+01   2.1354214e+01
   8.4637746e+00   8.6497358e+00   2.2795610e+01
   9.4455356e+00   9.6277844e+00   2.3756651e+01
   8.1994925e+00   8.4051495e+00   2.2133998e+01
   8.9838071e+00   9.1598884e+00   2.3489644e+01
   8.7608508e+00   9.0271476e+00   2.1529444e+01
   9.5269971e+00   9.8129121e+00   2.1915917e+01
   7.5399367e+00   7.6653488e+00   2.3683196e+01
   9.7089773e+00   9.9174566e+00   2.3421511e+01
   7.8799299e+00   8.3371581e+00   1.8477363e+01
   9.3028725e+00   9.6425170e+00   2.0986854e+01
   6.2710681e+00   6.5262338e+00   1.9580220e+01
   7.3550491e+00   7.7598916e+00   1.8533443e+01
   9.7152006e+00   9.9155040e+00   2.3597605e+01
   8.4266247e+00   8.6610555e+00   2.1775218e+01
   9.4518033e+00   9.7606836e+00   2.1521505e+01
   8.4056598e+00   8.7280710e+00   2.0405845e+01
   8.2686563e+00   8.3633401e+00   2.5521972e+01
   8.4217935e+00   8.5603298e+00   2.4019484e+01
   8.2024204e+00   8.4451098e+00   2.1431188e+01
   8.3399334e+00   8.6220289e+00   2.0913003e+01
   8.3994207e+00   8.6248707e+00   2.1917560e+01
   8.1710020e+00   8.3621223e+00   2.2422114e+01
   7.3602605e+00   7.4811862e+00   2.3686905e+01
   8.3229363e+00   8.4968168e+00   2.2959139e+01
   7.8811404e+00   8.0409915e+00   2.2934844e+01
   8.1775696e+00   8.4049348e+00   2.1687060e+01
   9.5533627e+00   9.8030214e+00   2.2514177e+01
   6.5618235e+00   6.7486529e+00   2.1151221e+01
   9.0551201e+00   9.3220246e+00   2.1782299e+01
   6.4820705e+00   6.7095618e+00   2.0243291e+01
   8.2121449e+00   8.3785106e+00   2.3051312e+01
   6.7048619e+00   6.8446058e+00   2.2515397e+01
   7.7593834e+00   7.9819081e+00   2.1415630e+01
   6.4928524e+00   6.6334644e+00   2.2313838e+01
   8.0742962e+00   8.2578039e+00   2.2511567e+01
   6.3137003e+00   6.4604724e+00   2.1982907e+01
   7.2542144e+00   7.4131240e+00   2.2423814e+01
   6.5614472e+00   6.6963614e+00   2.2548095e+01
   7.8907795e+00   8.0392125e+00   2.3260901e+01
   6.6192562e+00   6.7457713e+00   2.2872212e+01
   9.5059244e+00   9.8352733e+00   2.1300002e+01
   1.0060355e+01   1.0326233e+01   2.2708896e+01
   8.6255919e+00   8.7807679e+00   2.3712585e+01
   1.0069320e+01   1.0244962e+01   2.4480635e+01
   8.4287604e+00   8.6404477e+00   2.2211752e+01
   9.9137793e+00   1.0111662e+01   2.3830006e+01
   8.7587465e+00   8.9723685e+00   2.2464570e+01
   9.9415661e+00   1.0158926e+01   2.3455556e+01
   7.4385134e+00   7.5929998e+00   2.2701373e+01
   9.8087533e+00   9.9753386e+00   2.4469431e+01
   8.2550839e+00   8.4421967e+00   2.2586130e+01
   9.9467058e+00   1.0197574e+01   2.2851256e+01
   8.2893342e+00   8.5504194e+00   2.1196857e+01
   9.3870952e+00   9.6878383e+00   2.1575736e+01
   8.1329931e+00   8.4161250e+00   2.0716038e+01
   9.1956919e+00   9.4618710e+00   2.1919904e+01
   8.7850245e+00   9.0482413e+00   2.1600277e+01
   9.2810850e+00   9.5494302e+00   2.1962345e+01
   7.4147468e+00   7.6361187e+00   2.1142120e+01
   9.3407517e+00   9.6593403e+00   2.1290637e+01
   7.9175837e+00   8.1537620e+00   2.1298783e+01
   9.0899150e+00   9.4043488e+00   2.1120316e+01
   8.2326971e+00   8.4015991e+00   2.3004493e+01
   8.2160243e+00   8.3835628e+00   2.3024626e+01
   8.6808758e+00   8.8369687e+00   2.3736206e+01
   8.3238862e+00   8.4620428e+00   2.3945445e+01
   7.4609929e+00   7.5984153e+00   2.3222890e+01
   8.2751449e+00   8.4025173e+00   2.4251775e+01
   8.0382749e+00   8.1839856e+00   2.3468059e+01
   8.3393865e+00   8.4826387e+00   2.3803620e+01
   8.4612467e+00   8.6545887e+00   2.2627124e+01
   8.0936045e+00   8.3076119e+00   2.1871826e+01
   7.1864088e+00   7.3041453e+00   2.3654837e+01
   7.9641702e+00   8.1302984e+00   2.2841702e+01
   7.8347226e+00   7.9800983e+00   2.3301783e+01
   8.0798975e+00   8.2683780e+00   2.2402146e+01
   7.6940082e+00   7.8101700e+00   2.4144552e+01
   8.9917975e+00   9.1331391e+00   2.4437702e+01
   7.8280402e+00   7.9160564e+00   2.5454689e+01
   8.4392114e+00   8.5817499e+00   2.3912593e+01
   7.6892767e+00   7.8155976e+00   2.3779989e+01
   7.1961857e+00   7.3230751e+00   2.3341062e+01
