   7.3975990e+00   7.5740945e+00   2.2095768e+01
   8.3876133e+00   8.5838892e+00   2.2498082e+01
   5.6525416e+00   5.9326730e+00   1.8682909e+01
   7.8593044e+00   8.3132458e+00   1.8489521e+01
   9.1627245e+00   9.7566577e+00   1.8533395e+01
   9.0225540e+00   9.3079428e+00   2.1469541e+01
   8.4340813e+00   8.9603280e+00   1.8379921e+01
   8.9145080e+00   9.1854870e+00   2.1592397e+01
   8.0972332e+00   8.2575400e+00   2.3110042e+01
   8.5995002e+00   8.7445938e+00   2.3977490e+01
   7.4229987e+00   7.5820229e+00   2.2564013e+01
   8.2973269e+00   8.4419101e+00   2.3727139e+01
   7.8498801e+00   8.0565882e+00   2.1808313e+01
   8.7100107e+00   8.9345110e+00   2.2209793e+01
   6.7548266e+00   6.8514001e+00   2.4147454e+01
   8.9374314e+00   9.0955338e+00   2.3909093e+01
   7.3033686e+00   7.6684194e+00   1.8924732e+01
   8.6490731e+00   8.9234877e+00   2.1302921e+01
   5.5571734e+00   5.7745981e+00   1.9689613e+01
   6.4895395e+00   6.8474690e+00   1.8322988e+01
   8.9557906e+00   9.1239000e+00   2.3662788e+01
   7.5375300e+00   7.7204002e+00   2.2063309e+01
   8.4837956e+00   8.7202680e+00   2.1788692e+01
   7.5101710e+00   7.7465593e+00   2.0943892e+01
   7.8124319e+00   7.8968785e+00   2.5619782e+01
   7.4989516e+00   7.6075217e+00   2.4268622e+01
   7.3262175e+00   7.5064274e+00   2.1945917e+01
   7.4390288e+00   7.6526129e+00   2.1315655e+01
   7.5298813e+00   7.7018240e+00   2.2320517e+01
   7.2480108e+00   7.3957582e+00   2.2731039e+01
   6.5205062e+00   6.6285526e+00   2.3470284e+01
   7.3901702e+00   7.5377966e+00   2.2855111e+01
   7.1639167e+00   7.3036903e+00   2.2898239e+01
   7.2776448e+00   7.4689150e+00   2.1649826e+01
   8.8775547e+00   9.1036681e+00   2.2328201e+01
   5.9266380e+00   6.0799793e+00   2.1481624e+01
   8.1324180e+00   8.3383774e+00   2.2069174e+01
   5.8465945e+00   6.0137023e+00   2.1048236e+01
   7.8968598e+00   8.0433842e+00   2.3321670e+01
   6.0281515e+00   6.1375258e+00   2.3017379e+01
   6.9932204e+00   7.1580813e+00   2.2046255e+01
   5.8211044e+00   5.9292000e+00   2.2902338e+01
   7.2858074e+00   7.4307518e+00   2.2845254e+01
   5.6348603e+00   5.7494153e+00   2.2504424e+01
   6.5039688e+00   6.6309703e+00   2.2760763e+01
   5.8885124e+00   5.9966533e+00   2.2954312e+01
   7.2735851e+00   7.4035368e+00   2.3303943e+01
   5.9951712e+00   6.0964519e+00   2.3322324e+01
   8.5693556e+00   8.8233234e+00   2.1560864e+01
   9.3276850e+00   9.5413200e+00   2.2972868e+01
   8.2449065e+00   8.3816132e+00   2.3921679e+01
   9.2097790e+00   9.3606895e+00   2.4351761e+01
   7.5859054e+00   7.7473405e+00   2.2638602e+01
   9.1379254e+00   9.3056559e+00   2.3835086e+01
   7.8850929e+00   8.0475462e+00   2.2869070e+01
   9.1688076e+00   9.3482967e+00   2.3573089e+01
   6.6458335e+00   6.7667376e+00   2.3089355e+01
   9.1056739e+00   9.2352968e+00   2.4910633e+01
   7.5931135e+00   7.7433580e+00   2.2952817e+01
   9.2603351e+00   9.4591441e+00   2.3218819e+01
   7.8845240e+00   8.0989286e+00   2.1682305e+01
   8.4196541e+00   8.6483903e+00   2.1873743e+01
   7.3340277e+00   7.5503236e+00   2.1172346e+01
   8.2671101e+00   8.4802834e+00   2.2040044e+01
   7.8391340e+00   8.0376499e+00   2.1971693e+01
   8.3079395e+00   8.5105770e+00   2.2292024e+01
   6.6405194e+00   6.8136574e+00   2.1542372e+01
   8.3919225e+00   8.6400271e+00   2.1503613e+01
   7.2419189e+00   7.4311976e+00   2.1664317e+01
   8.1965674e+00   8.4385980e+00   2.1437630e+01
   7.3661755e+00   7.4975816e+00   2.3334583e+01
   7.7518019e+00   7.8925414e+00   2.3369443e+01
   7.7660965e+00   7.8855320e+00   2.4086945e+01
   7.8699420e+00   7.9934271e+00   2.4033057e+01
   6.6588467e+00   6.7701675e+00   2.3455651e+01
   7.8855347e+00   7.9940668e+00   2.4601681e+01
   7.3635527e+00   7.4879012e+00   2.3569662e+01
   8.0262524e+00   8.1555827e+00   2.3969559e+01
   7.6091769e+00   7.7605010e+00   2.2935856e+01
   7.2832637e+00   7.4471607e+00   2.2315925e+01
   6.3881625e+00   6.4905351e+00   2.3594351e+01
   7.1490466e+00   7.2851457e+00   2.3000156e+01
   7.1710702e+00   7.2972699e+00   2.3343318e+01
   7.3065059e+00   7.4534479e+00   2.2804032e+01
   6.8429263e+00   6.9453855e+00   2.3965620e+01
   8.0145524e+00   8.1394788e+00   2.4108267e+01
   7.1342291e+00   7.2061762e+00   2.5734337e+01
   7.6046951e+00   7.7107858e+00   2.4458346e+01
   7.0749454e+00   7.1833274e+00   2.3917431e+01
   6.4785786e+00   6.5919052e+00   2.3230335e+01
