   2.0466580e+00   2.0660770e+00   2.7650933e+01
   2.8641957e+00   2.8851671e+00   2.7839259e+01
   1.7220048e+00   1.7805074e+00   2.2667971e+01
   2.6991604e+00   2.7741527e+00   2.2205342e+01
   3.4806290e+00   3.5971403e+00   2.0826892e+01
   3.2664177e+00   3.3441682e+00   2.2428495e+01
   2.6948338e+00   2.7876897e+00   2.1277320e+01
   3.2242569e+00   3.2937184e+00   2.2887818e+01
   3.3374456e+00   3.3680537e+00   2.6517128e+01
   3.2214777e+00   3.2460106e+00   2.7397842e+01
   2.5287899e+00   2.5533150e+00   2.6941424e+01
   3.1058646e+00   3.1296158e+00   2.7460221e+01
   2.5496089e+00   2.5776721e+00   2.6370071e+01
   3.1261694e+00   3.1494665e+00   2.7557659e+01
   1.9724750e+00   1.9858694e+00   2.9217665e+01
   3.1080382e+00   3.1233777e+00   2.9358997e+01
   2.5337101e+00   2.6182097e+00   2.1580768e+01
   3.2688247e+00   3.3367561e+00   2.3014679e+01
   1.7639891e+00   1.8111256e+00   2.3630273e+01
   1.7656442e+00   1.8435897e+00   2.1450097e+01
   3.3472261e+00   3.3714355e+00   2.7541184e+01
   2.0898540e+00   2.1147641e+00   2.6596792e+01
   2.7849900e+00   2.8105763e+00   2.6924050e+01
   2.1924132e+00   2.2167818e+00   2.6755967e+01
   3.2272358e+00   3.2437287e+00   2.9124862e+01
   2.2550594e+00   2.2702392e+00   2.8849673e+01
   2.5402534e+00   2.5606343e+00   2.7752084e+01
   2.2152458e+00   2.2357273e+00   2.7524461e+01
   2.4202990e+00   2.4388822e+00   2.8076099e+01
   2.0782469e+00   2.0950118e+00   2.8308377e+01
   1.8528095e+00   1.8670452e+00   2.8880355e+01
   2.0215453e+00   2.0407651e+00   2.7680204e+01
   2.4380014e+00   2.4582551e+00   2.7713753e+01
   2.1058651e+00   2.1320040e+00   2.6397732e+01
   3.5382699e+00   3.5784473e+00   2.5476036e+01
   1.9338621e+00   1.9625350e+00   2.5890281e+01
   2.7429367e+00   2.7623516e+00   2.8094266e+01
   1.9178524e+00   1.9331376e+00   2.8611043e+01
   3.5800977e+00   3.6030703e+00   2.7929488e+01
   2.1800850e+00   2.1980658e+00   2.8067715e+01
   2.5887640e+00   2.6062744e+00   2.8442218e+01
   1.9102657e+00   1.9235585e+00   2.9212761e+01
   2.3819592e+00   2.3982833e+00   2.8614291e+01
   1.7006158e+00   1.7133866e+00   2.9260224e+01
   2.0677352e+00   2.1008306e+00   2.5350136e+01
   1.9233050e+00   1.9416219e+00   2.7828894e+01
   2.7029734e+00   2.7239562e+00   2.7731136e+01
   2.0633935e+00   2.0798728e+00   2.8373784e+01
   2.7186698e+00   2.7436925e+00   2.6977272e+01
   3.4350441e+00   3.4584769e+00   2.7742958e+01
   3.5362109e+00   3.5574211e+00   2.8245293e+01
   3.7987372e+00   3.8210176e+00   2.8215617e+01
   2.6701858e+00   2.6956018e+00   2.6878027e+01
   3.5831642e+00   3.6061499e+00   2.7929161e+01
   2.5894939e+00   2.6089017e+00   2.7996159e+01
   3.5432571e+00   3.5609598e+00   2.9034570e+01
   1.9528955e+00   1.9730414e+00   2.7433828e+01
   3.4902747e+00   3.5070059e+00   2.9242797e+01
   2.6381018e+00   2.6690701e+00   2.5999908e+01
   3.6185075e+00   3.6511073e+00   2.6438129e+01
   3.2740286e+00   3.2976265e+00   2.7602163e+01
   2.8355919e+00   2.8598542e+00   2.7187879e+01
   2.5139735e+00   2.5419236e+00   2.6364666e+01
   2.6812941e+00   2.7063501e+00   2.6947148e+01
   2.5470710e+00   2.5698721e+00   2.7269473e+01
   2.7315237e+00   2.7514795e+00   2.7967553e+01
   1.9769617e+00   2.0008547e+00   2.6708128e+01
   2.6840722e+00   2.7158761e+00   2.5914297e+01
   2.4627422e+00   2.4842390e+00   2.7471031e+01
   2.6860352e+00   2.7109056e+00   2.6982489e+01
   2.6415139e+00   2.6625267e+00   2.7684977e+01
   3.2481397e+00   3.2657389e+00   2.8857267e+01
   2.6766823e+00   2.6892085e+00   2.9953179e+01
   3.3025563e+00   3.3162629e+00   2.9979272e+01
   2.0848210e+00   2.1063319e+00   2.7230421e+01
   3.2574988e+00   3.2745836e+00   2.8992386e+01
   2.7385051e+00   2.7602659e+00   2.7596337e+01
   3.4552652e+00   3.4793467e+00   2.7638433e+01
   2.6005792e+00   2.6192749e+00   2.8165545e+01
   2.6190920e+00   2.6368664e+00   2.8396859e+01
   1.8797174e+00   1.8948256e+00   2.8638383e+01
   2.4068005e+00   2.4250471e+00   2.8146843e+01
   2.5440950e+00   2.5624053e+00   2.8219529e+01
   2.5942055e+00   2.6172385e+00   2.7255965e+01
   2.2401826e+00   2.2546236e+00   2.9056963e+01
   2.7126973e+00   2.7280659e+00   2.9088924e+01
   2.4298997e+00   2.4428680e+00   2.9643819e+01
   2.4585067e+00   2.4782846e+00   2.7830004e+01
   2.3898376e+00   2.4073113e+00   2.8323933e+01
   1.9002170e+00   1.9207932e+00   2.7309939e+01
