   6.2833904e+00   6.4020446e+00   2.2873040e+01
   7.2802683e+00   7.4156828e+00   2.3132647e+01
   4.7855201e+00   4.9640547e+00   1.9937076e+01
   6.8851078e+00   7.1531485e+00   1.9879269e+01
   8.1279980e+00   8.5777827e+00   1.8763017e+01
   7.9372136e+00   8.1573343e+00   2.1615771e+01
   7.3260217e+00   7.7095465e+00   1.8736104e+01
   7.7740125e+00   7.9811048e+00   2.1734861e+01
   7.0865175e+00   7.2012290e+00   2.3682787e+01
   7.6606155e+00   7.7686491e+00   2.4428080e+01
   6.4365295e+00   6.5500454e+00   2.3188690e+01
   7.3207111e+00   7.4278611e+00   2.4173884e+01
   6.7326033e+00   6.8740305e+00   2.2486945e+01
   7.6556533e+00   7.8146388e+00   2.2763923e+01
   5.7464415e+00   5.8100730e+00   2.5131368e+01
   7.7990114e+00   7.9026237e+00   2.4726817e+01
   6.3085841e+00   6.5874163e+00   1.9233169e+01
   7.6259118e+00   7.8399254e+00   2.1467079e+01
   4.6542154e+00   4.8298955e+00   1.9907167e+01
   5.4666412e+00   5.7414793e+00   1.8616788e+01
   7.8447797e+00   7.9690759e+00   2.3983209e+01
   6.4366705e+00   6.5690405e+00   2.2527446e+01
   7.2992208e+00   7.4657736e+00   2.2260558e+01
   6.3878459e+00   6.5471004e+00   2.1692938e+01
   6.7948436e+00   6.8567726e+00   2.6098926e+01
   6.4189311e+00   6.4951007e+00   2.4895244e+01
   6.2850828e+00   6.4037769e+00   2.2872966e+01
   6.3638104e+00   6.5053774e+00   2.2179004e+01
   6.4195062e+00   6.5395071e+00   2.2935526e+01
   6.1727043e+00   6.2773530e+00   2.3324377e+01
   5.4655626e+00   5.5662151e+00   2.2929248e+01
   6.1887686e+00   6.3296519e+00   2.2057293e+01
   6.1319148e+00   6.2310770e+00   2.3523598e+01
   6.1859126e+00   6.3218889e+00   2.2207427e+01
   7.8900669e+00   8.0642297e+00   2.2575337e+01
   5.0766330e+00   5.1913199e+00   2.2064662e+01
   7.0812949e+00   7.2248452e+00   2.2714167e+01
   4.9847740e+00   5.0991862e+00   2.2004661e+01
   6.9870359e+00   7.0948702e+00   2.3865575e+01
   5.2187632e+00   5.2988744e+00   2.3723025e+01
   6.0785023e+00   6.1943719e+00   2.2809354e+01
   4.9527694e+00   5.0304642e+00   2.3651491e+01
   6.2747479e+00   6.3761989e+00   2.3540923e+01
   4.7752521e+00   4.8567686e+00   2.3309491e+01
   5.5323982e+00   5.6567313e+00   2.2070747e+01
   4.9669372e+00   5.0525157e+00   2.3244604e+01
   6.3068789e+00   6.4058817e+00   2.3672387e+01
   5.1163580e+00   5.1922187e+00   2.3879806e+01
   7.4655850e+00   7.6377500e+00   2.2260077e+01
   8.2081487e+00   8.3598561e+00   2.3442972e+01
   7.2753362e+00   7.3729454e+00   2.4537224e+01
   8.3160930e+00   8.4301281e+00   2.4762977e+01
   6.5889190e+00   6.7003053e+00   2.3395419e+01
   8.1011273e+00   8.2227392e+00   2.4298987e+01
   6.8195923e+00   6.9274069e+00   2.3726714e+01
   8.1341791e+00   8.2599350e+00   2.4183729e+01
   5.6893859e+00   5.7805023e+00   2.3534937e+01
   8.0117861e+00   8.1131524e+00   2.5004891e+01
   6.5572835e+00   6.6807858e+00   2.2924829e+01
   8.1718764e+00   8.3292392e+00   2.3254468e+01
   6.9063059e+00   7.0523127e+00   2.2494656e+01
   7.3521000e+00   7.5136797e+00   2.2435372e+01
   6.3229507e+00   6.4701495e+00   2.1977977e+01
   7.1617105e+00   7.3111407e+00   2.2609536e+01
   6.6890141e+00   6.8249516e+00   2.2620963e+01
   7.1839648e+00   7.3242507e+00   2.2899435e+01
   5.6275081e+00   5.7580603e+00   2.1935516e+01
   7.2056115e+00   7.3903074e+00   2.1738459e+01
   6.2152081e+00   6.3551796e+00   2.2106668e+01
   7.0893810e+00   7.2647036e+00   2.1863384e+01
   6.4141911e+00   6.5076628e+00   2.4007845e+01
   6.8158017e+00   6.9168150e+00   2.4004313e+01
   6.7447436e+00   6.8254559e+00   2.4913102e+01
   6.9137789e+00   7.0026111e+00   2.4639918e+01
   5.7686923e+00   5.8463274e+00   2.4289230e+01
   6.8937420e+00   6.9681647e+00   2.5387099e+01
   6.4575090e+00   6.5621370e+00   2.3557141e+01
   7.0534158e+00   7.1614497e+00   2.3913216e+01
   6.5646834e+00   6.6732795e+00   2.3484745e+01
   6.3140283e+00   6.4288044e+00   2.3041089e+01
   5.4487451e+00   5.5269433e+00   2.4006084e+01
   6.1199499e+00   6.2227911e+00   2.3356848e+01
   6.2007573e+00   6.2982698e+00   2.3651634e+01
   6.3178368e+00   6.4315096e+00   2.3085797e+01
   5.8565773e+00   5.9317453e+00   2.4498637e+01
   6.8292000e+00   6.9186120e+00   2.4541456e+01
   6.1515399e+00   6.2046086e+00   2.6240420e+01
   6.5350111e+00   6.6106927e+00   2.5018060e+01
   6.0785947e+00   6.1591422e+00   2.4377875e+01
   5.5235159e+00   5.6066339e+00   2.3801007e+01
