   1.4323344e-01   1.5287540e-01   2.9618779e+01
   3.2568210e-01   3.3343336e-01   3.0660461e+01
   3.6217467e-01   3.9006892e-01   2.5118453e+01
   2.4231623e-01   2.7392905e-01   2.4512819e+01
   5.2048557e-01   5.6341599e-01   2.3329847e+01
   5.3793480e-01   5.8121963e-01   2.3303451e+01
   2.7238650e-01   3.1037251e-01   2.3730858e+01
   6.2499697e-01   6.6312146e-01   2.3901231e+01
   1.0219025e+00   1.0324364e+00   2.9703800e+01
   4.7299101e-01   4.8179870e-01   3.0182696e+01
   2.6714683e-01   2.7135290e-01   3.3285077e+01
   3.4907263e-01   3.5259241e-01   3.4101091e+01
   4.2800992e-01   4.3197676e-01   3.3623070e+01
   4.7089503e-01   4.7375435e-01   3.5067427e+01
   2.3846180e-01   2.4366444e-01   3.2346837e+01
   4.0844786e-01   4.1360248e-01   3.2475320e+01
   4.9738061e-01   5.3925037e-01   2.3426176e+01
   5.8108191e-01   6.2185894e-01   2.3585633e+01
   4.4069757e-01   4.6798493e-01   2.5255169e+01
   3.1057867e-02   6.6998056e-02   2.3847985e+01
   5.2022471e-01   5.2756981e-01   3.0996288e+01
   1.5570747e-01   1.6587752e-01   2.9393557e+01
   4.5356122e-01   4.5687034e-01   3.4423802e+01
   3.6746854e-01   3.7070190e-01   3.4479296e+01
   1.0686231e+00   1.0709990e+00   3.6197122e+01
   3.5051752e-01   3.5294643e-01   3.5712886e+01
   4.8510887e-01   4.9364984e-01   3.0322635e+01
   3.3172747e-01   3.3977599e-01   3.0500167e+01
   3.0546296e-01   3.1380373e-01   3.0331649e+01
   1.9211859e-01   1.9949200e-01   3.0808664e+01
   1.6422694e-01   1.6827070e-01   3.3403220e+01
   1.2782347e-01   1.3312611e-01   3.2207644e+01
   4.7769504e-01   4.8304005e-01   3.2354221e+01
   2.5821155e-01   2.6478412e-01   3.1341912e+01
   6.0993606e-01   6.1487951e-01   3.2763678e+01
   4.0592389e-01   4.1117717e-01   3.2391664e+01
   3.9626737e-01   4.0012104e-01   3.3732133e+01
   4.7659334e-01   4.7984919e-01   3.4506422e+01
   1.2476657e+00   1.2515644e+00   3.4147715e+01
   6.2442034e-01   6.2808525e-01   3.4071064e+01
   4.4679872e-01   4.5105065e-01   3.3331530e+01
   4.2448717e-01   4.2767998e-01   3.4563920e+01
   1.8226353e-01   1.8537133e-01   3.4555735e+01
   1.9571635e-01   1.9797449e-01   3.5949616e+01
   3.5107786e-01   3.6015663e-01   2.9987145e+01
   4.9355471e-01   4.9913951e-01   3.2172013e+01
   6.3828352e-01   6.4278611e-01   3.3184543e+01
   5.8454355e-01   5.8867578e-01   3.3528540e+01
   2.2620471e-01   2.2876168e-01   3.5425506e+01
   4.8922217e-01   4.9121854e-01   3.6637289e+01
   1.1459729e+00   1.1494985e+00   3.4526728e+01
   7.0356375e-01   7.0673622e-01   3.4740315e+01
   4.2492877e-01   4.2816484e-01   3.4505706e+01
   6.0725871e-01   6.0957802e-01   3.6048863e+01
   3.5787190e-01   3.6080789e-01   3.4893276e+01
   5.6982988e-01   5.7167225e-01   3.7028673e+01
   1.6857519e-01   1.7941526e-01   2.9123033e+01
   5.4851912e-01   5.5540039e-01   3.1294591e+01
   5.2078517e-01   5.2569043e-01   3.2749872e+01
   6.7160352e-01   6.7593026e-01   3.3375471e+01
   1.0703074e+00   1.0721477e+00   3.7307363e+01
   4.1851417e-01   4.2077231e-01   3.6064996e+01
   3.9618182e-01   4.0039096e-01   3.3348916e+01
   3.0130278e-01   3.0509155e-01   3.3756490e+01
   4.4492055e-01   4.4944253e-01   3.3063124e+01
   3.7610603e-01   3.7973231e-01   3.3985729e+01
   2.8012346e-01   2.9110739e-01   2.9123067e+01
   3.2450198e-01   3.3677465e-01   2.8664264e+01
   4.6669206e-01   4.7130886e-01   3.2984466e+01
   3.3074799e-01   3.3693698e-01   3.1640589e+01
   4.1228954e-01   4.1833233e-01   3.1786953e+01
   9.6436265e-01   9.6793374e-01   3.4369229e+01
   4.3761409e-01   4.3962491e-01   3.6578772e+01
   1.0181276e+00   1.0199216e+00   3.7388907e+01
   2.4821963e-01   2.6002780e-01   2.8792370e+01
   9.8455553e-01   9.9175240e-01   3.1337233e+01
   5.6393546e-01   5.6692242e-01   3.4927057e+01
   1.1269496e+00   1.1303050e+00   3.4730943e+01
   3.9995744e-01   4.0519684e-01   3.2400026e+01
   4.2674828e-01   4.3188508e-01   3.2499954e+01
   1.3028023e-01   1.3418690e-01   3.3535727e+01
   2.5047016e-01   2.5512449e-01   3.2836679e+01
   4.9002709e-01   4.9418849e-01   3.3447785e+01
   4.3177842e-01   4.3740094e-01   3.2110229e+01
   5.3568384e-01   5.3974761e-01   3.3575067e+01
   6.2827320e-01   6.3294961e-01   3.3014674e+01
   3.5730765e-01   3.6079159e-01   3.4149836e+01
   2.7215208e-01   2.7738424e-01   3.2339622e+01
   3.3086356e-01   3.3603236e-01   3.2422931e+01
   1.3219883e-01   1.3943270e-01   3.0861096e+01
