   2.8206096e+00   2.8501614e+00   2.6322334e+01
   3.7401220e+00   3.7728688e+00   2.6503940e+01
   2.2826883e+00   2.3501856e+00   2.2393649e+01
   3.5829382e+00   3.6781097e+00   2.1772730e+01
   4.4608140e+00   4.6112413e+00   2.0430322e+01
   4.2234802e+00   4.3122737e+00   2.2530581e+01
   3.6106909e+00   3.7317328e+00   2.0753054e+01
   4.1276370e+00   4.2084144e+00   2.2869973e+01
   4.0291823e+00   4.0677369e+00   2.6001753e+01
   4.1278038e+00   4.1598942e+00   2.6868410e+01
   3.2825873e+00   3.3132645e+00   2.6469847e+01
   3.9972095e+00   4.0287491e+00   2.6849483e+01
   3.3150669e+00   3.3569858e+00   2.5138149e+01
   4.0633109e+00   4.1007657e+00   2.6151742e+01
   2.6540162e+00   2.6726049e+00   2.8225074e+01
   4.0529149e+00   4.0766553e+00   2.8121458e+01
   3.2616661e+00   3.3693939e+00   2.1014464e+01
   4.1748981e+00   4.2612119e+00   2.2617636e+01
   2.2631982e+00   2.3273889e+00   2.2599057e+01
   2.4449261e+00   2.5440918e+00   2.0830583e+01
   4.2529501e+00   4.2901533e+00   2.6318312e+01
   2.9010765e+00   2.9380717e+00   2.5401062e+01
   3.6556471e+00   3.6942248e+00   2.5734097e+01
   2.9646513e+00   3.0001224e+00   2.5625782e+01
   3.8705064e+00   3.8906662e+00   2.8700391e+01
   3.0324201e+00   3.0513141e+00   2.8403748e+01
   3.2241760e+00   3.2541568e+00   2.6529700e+01
   2.9972441e+00   3.0270470e+00   2.6402725e+01
   3.1628453e+00   3.1922905e+00   2.6566354e+01
   2.8449224e+00   2.8698405e+00   2.7078298e+01
   2.5027458e+00   2.5274603e+00   2.6891306e+01
   2.7875637e+00   2.8202776e+00   2.5859603e+01
   3.1198321e+00   3.1509918e+00   2.6291832e+01
   2.8759498e+00   2.9134301e+00   2.5327934e+01
   4.4838105e+00   4.5200550e+00   2.6600895e+01
   2.5299497e+00   2.5581280e+00   2.6339657e+01
   3.5814837e+00   3.6127218e+00   2.6597332e+01
   2.4697908e+00   2.4943146e+00   2.6903819e+01
   4.2253808e+00   4.2551001e+00   2.7271968e+01
   2.7201147e+00   2.7440272e+00   2.7175156e+01
   3.2508230e+00   3.2778721e+00   2.6994201e+01
   2.4598433e+00   2.4797751e+00   2.7797230e+01
   3.1254322e+00   3.1505825e+00   2.7225076e+01
   2.2552210e+00   2.2751727e+00   2.7663259e+01
   2.7157382e+00   2.7538136e+00   2.5154258e+01
   2.4608322e+00   2.4868302e+00   2.6644786e+01
   3.3953916e+00   3.4195281e+00   2.7587302e+01
   2.6135890e+00   2.6334968e+00   2.7901340e+01
   3.6542284e+00   3.6895575e+00   2.6114487e+01
   4.4028545e+00   4.4379775e+00   2.6677447e+01
   4.2374187e+00   4.2666893e+00   2.7346697e+01
   4.7293593e+00   4.7624566e+00   2.7177393e+01
   3.4264202e+00   3.4563752e+00   2.6671789e+01
   4.5386712e+00   4.5701981e+00   2.7245977e+01
   3.3801028e+00   3.4093886e+00   2.6737915e+01
   4.5006785e+00   4.5295700e+00   2.7596325e+01
   2.6437674e+00   2.6725414e+00   2.6322430e+01
   4.4166424e+00   4.4440224e+00   2.7767357e+01
   3.4055830e+00   3.4378590e+00   2.6333768e+01
   4.5825618e+00   4.6214158e+00   2.6372793e+01
   3.9377172e+00   3.9734823e+00   2.6261804e+01
   3.7239533e+00   3.7614908e+00   2.5900567e+01
   3.2344411e+00   3.2729328e+00   2.5452958e+01
   3.5730568e+00   3.6092074e+00   2.5958123e+01
   3.2949073e+00   3.3282521e+00   2.6116629e+01
   3.6075658e+00   3.6386971e+00   2.6630372e+01
   2.6411842e+00   2.6765689e+00   2.5423582e+01
   3.5600854e+00   3.6072565e+00   2.4795635e+01
   3.1612327e+00   3.1977599e+00   2.5630491e+01
   3.5563096e+00   3.5988352e+00   2.5242355e+01
   3.3523802e+00   3.3821553e+00   2.6647038e+01
   3.9299397e+00   3.9565690e+00   2.7535306e+01
   3.4424095e+00   3.4611378e+00   2.8720397e+01
   3.9849818e+00   4.0058895e+00   2.8623949e+01
   2.7641398e+00   2.7916492e+00   2.6595950e+01
   3.9330737e+00   3.9552787e+00   2.8325700e+01
   3.4483964e+00   3.4756582e+00   2.7095580e+01
   4.1392123e+00   4.1684222e+00   2.7284456e+01
   3.3572937e+00   3.3857241e+00   2.6850856e+01
   3.3310938e+00   3.3592732e+00   2.6871384e+01
   2.5532112e+00   2.5752874e+00   2.7413665e+01
   3.1224861e+00   3.1492590e+00   2.6951838e+01
   3.2559970e+00   3.2824037e+00   2.7101981e+01
   3.3274264e+00   3.3568095e+00   2.6687428e+01
   2.8963834e+00   2.9199226e+00   2.7359331e+01
   3.4513843e+00   3.4776578e+00   2.7257810e+01
   3.1482278e+00   3.1661956e+00   2.8699656e+01
   3.2446063e+00   3.2686506e+00   2.7500842e+01
   3.0990238e+00   3.1245753e+00   2.7138631e+01
   2.5879476e+00   2.6182571e+00   2.6060714e+01
