   7.5720333e+00   7.7572743e+00   2.2037736e+01
   8.5620450e+00   8.7658973e+00   2.2490041e+01
   5.7752688e+00   6.0647690e+00   1.8640872e+01
   8.0131019e+00   8.4573309e+00   1.8714223e+01
   9.3137158e+00   9.9446703e+00   1.8422223e+01
   9.1874411e+00   9.4971595e+00   2.1271675e+01
   8.6065650e+00   9.1613220e+00   1.8315033e+01
   9.0848446e+00   9.3716534e+00   2.1504336e+01
   8.2635552e+00   8.4321934e+00   2.3038158e+01
   8.7816606e+00   8.9341037e+00   2.3926811e+01
   7.5781899e+00   7.7477169e+00   2.2422443e+01
   8.4477573e+00   8.6018707e+00   2.3585369e+01
   8.0207408e+00   8.2431803e+00   2.1643655e+01
   8.8748106e+00   9.1154160e+00   2.2061562e+01
   6.9155718e+00   7.0152617e+00   2.4144215e+01
   9.1092648e+00   9.2766716e+00   2.3817705e+01
   7.4303984e+00   7.8298798e+00   1.8654077e+01
   8.7893665e+00   9.0979731e+00   2.0930670e+01
   5.6830773e+00   5.9105848e+00   1.9595549e+01
   6.6419943e+00   7.0068597e+00   1.8368624e+01
   9.1275076e+00   9.3074778e+00   2.3524669e+01
   7.6988327e+00   7.8982196e+00   2.1832007e+01
   8.6633945e+00   8.9158223e+00   2.1669931e+01
   7.6760958e+00   7.9304258e+00   2.0775012e+01
   7.9861132e+00   8.0745261e+00   2.5571728e+01
   7.6749445e+00   7.7898187e+00   2.4176154e+01
   7.5049959e+00   7.6904439e+00   2.1975606e+01
   7.6173600e+00   7.8375974e+00   2.1337447e+01
   7.7062300e+00   7.8836221e+00   2.2338151e+01
   7.4214415e+00   7.5765434e+00   2.2669783e+01
   6.6770794e+00   6.7964720e+00   2.3169328e+01
   7.5436951e+00   7.7146512e+00   2.2356971e+01
   7.3313276e+00   7.4759086e+00   2.2894615e+01
   7.4515289e+00   7.6519007e+00   2.1599029e+01
   9.0729358e+00   9.2859586e+00   2.2756509e+01
   6.0748583e+00   6.2280933e+00   2.1603900e+01
   8.3114737e+00   8.5287239e+00   2.1998166e+01
   5.9775493e+00   6.1550528e+00   2.0894311e+01
   8.0576823e+00   8.2127699e+00   2.3217485e+01
   6.1750949e+00   6.2911979e+00   2.2878738e+01
   7.1544130e+00   7.3288718e+00   2.1939355e+01
   5.9598485e+00   6.0731787e+00   2.2809412e+01
   7.4545293e+00   7.6068525e+00   2.2775502e+01
   5.7748421e+00   5.8952976e+00   2.2398961e+01
   6.6247593e+00   6.7848864e+00   2.1864398e+01
   6.0155166e+00   6.1375023e+00   2.2537091e+01
   7.4382149e+00   7.5718620e+00   2.3323159e+01
   6.1396804e+00   6.2456302e+00   2.3244404e+01
   8.7470282e+00   9.0154853e+00   2.1482899e+01
   9.4979071e+00   9.7227865e+00   2.2908080e+01
   8.4111058e+00   8.5545704e+00   2.3860141e+01
   9.4059845e+00   9.5643506e+00   2.4321537e+01
   7.7436512e+00   7.9254043e+00   2.2266437e+01
   9.2988985e+00   9.4822163e+00   2.3599665e+01
   8.0480509e+00   8.2252301e+00   2.2638844e+01
   9.3371018e+00   9.5289917e+00   2.3438938e+01
   6.8022926e+00   6.9308752e+00   2.2954120e+01
   9.2744032e+00   9.4107885e+00   2.4843504e+01
   7.7665017e+00   7.9171718e+00   2.3089535e+01
   9.4517985e+00   9.6519336e+00   2.3362840e+01
   8.0439292e+00   8.2725615e+00   2.1546839e+01
   8.6042098e+00   8.8466253e+00   2.1789483e+01
   7.4888057e+00   7.7192797e+00   2.1033569e+01
   8.4390218e+00   8.6631829e+00   2.1976816e+01
   8.0138800e+00   8.2282697e+00   2.1794829e+01
   8.4878103e+00   8.7035233e+00   2.2183444e+01
   6.7863571e+00   6.9718560e+00   2.1367998e+01
   8.5697675e+00   8.8305214e+00   2.1449278e+01
   7.3942550e+00   7.5958117e+00   2.1525002e+01
   8.3735241e+00   8.6275342e+00   2.1387481e+01
   7.5312905e+00   7.6713743e+00   2.3200485e+01
   7.9083270e+00   8.0566907e+00   2.3278071e+01
   7.9520681e+00   8.0763591e+00   2.4076066e+01
   8.0357193e+00   8.1640808e+00   2.4010073e+01
   6.8143965e+00   6.9328880e+00   2.3315812e+01
   8.0451988e+00   8.1610096e+00   2.4460568e+01
   7.5291314e+00   7.6646848e+00   2.3339820e+01
   8.1803924e+00   8.3224164e+00   2.3701637e+01
   7.7751662e+00   7.9355076e+00   2.2830277e+01
   7.4387386e+00   7.6137620e+00   2.2166671e+01
   6.5370562e+00   6.6453279e+00   2.3474911e+01
   7.3068556e+00   7.4504710e+00   2.2902629e+01
   7.3254162e+00   7.4557395e+00   2.3335566e+01
   7.4671806e+00   7.6165643e+00   2.2869886e+01
   7.0035768e+00   7.1096028e+00   2.3952259e+01
   8.2097759e+00   8.3363587e+00   2.4221422e+01
   7.2928889e+00   7.3690567e+00   2.5621892e+01
   7.7841741e+00   7.8944712e+00   2.4444920e+01
   7.2189165e+00   7.3381787e+00   2.3626868e+01
   6.6233656e+00   6.7486463e+00   2.2917785e+01
