   7.0028802e+00   7.1598449e+00   2.2264862e+01
   7.9947842e+00   8.1679282e+00   2.2691164e+01
   5.3555801e+00   5.5828935e+00   1.9340577e+01
   7.5486169e+00   7.9001171e+00   1.9294491e+01
   8.8026270e+00   9.3428196e+00   1.8600235e+01
   8.6315960e+00   8.8976473e+00   2.1418667e+01
   8.0371917e+00   8.5111210e+00   1.8465156e+01
   8.5098605e+00   8.7594077e+00   2.1582896e+01
   7.7368166e+00   7.8794029e+00   2.3300595e+01
   8.2553246e+00   8.3863920e+00   2.4111635e+01
   7.0732961e+00   7.2140031e+00   2.2793369e+01
   7.9537437e+00   8.0829358e+00   2.3911333e+01
   7.4583518e+00   7.6396735e+00   2.2032059e+01
   8.3331308e+00   8.5346973e+00   2.2336726e+01
   6.3980273e+00   6.4825318e+00   2.4429818e+01
   8.5375825e+00   8.6757210e+00   2.4133618e+01
   6.9567846e+00   7.2854542e+00   1.9074228e+01
   8.2886081e+00   8.5352724e+00   2.1437609e+01
   5.2399806e+00   5.4400660e+00   1.9796909e+01
   6.1347397e+00   6.4587957e+00   1.8452330e+01
   8.5654797e+00   8.7161483e+00   2.3785855e+01
   7.1546298e+00   7.3157142e+00   2.2281378e+01
   8.0640303e+00   8.2730206e+00   2.1947256e+01
   7.1135855e+00   7.3197664e+00   2.1190141e+01
   7.4420750e+00   7.5177459e+00   2.5776553e+01
   7.1113828e+00   7.2074514e+00   2.4467626e+01
   6.9555488e+00   7.1077069e+00   2.2358663e+01
   7.0571170e+00   7.2395025e+00   2.1667094e+01
   7.1349327e+00   7.2872124e+00   2.2505894e+01
   6.8624913e+00   6.9936349e+00   2.2919427e+01
   6.1713753e+00   6.2624149e+00   2.3924153e+01
   6.9921699e+00   7.1191471e+00   2.3166595e+01
   6.8072949e+00   6.9247821e+00   2.3346545e+01
   6.9085658e+00   7.0627931e+00   2.2261396e+01
   8.5519744e+00   8.7340251e+00   2.2964133e+01
   5.6368719e+00   5.7662602e+00   2.1981472e+01
   7.7465814e+00   7.9283780e+00   2.2267937e+01
   5.5438242e+00   5.6902612e+00   2.1375379e+01
   7.5645796e+00   7.6960180e+00   2.3502538e+01
   5.7288989e+00   5.8270310e+00   2.3246115e+01
   6.6576223e+00   6.8034257e+00   2.2293906e+01
   5.5079291e+00   5.6050781e+00   2.3115321e+01
   6.9173917e+00   7.0457475e+00   2.3057618e+01
   5.3254365e+00   5.4276207e+00   2.2754783e+01
   6.1359949e+00   6.2720136e+00   2.2165653e+01
   5.5508284e+00   5.6552667e+00   2.2836854e+01
   6.9336476e+00   7.0437176e+00   2.3732576e+01
   5.6859390e+00   5.7728442e+00   2.3736501e+01
   8.1754884e+00   8.4009051e+00   2.1721903e+01
   8.9333815e+00   9.1280884e+00   2.3015235e+01
   7.8978488e+00   8.0188913e+00   2.4143034e+01
   8.8722110e+00   9.0093964e+00   2.4459308e+01
   7.2242119e+00   7.3665328e+00   2.2871569e+01
   8.7676505e+00   8.9189195e+00   2.3947521e+01
   7.5080078e+00   7.6504929e+00   2.3107633e+01
   8.8006935e+00   8.9615575e+00   2.3713415e+01
   6.3061394e+00   6.4180557e+00   2.3143355e+01
   8.7252161e+00   8.8402980e+00   2.5083524e+01
   7.2337005e+00   7.3712339e+00   2.3026554e+01
   8.8729914e+00   9.0549143e+00   2.3251467e+01
   7.5365928e+00   7.7243556e+00   2.1949564e+01
   8.0325119e+00   8.2357220e+00   2.2039528e+01
   6.9788705e+00   7.1657529e+00   2.1497099e+01
   7.8793166e+00   8.0658985e+00   2.2271385e+01
   7.4296591e+00   7.6010505e+00   2.2248739e+01
   7.9109059e+00   8.0871683e+00   2.2542082e+01
   6.2974528e+00   6.4475969e+00   2.1872061e+01
   7.9801415e+00   8.2008119e+00   2.1642403e+01
   6.8866109e+00   7.0577054e+00   2.1797910e+01
   7.7976970e+00   8.0189672e+00   2.1472806e+01
   7.0182791e+00   7.1351651e+00   2.3544712e+01
   7.4156781e+00   7.5421020e+00   2.3542779e+01
   7.3943080e+00   7.4978790e+00   2.4382592e+01
   7.5235633e+00   7.6345238e+00   2.4195859e+01
   6.3414193e+00   6.4404165e+00   2.3700759e+01
   7.5319271e+00   7.6273205e+00   2.4854031e+01
   7.0342023e+00   7.1491695e+00   2.3629298e+01
   7.6767100e+00   7.7982174e+00   2.3936225e+01
   7.2335870e+00   7.3686000e+00   2.3105921e+01
   6.9334084e+00   7.0788582e+00   2.2533720e+01
   6.0674854e+00   6.1560332e+00   2.3960096e+01
   6.7908490e+00   6.9098251e+00   2.3278673e+01
   6.8215984e+00   6.9369181e+00   2.3438594e+01
   6.9585483e+00   7.0889588e+00   2.3023736e+01
   6.4956216e+00   6.5861076e+00   2.4214553e+01
   7.5909061e+00   7.6998292e+00   2.4333128e+01
   6.7892572e+00   6.8520313e+00   2.6035712e+01
   7.2232420e+00   7.3122487e+00   2.4890977e+01
   6.7378403e+00   6.8275857e+00   2.4449610e+01
   6.1512955e+00   6.2440999e+00   2.3825086e+01
