  -2.1359564e-02  -1.2360056e-02   2.9835279e+01
   2.7802924e-02   3.5797823e-02   3.0373951e+01
   1.7659220e-01   2.0061188e-01   2.5671918e+01
  -3.1638087e-02  -4.1046951e-03   2.4973720e+01
   8.2632448e-02   1.2040980e-01   2.3657548e+01
   1.9533420e-01   2.3414007e-01   2.3598399e+01
   2.9480927e-02   6.5372265e-02   2.3853098e+01
   2.8852854e-01   3.2517539e-01   2.3895070e+01
   3.4813515e-01   3.5694422e-01   3.0116578e+01
   1.5033321e-01   1.5868233e-01   3.0247624e+01
  -3.6697932e-02  -3.3759547e-02   3.4688740e+01
  -1.4370203e-02  -1.1879895e-02   3.5418432e+01
   1.5238644e-01   1.5622455e-01   3.3623864e+01
   1.6216640e-01   1.6524156e-01   3.4591340e+01
   6.3239390e-02   6.8835406e-02   3.1941109e+01
   1.0181565e-01   1.0693664e-01   3.2345841e+01
   1.8209722e-01   2.2085990e-01   2.3596443e+01
   2.2806396e-01   2.6682420e-01   2.3620345e+01
   2.8037499e-01   3.0847328e-01   2.5044262e+01
  -1.0734942e-01  -7.5488923e-02   2.4302097e+01
   9.7248619e-02   1.0316535e-01   3.1716256e+01
  -4.5339969e-03   2.7577066e-03   3.0757586e+01
   2.0919071e-01   2.1210673e-01   3.4846122e+01
   1.9390321e-01   1.9680977e-01   3.4852412e+01
   4.2553464e-01   4.2722708e-01   3.7321033e+01
   1.7475230e-01   1.7660728e-01   3.6793025e+01
   1.9645908e-01   2.0318903e-01   3.1207440e+01
   1.6725376e-01   1.7367642e-01   3.1395488e+01
   3.1685051e-02   4.0396662e-02   3.0003047e+01
   2.5471735e-02   3.3585139e-02   3.0308880e+01
  -7.8817992e-03  -2.1379599e-03   3.1792179e+01
  -4.7120267e-02  -4.0177616e-02   3.0949376e+01
   1.7244861e-01   1.7751650e-01   3.2427003e+01
   9.0770883e-02   9.6407980e-02   3.1923241e+01
   1.4634463e-01   1.5067950e-01   3.3092213e+01
   1.3631947e-01   1.4088250e-01   3.2864340e+01
   1.4776672e-01   1.5124354e-01   3.4050859e+01
   2.2685859e-01   2.2998019e-01   3.4559323e+01
   5.4777513e-01   5.5070136e-01   3.5007661e+01
   3.5898393e-01   3.6191843e-01   3.4896065e+01
   1.3521379e-01   1.3867022e-01   3.4070027e+01
   1.7736316e-01   1.8044940e-01   3.4583465e+01
  -1.1008686e-01  -1.0742817e-01   3.5086757e+01
  -5.7527795e-02  -5.5342702e-02   3.5964769e+01
   1.5338966e-01   1.6447702e-01   2.9017331e+01
   2.4147344e-01   2.5047108e-01   2.9969399e+01
   3.0162011e-01   3.0549842e-01   3.3655211e+01
   3.1879555e-01   3.2252017e-01   3.3839705e+01
  -1.7852660e-02  -1.5808851e-02   3.6274820e+01
   5.6468256e-02   5.8145577e-02   3.7170312e+01
   4.4667625e-01   4.4905733e-01   3.5849535e+01
   2.5347626e-01   2.5570508e-01   3.6036011e+01
   1.2624456e-01   1.2836529e-01   3.6186902e+01
   1.8010292e-01   1.8188722e-01   3.6964475e+01
   7.8033121e-02   8.0593971e-02   3.5343505e+01
   1.4123083e-01   1.4311390e-01   3.6710688e+01
  -2.7980049e-03   6.1673262e-03   2.9861081e+01
   1.2277899e-01   1.2943459e-01   3.1218142e+01
   1.9689609e-01   2.0003209e-01   3.4523977e+01
   2.2665672e-01   2.2939754e-01   3.5124175e+01
   4.2482649e-01   4.2610610e-01   3.8534989e+01
   1.8121803e-01   1.8279377e-01   3.7504875e+01
   1.0172911e-01   1.0518902e-01   3.4048684e+01
   6.9936556e-02   7.3161407e-02   3.4338168e+01
   1.7261094e-01   1.7583397e-01   3.4392693e+01
   1.4981041e-01   1.5260562e-01   3.4999574e+01
   1.1333564e-01   1.2626296e-01   2.8330181e+01
   1.0333218e-01   1.1635247e-01   2.8293993e+01
   1.6277313e-01   1.6787911e-01   3.2389551e+01
   9.8530591e-02   1.0447831e-01   3.1694217e+01
   1.0899009e-01   1.1429065e-01   3.2199796e+01
   3.4089327e-01   3.4501081e-01   3.3415645e+01
   1.5678233e-01   1.5832248e-01   3.7591620e+01
   3.7243627e-01   3.7375113e-01   3.8389588e+01
   6.4806339e-02   7.5888145e-02   2.8974605e+01
   3.3293672e-01   3.4101826e-01   3.0483017e+01
   2.3600968e-01   2.3819211e-01   3.6118389e+01
   4.4150476e-01   4.4375123e-01   3.6099544e+01
   1.2411477e-01   1.2979927e-01   3.1903763e+01
   1.3199735e-01   1.3750200e-01   3.2047383e+01
  -4.0981644e-02  -3.5553030e-02   3.2020798e+01
  -4.1277379e-02  -3.5198646e-02   3.1529409e+01
   1.8977411e-01   1.9475314e-01   3.2512677e+01
   1.3874332e-01   1.4493915e-01   3.1537126e+01
   3.6411996e-01   3.6868472e-01   3.2979935e+01
   3.5965438e-01   3.6436047e-01   3.2845186e+01
   5.4500379e-02   5.8144129e-02   3.3800004e+01
  -3.4045169e-03   1.4340880e-03   3.2539239e+01
   1.4941604e-02   2.1066151e-02   3.1524886e+01
  -5.0763275e-02  -4.3152845e-02   3.0548723e+01
