  -6.5249667e-02  -6.1159394e-02   3.3238103e+01
  -1.1037592e-01  -1.0630664e-01   3.3238103e+01
   7.0054606e-03   9.8620905e-03   3.4833109e+01
  -3.1414158e-02  -2.8570122e-02   3.4833109e+01
  -1.4431456e-01  -1.1025464e-01   2.3993889e+01
   4.6124167e-02   8.0937798e-02   2.3993889e+01
  -7.1722076e-02  -3.7131600e-02   2.3962745e+01
   1.2761302e-01   1.6301241e-01   2.3962745e+01
  -1.0958485e-01  -1.0153564e-01   3.0276115e+01
   2.0193328e-02   2.8363191e-02   3.0276115e+01
  -1.6555034e-01  -1.6388334e-01   3.7086780e+01
  -1.9037199e-01  -1.8870965e-01   3.7086780e+01
   4.0703180e-02   4.2309374e-02   3.7350567e+01
   1.9655851e-02   2.1258143e-02   3.7350567e+01
   5.9074585e-03   7.8440240e-03   3.6520777e+01
  -4.0665297e-02  -3.8739069e-02   3.6520777e+01
   1.8684071e-02   5.2953501e-02   2.4048486e+01
   7.2701088e-02   1.0718629e-01   2.4048486e+01
   4.7037095e-02   5.0096984e-02   3.4554678e+01
   4.6809425e-02   4.9869233e-02   3.4554678e+01
  -1.2862142e-01  -1.2635202e-01   3.5765173e+01
  -6.1104296e-02  -5.8817372e-02   3.5765173e+01
   1.0321118e-01   1.0473677e-01   3.7605713e+01
   1.2268074e-01   1.2420979e-01   3.7605713e+01
  -1.8243301e-02  -1.6441313e-02   3.6821510e+01
   1.0612604e-01   1.0795415e-01   3.6821510e+01
   6.9998287e-02   7.2370037e-02   3.5672603e+01
   1.0049433e-01   1.0287451e-01   3.5672603e+01
  -7.8321666e-02  -7.3567367e-02   3.2578273e+01
  -4.2742961e-02  -3.7969274e-02   3.2578273e+01
  -8.8209236e-02  -8.6289202e-02   3.6511165e+01
  -9.4309056e-02  -9.2390357e-02   3.6511165e+01
   3.2017429e-03   5.0270664e-03   3.6776346e+01
   3.0115950e-02   3.1946951e-02   3.6776346e+01
  -8.6652619e-02  -8.2637377e-02   3.3307896e+01
  -2.3502401e-02  -1.9458033e-02   3.3307896e+01
   4.5476505e-02   4.8550453e-02   3.4533984e+01
   6.5657977e-02   6.8739124e-02   3.4533984e+01
   8.4209254e-02   8.7092308e-02   3.4831938e+01
   2.1334380e-01   2.1627080e-01   3.4831938e+01
   7.8359848e-04   3.8939409e-03   3.4460453e+01
   1.9655157e-02   2.2772274e-02   3.4460453e+01
  -2.3404171e-01  -2.3151752e-01   3.5251437e+01
  -2.1868079e-01  -2.1615224e-01   3.5251437e+01
   8.8636830e-02   9.1716492e-02   3.4547672e+01
   8.2402886e-02   8.5480316e-02   3.4547672e+01
   1.2862348e-01   1.3219419e-01   3.3925409e+01
   1.5774703e-01   1.6132994e-01   3.3925409e+01
  -1.1678272e-01  -1.1492338e-01   3.6636527e+01
  -1.7131933e-01  -1.6947143e-01   3.6636527e+01
  -1.8400431e-02  -1.6091355e-02   3.5744567e+01
   4.7845350e-02   5.0172139e-02   3.5744567e+01
  -8.3773047e-04   1.1381246e-03   3.6430173e+01
  -4.1830147e-02  -3.9863574e-02   3.6430173e+01
  -3.7878040e-02  -3.5942280e-02   3.6500725e+01
  -8.2239599e-02  -8.0313634e-02   3.6500725e+01
  -4.7105473e-02  -4.4548416e-02   3.5287243e+01
  -1.0677900e-01  -1.0423930e-01   3.5287243e+01
   3.1032022e-02   3.3306612e-02   3.5834660e+01
   1.0320175e-03   3.2987481e-03   3.5834660e+01
  -2.1846664e-02  -2.0401438e-02   3.7777874e+01
   9.0546621e-02   9.2010748e-02   3.7777874e+01
  -2.5688437e-02  -2.4508399e-02   3.8656357e+01
  -2.4354425e-02  -2.3174206e-02   3.8656357e+01
   5.7971676e-02   5.9112248e-02   3.8846003e+01
   5.4920442e-02   5.6060611e-02   3.8846003e+01
   5.1573389e-02   5.3233218e-02   3.7213378e+01
   3.0895541e-02   3.2551403e-02   3.7213378e+01
  -3.5150983e-03  -2.0955265e-03   3.7864812e+01
   1.5703146e-02   1.7125865e-02   3.7864812e+01
  -1.6963900e-02  -1.2081824e-02   3.2493620e+01
  -8.5902427e-02  -8.1058740e-02   3.2493620e+01
   4.0206491e-02   4.1725265e-02   3.7593365e+01
  -6.7566380e-02  -6.6066308e-02   3.7593365e+01
   1.8521095e-02   2.0463319e-02   3.6514424e+01
  -1.1435627e-01  -1.1244338e-01   3.6514424e+01
   8.0681360e-02   8.2542368e-02   3.6731197e+01
  -1.4150058e-02  -1.2309339e-02   3.6731197e+01
   1.3888160e-02   1.6692198e-02   3.4917256e+01
   7.8885601e-03   1.0690659e-02   3.4917256e+01
  -1.2015253e-01  -1.1825459e-01   3.6545657e+01
  -1.4751436e-01  -1.4562231e-01   3.6545657e+01
   2.2349034e-02   2.3916854e-02   3.7446371e+01
   3.3762678e-02   3.5332567e-02   3.7446371e+01
   2.8061270e-01   2.8228997e-01   3.7284707e+01
   2.6332939e-01   2.6500322e-01   3.7284707e+01
  -1.1717305e-01  -1.1562564e-01   3.7433871e+01
  -9.8284881e-02  -9.6734138e-02   3.7433871e+01
  -1.5860320e-01  -1.5650979e-01   3.6100993e+01
  -1.1016247e-01  -1.0805753e-01   3.6100993e+01
