   5.0417710e+00   5.1253915e+00   2.3401746e+01
   6.0660096e+00   6.1574585e+00   2.3819784e+01
   3.8248111e+00   3.9773034e+00   1.9908078e+01
   5.7188420e+00   5.9360336e+00   1.9822543e+01
   6.9287558e+00   7.2339673e+00   1.9364345e+01
   6.6953897e+00   6.8493368e+00   2.2091785e+01
   6.0684616e+00   6.3260310e+00   1.9375218e+01
   6.5219985e+00   6.6645885e+00   2.2277769e+01
   5.9735972e+00   6.0512038e+00   2.4454199e+01
   6.4903757e+00   6.5616833e+00   2.5238609e+01
   5.3431062e+00   5.4143586e+00   2.4325835e+01
   6.2217697e+00   6.2927657e+00   2.5038742e+01
   5.5055043e+00   5.5939079e+00   2.3520629e+01
   6.4754834e+00   6.5733479e+00   2.3859952e+01
   4.6389696e+00   4.6790372e+00   2.6281513e+01
   6.5305187e+00   6.5942432e+00   2.5757393e+01
   5.2424306e+00   5.4353373e+00   1.9955528e+01
   6.5016737e+00   6.6445081e+00   2.2253694e+01
   3.7686496e+00   3.9023020e+00   2.0436828e+01
   4.3838063e+00   4.5904663e+00   1.9007289e+01
   6.6211502e+00   6.7067023e+00   2.4559673e+01
   5.2133325e+00   5.3017622e+00   2.3292036e+01
   6.0370676e+00   6.1362879e+00   2.3444628e+01
   5.1806494e+00   5.2760811e+00   2.2937760e+01
   5.7229506e+00   5.7665634e+00   2.6747555e+01
   5.2275016e+00   5.2769749e+00   2.5814708e+01
   5.1821233e+00   5.2640882e+00   2.3595918e+01
   5.1834342e+00   5.2775267e+00   2.3000926e+01
   5.2533065e+00   5.3303940e+00   2.3915994e+01
   5.0134462e+00   5.0805429e+00   2.4331879e+01
   4.3828057e+00   4.4543706e+00   2.3580176e+01
   4.9667815e+00   5.0641325e+00   2.2687793e+01
   5.0400274e+00   5.1127180e+00   2.4005875e+01
   5.0209840e+00   5.1184676e+00   2.2723304e+01
   6.7649950e+00   6.8596234e+00   2.4243618e+01
   4.1622638e+00   4.2311885e+00   2.3581591e+01
   5.8786978e+00   5.9679399e+00   2.3775073e+01
   4.0666245e+00   4.1372307e+00   2.3408064e+01
   5.9788202e+00   6.0499072e+00   2.4837512e+01
   4.3079601e+00   4.3615703e+00   2.4775583e+01
   5.0903931e+00   5.1643682e+00   2.3968703e+01
   4.0453819e+00   4.0958559e+00   2.4846083e+01
   5.1712775e+00   5.2371146e+00   2.4534806e+01
   3.8614222e+00   3.9150157e+00   2.4454681e+01
   4.5660361e+00   4.6299749e+00   2.4203292e+01
   4.0591638e+00   4.1107892e+00   2.4758302e+01
   5.2699183e+00   5.3282732e+00   2.5132813e+01
   4.1989803e+00   4.2456577e+00   2.5295937e+01
   6.1633211e+00   6.2679587e+00   2.3317243e+01
   6.9120962e+00   7.0095210e+00   2.4240380e+01
   6.1755632e+00   6.2396067e+00   2.5446811e+01
   7.1343199e+00   7.2103643e+00   2.5495261e+01
   5.4968825e+00   5.5682736e+00   2.4437341e+01
   6.9132178e+00   6.9933805e+00   2.5082560e+01
   5.6044696e+00   5.6699497e+00   2.4895449e+01
   6.9362031e+00   7.0128904e+00   2.5293056e+01
   4.6225526e+00   4.6776371e+00   2.4890587e+01
   6.8088256e+00   6.8668679e+00   2.6390735e+01
   5.4430694e+00   5.5126123e+00   2.4508675e+01
   6.9875668e+00   7.0777525e+00   2.4636309e+01
   5.8213651e+00   5.9142016e+00   2.3558945e+01
   6.1187670e+00   6.2211126e+00   2.3376721e+01
   5.2334523e+00   5.3306157e+00   2.2900903e+01
   5.9382121e+00   6.0362870e+00   2.3415386e+01
   5.4700799e+00   5.5551040e+00   2.3661222e+01
   5.9681879e+00   6.0556236e+00   2.3934905e+01
   4.5616336e+00   4.6481657e+00   2.2891378e+01
   5.9532449e+00   6.0702640e+00   2.2666110e+01
   5.1196748e+00   5.2066606e+00   2.3291003e+01
   5.8964522e+00   6.0064084e+00   2.2888902e+01
   5.3425762e+00   5.4048847e+00   2.4905486e+01
   5.7875901e+00   5.8528435e+00   2.5055160e+01
   5.5913667e+00   5.6414194e+00   2.6047566e+01
   5.8674685e+00   5.9239838e+00   2.5740478e+01
   4.7233322e+00   4.7754014e+00   2.5209714e+01
   5.8226697e+00   5.8725799e+00   2.6242660e+01
   5.4117369e+00   5.4689026e+00   2.5331965e+01
   6.0160722e+00   6.0784198e+00   2.5434449e+01
   5.4438432e+00   5.5166081e+00   2.4313487e+01
   5.2754990e+00   5.3501073e+00   2.4074456e+01
   4.4269859e+00   4.4808356e+00   2.4843719e+01
   5.0636750e+00   5.1323759e+00   2.4268076e+01
   5.1705315e+00   5.2374992e+00   2.4460585e+01
   5.2745866e+00   5.3519344e+00   2.3917892e+01
   4.7895686e+00   4.8431225e+00   2.5137775e+01
   5.6023354e+00   5.6635946e+00   2.5181946e+01
   5.0852343e+00   5.1224354e+00   2.6940316e+01
   5.3806474e+00   5.4324965e+00   2.5730246e+01
   5.0192262e+00   5.0756808e+00   2.5083519e+01
   4.5013920e+00   4.5618624e+00   2.4396684e+01
