   8.3042109e+00   8.5324055e+00   2.1782422e+01
   9.2293277e+00   9.4784813e+00   2.2230491e+01
   6.4536910e+00   6.7257747e+00   1.9456769e+01
   8.7961624e+00   9.2092120e+00   1.9710943e+01
   9.8644930e+00   1.0626176e+01   1.8160460e+01
   9.8631515e+00   1.0237008e+01   2.1092438e+01
   9.2859388e+00   9.9644070e+00   1.8100481e+01
   9.7452231e+00   1.0088183e+01   2.1346969e+01
   8.6836823e+00   8.8792216e+00   2.2775232e+01
   9.5125874e+00   9.6991714e+00   2.3716797e+01
   8.1998785e+00   8.4062701e+00   2.2119122e+01
   9.0391418e+00   9.2181879e+00   2.3467661e+01
   8.7742563e+00   9.0383083e+00   2.1577263e+01
   9.5687694e+00   9.8571394e+00   2.1917609e+01
   7.5604491e+00   7.6816215e+00   2.3848580e+01
   9.7619247e+00   9.9684360e+00   2.3509984e+01
   7.9885644e+00   8.4458288e+00   1.8571924e+01
   9.4041692e+00   9.7317305e+00   2.1230850e+01
   6.3090186e+00   6.5267702e+00   2.0288146e+01
   7.3987523e+00   7.7639800e+00   1.9004269e+01
   9.7711755e+00   9.9778182e+00   2.3515679e+01
   8.4126521e+00   8.6524776e+00   2.1666141e+01
   9.4338013e+00   9.7426136e+00   2.1506156e+01
   8.3852916e+00   8.7080272e+00   2.0383642e+01
   8.4645314e+00   8.5650544e+00   2.5435706e+01
   8.4094621e+00   8.5488309e+00   2.3982954e+01
   8.1963921e+00   8.4376529e+00   2.1451028e+01
   8.3287463e+00   8.6096442e+00   2.0921199e+01
   8.4007366e+00   8.6243291e+00   2.1953949e+01
   8.1563700e+00   8.3465458e+00   2.2430513e+01
   7.3616923e+00   7.4826079e+00   2.3688478e+01
   8.3004608e+00   8.4773103e+00   2.2867029e+01
   7.9555074e+00   8.1196833e+00   2.2884824e+01
   8.1594515e+00   8.3937692e+00   2.1542987e+01
   9.6156198e+00   9.8836494e+00   2.2269595e+01
   6.5801498e+00   6.7742394e+00   2.1003128e+01
   9.0475938e+00   9.3148129e+00   2.1770567e+01
   6.4938460e+00   6.7208903e+00   2.0261397e+01
   8.4276399e+00   8.6086934e+00   2.2878141e+01
   6.7376066e+00   6.8816959e+00   2.2410978e+01
   7.7670668e+00   7.9851422e+00   2.1508381e+01
   6.5111746e+00   6.6507141e+00   2.2361809e+01
   8.0883130e+00   8.2721387e+00   2.2516362e+01
   6.3310938e+00   6.4776192e+00   2.2004327e+01
   7.2780305e+00   7.4336454e+00   2.2533838e+01
   6.5793382e+00   6.7140941e+00   2.2567884e+01
   7.9849006e+00   8.1394456e+00   2.3169343e+01
   6.6505810e+00   6.7800555e+00   2.2798619e+01
   9.4991558e+00   9.8283188e+00   2.1296249e+01
   1.0119354e+01   1.0388203e+01   2.2715882e+01
   8.8542738e+00   9.0174460e+00   2.3700006e+01
   1.0179647e+01   1.0361255e+01   2.4438933e+01
   8.4264080e+00   8.6412206e+00   2.2147209e+01
   9.9736054e+00   1.0177332e+01   2.3760545e+01
   8.7707872e+00   8.9829474e+00   2.2504521e+01
   1.0005542e+01   1.0225373e+01   2.3465868e+01
   7.4505735e+00   7.6109302e+00   2.2551728e+01
   9.8717313e+00   1.0044900e+01   2.4361048e+01
   8.3446611e+00   8.5452858e+00   2.2366831e+01
   1.0034052e+01   1.0297163e+01   2.2729138e+01
   8.4907186e+00   8.7627455e+00   2.1199897e+01
   9.3771567e+00   9.6776052e+00   2.1570904e+01
   8.1249177e+00   8.4073093e+00   2.0720077e+01
   9.1798224e+00   9.4461498e+00   2.1903289e+01
   8.7866833e+00   9.0459785e+00   2.1665437e+01
   9.2670340e+00   9.5330640e+00   2.1986420e+01
   7.4224442e+00   7.6404188e+00   2.1214667e+01
   9.3358033e+00   9.6440275e+00   2.1425701e+01
   7.9950382e+00   8.2340608e+00   2.1315090e+01
   9.0842343e+00   9.3990191e+00   2.1110513e+01
   8.2289677e+00   8.3977625e+00   2.3003952e+01
   8.3951921e+00   8.5680718e+00   2.3047203e+01
   8.6958737e+00   8.8512614e+00   2.3768868e+01
   8.5249671e+00   8.6689359e+00   2.3945178e+01
   7.4854890e+00   7.6317999e+00   2.2974689e+01
   8.4815294e+00   8.6210876e+00   2.4040428e+01
   8.1526168e+00   8.3098278e+00   2.3241814e+01
   8.5716842e+00   8.7292687e+00   2.3599038e+01
   8.4679187e+00   8.6600277e+00   2.2660317e+01
   8.0878943e+00   8.3017169e+00   2.1870535e+01
   7.1912234e+00   7.3095665e+00   2.3636785e+01
   7.9521412e+00   8.1184949e+00   2.2825470e+01
   7.9128903e+00   8.0615955e+00   2.3272159e+01
   8.0870823e+00   8.2735064e+00   2.2455287e+01
   7.6978322e+00   7.8142739e+00   2.4137485e+01
   8.9900727e+00   9.1323010e+00   2.4409351e+01
   7.9046455e+00   7.9933925e+00   2.5485075e+01
   8.4634248e+00   8.5998502e+00   2.4121939e+01
   7.7754670e+00   7.9044152e+00   2.3765592e+01
   7.2145446e+00   7.3450773e+00   2.3234864e+01
