   8.3187236e+00   8.5389777e+00   2.1946007e+01
   9.0738129e+00   9.3108988e+00   2.2301894e+01
   6.4765111e+00   6.6570720e+00   2.1227136e+01
   8.8941831e+00   9.1146991e+00   2.2449711e+01
   9.6568213e+00   1.0321448e+01   1.8522633e+01
   9.6591652e+00   9.9498189e+00   2.1966279e+01
   9.2720127e+00   9.9329649e+00   1.8194505e+01
   9.5327492e+00   9.8439269e+00   2.1563518e+01
   7.9209095e+00   8.0872106e+00   2.2799779e+01
   9.2949186e+00   9.4678863e+00   2.3844394e+01
   8.1802984e+00   8.3697524e+00   2.2467641e+01
   8.7974174e+00   8.9529721e+00   2.3854226e+01
   8.7361308e+00   8.9656717e+00   2.2138459e+01
   9.3939880e+00   9.6485881e+00   2.2286997e+01
   7.4827222e+00   7.5949305e+00   2.4112916e+01
   9.5866553e+00   9.7682928e+00   2.3898456e+01
   7.6441137e+00   8.0382582e+00   1.8894690e+01
   9.1721146e+00   9.4439619e+00   2.1809443e+01
   6.3261568e+00   6.4631218e+00   2.2290336e+01
   7.7664161e+00   7.9438086e+00   2.2389952e+01
   9.5563584e+00   9.7221845e+00   2.4260250e+01
   8.4563466e+00   8.6531054e+00   2.2548018e+01
   9.4433510e+00   9.7231032e+00   2.1932426e+01
   8.4165547e+00   8.7178238e+00   2.0702063e+01
   7.7523773e+00   7.8368756e+00   2.5565522e+01
   8.4069455e+00   8.5424618e+00   2.4101045e+01
   8.1968334e+00   8.4161636e+00   2.1857182e+01
   8.3558185e+00   8.6121260e+00   2.1333672e+01
   8.3645191e+00   8.5761519e+00   2.2156389e+01
   8.1730219e+00   8.3561746e+00   2.2605870e+01
   7.2963685e+00   7.4097791e+00   2.3908820e+01
   8.3529602e+00   8.5088531e+00   2.3452980e+01
   7.6391868e+00   7.7778834e+00   2.3335524e+01
   8.1974965e+00   8.4011739e+00   2.2173528e+01
   9.3664597e+00   9.5864264e+00   2.2883447e+01
   6.4607318e+00   6.6369319e+00   2.1318949e+01
   9.0219995e+00   9.2848016e+00   2.1818330e+01
   6.3923578e+00   6.6139703e+00   2.0281330e+01
   7.6774154e+00   7.8242715e+00   2.3122943e+01
   6.6125377e+00   6.7478291e+00   2.2578223e+01
   7.7267987e+00   7.9432777e+00   2.1504999e+01
   6.4018645e+00   6.5382233e+00   2.2371270e+01
   8.0118327e+00   8.1921270e+00   2.2532822e+01
   6.2188320e+00   6.3631132e+00   2.1979242e+01
   7.2073838e+00   7.3265322e+00   2.3621241e+01
   6.4856987e+00   6.6084167e+00   2.2893406e+01
   7.6058156e+00   7.7400037e+00   2.3448862e+01
   6.5190538e+00   6.6392134e+00   2.3011482e+01
   9.4664772e+00   9.7919959e+00   2.1313558e+01
   9.8655966e+00   1.0117605e+01   2.2758046e+01
   8.0642841e+00   8.2032958e+00   2.3692595e+01
   9.8572227e+00   1.0020390e+01   2.4602139e+01
   8.3865012e+00   8.5944079e+00   2.2251448e+01
   9.7090852e+00   9.8946903e+00   2.3917108e+01
   8.6956456e+00   8.9004696e+00   2.2587903e+01
   9.7456383e+00   9.9455670e+00   2.3633214e+01
   7.3958469e+00   7.5202089e+00   2.3596620e+01
   9.6469865e+00   9.7871078e+00   2.5063378e+01
   7.9855424e+00   8.1401667e+00   2.3167703e+01
   9.7973492e+00   9.9932200e+00   2.3767606e+01
   7.7668378e+00   8.0004907e+00   2.1214125e+01
   9.3696137e+00   9.6671706e+00   2.1604947e+01
   8.1183933e+00   8.3813902e+00   2.1016244e+01
   9.1963370e+00   9.4370707e+00   2.2346849e+01
   8.7548539e+00   8.9885218e+00   2.2079270e+01
   9.2880442e+00   9.5296271e+00   2.2414314e+01
   7.3820008e+00   7.5712944e+00   2.1782915e+01
   9.4213823e+00   9.6714903e+00   2.2387244e+01
   7.6773504e+00   7.8833722e+00   2.1673727e+01
   9.1137227e+00   9.3934212e+00   2.1636470e+01
   8.2044923e+00   8.3711431e+00   2.3037299e+01
   7.7475633e+00   7.9000724e+00   2.3021207e+01
   8.6256956e+00   8.7802387e+00   2.3730189e+01
   7.8132230e+00   7.9362165e+00   2.4001299e+01
   7.4216830e+00   7.5269336e+00   2.4336562e+01
   7.7800454e+00   7.8813264e+00   2.4808503e+01
   7.7529151e+00   7.8825889e+00   2.3722085e+01
   7.8062501e+00   7.9251777e+00   2.4139826e+01
   8.4201235e+00   8.6017679e+00   2.2857607e+01
   8.0784813e+00   8.2866772e+00   2.1976085e+01
   7.1241681e+00   7.2297258e+00   2.4072501e+01
   7.9781000e+00   8.1284559e+00   2.3281269e+01
   7.5832252e+00   7.7127848e+00   2.3580344e+01
   8.0821911e+00   8.2509653e+00   2.2876517e+01
   7.6190535e+00   7.7253312e+00   2.4463045e+01
   8.9677528e+00   9.0909240e+00   2.5006842e+01
   7.5886140e+00   7.6638961e+00   2.5923593e+01
   8.4269233e+00   8.5393336e+00   2.4921759e+01
   7.4426248e+00   7.5539450e+00   2.4112988e+01
   7.1439755e+00   7.2566096e+00   2.3809766e+01
