   3.2069713e+00   3.2465567e+00   2.5312817e+01
   4.1628287e+00   4.2054944e+00   2.5659072e+01
   2.5451701e+00   2.6266399e+00   2.1746319e+01
   3.9801420e+00   4.1001859e+00   2.1051579e+01
   4.9302963e+00   5.0998956e+00   2.0267943e+01
   4.6877484e+00   4.7836741e+00   2.2540393e+01
   4.0558477e+00   4.1941460e+00   2.0495487e+01
   4.5668300e+00   4.6539515e+00   2.2865909e+01
   4.3727109e+00   4.4165831e+00   2.5691377e+01
   4.5631498e+00   4.6002638e+00   2.6556918e+01
   3.6542783e+00   3.6904444e+00   2.6012995e+01
   4.4186616e+00   4.4556683e+00   2.6462646e+01
   3.7011793e+00   3.7487289e+00   2.4859755e+01
   4.5153539e+00   4.5603998e+00   2.5682205e+01
   2.9987418e+00   3.0211936e+00   2.7632592e+01
   4.5105594e+00   4.5401398e+00   2.7501464e+01
   3.6329467e+00   3.7458797e+00   2.1068215e+01
   4.6235611e+00   4.7092695e+00   2.2978911e+01
   2.5408905e+00   2.6090450e+00   2.2516646e+01
   2.8117661e+00   2.9213888e+00   2.0636054e+01
   4.6894787e+00   4.7336168e+00   2.5900056e+01
   3.3199284e+00   3.3607814e+00   2.5253139e+01
   4.0894633e+00   4.1320975e+00   2.5609226e+01
   3.3633208e+00   3.4024992e+00   2.5464344e+01
   4.1913452e+00   4.2149618e+00   2.8244096e+01
   3.4188460e+00   3.4416092e+00   2.7857594e+01
   3.5615061e+00   3.5986962e+00   2.5827152e+01
   3.3803875e+00   3.4188228e+00   2.5559094e+01
   3.5304600e+00   3.5676658e+00   2.5803751e+01
   3.2281988e+00   3.2585444e+00   2.6479976e+01
   2.8356294e+00   2.8633285e+00   2.6613117e+01
   3.1756573e+00   3.2144064e+00   2.5384188e+01
   3.4586176e+00   3.4956763e+00   2.5771143e+01
   3.2644381e+00   3.3074198e+00   2.4995036e+01
   4.9093159e+00   4.9535033e+00   2.6060775e+01
   2.8146562e+00   2.8481606e+00   2.5773858e+01
   3.9869802e+00   4.0254816e+00   2.5977449e+01
   2.7509173e+00   2.7809769e+00   2.6202648e+01
   4.5363133e+00   4.5712255e+00   2.6802079e+01
   2.9923315e+00   3.0199460e+00   2.6730310e+01
   3.5748981e+00   3.6080364e+00   2.6336659e+01
   2.7354913e+00   2.7594566e+00   2.7175616e+01
   3.4889817e+00   3.5197942e+00   2.6592593e+01
   2.5342262e+00   2.5585748e+00   2.6976250e+01
   3.0372645e+00   3.0803960e+00   2.4826379e+01
   2.7371888e+00   2.7680808e+00   2.6075171e+01
   3.7270445e+00   3.7553985e+00   2.7119372e+01
   2.8855340e+00   2.9088243e+00   2.7398271e+01
   4.1069230e+00   4.1506985e+00   2.5507344e+01
   4.8661718e+00   4.9093823e+00   2.6124967e+01
   4.5829605e+00   4.6171398e+00   2.6928674e+01
   5.1744099e+00   5.2134095e+00   2.6804121e+01
   3.7972967e+00   3.8309504e+00   2.6425839e+01
   4.9880504e+00   5.0249649e+00   2.6899701e+01
   3.7804131e+00   3.8109851e+00   2.6830366e+01
   4.9597375e+00   4.9926026e+00   2.7381746e+01
   2.9887495e+00   3.0232893e+00   2.5757241e+01
   4.8561804e+00   4.8916441e+00   2.6973491e+01
   3.7707413e+00   3.8087440e+00   2.5880158e+01
   5.0319045e+00   5.0786335e+00   2.5911771e+01
   4.2683461e+00   4.3112581e+00   2.5710858e+01
   4.1581462e+00   4.2035526e+00   2.5385911e+01
   3.5954356e+00   3.6400805e+00   2.5058825e+01
   4.0083321e+00   4.0519366e+00   2.5453328e+01
   3.6765726e+00   3.7152456e+00   2.5738065e+01
   4.0389046e+00   4.0770985e+00   2.6049473e+01
   2.9791603e+00   3.0212974e+00   2.4888654e+01
   3.9898829e+00   4.0485153e+00   2.4157280e+01
   3.5076716e+00   3.5517301e+00   2.5055058e+01
   3.9853772e+00   4.0377886e+00   2.4639813e+01
   3.7056013e+00   3.7395311e+00   2.6325761e+01
   4.2638075e+00   4.2951242e+00   2.7072925e+01
   3.8187267e+00   3.8421594e+00   2.8010997e+01
   4.3192594e+00   4.3450905e+00   2.7948479e+01
   3.1108594e+00   3.1434668e+00   2.6088808e+01
   4.2676913e+00   4.2946701e+00   2.7722314e+01
   3.7953413e+00   3.8259688e+00   2.6833056e+01
   4.4737269e+00   4.5066301e+00   2.7012698e+01
   3.7287272e+00   3.7626720e+00   2.6340110e+01
   3.6790346e+00   3.7131023e+00   2.6289510e+01
   2.8834784e+00   2.9112047e+00   2.6640445e+01
   3.4675831e+00   3.5015799e+00   2.6151277e+01
   3.6009588e+00   3.6305422e+00   2.6846950e+01
   3.6841829e+00   3.7152180e+00   2.6697414e+01
   3.2323286e+00   3.2592776e+00   2.6997706e+01
   3.8287791e+00   3.8585389e+00   2.6981354e+01
   3.4949956e+00   3.5164037e+00   2.8176427e+01
   3.6237795e+00   3.6523239e+00   2.7017949e+01
   3.4475072e+00   3.4761407e+00   2.6882023e+01
   2.9363255e+00   2.9681891e+00   2.6072127e+01
