   5.9969992e+00   6.1090660e+00   2.2887536e+01
   7.0023569e+00   7.1274602e+00   2.3239068e+01
   4.5782414e+00   4.7516299e+00   1.9906578e+01
   6.6157071e+00   6.8876589e+00   1.9592882e+01
   7.8617315e+00   8.2773636e+00   1.8860648e+01
   7.6548876e+00   7.8627811e+00   2.1615805e+01
   7.0470954e+00   7.3983567e+00   1.8869400e+01
   7.4925605e+00   7.6824074e+00   2.1864711e+01
   6.8315674e+00   6.9365828e+00   2.3849993e+01
   7.4087921e+00   7.5072041e+00   2.4615000e+01
   6.1890424e+00   6.2930231e+00   2.3365214e+01
   7.0743526e+00   7.1731905e+00   2.4314047e+01
   6.4482673e+00   6.5775156e+00   2.2639611e+01
   7.3891028e+00   7.5347194e+00   2.2913037e+01
   5.4946948e+00   5.5512369e+00   2.5444177e+01
   7.5123169e+00   7.6057034e+00   2.4928949e+01
   6.0616093e+00   6.3229693e+00   1.9307374e+01
   7.3750072e+00   7.5749402e+00   2.1543176e+01
   4.4458694e+00   4.6068638e+00   2.0126917e+01
   5.2172903e+00   5.4679793e+00   1.8813916e+01
   7.5473999e+00   7.6753498e+00   2.3603456e+01
   6.1250971e+00   6.2711151e+00   2.1851820e+01
   7.0081902e+00   7.1587668e+00   2.2447616e+01
   6.1105255e+00   6.2533029e+00   2.1936514e+01
   6.5477036e+00   6.6049492e+00   2.6235071e+01
   6.1527893e+00   6.2216988e+00   2.5111875e+01
   6.0265117e+00   6.1395557e+00   2.2873849e+01
   6.0879535e+00   6.2217198e+00   2.2198655e+01
   6.1517425e+00   6.2594894e+00   2.3181661e+01
   5.9115706e+00   6.0050527e+00   2.3600999e+01
   5.2181618e+00   5.3100400e+00   2.3130556e+01
   5.9136634e+00   6.0419557e+00   2.2238326e+01
   5.8780166e+00   5.9727362e+00   2.3517447e+01
   5.9240016e+00   6.0501034e+00   2.2320746e+01
   7.6680585e+00   7.8066057e+00   2.3364905e+01
   4.8836714e+00   4.9806121e+00   2.2642806e+01
   6.8200242e+00   6.9497718e+00   2.2930079e+01
   4.7739589e+00   4.8770493e+00   2.2294233e+01
   6.7605346e+00   6.8593126e+00   2.4054887e+01
   5.0175595e+00   5.0907172e+00   2.3961019e+01
   5.8582484e+00   5.9635296e+00   2.3045694e+01
   4.7461411e+00   4.8167872e+00   2.3906420e+01
   6.0280562e+00   6.1202385e+00   2.3754785e+01
   4.5666245e+00   4.6411179e+00   2.3542760e+01
   5.3269227e+00   5.4253407e+00   2.2917994e+01
   4.7636954e+00   4.8361551e+00   2.3809994e+01
   6.0702562e+00   6.1603109e+00   2.3889499e+01
   4.9076166e+00   4.9761388e+00   2.4160421e+01
   7.1790314e+00   7.3333000e+00   2.2487406e+01
   7.9204900e+00   8.0578526e+00   2.3619200e+01
   7.0258412e+00   7.1144261e+00   2.4745575e+01
   8.0682164e+00   8.1714798e+00   2.4973982e+01
   6.3365317e+00   6.4401495e+00   2.3500107e+01
   7.8348877e+00   7.9480093e+00   2.4379783e+01
   6.5469443e+00   6.6433268e+00   2.3984400e+01
   7.8713192e+00   7.9831300e+00   2.4461346e+01
   5.4505563e+00   5.5292201e+00   2.3981851e+01
   7.7516646e+00   7.8331014e+00   2.5724095e+01
   6.3040736e+00   6.4138246e+00   2.3225845e+01
   7.9132990e+00   8.0516821e+00   2.3581205e+01
   6.6573564e+00   6.7890378e+00   2.2731535e+01
   7.0824522e+00   7.2280784e+00   2.2653490e+01
   6.0739474e+00   6.2094772e+00   2.2131007e+01
   6.8863352e+00   7.0221118e+00   2.2790069e+01
   6.4145155e+00   6.5338414e+00   2.2955727e+01
   6.9116362e+00   7.0363331e+00   2.3177199e+01
   5.3852549e+00   5.5023363e+00   2.2214446e+01
   6.9269351e+00   7.0917018e+00   2.1993187e+01
   5.9576565e+00   6.0864222e+00   2.2257737e+01
   6.8172641e+00   6.9789839e+00   2.1981684e+01
   6.1759891e+00   6.2614764e+00   2.4199468e+01
   6.5816338e+00   6.6737075e+00   2.4210181e+01
   6.4853989e+00   6.5597298e+00   2.5055156e+01
   6.6743712e+00   6.7556102e+00   2.4826837e+01
   5.5294890e+00   5.6041707e+00   2.4268120e+01
   6.6448351e+00   6.7141166e+00   2.5490073e+01
   6.2335785e+00   6.3214932e+00   2.4125256e+01
   6.8231833e+00   6.9165127e+00   2.4351519e+01
   6.3096233e+00   6.4104244e+00   2.3597002e+01
   6.0772850e+00   6.1824468e+00   2.3226234e+01
   5.2109763e+00   5.2855442e+00   2.4026932e+01
   5.8692981e+00   5.9659267e+00   2.3424397e+01
   5.9637435e+00   6.0539798e+00   2.3795255e+01
   6.0790305e+00   6.1828642e+00   2.3282433e+01
   5.6142567e+00   5.6833709e+00   2.4669611e+01
   6.5511178e+00   6.6288107e+00   2.4918018e+01
   5.9039711e+00   5.9546825e+00   2.6238454e+01
   6.2653863e+00   6.3404795e+00   2.4831696e+01
   5.8417009e+00   5.9122456e+00   2.4761114e+01
   5.2980335e+00   5.3724185e+00   2.4104865e+01
