   8.2038252e+00   8.4243084e+00   2.1840952e+01
   9.1609675e+00   9.4034410e+00   2.2284516e+01
   6.3683619e+00   6.6474230e+00   1.9278762e+01
   8.7215736e+00   9.1236666e+00   1.9756963e+01
   9.8366438e+00   1.0598514e+01   1.8133846e+01
   9.8121986e+00   1.0188287e+01   2.1020972e+01
   9.1889392e+00   9.8571166e+00   1.8074783e+01
   9.6751106e+00   1.0016804e+01   2.1298720e+01
   8.7801998e+00   8.9809023e+00   2.2749590e+01
   9.4851375e+00   9.6741875e+00   2.3635974e+01
   8.1207196e+00   8.3250672e+00   2.2092500e+01
   8.9934203e+00   9.1734713e+00   2.3402934e+01
   8.6799056e+00   8.9377656e+00   2.1594175e+01
   9.4958420e+00   9.7808666e+00   2.1900906e+01
   7.4875139e+00   7.6052427e+00   2.3910352e+01
   9.7072951e+00   9.9090103e+00   2.3560498e+01
   7.9690878e+00   8.4276988e+00   1.8542611e+01
   9.3744264e+00   9.7207776e+00   2.0969193e+01
   6.2025822e+00   6.4265163e+00   2.0081603e+01
   7.2716896e+00   7.6461614e+00   1.8790296e+01
   9.7254329e+00   9.9312086e+00   2.3492042e+01
   8.3116579e+00   8.5487656e+00   2.1625875e+01
   9.3070316e+00   9.6152567e+00   2.1399741e+01
   8.2628103e+00   8.5843285e+00   2.0291838e+01
   8.5336472e+00   8.6386921e+00   2.5307050e+01
   8.3067332e+00   8.4463886e+00   2.3884133e+01
   8.1055271e+00   8.3349391e+00   2.1586007e+01
   8.2273018e+00   8.4962785e+00   2.1016076e+01
   8.3087876e+00   8.5230052e+00   2.2055729e+01
   8.0518629e+00   8.2352790e+00   2.2494193e+01
   7.2662346e+00   7.3839936e+00   2.3721416e+01
   8.1973811e+00   8.3660233e+00   2.2980240e+01
   7.9042314e+00   8.0733557e+00   2.2713259e+01
   8.0497763e+00   8.2934112e+00   2.1281405e+01
   9.5927543e+00   9.8734267e+00   2.2053768e+01
   6.5235801e+00   6.7206545e+00   2.0891112e+01
   8.9520961e+00   9.2120302e+00   2.1802394e+01
   6.4284346e+00   6.6476407e+00   2.0357619e+01
   8.5379910e+00   8.7225719e+00   2.2892814e+01
   6.7046064e+00   6.8455688e+00   2.2477876e+01
   7.6972100e+00   7.9127433e+00   2.1498192e+01
   6.4434527e+00   6.5802420e+00   2.2391780e+01
   8.0190062e+00   8.2014207e+00   2.2489054e+01
   6.2661232e+00   6.4089367e+00   2.2061645e+01
   7.2082982e+00   7.3644616e+00   2.2459752e+01
   6.5141101e+00   6.6467159e+00   2.2583350e+01
   7.9635307e+00   8.1267392e+00   2.2917092e+01
   6.6096793e+00   6.7404427e+00   2.2722242e+01
   9.3858727e+00   9.7151473e+00   2.1192339e+01
   1.0068167e+01   1.0338233e+01   2.2649884e+01
   8.9539724e+00   9.1206241e+00   2.3698425e+01
   1.0191251e+01   1.0373926e+01   2.4424550e+01
   8.3393107e+00   8.5543881e+00   2.2065429e+01
   9.9220635e+00   1.0127495e+01   2.3678036e+01
   8.6733276e+00   8.8904609e+00   2.2319375e+01
   9.9559241e+00   1.0178310e+01   2.3371430e+01
   7.3673528e+00   7.5247389e+00   2.2561080e+01
   9.8396052e+00   1.0009209e+01   2.4420704e+01
   8.3385506e+00   8.5261508e+00   2.2648115e+01
   1.0048233e+01   1.0298506e+01   2.2954079e+01
   8.5622968e+00   8.8367535e+00   2.1225437e+01
   9.2795041e+00   9.5714741e+00   2.1603810e+01
   8.0410234e+00   8.3135599e+00   2.0797511e+01
   9.0678729e+00   9.3280829e+00   2.1901422e+01
   8.6863369e+00   8.9358566e+00   2.1739483e+01
   9.1584587e+00   9.4133392e+00   2.2070412e+01
   7.3228222e+00   7.5400222e+00   2.1145014e+01
   9.1992801e+00   9.5147248e+00   2.1205012e+01
   7.9465761e+00   8.1893437e+00   2.1206830e+01
   8.9894676e+00   9.3038185e+00   2.1031424e+01
   8.1487459e+00   8.3138370e+00   2.3028938e+01
   8.4503786e+00   8.6227858e+00   2.3107397e+01
   8.6244883e+00   8.7763988e+00   2.3802738e+01
   8.5938331e+00   8.7399939e+00   2.3941069e+01
   7.4228208e+00   7.5682466e+00   2.2947344e+01
   8.5634941e+00   8.7047755e+00   2.4059933e+01
   8.1756437e+00   8.3302961e+00   2.3332208e+01
   8.7021881e+00   8.8587670e+00   2.3741746e+01
   8.3890957e+00   8.5753904e+00   2.2722310e+01
   8.0032048e+00   8.2092706e+00   2.1954494e+01
   7.1025147e+00   7.2182311e+00   2.3658685e+01
   7.8617335e+00   8.0236497e+00   2.2863071e+01
   7.8682997e+00   8.0276653e+00   2.2936782e+01
   7.9964157e+00   8.1987883e+00   2.2025791e+01
   7.5919709e+00   7.7159537e+00   2.3776939e+01
   8.8729032e+00   9.0240848e+00   2.4043411e+01
   7.8616446e+00   7.9498053e+00   2.5476565e+01
   8.3908377e+00   8.5272980e+00   2.4057121e+01
   7.7468642e+00   7.8812954e+00   2.3562100e+01
   7.1469588e+00   7.2874761e+00   2.2861153e+01
