   6.5415631e+00   6.6740417e+00   2.2610063e+01
   7.5349779e+00   7.6838015e+00   2.2943863e+01
   4.9513709e+00   5.1581610e+00   1.9432736e+01
   7.0867625e+00   7.4020141e+00   1.9360461e+01
   8.3885842e+00   8.8591790e+00   1.8804073e+01
   8.2000671e+00   8.4303602e+00   2.1652241e+01
   7.5843430e+00   7.9978743e+00   1.8641438e+01
   8.0398476e+00   8.2600117e+00   2.1704097e+01
   7.3220412e+00   7.4461394e+00   2.3543124e+01
   7.8829417e+00   7.9994823e+00   2.4293142e+01
   6.6648768e+00   6.7876459e+00   2.3039216e+01
   7.5477336e+00   7.6621985e+00   2.4082678e+01
   6.9937083e+00   7.1500373e+00   2.2274583e+01
   7.8996043e+00   8.0742320e+00   2.2572177e+01
   5.9793408e+00   6.0522976e+00   2.4725733e+01
   8.0551684e+00   8.1783134e+00   2.4205224e+01
   6.5208872e+00   6.8301285e+00   1.8968278e+01
   7.8479189e+00   8.0837157e+00   2.1245310e+01
   4.8434752e+00   5.0277693e+00   1.9844681e+01
   5.7004485e+00   5.9828220e+00   1.8687156e+01
   8.1035129e+00   8.2380029e+00   2.3868648e+01
   6.6949533e+00   6.8384747e+00   2.2392579e+01
   7.5730247e+00   7.7537173e+00   2.2144946e+01
   6.6471718e+00   6.8228312e+00   2.1485909e+01
   7.0262877e+00   7.0931654e+00   2.5959448e+01
   6.6673129e+00   6.7507786e+00   2.4704297e+01
   6.5233566e+00   6.6541676e+00   2.2649564e+01
   6.6133965e+00   6.7693311e+00   2.1968875e+01
   6.6716232e+00   6.8027586e+00   2.2761203e+01
   6.4199707e+00   6.5327645e+00   2.3202623e+01
   5.7000683e+00   5.8094966e+00   2.2753362e+01
   6.4525753e+00   6.6041824e+00   2.1957293e+01
   6.3676926e+00   6.4768353e+00   2.3301654e+01
   6.4328198e+00   6.5842300e+00   2.1946669e+01
   8.1509926e+00   8.3114322e+00   2.3153304e+01
   5.2861403e+00   5.4014950e+00   2.2201363e+01
   7.3214439e+00   7.4781642e+00   2.2540283e+01
   5.1821412e+00   5.3076800e+00   2.1756176e+01
   7.1960757e+00   7.3131403e+00   2.3687613e+01
   5.4044517e+00   5.4916469e+00   2.3501065e+01
   6.2817376e+00   6.4084025e+00   2.2590456e+01
   5.1495377e+00   5.2344354e+00   2.3418934e+01
   6.5032997e+00   6.6138737e+00   2.3356533e+01
   4.9710467e+00   5.0595329e+00   2.3103380e+01
   5.7324721e+00   5.8676711e+00   2.1868124e+01
   5.1721463e+00   5.2635793e+00   2.3116026e+01
   6.5209662e+00   6.6300098e+00   2.3431081e+01
   5.3126180e+00   5.3958298e+00   2.3631604e+01
   7.7271016e+00   7.9163533e+00   2.2079289e+01
   8.4725396e+00   8.6380209e+00   2.3302347e+01
   7.5026100e+00   7.6082354e+00   2.4390124e+01
   8.5299390e+00   8.6527827e+00   2.4630729e+01
   6.8080263e+00   6.9376471e+00   2.2924303e+01
   8.3368534e+00   8.4731679e+00   2.4014406e+01
   7.0710172e+00   7.1897441e+00   2.3521704e+01
   8.3763837e+00   8.5138382e+00   2.4013295e+01
   5.9008486e+00   6.0086216e+00   2.2978866e+01
   8.2606086e+00   8.3735688e+00   2.4755227e+01
   6.8119885e+00   6.9325503e+00   2.3239267e+01
   8.4344883e+00   8.5945053e+00   2.3412668e+01
   7.1343264e+00   7.2942236e+00   2.2295981e+01
   7.5987734e+00   7.7747973e+00   2.2279042e+01
   6.5517964e+00   6.7148654e+00   2.1726049e+01
   7.4149531e+00   7.5801897e+00   2.2392894e+01
   6.9604728e+00   7.1036401e+00   2.2624292e+01
   7.4473649e+00   7.5983096e+00   2.2808399e+01
   5.8565708e+00   6.0015552e+00   2.1666407e+01
   7.4686269e+00   7.6756137e+00   2.1474882e+01
   6.4578628e+00   6.6075723e+00   2.2015734e+01
   7.3450061e+00   7.5355282e+00   2.1723782e+01
   6.6326235e+00   6.7341005e+00   2.3832904e+01
   7.0329512e+00   7.1429806e+00   2.3817241e+01
   6.9793398e+00   7.0674279e+00   2.4730931e+01
   7.1331670e+00   7.2295327e+00   2.4472626e+01
   5.9733051e+00   6.0632734e+00   2.3815755e+01
   7.1148370e+00   7.2042317e+00   2.4780970e+01
   6.6683710e+00   6.7786722e+00   2.3503148e+01
   7.2733236e+00   7.3896610e+00   2.3779671e+01
   6.8020646e+00   6.9197506e+00   2.3334917e+01
   6.5349745e+00   6.6602588e+00   2.2844826e+01
   5.6741952e+00   5.7554471e+00   2.4017708e+01
   6.3612167e+00   6.4681105e+00   2.3386086e+01
   6.4264387e+00   6.5273401e+00   2.3688034e+01
   6.5559332e+00   6.6691789e+00   2.3296962e+01
   6.0676131e+00   6.1574122e+00   2.3899642e+01
   7.0967785e+00   7.1922998e+00   2.4479991e+01
   6.3787418e+00   6.4361570e+00   2.6084096e+01
   6.7768268e+00   6.8604454e+00   2.4787007e+01
   6.3163123e+00   6.3981219e+00   2.4503129e+01
   5.7463511e+00   5.8333971e+00   2.3777348e+01
