   1.4738477e+01   1.7382807e+01   1.8227074e+01
   1.3635983e+01   1.6098738e+01   1.7378305e+01
   1.5994184e+01   1.8737944e+01   1.9346147e+01
   1.4267721e+01   1.6247482e+01   1.8733622e+01
   1.1882584e+01   1.6721731e+01   1.3701342e+01
   1.3845086e+01   1.6383638e+01   1.7483429e+01
   1.1191518e+01   1.6050779e+01   1.3015571e+01
   1.3924472e+01   1.6028319e+01   1.8188764e+01
   1.2937979e+01   1.5717774e+01   1.6306588e+01
   1.6342662e+01   1.9367259e+01   1.9388665e+01
   1.3548018e+01   1.6953505e+01   1.6282825e+01
   1.2971880e+01   1.4594682e+01   1.8181444e+01
   1.5419320e+01   1.8820127e+01   1.8127964e+01
   1.3233819e+01   1.5286702e+01   1.7600800e+01
   1.3368427e+01   1.5455523e+01   1.7674615e+01
   1.4852474e+01   1.7451265e+01   1.8394802e+01
   1.0211642e+01   1.5125988e+01   1.2034120e+01
   1.3657815e+01   1.6972885e+01   1.6469669e+01
   1.3525377e+01   1.6084808e+01   1.7144520e+01
   1.4997181e+01   1.7106051e+01   1.9230125e+01
   1.4094148e+01   1.6473395e+01   1.7939784e+01
   1.3766478e+01   1.7427175e+01   1.6289051e+01
   1.5614809e+01   1.9053252e+01   1.8289087e+01
   1.5763533e+01   2.0045976e+01   1.7833897e+01
   1.4278777e+01   1.6391073e+01   1.8521066e+01
   1.6447134e+01   2.0106459e+01   1.8935083e+01
   1.3263307e+01   1.5565062e+01   1.7239663e+01
   1.3684366e+01   1.5697535e+01   1.8106587e+01
   1.4525970e+01   1.8354670e+01   1.6910885e+01
   1.3652734e+01   1.5829589e+01   1.7807341e+01
   1.3266672e+01   1.5116098e+01   1.7997787e+01
   1.4515717e+01   1.7156908e+01   1.8012218e+01
   1.3458559e+01   1.5462576e+01   1.7902672e+01
   1.5526357e+01   1.8162428e+01   1.9012004e+01
   1.5229570e+01   1.7182127e+01   1.9723450e+01
   1.3935100e+01   1.5996461e+01   1.8269221e+01
   1.5166464e+01   1.7960284e+01   1.8473517e+01
   1.6147939e+01   1.8608968e+01   1.9846592e+01
   1.2074619e+01   1.3665901e+01   1.7389183e+01
   1.3780886e+01   1.5354343e+01   1.9077949e+01
   1.2560828e+01   1.5376425e+01   1.5899114e+01
   1.2381410e+01   1.4537741e+01   1.6605879e+01
   1.3142627e+01   1.5774733e+01   1.6680628e+01
   1.1690927e+01   1.3433656e+01   1.6691379e+01
   1.1904378e+01   1.3679799e+01   1.6828966e+01
   1.1398053e+01   1.3083699e+01   1.6532255e+01
   1.2378051e+01   1.4134542e+01   1.7322589e+01
   1.4132611e+01   1.6582641e+01   1.7880679e+01
   1.4245721e+01   1.7526599e+01   1.7077404e+01
   1.3586399e+01   1.5416952e+01   1.8344598e+01
   1.2304688e+01   1.4285794e+01   1.6825356e+01
   1.4744250e+01   1.7115143e+01   1.8588199e+01
   1.5127414e+01   1.8307515e+01   1.8037960e+01
   1.3866726e+01   1.5973072e+01   1.8128366e+01
   1.3362925e+01   1.6399414e+01   1.6445575e+01
   1.2239797e+01   1.4401048e+01   1.6461344e+01
   1.1227217e+01   1.3331419e+01   1.5581020e+01
   1.3707175e+01   1.5691658e+01   1.8178634e+01
   1.2888861e+01   1.4552426e+01   1.8011206e+01
   1.4800749e+01   1.6841868e+01   1.9149519e+01
   1.2647334e+01   1.4462671e+01   1.7464409e+01
   1.5638821e+01   1.8497417e+01   1.8867269e+01
   1.6102805e+01   1.8846214e+01   1.9453756e+01
   1.5858980e+01   1.8500969e+01   1.9332649e+01
   1.4687493e+01   1.8037974e+01   1.7450034e+01
   1.3776713e+01   1.6474404e+01   1.7220597e+01
   1.3181944e+01   1.5041888e+01   1.7895552e+01
   1.5059071e+01   1.7817142e+01   1.8408361e+01
   1.3595449e+01   1.5669020e+01   1.7917876e+01
   1.5392814e+01   1.8888374e+01   1.8022405e+01
   1.5108226e+01   1.8679362e+01   1.7680371e+01
   1.2873616e+01   1.4697053e+01   1.7667235e+01
   1.5476763e+01   1.9012448e+01   1.8072610e+01
   1.1208081e+01   1.2820417e+01   1.6513751e+01
   1.2854719e+01   1.4728878e+01   1.7551705e+01
   1.2190881e+01   1.4041211e+01   1.6956570e+01
   1.3044699e+01   1.5161889e+01   1.7310955e+01
   1.2969792e+01   1.4808895e+01   1.7729919e+01
   1.3724226e+01   1.6923866e+01   1.6640399e+01
   1.2558627e+01   1.5245172e+01   1.6046670e+01
   1.2151571e+01   1.4314649e+01   1.6373339e+01
   1.3100409e+01   1.6107721e+01   1.6218834e+01
   1.2127864e+01   1.3608394e+01   1.7705994e+01
   1.4978730e+01   1.7834435e+01   1.8220254e+01
   1.1070201e+01   1.3046802e+01   1.5649897e+01
   1.3673481e+01   1.6584820e+01   1.6879363e+01
   1.1600463e+01   1.3738367e+01   1.5883469e+01
   1.5220967e+01   1.8567857e+01   1.7978876e+01
   1.1629634e+01   1.3165777e+01   1.7093230e+01
   1.3168056e+01   1.5039121e+01   1.7861022e+01
