   3.8550992e+00   4.0061717e+00   1.9970053e+01
   4.6011247e+00   4.8396007e+00   1.8555606e+01
   4.0613481e+00   4.1047955e+00   2.5507082e+01
   5.3569133e+00   5.4689307e+00   2.2382972e+01
   5.4819970e+00   6.0598215e+00   1.5488874e+01
   6.1224820e+00   6.3378838e+00   2.0182559e+01
   5.1985747e+00   5.7471296e+00   1.5480797e+01
   6.5166645e+00   6.7336733e+00   2.0473331e+01
   5.9515593e+00   6.1534239e+00   2.0322200e+01
   6.3134542e+00   6.4401845e+00   2.2614066e+01
   5.1526665e+00   5.2786573e+00   2.1717942e+01
   6.0275416e+00   6.1419086e+00   2.2824546e+01
   5.6303549e+00   5.7022361e+00   2.4512604e+01
   6.0804512e+00   6.1618045e+00   2.4336376e+01
   4.6647127e+00   4.7060375e+00   2.6166866e+01
   6.1667685e+00   6.2344879e+00   2.5198454e+01
   4.2989642e+00   4.8795846e+00   1.4547508e+01
   6.2283221e+00   6.4832014e+00   1.9550074e+01
   4.1644201e+00   4.1884563e+00   2.8148190e+01
   4.7020890e+00   4.7304853e+00   2.7821112e+01
   6.2061495e+00   6.3169010e+00   2.3107187e+01
   4.7591023e+00   4.7967025e+00   2.6646855e+01
   5.8646651e+00   5.9177803e+00   2.6006709e+01
   5.0079156e+00   5.0366282e+00   2.8003923e+01
   5.8224958e+00   5.8961687e+00   2.4558317e+01
   4.8283789e+00   4.8600349e+00   2.7444837e+01
   5.0536171e+00   5.1402814e+00   2.3256338e+01
   5.0355042e+00   5.0779548e+00   2.6330432e+01
   5.2304925e+00   5.3434278e+00   2.2249629e+01
   4.8533130e+00   4.9012685e+00   2.5663961e+01
   4.4413805e+00   4.4771768e+00   2.6623509e+01
   4.8182409e+00   4.8476047e+00   2.7763057e+01
   5.0259655e+00   5.0901092e+00   2.4536132e+01
   4.9032377e+00   4.9342660e+00   2.7588206e+01
   6.6592951e+00   6.7764075e+00   2.3237633e+01
   3.9758588e+00   4.0143716e+00   2.5968210e+01
   5.9984494e+00   6.0668853e+00   2.5017504e+01
   4.1672589e+00   4.1941178e+00   2.7668641e+01
   5.9516907e+00   6.0430816e+00   2.3730733e+01
   4.0887290e+00   4.1217053e+00   2.6722126e+01
   5.1705844e+00   5.2503271e+00   2.3705802e+01
   4.1465807e+00   4.1789640e+00   2.6842580e+01
   5.2298014e+00   5.3132864e+00   2.3553314e+01
   3.9625130e+00   3.9848813e+00   2.8314912e+01
   4.6172660e+00   4.6584287e+00   2.6148502e+01
   4.2167347e+00   4.2365622e+00   2.9021144e+01
   5.0793712e+00   5.1579781e+00   2.3697729e+01
   4.2417620e+00   4.2713892e+00   2.7297342e+01
   6.1533715e+00   6.2160096e+00   2.5524830e+01
   6.7125546e+00   6.7880936e+00   2.5172468e+01
   6.0341934e+00   6.1416426e+00   2.3098778e+01
   6.7992276e+00   6.8868256e+00   2.4604979e+01
   5.3036376e+00   5.3695304e+00   2.4633365e+01
   6.6244040e+00   6.7122277e+00   2.4449274e+01
   5.4411514e+00   5.5324900e+00   2.3329247e+01
   6.4016329e+00   6.4821321e+00   2.4642383e+01
   4.6893772e+00   4.7317056e+00   2.6081343e+01
   6.6069749e+00   6.6752661e+00   2.5521099e+01
   5.1592671e+00   5.2257445e+00   2.4483707e+01
   6.5459185e+00   6.6448530e+00   2.3870879e+01
   6.0608014e+00   6.1214651e+00   2.5588766e+01
   5.7753173e+00   5.8199211e+00   2.6691711e+01
   5.2352845e+00   5.2839436e+00   2.5892554e+01
   5.5874284e+00   5.6345261e+00   2.6307914e+01
   5.4062789e+00   5.4476501e+00   2.6727707e+01
   5.5443276e+00   5.5838518e+00   2.7033325e+01
   4.6053835e+00   4.6326887e+00   2.7918854e+01
   5.5997835e+00   5.6419785e+00   2.6793612e+01
   5.0670774e+00   5.1134385e+00   2.5972869e+01
   5.5395218e+00   5.5838315e+00   2.6534550e+01
   4.9418600e+00   5.0663168e+00   2.1609068e+01
   5.4153965e+00   5.4775291e+00   2.4974356e+01
   5.2793115e+00   5.3252300e+00   2.6177582e+01
   5.4252294e+00   5.4683392e+00   2.6564155e+01
   4.5007040e+00   4.5321140e+00   2.7233968e+01
   5.4623361e+00   5.5063816e+00   2.6500098e+01
   5.0178733e+00   5.0702147e+00   2.5409957e+01
   5.4245476e+00   5.4864961e+00   2.4994326e+01
   5.1728166e+00   5.2318106e+00   2.5010786e+01
   4.5440837e+00   4.5978587e+00   2.4936367e+01
   4.2656367e+00   4.2938452e+00   2.7527511e+01
   4.4497664e+00   4.5015498e+00   2.5029958e+01
   4.7579994e+00   4.7956049e+00   2.6645414e+01
   4.6027886e+00   4.6491217e+00   2.5625103e+01
   4.4968088e+00   4.5188060e+00   2.8775851e+01
   5.0437199e+00   5.0793217e+00   2.7099019e+01
   4.7307700e+00   4.7606072e+00   2.7627989e+01
   4.8390230e+00   4.8792498e+00   2.6414441e+01
   4.8373773e+00   4.8694003e+00   2.7401649e+01
   4.0727271e+00   4.0959772e+00   2.8226230e+01
