   1.3130305e+01   1.4999089e+01   1.7828733e+01
   1.2854685e+01   1.5002190e+01   1.7077924e+01
   1.5946900e+01   1.8462872e+01   1.9576543e+01
   1.3975127e+01   1.5817943e+01   1.8699321e+01
   1.1855301e+01   1.6591876e+01   1.3727799e+01
   1.3500982e+01   1.5737831e+01   1.7567344e+01
   1.0791865e+01   1.4960553e+01   1.3025017e+01
   1.3654601e+01   1.5489626e+01   1.8402271e+01
   1.3444994e+01   1.6504886e+01   1.6502309e+01
   1.5886379e+01   1.8550109e+01   1.9333546e+01
   1.3471879e+01   1.5754872e+01   1.7470199e+01
   1.3606988e+01   1.5110865e+01   1.9074824e+01
   1.4791579e+01   1.7557649e+01   1.8136217e+01
   1.2968538e+01   1.4771461e+01   1.7799325e+01
   1.2271646e+01   1.3690263e+01   1.8002673e+01
   1.4112123e+01   1.6042953e+01   1.8668925e+01
   1.0366522e+01   1.4775560e+01   1.2462781e+01
   1.3624780e+01   1.6326231e+01   1.7067620e+01
   1.2545475e+01   1.3972428e+01   1.8243785e+01
   1.2575016e+01   1.3648051e+01   1.9355754e+01
   1.4068832e+01   1.6174241e+01   1.8327125e+01
   1.2287711e+01   1.3926448e+01   1.7486479e+01
   1.4555001e+01   1.6764369e+01   1.8638652e+01
   1.4111344e+01   1.6084021e+01   1.8593397e+01
   1.4206629e+01   1.5561979e+01   2.0043043e+01
   1.4363150e+01   1.6026037e+01   1.9444418e+01
   1.2967071e+01   1.4241275e+01   1.9074609e+01
   1.2386800e+01   1.3624258e+01   1.8627929e+01
   1.3400432e+01   1.5269969e+01   1.8089401e+01
   1.2355120e+01   1.2961766e+01   2.1417619e+01
   1.1526012e+01   1.2352283e+01   1.9384811e+01
   1.2544725e+01   1.3213283e+01   2.1203608e+01
   1.3226003e+01   1.4334035e+01   1.9857783e+01
   1.3757766e+01   1.4596280e+01   2.1461180e+01
   1.4286336e+01   1.5543524e+01   2.0403139e+01
   1.2151490e+01   1.2704414e+01   2.1603166e+01
   1.3859077e+01   1.5651975e+01   1.8683630e+01
   1.3869144e+01   1.4518604e+01   2.2592932e+01
   1.2358944e+01   1.3331232e+01   1.9533052e+01
   1.3000092e+01   1.3613892e+01   2.1985929e+01
   1.1343516e+01   1.2663183e+01   1.7388920e+01
   1.1642117e+01   1.2410105e+01   1.9787187e+01
   1.2680288e+01   1.3843337e+01   1.9146351e+01
   1.1377978e+01   1.1935351e+01   2.0839659e+01
   1.0152602e+01   1.0766429e+01   1.9302866e+01
   1.1101204e+01   1.1582401e+01   2.1185852e+01
   1.2243488e+01   1.3112308e+01   1.9866291e+01
   1.3084699e+01   1.3622316e+01   2.2608474e+01
   1.4150419e+01   1.6002134e+01   1.8853220e+01
   1.3330385e+01   1.4368050e+01   2.0212171e+01
   1.3551253e+01   1.4789166e+01   1.9748287e+01
   1.4816990e+01   1.6172946e+01   2.0636315e+01
   1.4166273e+01   1.5434719e+01   2.0252703e+01
   1.3314285e+01   1.4277084e+01   2.0488535e+01
   1.3439228e+01   1.4823618e+01   1.9219034e+01
   1.2414706e+01   1.3270044e+01   2.0091692e+01
   1.1701009e+01   1.2573179e+01   1.9335366e+01
   1.2847476e+01   1.3600922e+01   2.1011597e+01
   1.3771336e+01   1.5145673e+01   1.9568124e+01
   1.2353718e+01   1.3313785e+01   1.9577652e+01
   1.3507826e+01   1.4677369e+01   1.9922629e+01
   1.3766791e+01   1.4761697e+01   2.0797489e+01
   1.5033830e+01   1.5937942e+01   2.2402940e+01
   1.3323371e+01   1.4013296e+01   2.1822626e+01
   1.3722296e+01   1.4706950e+01   2.0794824e+01
   1.2465725e+01   1.3059296e+01   2.1611814e+01
   1.2073326e+01   1.2699565e+01   2.1020329e+01
   1.3405472e+01   1.4206485e+01   2.1303087e+01
   1.3522281e+01   1.4336385e+01   2.1351155e+01
   1.4555936e+01   1.5359289e+01   2.2404827e+01
   1.3814467e+01   1.5177197e+01   1.9641657e+01
   1.2464447e+01   1.2932714e+01   2.2585011e+01
   1.4487873e+01   1.5450786e+01   2.1624475e+01
   1.1756909e+01   1.2115269e+01   2.3028472e+01
   1.2022483e+01   1.2699925e+01   2.0653113e+01
   1.2480050e+01   1.2862841e+01   2.3437301e+01
   1.3881063e+01   1.4760447e+01   2.1392147e+01
   1.2936870e+01   1.3524866e+01   2.2100379e+01
   1.3851291e+01   1.5134969e+01   1.9901749e+01
   1.1346067e+01   1.1771391e+01   2.1927279e+01
   1.1634535e+01   1.2360897e+01   2.0004087e+01
   1.2657650e+01   1.3231591e+01   2.1932243e+01
   1.2094055e+01   1.2612624e+01   2.1812217e+01
   1.3694028e+01   1.4148630e+01   2.3884823e+01
   1.0880334e+01   1.1376067e+01   2.0856571e+01
   1.3423951e+01   1.3928847e+01   2.3192068e+01
   1.1885559e+01   1.2557434e+01   2.0556691e+01
   1.3723098e+01   1.4400066e+01   2.2284237e+01
   1.2518065e+01   1.3004899e+01   2.2475399e+01
   1.1643064e+01   1.1933305e+01   2.3807335e+01
