   6.9332731e+00   7.4113236e+00   1.7477534e+01
   7.7149018e+00   8.3614780e+00   1.6897035e+01
   7.1495550e+00   7.2848488e+00   2.3026083e+01
   8.6921135e+00   9.1525629e+00   1.9164503e+01
   8.1739221e+00   9.4181980e+00   1.4680051e+01
   8.8088309e+00   9.4040251e+00   1.8205901e+01
   8.0911502e+00   9.4062982e+00   1.4391621e+01
   9.5345604e+00   1.0081492e+01   1.9210250e+01
   8.6355071e+00   9.1483434e+00   1.8666089e+01
   9.7172130e+00   1.0182981e+01   2.0041769e+01
   8.4746642e+00   8.8369437e+00   1.9975459e+01
   8.9705463e+00   9.4360855e+00   1.9367844e+01
   8.9343222e+00   9.2537919e+00   2.0913941e+01
   8.6817387e+00   9.0783413e+00   1.9779098e+01
   7.3876830e+00   7.5638342e+00   2.2095688e+01
   8.9450995e+00   9.2138554e+00   2.1654620e+01
   6.7940988e+00   7.9737885e+00   1.3673281e+01
   8.8523303e+00   9.3637960e+00   1.8871003e+01
   6.7647199e+00   6.8347866e+00   2.5540454e+01
   7.1555073e+00   7.2654216e+00   2.3924710e+01
   8.9072677e+00   9.2080624e+00   2.1144132e+01
   7.1287676e+00   7.2680216e+00   2.2884621e+01
   8.9644459e+00   9.2470744e+00   2.1458709e+01
   8.0149033e+00   8.1410680e+00   2.4066188e+01
   8.6366828e+00   8.8308655e+00   2.2763361e+01
   8.1457349e+00   8.2688781e+00   2.4284002e+01
   7.9947476e+00   8.2322830e+00   2.1341401e+01
   8.2568397e+00   8.4010504e+00   2.3702806e+01
   8.5028070e+00   8.8212892e+00   2.0543387e+01
   8.0796025e+00   8.2032409e+00   2.4209255e+01
   7.1563278e+00   7.2544736e+00   2.4413224e+01
   7.7930506e+00   7.8863189e+00   2.5174752e+01
   7.9428018e+00   8.1128147e+00   2.2724213e+01
   7.6975457e+00   7.7904449e+00   2.5109830e+01
   9.9210284e+00   1.0294177e+01   2.1153286e+01
   6.5241080e+00   6.5921925e+00   2.5466108e+01
   9.4119815e+00   9.6955120e+00   2.1847328e+01
   6.9704463e+00   7.0207246e+00   2.7146263e+01
   8.7878620e+00   9.0157492e+00   2.2215162e+01
   6.9291384e+00   6.9957269e+00   2.5897053e+01
   7.5772919e+00   7.9122542e+00   1.9522611e+01
   6.8798707e+00   6.9626530e+00   2.4915993e+01
   8.6372763e+00   8.9158989e+00   2.1227977e+01
   6.8583874e+00   6.9142453e+00   2.6597761e+01
   7.1174554e+00   7.2414206e+00   2.3374994e+01
   6.9098555e+00   6.9586257e+00   2.7227519e+01
   7.7941100e+00   8.0088993e+00   2.1596483e+01
   6.9462108e+00   7.0017584e+00   2.6694951e+01
   9.7019082e+00   9.9859564e+00   2.2102286e+01
   9.4076927e+00   9.5624175e+00   2.4422649e+01
   8.9959251e+00   9.2665284e+00   2.1671003e+01
   9.7228569e+00   9.9090118e+00   2.3916977e+01
   8.3143257e+00   8.5092233e+00   2.2463868e+01
   9.3313128e+00   9.5091434e+00   2.3758618e+01
   8.8466894e+00   9.1320705e+00   2.1312588e+01
   8.6401316e+00   8.7863786e+00   2.3979409e+01
   7.6590244e+00   7.8023898e+00   2.3210400e+01
   8.7975839e+00   8.9435400e+00   2.4127298e+01
   8.3042101e+00   8.5209789e+00   2.2001249e+01
   8.8065205e+00   8.9720435e+00   2.3596384e+01
   8.8559287e+00   9.0361272e+00   2.3276994e+01
   8.5373329e+00   8.6397877e+00   2.5417740e+01
   8.2257665e+00   8.3509238e+00   2.4284029e+01
   8.2607815e+00   8.3494983e+00   2.5795584e+01
   8.4815430e+00   8.6177095e+00   2.4146014e+01
   8.0901118e+00   8.1542262e+00   2.7048557e+01
   7.1494323e+00   7.2385130e+00   2.4825228e+01
   8.1069177e+00   8.1869195e+00   2.6107520e+01
   7.8699606e+00   7.9903590e+00   2.4141899e+01
   8.2560809e+00   8.3426524e+00   2.5896997e+01
   7.7303468e+00   8.0040487e+00   2.0509912e+01
   7.7639031e+00   7.8453636e+00   2.5733342e+01
   8.3682345e+00   8.5168142e+00   2.3672304e+01
   7.6749623e+00   7.7339514e+00   2.7050842e+01
   7.1757820e+00   7.2586086e+00   2.5161407e+01
   7.7507413e+00   7.8129593e+00   2.6885481e+01
   7.9545267e+00   8.0965488e+00   2.3505465e+01
   7.6020596e+00   7.6955039e+00   2.5002871e+01
   8.2619879e+00   8.4442128e+00   2.2705314e+01
   6.7261107e+00   6.8069605e+00   2.4890336e+01
   6.8758347e+00   6.9619733e+00   2.4741143e+01
   6.8410972e+00   6.9216844e+00   2.4999733e+01
   7.5206137e+00   7.6448126e+00   2.3708492e+01
   7.1426436e+00   7.2068001e+00   2.6236489e+01
   6.8709712e+00   6.9409995e+00   2.5631012e+01
   7.6118484e+00   7.6681050e+00   2.7201902e+01
   7.3913040e+00   7.4909264e+00   2.4547480e+01
   7.6065769e+00   7.6871690e+00   2.5644799e+01
   7.5267070e+00   7.6227843e+00   2.4818794e+01
   6.4887526e+00   6.5294370e+00   2.7664636e+01
