   1.4939529e+01   1.7762302e+01   1.8217920e+01
   1.4033898e+01   1.6806608e+01   1.7385208e+01
   1.8042393e+01   2.3022106e+01   1.9724294e+01
   1.5538421e+01   1.7675750e+01   1.9716017e+01
   1.2295844e+01   1.8155425e+01   1.3666168e+01
   1.4485791e+01   1.7497195e+01   1.7571588e+01
   1.1262399e+01   1.6340373e+01   1.2977405e+01
   1.4377512e+01   1.6710751e+01   1.8281924e+01
   1.4517398e+01   1.8954373e+01   1.6510502e+01
   1.7001206e+01   2.0793208e+01   1.9385304e+01
   1.3824627e+01   1.7418852e+01   1.6398271e+01
   1.3709994e+01   1.5534512e+01   1.8476490e+01
   1.5796540e+01   1.9737543e+01   1.8086707e+01
   1.3762536e+01   1.6125291e+01   1.7638855e+01
   1.3736888e+01   1.5997202e+01   1.7762106e+01
   1.5546480e+01   1.8572675e+01   1.8600856e+01
   1.0873349e+01   1.7468755e+01   1.2023981e+01
   1.4580347e+01   1.9142753e+01   1.6502139e+01
   1.4557518e+01   1.7584094e+01   1.7626698e+01
   1.5090233e+01   1.7286231e+01   1.9183965e+01
   1.4660130e+01   1.7369119e+01   1.8073086e+01
   1.4026564e+01   1.7741945e+01   1.6502862e+01
   1.5719880e+01   1.9351010e+01   1.8237238e+01
   1.5940522e+01   2.0307954e+01   1.7958605e+01
   1.6195049e+01   1.9542012e+01   1.8940909e+01
   1.6239871e+01   1.9674804e+01   1.8909939e+01
   1.3363685e+01   1.5768761e+01   1.7190982e+01
   1.3538027e+01   1.5653740e+01   1.7792863e+01
   1.4683677e+01   1.8776308e+01   1.6885471e+01
   1.3695219e+01   1.5372694e+01   1.8762524e+01
   1.3587106e+01   1.5518597e+01   1.8156232e+01
   1.4708533e+01   1.6980859e+01   1.8694581e+01
   1.4886197e+01   1.7655977e+01   1.8224995e+01
   1.5591391e+01   1.7740012e+01   1.9750213e+01
   1.5591898e+01   1.7790638e+01   1.9672724e+01
   1.3727911e+01   1.5149543e+01   1.9400027e+01
   1.5550150e+01   1.8464692e+01   1.8719779e+01
   1.6145126e+01   1.7823756e+01   2.1156831e+01
   1.3650073e+01   1.5760159e+01   1.7911104e+01
   1.4409250e+01   1.5558429e+01   2.0864258e+01
   1.2779898e+01   1.5466380e+01   1.6261753e+01
   1.3012136e+01   1.4649538e+01   1.8187817e+01
   1.3542157e+01   1.6024649e+01   1.7260541e+01
   1.1871434e+01   1.2869316e+01   1.8966588e+01
   1.1769022e+01   1.3252813e+01   1.7354577e+01
   1.1868226e+01   1.2824965e+01   1.9128628e+01
   1.3063577e+01   1.4814172e+01   1.7996524e+01
   1.5279904e+01   1.6797400e+01   2.0673001e+01
   1.4685575e+01   1.7622301e+01   1.7845159e+01
   1.3539147e+01   1.5055698e+01   1.8978164e+01
   1.3742884e+01   1.5839513e+01   1.8023479e+01
   1.5631141e+01   1.7381498e+01   2.0502191e+01
   1.5257943e+01   1.8014002e+01   1.8606371e+01
   1.3976456e+01   1.5243949e+01   2.0071120e+01
   1.4038492e+01   1.7151251e+01   1.7031584e+01
   1.3051397e+01   1.4329923e+01   1.9143095e+01
   1.1826643e+01   1.3753717e+01   1.6462702e+01
   1.3928614e+01   1.5231068e+01   1.9922104e+01
   1.4409715e+01   1.6699304e+01   1.8376485e+01
   1.4140249e+01   1.5584804e+01   1.9741430e+01
   1.3722869e+01   1.6086566e+01   1.7598813e+01
   1.5670158e+01   1.7541535e+01   2.0304359e+01
   1.6291995e+01   1.8742514e+01   2.0002687e+01
   1.5228197e+01   1.6542258e+01   2.1155595e+01
   1.5103061e+01   1.8632152e+01   1.7709086e+01
   1.3766593e+01   1.4949197e+01   2.0130710e+01
   1.3404332e+01   1.5362534e+01   1.7930507e+01
   1.4925697e+01   1.6773165e+01   1.9619161e+01
   1.4656829e+01   1.7094656e+01   1.8410655e+01
   1.6525964e+01   1.8210904e+01   2.1518308e+01
   1.5241981e+01   1.8569971e+01   1.8016203e+01
   1.3744794e+01   1.4657034e+01   2.1115815e+01
   1.6149632e+01   1.9361428e+01   1.9017390e+01
   1.2672687e+01   1.3363726e+01   2.1192144e+01
   1.3020174e+01   1.4934691e+01   1.7636799e+01
   1.3747953e+01   1.4835551e+01   2.0433911e+01
   1.4605267e+01   1.7072524e+01   1.8320741e+01
   1.4512066e+01   1.5836493e+01   2.0426848e+01
   1.4190294e+01   1.6956669e+01   1.7545690e+01
   1.2307784e+01   1.3468925e+01   1.8795540e+01
   1.2483539e+01   1.4505726e+01   1.6926328e+01
   1.4359296e+01   1.6133975e+01   1.9207614e+01
   1.2898596e+01   1.4194872e+01   1.8943731e+01
   1.6219577e+01   1.7398039e+01   2.2538534e+01
   1.1489403e+01   1.3095111e+01   1.6796617e+01
   1.4321936e+01   1.5544274e+01   2.0544210e+01
   1.2187524e+01   1.4239885e+01   1.6589272e+01
   1.5794742e+01   1.7599968e+01   2.0553485e+01
   1.2792934e+01   1.4087643e+01   1.8846557e+01
   1.3594807e+01   1.4271430e+01   2.2162556e+01
