   1.4206842e+01   1.6644130e+01   1.7970466e+01
   1.3467043e+01   1.5910847e+01   1.7238925e+01
   1.7455802e+01   2.1293140e+01   1.9803773e+01
   1.5180255e+01   1.7225716e+01   1.9514345e+01
   1.2100127e+01   1.7472150e+01   1.3666216e+01
   1.4388131e+01   1.7192858e+01   1.7696329e+01
   1.1012949e+01   1.5591777e+01   1.2991565e+01
   1.4157234e+01   1.6304133e+01   1.8346819e+01
   1.4175525e+01   1.7989673e+01   1.6576233e+01
   1.6448519e+01   1.9733844e+01   1.9246109e+01
   1.3684702e+01   1.6770067e+01   1.6711628e+01
   1.3584029e+01   1.5139712e+01   1.8928300e+01
   1.5383498e+01   1.8789298e+01   1.8088345e+01
   1.3489201e+01   1.5357863e+01   1.8177285e+01
   1.2909762e+01   1.4628500e+01   1.7913654e+01
   1.5302791e+01   1.7669866e+01   1.9142067e+01
   1.0732617e+01   1.6578013e+01   1.2136473e+01
   1.4524416e+01   1.7992049e+01   1.7189403e+01
   1.3884018e+01   1.6254910e+01   1.7746063e+01
   1.4093183e+01   1.5336245e+01   2.0258093e+01
   1.4245087e+01   1.6916203e+01   1.7710778e+01
   1.3301983e+01   1.5435959e+01   1.7533792e+01
   1.5202076e+01   1.8266506e+01   1.8223169e+01
   1.5106624e+01   1.7661363e+01   1.8699717e+01
   1.5149540e+01   1.7289587e+01   1.9329639e+01
   1.5360625e+01   1.7366295e+01   1.9759105e+01
   1.3291566e+01   1.5089321e+01   1.8122517e+01
   1.3095976e+01   1.4501127e+01   1.8831623e+01
   1.4422214e+01   1.7545358e+01   1.7398290e+01
   1.2952757e+01   1.3741825e+01   2.0927734e+01
   1.2675236e+01   1.3875875e+01   1.9019813e+01
   1.3465528e+01   1.4343373e+01   2.0997605e+01
   1.4342898e+01   1.6147036e+01   1.9133127e+01
   1.4957739e+01   1.5951137e+01   2.1960530e+01
   1.5243499e+01   1.6901653e+01   2.0315571e+01
   1.3036132e+01   1.3750268e+01   2.1407711e+01
   1.4934180e+01   1.7383866e+01   1.8666948e+01
   1.5231060e+01   1.6104600e+01   2.2730736e+01
   1.2980416e+01   1.4275054e+01   1.9027353e+01
   1.3877503e+01   1.4591360e+01   2.2219604e+01
   1.2030668e+01   1.3822247e+01   1.6917674e+01
   1.2541411e+01   1.3304632e+01   2.0667095e+01
   1.3369991e+01   1.5096318e+01   1.8343499e+01
   1.1673532e+01   1.2216553e+01   2.1225061e+01
   1.0625184e+01   1.1532544e+01   1.8165933e+01
   1.1707590e+01   1.2215739e+01   2.1530329e+01
   1.2702839e+01   1.3761875e+01   1.9529244e+01
   1.3986699e+01   1.4673046e+01   2.2483363e+01
   1.4578757e+01   1.6777830e+01   1.8677701e+01
   1.3486218e+01   1.4456260e+01   2.0625081e+01
   1.3620698e+01   1.5176593e+01   1.8963385e+01
   1.5307112e+01   1.6461478e+01   2.1722925e+01
   1.4842836e+01   1.6569295e+01   1.9778434e+01
   1.3762288e+01   1.4663008e+01   2.1182746e+01
   1.3996548e+01   1.6102913e+01   1.8255004e+01
   1.3068169e+01   1.3780943e+01   2.1446142e+01
   1.1933951e+01   1.3181709e+01   1.8163324e+01
   1.3652882e+01   1.4384639e+01   2.1903226e+01
   1.4349510e+01   1.5899581e+01   1.9686078e+01
   1.3152414e+01   1.4043761e+01   2.0635719e+01
   1.3513110e+01   1.5117192e+01   1.8747733e+01
   1.4949953e+01   1.5960247e+01   2.1887400e+01
   1.5950855e+01   1.7356072e+01   2.1614053e+01
   1.4281608e+01   1.4988601e+01   2.2649559e+01
   1.4833740e+01   1.6859113e+01   1.9208533e+01
   1.3432031e+01   1.4019857e+01   2.2576775e+01
   1.2521350e+01   1.3482632e+01   1.9732994e+01
   1.4617541e+01   1.5486408e+01   2.2154127e+01
   1.4360356e+01   1.5874081e+01   1.9783500e+01
   1.5732070e+01   1.6532756e+01   2.3564929e+01
   1.4695679e+01   1.6792805e+01   1.8953677e+01
   1.3314990e+01   1.3774872e+01   2.3472662e+01
   1.5781949e+01   1.7594924e+01   2.0525782e+01
   1.2656947e+01   1.3046435e+01   2.3533324e+01
   1.2283682e+01   1.3404664e+01   1.8907884e+01
   1.3541780e+01   1.4035483e+01   2.3397665e+01
   1.4266442e+01   1.5710812e+01   1.9864751e+01
   1.4324156e+01   1.5080047e+01   2.2422646e+01
   1.4093659e+01   1.6109266e+01   1.8501435e+01
   1.2164868e+01   1.2594647e+01   2.2655994e+01
   1.2271131e+01   1.3509222e+01   1.8515187e+01
   1.4140720e+01   1.4898020e+01   2.2237404e+01
   1.2234323e+01   1.2977070e+01   2.0483322e+01
   1.5053997e+01   1.5623016e+01   2.4279361e+01
   1.1528316e+01   1.2439389e+01   1.8999054e+01
   1.4405856e+01   1.4978285e+01   2.3625431e+01
   1.2332252e+01   1.3506611e+01   1.8775542e+01
   1.5290394e+01   1.6024370e+01   2.3480384e+01
   1.2852423e+01   1.3713921e+01   2.0482201e+01
   1.2883052e+01   1.3205206e+01   2.4543148e+01
