  -6.7481775e-01   4.8686686e+00   1.9712397e+00
  -4.3733013e+00  -8.0953342e-01   1.5800605e+00
  -2.2646126e+00   2.3523270e+00   1.5670335e+00
  -4.3345089e+00  -2.0377410e-02   6.9484966e-01
  -1.0493745e+00   2.9188209e+00   2.9682190e+00
  -2.3066945e+00   1.1588952e+00   2.7609431e+00
  -1.7925317e+00   2.6282100e+00   2.0468733e+00
  -3.3916847e+00   1.2022256e-01   2.1195957e+00
  -1.1087215e+00   3.6302986e+00   2.2322969e+00
  -3.7008322e+00  -9.7645715e-02   1.8472810e+00
  -1.9118923e+00   3.2544426e+00   1.3452171e+00
  -2.8414502e+00   1.3708474e+00   1.6071753e+00
  -1.4472442e+00   2.7042935e+00   2.5254911e+00
  -3.3963336e+00   4.9782468e-01   1.6484424e+00
  -1.7102827e+00   2.7139874e+00   2.0970268e+00
  -4.1952851e+00   9.8906783e-01  -8.3220214e-02
  -1.8791720e+00   2.4187856e+00   2.1063929e+00
  -2.6448834e+00   1.5822935e+00   1.7067592e+00
  -2.4032725e+00   1.5858542e+00   2.0981025e+00
  -2.7376250e+00   1.6294184e-01   3.3148460e+00
  -2.6974338e+00   9.1887853e-01   2.3562717e+00
  -3.0267162e+00   1.5674703e+00   1.1223924e+00
  -2.7206911e+00   1.3344949e+00   1.8421072e+00
  -3.0204867e+00   9.3927155e-01   1.7771524e+00
  -2.9687772e+00   1.4566597e+00   1.3186846e+00
  -3.1570646e+00   1.2558805e+00   1.2223101e+00
  -2.5115933e+00   1.3714250e+00   2.1508559e+00
  -2.5763909e+00   1.2895699e+00   2.1326080e+00
  -3.2400251e+00   1.5653863e+00   8.0164587e-01
  -2.1834498e+00   2.1539744e+00   1.8772718e+00
  -2.8074560e+00   2.0382035e+00   1.0263926e+00
  -2.9767805e+00   1.4577394e+00   1.3051092e+00
  -2.6275852e+00   9.9628818e-01   2.3858559e+00
  -1.9471308e+00   2.3745152e+00   2.0406580e+00
  -4.2731891e+00   2.2954431e-01   5.2549920e-01
  -3.6541483e+00   2.6069641e+00  -5.8249846e-01
  -5.2805088e+00   1.1353009e+00  -1.6756087e+00
  -4.4120757e+00   3.3687808e+00  -1.9754560e+00
  -2.8080305e+00   1.3458142e+00   1.6872522e+00
  -3.3704725e+00   1.6238453e+00   5.5687790e-01
  -3.7568938e+00   8.7178128e-01   6.7332837e-01
  -3.9111946e+00   1.8202434e+00  -3.6612488e-01
  -4.0611310e+00   1.3405311e+00  -1.9259181e-01
  -4.1321669e+00   2.1588083e+00  -9.0561344e-01
  -4.6413814e+00   2.2724217e+00  -1.6320451e+00
  -5.0491284e+00   8.6455178e-01  -1.1640060e+00
  -3.2590082e+00   1.0957636e+00   1.2230102e+00
  -2.6395682e+00   2.3785558e+00   9.8482417e-01
  -1.6306406e+00   3.4039696e+00   1.6379447e+00
  -2.9405575e+00   1.4701676e+00   1.3496096e+00
  -1.0722874e+00   3.6586171e+00   2.2642961e+00
  -2.8968203e+00   1.2444926e+00   1.6494634e+00
  -1.8645659e+00   3.4627239e+00   1.2581921e+00
  -2.9504705e+00   1.4960253e+00   1.3087723e+00
  -1.6834695e+00   2.9634257e+00   1.9175559e+00
  -3.1962491e+00   1.9232055e+00   5.5477952e-01
  -1.7223857e+00   3.1645916e+00   1.6918702e+00
  -5.8792716e+00   1.9582335e+00  -2.9579400e+00
  -2.0051290e+00   2.6372588e+00   1.7105111e+00
  -2.3969768e+00   2.0212648e+00   1.6680085e+00
  -3.2631210e+00   2.2168569e+00   2.2435073e-01
  -3.3802686e+00   1.4439763e+00   7.0241917e-01
  -3.0899138e+00   2.2334604e+00   4.5478183e-01
  -3.1398773e+00   1.7462239e+00   7.8907981e-01
  -3.6085864e+00   1.5504452e+00   2.7457720e-01
  -2.3939169e+00   1.6221514e+00   2.0748210e+00
  -2.4084991e+00   2.1383138e+00   1.5405553e+00
  -2.7527725e+00   2.2303064e+00   9.4273233e-01
  -3.5595765e+00   1.2091925e+00   6.5021080e-01
  -2.7831873e+00   2.0184038e+00   1.0799308e+00
  -2.4863569e+00   2.6447190e+00   9.9144517e-01
  -4.1969492e+00   8.0502799e-01   7.9434303e-02
  -4.1873114e+00   1.8593069e+00  -7.6716550e-01
  -4.0460813e+00   1.0955096e+00   3.7847736e-02
  -3.2953271e+00   2.6127894e+00  -1.1028947e-01
  -6.7810124e+00   7.0704770e-01  -3.2569037e+00
  -2.3341017e+00   2.3444787e+00   1.4682590e+00
  -2.7403380e+00   2.0470089e+00   1.1188301e+00
  -2.1002675e+00   2.3900379e+00   1.7858796e+00
  -2.5235214e+00   1.5590239e+00   1.9279114e+00
  -2.3678692e+00   3.0441941e+00   8.5455496e-01
  -4.0894553e+00   1.0316283e+00   3.1599336e-02
  -2.1453529e+00   2.2277632e+00   1.8669087e+00
  -2.3275087e+00   2.1603860e+00   1.6453885e+00
  -2.5523737e+00   1.5415071e+00   1.8990203e+00
  -3.8518143e+00   8.9864331e-01   5.0369340e-01
  -1.7060870e+00   1.4217324e+00   3.5471442e+00
  -2.1399246e+00   1.6046562e+00   2.5241394e+00
  -1.3573282e+00   2.9382448e+00   2.4475458e+00
  -2.6643247e+00   1.4872554e+00   1.7730831e+00
