  -8.4991628e-01   4.6793172e+00   1.8489865e+00
  -3.6029260e+00   7.9999278e-01   9.8324688e-01
  -2.3829655e+00   4.1579090e+00   1.1700467e-01
  -5.1317100e+00   1.3346195e+00  -1.6272249e+00
  -1.0956332e+00   3.2205311e+00   2.6039898e+00
  -2.3264101e+00   1.2126096e+00   2.6587888e+00
  -1.4873730e+00   3.1313389e+00   2.0727862e+00
  -3.0627390e+00   3.6821735e-01   2.3941679e+00
  -1.6314314e+00   3.5154362e+00   1.5521506e+00
  -3.1990249e+00   1.5171621e-01   2.4306961e+00
  -1.7841851e+00   3.1571656e+00   1.6066015e+00
  -2.4900456e+00   1.6389983e+00   1.8991340e+00
  -1.7278642e+00   2.6794729e+00   2.1011083e+00
  -3.1064688e+00   3.2799342e-01   2.3668333e+00
  -2.6517852e+00   1.2601208e+00   2.0380720e+00
  -1.4501722e+00   2.7963333e+00   2.4323684e+00
  -1.9814231e+00   2.7718536e+00   1.6303434e+00
  -2.2376271e+00   1.8854235e+00   2.0567777e+00
  -2.8253290e+00   1.6453775e+00   1.3590828e+00
  -3.5040802e+00   1.4465724e-02   2.0543432e+00
  -3.2165462e+00   9.2622421e-01   1.4681783e+00
  -3.1452210e+00   1.2531955e+00   1.2435687e+00
  -2.2063535e+00   2.8161465e+00   1.2607651e+00
  -3.4758201e+00   3.0489525e-01   1.7408878e+00
  -3.4141116e+00   1.3435215e+00   7.4389342e-01
  -2.6780102e+00   1.2974155e+00   1.9529909e+00
  -3.0487544e+00   7.9070257e-01   1.8985172e+00
  -2.8219161e+00   1.3409201e+00   1.6698366e+00
  -2.8244472e+00   1.1956471e+00   1.8206146e+00
  -2.5052919e+00   1.1250832e+00   2.4465952e+00
  -3.6742254e+00  -1.5694377e-01   1.9716187e+00
  -1.0461718e+00   3.0709956e+00   2.8236151e+00
  -2.9536226e+00   1.0613871e+00   1.7532368e+00
  -2.7097129e+00   1.3391822e+00   1.8551789e+00
  -4.5845007e+00   4.7972168e-01  -1.8593892e-01
  -3.6041553e+00   2.4396646e+00  -4.0290777e-01
  -5.3396332e+00   1.7590454e+00  -2.1781212e+00
  -6.2521447e+00   1.3073289e+00  -3.0088859e+00
  -3.4635177e+00   6.9591225e-01   1.3152347e+00
  -2.6054115e+00   2.4641242e+00   9.6439438e-01
  -4.3398258e+00   6.9504670e-02   5.8968878e-01
  -3.5676498e+00   2.2839212e+00  -2.4364770e-01
  -4.1364514e+00   9.7903273e-01   1.0359932e-02
  -2.8166180e+00   1.8511209e+00   1.1795995e+00
  -4.8176968e+00  -3.8690419e-01   3.3204405e-01
  -2.0636838e+00   3.9804873e+00   6.3884463e-01
  -3.5421748e+00   9.3526145e-01   9.4122762e-01
  -2.3785348e+00   1.8041845e+00   1.9107396e+00
  -1.7928637e+00   3.1681787e+00   1.5850789e+00
  -3.0556996e+00   1.4895969e+00   1.1517924e+00
  -1.3441309e+00   3.3404267e+00   2.1144010e+00
  -2.3914031e+00   1.4746781e+00   2.2395617e+00
  -2.0816686e+00   2.4793434e+00   1.7334923e+00
  -2.7596186e+00   1.4498598e+00   1.6575819e+00
  -2.1725134e+00   2.1334400e+00   1.9144497e+00
  -2.5637915e+00   1.7887092e+00   1.6300479e+00
  -2.8123451e+00   7.9815419e-01   2.3002546e+00
  -1.1836956e+00   3.5626908e+00   2.1741588e+00
  -2.3314371e+00   2.3007745e+00   1.5112053e+00
  -2.1905429e+00   1.7477317e+00   2.2793442e+00
  -3.4224009e+00   2.3993883e+00  -1.3042610e-01
  -3.2867229e+00   1.5581012e+00   7.3859858e-01
  -3.4150640e+00   1.2334370e+00   8.4575311e-01
  -3.4555798e+00   8.9884744e-01   1.1138413e+00
  -3.4912563e+00   1.2619736e+00   7.0366649e-01
  -2.5543020e+00   1.1017275e+00   2.3882467e+00
  -3.5562351e+00   2.4475298e-01   1.6750477e+00
  -9.7167966e-01   3.8677855e+00   2.2489687e+00
  -3.4995692e+00   1.9807924e+00   7.7806478e-02
  -3.0035167e+00   1.4784256e+00   1.2432890e+00
  -3.0351518e+00   1.0121157e+00   1.6723326e+00
  -6.1566615e+00   9.5193645e-01  -2.6564224e+00
  -3.1749050e+00   8.6645084e-01   1.6014111e+00
  -4.5101940e+00   9.5702488e-01  -5.0138787e-01
  -3.9042364e+00  -4.3967369e-02   1.4278662e+00
  -2.4428706e+00   2.8957251e+00   8.5936615e-01
  -2.7410347e+00   1.2377084e+00   1.9132805e+00
  -2.8762934e+00   1.6298837e+00   1.2948342e+00
  -2.2702711e+00   2.1497455e+00   1.7446032e+00
  -2.2071680e+00   1.7163016e+00   2.2853976e+00
  -2.9751497e+00   7.8198185e-01   2.0349848e+00
  -1.5798748e+00   2.7097605e+00   2.3068757e+00
  -2.2343263e+00   1.8913188e+00   2.0561248e+00
  -2.1697469e+00   1.9377344e+00   2.1140248e+00
  -3.0984259e+00   3.3087734e-01   2.3777743e+00
  -1.8114764e+00   2.2472010e+00   2.3854069e+00
  -1.4375889e+00   1.9302700e+00   3.3938990e+00
  -2.4693412e+00   8.0175590e-01   2.9228369e+00
  -1.4485078e+00   2.8704983e+00   2.3655008e+00
  -3.1558780e+00   4.4282802e-01   2.1308352e+00
