  -1.2241912e+00   3.8488338e+00   1.8923199e+00
  -4.3100604e+00   4.9990314e-01   1.9914284e-01
  -1.7909757e+00   5.2896261e+00   2.8116246e-01
  -6.4148794e+00  -6.8619436e-01  -1.6967221e+00
  -6.0814879e-01   3.5843326e+00   3.0517506e+00
  -2.3109552e+00   9.9576689e-01   2.9627617e+00
  -1.4524166e+00   3.5197311e+00   1.8090633e+00
  -3.8676646e+00  -2.6414739e-02   1.4689540e+00
  -2.1333455e+00   2.9852538e+00   1.2330445e+00
  -3.1241724e+00   6.0444002e-01   1.9885188e+00
  -1.8268994e+00   3.0918478e+00   1.5959835e+00
  -1.8423612e+00   2.2856396e+00   2.2959502e+00
  -1.8548372e+00   2.8881337e+00   1.7222831e+00
  -3.5117649e+00   8.3014356e-01   1.0958722e+00
  -2.1697306e+00   1.8480778e+00   2.2071699e+00
  -1.8897830e+00   2.6228454e+00   1.9003764e+00
  -2.2260717e+00   2.5356645e+00   1.4645428e+00
  -3.6903563e+00   1.2133783e+00   4.5163094e-01
  -2.0885094e+00   3.4127100e+00   9.7966505e-01
  -3.8058108e+00  -8.9057428e-01   2.7800553e+00
  -2.3143267e+00   1.7361134e+00   2.0858625e+00
  -3.3047531e+00   1.2527913e+00   9.9599147e-01
  -2.2397797e+00   2.6823099e+00   1.3206331e+00
  -4.9291238e+00   2.8296971e+00  -2.3108069e+00
  -3.5841714e+00   1.4533795e+00   3.9358268e-01
  -2.7791583e+00   1.4993089e+00   1.5758397e+00
  -3.0322319e+00   9.4815162e-01   1.7476481e+00
  -1.6630881e+00   2.2619492e+00   2.6169756e+00
  -2.5427700e+00   2.0274042e+00   1.4361077e+00
  -2.9711426e+00   1.4019897e+00   1.3690208e+00
  -3.0446319e+00   9.7690843e-01   1.6952440e+00
  -1.8747310e+00   3.0771552e+00   1.5373290e+00
  -2.5940005e+00   2.1691793e+00   1.2306902e+00
  -3.2373680e+00   1.0868836e+00   1.2663197e+00
  -5.0684936e+00   9.3553450e-01  -1.2458930e+00
  -5.4538043e+00   1.1094573e+00  -1.8803116e+00
  -5.2009414e+00   1.9054624e+00  -2.0992900e+00
  -7.4267823e+00   1.3557868e+00  -4.4250993e+00
  -3.7932880e+00   7.9376504e-01   6.9424502e-01
  -3.5667450e+00   1.7925290e+00   1.3339865e-01
  -3.4155911e+00   9.8172973e-01   1.0921912e+00
  -1.7979847e+00   3.0990848e+00   1.6328600e+00
  -4.2291270e+00   7.9278785e-01   4.3631660e-02
  -4.2485202e+00   1.7157215e+00  -7.4356265e-01
  -4.4827601e+00   4.6966208e-01  -2.7878913e-02
  -3.7367369e+00   2.7900316e+00  -8.0817693e-01
  -3.3270785e+00   1.6453315e+00   6.0171574e-01
  -3.4225952e+00   1.2709725e+00   7.9880940e-01
  -1.4028329e+00   3.4926031e+00   1.9032963e+00
  -3.7782777e+00   8.7960719e-01   6.3315492e-01
  -1.9622327e+00   2.7401453e+00   1.6863547e+00
  -2.2282930e+00   1.8185810e+00   2.1412993e+00
  -2.3234905e+00   2.7940548e+00   1.1082879e+00
  -2.0133569e+00   2.2502964e+00   2.0547638e+00
  -2.3257029e+00   2.2791328e+00   1.5394080e+00
  -2.5462357e+00   2.1830804e+00   1.2902890e+00
  -2.4573087e+00   1.4475872e+00   2.1581107e+00
  -1.5842229e+00   3.3135384e+00   1.7769389e+00
  -2.4325583e+00   2.4026210e+00   1.2697821e+00
  -2.9071787e+00   1.4279516e+00   1.4441266e+00
  -4.5873825e+00   1.4698154e+00  -1.0128484e+00
  -2.9439214e+00   2.0297716e+00   8.3211712e-01
  -4.0769195e+00   1.0600116e+00   2.4624384e-02
  -2.4946199e+00   1.9555483e+00   1.5778534e+00
  -3.9167051e+00   1.3747186e+00  -1.7146197e-02
  -3.0081702e+00   1.4849696e+00   1.2297309e+00
  -3.5527547e+00   3.4120120e-01   1.5666933e+00
  -1.3477766e+00   3.5497991e+00   1.9397273e+00
  -4.2093504e+00   1.2645470e+00  -3.3739606e-01
  -3.8393451e+00   1.3506865e+00   1.1364612e-01
  -2.4442903e+00   1.9979625e+00   1.6161584e+00
  -2.5430457e+00   2.3288555e+00   1.1685245e+00
  -2.8881879e+00   1.9363782e+00   9.9544128e-01
  -3.8123520e+00   1.1808370e+00   3.0157872e-01
  -3.2645500e+00   1.1717402e+00   1.1378634e+00
  -2.5877885e+00   2.4770963e+00   9.7943099e-01
  -2.4992045e+00   2.2792626e+00   1.2765941e+00
  -3.4920874e+00   1.1338020e+00   8.2364614e-01
  -2.2095503e+00   2.3354491e+00   1.6667541e+00
  -3.5387805e+00   1.6759987e+00   2.6890906e-01
  -2.6304261e+00   1.4796172e+00   1.8363005e+00
  -4.0762766e+00   1.5637396e+00  -3.9380329e-01
  -2.3968090e+00   2.3475645e+00   1.3708299e+00
  -2.8972746e+00   1.4745618e+00   1.4133031e+00
  -3.2684494e+00   4.6271911e-01   1.9088760e+00
  -2.3312857e+00   2.0005061e+00   1.7914494e+00
  -1.5246018e+00   2.7300970e+00   2.3759304e+00
  -3.0792296e+00   4.6638300e-01   2.2379249e+00
  -1.7545674e+00   3.0881943e+00   1.7061106e+00
  -4.0217586e+00  -1.8408934e-01   1.3971727e+00
