  -9.5328638e-01   4.5167270e+00   1.8107364e+00
  -4.1177522e+00   5.2522957e-01   4.6434454e-01
  -2.1160783e+00   4.8620684e+00   8.2766006e-02
  -6.8450487e+00   5.1568541e-01  -3.2038506e+00
  -7.3919328e-01   3.5368040e+00   2.8846550e+00
  -2.1410908e+00   1.1456736e+00   3.0844286e+00
  -1.4955600e+00   3.0596981e+00   2.1220038e+00
  -3.7260969e+00  -4.6416983e-01   2.2949433e+00
  -1.7000931e+00   3.5324676e+00   1.4410469e+00
  -3.0855126e+00   4.3890343e-01   2.2615312e+00
  -1.8221034e+00   3.2590673e+00   1.4713128e+00
  -2.4823721e+00   1.6156055e+00   1.9360200e+00
  -1.6937700e+00   2.8990885e+00   1.9574441e+00
  -3.8307588e+00   2.1042027e-01   1.2533896e+00
  -2.2952355e+00   1.8712633e+00   1.9775358e+00
  -1.8105142e+00   2.5555070e+00   2.0859748e+00
  -2.2207127e+00   2.3011211e+00   1.6808693e+00
  -3.1877730e+00   1.2434431e+00   1.1865990e+00
  -2.4155920e+00   3.0043925e+00   8.1687704e-01
  -3.9411654e+00  -6.3084493e-01   2.1256743e+00
  -2.6887038e+00   1.3041919e+00   1.9277874e+00
  -2.8579904e+00   1.4463263e+00   1.5037195e+00
  -2.2836829e+00   2.6251606e+00   1.3031399e+00
  -3.4811434e+00   3.7692467e-01   1.6460827e+00
  -3.7165845e+00   1.4050299e+00   2.4354690e-01
  -2.8834929e+00   1.3647040e+00   1.5459494e+00
  -2.7602670e+00   1.2248842e+00   1.8952894e+00
  -2.3745351e+00   1.6360290e+00   2.0921726e+00
  -2.7531803e+00   1.5486671e+00   1.5675529e+00
  -3.0247483e+00   9.7074764e-01   1.7350346e+00
  -3.5043599e+00   5.7132282e-01   1.3851316e+00
  -1.7346624e+00   3.1209481e+00   1.7090006e+00
  -2.7716503e+00   1.3504623e+00   1.7415865e+00
  -3.2999927e+00   1.0504865e+00   1.2043709e+00
  -4.2721837e+00   7.5922233e-01   1.1512018e-02
  -3.5436417e+00   2.3973579e+00  -2.9240954e-01
  -5.4405335e+00   1.8538934e+00  -2.3628539e+00
  -6.1970040e+00   1.3887237e+00  -2.9937413e+00
  -3.7662547e+00   5.7656609e-01   9.5739621e-01
  -3.0846274e+00   2.0985847e+00   5.7062409e-01
  -3.7139705e+00   9.2627673e-01   6.8574601e-01
  -2.7608160e+00   2.4553810e+00   7.4748263e-01
  -4.1309274e+00   8.5906345e-01   1.2656953e-01
  -3.2742892e+00   1.6618430e+00   6.6484115e-01
  -4.6404209e+00   2.4218697e-01  -4.3258061e-02
  -2.5440448e+00   3.6584172e+00   2.0181150e-01
  -3.3919059e+00   1.2288043e+00   8.8547375e-01
  -3.0041420e+00   1.7176735e+00   1.0175162e+00
  -1.6728373e+00   2.9459184e+00   1.9488382e+00
  -3.4264661e+00   8.2723580e-01   1.2346776e+00
  -1.6380644e+00   3.1624089e+00   1.8190906e+00
  -2.1779430e+00   1.7629859e+00   2.2840409e+00
  -2.1856403e+00   2.6739800e+00   1.4076719e+00
  -2.4967528e+00   1.7181543e+00   1.8071798e+00
  -2.2182181e+00   2.1909695e+00   1.7872306e+00
  -2.8310964e+00   1.8624555e+00   1.1473283e+00
  -2.5711472e+00   1.3174422e+00   2.1102977e+00
  -1.6420769e+00   3.3063920e+00   1.6972897e+00
  -2.3556189e+00   2.1339939e+00   1.6263285e+00
  -2.7829639e+00   1.5075824e+00   1.5614248e+00
  -4.0088581e+00   2.3428516e+00  -8.6947927e-01
  -2.9471219e+00   1.7952955e+00   1.0330272e+00
  -3.3719770e+00   1.3909329e+00   7.6337500e-01
  -3.2955245e+00   1.0745173e+00   1.1869726e+00
  -3.4632140e+00   1.5931970e+00   4.4818137e-01
  -3.3189548e+00   8.8318435e-01   1.3482634e+00
  -3.5832251e+00   4.2012290e-01   1.4246869e+00
  -1.3023552e+00   3.4532987e+00   2.0845665e+00
  -3.7879242e+00   1.4315284e+00   1.1835562e-01
  -3.7661287e+00   1.0197718e+00   5.1773575e-01
  -2.5159322e+00   1.9165913e+00   1.5816581e+00
  -3.4608816e+00   1.7137682e+00   3.4895475e-01
  -2.9598110e+00   1.4257446e+00   1.3632564e+00
  -4.4251768e+00   8.1077497e-01  -2.5541867e-01
  -3.4677513e+00   7.8554499e-01   1.2125521e+00
  -2.3177003e+00   2.6789077e+00   1.2089644e+00
  -2.6226499e+00   1.4254763e+00   1.9064033e+00
  -3.6493438e+00   1.1772828e+00   5.4555380e-01
  -2.3325852e+00   2.1227087e+00   1.6727094e+00
  -3.0115639e+00   1.4151975e+00   1.2924848e+00
  -2.9143494e+00   1.1798544e+00   1.6895711e+00
  -2.1523344e+00   2.3290402e+00   1.7611609e+00
  -2.4449871e+00   1.8007204e+00   1.8072303e+00
  -3.0221157e+00   1.3793192e+00   1.3113750e+00
  -3.2439667e+00   5.6481810e-01   1.8291723e+00
  -2.1116866e+00   2.0758840e+00   2.0685915e+00
  -1.3847593e+00   2.3208019e+00   3.0294901e+00
  -3.1060059e+00   4.7945024e-01   2.1736649e+00
  -1.5392554e+00   2.7651110e+00   2.3195459e+00
  -3.9733019e+00  -1.3866012e-01   1.4246265e+00
