  -9.6965134e+00   1.0042310e+00  -6.7731069e+00
  -1.0523599e+01  -3.1966555e-01  -6.9150301e+00
  -8.7135641e+00   1.9765729e+00  -6.1928121e+00
  -9.7144850e+00  -1.7185312e+00  -5.0102980e+00
  -8.4830436e+00   1.7421233e+00  -5.8237686e+00
  -8.9775682e+00   2.9818819e-01  -5.5677634e+00
  -1.0666909e+01   6.4859105e-01  -7.6355417e+00
  -1.0134823e+01   1.1147412e+00  -7.3076564e+00
  -6.9391273e+00   4.3828446e+00  -5.2565936e+00
  -1.0408463e+01  -2.5948554e+00  -5.1243298e+00
  -8.3342017e+00   1.6276450e+00  -5.6000805e+00
  -9.6649388e+00  -1.1970584e+00  -5.3483383e+00
  -8.0855106e+00   1.9790693e+00  -5.5025169e+00
  -9.8690490e+00  -8.4262533e-01  -5.8364732e+00
  -9.0127718e+00   9.1090574e-01  -5.9679477e+00
  -9.5929894e+00  -3.9798068e-01  -5.8221685e+00
  -8.6698054e+00   1.6883023e+00  -6.0025795e+00
  -1.0245563e+01  -4.3892783e-01  -6.5306550e+00
  -1.0309940e+01  -4.3898690e-02  -6.8486388e+00
  -9.1501397e+00   7.6490527e-01  -6.0383564e+00
  -8.9047901e+00   7.4659801e-01  -5.7536703e+00
  -9.9239818e+00  -6.1761696e-01  -6.0519478e+00
  -9.5196559e+00  -1.4802405e-01  -5.9013588e+00
  -9.4317039e+00   4.6441611e-01  -6.1781351e+00
  -7.9189801e+00   3.0741419e+00  -5.8192049e+00
  -1.1424031e+01  -2.4104073e+00  -6.4610105e+00
  -7.5694630e+00   2.8354229e+00  -5.3346401e+00
  -1.1047981e+01  -2.6995725e+00  -5.7946291e+00
  -1.0724604e+01  -1.1664025e+00  -6.5825048e+00
  -8.6671982e+00   1.7916563e+00  -6.0515225e+00
  -1.0648157e+01  -6.1521856e-02  -7.2099590e+00
  -1.0378002e+01   8.7321463e-01  -7.4439654e+00
  -1.1744043e+01  -1.8292662e+00  -7.2563532e+00
  -8.8837848e+00   2.3155676e+00  -6.5360712e+00
  -9.7869502e+00   2.9454162e+00  -7.7664052e+00
  -1.2999713e+01  -2.5082435e+00  -8.1504272e+00
  -9.5519491e+00   3.3667940e+00  -7.6790101e+00
  -1.3540310e+01  -2.5588520e+00  -8.7037408e+00
  -7.2533518e+00   8.5181492e+00  -6.5652391e+00
  -1.4178312e+01  -5.2310503e+00  -7.2163497e+00
  -7.6970804e+00   4.6301742e+00  -6.1501312e+00
  -1.3357353e+01  -4.4015804e+00  -7.0202277e+00
  -9.0936557e+00   2.6204530e+00  -6.8958732e+00
  -1.3123995e+01  -2.8207865e+00  -8.0530461e+00
  -9.0369577e+00   3.0596324e+00  -7.0158075e+00
  -1.3469129e+01  -2.4943865e+00  -8.6733302e+00
  -1.1016431e+01   1.7731003e+00  -8.5681141e+00
  -1.1670643e+01  -1.0023180e+00  -7.7410441e+00
  -9.5006231e+00   2.1126245e+00  -7.1090473e+00
  -1.0797774e+01  -1.2624833e+00  -6.5981006e+00
  -8.2466120e+00   4.6613020e+00  -6.7412650e+00
  -1.1427403e+01  -2.6343999e+00  -6.2881478e+00
  -8.6138046e+00   2.1276354e+00  -6.1558181e+00
  -1.0759961e+01  -2.1557861e+00  -5.8949035e+00
  -9.7484568e+00   1.4895931e+00  -7.0798960e+00
  -1.0870073e+01  -6.9646725e-01  -7.0588863e+00
  -9.7952878e+00   2.3160257e+00  -7.5147555e+00
  -1.1514596e+01  -7.4313187e-01  -7.7371145e+00
  -9.5933723e+00   1.5345355e+00  -6.9343303e+00
  -1.0099106e+01   2.8187077e-01  -6.8102192e+00
  -1.0850682e+01   7.9405132e-02  -7.5143728e+00
  -1.0106521e+01   5.9928125e-01  -6.9997430e+00
  -9.9983272e+00  -6.0622364e-01  -6.1436597e+00
  -9.1000359e+00   8.5910613e-01  -6.0359419e+00
  -1.2029548e+01  -2.2636814e+00  -7.2571734e+00
  -9.0350069e+00   2.9883829e+00  -6.9852992e+00
  -1.2338783e+01  -1.6703017e+00  -8.0242488e+00
  -9.8381345e+00   2.3291890e+00  -7.5661100e+00
  -1.1746856e+01  -1.7564819e+00  -7.3114682e+00
  -9.0118328e+00   3.3189194e+00  -7.0897229e+00
  -7.2693874e+00   5.5055151e+00  -5.9567531e+00
  -1.1601920e+01  -3.2727573e+00  -5.9638782e+00
  -8.4572791e+00   4.6831432e+00  -6.9696841e+00
  -1.2091707e+01  -3.1082825e+00  -6.6681832e+00
  -1.0281811e+01   3.4500413e+00  -8.4746738e+00
  -1.2207394e+01  -1.0869110e+00  -8.2705199e+00
  -9.1982451e+00   3.2152783e+00  -7.2480246e+00
  -1.2075629e+01  -2.8530168e+00  -6.8554263e+00
  -8.3605620e+00   1.7817388e+00  -5.7083452e+00
  -9.5825943e+00  -2.4642313e-01  -5.9093256e+00
  -7.8147498e+00   2.1903609e+00  -5.3059737e+00
  -9.6119501e+00  -1.4420721e+00  -5.1028927e+00
  -9.6700109e+00   9.6296738e-02  -6.2232581e+00
  -9.0396031e+00   9.6246728e-01  -6.0265839e+00
  -1.0587942e+01   1.5957277e+00  -8.0316711e+00
  -1.0989561e+01  -2.4657718e-01  -7.4718710e+00
  -9.9114226e+00   8.4869681e-01  -6.9239941e+00
  -1.0175035e+01   2.7984989e-01  -6.8925544e+00
  -8.1795129e+00   2.0036538e+00  -5.6188082e+00
  -8.9798956e+00  -3.9644524e-01  -5.1190737e+00
