  -5.5888036e+00   5.2447717e+00  -4.0789447e+00
  -1.1973439e+01  -3.9149631e+00  -5.8402097e+00
  -8.0729940e+00   1.5426461e+00  -5.2634198e+00
  -9.4466963e+00  -4.2823094e-01  -5.6353061e+00
  -6.3287444e+00   7.2756816e+00  -5.3896701e+00
  -8.6905942e+00   2.2937368e+00  -6.3166605e+00
  -8.1775286e+00   4.7858284e+00  -6.7065419e+00
  -7.6133166e+00   4.0345002e+00  -5.8598836e+00
  -6.2265763e+00   4.6907083e+00  -4.5902658e+00
  -1.0049176e+01  -2.1363469e+00  -5.0746247e+00
  -8.3048080e+00   6.1664712e+00  -7.2065390e+00
  -1.0948302e+01  -1.3651557e+00  -6.6955419e+00
  -8.3667944e+00   8.5715051e-02  -4.7299274e+00
  -1.0386976e+01   3.9005954e-01  -7.1880971e+00
  -7.3656628e+00   2.4412607e+00  -4.9271022e+00
  -8.2491085e+00   1.4767484e+00  -5.4255832e+00
  -7.3855230e+00   9.7656927e-01  -4.1516549e+00
  -1.0486553e+01   5.2788856e-01  -7.3739807e+00
  -6.7858807e+00   3.6563787e+00  -4.8187274e+00
  -9.6981567e+00  -4.0571224e-01  -5.9364554e+00
  -7.0306286e+00   6.4320642e+00  -5.9405510e+00
  -1.2021710e+01  -4.1905652e+00  -5.6472029e+00
  -6.5246518e+00   5.5579004e+00  -5.1814396e+00
  -1.0001576e+01  -2.8130792e+00  -4.4400528e+00
  -6.9105596e+00   3.7410605e+00  -4.9889794e+00
  -9.6993456e+00  -2.1124835e+00  -4.6737951e+00
  -9.3495298e+00   4.7761514e+00  -7.9300784e+00
  -1.0016295e+01  -2.5919837e+00  -4.6525181e+00
  -8.2029263e+00   1.0515494e+00  -5.1377530e+00
  -8.8653543e+00  -9.3781425e-02  -5.1896471e+00
  -8.3741783e+00   2.0416664e+00  -5.8520889e+00
  -8.2416336e+00   6.9753455e-01  -4.9729282e+00
  -8.2207860e+00   2.4975891e-01  -4.6673546e+00
  -7.1829952e+00   1.9812558e+00  -4.4901090e+00
  -6.8880655e+00   6.3107768e+00  -5.7624065e+00
  -1.2590083e+01  -4.0719350e+00  -6.4247316e+00
  -6.6278868e+00   7.0061313e+00  -5.6465163e+00
  -1.4297060e+01  -5.0370943e+00  -7.5273779e+00
  -5.5871056e+00   6.7717021e+00  -4.4982748e+00
  -1.0656589e+01  -3.5595144e+00  -4.5689613e+00
  -7.5783120e+00   8.4007799e+00  -6.8810622e+00
  -1.2339358e+01  -3.1169116e+00  -6.9435482e+00
  -8.8043672e+00   2.0893619e+00  -6.3455564e+00
  -1.0110237e+01  -8.4811222e-01  -6.1073411e+00
  -7.8280302e+00   2.8941970e+00  -5.6438036e+00
  -8.6781078e+00  -8.2618145e-01  -4.4572349e+00
  -6.9954868e+00   2.8808142e+00  -4.7194426e+00
  -9.1388462e+00  -1.2876374e+00  -4.6591735e+00
  -6.8366322e+00   5.7580396e+00  -5.5679538e+00
  -8.4371058e+00   8.3456828e-02  -4.8103553e+00
  -6.7722485e+00   3.7246137e+00  -4.8309143e+00
  -9.1026768e+00  -9.9583407e-01  -4.8364073e+00
  -8.1836333e+00   6.0409557e+00  -7.0512309e+00
  -9.5540047e+00  -7.6378073e-01  -5.5296285e+00
  -8.7303561e+00   1.4619680e-01  -5.1901156e+00
  -8.9281975e+00  -5.2146204e-03  -5.3197320e+00
  -8.8592871e+00   1.9313461e+00  -6.3301797e+00
  -9.3714593e+00  -3.7320379e-01  -5.5859468e+00
  -7.5142569e+00   1.1863180e+00  -4.4275058e+00
  -8.0906907e+00   7.8847823e-01  -4.8547259e+00
  -8.7153883e+00   2.3986374e+00  -6.3911270e+00
  -8.7049252e+00   1.7994901e+00  -6.0968468e+00
  -1.1157488e+01   2.0771856e+00  -8.8514901e+00
  -8.2098489e+00   2.9757831e+00  -6.0936069e+00
  -1.0586609e+01  -2.3988381e+00  -5.4983975e+00
  -8.1337034e+00   3.3887184e+00  -6.1781237e+00
  -9.5971382e+00  -2.8945108e-01  -5.8979217e+00
  -8.0099507e+00   2.7555917e+00  -5.7821832e+00
  -1.0379850e+01  -2.6276812e+00  -5.0622299e+00
  -7.7148438e+00   4.1958424e+00  -6.0251821e+00
  -8.9508216e+00   6.2488570e+00  -7.8932372e+00
  -1.1929573e+01  -3.0322873e+00  -6.5443423e+00
  -8.3968151e+00   1.0583651e+00  -5.3609819e+00
  -9.7247125e+00  -1.0107327e+00  -5.5525664e+00
  -8.1697156e+00   2.8837630e+00  -6.0113517e+00
  -8.3937664e+00   4.2656032e-01  -4.9806592e+00
  -7.4928973e+00   1.1701300e+00  -4.3932603e+00
  -7.9953828e+00   1.8057345e-01  -4.3573837e+00
  -6.9675098e+00   2.4477531e+00  -4.4831871e+00
  -9.2461853e+00  -1.3636555e+00  -4.7288658e+00
  -4.7171764e+00   5.4723176e+00  -3.1957209e+00
  -1.0289709e+01  -3.2792841e+00  -4.3734010e+00
  -7.8154820e+00   1.2237947e-01  -4.1047338e+00
  -7.7748750e+00   2.6099602e-02  -3.9896748e+00
  -6.4775633e+00   3.6922776e+00  -4.4931855e+00
  -8.7829882e+00  -1.2516156e-01  -5.0737251e+00
  -7.9705571e+00   3.8557313e-01  -4.4632865e+00
  -8.1610405e+00   1.4033627e-01  -4.5254312e+00
  -6.6730095e+00   1.7816217e+00  -3.7939341e+00
  -8.1553969e+00  -6.4516550e-01  -3.9623817e+00
