  -1.5894035e+00   3.1751988e+00   1.8814571e+00
  -4.2140600e+00  -6.6859253e-01   1.6772932e+00
  -1.7065035e+00   4.0423990e+00   1.0807365e+00
  -3.3305079e+00   1.1015058e+00   1.1048615e+00
  -1.3893774e+00   2.0703846e+00   3.3109768e+00
  -1.8209754e+00   1.6616367e+00   3.0218475e+00
  -2.0287492e+00   2.2052249e+00   2.0741301e+00
  -2.4822464e+00   1.5417128e+00   2.0142864e+00
  -2.2796917e+00   2.2487477e+00   1.6377709e+00
  -3.0777857e+00   6.2446784e-01   2.0450869e+00
  -1.8029810e+00   3.4988433e+00   1.3192020e+00
  -2.3767677e+00   2.0359233e+00   1.6857160e+00
  -2.1875246e+00   1.6487476e+00   2.3927728e+00
  -2.5674573e+00   1.1985654e+00   2.2515722e+00
  -2.4851986e+00   1.2323769e+00   2.3547194e+00
  -2.5316152e+00   1.6348422e+00   1.8358542e+00
  -2.6913329e+00   1.1283075e+00   2.1197082e+00
  -1.3915701e+00   2.7490666e+00   2.5724065e+00
  -2.3231762e+00   1.9904823e+00   1.8140705e+00
  -3.1222220e+00   7.0843099e-01   1.8688518e+00
  -2.5817610e+00   1.1718170e+00   2.2578683e+00
  -2.7768703e+00   1.3234921e+00   1.7615838e+00
  -2.5181407e+00   1.5445868e+00   1.9519853e+00
  -3.0994661e+00   2.8165936e+00   1.1780767e-02
  -3.4267501e+00   1.1123380e+00   9.4469567e-01
  -2.5444715e+00   1.3303160e+00   2.1410658e+00
  -2.6954148e+00   1.4289030e+00   1.7834315e+00
  -2.3763398e+00   1.5065821e+00   2.2296918e+00
  -2.8732592e+00   1.2499644e+00   1.6820589e+00
  -1.9790887e+00   1.9135322e+00   2.4563119e+00
  -3.1978841e+00   1.3523900e+00   1.0643960e+00
  -2.0057836e+00   1.8441998e+00   2.4865391e+00
  -2.8633758e+00   3.4509398e-01   2.7985835e+00
  -2.0846750e+00   2.4940057e+00   1.7157195e+00
  -4.2906481e+00   2.5332432e-01   4.7398927e-01
  -4.2576772e+00   2.4129358e+00  -1.2357046e+00
  -4.9412178e+00   1.5781310e+00  -1.5535901e+00
  -6.8711524e+00   3.0014006e+00  -4.6353020e+00
  -3.5132901e+00   5.3567356e-01   1.4101500e+00
  -3.0715976e+00   2.4740114e+00   2.9554231e-01
  -4.0246461e+00   8.1367664e-01   3.2558598e-01
  -3.5627980e+00   3.0570039e+00  -7.5068179e-01
  -4.3227013e+00   7.3042492e-01  -3.5742039e-02
  -3.2566422e+00   2.6710686e+00  -9.8885978e-02
  -4.7571922e+00   1.3714989e+00  -1.1647787e+00
  -5.4274773e+00   2.1972214e-01  -1.1443028e+00
  -3.6771926e+00   5.0476378e-01   1.1765697e+00
  -2.6926077e+00   2.3017995e+00   9.7101147e-01
  -1.8071258e+00   3.1139625e+00   1.6073775e+00
  -2.3031742e+00   2.5567995e+00   1.3314295e+00
  -1.9886238e+00   2.4231624e+00   1.9293823e+00
  -2.3634437e+00   1.6558124e+00   2.0895082e+00
  -1.8583086e+00   4.0817358e+00   8.5055290e-01
  -2.6185893e+00   1.8256698e+00   1.5082194e+00
  -2.5346389e+00   1.9189586e+00   1.5501966e+00
  -2.0735039e+00   2.6907835e+00   1.5609264e+00
  -2.5440711e+00   1.8694834e+00   1.5827432e+00
  -2.5227746e+00   2.0025838e+00   1.4899158e+00
  -2.6746818e+00   1.7279468e+00   1.5146623e+00
  -1.4883244e+00   2.7391141e+00   2.4255425e+00
  -4.2985932e+00   1.1039127e+00  -3.2862417e-01
  -2.7638974e+00   2.2573429e+00   9.0386960e-01
  -3.7227295e+00   2.6677583e+00  -7.1183307e-01
  -2.2172741e+00   3.1184213e+00   1.0118917e+00
  -4.0797171e+00   3.4681328e-01   7.0472361e-01
  -1.7654595e+00   2.0799076e+00   2.6384249e+00
  -3.3404352e+00   5.2030853e-01   1.7169298e+00
  -1.2127544e+00   3.3828164e+00   2.2789730e+00
  -4.3189691e+00   1.9816448e-01   4.8713155e-01
  -1.8827847e+00   3.1891821e+00   1.4373170e+00
  -2.6442038e+00   2.3166182e+00   1.0295809e+00
  -3.7887903e+00   5.5497022e-01   9.4440951e-01
  -3.0975969e+00   9.2736528e-01   1.6621027e+00
  -2.7321273e+00   1.8265079e+00   1.3314758e+00
  -3.7268490e+00   1.3924777e+00   2.3957272e-01
  -3.2963152e+00   1.0706068e+00   1.1896958e+00
  -2.9260921e+00   9.8200272e-01   1.8875864e+00
  -1.6862146e+00   2.7491885e+00   2.1025755e+00
  -2.2703138e+00   1.7630998e+00   2.1301471e+00
  -2.1135576e+00   1.8229963e+00   2.3274911e+00
  -2.6990516e+00   1.8565364e+00   1.3543158e+00
  -4.4372639e+00  -2.3204560e-02   5.3579748e-01
  -2.4580182e+00   1.2873723e+00   2.3379298e+00
  -1.7437044e+00   2.2905020e+00   2.4529601e+00
  -2.5262711e+00   9.9251595e-01   2.5712196e+00
  -3.0921567e+00   1.3740043e+00   1.2071227e+00
  -2.3533366e+00   3.7937002e-01   3.7782750e+00
  -1.7452984e+00   2.1150257e+00   2.6347138e+00
  -1.7602913e+00   2.0523321e+00   2.6773039e+00
  -1.9761086e+00   1.7939863e+00   2.5930267e+00
