  -7.9688817e+00   6.1036534e-01  -4.6045969e+00
  -7.6601279e+00   2.4508787e+00  -5.2592099e+00
  -8.5574723e+00   1.8474234e+00  -5.9585516e+00
  -8.1016213e+00   6.3201078e-01  -4.7717428e+00
  -5.4820054e+00   6.2444815e+00  -4.2546662e+00
  -8.1296408e+00   1.8421717e+00  -5.4827566e+00
  -6.2531067e+00   5.6535835e+00  -4.9186756e+00
  -8.4159056e+00   5.0049279e+00  -7.0215831e+00
  -7.4268988e+00   4.3046259e+00  -5.7543427e+00
  -6.8234839e+00   3.9741975e+00  -4.9833640e+00
  -8.4021607e+00   3.4961647e+00  -6.5072591e+00
  -7.1098395e+00   7.0573983e+00  -6.1596024e+00
  -6.7638294e+00   5.2894247e+00  -5.3588293e+00
  -7.6519677e+00   2.1252820e+00  -5.0925358e+00
  -8.1769506e+00   1.5175713e-01  -4.5516807e+00
  -6.7788020e+00   5.3727965e+00  -5.3991538e+00
  -5.9708549e+00   5.6974031e+00  -4.6288359e+00
  -6.9049393e+00   4.7917460e+00  -5.3564198e+00
  -8.0110952e+00   2.4312960e+00  -5.6373910e+00
  -7.0204147e+00  -8.6992094e-01  -2.3464706e+00
  -5.6321349e+00   5.2887799e+00  -4.1401353e+00
  -8.0106619e+00   1.0503113e+00  -4.9182032e+00
  -6.5815325e+00   4.3914032e+00  -4.8722453e+00
  -1.1566080e+01  -2.3710439e+00  -6.6534495e+00
  -9.0944324e+00   1.2971125e+00  -6.2682700e+00
  -7.1102814e+00   2.0246767e+00  -4.4301298e+00
  -9.2701149e+00   1.2000941e+00  -6.4102016e+00
  -6.3084975e+00   2.3109552e+00  -3.6597290e+00
  -6.9249224e+00   5.3336084e+00  -5.5432768e+00
  -8.6266187e+00   8.2274504e-01  -5.4849379e+00
  -9.9928358e+00  -1.6216957e+00  -5.4135107e+00
  -7.5615941e+00   3.9756477e+00  -5.7831830e+00
  -6.9304806e+00   5.1288358e+00  -5.4886941e+00
  -5.7179647e+00   3.1234798e+00  -3.3867799e+00
  -6.5065858e+00   6.7527063e+00  -5.4643191e+00
  -9.5468074e+00   1.1648564e+00  -6.6947520e+00
  -7.4267519e+00   5.4266097e+00  -6.1009934e+00
  -1.0953749e+01   4.1251272e-01  -7.8155669e+00
  -9.0714267e+00   4.9009102e+00  -7.6765202e+00
  -8.7573470e+00   1.9418340e+00  -6.2239208e+00
  -8.6470884e+00   2.5048809e+00  -6.3645074e+00
  -8.9293937e+00   1.6819079e+00  -6.2844578e+00
  -6.2461766e+00   6.6662991e+00  -5.1707896e+00
  -7.3999015e+00   1.7232278e-01  -3.6400002e+00
  -8.7845588e+00  -8.7494940e-01  -4.5481471e+00
  -6.8595651e+00   2.3280787e+00  -4.3011564e+00
  -5.9800582e+00   8.0837920e+00  -5.1787019e+00
  -8.4373614e+00  -2.9890091e-01  -4.5512270e+00
  -6.4959280e+00   7.9931115e+00  -5.6987672e+00
  -8.6684927e+00   6.1877889e+00  -7.5879908e+00
  -7.5177248e+00   7.7402984e+00  -6.7109636e+00
  -6.7379580e+00   7.6214115e+00  -5.8830991e+00
  -9.4222414e+00   1.8203134e+00  -6.8882796e+00
  -6.8965611e+00   4.4394702e+00  -5.2301997e+00
  -6.6760480e+00   7.4014820e+00  -5.7769647e+00
  -7.2243288e+00   2.7705140e+00  -4.9238593e+00
  -8.8990480e+00  -1.9374133e+00  -3.8367442e+00
  -5.7733900e+00   1.1514817e+01  -5.3954505e+00
  -7.3141368e+00   7.6545728e+00  -6.4857259e+00
  -6.7001740e+00   2.0985367e+00  -3.9994772e+00
  -8.6336126e+00   5.6186202e+00  -7.4148015e+00
  -7.0449256e+00   5.1669848e+00  -5.6220100e+00
  -1.0795457e+01   1.9091055e+00  -8.3961739e+00
  -8.0301378e+00   3.6645543e+00  -6.1721475e+00
  -8.5475970e+00   7.4805187e+00  -7.7240703e+00
  -7.4848766e+00   4.4962006e+00  -5.8807613e+00
  -1.0642097e+01  -2.9356990e+00  -5.1134837e+00
  -8.1264138e+00   5.2266078e+00  -6.7810233e+00
  -8.2711426e+00   6.3057364e+00  -7.2035004e+00
  -6.9634168e+00   4.7285359e+00  -5.3987208e+00
  -9.2622861e+00   2.7229194e+00  -7.1194058e+00
  -6.5848638e+00   4.9981352e+00  -5.0784816e+00
  -6.4769196e+00   7.1151179e+00  -5.5115579e+00
  -6.5508915e+00   2.6106030e+00  -4.0910389e+00
  -9.6981423e+00  -1.6212033e+00  -5.0669630e+00
  -5.0721697e+00   6.4077911e+00  -3.8573822e+00
  -6.3853868e+00   6.4275180e+00  -5.2612713e+00
  -5.3904073e+00   3.6673659e+00  -3.2615694e+00
  -5.6509080e+00   6.8189188e+00  -4.5769997e+00
  -6.8980650e+00   3.3098874e+00  -4.7996645e+00
  -7.8446679e+00  -2.5681187e-01  -3.8724620e+00
  -8.7964908e+00   2.1303469e+00  -6.3562120e+00
  -5.9021002e+00   8.3085974e+00  -5.1362130e+00
  -6.3352273e+00   2.7071786e+00  -3.8926274e+00
  -9.4574469e+00  -1.6157359e+00  -4.7846969e+00
  -6.8733812e+00   5.4807041e+00  -5.5305905e+00
  -6.2612287e+00   9.4805620e+00  -5.6800842e+00
  -6.7077214e+00   4.5335551e+00  -5.0584484e+00
  -5.1119841e+00   7.4691969e+00  -4.1499331e+00
  -7.8143730e+00  -1.0922098e+00  -3.1850820e+00
