  -8.0565663e-01   4.8335559e+00   1.8125695e+00
  -4.2987345e+00  -4.4551574e-01   1.2447260e+00
  -1.8034488e+00   3.6324325e+00   1.2230272e+00
  -4.3932503e+00  -1.2615075e-01   7.1734158e-01
  -8.6958457e-01   3.2052505e+00   2.9833217e+00
  -1.9876356e+00   1.2596578e+00   3.2239190e+00
  -1.5676725e+00   2.8937903e+00   2.1569113e+00
  -3.2030362e+00   8.1308003e-02   2.5193265e+00
  -1.1956179e+00   3.4381816e+00   2.2585838e+00
  -3.7455234e+00  -1.9598926e-01   1.8945611e+00
  -2.0019328e+00   3.3356326e+00   1.1564423e+00
  -3.0586526e+00   1.0413811e+00   1.6019834e+00
  -1.3323373e+00   3.0803132e+00   2.3573057e+00
  -3.4318171e+00   5.9812532e-01   1.4748255e+00
  -1.9233407e+00   2.8685939e+00   1.6359114e+00
  -3.9884419e+00   1.0025655e+00   2.0449197e-01
  -1.6108417e+00   2.7727409e+00   2.1992342e+00
  -3.0071506e+00   1.3707959e+00   1.3433725e+00
  -2.1014454e+00   1.8179489e+00   2.3532743e+00
  -2.5954651e+00   4.4775431e-03   3.8761127e+00
  -2.6879903e+00   9.9199151e-01   2.2847957e+00
  -2.3820558e+00   1.9429436e+00   1.7670111e+00
  -2.5912560e+00   1.5867986e+00   1.7886432e+00
  -2.9722002e+00   9.0751307e-01   1.8942444e+00
  -2.5453280e+00   1.4828217e+00   1.9728306e+00
  -3.0186024e+00   1.0364724e+00   1.6730688e+00
  -2.5540681e+00   1.4874149e+00   1.9534801e+00
  -2.5459165e+00   1.0989332e+00   2.4063381e+00
  -2.2784172e+00   1.8529522e+00   2.0235390e+00
  -1.8832423e+00   2.1847492e+00   2.3310550e+00
  -2.6596142e+00   2.2954505e+00   1.0247092e+00
  -3.4268096e+00   1.0996605e+00   9.5703074e-01
  -2.3421666e+00   1.2175823e+00   2.6244960e+00
  -1.9392303e+00   2.1897918e+00   2.2342812e+00
  -4.2419682e+00   9.9683631e-02   7.1152953e-01
  -4.0239542e+00   2.1230293e+00  -7.3864734e-01
  -5.2496873e+00   1.1135297e+00  -1.6196251e+00
  -6.1072419e+00   2.1205257e+00  -3.3212356e+00
  -2.5869874e+00   1.3824339e+00   2.0120243e+00
  -3.8156502e+00   1.3493091e+00   1.4885222e-01
  -3.6779148e+00   7.8214470e-01   8.8416557e-01
  -3.8434272e+00   1.5180354e+00  -3.2776454e-02
  -3.7232884e+00   1.3574411e+00   2.7516364e-01
  -4.0777486e+00   1.8155624e+00  -5.8837870e-01
  -4.7404499e+00   2.3032294e+00  -1.7751254e+00
  -6.6739887e+00   7.6971945e-01  -3.1688733e+00
  -3.2071259e+00   1.0196592e+00   1.3842626e+00
  -2.7577639e+00   2.2496135e+00   9.1926757e-01
  -1.4312221e+00   3.6037838e+00   1.7755236e+00
  -2.7526611e+00   1.3254796e+00   1.7991575e+00
  -1.2773127e+00   3.4633155e+00   2.1140688e+00
  -3.0806851e+00   8.3352849e-01   1.7953123e+00
  -2.1345310e+00   3.4294990e+00   9.0400014e-01
  -3.2298954e+00   1.0484715e+00   1.3177629e+00
  -1.5365433e+00   3.3126903e+00   1.8483150e+00
  -2.8812002e+00   1.5682097e+00   1.3466187e+00
  -1.8386019e+00   3.2654725e+00   1.4424922e+00
  -4.0191525e+00   1.5722420e+00  -3.2178097e-01
  -1.9627574e+00   2.7087968e+00   1.7126123e+00
  -2.5370810e+00   1.8066775e+00   1.6546857e+00
  -3.4482997e+00   1.7435054e+00   3.4212510e-01
  -3.4232286e+00   1.1823129e+00   8.8220493e-01
  -3.7256778e+00   2.1454956e+00  -3.5660117e-01
  -3.2623341e+00   1.3130095e+00   1.0031563e+00
  -3.3040991e+00   1.7219243e+00   5.6892844e-01
  -2.6429598e+00   1.5275580e+00   1.7659731e+00
  -2.7728410e+00   2.1526697e+00   9.7892921e-01
  -3.2874285e+00   2.0845160e+00   2.9357839e-01
  -3.6322739e+00   1.2421508e+00   5.1142142e-01
  -3.3149606e+00   1.6434060e+00   6.2118735e-01
  -2.4910451e+00   2.8375101e+00   8.3518507e-01
  -4.2487886e+00   3.4741535e-01   4.4241132e-01
  -2.3894365e+00   2.3710549e+00   1.3614599e+00
  -3.5624018e+00   1.2437217e+00   6.1396957e-01
  -3.2369847e+00   2.9523716e+00  -2.6211503e-01
  -4.9780215e+00   4.9344939e-01  -7.5841669e-01
  -2.1446758e+00   2.6262425e+00   1.5091255e+00
  -2.7674474e+00   1.9330951e+00   1.1796675e+00
  -1.8096669e+00   2.4853270e+00   2.1535323e+00
  -3.1032071e+00   1.2082285e+00   1.3553049e+00
  -2.5133624e+00   3.0201606e+00   6.6895782e-01
  -5.2354533e+00  -1.4739458e-01  -5.4007425e-01
  -1.9614896e+00   2.2406964e+00   2.1474649e+00
  -2.9177446e+00   1.8909973e+00   9.9144444e-01
  -2.5961474e+00   1.7789331e+00   1.5885484e+00
  -3.9078662e+00   4.7542522e-01   8.3991505e-01
  -1.4492321e+00   1.7554546e+00   3.5956817e+00
  -2.0867785e+00   1.5782447e+00   2.6471725e+00
  -1.2560248e+00   3.1367463e+00   2.4264108e+00
  -2.7168398e+00   1.4216223e+00   1.7561536e+00
