  -1.6646045e+00   3.1746566e+00   1.7694946e+00
  -3.3502529e+00   7.0515798e-01   1.4903071e+00
  -2.0173947e+00   5.2808451e+00   5.3532553e-03
  -4.4067131e+00   5.1103913e-01   4.5035906e-02
  -1.1734443e+00   2.7580893e+00   2.9238704e+00
  -2.0634836e+00   1.1433741e+00   3.2349027e+00
  -2.0384266e+00   2.6822542e+00   1.6210111e+00
  -2.8747054e+00   1.2868743e+00   1.6407950e+00
  -1.7521633e+00   2.8434660e+00   1.9165158e+00
  -2.8272024e+00   1.0216808e+00   2.0099620e+00
  -1.6537293e+00   3.1180644e+00   1.8321801e+00
  -1.1296004e+00   3.2956377e+00   2.4830834e+00
  -2.0728213e+00   2.5851712e+00   1.6531229e+00
  -2.7968013e+00   1.4814500e+00   1.5657375e+00
  -2.2720686e+00   1.5997344e+00   2.3033387e+00
  -1.6767056e+00   2.9207192e+00   1.9647589e+00
  -2.4171372e+00   2.2001770e+00   1.4708946e+00
  -1.8159115e+00   2.7611808e+00   1.8909652e+00
  -1.6442512e+00   3.1071399e+00   1.8554781e+00
  -3.1593160e+00  -2.8454725e-01   3.1457848e+00
  -2.3445321e+00   1.4128814e+00   2.3895757e+00
  -3.1138402e+00   8.9271162e-01   1.6734815e+00
  -2.5018755e+00   2.1845049e+00   1.3560573e+00
  -2.7617160e+00   2.6749060e+00   5.7680152e-01
  -2.9652039e+00   1.5339485e+00   1.2491100e+00
  -2.6328925e+00   1.6973622e+00   1.6105300e+00
  -2.4020121e+00   1.0542991e+00   2.7189103e+00
  -1.0730745e+00   2.7775103e+00   3.0733665e+00
  -2.4742977e+00   1.9002398e+00   1.6627139e+00
  -2.4582392e+00   1.8086149e+00   1.7781355e+00
  -2.8795748e+00   1.0119789e+00   1.9322000e+00
  -1.4023499e+00   3.3865730e+00   1.9888095e+00
  -2.6687623e+00   1.7057038e+00   1.5456539e+00
  -2.6456645e+00   1.9322906e+00   1.3659461e+00
  -4.1244960e+00   5.6838255e-01   4.1152030e-01
  -4.4445009e+00   2.0840472e+00  -1.2599298e+00
  -4.8192207e+00   1.8182885e+00  -1.5617940e+00
  -6.3088816e+00   2.0272192e+00  -3.5060520e+00
  -3.7060548e+00   9.3591038e-01   6.8846050e-01
  -3.3462201e+00   2.1774419e+00   1.3894405e-01
  -3.3000566e+00   9.8923100e-01   1.2672689e+00
  -1.7318852e+00   3.8190105e+00   1.1937940e+00
  -4.1905924e+00   6.6342387e-01   2.2074663e-01
  -3.1148175e+00   2.3862725e+00   3.0156999e-01
  -4.4391736e+00   3.5309762e-01   1.4858644e-01
  -2.4210457e+00   3.0145890e+00   8.0173792e-01
  -3.5018488e+00   1.3129563e+00   6.4068103e-01
  -2.6423814e+00   1.9575286e+00   1.3476908e+00
  -1.7433916e+00   3.0307194e+00   1.7701893e+00
  -2.4928037e+00   2.2733888e+00   1.2913141e+00
  -1.9113735e+00   2.5181644e+00   1.9622456e+00
  -2.1156510e+00   2.1534792e+00   1.9855850e+00
  -2.0141004e+00   2.9717251e+00   1.4171650e+00
  -1.2328697e+00   3.3699856e+00   2.2590302e+00
  -2.4781665e+00   2.0244222e+00   1.5385514e+00
  -2.1382287e+00   2.6364066e+00   1.5101272e+00
  -2.5427210e+00   1.3175603e+00   2.1583282e+00
  -1.2381335e+00   3.8538789e+00   1.8683641e+00
  -2.5648489e+00   2.1211021e+00   1.3173062e+00
  -1.6925803e+00   2.7212375e+00   2.1181204e+00
  -4.3840911e+00   1.2277574e+00  -5.4976896e-01
  -2.7785564e+00   2.5514664e+00   6.4709361e-01
  -3.7021808e+00   1.1336848e+00   5.0710776e-01
  -1.6448785e+00   3.4491875e+00   1.5826714e+00
  -4.3098004e+00   8.7368816e-01  -1.4583203e-01
  -2.3895782e+00   2.4578088e+00   1.2867349e+00
  -3.8313099e+00   1.5847114e-01   1.3120579e+00
  -8.9944080e-01   4.2698373e+00   2.0555957e+00
  -4.2718415e+00   8.9617186e-01  -1.1122439e-01
  -2.1347671e+00   3.1770748e+00   1.0851677e+00
  -2.2743822e+00   2.1690380e+00   1.7200063e+00
  -1.9713303e+00   2.9653999e+00   1.4850613e+00
  -3.0542645e+00   1.7293052e+00   9.3164083e-01
  -3.1903361e+00   1.8458846e+00   6.2859766e-01
  -3.2578732e+00   1.2733755e+00   1.0482998e+00
  -1.9877122e+00   3.3018869e+00   1.2013794e+00
  -2.7128295e+00   2.0212775e+00   1.1829623e+00
  -2.3354710e+00   2.5494694e+00   1.2896937e+00
  -2.3478899e+00   2.0986979e+00   1.6714214e+00
  -2.5039833e+00   2.0790859e+00   1.4481496e+00
  -2.5759099e+00   1.4429450e+00   1.9649532e+00
  -2.0862236e+00   2.6991261e+00   1.5347714e+00
  -2.5230694e+00   2.1604959e+00   1.3453768e+00
  -2.3043785e+00   2.4402348e+00   1.4292607e+00
  -3.2701159e+00   3.0406165e-01   2.1021067e+00
  -1.6696124e+00   2.8687558e+00   2.0211859e+00
  -2.0410312e+00   2.1635367e+00   2.0954672e+00
  -2.0360473e+00   1.6291876e+00   2.6769229e+00
  -2.0614926e+00   2.5556664e+00   1.6963507e+00
  -2.7564994e+00   1.2255859e+00   1.9007959e+00
