  -8.8707605e+00   3.7531991e-01  -5.4940358e+00
  -9.1844508e+00  -3.7019429e-01  -5.3733405e+00
  -1.0087008e+01  -8.5703444e-01  -6.0748729e+00
  -9.1184115e+00   9.0961906e-01  -6.0846782e+00
  -9.3281570e+00   7.4894157e-01  -6.2271112e+00
  -9.9757880e+00  -7.7815980e-01  -6.0023876e+00
  -1.0007197e+01   3.2253031e+00  -8.1053975e+00
  -1.2823611e+01  -2.3940640e+00  -8.0409920e+00
  -9.3644179e+00  -2.8679509e-01  -5.6350678e+00
  -9.0838656e+00   3.1524169e-01  -5.6985497e+00
  -9.7985162e+00  -1.6071580e+00  -5.1964258e+00
  -8.0819104e+00   1.4505729e+00  -5.2238441e+00
  -9.0807521e+00   2.2067884e-01  -5.6367781e+00
  -9.1749485e+00  -1.5139206e-03  -5.6039576e+00
  -9.5295114e+00  -2.1015299e+00  -4.4764445e+00
  -7.1317430e+00   2.1670009e+00  -4.5281944e+00
  -9.2193924e+00  -6.8597999e-01  -5.1966924e+00
  -8.2869675e+00   9.8170260e-01  -5.1928485e+00
  -1.0435173e+01  -9.7854642e-01  -6.3857270e+00
  -9.2535427e+00   1.2992149e+00  -6.4441621e+00
  -9.1412022e+00  -9.5715318e-02  -5.5049413e+00
  -9.0986958e+00  -7.0789554e-02  -5.4725095e+00
  -1.0213620e+01   3.1439692e+00  -8.2915753e+00
  -1.2296935e+01  -1.5930081e+00  -8.0315324e+00
  -1.0344679e+01  -1.2880423e+00  -6.0665250e+00
  -8.8297012e+00   1.4458385e+00  -6.0544171e+00
  -8.8760818e+00  -1.1619373e+00  -4.4406572e+00
  -7.4209463e+00   1.3652849e+00  -4.4238328e+00
  -1.0257199e+01  -1.2600952e+00  -5.9865399e+00
  -8.7912847e+00   1.2676725e+00  -5.9176580e+00
  -1.0321063e+01  -2.7022566e+00  -4.9276679e+00
  -7.2709094e+00   2.5702136e+00  -4.8826998e+00
  -1.0467086e+01  -2.5613109e+00  -5.2226032e+00
  -7.5152101e+00   2.6973193e+00  -5.2128548e+00
  -9.5697007e+00   1.9887810e+00  -7.1264718e+00
  -1.1953490e+01  -2.1060668e+00  -7.2888601e+00
  -1.0094006e+01   4.9274153e+00  -8.7442888e+00
  -1.4305542e+01  -4.5243352e+00  -7.9861916e+00
  -1.0256289e+01   2.1480274e-01  -6.9438111e+00
  -1.0230310e+01   1.6508807e-01  -6.8859859e+00
  -8.8532710e+00   1.9393274e+00  -6.3274582e+00
  -1.0840926e+01  -1.6741833e+00  -6.3525001e+00
  -9.9911567e+00  -2.2853315e-01  -6.3803180e+00
  -9.8034140e+00  -1.5324344e-02  -6.3036734e+00
  -9.3650753e+00  -2.8176843e-01  -5.6391223e+00
  -8.9023736e+00   6.0241392e-01  -5.6665908e+00
  -9.3925417e+00   6.7667935e-01  -6.2574641e+00
  -9.9370966e+00  -2.1330686e-01  -6.3294556e+00
  -1.0372695e+01   5.6401967e+00  -9.2146504e+00
  -1.5221989e+01  -2.5135515e+00  -1.0536303e+01
  -9.8914345e+00  -5.5644266e-01  -6.0558423e+00
  -9.2373607e+00   6.8619391e-01  -6.0904667e+00
  -9.7911481e+00  -9.8866016e-01  -5.6448924e+00
  -8.6604247e+00   1.0112838e+00  -5.6307653e+00
  -9.6061961e+00   2.4228669e-01  -6.2406090e+00
  -9.8815722e+00  -3.0904535e-01  -6.2062240e+00
  -9.9468324e+00  -1.8958003e+00  -5.1461389e+00
  -7.7651422e+00   1.9809634e+00  -5.1466178e+00
  -9.6175155e+00  -8.8965821e-01  -5.5146548e+00
  -8.4766446e+00   1.1300095e+00  -5.4911368e+00
  -1.1467132e+01  -2.7611004e+00  -6.2320756e+00
  -8.3376279e+00   2.9926140e+00  -6.2387196e+00
  -1.1072304e+01  -3.1056490e+00  -5.4815813e+00
  -7.7014608e+00   3.1424287e+00  -5.6109638e+00
  -1.1729497e+01  -2.3649856e+00  -6.8433852e+00
  -8.9434532e+00   2.6391164e+00  -6.7425993e+00
  -1.1207291e+01  -3.7804154e+00  -5.0414544e+00
  -6.8749616e+00   3.9477016e+00  -5.0295091e+00
  -1.0913709e+01  -3.1737331e+00  -5.2326924e+00
  -7.2315983e+00   3.3541402e+00  -5.1851878e+00
  -9.5432449e+00   4.3872578e-02  -6.0488549e+00
  -9.5917937e+00  -4.5805002e-02  -6.0474509e+00
  -9.0602425e+00   1.6942945e+00  -6.4336948e+00
  -1.0814992e+01  -1.5604068e+00  -6.4058965e+00
  -1.0317303e+01  -1.8268372e+00  -5.6353070e+00
  -8.2625633e+00   1.8524019e+00  -5.6354537e+00
  -9.5953373e+00  -5.8804061e-01  -5.6977701e+00
  -8.8374258e+00   7.7787200e-01  -5.6961679e+00
  -9.4266376e+00  -1.7544481e-01  -5.7783876e+00
  -9.0399164e+00   4.2875563e-01  -5.7178723e+00
  -8.8658681e+00  -1.2896184e+00  -4.3290101e+00
  -7.5331332e+00   9.8637582e-01  -4.3299269e+00
  -8.8290285e+00  -1.1110381e+00  -4.4231478e+00
  -7.3942206e+00   1.3248491e+00  -4.3696682e+00
  -9.0373702e+00  -5.0897035e-01  -5.1084355e+00
  -8.0112769e+00   1.2639313e+00  -5.0410098e+00
  -1.0064274e+01  -1.6831080e+00  -5.4501757e+00
  -8.3279131e+00   1.5387033e+00  -5.5465217e+00
  -8.6911617e+00  -2.5862791e-01  -4.8770729e+00
  -8.5167495e+00   6.5443849e-02  -4.8910688e+00
