  -1.8175309e+00   2.5481086e+00   2.0818212e+00
  -3.8054958e+00  -2.7832958e-01   1.8946552e+00
  -1.6101444e+00   4.2360220e+00   1.0884739e+00
  -3.4727611e+00   1.0019970e+00   9.8246480e-01
  -1.4797398e+00   1.7264622e+00   3.5754154e+00
  -1.4322811e+00   2.0507901e+00   3.2565457e+00
  -2.2021892e+00   1.3516064e+00   2.7119944e+00
  -1.7825265e+00   1.9113200e+00   2.7962730e+00
  -2.0803637e+00   2.1655538e+00   2.0302447e+00
  -2.8467061e+00   9.7327774e-01   2.0322743e+00
  -1.6014082e+00   3.6876553e+00   1.4686876e+00
  -2.7808335e+00   1.5694369e+00   1.5030035e+00
  -2.0567065e+00   1.6695598e+00   2.5943835e+00
  -2.4527360e+00   1.2796785e+00   2.3559985e+00
  -2.3459848e+00   1.3483907e+00   2.4616986e+00
  -2.2833687e+00   2.0156862e+00   1.8527451e+00
  -2.4719390e+00   1.2097526e+00   2.4044104e+00
  -1.2590016e+00   3.0097231e+00   2.5378898e+00
  -1.9026639e+00   2.3255100e+00   2.1589291e+00
  -2.9091048e+00   4.5759751e-01   2.5593610e+00
  -2.4478817e+00   1.0465340e+00   2.6453764e+00
  -2.5906559e+00   1.5451545e+00   1.8326836e+00
  -2.5121268e+00   1.2162300e+00   2.3267871e+00
  -1.2429968e+00   2.5585129e+00   3.0150548e+00
  -3.1452929e+00   1.0840694e+00   1.4162071e+00
  -2.5849120e+00   1.3494237e+00   2.0516699e+00
  -2.2655180e+00   1.8303784e+00   2.0678403e+00
  -2.1579332e+00   1.2930796e+00   2.8639941e+00
  -2.5708838e+00   1.2571376e+00   2.1785968e+00
  -1.8842613e+00   1.9754725e+00   2.5498071e+00
  -3.0019586e+00   1.2500966e+00   1.4739036e+00
  -1.6375035e+00   2.0790017e+00   2.8595599e+00
  -2.7172914e+00   4.0968623e-01   2.9896696e+00
  -1.9852694e+00   2.6646898e+00   1.7167618e+00
  -4.1946765e+00   3.0463086e-01   5.6950597e-01
  -3.6427751e+00   2.5362674e+00  -5.2020274e-01
  -4.7147916e+00   1.5499490e+00  -1.2397205e+00
  -4.1413299e+00   3.4178853e+00  -1.6744034e+00
  -3.6774906e+00   3.7361826e-01   1.3213478e+00
  -3.0244281e+00   2.2196556e+00   5.5881431e-01
  -3.7393902e+00   9.6825113e-01   6.0676277e-01
  -4.1872670e+00   2.2912614e+00  -1.0663344e+00
  -4.1849370e+00   5.8803152e-01   3.0132690e-01
  -2.9569552e+00   2.1138772e+00   7.4228316e-01
  -4.6121528e+00   9.3071873e-01  -6.2125962e-01
  -3.4507208e+00   1.2557373e+00   7.7059495e-01
  -3.6626689e+00   5.2130272e-01   1.1820679e+00
  -2.6297436e+00   2.1960604e+00   1.1537521e+00
  -1.8799200e+00   2.1422413e+00   2.3802414e+00
  -1.3526634e+00   2.7313145e+00   2.6533920e+00
  -2.0875034e+00   2.1347250e+00   2.0491282e+00
  -2.2726312e+00   1.8402066e+00   2.0460658e+00
  -1.7456114e+00   4.1220999e+00   9.7694395e-01
  -2.8238902e+00   1.3372504e+00   1.6704716e+00
  -2.4817115e+00   1.6903416e+00   1.8597841e+00
  -2.0221723e+00   2.3980362e+00   1.9002235e+00
  -2.5541824e+00   1.6358781e+00   1.7982698e+00
  -2.3339510e+00   2.2756194e+00   1.5299595e+00
  -2.5687092e+00   1.4848644e+00   1.9320448e+00
  -1.3727297e+00   2.7789770e+00   2.5739685e+00
  -4.0847876e+00   9.6624509e-01   9.6691957e-02
  -2.6803675e+00   2.5997201e+00   7.4898018e-01
  -3.0997190e+00   2.7712282e+00   4.2795160e-02
  -2.6577527e+00   2.9772822e+00   5.0010406e-01
  -4.0057388e+00   2.1779356e-01   9.6006760e-01
  -1.7401513e+00   2.2782017e+00   2.4714635e+00
  -3.3674251e+00   4.5775454e-01   1.7444559e+00
  -1.1887304e+00   3.7424041e+00   2.0247000e+00
  -4.0324973e+00   1.3576642e-01   1.0074422e+00
  -1.9129501e+00   3.4498646e+00   1.1991491e+00
  -2.4217641e+00   2.5015093e+00   1.2022851e+00
  -3.7545249e+00   1.9460836e-01   1.3983441e+00
  -2.9780074e+00   9.0546368e-01   1.8867536e+00
  -2.7516956e+00   1.7592437e+00   1.3646019e+00
  -3.5458771e+00   1.4929035e+00   4.1487336e-01
  -2.9045881e+00   1.5349163e+00   1.3424921e+00
  -2.8496359e+00   9.6655407e-01   2.0350255e+00
  -1.5922820e+00   2.7892721e+00   2.2132516e+00
  -2.1635107e+00   1.6636266e+00   2.4171981e+00
  -1.9132390e+00   1.6583923e+00   2.8598348e+00
  -2.6409118e+00   1.4524442e+00   1.8477490e+00
  -3.2055839e+00   6.7755412e-01   1.7630073e+00
  -2.4172792e+00   1.2382955e+00   2.4664726e+00
  -1.6277333e+00   2.3592882e+00   2.5746137e+00
  -2.7124049e+00   8.0444662e-01   2.4709793e+00
  -2.3586961e+00   1.9557430e+00   1.7915820e+00
  -2.3005452e+00   5.5098093e-01   3.6180956e+00
  -1.2574133e+00   2.3932156e+00   3.1714483e+00
  -1.8023288e+00   1.7624659e+00   2.9341903e+00
  -1.8158221e+00   1.8189866e+00   2.8439368e+00
