  -2.9563718e+00   5.5741253e+00  -1.2378737e+00
  -7.5135450e+00   9.2719262e-01  -4.2709671e+00
  -4.9060870e+00   2.3841035e+00  -2.0291382e+00
  -6.1906302e+00   2.2066479e+00  -3.4665035e+00
  -3.4205612e+00   4.4650081e+00  -1.3212781e+00
  -6.6438415e+00  -1.2367430e+00  -1.4965083e+00
  -4.9495332e+00   2.1078064e+00  -1.9141431e+00
  -7.5886566e+00  -9.1760799e-01  -3.0428078e+00
  -3.2781604e+00   6.1689811e+00  -1.8147497e+00
  -7.3556833e+00  -7.4298574e-01  -2.8893252e+00
  -4.2151356e+00   5.8012875e+00  -2.7455241e+00
  -7.2334507e+00   2.2472484e+00  -4.6837109e+00
  -7.1093379e+00   2.0732702e+00  -4.4544379e+00
  -6.9089186e+00   2.0149067e-01  -3.0587557e+00
  -7.3774401e+00  -8.6873680e-01  -2.8129258e+00
  -4.0897934e+00   2.9955346e+00  -1.3784349e+00
  -5.2265018e+00   4.1052628e+00  -3.2622206e+00
  -6.4567420e+00   2.0230027e+00  -3.6765082e+00
  -4.6776518e+00   1.0071330e+00  -7.7443406e-01
  -5.4029221e+00   2.4939902e+00  -2.6939028e+00
  -5.1321629e+00   3.7779759e+00  -3.0149248e+00
  -7.0489490e+00  -4.8655043e-01  -2.7057300e+00
  -5.1358573e+00   2.8097513e+00  -2.5473366e+00
  -8.2978104e+00  -1.6844502e+00  -3.2956149e+00
  -5.5666283e+00   1.8275036e+00  -2.5010403e+00
  -6.5309197e+00   1.6543736e+00  -3.5541291e+00
  -5.1008072e+00   1.3868277e+00  -1.6245576e+00
  -5.9770757e+00   5.0751160e-01  -2.1079993e+00
  -6.8439079e+00   3.3520314e-01  -3.0749658e+00
  -7.7836615e+00   3.2338658e-01  -4.2025112e+00
  -7.0079251e+00  -1.9140198e+00  -1.3278807e+00
  -4.5573465e+00   4.5138364e+00  -2.6679760e+00
  -6.9610518e+00   2.2718744e+00  -4.3879845e+00
  -6.6810558e+00   1.5827083e+00  -3.6889363e+00
  -5.9515938e+00   2.8607346e+00  -3.5281899e+00
  -9.0331299e+00   4.7047477e-01  -5.7352973e+00
  -6.8565766e+00   5.5166707e+00  -5.5228761e+00
  -1.1227136e+01   3.4269375e-01  -8.0711959e+00
  -5.3356235e+00   1.3459962e+00  -1.8967235e+00
  -7.6954072e+00   1.5561801e+00  -4.8445764e+00
  -5.9380874e+00   1.1863064e+00  -2.5444905e+00
  -5.6039361e+00   2.1579990e+00  -2.7442157e+00
  -8.6453787e+00   9.9254846e-01  -5.6033257e+00
  -6.6595854e+00   2.5959169e+00  -4.2073455e+00
  -7.5885652e+00  -1.9874300e+00  -2.0731196e+00
  -4.6659046e+00   5.1214531e+00  -3.0196075e+00
  -5.8622106e+00   2.4878274e+00  -3.2335441e+00
  -6.7613205e+00   2.4807772e+00  -4.2660629e+00
  -4.0402720e+00   3.5315929e+00  -1.6112823e+00
  -7.3039134e+00   1.5314214e-01  -3.5097921e+00
  -3.7306699e+00   4.1476599e+00  -1.5440969e+00
  -5.5480887e+00   9.5702154e-01  -1.8907970e+00
  -3.9876862e+00   4.6325683e+00  -2.0613345e+00
  -6.3854716e+00   1.2122667e+00  -3.1096242e+00
  -7.6591053e+00   4.0142338e-02  -3.8603761e+00
  -6.9725290e+00   3.0930283e+00  -4.7886663e+00
  -5.6724670e+00  -9.4869491e-01  -3.7713770e-01
  -3.8383723e+00   4.3282198e+00  -1.7551983e+00
  -6.0676615e+00   4.7962469e+00  -4.4531288e+00
  -5.4990263e+00   3.3002827e+00  -3.2186039e+00
  -5.6370049e+00   2.7826445e+00  -3.1241617e+00
  -5.9824067e+00   1.1431648e+00  -2.5703975e+00
  -5.0824752e+00   3.4747430e+00  -2.8189140e+00
  -6.6016764e+00   3.9568187e-01  -2.8175250e+00
  -9.2627884e+00   2.6348060e-02  -5.7213917e+00
  -5.0427642e+00   4.1418380e+00  -3.0688787e+00
  -8.7550917e+00  -4.0001989e+00  -1.5304492e+00
  -3.3069471e+00   4.2015602e+00  -1.0594550e+00
  -7.7549028e+00   4.4304079e+00  -6.1469266e+00
  -5.6280009e+00   3.7862064e+00  -3.5828180e+00
  -4.2362861e+00   2.5615938e+00  -1.3021874e+00
  -6.5231938e+00  -5.8240332e-01  -1.9356170e+00
  -8.1377020e+00   1.4997108e-01  -4.5044473e+00
  -5.0838622e+00   2.0554312e+00  -2.0483033e+00
  -7.1853762e+00  -2.3782992e+00  -1.0820287e+00
  -3.2702652e+00   3.9302311e+00  -8.7691791e-01
  -5.4004569e+00   3.6167860e+00  -3.2505727e+00
  -5.5019639e+00   1.8329110e+00  -2.4252037e+00
  -6.1987303e+00   2.9338524e+00  -3.8465996e+00
  -5.0658470e+00   1.8797309e+00  -1.9142963e+00
  -6.2411913e+00  -1.4998635e+00  -6.4059809e-01
  -4.2117966e+00   2.0088720e+00  -9.0610584e-01
  -4.5652952e+00   5.2835746e+00  -2.9637472e+00
  -5.6227370e+00   1.8914842e+00  -2.6087049e+00
  -7.6562660e+00  -2.4747945e+00  -1.6651663e+00
  -3.5409958e+00   3.5863992e+00  -1.0284064e+00
  -4.1755434e+00   4.1675986e+00  -2.0795029e+00
  -5.7833790e+00   1.0836967e+00  -2.2809079e+00
  -4.0746521e+00   7.1537804e+00  -2.9694733e+00
  -8.4148158e+00  -2.7902024e+00  -2.3992543e+00
