  -1.8220526e+00   2.4999101e+00   2.1199977e+00
  -3.4213002e+00   1.4370211e-01   2.0362328e+00
  -1.6741700e+00   4.4114773e+00   8.9590272e-01
  -3.5820130e+00   1.0465555e+00   7.7048887e-01
  -1.5086791e+00   1.8288506e+00   3.3887686e+00
  -1.3808232e+00   1.8493677e+00   3.6035062e+00
  -2.1984077e+00   1.5446307e+00   2.4914145e+00
  -2.0521093e+00   1.5587208e+00   2.7311995e+00
  -1.9694868e+00   2.4052289e+00   1.9762400e+00
  -2.8115412e+00   1.0070224e+00   2.0534896e+00
  -1.5556978e+00   3.3201417e+00   1.8138999e+00
  -2.0530926e+00   2.3251140e+00   1.9200388e+00
  -2.0662454e+00   2.1267023e+00   2.0913432e+00
  -2.8350425e+00   1.1646836e+00   1.8368316e+00
  -2.1389181e+00   1.5992345e+00   2.5320660e+00
  -1.7321046e+00   2.6467885e+00   2.1246059e+00
  -2.3284234e+00   1.5739020e+00   2.2364786e+00
  -1.4897633e+00   2.8134069e+00   2.3530946e+00
  -1.6217136e+00   2.7870519e+00   2.1690462e+00
  -2.8028524e+00   1.9807822e-01   3.1292272e+00
  -2.6246039e+00   9.4035885e-01   2.4594395e+00
  -2.2555949e+00   1.6569485e+00   2.2684147e+00
  -2.6234853e+00   1.2813340e+00   2.0621618e+00
  -1.3928675e+00   2.2074146e+00   3.1434524e+00
  -3.1936835e+00   1.2166271e+00   1.2040386e+00
  -2.4762669e+00   1.5704821e+00   1.9935592e+00
  -2.0715022e+00   1.5849386e+00   2.6661911e+00
  -1.2885340e+00   2.1619202e+00   3.3846436e+00
  -2.5527544e+00   1.3727148e+00   2.0800169e+00
  -2.0973602e+00   1.9900269e+00   2.1788864e+00
  -2.8874760e+00   1.0609339e+00   1.8639448e+00
  -9.9934207e-01   2.9698879e+00   3.0003639e+00
  -2.8062145e+00   6.9797114e-01   2.4359949e+00
  -1.8901768e+00   2.3411214e+00   2.1637630e+00
  -4.1765946e+00   3.8164703e-01   5.1851969e-01
  -2.7169261e+00   2.8679264e+00   4.9689027e-01
  -4.7808337e+00   1.5151832e+00  -1.3010489e+00
  -2.8917494e+00   3.6335591e+00  -2.3542113e-01
  -3.7716388e+00   5.8753134e-01   9.3740931e-01
  -2.9493662e+00   2.2405717e+00   6.4934162e-01
  -3.4818123e+00   9.3670500e-01   1.0339577e+00
  -2.8843968e+00   2.5212256e+00   5.2111767e-01
  -4.1372562e+00   6.0584154e-01   3.5571740e-01
  -2.9832796e+00   1.9906886e+00   8.0772855e-01
  -4.4669777e+00   4.9529888e-01  -2.8827199e-02
  -2.4827620e+00   2.0138926e+00   1.5412822e+00
  -3.6259669e+00   6.4587895e-01   1.1073104e+00
  -2.5400744e+00   1.9649986e+00   1.4982850e+00
  -1.8875316e+00   2.0003537e+00   2.5173442e+00
  -1.5895821e+00   2.4155602e+00   2.5801698e+00
  -2.0623047e+00   2.1200324e+00   2.1043578e+00
  -2.1845890e+00   1.9346965e+00   2.0928898e+00
  -1.7495501e+00   3.4185313e+00   1.4548020e+00
  -1.8580580e+00   2.3876407e+00   2.1700936e+00
  -2.4599404e+00   1.7522594e+00   1.8319541e+00
  -2.3070543e+00   2.2747222e+00   1.5719650e+00
  -2.4251918e+00   1.4229113e+00   2.2399459e+00
  -1.3732364e+00   3.4764147e+00   1.9600133e+00
  -2.4952511e+00   1.5938599e+00   1.9376875e+00
  -1.5123225e+00   2.6228039e+00   2.4993223e+00
  -4.4435206e+00   9.3111083e-01  -3.8588661e-01
  -2.6103224e+00   2.7580711e+00   7.2683987e-01
  -3.3636813e+00   1.8385976e+00   3.8432886e-01
  -1.5732293e+00   3.7419339e+00   1.4697547e+00
  -4.4043803e+00   4.7450246e-01   8.3207890e-02
  -2.0296052e+00   2.4326473e+00   1.8565631e+00
  -3.5706221e+00   3.3201457e-01   1.5472700e+00
  -5.9764718e-01   4.4487955e+00   2.3641897e+00
  -4.1612294e+00   2.3128836e-01   6.9837478e-01
  -1.7270720e+00   3.6068079e+00   1.3487116e+00
  -2.2045109e+00   2.3952774e+00   1.6204639e+00
  -2.6819831e+00   1.7001609e+00   1.5302569e+00
  -2.9994627e+00   1.2071656e+00   1.5224123e+00
  -3.0540411e+00   1.7876968e+00   8.7982724e-01
  -3.3339284e+00   1.3687591e+00   8.4127887e-01
  -2.1275880e+00   2.7849734e+00   1.4016666e+00
  -2.8358238e+00   1.1880830e+00   1.8100037e+00
  -1.8660099e+00   2.7394619e+00   1.8332885e+00
  -2.2409758e+00   1.7480303e+00   2.1947645e+00
  -2.2166753e+00   1.6880865e+00   2.3000580e+00
  -2.6195823e+00   1.2322195e+00   2.1238486e+00
  -2.1356919e+00   1.8779132e+00   2.2322058e+00
  -2.5300341e+00   1.3646897e+00   2.1271751e+00
  -1.8683659e+00   2.3373983e+00   2.2025011e+00
  -2.9894649e+00   4.1026963e-01   2.4734737e+00
  -1.5490202e+00   2.7772638e+00   2.2926952e+00
  -2.1419658e+00   1.1313439e+00   3.1017107e+00
  -1.4489384e+00   2.1367224e+00   3.1254278e+00
  -1.9170855e+00   1.7657950e+00   2.7274972e+00
  -2.0625644e+00   1.5272054e+00   2.7500449e+00
