  -8.2483271e+00   2.2307607e+00  -5.8042615e+00
  -1.0053008e+01  -2.2884264e+00  -4.9542710e+00
  -8.3809938e+00   3.6916040e+00  -6.5573196e+00
  -1.0012026e+01  -1.2911381e+00  -5.6822810e+00
  -6.0118580e+00   5.1173905e+00  -4.4979918e+00
  -8.6211668e+00  -3.2690918e-01  -4.7481899e+00
  -7.0441254e+00   2.2978313e+00  -4.4952628e+00
  -9.1683604e+00   2.7070273e-01  -5.7666828e+00
  -6.4371739e+00   4.1309349e+00  -4.6198469e+00
  -9.2455671e+00  -2.8436695e+00  -3.4553469e+00
  -8.6656119e+00   1.2473098e+00  -5.7669820e+00
  -8.4367412e+00   2.2489009e+00  -6.0192541e+00
  -6.9226324e+00   3.0884712e+00  -4.7312779e+00
  -7.9867044e+00  -1.3953529e+00  -3.1482578e+00
  -7.3883147e+00   8.8729558e-01  -4.0996444e+00
  -7.1476607e+00  -1.2555169e-01  -3.1130956e+00
  -6.5992775e+00   3.0515309e+00  -4.3538996e+00
  -7.0630799e+00   1.3119622e+00  -3.9771525e+00
  -7.5702941e+00   4.9581712e+00  -6.1172302e+00
  -1.1725152e+01  -1.8236556e+00  -7.2393388e+00
  -6.0203445e+00   3.0198406e+00  -3.6840152e+00
  -9.7348413e+00  -2.5904958e+00  -4.3076580e+00
  -8.6364643e+00   2.9733047e+00  -6.5525527e+00
  -8.1085450e+00  -8.9770725e-01  -3.7107062e+00
  -6.6822821e+00   2.3633670e+00  -4.1170307e+00
  -9.2151686e+00  -1.6273842e+00  -4.4837747e+00
  -7.4163422e+00   9.3139917e-01  -4.1599052e+00
  -8.5916343e+00   5.2745277e-01  -5.2695920e+00
  -7.3783884e+00   3.2163580e+00  -5.2888291e+00
  -7.7513657e+00   2.4079117e+00  -5.3400026e+00
  -9.1778525e+00  -2.4337839e+00  -3.7496176e+00
  -5.5945500e+00   3.4824616e+00  -3.4120198e+00
  -7.0502047e+00   2.9344310e+00  -4.8045695e+00
  -7.6393902e+00   8.0774576e-01  -4.3441020e+00
  -8.0628670e+00   1.1833614e+00  -5.0540550e+00
  -1.0023328e+01  -1.1059901e+00  -5.8285326e+00
  -8.0351395e+00   1.0376449e+00  -4.9387765e+00
  -9.5975606e+00  -5.1512765e-01  -5.7494564e+00
  -6.0574137e+00   3.1371291e+00  -3.7813300e+00
  -9.0598139e+00  -1.1202320e+00  -4.6925008e+00
  -8.9951041e+00   2.4138296e+00  -6.7002322e+00
  -1.0150719e+01   1.2520507e+00  -7.3950993e+00
  -7.0906630e+00   3.9540854e+00  -5.2665294e+00
  -7.8636586e+00  -4.7320251e-02  -4.0447533e+00
  -9.4373385e+00  -1.2159317e+00  -5.0677183e+00
  -7.8197842e+00   2.5917133e+00  -5.5006433e+00
  -6.4648751e+00   4.2075067e+00  -4.6786472e+00
  -8.6766822e+00  -7.3140431e-01  -4.5255135e+00
  -6.8726664e+00   3.0415616e+00  -4.6549389e+00
  -7.6851731e+00  -4.0038693e-01  -3.5717089e+00
  -6.2857347e+00   2.4381595e+00  -3.7000111e+00
  -8.8587747e+00  -1.1945903e+00  -4.3945714e+00
  -8.9322937e+00   2.0263029e-01  -5.4568670e+00
  -8.6870060e+00   8.5527774e-02  -5.1011430e+00
  -7.8331549e+00   2.2343046e+00  -5.3477361e+00
  -8.5956964e+00  -1.6637888e+00  -3.6906404e+00
  -9.1819491e+00   1.0910207e+00  -6.2547114e+00
  -6.9860665e+00  -7.4162922e-01  -2.4118732e+00
  -7.6160447e+00   1.9204457e+00  -4.9484014e+00
  -7.9930396e+00  -1.2327160e+00  -3.2944019e+00
  -8.8058310e+00   9.6474072e-01  -5.7673364e+00
  -1.1218063e+01   1.0878383e+00  -8.4545091e+00
  -1.0478383e+01  -8.0050274e-01  -6.5545271e+00
  -7.8435391e+00   3.7463347e+00  -6.0022717e+00
  -7.9872793e+00   1.3862961e+00  -5.0819457e+00
  -1.0194266e+01   1.3370009e-01  -6.8276847e+00
  -9.2930801e+00   1.1115096e-01  -5.8088873e+00
  -7.6156676e+00   1.4607480e+00  -4.7011577e+00
  -9.1146416e+00  -2.9961496e-01  -5.3402974e+00
  -8.4531632e+00   2.5328435e+00  -6.1665423e+00
  -9.1543074e+00   5.3151608e-01  -5.9077104e+00
  -7.8995223e+00   1.2013948e+00  -4.8785001e+00
  -7.1936266e+00   3.1606539e+00  -5.0623191e+00
  -7.2412258e+00   2.4290635e+00  -4.7819967e+00
  -8.7895563e+00  -8.0478036e-01  -4.6059744e+00
  -5.2082971e+00   4.4945988e+00  -3.3962102e+00
  -7.0730846e+00   2.0950422e+00  -4.4245158e+00
  -5.9445989e+00   2.5710215e+00  -3.3734817e+00
  -5.5288958e+00   4.7858661e+00  -3.8591981e+00
  -7.5894035e+00   2.2296240e+00  -5.0742200e+00
  -8.4640620e+00  -1.5921855e+00  -3.5860472e+00
  -6.4655488e+00   1.7384758e+00  -3.5260448e+00
  -5.8954390e+00   3.2096843e+00  -3.6305571e+00
  -6.5248332e+00   3.5376423e+00  -4.4819970e+00
  -8.5973849e+00  -8.4645275e-01  -4.3453147e+00
  -7.2402947e+00   1.7786390e+00  -4.4472575e+00
  -6.8252070e+00   3.7443049e+00  -4.8967775e+00
  -1.1059684e+01  -3.7874185e+00  -4.8540209e+00
  -6.3410788e+00   5.0396457e+00  -4.8291545e+00
  -7.9738033e+00  -1.1934589e+00  -3.3028514e+00
