  -4.9226629e+00   4.6834936e+00  -3.1475550e+00
  -6.4132770e+00   4.1213658e+00  -4.5900491e+00
  -7.7818416e+00   3.1462795e+00  -5.7000806e+00
  -8.6698030e+00   5.2898841e+00  -7.3662816e+00
  -4.5514816e+00   6.5432024e+00  -3.3306207e+00
  -7.9476469e+00   1.7406465e+00  -5.2274102e+00
  -3.4758648e+00   7.5284109e+00  -2.4102475e+00
  -9.2044104e+00  -5.1684199e-01  -5.2967456e+00
  -4.9606438e+00   9.1169475e+00  -4.2853515e+00
  -7.3493998e+00   3.1763647e+00  -5.2402398e+00
  -5.5910379e+00   5.4968823e+00  -4.1600782e+00
  -7.2907951e+00   3.2703582e+00  -5.2153749e+00
  -5.5260438e+00   8.9200054e+00  -4.8431651e+00
  -6.9569414e+00   3.5031040e+00  -4.9448222e+00
  -7.7862968e+00  -2.7897294e-01  -3.7854804e+00
  -4.9951257e+00   6.1514041e+00  -3.7048429e+00
  -4.0514383e+00   4.6552124e+00  -2.1444770e+00
  -6.8964215e+00   4.3903308e+00  -5.2130694e+00
  -9.6700105e+00  -9.7032189e-01  -5.5181397e+00
  -6.8723028e+00   1.5667759e+00  -3.9036616e+00
  -5.6221375e+00   5.2268222e+00  -4.1095228e+00
  -8.8874547e+00   3.6063125e-01  -5.5039673e+00
  -5.4478631e+00   4.7636788e+00  -3.7618971e+00
  -1.0749143e+01  -7.7153160e-01  -6.8758971e+00
  -5.9248385e+00   3.1762154e+00  -3.6485405e+00
  -1.0301542e+01   1.8340666e+00  -7.8381032e+00
  -7.2743463e+00   1.2639068e+00  -4.1950911e+00
  -7.7198372e+00   2.8310075e+00  -5.4978648e+00
  -5.1337840e+00   5.0476605e+00  -3.5140020e+00
  -6.7845831e+00   2.1506958e+00  -4.1240841e+00
  -9.4307335e+00  -1.4374983e+00  -4.8917993e+00
  -4.5469355e+00   5.7966354e+00  -3.1110834e+00
  -5.1126715e+00   2.0171725e+00  -2.0601212e+00
  -6.2537120e+00   2.4779879e+00  -3.6836210e+00
  -7.4628566e+00   6.5822435e+00  -6.4258528e+00
  -1.0165781e+01  -1.2929072e+00  -5.8581201e+00
  -6.1188231e+00   1.0195658e+01  -5.6196498e+00
  -1.2493569e+01  -3.1467868e+00  -7.0942783e+00
  -7.8497351e+00   2.0503707e+00  -5.2759090e+00
  -1.0000627e+01  -4.6092373e-01  -6.2418875e+00
  -6.0013403e+00   3.6580169e+00  -3.9486563e+00
  -5.9606909e+00   3.5691564e+00  -3.8650911e+00
  -6.2293322e+00   4.9771978e+00  -4.6884563e+00
  -8.5928030e+00   1.3055110e+00  -5.7173650e+00
  -8.3570315e+00   1.5340069e+00  -5.5765021e+00
  -5.4574482e+00   6.1354259e+00  -4.1991842e+00
  -5.1701335e+00   2.2806902e+00  -2.2910725e+00
  -7.9065001e+00  -5.0671920e-01  -3.7630976e+00
  -3.4328010e+00   9.0094185e+00  -2.6640592e+00
  -7.8836163e+00   2.0915786e+00  -5.3340501e+00
  -4.3424380e+00   6.9374681e+00  -3.2057589e+00
  -7.0054526e+00   4.8748798e+00  -5.4905244e+00
  -7.2871173e+00   2.4265892e+00  -4.8322095e+00
  -7.0979177e+00   3.9291081e+00  -5.2650876e+00
  -5.9280833e+00   8.8313552e+00  -5.2462891e+00
  -6.1919592e+00   5.3146798e+00  -4.7538195e+00
  -9.2665927e+00   3.4684307e-01  -5.9235227e+00
  -4.2907063e+00   7.0585121e+00  -3.1796991e+00
  -5.1803443e+00   2.4562321e+00  -2.4053914e+00
  -7.6655224e+00   4.4987241e+00  -6.0741866e+00
  -7.9061251e+00   5.2159117e+00  -6.5467549e+00
  -6.7217483e+00   1.1493600e+00  -3.4741036e+00
  -7.5657035e+00   2.5720963e+00  -5.2112264e+00
  -6.9447717e+00   2.3002747e+00  -4.3838906e+00
  -6.8576218e+00   6.7603377e+00  -5.8337105e+00
  -6.1642098e+00   3.3415501e+00  -3.9948007e+00
  -1.0272327e+01  -3.0722782e-01  -6.6442270e+00
  -5.7313570e+00   4.6437907e+00  -4.0319381e+00
  -6.0955041e+00   3.8187372e+00  -4.1205014e+00
  -7.7579669e+00   2.2700785e+00  -5.2815721e+00
  -6.4285767e+00   3.9232863e+00  -4.5310074e+00
  -1.0482299e+01   9.0108167e-01  -7.5713140e+00
  -5.2999248e+00   8.2910238e+00  -4.5054334e+00
  -6.6066106e+00   7.3709597e+00  -5.6986983e+00
  -9.5550976e+00  -1.4158581e+00  -5.0557520e+00
  -3.9627826e+00   8.7529328e+00  -3.1806428e+00
  -4.3334160e+00   3.7347357e+00  -2.0641269e+00
  -8.5049301e+00   3.3437001e+00  -6.5588978e+00
  -3.7660403e+00   8.4012271e+00  -2.9078590e+00
  -7.6417802e+00   8.7342041e-01  -4.3874141e+00
  -7.7742649e+00  -1.4433806e+00  -2.8318875e+00
  -5.3955648e+00   3.3515104e+00  -3.1234133e+00
  -3.7920348e+00   5.4554447e+00  -2.1540240e+00
  -7.9977411e+00  -2.5970003e-01  -4.0550910e+00
  -8.8765831e+00  -6.0282100e-01  -4.8547014e+00
  -5.9055263e+00   6.2433340e+00  -4.7068646e+00
  -3.6351684e+00   3.9078108e+00  -1.3121807e+00
  -6.6597845e+00  -6.0923764e-01  -2.0947406e+00
  -4.9760015e+00   6.4617404e+00  -3.7679546e+00
  -8.8675230e+00  -1.6340022e-01  -5.1460788e+00
