  -1.1147972e+00   4.4260644e+00   1.6453288e+00
  -4.0700588e+00  -7.6940602e-02   1.1882480e+00
  -2.8908817e+00   3.4557726e+00  -1.2751779e-01
  -4.6756280e+00   2.7251325e-01  -1.2436777e-01
  -1.0815877e+00   3.1822516e+00   2.6614714e+00
  -2.6630887e+00   8.5778938e-01   2.4929432e+00
  -1.3760405e+00   3.4361152e+00   1.9881057e+00
  -4.9262312e+00  -1.2472673e+00   1.1833089e+00
  -1.9014406e+00   3.8024528e+00   9.7144121e-01
  -4.1954323e+00  -8.0894354e-01   1.9022623e+00
  -1.8775616e+00   3.5328106e+00   1.1895328e+00
  -2.8530106e+00   1.4046066e+00   1.5539679e+00
  -1.6279804e+00   3.2606205e+00   1.7544719e+00
  -3.3870442e+00   2.4187092e-01   1.9729185e+00
  -2.8530126e+00   1.2057152e+00   1.7625344e+00
  -2.2508098e+00   2.3301408e+00   1.6081190e+00
  -1.9435338e+00   2.9000090e+00   1.5796487e+00
  -1.8984027e+00   2.3214334e+00   2.1697652e+00
  -3.3278853e+00   1.1099708e+00   1.1004987e+00
  -3.3953102e+00   2.8689796e-01   1.9024605e+00
  -2.8776019e+00   1.3092754e+00   1.6126925e+00
  -3.4305791e+00   7.2218187e-01   1.3402665e+00
  -2.2757850e+00   2.9636934e+00   1.0451646e+00
  -4.5555213e+00  -1.2156309e+00   1.8089571e+00
  -3.4317397e+00   1.7075385e+00   3.9612889e-01
  -3.4024951e+00   6.4094960e-01   1.4754534e+00
  -3.1962623e+00   1.1030347e+00   1.3150519e+00
  -4.0279086e+00   3.7540155e-01   7.5599761e-01
  -2.6418426e+00   1.8509049e+00   1.4480116e+00
  -2.6499784e+00   1.2531378e+00   2.0488933e+00
  -3.7434685e+00   2.0836204e-03   1.6474778e+00
  -1.4649576e+00   2.9195103e+00   2.2944465e+00
  -2.7479320e+00   1.5860043e+00   1.5386185e+00
  -2.5277339e+00   1.5842064e+00   1.8946236e+00
  -4.4750344e+00   8.6833830e-01  -3.7641516e-01
  -4.2533759e+00   1.9255289e+00  -9.0211219e-01
  -5.6635769e+00   2.3534458e+00  -2.9262912e+00
  -6.4331680e+00   6.4871041e-01  -2.7887641e+00
  -3.2076939e+00   1.5492904e+00   8.6472795e-01
  -3.5160367e+00   1.5116116e+00   4.4205286e-01
  -4.5967319e+00   2.3660368e-01   2.7058488e-02
  -4.4286098e+00   1.2514003e+00  -6.2996873e-01
  -3.8723073e+00   2.0485172e+00  -4.8342479e-01
  -3.5556041e+00   1.5955860e+00   3.1247595e-01
  -4.8587627e+00  -2.0162501e-02  -1.1076300e-01
  -3.1736566e+00   2.9790121e+00  -1.9604750e-01
  -3.5031139e+00   1.5524763e+00   4.2536737e-01
  -2.9575597e+00   1.8847642e+00   9.3759900e-01
  -1.7633258e+00   3.9441370e+00   1.0670520e+00
  -4.7358142e+00  -5.6593422e-02   1.1052437e-01
  -1.4695265e+00   3.4521066e+00   1.8366652e+00
  -4.1165236e+00  -1.1392482e-01   1.1542026e+00
  -2.0176614e+00   3.1520973e+00   1.2710633e+00
  -3.3125443e+00   1.2782152e+00   9.5953581e-01
  -2.0195976e+00   2.6525190e+00   1.6752012e+00
  -3.1103045e+00   1.6805607e+00   8.9162182e-01
  -2.9183157e+00   1.1179192e+00   1.7499029e+00
  -1.8385333e+00   3.3032023e+00   1.4137918e+00
  -2.3139984e+00   2.5670951e+00   1.3067275e+00
  -2.2018613e+00   2.0032304e+00   1.9956051e+00
  -3.9337359e+00   2.4298159e+00  -8.2974888e-01
  -6.2146385e+00  -1.4426446e+00  -6.6286533e-01
  -3.2417409e+00   2.0526173e+00   3.8362313e-01
  -3.7367179e+00   7.0752044e-01   8.6833392e-01
  -5.2613350e+00   1.7561202e+00  -2.0787409e+00
  -2.9964797e+00   1.0144016e+00   1.7337958e+00
  -3.7263225e+00   3.9896977e-01   1.2129520e+00
  -1.5688462e+00   3.7732535e+00   1.4536863e+00
  -3.6818402e+00   2.2619078e+00  -3.8156224e-01
  -3.5156729e+00   1.4266432e+00   5.1744904e-01
  -2.9709161e+00   1.5629062e+00   1.2125184e+00
  -5.6147849e+00   6.1759778e-01  -1.7212871e+00
  -2.8828957e+00   1.6360153e+00   1.2787641e+00
  -5.0936578e+00   1.1904401e+00  -1.4729247e+00
  -4.0281780e+00   2.4804273e-01   8.9118116e-01
  -3.7190426e+00   2.4962942e+00  -5.9358078e-01
  -2.5443462e+00   2.0014955e+00   1.4576425e+00
  -3.4039498e+00   2.1191233e+00   1.0353450e-01
  -1.9375119e+00   3.0641675e+00   1.4556280e+00
  -2.3256175e+00   1.7186729e+00   2.0855751e+00
  -3.2750138e+00   8.1874754e-01   1.4890641e+00
  -2.7346353e+00   1.6052643e+00   1.5405565e+00
  -2.1044268e+00   2.5300087e+00   1.6535063e+00
  -2.4481229e+00   1.7812779e+00   1.8217036e+00
  -3.3168036e+00   2.2977542e-01   2.1131512e+00
  -2.4706366e+00   1.5817066e+00   1.9909537e+00
  -1.7992526e+00   1.8973932e+00   2.7829211e+00
  -2.0808759e+00   1.2622216e+00   3.0452082e+00
  -1.4445230e+00   3.5652506e+00   1.7855427e+00
  -3.7483350e+00   7.0713045e-01   8.5060979e-01
