  -1.0359070e+01  -2.9909832e-01  -6.7456848e+00
  -1.0064936e+01   5.5097052e-01  -6.9271539e+00
  -1.0753735e+01  -5.2095631e-01  -7.0426862e+00
  -1.1172880e+01   1.0369242e+00  -8.3808924e+00
  -8.0868492e+00   1.1133322e+00  -5.0413705e+00
  -9.3217746e+00  -9.3196035e-01  -5.1407968e+00
  -1.0730657e+01   1.6565512e+00  -8.2119519e+00
  -1.0219637e+01  -8.6515116e-01  -6.2196538e+00
  -9.5390397e+00   1.4666922e+00  -6.8415109e+00
  -1.0179734e+01  -1.0950451e+00  -6.0151995e+00
  -1.0864626e+01  -1.4984004e+00  -6.5067602e+00
  -7.6899422e+00   2.3410981e+00  -5.2401771e+00
  -1.0039023e+01   6.5282029e-01  -6.9557895e+00
  -1.0157176e+01   2.3607845e-01  -6.8473124e+00
  -1.0898644e+01  -1.7446305e+00  -6.3663920e+00
  -8.0447580e+00   2.4180002e+00  -5.6682318e+00
  -9.9817449e+00   5.1644361e-01  -6.8164047e+00
  -1.0216300e+01  -2.4343050e-01  -6.6219791e+00
  -1.1601506e+01  -1.0859153e+00  -7.6105060e+00
  -9.8721752e+00   2.0522209e+00  -7.4796902e+00
  -8.3762205e+00   7.0662738e-01  -5.1323296e+00
  -9.0835978e+00  -7.5082495e-01  -4.9921941e+00
  -9.9452250e+00   3.6647691e-01  -6.6900161e+00
  -1.1402326e+01   1.0672642e+00  -8.6397793e+00
  -1.0954801e+01   3.7204486e-02  -7.6029280e+00
  -9.8063476e+00   5.1745941e-01  -6.6240325e+00
  -1.0318342e+01  -1.1484157e+00  -6.1355675e+00
  -7.3619806e+00   2.6403609e+00  -5.0169064e+00
  -1.1378105e+01  -6.3357722e-01  -7.6572634e+00
  -1.0043699e+01   1.5861618e+00  -7.4453189e+00
  -1.2387528e+01  -3.7557896e+00  -6.4653266e+00
  -8.1689343e+00   3.8859310e+00  -6.4013649e+00
  -1.1063578e+01  -2.9508106e+00  -5.6034454e+00
  -8.4922183e+00   3.2238203e+00  -6.4984639e+00
  -9.6543388e+00   1.4267952e+00  -6.9465898e+00
  -1.1087923e+01  -1.3679936e+00  -6.8501448e+00
  -1.0003982e+01   9.8831770e-01  -7.0996774e+00
  -1.2145540e+01  -8.4687828e-01  -8.3565793e+00
  -1.0138453e+01   1.7681197e+00  -7.6334346e+00
  -1.1548196e+01  -1.3252343e+00  -7.3914315e+00
  -1.0429617e+01   1.3983049e+00  -7.7675487e+00
  -1.1181141e+01  -1.1219734e+00  -7.1226727e+00
  -1.1573045e+01  -6.2462787e-01  -7.8752863e+00
  -1.0798212e+01   1.1900292e+00  -8.0584520e+00
  -1.0998993e+01  -5.6985418e-01  -7.2820174e+00
  -1.0047408e+01   9.0750939e-01  -7.1038439e+00
  -1.1078479e+01   1.2985909e-01  -7.7906953e+00
  -1.0614201e+01   8.2806800e-01  -7.6749159e+00
  -9.1470911e+00   7.1589176e-01  -6.0069333e+00
  -1.1242626e+01  -3.6260835e-02  -7.8720677e+00
  -9.7283155e+00   1.1569497e+00  -6.8885889e+00
  -1.0542968e+01  -5.9404824e-01  -6.7622073e+00
  -1.1324742e+01  -1.7565008e+00  -6.8396792e+00
  -7.9301683e+00   2.6208704e+00  -5.6350774e+00
  -1.0665726e+01   3.3367515e-01  -7.4595625e+00
  -1.0699735e+01   4.3639970e-01  -7.5542592e+00
  -1.0933346e+01  -1.5570406e+00  -6.5423734e+00
  -8.4465533e+00   2.3107923e+00  -6.0587057e+00
  -1.0324518e+01  -2.2267144e-01  -6.7550502e+00
  -9.8073853e+00   6.4631023e-01  -6.6982587e+00
  -1.1393161e+01  -1.6864319e+00  -6.9668783e+00
  -9.9022330e+00   1.9485087e+00  -7.4645279e+00
  -1.3424038e+01  -4.5527764e+00  -6.9630154e+00
  -6.3409793e+00   5.8733743e+00  -5.0730466e+00
  -1.3484221e+01  -3.3536571e+00  -8.0378069e+00
  -9.2092840e+00   4.3197548e+00  -7.6454515e+00
  -1.2578378e+01  -3.7496673e+00  -6.6909550e+00
  -8.0003642e+00   4.2950166e+00  -6.3630847e+00
  -1.1587446e+01  -2.9380569e+00  -6.2269985e+00
  -8.5018316e+00   3.2754585e+00  -6.5290540e+00
  -1.0642789e+01   2.3078159e-01  -7.3758182e+00
  -9.1429294e+00   1.0145270e+00  -6.1699084e+00
  -1.0022852e+01   1.4547815e+00  -7.3587195e+00
  -1.1344178e+01  -9.2657792e-01  -7.4323649e+00
  -1.1578410e+01  -1.6959832e+00  -7.1670133e+00
  -8.9743981e+00   2.3571274e+00  -6.6526806e+00
  -1.0512356e+01   2.4436278e-01  -7.2414290e+00
  -1.0622135e+01  -2.7324185e-02  -7.2019049e+00
  -1.0922965e+01  -3.8728614e-01  -7.3127687e+00
  -9.9006215e+00   1.4111600e+00  -7.2052729e+00
  -9.4321907e+00  -9.2954976e-01  -5.2713762e+00
  -8.3805075e+00   8.5611413e-01  -5.2258930e+00
  -9.8385681e+00  -8.3486900e-01  -5.8069838e+00
  -8.9852192e+00   1.0679527e+00  -6.0244442e+00
  -1.1344806e+01  -1.6361856e+00  -6.9486200e+00
  -9.1185814e+00   2.3476941e+00  -6.8039219e+00
  -1.2567432e+01  -4.0127845e+00  -6.4504513e+00
  -7.8758107e+00   4.5493253e+00  -6.3140206e+00
  -1.0191966e+01  -6.5916539e-01  -6.3268591e+00
  -9.5612330e+00   4.2236198e-01  -6.2975801e+00
