  -3.3868131e+00   9.8623373e-01   1.1328831e+00
  -5.6300205e+00  -1.2630783e-01  -1.1197860e+00
  -4.8406660e+00   1.8798984e+00  -1.6303091e+00
  -4.0120407e+00   1.3593713e+00  -1.3915554e-01
  -2.4435609e+00   3.3250418e+00   5.5169536e-01
  -6.5850499e+00   8.5500780e-02  -2.5645984e+00
  -3.3228964e+00   2.1422209e+00   1.9860463e-01
  -5.1968239e+00   2.3909023e-01  -8.4123567e-01
  -2.7257057e+00   3.6660252e+00  -4.0153500e-02
  -6.6024226e+00  -2.0964329e+00  -5.1876051e-01
  -3.7018645e+00   1.8778353e+00  -1.2287383e-01
  -5.8882703e+00   1.3167684e+00  -2.5697461e+00
  -2.8851554e+00   3.7561394e+00  -2.9815571e-01
  -6.1032437e+00  -2.3288972e-01  -1.6742910e+00
  -5.1900828e+00  -2.9866443e-01  -3.2584900e-01
  -4.4824467e+00   3.4518177e+00  -2.1018807e+00
  -5.7948900e+00   1.3926111e+00  -2.5042875e+00
  -3.4881060e+00   3.6574153e+00  -1.0013656e+00
  -5.7388565e+00  -1.5244513e-01  -1.2473350e+00
  -3.4384616e+00   1.2255977e+00   8.1762763e-01
  -3.6705859e+00   2.9123810e+00  -7.9976057e-01
  -5.1081494e+00   1.7937782e-01  -6.6252573e-01
  -3.9205174e+00   1.3326825e+00   1.2959577e-02
  -5.1731877e+00   3.4778789e-02  -6.2226874e-01
  -4.0674642e+00   1.3069565e+00  -1.7359286e-01
  -4.5045485e+00   4.4157108e-01  -3.3392818e-02
  -3.5285896e+00   1.7463418e+00   2.2512484e-01
  -4.9477225e+00  -1.9983586e-01  -6.3732671e-02
  -3.5835833e+00   1.7995327e+00   1.0401884e-01
  -5.4309955e+00  -2.6474810e-01  -7.1020369e-01
  -5.3178466e+00  -9.4655135e-03  -7.8746174e-01
  -4.4241824e+00   7.6019670e-01  -2.0917705e-01
  -4.8634735e+00   2.0760491e-01  -3.3733296e-01
  -4.9242669e+00   1.3380641e+00  -1.3599587e+00
  -6.5890163e+00   1.8118793e+00  -3.7129720e+00
  -5.7012893e+00   1.1168725e+00  -2.2005562e+00
  -7.6610205e+00   1.1338427e+00  -4.5660328e+00
  -5.6263979e+00   2.7142398e+00  -3.0764054e+00
  -4.2324591e+00   1.2495720e+00  -3.5730805e-01
  -5.2316141e+00   6.4114335e-01  -1.2302571e+00
  -5.0475154e+00   3.3893650e-01  -7.2021531e-01
  -4.4453106e+00   1.3948925e+00  -7.6546931e-01
  -4.2908592e+00   1.7009210e+00  -7.8923889e-01
  -5.5940877e+00   8.5391993e-01  -1.8740134e+00
  -6.6337492e+00   7.8126428e-02  -2.6209119e+00
  -5.6883242e+00   4.8533771e-01  -1.7143744e+00
  -5.2780903e+00   2.3475629e-01  -9.5083608e-01
  -4.1317823e+00   2.5750522e+00  -1.1780959e+00
  -3.9541299e+00   1.9097935e+00  -4.9168908e-01
  -4.0784498e+00   1.2943525e+00  -1.7855164e-01
  -4.5600836e+00   1.3383636e+00  -8.7673231e-01
  -4.1800400e+00   1.4234095e+00  -4.2554502e-01
  -4.2051566e+00   1.4970699e+00  -5.1828259e-01
  -4.0610857e+00   2.3225867e+00  -9.2382248e-01
  -3.8163937e+00   1.9049751e+00  -3.0106413e-01
  -4.8628159e+00   1.4407899e+00  -1.3544274e+00
  -4.9828437e+00  -3.7535958e-01   6.4341308e-02
  -3.9251765e+00   3.2460436e+00  -1.3165506e+00
  -4.9210124e+00   7.6027113e-01  -9.0558126e-01
  -3.8611831e+00   4.0140318e+00  -1.6364571e+00
  -5.8459260e+00   2.5181943e-01  -1.7357370e+00
  -3.3932324e+00   2.5344499e+00  -1.8703448e-01
  -5.8539018e+00  -3.9380248e-01  -1.1887016e+00
  -3.4084774e+00   3.1008514e+00  -5.7955930e-01
  -6.1611800e+00  -1.5486218e-01  -1.8186001e+00
  -4.8299595e+00   1.8710925e+00  -1.6108465e+00
  -6.1709940e+00  -1.9087772e+00  -6.2589582e-02
  -3.6282056e+00   2.5405191e+00  -5.0387295e-01
  -7.3533377e+00  -1.1967936e+00  -2.4985433e+00
  -3.8663231e+00   3.5656509e+00  -1.4175249e+00
  -3.5515052e+00   1.3745781e+00   5.1116352e-01
  -4.6144368e+00   7.3228496e-01  -4.5542285e-01
  -3.6927631e+00   1.8405817e+00  -8.1206812e-02
  -5.0632206e+00   1.4541681e+00  -1.6237594e+00
  -5.3066588e+00  -4.6770493e-01  -3.2877932e-01
  -3.6610272e+00   3.8170602e+00  -1.2976146e+00
  -4.6044444e+00   6.7671229e-01  -3.9256578e-01
  -3.4326905e+00   3.4195889e+00  -7.9982202e-01
  -2.3298695e+00   4.0657554e+00   2.3815862e-01
  -5.5634998e+00  -2.7249643e-01  -8.9218868e-01
  -4.8847842e+00   5.7249086e-01  -6.9664301e-01
  -5.2242071e+00  -3.5419719e-03  -6.5963060e-01
  -4.6808315e+00   9.4378459e-01  -7.2700351e-01
  -3.5755527e+00   1.8130655e+00   1.0442993e-01
  -5.8269166e+00  -1.2948522e+00  -2.3549713e-01
  -4.4784249e+00   1.6491450e+00  -1.0005763e+00
  -5.0743047e+00  -4.0968310e-01  -3.9128795e-02
  -2.6443746e+00   3.4592114e+00   1.9406993e-01
  -4.4342619e+00   1.7420253e+00  -1.0095021e+00
  -5.5657097e+00   6.0243375e-01  -1.6448897e+00
