  -9.5761809e+00   2.2147354e-01  -6.1945552e+00
  -1.2432068e+01   1.6588056e-01  -9.2583259e+00
  -9.3338370e+00   4.6685524e-01  -6.0703989e+00
  -1.1544842e+01   6.6209124e-01  -8.5835229e+00
  -8.8297086e+00   8.4084534e-01  -5.7237416e+00
  -9.3074028e+00  -6.2567246e-01  -5.3408351e+00
  -8.5320988e+00   3.2337196e-01  -5.0749063e+00
  -8.7994921e+00  -2.6817388e-01  -4.9968141e+00
  -9.1581429e+00   2.1514166e+00  -6.7579297e+00
  -9.9051305e+00  -1.7976506e+00  -5.1741950e+00
  -1.0650943e+01   1.3671717e-01  -7.3302005e+00
  -9.4229916e+00  -5.5929676e-02  -5.8506848e+00
  -1.0601325e+01   1.8847664e-01  -7.3061730e+00
  -9.8103412e+00   5.4035112e-01  -6.6415171e+00
  -9.5421323e+00   1.1208766e+00  -6.6664229e+00
  -9.6947971e+00  -7.7659463e-01  -5.6826039e+00
  -1.1023972e+01   8.6002295e-01  -8.1314574e+00
  -1.0978773e+01  -6.7152460e-01  -7.1950036e+00
  -1.2549299e+01  -2.7260287e+00  -7.4878559e+00
  -8.4067005e+00   3.6450342e+00  -6.5676458e+00
  -8.5725441e+00   9.0250577e-01  -5.4700743e+00
  -9.5308825e+00  -1.0183874e+00  -5.3223068e+00
  -9.0197737e+00  -5.9018301e-01  -5.0313215e+00
  -7.6062301e+00   1.6230178e+00  -4.7797489e+00
  -9.6926090e+00   9.1031749e-01  -6.7181886e+00
  -1.0098670e+01  -6.7132353e-01  -6.2136233e+00
  -1.0272457e+01   1.4686228e-01  -6.9215797e+00
  -9.4105577e+00   4.3729291e-01  -6.1385884e+00
  -1.1721279e+01  -2.7554902e+00  -6.5289669e+00
  -9.2631051e+00   2.7529181e+00  -7.1327218e+00
  -1.1576242e+01  -1.8746851e+00  -7.0361839e+00
  -8.8834231e+00   2.4092429e+00  -6.5776860e+00
  -1.2714997e+01  -3.3216496e+00  -7.2032327e+00
  -9.3927504e+00   4.3325652e+00  -7.8412741e+00
  -9.2774368e+00   2.2210295e+00  -6.9181906e+00
  -1.1550264e+01  -1.9946801e+00  -6.9192164e+00
  -9.4441100e+00   1.0716238e+00  -6.5327763e+00
  -9.6916632e+00  -1.9505415e-01  -6.0654548e+00
  -8.6475808e+00   3.9695119e+00  -6.9389939e+00
  -1.2161885e+01  -3.2154639e+00  -6.6607022e+00
  -9.4412837e+00   1.9993415e+00  -6.9931631e+00
  -1.1567930e+01  -1.4673646e+00  -7.3157236e+00
  -1.0709706e+01   1.3974669e-01  -7.3960336e+00
  -1.1288067e+01  -4.4112873e-01  -7.6786954e+00
  -1.0647408e+01   9.0331387e-01  -7.7502790e+00
  -1.1420482e+01  -5.6847768e-01  -7.7441934e+00
  -1.1818059e+01   6.9480558e-01  -8.8906901e+00
  -1.1425693e+01   1.2675359e+00  -8.7629707e+00
  -8.1595649e+00   2.9287101e-01  -4.6240067e+00
  -8.4257235e+00   2.7169480e-01  -4.9194257e+00
  -9.0538737e+00   2.7125558e+00  -6.8921896e+00
  -1.1049337e+01  -2.2543362e+00  -6.1525188e+00
  -1.0991674e+01   1.4840300e-01  -7.7073741e+00
  -9.9848660e+00  -2.0211412e-01  -6.3899350e+00
  -1.1878903e+01  -4.9854091e-01  -8.2840486e+00
  -9.9275828e+00   1.1072498e+00  -7.0792631e+00
  -9.9482189e+00   3.7317409e-01  -6.6972094e+00
  -9.6131874e+00   1.1892062e-01  -6.1735538e+00
  -1.1692039e+01  -3.5940456e-01  -8.1664174e+00
  -1.0049882e+01   9.3534869e-01  -7.1214023e+00
  -1.0537003e+01  -6.6771120e-01  -6.7076842e+00
  -1.0596280e+01   1.7817379e+00  -8.1273756e+00
  -1.1167025e+01  -1.9970205e+00  -6.4840194e+00
  -1.0139685e+01   2.6251385e+00  -8.0104770e+00
  -1.4074051e+01  -3.8344082e+00  -8.3046932e+00
  -9.2881478e+00   4.0637306e+00  -7.6452859e+00
  -1.1934486e+01  -1.8174260e+00  -7.4763285e+00
  -9.2085480e+00   1.9961492e+00  -6.7404054e+00
  -1.2372268e+01  -2.6835997e+00  -7.3225161e+00
  -1.0140376e+01   2.9735070e+00  -8.1497846e+00
  -1.0595966e+01   1.9419434e+00  -8.1998787e+00
  -1.1327897e+01  -1.3296909e+00  -7.1442860e+00
  -1.0921595e+01   6.1811748e-01  -7.8934949e+00
  -1.0923851e+01  -3.8618505e-01  -7.3144223e+00
  -1.1280913e+01  -4.5239507e-03  -7.9319496e+00
  -1.0997237e+01   3.3666916e-02  -7.6469493e+00
  -1.1877976e+01   5.9573842e-01  -8.9024094e+00
  -1.0884586e+01   7.1145389e-01  -7.9038092e+00
  -1.0568596e+01  -1.0809186e+00  -6.4658768e+00
  -8.6748352e+00   1.4776899e+00  -5.8998793e+00
  -8.1427307e+00   1.5252477e+00  -5.3323541e+00
  -9.6248881e+00  -1.7044811e+00  -4.9147001e+00
  -1.1177366e+01  -1.9097696e+00  -6.5609064e+00
  -9.7735520e+00   2.3041451e+00  -7.4864112e+00
  -1.1065317e+01  -3.5403733e-01  -7.4891106e+00
  -1.0054720e+01   1.2786970e+00  -7.3050360e+00
  -1.1494089e+01  -1.8684167e+00  -6.9486372e+00
  -9.2168046e+00   2.3048954e+00  -6.8905728e+00
  -9.8168415e+00  -2.6254245e-02  -6.3119158e+00
  -1.0358447e+01   3.9377633e-01  -7.1590715e+00
