  -2.3309057e+00   3.2483125e+00   7.5918925e-01
  -6.6454779e+00   1.4507511e+00  -3.5687394e+00
  -4.9906120e+00   5.5951606e-01  -8.3280367e-01
  -6.4366453e+00   6.8669373e-01  -2.8198109e+00
  -2.5685968e+00   3.6565465e+00   1.7069471e-01
  -5.0946789e+00  -4.7925567e-01   2.8107281e-03
  -3.7915981e+00   3.2193408e+00  -1.1354473e+00
  -5.9488762e+00   7.3929994e-01  -2.2446442e+00
  -3.1584239e+00   4.2178348e+00  -8.8633546e-01
  -5.4793232e+00   9.5067115e-02  -1.1073685e+00
  -4.0063855e+00   3.7188726e+00  -1.6659090e+00
  -4.9069528e+00   3.5476677e+00  -2.6490181e+00
  -4.7344270e+00   3.1869805e+00  -2.2672467e+00
  -7.6230867e+00   1.2741452e+00  -4.6039442e+00
  -5.8511303e+00  -5.7858510e-01  -1.0115094e+00
  -5.4791187e+00   3.5756104e+00  -3.3220628e+00
  -5.7599426e+00   1.1894322e+00  -2.3245254e+00
  -4.7081521e+00   4.4599283e+00  -2.8181558e+00
  -4.9497043e+00  -1.5733799e-01  -1.0964872e-01
  -5.6734523e+00   8.3926784e-01  -1.9655393e+00
  -3.6212833e+00   2.2293826e+00  -2.7662339e-01
  -5.5178968e+00  -4.9073563e-01  -6.1692012e-01
  -4.0765082e+00   2.5201372e+00  -1.0728013e+00
  -6.8176449e+00  -1.2981972e+00  -1.6797495e+00
  -4.9549244e+00   7.5616509e-01  -9.4860910e-01
  -4.6875697e+00   3.6001792e-01  -2.2449682e-01
  -4.6161389e+00   1.5909802e+00  -1.1399256e+00
  -3.7737947e+00   2.1270419e+00  -4.0802294e-01
  -4.5992910e+00   1.4148632e+00  -9.8751997e-01
  -6.2550988e+00  -2.8516973e-01  -1.8334638e+00
  -5.8949139e+00  -7.0092638e-01  -9.5600578e-01
  -4.5703951e+00   1.8161528e+00  -1.2399689e+00
  -7.2355883e+00  -1.2988588e+00  -2.2497742e+00
  -5.4319789e+00   1.2627699e+00  -1.9612510e+00
  -6.2461018e+00   2.5348560e+00  -3.7040270e+00
  -6.5785933e+00   1.0120747e+00  -3.2139068e+00
  -6.7520879e+00   2.4129726e+00  -4.2217157e+00
  -9.7034210e+00   9.4479001e-01  -6.7486958e+00
  -4.7695046e+00   1.2158430e+00  -1.0635142e+00
  -6.6209266e+00   1.1879757e+00  -3.3777653e+00
  -5.3173061e+00   6.7286135e-01  -1.3708397e+00
  -5.1395274e+00   2.2391358e+00  -2.2289904e+00
  -5.6659997e+00   7.3733669e-01  -1.8797849e+00
  -7.1274966e+00   2.8582209e+00  -4.8561322e+00
  -6.4207988e+00  -4.8906909e-01  -1.8796640e+00
  -6.0474181e+00   3.5912613e+00  -3.9720146e+00
  -6.8458097e+00  -1.2006772e+00  -1.8116888e+00
  -4.7897720e+00   3.5640680e+00  -2.5198464e+00
  -4.4367439e+00   2.5204118e+00  -1.5290461e+00
  -5.6798963e+00   5.4531735e-01  -1.7504312e+00
  -3.9368869e+00   4.1510399e+00  -1.7909172e+00
  -4.7021967e+00   1.4037678e+00  -1.1160070e+00
  -3.9771568e+00   3.2390919e+00  -1.3769144e+00
  -4.4073146e+00   3.7483862e+00  -2.1580733e+00
  -4.7223015e+00   1.6349997e+00  -1.3102951e+00
  -4.4306859e+00   3.1064728e+00  -1.8592174e+00
  -5.0252733e+00  -1.9372929e-01  -1.8597023e-01
  -4.0350379e+00   5.9463863e+00  -2.5913495e+00
  -6.3270590e+00   1.0195651e-01  -2.2460782e+00
  -4.5839918e+00   3.5082269e+00  -2.2505424e+00
  -5.3027701e+00   2.4555586e+00  -2.5524984e+00
  -4.1800145e+00   2.0505341e+00  -8.9346761e-01
  -5.8729347e+00   2.2777119e+00  -3.1322428e+00
  -3.3876065e+00   3.4434341e+00  -7.5663915e-01
  -6.6218436e+00   9.5198950e-01  -3.2269382e+00
  -4.6289572e+00   2.7275964e+00  -1.8897187e+00
  -6.9067624e+00  -2.1457966e+00  -9.2631905e-01
  -3.7280466e+00   4.7632078e+00  -1.8138649e+00
  -7.8850817e+00  -4.4092169e-01  -3.7861822e+00
  -5.7773810e+00   2.8152989e+00  -3.3041960e+00
  -3.9055560e+00   2.1449513e+00  -5.9717009e-01
  -4.6931620e+00   2.6009565e+00  -1.8952543e+00
  -5.1308478e+00   7.3975575e-01  -1.1741340e+00
  -4.9686657e+00   2.6654508e+00  -2.2678329e+00
  -5.7743778e+00  -7.2834650e-01  -7.5489284e-01
  -3.6267780e+00   5.9091922e+00  -2.1228337e+00
  -5.8222521e+00  -1.2277655e-02  -1.4838803e+00
  -4.4398835e+00   2.7286956e+00  -1.6575512e+00
  -3.8940220e+00   3.0721379e+00  -1.1786193e+00
  -5.2850693e+00   1.6695570e+00  -2.0518956e+00
  -5.8713104e+00  -3.6788657e-01  -1.2367383e+00
  -4.4936348e+00   2.1069690e+00  -1.3382031e+00
  -6.4321062e+00   1.2502260e+00  -3.1901618e+00
  -5.0259750e+00   1.9620136e+00  -1.9172859e+00
  -6.2117715e+00  -1.3379620e+00  -7.7065965e-01
  -5.5059335e+00   2.8147573e+00  -2.9872889e+00
  -6.6119065e+00   1.0805784e+00  -3.2985354e+00
  -3.9365926e+00   3.2714010e+00  -1.3447822e+00
  -5.8111602e+00   1.5472835e+00  -2.6243494e+00
  -6.7092072e+00   1.2295890e-01  -2.7505586e+00
