  -7.6873929e+00   8.7553803e-01  -4.4417488e+00
  -8.7945319e+00  -1.0323717e+00  -4.4417488e+00
  -9.3813130e+00  -7.4581322e-01  -5.3426536e+00
  -8.5521954e+00   7.2367790e-01  -5.3426536e+00
  -8.6182718e+00   5.5460809e-02  -5.0021853e+00
  -8.7020137e+00  -9.1647226e-02  -5.0021853e+00
  -7.8511386e+00   2.3833732e+00  -5.4387568e+00
  -1.0486665e+01  -2.3271289e+00  -5.4387568e+00
  -8.7863238e+00  -1.4137446e-01  -5.0667958e+00
  -8.6425998e+00   1.1157202e-01  -5.0667958e+00
  -8.3391971e+00  -5.0520146e-01  -4.2875630e+00
  -7.8999252e+00   2.4471037e-01  -4.2875630e+00
  -8.2735050e+00   3.6409419e-01  -4.8023080e+00
  -8.6612884e+00  -3.1668295e-01  -4.8023080e+00
  -8.2774242e+00  -1.2008064e+00  -3.6777105e+00
  -6.8622890e+00   1.2078045e+00  -3.6777105e+00
  -8.5304238e+00  -6.8758557e-01  -4.3830872e+00
  -7.6616535e+00   8.2879721e-01  -4.3830872e+00
  -9.9350373e+00  -1.0910829e+00  -5.7377261e+00
  -8.6068974e+00   1.3141661e+00  -5.7377261e+00
  -8.9904857e+00  -8.5773724e-01  -4.8053262e+00
  -8.1071012e+00   6.7627194e-01  -4.8053262e+00
  -8.0968511e+00   1.2753335e+00  -5.1442892e+00
  -9.5168863e+00  -1.2386810e+00  -5.1442892e+00
  -9.9897209e+00  -1.3574889e+00  -5.6078704e+00
  -8.4195579e+00   1.4615887e+00  -5.6078704e+00
  -8.0209804e+00  -6.1229478e-01  -3.8233729e+00
  -7.2229061e+00   7.6000154e-01  -3.8233729e+00
  -9.4792605e+00  -1.2026162e+00  -5.1269407e+00
  -8.1803508e+00   1.0773529e+00  -5.1269407e+00
  -9.0746600e+00  -1.9107085e+00  -4.0781556e+00
  -6.9476007e+00   1.7197246e+00  -4.0781556e+00
  -9.6156107e+00  -2.1392479e+00  -4.5497761e+00
  -7.1553790e+00   2.1568315e+00  -4.5497761e+00
  -9.1847385e+00   5.5148145e-01  -5.9535338e+00
  -9.9120411e+00  -7.4343883e-01  -5.9535338e+00
  -8.2321765e+00   3.0666722e+00  -6.1553766e+00
  -1.1495564e+01  -2.8955717e+00  -6.1553766e+00
  -9.9642041e+00  -8.6040162e-02  -6.4393453e+00
  -9.6988250e+00   4.0368396e-01  -6.4393453e+00
  -7.9708897e+00   2.1390709e+00  -5.4542110e+00
  -1.0251690e+01  -1.9611986e+00  -5.4542110e+00
  -9.1179339e+00  -8.1565219e-02  -5.4875211e+00
  -9.3008194e+00  -3.9935928e-01  -5.4875211e+00
  -8.3807919e+00   3.9960769e-02  -4.7159000e+00
  -8.2996607e+00   1.8332588e-01  -4.7159000e+00
  -8.4082625e+00   6.8356887e-01  -5.1550275e+00
  -8.9764586e+00  -3.3777924e-01  -5.1550275e+00
  -7.5459301e+00   2.2870896e+00  -5.0537984e+00
  -1.0312336e+01  -2.5417601e+00  -5.0537984e+00
  -9.1054784e+00  -2.1801129e-01  -5.3840029e+00
  -8.8337816e+00   2.6556049e-01  -5.3840029e+00
  -8.3333635e+00   3.3395223e-02  -4.6560641e+00
  -8.4173313e+00  -1.1256102e-01  -4.6560641e+00
  -8.7193224e+00   3.5712451e-01  -5.3104634e+00
  -9.2580971e+00  -5.8711773e-01  -5.3104634e+00
  -8.7132769e+00  -1.1074217e+00  -4.2862503e+00
  -7.4458884e+00   1.0820873e+00  -4.2862503e+00
  -8.7348940e+00  -4.2120430e-01  -4.8161100e+00
  -8.2164347e+00   4.9031544e-01  -4.8161100e+00
  -1.0477026e+01  -2.1341466e+00  -5.5821104e+00
  -8.0021387e+00   2.3339923e+00  -5.5821104e+00
  -9.4222091e+00  -1.7239587e+00  -4.6562855e+00
  -7.4613068e+00   1.6991491e+00  -4.6562855e+00
  -1.0482426e+01  -1.9550853e+00  -5.7286127e+00
  -8.2635678e+00   2.0382745e+00  -5.7286127e+00
  -9.6937130e+00  -2.6403035e+00  -4.2123122e+00
  -6.5926559e+00   2.7630484e+00  -4.2123122e+00
  -1.0053080e+01  -2.7466246e+00  -4.5624670e+00
  -6.8942235e+00   2.7856155e+00  -4.5624670e+00
  -8.5633646e+00   1.8686214e-01  -5.0239523e+00
  -8.7707035e+00  -1.7837096e-01  -5.0239523e+00
  -8.3451263e+00   1.6776340e+00  -5.6380822e+00
  -1.0212096e+01  -1.6626923e+00  -5.6380822e+00
  -9.1448798e+00  -1.1881150e+00  -4.7424239e+00
  -7.8110013e+00   1.1408193e+00  -4.7424239e+00
  -8.7856485e+00  -4.5723139e-01  -4.8504827e+00
  -8.2054607e+00   5.6570431e-01  -4.8504827e+00
  -8.5241605e+00  -2.6059541e-01  -4.6801031e+00
  -8.1828629e+00   3.3762249e-01  -4.6801031e+00
  -7.7447210e+00  -7.7169132e-01  -3.3581801e+00
  -7.0012146e+00   4.6312201e-01  -3.3581801e+00
  -7.9301950e+00  -7.0992274e-01  -3.6371235e+00
  -7.0542250e+00   7.8311651e-01  -3.6371235e+00
  -7.7700099e+00   1.2318501e-01  -4.0510492e+00
  -7.5224008e+00   5.6310844e-01  -4.0510492e+00
  -8.9844417e+00  -9.9152133e-01  -4.6994077e+00
  -7.9341941e+00   8.2951284e-01  -4.6994077e+00
  -7.6816679e+00   4.4123357e-02  -3.8903305e+00
  -7.8858078e+00  -3.0075916e-01  -3.8903305e+00
