  -1.0763444e+00   4.3476524e+00   1.7508401e+00
  -4.0840970e+00  -1.2768862e-01   1.2243997e+00
  -1.7185951e+00   4.3886073e+00   8.5054919e-01
  -4.4445679e+00  -5.0396364e-02   5.5346722e-01
  -7.4613226e-01   3.6190299e+00   2.8003211e+00
  -1.7566152e+00   1.5358251e+00   3.2986881e+00
  -1.7444560e+00   2.5914631e+00   2.1566987e+00
  -2.4059153e+00   6.9070273e-01   3.1984142e+00
  -1.6819804e+00   2.9972036e+00   1.8909708e+00
  -3.9140842e+00  -3.3641850e-01   1.7762455e+00
  -2.2379003e+00   3.3172805e+00   8.3938948e-01
  -3.0129010e+00   1.0060623e+00   1.7157460e+00
  -1.6255539e+00   2.7801999e+00   2.1692825e+00
  -3.6924930e+00   8.0723524e-01   8.3621374e-01
  -2.5649950e+00   2.3573458e+00   1.1119278e+00
  -3.6704954e+00   9.0436727e-01   7.7363910e-01
  -1.6752817e+00   3.0424755e+00   1.8628212e+00
  -3.5564832e+00   1.3632378e+00   5.1398958e-01
  -1.7299430e+00   2.3619509e+00   2.4030904e+00
  -2.5677765e+00  -1.1162726e-01   4.1443414e+00
  -2.5280035e+00   1.1184833e+00   2.4144723e+00
  -2.4428014e+00   2.1072471e+00   1.5163149e+00
  -2.6956232e+00   1.4054746e+00   1.8077583e+00
  -2.0159102e+00   1.8432972e+00   2.4703155e+00
  -2.9232459e+00   1.3386520e+00   1.5089769e+00
  -3.1428246e+00   7.9551366e-01   1.7339871e+00
  -3.0725446e+00   1.2622664e+00   1.3490625e+00
  -2.7173950e+00   8.0211016e-01   2.4649236e+00
  -2.2923367e+00   1.7980054e+00   2.0574216e+00
  -2.1018136e+00   1.8293116e+00   2.3404149e+00
  -2.6491694e+00   2.1265700e+00   1.1853789e+00
  -2.9243370e+00   1.0092005e+00   1.8599452e+00
  -2.7877075e+00   1.2077506e+00   1.8683813e+00
  -2.2552282e+00   1.8640979e+00   2.0499259e+00
  -4.2921764e+00  -6.9593342e-02   8.1667519e-01
  -3.8063209e+00   2.9435985e+00  -9.9188797e-01
  -5.4324319e+00   8.0765948e-01  -1.6285922e+00
  -4.2488581e+00   3.3687364e+00  -1.7788163e+00
  -2.9201232e+00   1.0988592e+00   1.7677075e+00
  -3.1013716e+00   1.7074571e+00   8.8080306e-01
  -3.8392576e+00   5.6214562e-01   8.5739683e-01
  -3.2286895e+00   1.7451155e+00   6.5917731e-01
  -3.7477743e+00   1.1363350e+00   4.3696408e-01
  -3.4111675e+00   1.7199371e+00   4.1532235e-01
  -4.9012497e+00   1.5345361e+00  -1.4714234e+00
  -5.2722043e+00   8.9373038e-01  -1.4838165e+00
  -3.5423201e+00   8.6742377e-01   1.0094818e+00
  -2.8005936e+00   1.9264558e+00   1.1355956e+00
  -1.7849216e+00   3.1387910e+00   1.6202064e+00
  -2.2790422e+00   1.6619349e+00   2.2236005e+00
  -1.7367624e+00   3.0336342e+00   1.7777067e+00
  -3.1446193e+00   3.7043278e-01   2.2425637e+00
  -2.8412207e+00   3.2290734e+00   8.0933179e-02
  -3.4891382e+00   1.0487647e+00   9.1080300e-01
  -1.8084236e+00   3.0282948e+00   1.6750255e+00
  -2.8910110e+00   1.3679886e+00   1.5305490e+00
  -2.2588142e+00   2.9646156e+00   1.0686977e+00
  -3.5343630e+00   1.0588965e+00   8.3138189e-01
  -2.2903642e+00   2.9454081e+00   1.0383164e+00
  -2.9113063e+00   1.6723110e+00   1.2006782e+00
  -3.9700688e+00   1.4275115e+00  -1.3649347e-01
  -3.7203088e+00   6.5657312e-01   9.4647211e-01
  -3.6018375e+00   2.2197517e+00  -2.4330798e-01
  -3.4964749e+00   1.0351786e+00   9.1284287e-01
  -3.5092085e+00   1.4629031e+00   4.9479133e-01
  -3.0664968e+00   1.3571480e+00   1.2637441e+00
  -3.0579338e+00   1.9847444e+00   7.0368915e-01
  -2.8977717e+00   1.9433538e+00   9.7503005e-01
  -3.4918869e+00   1.6353980e+00   3.7050010e-01
  -4.0609170e+00   1.5980944e+00  -3.9963661e-01
  -2.4230129e+00   2.8567204e+00   9.1706595e-01
  -4.1589053e+00   1.7986411e-01   7.5682640e-01
  -2.4256557e+00   2.0547396e+00   1.5916411e+00
  -3.5624969e+00   9.3737828e-01   9.0757062e-01
  -3.5917971e+00   2.1518780e+00  -1.7973517e-01
  -4.3843568e+00   3.9931203e-01   1.8557267e-01
  -2.3719752e+00   2.4402512e+00   1.3279345e+00
  -3.1243059e+00   1.6417019e+00   9.0577649e-01
  -1.8789197e+00   2.3057526e+00   2.2165996e+00
  -2.8652444e+00   1.6039547e+00   1.3368872e+00
  -3.0162276e+00   2.1910233e+00   5.9357407e-01
  -4.9397836e+00  -2.6202506e-01   1.1909327e-02
  -1.9410597e+00   2.2098105e+00   2.2112193e+00
  -2.5849571e+00   2.0320832e+00   1.3671862e+00
  -3.0945920e+00   1.3390790e+00   1.2376357e+00
  -3.2081190e+00   7.9124300e-01   1.6297845e+00
  -1.6450231e+00   1.7003439e+00   3.2970361e+00
  -2.1678059e+00   1.5423845e+00   2.5471191e+00
  -1.3052148e+00   3.1862278e+00   2.3057033e+00
  -2.8260793e+00   1.4011602e+00   1.6006896e+00
