  -1.2705423e+00   3.6530780e+00   1.9731700e+00
  -2.9306642e+00   9.3189555e-01   1.9368003e+00
  -2.0628303e+00   3.6032450e+00   8.8358694e-01
  -4.7297321e+00   6.9368513e-01  -5.8423455e-01
  -1.0349019e+00   2.9029643e+00   3.0084838e+00
  -1.5124684e+00   1.9628221e+00   3.2166934e+00
  -1.5165350e+00   2.8132945e+00   2.3106959e+00
  -2.5483191e+00   8.9423290e-01   2.6550418e+00
  -2.0681508e+00   2.1328676e+00   2.0821401e+00
  -3.1795128e+00   8.1021242e-01   1.6561652e+00
  -2.1871347e+00   2.3234795e+00   1.7123104e+00
  -2.3272267e+00   2.5592021e+00   1.2937472e+00
  -1.7494846e+00   2.4097053e+00   2.3236253e+00
  -2.8415517e+00   1.2302907e+00   1.7549580e+00
  -2.0466233e+00   1.5187096e+00   2.7886021e+00
  -2.1822566e+00   2.6432669e+00   1.4384883e+00
  -2.1142573e+00   2.0025887e+00   2.1383829e+00
  -1.9268073e+00   2.0714435e+00   2.3760848e+00
  -1.9833761e+00   1.9529595e+00   2.4067449e+00
  -2.6691288e+00  -5.2237442e-02   3.8102964e+00
  -2.1640934e+00   9.9564347e-01   3.2426890e+00
  -2.2170067e+00   2.1058685e+00   1.8704919e+00
  -2.4014601e+00   1.4025191e+00   2.3034516e+00
  -2.6463953e+00   1.9961320e+00   1.3062414e+00
  -2.8012199e+00   5.8003401e-01   2.5972922e+00
  -1.7062122e+00   2.0580953e+00   2.7638694e+00
  -2.6285804e+00   6.3756841e-01   2.8433133e+00
  -1.4921203e+00   2.1276148e+00   3.0593359e+00
  -2.0218085e+00   1.6685289e+00   2.6563388e+00
  -1.7180788e+00   1.8015665e+00   3.0386625e+00
  -2.6436911e+00   1.1863976e+00   2.1347558e+00
  -1.4052600e+00   2.8179210e+00   2.4839822e+00
  -2.2139782e+00   1.0219655e+00   3.1111335e+00
  -1.3399708e+00   2.1798926e+00   3.2700374e+00
  -4.1677663e+00   7.6988971e-02   8.5439346e-01
  -4.9214685e+00   3.8495057e+00  -2.8043223e+00
  -5.2201256e+00   9.7748584e-01  -1.4791742e+00
  -9.6448339e+00   1.7221984e+00  -7.0816372e+00
  -3.2105843e+00   5.5518187e-01   1.8979714e+00
  -1.8315281e+00   2.7236025e+00   1.9001920e+00
  -3.3831035e+00   8.0007756e-01   1.3333148e+00
  -2.1743895e+00   2.7960170e+00   1.3237720e+00
  -3.7708430e+00   6.8162892e-01   8.4150909e-01
  -2.3569360e+00   2.3839817e+00   1.3990797e+00
  -4.3031403e+00   6.7856013e-01   4.0493443e-02
  -2.7595019e+00   2.5482165e+00   6.7659045e-01
  -3.2175605e+00   7.7022166e-01   1.6375895e+00
  -1.9486343e+00   2.2790782e+00   2.1304412e+00
  -1.2956509e+00   3.5048116e+00   2.0529608e+00
  -2.3254571e+00   1.4331681e+00   2.3992736e+00
  -2.0743602e+00   2.1272567e+00   2.0776945e+00
  -2.3801000e+00   1.1048343e+00   2.6952869e+00
  -2.1337181e+00   2.5928342e+00   1.5542711e+00
  -1.8797265e+00   2.1843929e+00   2.3372025e+00
  -1.9327270e+00   2.4733673e+00   1.9703047e+00
  -2.0022133e+00   1.8215619e+00   2.5175406e+00
  -2.1455511e+00   1.6422858e+00   2.4718343e+00
  -1.5156133e+00   2.7106738e+00   2.4088527e+00
  -2.4864972e+00   1.9609715e+00   1.5853778e+00
  -1.7303463e+00   1.8620726e+00   2.9450244e+00
  -4.2005494e+00   6.3807021e-01   2.3002048e-01
  -3.0725413e+00   1.6469215e+00   9.7892287e-01
  -3.5301722e+00   8.7228915e-01   1.0235820e+00
  -2.3332647e+00   2.2853810e+00   1.5222248e+00
  -3.6187657e+00   1.1330512e+00   6.3249820e-01
  -2.5826644e+00   1.4191663e+00   1.9793627e+00
  -3.0067813e+00   7.5771858e-01   2.0090624e+00
  -1.5192925e+00   3.2922243e+00   1.8905638e+00
  -3.7114526e+00   7.4916130e-01   8.6536029e-01
  -2.3331033e+00   2.0303251e+00   1.7597405e+00
  -2.0604072e+00   2.4446628e+00   1.7977119e+00
  -2.1566659e+00   1.8553989e+00   2.2211201e+00
  -2.2397661e+00   2.0334290e+00   1.9048733e+00
  -2.4495858e+00   1.4972037e+00   2.1166791e+00
  -2.9519329e+00   1.5243957e+00   1.2789320e+00
  -2.1179442e+00   2.4935299e+00   1.6651854e+00
  -2.3654110e+00   1.7995820e+00   1.9366737e+00
  -1.9083183e+00   1.9226029e+00   2.5665844e+00
  -2.0341619e+00   2.2630356e+00   2.0092342e+00
  -2.4746255e+00   1.8238307e+00   1.7369075e+00
  -2.3310249e+00   2.0550512e+00   1.7392818e+00
  -2.3917264e+00   2.6101866e+00   1.1566949e+00
  -1.9216516e+00   1.9817415e+00   2.4797551e+00
  -1.5900208e+00   2.0694368e+00   2.9533500e+00
  -2.4206223e+00   9.2753024e-01   2.8474711e+00
  -1.8078061e+00   2.0221804e+00   2.6290835e+00
  -1.3867781e+00   1.4229503e+00   4.1906510e+00
  -1.4743724e+00   1.6913837e+00   3.6322769e+00
  -1.3511634e+00   2.8016516e+00   2.5870272e+00
  -1.8988386e+00   1.6298968e+00   2.9197352e+00
