  -1.0013745e+00   3.8094539e+00   2.2503836e+00
  -3.7007789e+00   1.0033160e-01   1.6011929e+00
  -1.5593886e+00   4.9804427e+00   7.2787400e-01
  -4.9797914e+00   1.9970277e-01  -4.9787723e-01
  -9.1152073e-01   2.9510921e+00   3.1673454e+00
  -2.1276484e+00   9.8708163e-01   3.3254162e+00
  -1.4285472e+00   2.7031640e+00   2.5570118e+00
  -2.4096408e+00   4.9542529e-01   3.4781543e+00
  -2.0657715e+00   2.6976786e+00   1.5666674e+00
  -3.5245966e+00   2.4850724e-01   1.7248988e+00
  -2.0490292e+00   3.0838877e+00   1.2782562e+00
  -2.6361371e+00   2.0594142e+00   1.2646435e+00
  -1.4165171e+00   3.1023213e+00   2.2067590e+00
  -3.7351901e+00   4.2657023e-01   1.1680937e+00
  -1.5470455e+00   2.5594606e+00   2.5051763e+00
  -2.9429266e+00   1.7054485e+00   1.1214908e+00
  -1.6994958e+00   2.8347152e+00   2.0051841e+00
  -2.4855461e+00   1.5710921e+00   1.9776162e+00
  -1.6939304e+00   2.3013567e+00   2.5243068e+00
  -2.6973784e+00  -1.2996907e-01   3.8819316e+00
  -2.4363125e+00   5.8847276e-01   3.2855736e+00
  -2.6216865e+00   1.2507300e+00   2.0994212e+00
  -2.5896465e+00   1.0289864e+00   2.4133675e+00
  -1.9123757e+00   2.1289706e+00   2.3402850e+00
  -2.7952920e+00   9.0273349e-01   2.2037920e+00
  -2.0309063e+00   1.5522269e+00   2.7765567e+00
  -2.6241226e+00   1.1915396e+00   2.1623237e+00
  -2.3291694e+00   1.4244555e+00   2.4028447e+00
  -1.8130770e+00   1.9604475e+00   2.6880610e+00
  -2.0513306e+00   1.5973519e+00   2.6871635e+00
  -2.2836863e+00   1.5459538e+00   2.3433413e+00
  -1.7608606e+00   2.1503445e+00   2.5705713e+00
  -2.1203473e+00   1.2179267e+00   3.0289087e+00
  -1.7755217e+00   2.0777183e+00   2.6236801e+00
  -4.3725187e+00  -2.9138054e-01   9.3787727e-01
  -2.8840642e+00   2.9388740e+00   2.1811344e-01
  -5.3220547e+00   5.5997440e-01  -1.2861449e+00
  -4.5750995e+00   2.8116891e+00  -1.8717166e+00
  -3.2504413e+00   7.4775139e-01   1.6080603e+00
  -2.3767196e+00   2.1012484e+00   1.6241273e+00
  -3.4092496e+00   1.0330431e+00   1.0503843e+00
  -3.1697118e+00   2.3492594e+00   2.5326383e-01
  -3.7327761e+00   9.2522212e-01   6.5815117e-01
  -3.2961850e+00   1.5127279e+00   7.6546906e-01
  -4.6515921e+00   5.0120308e-01  -3.0266826e-01
  -3.2313815e+00   2.3173228e+00   1.9183030e-01
  -3.2424973e+00   8.5121029e-01   1.5069391e+00
  -2.0939581e+00   2.2723480e+00   1.9055850e+00
  -1.3361739e+00   3.4403144e+00   2.0443551e+00
  -2.4259782e+00   1.0344739e+00   2.7002690e+00
  -2.0058156e+00   2.7649417e+00   1.5995730e+00
  -2.6912727e+00   6.5056614e-01   2.7081999e+00
  -2.2808691e+00   3.3339138e+00   7.6837673e-01
  -2.6692809e+00   1.4872046e+00   1.7650871e+00
  -1.5796783e+00   3.3589345e+00   1.7476757e+00
  -2.9868991e+00   1.0461398e+00   1.7148475e+00
  -1.4896936e+00   2.9163336e+00   2.2584734e+00
  -2.3327491e+00   1.7915179e+00   1.9980485e+00
  -2.0301846e+00   2.8491397e+00   1.4929648e+00
  -2.3247173e+00   1.5770113e+00   2.2393190e+00
  -4.0965280e+00   1.1524894e+00  -8.3976473e-02
  -3.1996242e+00   1.2465372e+00   1.1650195e+00
  -3.5284627e+00   1.8715170e+00   1.2378854e-01
  -2.9343031e+00   1.8781381e+00   9.7811723e-01
  -3.2970504e+00   1.7545484e+00   5.5121177e-01
  -2.9977167e+00   9.3911877e-01   1.8154564e+00
  -2.3656100e+00   1.8414960e+00   1.8938803e+00
  -2.1282319e+00   2.6844707e+00   1.4843441e+00
  -3.2148949e+00   1.5238935e+00   8.7717376e-01
  -2.7915275e+00   1.7625765e+00   1.2999719e+00
  -1.9523221e+00   2.9960787e+00   1.4882938e+00
  -2.9000974e+00   1.1857738e+00   1.7065900e+00
  -2.1608235e+00   2.3822352e+00   1.6993396e+00
  -3.3561145e+00   6.3543595e-01   1.5584850e+00
  -2.7585005e+00   2.0436428e+00   1.0946231e+00
  -2.9321951e+00   1.5946383e+00   1.2420281e+00
  -2.1510377e+00   2.2629577e+00   1.8247191e+00
  -2.2491166e+00   1.7122835e+00   2.2194170e+00
  -1.9060573e+00   2.4258826e+00   2.0569436e+00
  -2.4529858e+00   1.7015796e+00   1.8948487e+00
  -2.1456763e+00   2.1404708e+00   1.9503453e+00
  -2.5518168e+00   2.0276819e+00   1.4219605e+00
  -1.7696766e+00   2.2373084e+00   2.4646693e+00
  -1.8023908e+00   1.8983811e+00   2.7763243e+00
  -2.3268470e+00   1.1913387e+00   2.6841454e+00
  -2.2155937e+00   1.4246043e+00   2.6008540e+00
  -1.2618755e+00   1.6192623e+00   4.1572493e+00
  -1.6749126e+00   1.5664752e+00   3.4132871e+00
  -1.1549788e+00   3.2002531e+00   2.5284006e+00
  -2.2234859e+00   1.4919177e+00   2.5084511e+00
