   2.3893052e+01   2.5190828e+01   2.9784764e+01
   2.3561081e+01   2.6201253e+01   2.6986419e+01
   2.1245998e+01   2.2447297e+01   2.7438793e+01
   2.3256216e+01   2.5549539e+01   2.7137812e+01
   1.7043252e+01   2.5720346e+01   1.7687772e+01
   2.3930520e+01   2.5690203e+01   2.8715894e+01
   1.6724825e+01   2.5531842e+01   1.7349825e+01
   2.4662857e+01   2.6121387e+01   3.0121015e+01
   2.0421172e+01   2.4074455e+01   2.2888485e+01
   2.2907940e+01   2.5234282e+01   2.6743413e+01
   2.3282585e+01   2.4791575e+01   2.8620619e+01
   2.4343434e+01   2.5770396e+01   2.9882601e+01
   2.3719605e+01   2.5228934e+01   2.9055450e+01
   2.4665285e+01   2.6105751e+01   3.0169074e+01
   2.1691959e+01   2.2842089e+01   2.8047228e+01
   2.3949606e+01   2.5960800e+01   2.8270761e+01
   1.6631147e+01   2.3710291e+01   1.7596615e+01
   2.2889920e+01   2.5140440e+01   2.6834986e+01
   2.1533848e+01   2.2684714e+01   2.7887517e+01
   2.3176396e+01   2.5190081e+01   2.7495458e+01
   2.5060356e+01   2.6542899e+01   3.0457948e+01
   2.4031832e+01   2.5320165e+01   2.9950388e+01
   2.5256865e+01   2.6315536e+01   3.1915818e+01
   2.4491510e+01   2.5340294e+01   3.2011543e+01
   2.3174495e+01   2.4446079e+01   2.9144751e+01
   2.3105370e+01   2.5139137e+01   2.7390755e+01
   2.4004908e+01   2.5098681e+01   3.0542301e+01
   2.4483411e+01   2.5367792e+01   3.1842147e+01
   2.2017259e+01   2.5548038e+01   2.4574923e+01
   2.4297863e+01   2.5292913e+01   3.1198104e+01
   2.2167538e+01   2.3066367e+01   2.9471661e+01
   2.3785798e+01   2.5288822e+01   2.9136674e+01
   2.3042751e+01   2.4328321e+01   2.8972578e+01
   2.3353207e+01   2.5300439e+01   2.7786967e+01
   2.3118064e+01   2.5837995e+01   2.6450856e+01
   2.1358591e+01   2.2538273e+01   2.7619424e+01
   2.3388005e+01   2.5635686e+01   2.7335827e+01
   2.1683129e+01   2.2636536e+01   2.8759777e+01
   2.1995249e+01   2.3945877e+01   2.6427689e+01
   2.0612100e+01   2.2183511e+01   2.5815274e+01
   2.2785383e+01   2.4843591e+01   2.7031086e+01
   2.1696485e+01   2.2690787e+01   2.8610128e+01
   2.3180813e+01   2.5128802e+01   2.7613751e+01
   2.1509392e+01   2.2583801e+01   2.8125565e+01
   2.1299691e+01   2.2807387e+01   2.6649151e+01
   2.1187678e+01   2.2494311e+01   2.7065318e+01
   2.1664228e+01   2.3806061e+01   2.5779249e+01
   2.0725957e+01   2.2212466e+01   2.6130216e+01
   2.4519795e+01   2.5802336e+01   3.0453827e+01
   2.5035624e+01   2.6329511e+01   3.0935497e+01
   2.2631466e+01   2.4156769e+01   2.7932745e+01
   2.3057756e+01   2.5489128e+01   2.6748456e+01
   2.3594265e+01   2.4846366e+01   2.9620941e+01
   2.5001671e+01   2.6436709e+01   3.0518515e+01
   2.3944498e+01   2.5287867e+01   2.9707606e+01
   2.4769658e+01   2.6234657e+01   3.0211379e+01
   2.1714412e+01   2.2852485e+01   2.8109632e+01
   2.4038507e+01   2.6173019e+01   2.8157467e+01
   2.2493250e+01   2.3997388e+01   2.7845868e+01
   2.3229815e+01   2.5635358e+01   2.6954771e+01
   2.3108073e+01   2.4301438e+01   2.9317313e+01
   2.3379559e+01   2.5409541e+01   2.7670488e+01
   2.4129022e+01   2.4925241e+01   3.1902515e+01
   2.5256032e+01   2.6150982e+01   3.2566205e+01
   2.4535381e+01   2.5422941e+01   3.1879913e+01
   2.5014407e+01   2.5996877e+01   3.1961941e+01
   2.2099605e+01   2.2957414e+01   2.9587319e+01
   2.4301280e+01   2.5949920e+01   2.9317160e+01
   2.2995703e+01   2.4147847e+01   2.9338502e+01
   2.3571341e+01   2.5514037e+01   2.8012519e+01
   2.1075145e+01   2.4665234e+01   2.3588830e+01
   2.3256749e+01   2.4496742e+01   2.9321049e+01
   2.2930110e+01   2.4988461e+01   2.7175110e+01
   2.2984229e+01   2.4297605e+01   2.8834449e+01
   2.1047340e+01   2.2677213e+01   2.6116507e+01
   2.2420584e+01   2.4180206e+01   2.7210933e+01
   2.1592868e+01   2.3471570e+01   2.6157156e+01
   2.1820447e+01   2.3704947e+01   2.6373027e+01
   2.4537429e+01   2.5483844e+01   3.1631340e+01
   2.3606926e+01   2.4939611e+01   2.9400713e+01
   2.2164957e+01   2.3061150e+01   2.9480587e+01
   2.3192399e+01   2.4862378e+01   2.8165552e+01
   2.3002779e+01   2.4223809e+01   2.9125969e+01
   2.2908218e+01   2.4715331e+01   2.7603117e+01
   2.1983052e+01   2.2943687e+01   2.9028771e+01
   2.3685466e+01   2.5340405e+01   2.8689392e+01
   2.2826703e+01   2.4132922e+01   2.8697876e+01
   2.3063466e+01   2.5040590e+01   2.7445679e+01
   2.2287706e+01   2.4021384e+01   2.7131076e+01
   2.1150947e+01   2.2644452e+01   2.6535655e+01
