   2.4869866e+01   2.5313488e+01   3.5010256e+01
   2.4538370e+01   2.6835511e+01   2.8411388e+01
   2.2553049e+01   2.2992421e+01   3.2742149e+01
   2.5764283e+01   2.6852161e+01   3.2317872e+01
   1.7455140e+01   2.7137223e+01   1.7957907e+01
   2.6092668e+01   2.6887357e+01   3.3868709e+01
   1.7002353e+01   2.6355416e+01   1.7548180e+01
   2.6420448e+01   2.7004216e+01   3.5433156e+01
   2.2052462e+01   2.6121180e+01   2.4223005e+01
   2.6292653e+01   2.6874352e+01   3.5320026e+01
   2.4866302e+01   2.5377316e+01   3.4425395e+01
   2.6034524e+01   2.6660145e+01   3.4767669e+01
   2.5228936e+01   2.5924945e+01   3.3535074e+01
   2.6464396e+01   2.7034209e+01   3.5575298e+01
   2.2904814e+01   2.3338865e+01   3.3142553e+01
   2.6140564e+01   2.7051572e+01   3.3379284e+01
   1.7198487e+01   2.5279822e+01   1.7945599e+01
   2.6094895e+01   2.6877294e+01   3.3932688e+01
   2.2558928e+01   2.3082370e+01   3.2028482e+01
   2.4473866e+01   2.5332053e+01   3.1950625e+01
   2.6443508e+01   2.7311561e+01   3.3870748e+01
   2.4923479e+01   2.5484264e+01   3.4102999e+01
   2.5910054e+01   2.6573609e+01   3.4406230e+01
   2.5069157e+01   2.5459570e+01   3.5737838e+01
   2.5690663e+01   2.6212202e+01   3.5164181e+01
   2.4876829e+01   2.5305094e+01   3.5162703e+01
   2.4644330e+01   2.5389029e+01   3.2681937e+01
   2.5083491e+01   2.5508998e+01   3.5395474e+01
   2.2471992e+01   2.5913961e+01   2.5100789e+01
   2.5022208e+01   2.5442008e+01   3.5390216e+01
   2.2808233e+01   2.3273907e+01   3.2756401e+01
   2.4726118e+01   2.5427862e+01   3.3000754e+01
   2.4773133e+01   2.5375488e+01   3.3662731e+01
   2.4956097e+01   2.5500174e+01   3.4258758e+01
   2.5155953e+01   2.7295361e+01   2.9264828e+01
   2.2487846e+01   2.3127177e+01   3.1145266e+01
   2.4814232e+01   2.6556385e+01   2.9632794e+01
   2.2519113e+01   2.3079373e+01   3.1711501e+01
   2.5079618e+01   2.6209311e+01   3.1490848e+01
   2.2535743e+01   2.3089496e+01   3.1775632e+01
   2.4058897e+01   2.5376440e+01   2.9893796e+01
   2.2631807e+01   2.3179936e+01   3.1912833e+01
   2.4806292e+01   2.5913483e+01   3.1294866e+01
   2.2567018e+01   2.3122764e+01   3.1792116e+01
   2.2600429e+01   2.3374786e+01   3.0490206e+01
   2.2320667e+01   2.2966126e+01   3.0940438e+01
   2.3921110e+01   2.5362653e+01   2.9424145e+01
   2.2591190e+01   2.3178455e+01   3.1591856e+01
   2.5938542e+01   2.6534562e+01   3.4868016e+01
   2.6708402e+01   2.7313440e+01   3.5575476e+01
   2.5644291e+01   2.6184106e+01   3.4977238e+01
   2.6578297e+01   2.7246196e+01   3.5046884e+01
   2.4843649e+01   2.5368741e+01   3.4291637e+01
   2.6587295e+01   2.7287064e+01   3.4868880e+01
   2.5348374e+01   2.5910142e+01   3.4519625e+01
   2.6607942e+01   2.7292978e+01   3.4974765e+01
   2.2860850e+01   2.3294765e+01   3.3100092e+01
   2.6139503e+01   2.7277906e+01   3.2519282e+01
   2.4834373e+01   2.5373874e+01   3.4171836e+01
   2.6521892e+01   2.7288549e+01   3.4439518e+01
   2.5852503e+01   2.6162465e+01   3.7481805e+01
   2.6172349e+01   2.6577485e+01   3.6684716e+01
   2.5048592e+01   2.5358262e+01   3.6683984e+01
   2.6161291e+01   2.6571427e+01   3.6622865e+01
   2.5596321e+01   2.5919471e+01   3.7051793e+01
   2.6197302e+01   2.6575354e+01   3.6996829e+01
   2.3011049e+01   2.3363397e+01   3.4114136e+01
   2.5709175e+01   2.6524627e+01   3.3384042e+01
   2.4997554e+01   2.5349541e+01   3.6097591e+01
   2.6088918e+01   2.6593739e+01   3.5694859e+01
   2.2427923e+01   2.5331128e+01   2.5560733e+01
   2.5724078e+01   2.6116664e+01   3.6367999e+01
   2.5489582e+01   2.5903220e+01   3.5917540e+01
   2.5731759e+01   2.6118254e+01   3.6440582e+01
   2.2935049e+01   2.3326271e+01   3.3602954e+01
   2.5404510e+01   2.6099927e+01   3.3713616e+01
   2.4933371e+01   2.5363661e+01   3.5199583e+01
   2.5636103e+01   2.6124423e+01   3.5379362e+01
   2.5497647e+01   2.5916460e+01   3.5874117e+01
   2.4527788e+01   2.5403277e+01   3.1926014e+01
   2.2956981e+01   2.3346457e+01   3.3643350e+01
   2.4403178e+01   2.5393216e+01   3.1322649e+01
   2.4895288e+01   2.5328944e+01   3.5129411e+01
   2.4936546e+01   2.5406050e+01   3.4843121e+01
   2.2892626e+01   2.3301143e+01   3.3381281e+01
   2.5219845e+01   2.5960516e+01   3.3277504e+01
   2.4904179e+01   2.5361974e+01   3.4914816e+01
   2.5442897e+01   2.5980374e+01   3.4794054e+01
   2.4405295e+01   2.5375275e+01   3.1404057e+01
   2.2755558e+01   2.3296476e+01   3.2090020e+01
