   2.5102139e+01   2.5468896e+01   3.6030594e+01
   2.4678590e+01   2.6918793e+01   2.8634440e+01
   2.2995098e+01   2.3365660e+01   3.3888256e+01
   2.6035661e+01   2.6920567e+01   3.3388289e+01
   1.7506282e+01   2.7387107e+01   1.7985222e+01
   2.6421466e+01   2.6995791e+01   3.5500389e+01
   1.7043543e+01   2.6587260e+01   1.7564426e+01
   2.6632497e+01   2.7107677e+01   3.6485623e+01
   2.2096907e+01   2.6148837e+01   2.4278235e+01
   2.6508937e+01   2.6973127e+01   3.6458568e+01
   2.5081522e+01   2.5528987e+01   3.5185735e+01
   2.6229242e+01   2.6771240e+01   3.5544420e+01
   2.5497083e+01   2.6182758e+01   3.3862516e+01
   2.6604592e+01   2.7135155e+01   3.6006038e+01
   2.3231269e+01   2.3692208e+01   3.3219628e+01
   2.6231585e+01   2.7169472e+01   3.3356759e+01
   1.7232101e+01   2.5366298e+01   1.7969292e+01
   2.6354572e+01   2.6991836e+01   3.5012630e+01
   2.2959424e+01   2.3401967e+01   3.3116897e+01
   2.4708231e+01   2.5406853e+01   3.3000765e+01
   2.6814150e+01   2.7538331e+01   3.4958230e+01
   2.5157601e+01   2.5557956e+01   3.5721693e+01
   2.6202738e+01   2.6772793e+01   3.5312442e+01
   2.5245355e+01   2.5548068e+01   3.6975452e+01
   2.5792491e+01   2.6207898e+01   3.6202031e+01
   2.5064251e+01   2.5386015e+01   3.6539164e+01
   2.4820899e+01   2.5528737e+01   3.3060658e+01
   2.5214324e+01   2.5582409e+01   3.6127427e+01
   2.2606941e+01   2.6166235e+01   2.5140410e+01
   2.5106987e+01   2.5504413e+01   3.5701677e+01
   2.3195735e+01   2.3674290e+01   3.3029940e+01
   2.4817006e+01   2.5502717e+01   3.3183997e+01
   2.4974125e+01   2.5462734e+01   3.4716699e+01
   2.5148037e+01   2.5562821e+01   3.5565446e+01
   2.5642445e+01   2.7524288e+01   3.0189125e+01
   2.2741806e+01   2.3180046e+01   3.2940639e+01
   2.5237473e+01   2.6756876e+01   3.0545316e+01
   2.2760898e+01   2.3167790e+01   3.3266694e+01
   2.5345608e+01   2.6212792e+01   3.2779091e+01
   2.2750073e+01   2.3150442e+01   3.3322931e+01
   2.4373773e+01   2.5519196e+01   3.0734255e+01
   2.2806125e+01   2.3211323e+01   3.3329001e+01
   2.5227776e+01   2.6165619e+01   3.2355293e+01
   2.2725068e+01   2.3165805e+01   3.2900519e+01
   2.2974151e+01   2.3698837e+01   3.1126297e+01
   2.2525792e+01   2.3108522e+01   3.1558245e+01
   2.4181705e+01   2.5446114e+01   3.0169924e+01
   2.2746745e+01   2.3184662e+01   3.2948592e+01
   2.6292163e+01   2.6758376e+01   3.6224333e+01
   2.6987541e+01   2.7457181e+01   3.6888232e+01
   2.5785564e+01   2.6201308e+01   3.6191766e+01
   2.6867373e+01   2.7381906e+01   3.6393738e+01
   2.5106711e+01   2.5523504e+01   3.5504232e+01
   2.6852198e+01   2.7410053e+01   3.6048650e+01
   2.5669287e+01   2.6168082e+01   3.5325401e+01
   2.6715814e+01   2.7384629e+01   3.5178637e+01
   2.3201289e+01   2.3657112e+01   3.3235764e+01
   2.6221355e+01   2.7416650e+01   3.2416261e+01
   2.5000642e+01   2.5450819e+01   3.5080160e+01
   2.6762250e+01   2.7412517e+01   3.5338130e+01
   2.5912062e+01   2.6187427e+01   3.8038209e+01
   2.6334495e+01   2.6661847e+01   3.7734192e+01
   2.5225914e+01   2.5509453e+01   3.7230818e+01
   2.6298000e+01   2.6659789e+01   3.7280287e+01
   2.5836416e+01   2.6178058e+01   3.7058705e+01
   2.6265526e+01   2.6652681e+01   3.6966039e+01
   2.3314461e+01   2.3696526e+01   3.4079066e+01
   2.5778781e+01   2.6623739e+01   3.3313342e+01
   2.5130754e+01   2.5436685e+01   3.6816833e+01
   2.6242237e+01   2.6663777e+01   3.6590107e+01
   2.2533643e+01   2.5486893e+01   2.5614011e+01
   2.5829202e+01   2.6178548e+01   3.6958453e+01
   2.5769155e+01   2.6167517e+01   3.6352363e+01
   2.5807665e+01   2.6182870e+01   3.6639521e+01
   2.3268986e+01   2.3681214e+01   3.3718505e+01
   2.5463827e+01   2.6178772e+01   3.3661969e+01
   2.5074640e+01   2.5446203e+01   3.5949001e+01
   2.5762570e+01   2.6177044e+01   3.6181496e+01
   2.5753810e+01   2.6177507e+01   3.6081690e+01
   2.4579066e+01   2.5450480e+01   3.1995449e+01
   2.3296803e+01   2.3726473e+01   3.3574742e+01
   2.4433800e+01   2.5445986e+01   3.1267682e+01
   2.5035955e+01   2.5422290e+01   3.5748337e+01
   2.5056944e+01   2.5458660e+01   3.5607248e+01
   2.3241423e+01   2.3684872e+01   3.3389219e+01
   2.5247773e+01   2.6000635e+01   3.3240351e+01
   2.5031097e+01   2.5449755e+01   3.5410364e+01
   2.5542941e+01   2.6008786e+01   3.5480083e+01
   2.4577510e+01   2.5449640e+01   3.1990681e+01
   2.2893506e+01   2.3352607e+01   3.2899814e+01
