   2.5113937e+01   2.5472574e+01   3.6135611e+01
   2.4669857e+01   2.6916998e+01   2.8615452e+01
   2.2922826e+01   2.3359998e+01   3.3130888e+01
   2.5836740e+01   2.6909172e+01   3.2444912e+01
   1.7509935e+01   2.7402257e+01   1.7987532e+01
   2.6425419e+01   2.7010208e+01   3.5431022e+01
   1.7045587e+01   2.6597490e+01   1.7565426e+01
   2.6639236e+01   2.7113570e+01   3.6499674e+01
   2.2105822e+01   2.6161270e+01   2.4284840e+01
   2.6514231e+01   2.6972423e+01   3.6517395e+01
   2.5091350e+01   2.5517801e+01   3.5394151e+01
   2.6255276e+01   2.6775993e+01   3.5733969e+01
   2.5488499e+01   2.6172605e+01   3.3863139e+01
   2.6599740e+01   2.7140567e+01   3.5922984e+01
   2.3182667e+01   2.3651951e+01   3.3097379e+01
   2.6190187e+01   2.7172399e+01   3.3136153e+01
   1.7237491e+01   2.5385032e+01   1.7972210e+01
   2.6351525e+01   2.6990926e+01   3.4996086e+01
   2.2933039e+01   2.3386829e+01   3.2987113e+01
   2.4641785e+01   2.5407808e+01   3.2567079e+01
   2.6888397e+01   2.7550981e+01   3.5388534e+01
   2.5189237e+01   2.5563246e+01   3.6035962e+01
   2.6230086e+01   2.6779956e+01   3.5486473e+01
   2.5263770e+01   2.5554962e+01   3.7156684e+01
   2.5803396e+01   2.6216376e+01   3.6237163e+01
   2.5064291e+01   2.5387103e+01   3.6525586e+01
   2.4811802e+01   2.5514617e+01   3.3080086e+01
   2.5219857e+01   2.5590156e+01   3.6107983e+01
   2.2600255e+01   2.6156193e+01   2.5136391e+01
   2.5096925e+01   2.5506743e+01   3.5564357e+01
   2.3163646e+01   2.3645342e+01   3.2971100e+01
   2.4801557e+01   2.5513439e+01   3.3018585e+01
   2.4998287e+01   2.5481137e+01   3.4789467e+01
   2.5143604e+01   2.5560727e+01   3.5537756e+01
   2.5701409e+01   2.7538158e+01   3.0332459e+01
   2.2757304e+01   2.3181137e+01   3.3094220e+01
   2.5310772e+01   2.6766359e+01   3.0774852e+01
   2.2796079e+01   2.3168403e+01   3.3670429e+01
   2.5377079e+01   2.6222265e+01   3.2911492e+01
   2.2756945e+01   2.3147479e+01   3.3432996e+01
   2.4392778e+01   2.5507546e+01   3.0856447e+01
   2.2815092e+01   2.3204558e+01   3.3502238e+01
   2.5251030e+01   2.6154713e+01   3.2523236e+01
   2.2734478e+01   2.3164898e+01   3.3007731e+01
   2.2931231e+01   2.3654132e+01   3.1093409e+01
   2.2515651e+01   2.3111280e+01   3.1459311e+01
   2.4225791e+01   2.5465665e+01   3.0287378e+01
   2.2760987e+01   2.3186432e+01   3.3082180e+01
   2.6323337e+01   2.6766735e+01   3.6462189e+01
   2.7006592e+01   2.7454582e+01   3.7101617e+01
   2.5805029e+01   2.6213377e+01   3.6285519e+01
   2.6871676e+01   2.7382690e+01   3.6426128e+01
   2.5099287e+01   2.5510926e+01   3.5548349e+01
   2.6851859e+01   2.7411054e+01   3.6038546e+01
   2.5654027e+01   2.6158012e+01   3.5267759e+01
   2.6706555e+01   2.7408601e+01   3.4974916e+01
   2.3153176e+01   2.3621024e+01   3.3080622e+01
   2.6157442e+01   2.7431091e+01   3.2113900e+01
   2.5034286e+01   2.5469807e+01   3.5250280e+01
   2.6769058e+01   2.7412434e+01   3.5387845e+01
   2.5923796e+01   2.6198353e+01   3.8062276e+01
   2.6337183e+01   2.6667593e+01   3.7697997e+01
   2.5211777e+01   2.5497061e+01   3.7190936e+01
   2.6288326e+01   2.6657640e+01   3.7184924e+01
   2.5809183e+01   2.6167740e+01   3.6829972e+01
   2.6240823e+01   2.6655890e+01   3.6652737e+01
   2.3243165e+01   2.3653282e+01   3.3714062e+01
   2.5709117e+01   2.6627394e+01   3.2917709e+01
   2.5144971e+01   2.5456483e+01   3.6755237e+01
   2.6223869e+01   2.6665859e+01   3.6376060e+01
   2.2529275e+01   2.5473964e+01   2.5618488e+01
   2.5814044e+01   2.6162662e+01   3.6952030e+01
   2.5758122e+01   2.6158550e+01   3.6319902e+01
   2.5772379e+01   2.6174072e+01   3.6321040e+01
   2.3207902e+01   2.3640535e+01   3.3457812e+01
   2.5403472e+01   2.6178898e+01   3.3278308e+01
   2.5097369e+01   2.5464969e+01   3.6016285e+01
   2.5753898e+01   2.6176335e+01   3.6094090e+01
   2.5733522e+01   2.6169677e+01   3.5941688e+01
   2.4559900e+01   2.5446035e+01   3.1910658e+01
   2.3241186e+01   2.3690172e+01   3.3337795e+01
   2.4394991e+01   2.5451441e+01   3.1064228e+01
   2.5044848e+01   2.5441277e+01   3.5650130e+01
   2.5030258e+01   2.5451201e+01   3.5387003e+01
   2.3191400e+01   2.3651520e+01   3.3187253e+01
   2.5206344e+01   2.6007262e+01   3.2953488e+01
   2.5045327e+01   2.5468921e+01   3.5376066e+01
   2.5526207e+01   2.6008574e+01   3.5320095e+01
   2.4604341e+01   2.5468694e+01   3.2052593e+01
   2.2904938e+01   2.3366221e+01   3.2891670e+01
