   2.4816237e+01   2.5292082e+01   3.4667997e+01
   2.4491753e+01   2.6826058e+01   2.8312030e+01
   2.2368186e+01   2.2896160e+01   3.1803455e+01
   2.5530543e+01   2.6839959e+01   3.1384863e+01
   1.7441341e+01   2.7118343e+01   1.7944758e+01
   2.5980185e+01   2.6881968e+01   3.3258995e+01
   1.7000057e+01   2.6367029e+01   1.7544034e+01
   2.6373925e+01   2.6994927e+01   3.5136312e+01
   2.2052234e+01   2.6140422e+01   2.4210231e+01
   2.6233102e+01   2.6850615e+01   3.5018548e+01
   2.4792976e+01   2.5334662e+01   3.4114068e+01
   2.5964169e+01   2.6647291e+01   3.4343501e+01
   2.5187043e+01   2.5898461e+01   3.3405643e+01
   2.6416482e+01   2.7017521e+01   3.5310975e+01
   2.2806840e+01   2.3259591e+01   3.2870956e+01
   2.6044412e+01   2.7012610e+01   3.3046353e+01
   1.7196743e+01   2.5271553e+01   1.7945082e+01
   2.6053513e+01   2.6859191e+01   3.3775300e+01
   2.2432006e+01   2.2999736e+01   3.1570920e+01
   2.4362754e+01   2.5315091e+01   3.1432917e+01
   2.6340862e+01   2.7296747e+01   3.3391914e+01
   2.4835265e+01   2.5475531e+01   3.3477995e+01
   2.5918359e+01   2.6590670e+01   3.4361828e+01
   2.5039120e+01   2.5440708e+01   3.5590793e+01
   2.5715286e+01   2.6239097e+01   3.5170972e+01
   2.4850072e+01   2.5290647e+01   3.5018964e+01
   2.4548720e+01   2.5341190e+01   3.2339622e+01
   2.4999568e+01   2.5494308e+01   3.4690900e+01
   2.2435913e+01   2.5891817e+01   2.5053275e+01
   2.4959418e+01   2.5430580e+01   3.4851427e+01
   2.2722573e+01   2.3188045e+01   3.2672933e+01
   2.4692239e+01   2.5413947e+01   3.2854790e+01
   2.4775081e+01   2.5369562e+01   3.3717991e+01
   2.4951119e+01   2.5498148e+01   3.4231730e+01
   2.4930879e+01   2.7282046e+01   2.8726676e+01
   2.2333946e+01   2.3100177e+01   3.0266890e+01
   2.4730040e+01   2.6573640e+01   2.9350007e+01
   2.2434378e+01   2.3056237e+01   3.1203951e+01
   2.4995005e+01   2.6233477e+01   3.1058842e+01
   2.2446762e+01   2.3066302e+01   3.1231382e+01
   2.3976623e+01   2.5337253e+01   2.9692321e+01
   2.2576278e+01   2.3168350e+01   3.1543942e+01
   2.4762834e+01   2.5885188e+01   3.1199662e+01
   2.2538048e+01   2.3109072e+01   3.1652909e+01
   2.2493789e+01   2.3307255e+01   3.0188855e+01
   2.2239315e+01   2.2936667e+01   3.0548681e+01
   2.3884996e+01   2.5359662e+01   2.9305016e+01
   2.2549964e+01   2.3171560e+01   3.1320694e+01
   2.5916559e+01   2.6548157e+01   3.4611573e+01
   2.6629398e+01   2.7299154e+01   3.5086727e+01
   2.5665594e+01   2.6204635e+01   3.5004344e+01
   2.6532721e+01   2.7225116e+01   3.4856843e+01
   2.4788089e+01   2.5323773e+01   3.4154660e+01
   2.6519226e+01   2.7263989e+01   3.4552095e+01
   2.5316334e+01   2.5883799e+01   3.4446618e+01
   2.6555995e+01   2.7271022e+01   3.4751355e+01
   2.2776751e+01   2.3209517e+01   3.3027342e+01
   2.6086015e+01   2.7257778e+01   3.2356333e+01
   2.4725449e+01   2.5373236e+01   3.3321425e+01
   2.6316262e+01   2.7257326e+01   3.3428110e+01
   2.5880799e+01   2.6183883e+01   3.7604109e+01
   2.6147196e+01   2.6555696e+01   3.6625364e+01
   2.4983138e+01   2.5312734e+01   3.6357679e+01
   2.6117468e+01   2.6560795e+01   3.6257425e+01
   2.5567450e+01   2.5893859e+01   3.6981029e+01
   2.6180813e+01   2.6566800e+01   3.6894064e+01
   2.2953958e+01   2.3286652e+01   3.4296971e+01
   2.5701168e+01   2.6491630e+01   3.3499172e+01
   2.4966558e+01   2.5343329e+01   3.5783318e+01
   2.6029914e+01   2.6569927e+01   3.5360482e+01
   2.2399835e+01   2.5286264e+01   2.5550482e+01
   2.5683441e+01   2.6098140e+01   3.6100299e+01
   2.5462375e+01   2.5876494e+01   3.5885594e+01
   2.5707490e+01   2.6108649e+01   3.6261828e+01
   2.2888260e+01   2.3251357e+01   3.3866658e+01
   2.5391378e+01   2.6055864e+01   3.3883129e+01
   2.4919195e+01   2.5356868e+01   3.5115175e+01
   2.5593274e+01   2.6106215e+01   3.5135025e+01
   2.5458163e+01   2.5889578e+01   3.5712156e+01
   2.4500953e+01   2.5388101e+01   3.1847405e+01
   2.2890581e+01   2.3256000e+01   3.3842415e+01
   2.4402524e+01   2.5367528e+01   3.1421246e+01
   2.4886416e+01   2.5322675e+01   3.5095845e+01
   2.4915436e+01   2.5392827e+01   3.4753575e+01
   2.2829337e+01   2.3218565e+01   3.3518942e+01
   2.5224285e+01   2.5947612e+01   3.3376453e+01
   2.4893742e+01   2.5355888e+01   3.4865455e+01
   2.5416200e+01   2.5963078e+01   3.4696695e+01
   2.4403673e+01   2.5371705e+01   3.1410237e+01
   2.2733472e+01   2.3275217e+01   3.2061808e+01
