   2.2211240e+01   2.4539913e+01   2.6045673e+01
   2.2664643e+01   2.7207518e+01   2.4552644e+01
   1.8524221e+01   2.1440643e+01   2.1661531e+01
   2.0559571e+01   2.7084580e+01   2.1661541e+01
   1.7009971e+01   2.6637468e+01   1.7520388e+01
   2.3996580e+01   2.6795462e+01   2.7238193e+01
   1.6592602e+01   2.5798349e+01   1.7159521e+01
   2.4230462e+01   2.7098825e+01   2.7395958e+01
   2.0977934e+01   2.5441424e+01   2.2913679e+01
   2.4418301e+01   2.6875781e+01   2.8071105e+01
   2.2341472e+01   2.5121908e+01   2.5607817e+01
   2.3157668e+01   2.6744573e+01   2.5668202e+01
   2.1782944e+01   2.5877468e+01   2.3937549e+01
   2.2367455e+01   2.7160198e+01   2.4125986e+01
   1.5118887e+01   2.3249187e+01   1.5864686e+01
   1.5576855e+01   2.6539157e+01   1.5949194e+01
   1.6679465e+01   2.4995663e+01   1.7385534e+01
   2.3407211e+01   2.6746446e+01   2.6120921e+01
   2.0633730e+01   2.2757827e+01   2.4781631e+01
   2.1963901e+01   2.4951394e+01   2.5010994e+01
   2.3015817e+01   2.7384810e+01   2.5000654e+01
   2.2041838e+01   2.4970549e+01   2.5149095e+01
   2.3426506e+01   2.6596696e+01   2.6292092e+01
   2.2427154e+01   2.4556005e+01   2.6559761e+01
   2.1538522e+01   2.6475081e+01   2.3228830e+01
   2.0957806e+01   2.4786586e+01   2.3294091e+01
   1.1776132e+01   2.2968927e+01   1.2141203e+01
   1.1977134e+01   2.5206942e+01   1.2201721e+01
   1.0976317e+01   2.4075370e+01   1.1211418e+01
   1.1178262e+01   2.5124721e+01   1.1370252e+01
   1.5402802e+01   2.0622301e+01   1.6993278e+01
   1.6406101e+01   2.4725579e+01   1.7112483e+01
   1.4394746e+01   1.9574746e+01   1.6012479e+01
   1.5548268e+01   2.5619923e+01   1.6009845e+01
   2.0718812e+01   2.7215651e+01   2.1828630e+01
   1.9242267e+01   2.2262689e+01   2.2268186e+01
   2.0113434e+01   2.6508625e+01   2.1254502e+01
   1.8560812e+01   2.1551573e+01   2.1621016e+01
   2.0489405e+01   2.6135808e+01   2.1881610e+01
   1.9101545e+01   2.2179701e+01   2.2071246e+01
   1.9252121e+01   2.5690785e+01   2.0382340e+01
   1.8655903e+01   2.3088386e+01   2.0617908e+01
   1.8991434e+01   2.5838313e+01   2.0008294e+01
   1.8219493e+01   2.2770924e+01   2.0117498e+01
   1.2989231e+01   1.8715165e+01   1.4399449e+01
   1.3150335e+01   1.9158557e+01   1.4456254e+01
   1.9333033e+01   2.5618259e+01   2.0509573e+01
   1.8885376e+01   2.3372412e+01   2.0815601e+01
   2.3751927e+01   2.6114993e+01   2.7533713e+01
   2.4505707e+01   2.7257153e+01   2.7799432e+01
   2.3555321e+01   2.5677237e+01   2.7695463e+01
   2.4476564e+01   2.7157574e+01   2.7851533e+01
   2.2342971e+01   2.5016861e+01   2.5731604e+01
   2.3528596e+01   2.7353360e+01   2.5861301e+01
   2.2803237e+01   2.5763236e+01   2.5875932e+01
   2.3372405e+01   2.7088370e+01   2.5784316e+01
   1.8000753e+01   2.2985984e+01   1.9680267e+01
   1.9002889e+01   2.6943935e+01   1.9772255e+01
   2.2921174e+01   2.5253592e+01   2.6748029e+01
   2.4040259e+01   2.7126337e+01   2.6984488e+01
   2.4148734e+01   2.5587821e+01   2.9657379e+01
   2.4717515e+01   2.6414685e+01   2.9628993e+01
   2.0961872e+01   2.4870734e+01   2.3242155e+01
   2.1543347e+01   2.6452869e+01   2.3246539e+01
   1.8865894e+01   2.5184771e+01   2.0033382e+01
   1.9131196e+01   2.6497574e+01   2.0020736e+01
   1.8306479e+01   2.3776079e+01   1.9774412e+01
   1.8725788e+01   2.5837640e+01   1.9676190e+01
   2.0079681e+01   2.4928072e+01   2.1816454e+01
   2.0599078e+01   2.6504781e+01   2.1897151e+01
   2.2086566e+01   2.4769455e+01   2.5465445e+01
   2.5685018e+01   2.6195246e+01   3.5248247e+01
   2.4806447e+01   2.5370283e+01   3.3964222e+01
   2.5518126e+01   2.6160951e+01   3.4142991e+01
   2.2560672e+01   2.3290152e+01   3.0688329e+01
   2.4438011e+01   2.5658638e+01   3.0557840e+01
   2.4393471e+01   2.5047848e+01   3.2949683e+01
   2.5330123e+01   2.6112814e+01   3.3168148e+01
   2.4959925e+01   2.5396564e+01   3.5165545e+01
   2.4398267e+01   2.5306396e+01   3.1653570e+01
   2.1577526e+01   2.2509537e+01   2.8743132e+01
   2.3283403e+01   2.5148654e+01   2.7866423e+01
   2.4281211e+01   2.4831803e+01   3.3537391e+01
   2.4813293e+01   2.5454009e+01   3.3453257e+01
   2.1693221e+01   2.2540806e+01   2.9230264e+01
   2.4163412e+01   2.5784587e+01   2.9239807e+01
   2.4289142e+01   2.4889116e+01   3.3196262e+01
   2.5214668e+01   2.5972474e+01   3.3181290e+01
   2.2775653e+01   2.5243919e+01   2.6418380e+01
   2.0822696e+01   2.2108030e+01   2.6763857e+01
