   2.4497004e+01   2.5156083e+01   3.3024077e+01
   2.4252328e+01   2.6801259e+01   2.7787962e+01
   2.2138602e+01   2.3048004e+01   2.9397125e+01
   2.4743924e+01   2.6763468e+01   2.9049086e+01
   1.7350308e+01   2.6974020e+01   1.7860487e+01
   2.5077314e+01   2.6701665e+01   3.0144520e+01
   1.6983875e+01   2.6416931e+01   1.7519167e+01
   2.6004407e+01   2.6882277e+01   3.3388383e+01
   2.1828663e+01   2.5916573e+01   2.3987395e+01
   2.5576074e+01   2.6740739e+01   3.1870423e+01
   2.4807554e+01   2.5408607e+01   3.3705810e+01
   2.5751512e+01   2.6558731e+01   3.3466381e+01
   2.5245340e+01   2.6134616e+01   3.2580434e+01
   2.6112482e+01   2.6905172e+01   3.3898453e+01
   2.2730082e+01   2.3962184e+01   2.8820364e+01
   2.4737697e+01   2.6769332e+01   2.9022501e+01
   1.7079760e+01   2.5209073e+01   1.7818302e+01
   2.5080860e+01   2.6682437e+01   3.0198744e+01
   2.2417542e+01   2.3497835e+01   2.9008289e+01
   2.3612626e+01   2.5172060e+01   2.8830391e+01
   2.5769051e+01   2.7230595e+01   3.1217280e+01
   2.4072578e+01   2.5296730e+01   3.0182585e+01
   2.5899280e+01   2.6754077e+01   3.3388046e+01
   2.4620477e+01   2.5188342e+01   3.3749836e+01
   2.5406250e+01   2.6150396e+01   3.3444796e+01
   2.4359165e+01   2.5139477e+01   3.2211920e+01
   2.4704783e+01   2.5526923e+01   3.2349907e+01
   2.4855755e+01   2.5406491e+01   3.4109107e+01
   2.2530618e+01   2.6264530e+01   2.4931081e+01
   2.4702607e+01   2.5310071e+01   3.3558211e+01
   2.1339878e+01   2.2971875e+01   2.6402854e+01
   2.2786557e+01   2.5204400e+01   2.6496180e+01
   2.4561264e+01   2.5312192e+01   3.2565943e+01
   2.4627966e+01   2.5425178e+01   3.2395018e+01
   2.4280179e+01   2.7231284e+01   2.7358700e+01
   2.1744569e+01   2.2924417e+01   2.8002821e+01
   2.4427068e+01   2.6719612e+01   2.8306932e+01
   2.1944016e+01   2.2742124e+01   2.9717221e+01
   2.4616688e+01   2.6144085e+01   2.9906892e+01
   2.2052163e+01   2.2888997e+01   2.9637587e+01
   2.4070869e+01   2.5503860e+01   2.9595301e+01
   2.2534131e+01   2.3168610e+01   3.1222067e+01
   2.4825480e+01   2.6176833e+01   3.0564266e+01
   2.2396805e+01   2.3043931e+01   3.1005795e+01
   2.2816120e+01   2.4126448e+01   2.8675625e+01
   2.1432034e+01   2.2233006e+01   2.9193926e+01
   2.3707545e+01   2.5297173e+01   2.8855839e+01
   2.2460765e+01   2.3199485e+01   3.0538673e+01
   2.5595763e+01   2.6620319e+01   3.2379906e+01
   2.5746741e+01   2.6980420e+01   3.1823507e+01
   2.5258619e+01   2.6022987e+01   3.3190854e+01
   2.5646570e+01   2.6944020e+01   3.1534861e+01
   2.4715364e+01   2.5412776e+01   3.3014825e+01
   2.5847089e+01   2.6986572e+01   3.2223828e+01
   2.5380036e+01   2.6138752e+01   3.3341475e+01
   2.5863411e+01   2.6892966e+01   3.2628245e+01
   2.2351276e+01   2.3870044e+01   2.7669258e+01
   2.4104735e+01   2.6878115e+01   2.7374532e+01
   2.4550926e+01   2.5327391e+01   3.2422718e+01
   2.5642640e+01   2.6934160e+01   3.1548029e+01
   2.5380018e+01   2.5948319e+01   3.4504155e+01
   2.5524968e+01   2.6458440e+01   3.2669981e+01
   2.5003782e+01   2.5381630e+01   3.5808565e+01
   2.5925210e+01   2.6478658e+01   3.5155828e+01
   2.5550417e+01   2.6132303e+01   3.4578141e+01
   2.5813769e+01   2.6471839e+01   3.4343547e+01
   2.3079578e+01   2.4104209e+01   2.9870840e+01
   2.4538871e+01   2.6250355e+01   2.9420946e+01
   2.4749584e+01   2.5248002e+01   3.4411268e+01
   2.5683972e+01   2.6474945e+01   3.3479452e+01
   2.2412025e+01   2.5338102e+01   2.5520900e+01
   2.5395930e+01   2.6023248e+01   3.4119616e+01
   2.5648282e+01   2.6079922e+01   3.5899646e+01
   2.5488323e+01   2.6006612e+01   3.4987892e+01
   2.3447142e+01   2.3982255e+01   3.2822663e+01
   2.4996723e+01   2.5898096e+01   3.2279569e+01
   2.4803697e+01   2.5279185e+01   3.4658577e+01
   2.5247975e+01   2.6010749e+01   3.3188536e+01
   2.5637406e+01   2.6093586e+01   3.5660642e+01
   2.4387628e+01   2.5274588e+01   3.1735238e+01
   2.3234510e+01   2.3820012e+01   3.2244522e+01
   2.4068864e+01   2.5224454e+01   3.0396681e+01
   2.4757597e+01   2.5232524e+01   3.4617469e+01
   2.4723265e+01   2.5335741e+01   3.3545551e+01
   2.3196506e+01   2.3794555e+01   3.2120663e+01
   2.4894876e+01   2.5848181e+01   3.1959620e+01
   2.4650225e+01   2.5237587e+01   3.3642367e+01
   2.5081407e+01   2.5906767e+01   3.2710093e+01
   2.4309997e+01   2.5340627e+01   3.1074617e+01
   2.2362019e+01   2.2955788e+01   3.1319126e+01
