  -2.5006524e+00   5.4514005e+00  -6.5309408e-01
  -2.3127096e+00   8.8369335e+00  -1.4324285e+00
  -7.1636018e+00  -4.3587045e+00   1.7772498e+00
   6.7178095e-01   2.2216300e+01   7.2831307e-01
   4.2639832e+00   1.6516480e+01   4.6263368e+00
   5.0384080e+00   2.6160967e+01   5.0825749e+00
   1.3282265e+01   2.3662187e+01   1.3718255e+01
   1.5666975e+01   2.7430263e+01   1.5974279e+01
   5.6344525e+00   2.0838761e+01   5.8031498e+00
   5.9033662e+00   2.6196994e+01   5.9545600e+00
  -2.4034322e+00   4.1363243e+00   1.0285506e-01
  -7.3756128e-01   2.4049916e+01  -7.0605646e-01
   6.0923033e+00   1.2351311e+01   7.5106915e+00
   7.5780944e+00   2.7219426e+01   7.6337514e+00
   5.0951420e+00   2.5026556e+01   5.1531168e+00
   3.8714240e+00   1.4619785e+01   4.4006539e+00
   9.5902198e-01   6.4050494e+00   3.3130501e+00
   3.2831900e+00   2.6682337e+01   3.3124034e+00
   1.2828797e+01   1.7300882e+01   1.4827481e+01
   1.2769537e+01   1.7371101e+01   1.4696662e+01
   3.7079807e+00   1.8259755e+01   3.9273371e+00
   1.5690474e-01   4.7267294e+00   3.2826760e+00
   6.3333731e+00   2.3409975e+01   6.4391173e+00
   9.1272102e-01   3.3296312e+00   6.2675706e+00
   3.4657425e+00   2.3600375e+01   3.5269665e+00
   3.7989643e-01   5.0683376e+00   3.3597839e+00
   9.6916598e+00   1.7542769e+01   1.0545493e+01
   1.0559046e+01   2.5738524e+01   1.0704433e+01
   6.9225826e+00   1.6181964e+01   7.5741949e+00
   6.2184023e+00   1.2730107e+01   7.5413528e+00
   3.1472758e-01   6.6634455e+00   2.3079479e+00
  -2.4924851e+00   1.5279080e+00   2.0120817e+00
   4.1022563e+00   9.3907294e+00   6.0989304e+00
   5.6788882e+00   1.8264737e+01   5.9894660e+00
  -4.1885627e+00   1.7810333e+01  -4.0897518e+00
  -1.1195353e+01  -5.1049319e+00  -3.6957299e+00
   3.6076704e+00   2.2658279e+01   3.6855349e+00
  -5.0191858e+00  -2.9977472e+00   4.0364863e+00
   2.6028287e+00   1.6709213e+01   2.8665843e+00
  -7.5716949e+00  -5.4439320e+00   3.0821022e+00
   6.1285871e+00   1.1757283e+01   7.7973969e+00
   1.4955176e+00   3.4156607e+00   7.5947323e+00
   8.5769985e+00   1.6525379e+01   9.4317932e+00
   9.4319205e+00   1.9979609e+01   9.8761111e+00
   1.5185797e+00   1.0677379e+01   2.4370630e+00
  -8.0555857e+00  -5.6128260e+00   2.2743326e+00
   4.3551103e+00   9.4364782e+00   6.4371612e+00
   6.0279744e-01   3.0289340e+00   6.0429405e+00
   1.0089258e+01   2.4601886e+01   1.0260714e+01
   9.7785374e+00   1.9743285e+01   1.0285878e+01
   1.3514188e+01   2.2308678e+01   1.4154403e+01
   1.4301326e+01   2.3684026e+01   1.4851791e+01
   4.5477982e+00   1.1154513e+01   5.9389361e+00
   5.6394114e+00   2.2093654e+01   5.7655312e+00
   3.4780728e+00   1.3135408e+01   4.1814622e+00
   3.7851028e+00   1.9893876e+01   3.9370965e+00
   5.2399417e+00   2.0473893e+01   5.4108311e+00
   3.7367062e+00   1.2368867e+01   4.6213831e+00
  -4.8834096e-02   4.7045527e+00   2.9871674e+00
   2.5716079e+00   2.3306785e+01   2.6286644e+00
   8.1748184e+00   1.6384922e+01   8.9844708e+00
   9.1906183e+00   2.3964658e+01   9.3551494e+00
   8.2235462e-01   6.2694776e+00   3.2015131e+00
   2.9876434e+00   2.3590704e+01   3.0445645e+00
   9.0325720e+00   1.5444208e+01   1.0281312e+01
   1.0534549e+01   2.5193161e+01   1.0698833e+01
   2.7733188e+00   2.1474782e+01   2.8630974e+00
   1.2395602e+00   1.1042958e+01   2.0483489e+00
   2.6878503e-01   8.5751900e+00   1.5274099e+00
   1.4243095e+00   2.6471180e+01   1.4476933e+00
   5.7847227e+00   1.1585540e+01   7.4013719e+00
   7.5624555e+00   2.4731399e+01   7.6611980e+00
   1.3766672e+01   2.0312133e+01   1.4894545e+01
   1.5408567e+01   2.7000471e+01   1.5729183e+01
   3.9403996e+00   2.2714880e+01   4.0215547e+00
   1.8341503e+00   9.2101299e+00   3.2037920e+00
   7.0997546e+00   1.2747009e+01   8.7058795e+00
   8.6783814e+00   2.3953102e+01   8.8266933e+00
   1.2917646e+01   2.3744114e+01   1.3310695e+01
   1.2430971e+01   2.0024575e+01   1.3304332e+01
   3.5784059e+00   2.1093427e+01   3.6896915e+00
   1.0842252e+00   7.0843245e+00   3.1166519e+00
   1.3183729e+01   1.7999618e+01   1.4990771e+01
   1.4759695e+01   2.2092948e+01   1.5673731e+01
   4.5651258e+00   2.1264466e+01   4.6913361e+00
   3.0756066e+00   1.0657999e+01   4.2664245e+00
   1.2941758e+01   1.6464490e+01   1.5590693e+01
   1.5785640e+01   2.3091134e+01   1.6700516e+01
   2.9138033e+00   1.4647133e+01   3.3618752e+00
   3.5733518e+00   2.1380246e+01   3.6774061e+00
