  -4.2824565e+00   1.5471247e+00  -6.6221289e-01
  -6.4013432e+00  -1.6999114e+00  -6.6221289e-01
  -6.0737074e+00   2.1914502e-01  -2.0092964e+00
  -6.3432023e+00  -2.1580402e-01  -2.0092964e+00
  -5.8364406e+00  -5.8241084e-01  -9.8693326e-01
  -5.1141308e+00   5.4028897e-01  -9.8693326e-01
  -4.5710766e+00   6.5610713e-01  -3.2674475e-01
  -5.3049356e+00  -4.6718235e-01  -3.2674475e-01
  -5.4069051e+00  -6.5416521e-01  -2.8703878e-01
  -4.5908182e+00   5.8033002e-01  -2.8703878e-01
  -4.3006784e+00   1.5133436e+00  -6.6097400e-01
  -6.4507709e+00  -1.7682911e+00  -6.6097400e-01
  -4.5508396e+00   3.0555692e-01   2.8307689e-02
  -4.9225949e+00  -2.5264489e-01   2.8307689e-02
  -4.7880716e+00   8.1643150e-01  -7.6938715e-01
  -5.8746113e+00  -8.5953130e-01  -7.6938715e-01
  -5.0861669e+00  -1.5155449e-01  -3.1796692e-01
  -4.8184686e+00   2.5659476e-01  -3.1796692e-01
  -7.5918797e+00  -1.7090853e+00  -2.3471900e+00
  -5.4804378e+00   1.7508715e+00  -2.3471900e+00
  -6.6173322e+00  -1.2147909e+00  -1.4806697e+00
  -5.1993344e+00   1.0155338e+00  -1.4806697e+00
  -5.4862874e+00  -5.4988546e-01  -5.1173164e-01
  -4.5970924e+00   8.2586284e-01  -5.1173164e-01
  -7.0975846e+00  -1.8813725e+00  -1.4910881e+00
  -4.7186706e+00   1.9042269e+00  -1.4910881e+00
  -6.7949197e+00  -5.3134934e-01  -2.3394971e+00
  -6.0600546e+00   6.7569564e-01  -2.3394971e+00
  -5.4301416e+00  -9.3512959e-01  -2.1264017e-02
  -4.2383894e+00   8.4949421e-01  -2.1264017e-02
  -5.3722667e+00  -5.0671376e-02  -8.2671318e-01
  -5.3301857e+00   1.4350729e-02  -8.2671318e-01
  -5.8353147e+00  -8.4271367e-01  -7.2893823e-01
  -4.7390657e+00   8.4910160e-01  -7.2893823e-01
  -7.2406445e+00  -9.8521065e-01  -2.5360128e+00
  -6.1112732e+00   8.6001616e-01  -2.5360128e+00
  -5.2978831e+00   1.0626151e+00  -1.6447188e+00
  -6.5531955e+00  -9.4926414e-01  -1.6447188e+00
  -7.4460492e+00  -1.7542709e+00  -2.1058630e+00
  -5.2118353e+00   1.8944946e+00  -2.1058630e+00
  -5.7092240e+00   1.3379868e+00  -2.3617529e+00
  -7.3720409e+00  -1.3761248e+00  -2.3617529e+00
  -5.8517628e+00   1.2291828e-01  -1.6376849e+00
  -6.1820080e+00  -3.9716123e-01  -1.6376849e+00
  -5.3833529e+00   9.3786570e-01  -1.6630841e+00
  -6.5189196e+00  -8.7874021e-01  -1.6630841e+00
  -6.5856059e+00  -5.5597980e-01  -2.0420423e+00
  -5.8594027e+00   6.2082245e-01  -2.0420423e+00
  -4.9093940e+00   4.2933726e-01  -6.0571970e-01
  -5.6571600e+00  -7.0614867e-01  -6.0571970e-01
  -5.1731630e+00  -4.3641569e-01  -1.6092730e-01
  -4.6010253e+00   4.2692827e-01  -1.6092730e-01
  -4.7237929e+00   9.3849193e-01  -7.8172683e-01
  -5.9603604e+00  -9.7093921e-01  -7.8172683e-01
  -4.5007303e+00   3.2143611e-01   8.7482883e-02
  -5.0306482e+00  -4.6654873e-01   8.7482883e-02
  -4.8342579e+00   1.4238910e+00  -1.3048012e+00
  -6.7314841e+00  -1.5530727e+00  -1.3048012e+00
  -5.2122829e+00   4.7560248e-01  -1.0670687e+00
  -5.7828255e+00  -4.1739248e-01  -1.0670687e+00
  -5.1658169e+00  -1.2216683e+00   7.4028167e-01
  -3.5131987e+00   1.1876428e+00   7.4028167e-01
  -4.6616507e+00   1.7145308e-01  -5.9366228e-03
  -4.9323799e+00  -2.3378110e-01  -5.9366228e-03
  -4.3815235e+00  -4.4350681e-01   1.1024860e+00
  -3.6771232e+00   5.7354482e-01   1.1024860e+00
  -5.0589130e+00  -2.4331010e-01  -1.8636797e-01
  -4.7065362e+00   2.9004237e-01  -1.8636797e-01
  -5.6196557e+00  -1.0688323e+00  -1.6669311e-01
  -4.1832605e+00   1.1050705e+00  -1.6669311e-01
  -4.0751601e+00   1.6427797e+00  -4.5388317e-01
  -6.2941461e+00  -1.7397748e+00  -4.5388317e-01
  -3.5765340e+00   3.2420607e-01   1.5464178e+00
  -4.0425756e+00  -3.3367002e-01   1.5464178e+00
  -4.2486390e+00   1.2512461e+00  -3.8123232e-01
  -5.9069759e+00  -1.2741617e+00  -3.8123232e-01
  -3.8012265e+00   7.4641182e-01   7.2905267e-01
  -4.7888044e+00  -6.9696076e-01   7.2905267e-01
  -4.7723156e+00  -1.1009568e+00   1.2599549e+00
  -3.2077117e+00   1.1391740e+00   1.2599549e+00
  -6.1111305e+00  -8.1659719e-01  -1.1522226e+00
  -5.1678328e+00   6.5119284e-01  -1.1522226e+00
  -5.2811119e+00  -8.8663423e-01   1.5738134e-01
  -4.0544230e+00   9.4808431e-01   1.5738134e-01
  -4.1066713e+00   5.9806998e-01   4.0941436e-01
  -4.6627263e+00  -2.3438772e-01   4.0941436e-01
  -4.4643989e+00  -1.0152642e-01   5.7740629e-01
  -4.4276760e+00  -4.7953342e-02   5.7740629e-01
  -5.5494686e+00  -1.0253412e+00  -1.0637379e-01
  -4.3195074e+00   8.1367856e-01  -1.0637379e-01
