   9.0553489e+00   2.4608147e+01   9.1929904e+00
   9.0719235e+00   2.6983279e+01   9.1514383e+00
   1.5791608e+01   2.1019002e+01   1.7375437e+01
   1.6891327e+01   2.7289521e+01   1.7314929e+01
   1.1472096e+01   2.6188641e+01   1.1631658e+01
   1.2793563e+01   2.7327992e+01   1.2957223e+01
   1.6563577e+01   2.6060597e+01   1.7091556e+01
   2.4004333e+01   2.7293567e+01   2.6760630e+01
   2.0723490e+01   2.5404469e+01   2.2542726e+01
   2.3959536e+01   2.7034767e+01   2.6914451e+01
   1.9569793e+01   2.5186872e+01   2.0975607e+01
   1.9987360e+01   2.6985477e+01   2.0963045e+01
   1.2628654e+01   2.0089284e+01   1.3529928e+01
   1.3394336e+01   2.7731230e+01   1.3564664e+01
   1.4819334e+01   2.5719865e+01   1.5199090e+01
   1.4864132e+01   2.5737563e+01   1.5246246e+01
   1.2507308e+01   2.4497242e+01   1.2806426e+01
   1.4281327e+01   2.6975116e+01   1.4530113e+01
   1.2508436e+01   2.4071007e+01   1.2839564e+01
   1.2524229e+01   2.4583642e+01   1.2818394e+01
   2.6769743e+01   2.7930204e+01   3.3075586e+01
   2.3692831e+01   2.4531263e+01   3.1263745e+01
   1.2383777e+01   2.6892225e+01   1.2549235e+01
   1.2238225e+01   2.3639493e+01   1.2583468e+01
   1.1086625e+01   2.4897034e+01   1.1285139e+01
   1.1105101e+01   2.4505130e+01   1.1323654e+01
   4.0289764e+00   1.6117172e+01   4.4110572e+00
   4.5734760e+00   2.5241068e+01   4.6238505e+00
   7.4385952e+00   1.6311868e+01   8.1418693e+00
   8.1991347e+00   2.4902163e+01   8.3069498e+00
   9.0591225e+00   1.8469594e+01   9.6487689e+00
   9.6313787e+00   2.3708700e+01   9.8230836e+00
   8.1134510e+00   1.6043227e+01   8.9828969e+00
   8.9181590e+00   2.5753155e+01   9.0206452e+00
   1.6965651e+01   2.7650448e+01   1.7360850e+01
   1.5997914e+01   2.1480763e+01   1.7473214e+01
   1.8995670e+01   2.6910191e+01   1.9770200e+01
   1.6921792e+01   1.9937463e+01   1.9970565e+01
   1.9692399e+01   2.6552131e+01   2.0704205e+01
   1.8029730e+01   2.1352694e+01   2.0780063e+01
   1.3972339e+01   2.4351063e+01   1.4405720e+01
   1.3841003e+01   2.3170621e+01   1.4400755e+01
   1.2479219e+01   2.2824669e+01   1.2922657e+01
   1.2427756e+01   2.2371646e+01   1.2916693e+01
   9.1652767e+00   2.3592135e+01   9.3438352e+00
   8.3515895e+00   1.4368298e+01   9.7582772e+00
   1.2238675e+01   2.1017267e+01   1.2890091e+01
   1.2516049e+01   2.3731735e+01   1.2875728e+01
   2.2970337e+01   2.6396760e+01   2.5610867e+01
   2.3394948e+01   2.7324327e+01   2.5655141e+01
   2.4184702e+01   2.5772373e+01   2.9336100e+01
   2.5143125e+01   2.7177308e+01   2.9422843e+01
   2.1937334e+01   2.5383166e+01   2.4564381e+01
   2.2784873e+01   2.7535816e+01   2.4563608e+01
   1.7939087e+01   2.4223971e+01   1.9120226e+01
   1.8393948e+01   2.6968335e+01   1.9051905e+01
   1.7567036e+01   2.4818185e+01   1.8487459e+01
   1.7833887e+01   2.6420230e+01   1.8491091e+01
   1.9865776e+01   2.5488615e+01   2.1268534e+01
   2.0267316e+01   2.7145847e+01   2.1273030e+01
   2.3288780e+01   2.5578509e+01   2.7175466e+01
   2.3786639e+01   2.6454072e+01   2.7179029e+01
   2.4229964e+01   2.5020047e+01   3.2033784e+01
   2.5061922e+01   2.6506668e+01   3.0553910e+01
   8.9470286e+00   2.0810038e+01   9.2753502e+00
   9.2475948e+00   2.6604295e+01   9.3376395e+00
   1.9556454e+01   2.6093911e+01   2.0657039e+01
   1.9350703e+01   2.5119131e+01   2.0700852e+01
   1.1104040e+01   2.3982047e+01   1.1351206e+01
   1.1236395e+01   2.6547534e+01   1.1375762e+01
   2.2007306e+01   2.4912008e+01   2.5139828e+01
   2.5480262e+01   2.6369776e+01   3.2813752e+01
   2.3873847e+01   2.5400044e+01   2.9168867e+01
   2.4393340e+01   2.6211907e+01   2.9061867e+01
   2.2963414e+01   2.5046764e+01   2.7167313e+01
   2.3100625e+01   2.5124838e+01   2.7402096e+01
   2.3723094e+01   2.5138125e+01   2.9294882e+01
   2.4471186e+01   2.6133793e+01   2.9456512e+01
   2.5262518e+01   2.5900172e+01   3.3920581e+01
   2.4226397e+01   2.5276497e+01   3.0919279e+01
   2.0985051e+01   2.3683093e+01   2.4350370e+01
   2.1385720e+01   2.4812405e+01   2.4030404e+01
   2.4211868e+01   2.4964514e+01   3.2208518e+01
   2.4719757e+01   2.5563065e+01   3.2264620e+01
   2.1050363e+01   2.3552940e+01   2.4654821e+01
   2.2203677e+01   2.5801915e+01   2.4707629e+01
   2.4141521e+01   2.5020918e+01   3.1523440e+01
   2.5024418e+01   2.6078337e+01   3.1701196e+01
   2.2811824e+01   2.5642729e+01   2.6021078e+01
   1.9570656e+01   2.0668491e+01   2.6117561e+01
