   2.4951472e+01   2.5389756e+01   3.5141597e+01
   2.4567551e+01   2.6894008e+01   2.8398740e+01
   2.2809676e+01   2.3224246e+01   3.3237802e+01
   2.5848839e+01   2.6910157e+01   3.2496920e+01
   1.7472655e+01   2.7219208e+01   1.7967557e+01
   2.6151006e+01   2.6977651e+01   3.3771125e+01
   1.7032368e+01   2.6534683e+01   1.7558567e+01
   2.6537279e+01   2.7083731e+01   3.5818455e+01
   2.2031675e+01   2.6046609e+01   2.4237412e+01
   2.6307785e+01   2.6938930e+01   3.5004871e+01
   2.4995213e+01   2.5467217e+01   3.4879775e+01
   2.6147009e+01   2.6747294e+01   3.5047143e+01
   2.5263093e+01   2.6089477e+01   3.2886434e+01
   2.6213176e+01   2.7111796e+01   3.3505260e+01
   2.3126536e+01   2.3587959e+01   3.3111024e+01
   2.6144623e+01   2.7120518e+01   3.3115672e+01
   1.7218239e+01   2.5298116e+01   1.7965566e+01
   2.6220506e+01   2.6950406e+01   3.4334314e+01
   2.2864808e+01   2.3294307e+01   3.3146296e+01
   2.4653428e+01   2.5383050e+01   3.2772550e+01
   2.6530527e+01   2.7380067e+01   3.4042313e+01
   2.4945440e+01   2.5546773e+01   3.3841419e+01
   2.6119633e+01   2.6732450e+01   3.4936180e+01
   2.5164863e+01   2.5523596e+01   3.6185290e+01
   2.5655301e+01   2.6119502e+01   3.5606715e+01
   2.4936577e+01   2.5371636e+01   3.5157242e+01
   2.4747638e+01   2.5469174e+01   3.2910981e+01
   2.5158225e+01   2.5563890e+01   3.5667690e+01
   2.1217439e+01   2.6032354e+01   2.2967478e+01
   2.1136700e+01   2.4550925e+01   2.3792669e+01
   2.2998363e+01   2.3524369e+01   3.2445899e+01
   2.4608125e+01   2.5457586e+01   3.2124686e+01
   2.4863426e+01   2.5400144e+01   3.4221904e+01
   2.5046043e+01   2.5553184e+01   3.4635782e+01
   2.5419832e+01   2.7372869e+01   2.9838501e+01
   2.2622707e+01   2.3182175e+01   3.1820349e+01
   2.5153795e+01   2.6715455e+01   3.0362475e+01
   2.2712824e+01   2.3159653e+01   3.2831691e+01
   2.5128791e+01   2.6124017e+01   3.2026121e+01
   2.2639483e+01   2.3157771e+01   3.2149121e+01
   2.4283352e+01   2.5459945e+01   3.0542290e+01
   2.2777720e+01   2.3229716e+01   3.2848853e+01
   2.2390090e+01   2.6063057e+01   2.4836316e+01
   1.9476796e+01   2.2796949e+01   2.2220634e+01
   2.2689566e+01   2.3607914e+01   2.9907304e+01
   2.2119275e+01   2.3054695e+01   2.9267810e+01
   2.4066238e+01   2.5379915e+01   2.9912057e+01
   2.2701053e+01   2.3206018e+01   3.2317029e+01
   2.6068835e+01   2.6705802e+01   3.4729360e+01
   2.6392034e+01   2.7358917e+01   3.3398582e+01
   2.5653375e+01   2.6106116e+01   3.5707763e+01
   2.6694908e+01   2.7370800e+01   3.5115490e+01
   2.1475404e+01   2.5450569e+01   2.3709080e+01
   1.9601912e+01   2.5024353e+01   2.1084145e+01
   2.1716905e+01   2.6062244e+01   2.3718254e+01
   1.9185539e+01   2.4249462e+01   2.0823471e+01
   2.1779481e+01   2.3559609e+01   2.6531610e+01
   2.1922729e+01   2.6244399e+01   2.3937459e+01
   2.4922101e+01   2.5387832e+01   3.4861913e+01
   2.6659005e+01   2.7397355e+01   3.4726075e+01
   2.5739190e+01   2.6079625e+01   3.6976491e+01
   2.6126607e+01   2.6628751e+01   3.5754254e+01
   2.5147469e+01   2.5444310e+01   3.6960027e+01
   2.6227523e+01   2.6631292e+01   3.6753778e+01
   2.5739938e+01   2.6086563e+01   3.6902015e+01
   2.6218403e+01   2.6626239e+01   3.6703139e+01
   2.3217993e+01   2.3602311e+01   3.3958576e+01
   2.5717060e+01   2.6575987e+01   3.3187274e+01
   2.5040355e+01   2.5368493e+01   3.6433273e+01
   2.6135302e+01   2.6634811e+01   3.5784483e+01
   2.2473232e+01   2.5418273e+01   2.5562240e+01
   2.5694638e+01   2.6183609e+01   3.5432291e+01
   2.2701932e+01   2.6058961e+01   2.5401899e+01
   2.0608720e+01   2.4964623e+01   2.2607022e+01
   2.2967370e+01   2.3580269e+01   3.1793175e+01
   2.4608999e+01   2.6075262e+01   3.0047955e+01
   2.5000501e+01   2.5380723e+01   3.5779258e+01
   2.5712381e+01   2.6196703e+01   3.5489206e+01
   2.5657465e+01   2.6085420e+01   3.5944233e+01
   2.4547266e+01   2.5435201e+01   3.1890108e+01
   2.3190385e+01   2.3611185e+01   3.3555040e+01
   2.4410185e+01   2.5424585e+01   3.1235707e+01
   2.4946041e+01   2.5353333e+01   3.5439525e+01
   2.4981789e+01   2.5446648e+01   3.4929146e+01
   2.3126404e+01   2.3568888e+01   3.3283695e+01
   2.5232473e+01   2.6003460e+01   3.3130527e+01
   2.4916070e+01   2.5372850e+01   3.4935817e+01
   2.5451268e+01   2.6012162e+01   3.4628594e+01
   2.4470614e+01   2.5382913e+01   3.1707811e+01
   2.2811750e+01   2.3326691e+01   3.2347094e+01
