   2.3477137e+01   2.5263001e+01   2.8211782e+01
   2.3256265e+01   2.6827924e+01   2.5778538e+01
   1.8636423e+01   2.3189936e+01   2.0531204e+01
   1.9552343e+01   2.6808787e+01   2.0466286e+01
   1.7230250e+01   2.7229672e+01   1.7696100e+01
   2.4555058e+01   2.6746606e+01   2.8584359e+01
   1.6899631e+01   2.6466013e+01   1.7417958e+01
   2.5472236e+01   2.6932284e+01   3.0924793e+01
   2.1489792e+01   2.5944231e+01   2.3429235e+01
   2.4980515e+01   2.6788856e+01   2.9667484e+01
   2.4187580e+01   2.5460320e+01   3.0151204e+01
   2.5025163e+01   2.6603670e+01   3.0195400e+01
   2.4354148e+01   2.6220762e+01   2.8931730e+01
   2.4996876e+01   2.6942281e+01   2.9429844e+01
   2.0997767e+01   2.4040304e+01   2.3993164e+01
   2.2163731e+01   2.6822212e+01   2.3991144e+01
   1.7024425e+01   2.5280098e+01   1.7740173e+01
   2.4800120e+01   2.6769285e+01   2.9191713e+01
   1.2742974e+01   2.3633235e+01   1.3130792e+01
   1.2883499e+01   2.5210859e+01   1.3158426e+01
   2.5466102e+01   2.7493683e+01   2.9756309e+01
   2.3993784e+01   2.5359095e+01   2.9696722e+01
   2.5248138e+01   2.6776656e+01   3.0534255e+01
   2.4226823e+01   2.5280112e+01   3.0908054e+01
   2.4918520e+01   2.6152822e+01   3.0995211e+01
   2.4150718e+01   2.5198335e+01   3.0852920e+01
   2.4154288e+01   2.5542143e+01   2.9796258e+01
   2.4368777e+01   2.5462164e+01   3.0906440e+01
   2.2191400e+01   2.6281675e+01   2.4347725e+01
   2.4182707e+01   2.5361778e+01   3.0433974e+01
   2.0259055e+01   2.3338860e+01   2.3221030e+01
   2.1149438e+01   2.5315544e+01   2.3260523e+01
   2.3665504e+01   2.5385385e+01   2.8532510e+01
   2.3752737e+01   2.5469188e+01   2.8626574e+01
   2.2882156e+01   2.7463044e+01   2.4749235e+01
   2.0977715e+01   2.3005163e+01   2.5282104e+01
   2.3261268e+01   2.6735227e+01   2.5861870e+01
   2.1299719e+01   2.2840300e+01   2.6570785e+01
   2.3429917e+01   2.6133600e+01   2.6780704e+01
   2.1453282e+01   2.2948247e+01   2.6832850e+01
   2.2875387e+01   2.5511022e+01   2.6307945e+01
   2.1690890e+01   2.3202556e+01   2.7028833e+01
   2.3540525e+01   2.6233917e+01   2.6903016e+01
   2.1598805e+01   2.3083588e+01   2.7002577e+01
   2.1920712e+01   2.4177601e+01   2.5859704e+01
   2.0809530e+01   2.2409977e+01   2.5945499e+01
   2.2590148e+01   2.5358221e+01   2.5869616e+01
   2.1588029e+01   2.3237445e+01   2.6611768e+01
   2.5134917e+01   2.6659724e+01   3.0430095e+01
   2.5454907e+01   2.7192866e+01   3.0280675e+01
   2.4613405e+01   2.6030708e+01   3.0176836e+01
   2.5298838e+01   2.7125764e+01   2.9949368e+01
   2.4270300e+01   2.5456675e+01   3.0497962e+01
   2.5440228e+01   2.7180724e+01   3.0260867e+01
   2.4749286e+01   2.6205374e+01   3.0213366e+01
   2.5253820e+01   2.7086758e+01   2.9892954e+01
   2.2503948e+01   2.3920891e+01   2.8075065e+01
   2.4315428e+01   2.7060320e+01   2.7616955e+01
   2.3689498e+01   2.5386862e+01   2.8603210e+01
   2.4740619e+01   2.7126058e+01   2.8489451e+01
   2.1269851e+01   2.6013444e+01   2.3055501e+01
   2.1412036e+01   2.6541666e+01   2.3013874e+01
   2.4784313e+01   2.5434643e+01   3.3364334e+01
   2.5683776e+01   2.6514681e+01   3.3284613e+01
   2.4700871e+01   2.6198396e+01   3.0062649e+01
   2.4896274e+01   2.6501959e+01   3.0005354e+01
   1.5647371e+01   2.4076927e+01   1.6337373e+01
   1.5912180e+01   2.6333383e+01   1.6335472e+01
   9.4576190e+00   2.5387835e+01   9.5824575e+00
   9.4769445e+00   2.6366487e+01   9.5767666e+00
   2.2260901e+01   2.5410116e+01   2.5149071e+01
   2.5230856e+01   2.6120686e+01   3.2563549e+01
   2.5465583e+01   2.6173946e+01   3.3700700e+01
   2.5343236e+01   2.6097360e+01   3.3328913e+01
   2.3387464e+01   2.4022335e+01   3.2069190e+01
   2.4961156e+01   2.6001015e+01   3.1689708e+01
   2.4398299e+01   2.5358375e+01   3.1436915e+01
   2.4938805e+01   2.6113426e+01   3.1202364e+01
   2.5137069e+01   2.6184162e+01   3.1838537e+01
   2.3998194e+01   2.5331315e+01   2.9789571e+01
   2.2763894e+01   2.3893727e+01   2.9181953e+01
   2.3455445e+01   2.5271703e+01   2.8130921e+01
   2.4115324e+01   2.5308708e+01   3.0321174e+01
   2.4120713e+01   2.5363331e+01   3.0174297e+01
   2.0271400e+01   2.3846172e+01   2.2800103e+01
   2.1028832e+01   2.5872282e+01   2.2765292e+01
   2.4030801e+01   2.5285760e+01   3.0047572e+01
   2.4431320e+01   2.5905824e+01   2.9850251e+01
   2.3748118e+01   2.5393870e+01   2.8771763e+01
   2.2079710e+01   2.3062378e+01   2.9036962e+01
