   2.4874553e+01   2.5337214e+01   3.4841730e+01
   2.4523836e+01   2.6856092e+01   2.8346932e+01
   2.2510554e+01   2.3071499e+01   3.1698009e+01
   2.5509074e+01   2.6862515e+01   3.1240617e+01
   1.7466389e+01   2.7163253e+01   1.7967328e+01
   2.6169375e+01   2.6904029e+01   3.4257394e+01
   1.7013535e+01   2.6408941e+01   1.7553710e+01
   2.6487737e+01   2.7028751e+01   3.5809799e+01
   2.2045213e+01   2.6080495e+01   2.4237537e+01
   2.6341523e+01   2.6893143e+01   3.5584731e+01
   2.4926743e+01   2.5413368e+01   3.4686157e+01
   2.6098148e+01   2.6684457e+01   3.5093888e+01
   2.5293668e+01   2.5977431e+01   3.3670804e+01
   2.6504770e+01   2.7049245e+01   3.5800788e+01
   2.2941567e+01   2.3422106e+01   3.2759888e+01
   2.6060233e+01   2.7065236e+01   3.2917746e+01
   1.7211799e+01   2.5271684e+01   1.7962897e+01
   2.6228472e+01   2.6913738e+01   3.4594681e+01
   2.2576529e+01   2.3153866e+01   3.1646505e+01
   2.4398002e+01   2.5362486e+01   3.1418831e+01
   2.6541201e+01   2.7330968e+01   3.4340982e+01
   2.4996111e+01   2.5493952e+01   3.4661829e+01
   2.6000725e+01   2.6620229e+01   3.4773648e+01
   2.5130175e+01   2.5477852e+01   3.6281221e+01
   2.5687907e+01   2.6165386e+01   3.5523256e+01
   2.4936346e+01   2.5325811e+01   3.5615512e+01
   2.4672471e+01   2.5410464e+01   3.2746043e+01
   2.5124074e+01   2.5535697e+01   3.5573231e+01
   2.2491081e+01   2.5961180e+01   2.5096628e+01
   2.5038438e+01   2.5462885e+01   3.5360870e+01
   2.2832106e+01   2.3344575e+01   3.2387049e+01
   2.4671040e+01   2.5442802e+01   3.2566601e+01
   2.4841757e+01   2.5361270e+01   3.4333417e+01
   2.5052381e+01   2.5517365e+01   3.4998432e+01
   2.5358631e+01   2.7320548e+01   2.9761803e+01
   2.2617439e+01   2.3156010e+01   3.1970298e+01
   2.4947008e+01   2.6602424e+01   2.9946712e+01
   2.2610921e+01   2.3111529e+01   3.2262845e+01
   2.5107568e+01   2.6165898e+01   3.1768113e+01
   2.2599310e+01   2.3113234e+01   3.2143748e+01
   2.4157618e+01   2.5409596e+01   3.0182934e+01
   2.2706862e+01   2.3197709e+01   3.2439104e+01
   2.4905518e+01   2.5965072e+01   3.1562127e+01
   2.2624658e+01   2.3144997e+01   3.2118216e+01
   2.2715447e+01   2.3447817e+01   3.0826612e+01
   2.2403812e+01   2.3007893e+01   3.1290918e+01
   2.4018729e+01   2.5354343e+01   2.9803106e+01
   2.2678292e+01   2.3188055e+01   3.2255635e+01
   2.6003319e+01   2.6585007e+01   3.5031383e+01
   2.6773758e+01   2.7337720e+01   3.5926037e+01
   2.5623898e+01   2.6144584e+01   3.5104259e+01
   2.6644093e+01   2.7274709e+01   3.5343901e+01
   2.4909091e+01   2.5403453e+01   3.4603817e+01
   2.6676349e+01   2.7308396e+01   3.5366955e+01
   2.5384121e+01   2.5961634e+01   3.4442891e+01
   2.6628494e+01   2.7306628e+01   3.5035905e+01
   2.2866528e+01   2.3379416e+01   3.2417965e+01
   2.6020898e+01   2.7309830e+01   3.1933042e+01
   2.4848318e+01   2.5365667e+01   3.4357037e+01
   2.6580903e+01   2.7309949e+01   3.4698686e+01
   2.5800544e+01   2.6120678e+01   3.7294750e+01
   2.6182449e+01   2.6595731e+01   3.6612328e+01
   2.5088880e+01   2.5391870e+01   3.6815586e+01
   2.6187815e+01   2.6586317e+01   3.6768604e+01
   2.5607971e+01   2.5970624e+01   3.6581941e+01
   2.6172413e+01   2.6593924e+01   3.6520722e+01
   2.3015262e+01   2.3443709e+01   3.3306210e+01
   2.5583881e+01   2.6539447e+01   3.2637768e+01
   2.4970429e+01   2.5341568e+01   3.5849821e+01
   2.6058049e+01   2.6592691e+01   3.5429348e+01
   2.2440307e+01   2.5367224e+01   2.5548223e+01
   2.5746063e+01   2.6139296e+01   3.6383092e+01
   2.5508952e+01   2.5959741e+01   3.5581497e+01
   2.5729523e+01   2.6143605e+01   3.6152440e+01
   2.2942861e+01   2.3411017e+01   3.2868524e+01
   2.5304957e+01   2.6131091e+01   3.2929388e+01
   2.4919109e+01   2.5354830e+01   3.5133540e+01
   2.5653518e+01   2.6148922e+01   3.5337645e+01
   2.5537974e+01   2.5972359e+01   3.5763419e+01
   2.4524932e+01   2.5412825e+01   3.1868024e+01
   2.2977112e+01   2.3435337e+01   3.2990916e+01
   2.4317408e+01   2.5397531e+01   3.0901909e+01
   2.4870955e+01   2.5322074e+01   3.4942236e+01
   2.4931822e+01   2.5425636e+01   3.4631035e+01
   2.2929465e+01   2.3396054e+01   3.2868995e+01
   2.5134746e+01   2.5975274e+01   3.2691510e+01
   2.4899725e+01   2.5354646e+01   3.4936320e+01
   2.5445264e+01   2.5989762e+01   3.4743467e+01
   2.4454908e+01   2.5366207e+01   3.1696429e+01
   2.2792462e+01   2.3297920e+01   3.2404010e+01
