   1.6759492e+01   2.2296964e+01   1.8208168e+01
   1.7425464e+01   2.8026912e+01   1.7827912e+01
   1.3605831e+01   1.5641171e+01   1.7992202e+01
   1.7308548e+01   2.7059434e+01   1.7803244e+01
   1.7329233e+01   2.7084488e+01   1.7823363e+01
   2.5207927e+01   2.6510262e+01   3.1083137e+01
   1.6861113e+01   2.5690096e+01   1.7482359e+01
   2.6603397e+01   2.7737803e+01   3.2995725e+01
   2.1133758e+01   2.4428861e+01   2.3892424e+01
   2.6091217e+01   2.7279086e+01   3.2309900e+01
   2.1383080e+01   2.4223396e+01   2.4586681e+01
   2.2567954e+01   2.7349892e+01   2.4331501e+01
   2.2306329e+01   2.5618237e+01   2.5046509e+01
   2.2899261e+01   2.7549560e+01   2.4729545e+01
   1.7010115e+01   1.9769827e+01   2.0331906e+01
   1.8536922e+01   2.4164055e+01   1.9942424e+01
   1.5956996e+01   2.3861676e+01   1.6742401e+01
   2.1091915e+01   2.6477525e+01   2.2585182e+01
   1.7511179e+01   2.5176581e+01   1.8339757e+01
   1.7278114e+01   2.3794742e+01   1.8392086e+01
   1.1066539e+01   2.0686360e+01   1.1605409e+01
   1.1319987e+01   2.3502331e+01   1.1610372e+01
   1.2703410e+01   2.4755067e+01   1.2997507e+01
   1.2135329e+01   1.9674896e+01   1.3023746e+01
   2.3169374e+01   2.5294233e+01   2.7305929e+01
   2.1515773e+01   2.3001798e+01   2.6916904e+01
   2.2576841e+01   2.4698469e+01   2.6720400e+01
   2.1952274e+01   2.5330088e+01   2.4636457e+01
   8.9936390e+00   1.7197917e+01   9.7876351e+00
   9.7838358e+00   2.4321990e+01   9.9553568e+00
   5.9498228e+00   7.4277989e+00   1.2070839e+01
   1.0717851e+01   1.7109413e+01   1.1933993e+01
   1.9784581e+01   2.2582373e+01   2.3042222e+01
   2.0614786e+01   2.5778669e+01   2.2203386e+01
   1.4121054e+01   2.3450948e+01   1.4679467e+01
   1.2907691e+01   1.7728018e+01   1.4716921e+01
   1.4146710e+01   2.4616382e+01   1.4570077e+01
   1.0450732e+01   1.2664327e+01   1.4666490e+01
   1.7464929e+01   2.4492629e+01   1.8439990e+01
   1.5292097e+01   1.8165620e+01   1.8509378e+01
   1.1710949e+01   2.0377084e+01   1.2385208e+01
   1.2056285e+01   2.3391007e+01   1.2407868e+01
   1.5481537e+01   2.3159566e+01   1.6315276e+01
   1.5161403e+01   2.1559031e+01   1.6322279e+01
   1.0609526e+01   1.9689407e+01   1.1228893e+01
   4.0013881e+00   5.3468884e+00   1.0858252e+01
   8.1367470e+00   1.4882566e+01   9.3078757e+00
   9.1047787e+00   2.4127299e+01   9.2603573e+00
   2.5014954e+01   2.6199751e+01   3.1245704e+01
   2.5804663e+01   2.7171718e+01   3.1498581e+01
   2.4334110e+01   2.4985829e+01   3.2906889e+01
   2.6137566e+01   2.7093843e+01   3.3187411e+01
   2.1976855e+01   2.4350344e+01   2.5749576e+01
   2.3475766e+01   2.8142301e+01   2.5296635e+01
   2.3144131e+01   2.5898685e+01   2.6437337e+01
   2.3123738e+01   2.6950625e+01   2.5455715e+01
   2.2286998e+01   2.5135390e+01   2.5478768e+01
   2.1897314e+01   2.4823316e+01   2.5007860e+01
   2.0735179e+01   2.4324193e+01   2.3250908e+01
   2.1319502e+01   2.6246313e+01   2.3014953e+01
   2.3971443e+01   2.4622570e+01   3.2549080e+01
   2.5319449e+01   2.6278843e+01   3.2358412e+01
   2.0968602e+01   2.3694398e+01   2.4301870e+01
   2.2239936e+01   2.6476028e+01   2.4305119e+01
   2.2893684e+01   2.5592377e+01   2.6251655e+01
   2.2988534e+01   2.6567485e+01   2.5505656e+01
   1.4715420e+01   1.7070322e+01   1.8582345e+01
   1.6951771e+01   2.2992342e+01   1.8216272e+01
   1.8958099e+01   2.2693474e+01   2.1370531e+01
   2.0121703e+01   2.6609995e+01   2.1235222e+01
   2.0768918e+01   2.4390215e+01   2.3259449e+01
   2.3563870e+01   2.6885069e+01   2.6292936e+01
   2.3366266e+01   2.5827754e+01   2.7016237e+01
   2.3119422e+01   2.6491904e+01   2.5805163e+01
   1.9646981e+01   2.2797990e+01   2.2543731e+01
   1.9451721e+01   2.2675947e+01   2.2281528e+01
   2.0958817e+01   2.4443450e+01   2.3557111e+01
   2.1582570e+01   2.6312541e+01   2.3374392e+01
   2.4410250e+01   2.5964147e+01   2.9638664e+01
   2.3579937e+01   2.5134411e+01   2.8809318e+01
   1.0952951e+01   1.5713271e+01   1.2834320e+01
   1.2628747e+01   2.0990207e+01   1.3347754e+01
   2.2274762e+01   2.4348568e+01   2.6496571e+01
   2.3046494e+01   2.5686571e+01   2.6473253e+01
   7.0218788e+00   9.7102213e+00   1.0821013e+01
   1.1248658e+01   2.4150380e+01   1.1493882e+01
   2.1764188e+01   2.4395563e+01   2.5205418e+01
   2.2484733e+01   2.6064264e+01   2.5002574e+01
   1.6103503e+01   2.4777155e+01   1.6751377e+01
   1.1908043e+01   1.3717390e+01   1.6764687e+01
