   2.2748785e+01   2.4570012e+01   2.7416960e+01
   2.3164401e+01   2.7113343e+01   2.5411746e+01
   1.8401294e+01   2.1580458e+01   2.1279127e+01
   2.0233656e+01   2.7046804e+01   2.1256602e+01
   1.5940447e+01   2.6526835e+01   1.6347151e+01
   2.0309200e+01   2.6735722e+01   2.1440494e+01
   1.6724448e+01   2.5777777e+01   1.7312639e+01
   2.4994132e+01   2.7037251e+01   2.9259205e+01
   2.1209096e+01   2.5473827e+01   2.3259569e+01
   2.4861376e+01   2.6849573e+01   2.9219825e+01
   2.3541734e+01   2.4987350e+01   2.9035576e+01
   2.4761715e+01   2.6704462e+01   2.9199884e+01
   2.3168803e+01   2.5716508e+01   2.6708540e+01
   2.4078097e+01   2.7101130e+01   2.7084159e+01
   1.9443318e+01   2.3379600e+01   2.1710689e+01
   2.0611152e+01   2.6564205e+01   2.1892860e+01
   1.6756399e+01   2.4848045e+01   1.7502955e+01
   2.3870922e+01   2.6757533e+01   2.7017689e+01
   1.7058531e+01   2.2624330e+01   1.8494425e+01
   1.7671849e+01   2.5064201e+01   1.8559371e+01
   2.3189840e+01   2.7295626e+01   2.5334156e+01
   2.2224894e+01   2.5119577e+01   2.5367313e+01
   2.3595129e+01   2.6456480e+01   2.6769477e+01
   2.2751058e+01   2.4786902e+01   2.7034087e+01
   2.3900129e+01   2.6099289e+01   2.7919332e+01
   2.3152554e+01   2.4882035e+01   2.8001410e+01
   1.6739571e+01   2.4866924e+01   1.7479540e+01
   1.6883200e+01   2.5407377e+01   1.7553074e+01
   1.2611388e+01   2.4656531e+01   1.2906251e+01
   1.2901633e+01   2.5284439e+01   1.3172918e+01
   1.6724032e+01   2.1062189e+01   1.8752696e+01
   1.7887857e+01   2.4832711e+01   1.8882491e+01
   1.7816484e+01   2.2756213e+01   1.9518491e+01
   1.8562367e+01   2.5540887e+01   1.9546375e+01
   2.1484705e+01   2.7050751e+01   2.2905391e+01
   1.9905495e+01   2.2491080e+01   2.3410994e+01
   2.1575415e+01   2.6385662e+01   2.3326911e+01
   1.9784248e+01   2.1948355e+01   2.3874159e+01
   2.1634742e+01   2.6015728e+01   2.3615611e+01
   2.0033405e+01   2.2401688e+01   2.3822285e+01
   2.0976753e+01   2.5394516e+01   2.2938321e+01
   2.0228111e+01   2.3119338e+01   2.3381965e+01
   2.0105543e+01   2.5806641e+01   2.1478267e+01
   1.9174673e+01   2.2873218e+01   2.1613377e+01
   1.7227064e+01   2.1520370e+01   1.9278711e+01
   1.6749825e+01   2.0191602e+01   1.9409025e+01
   2.0482563e+01   2.5402933e+01   2.2183273e+01
   1.9951205e+01   2.3327188e+01   2.2644376e+01
   2.4319099e+01   2.6075332e+01   2.9110396e+01
   2.5172957e+01   2.7221320e+01   2.9428959e+01
   2.3902142e+01   2.5660621e+01   2.8690007e+01
   2.4885380e+01   2.7153600e+01   2.8799589e+01
   2.3187002e+01   2.4974454e+01   2.7919410e+01
   2.4657379e+01   2.7319987e+01   2.8053690e+01
   2.2743890e+01   2.5582354e+01   2.5945098e+01
   2.3492936e+01   2.7153691e+01   2.5945987e+01
   2.0279248e+01   2.2874233e+01   2.3771168e+01
   2.2118415e+01   2.6919057e+01   2.3873507e+01
   2.2837261e+01   2.5115458e+01   2.6741961e+01
   2.3995164e+01   2.7150343e+01   2.6873624e+01
   2.4759898e+01   2.5586546e+01   3.2383291e+01
   2.5406285e+01   2.6433752e+01   3.2179919e+01
   2.4184310e+01   2.4904309e+01   3.2357879e+01
   2.5494246e+01   2.6492160e+01   3.2380294e+01
   1.8364018e+01   2.5653946e+01   1.9272993e+01
   1.8454504e+01   2.6467967e+01   1.9211160e+01
   2.0738941e+01   2.3623540e+01   2.3897504e+01
   2.1757771e+01   2.5935229e+01   2.3860125e+01
   2.0872553e+01   2.4703082e+01   2.3207882e+01
   2.1516220e+01   2.6512181e+01   2.3178659e+01
   2.2127716e+01   2.4786525e+01   2.5534881e+01
   2.5720843e+01   2.6152732e+01   3.5969644e+01
   2.4819314e+01   2.5283479e+01   3.4773297e+01
   2.5624413e+01   2.6140449e+01   3.5141470e+01
   2.2628240e+01   2.3133905e+01   3.2238887e+01
   2.4852688e+01   2.5724421e+01   3.2266883e+01
   2.4485860e+01   2.4970356e+01   3.4264595e+01
   2.5496922e+01   2.6099274e+01   3.4384604e+01
   2.4931441e+01   2.5312462e+01   3.5701669e+01
   2.4435318e+01   2.5302253e+01   3.1872346e+01
   2.1907646e+01   2.2533330e+01   3.0655189e+01
   2.3778617e+01   2.5171844e+01   2.9407428e+01
   2.4386101e+01   2.4807679e+01   3.4738581e+01
   2.4907713e+01   2.5428018e+01   3.4392955e+01
   2.1871217e+01   2.2442857e+01   3.0985198e+01
   2.4668828e+01   2.5822861e+01   3.1000082e+01
   2.4406618e+01   2.4870654e+01   3.4363021e+01
   2.5344144e+01   2.5956640e+01   3.4164615e+01
   2.3158526e+01   2.5143261e+01   2.7527250e+01
   2.1324005e+01   2.2404773e+01   2.7918600e+01
