   2.4601516e+01   2.5292226e+01   3.2940005e+01
   2.4291043e+01   2.6827596e+01   2.7842175e+01
   2.2216280e+01   2.2934105e+01   3.0409955e+01
   2.5150621e+01   2.6825096e+01   3.0109062e+01
   1.7445238e+01   2.7123306e+01   1.7948517e+01
   2.5987900e+01   2.6854588e+01   3.3422202e+01
   1.6989763e+01   2.6333807e+01   1.7536826e+01
   2.6306797e+01   2.6986646e+01   3.4704693e+01
   2.2035184e+01   2.6146178e+01   2.4178642e+01
   2.6183541e+01   2.6846151e+01   3.4684866e+01
   2.4752524e+01   2.5335344e+01   3.3775874e+01
   2.5899384e+01   2.6642293e+01   3.3943432e+01
   2.5119977e+01   2.5888240e+01   3.3032371e+01
   2.6324068e+01   2.7008855e+01   3.4692892e+01
   2.2630598e+01   2.3288977e+01   3.1169029e+01
   2.5602357e+01   2.6994495e+01   3.1229536e+01
   1.7185518e+01   2.5246911e+01   1.7936410e+01
   2.6000079e+01   2.6853948e+01   3.3492902e+01
   2.2022116e+01   2.3058831e+01   2.8772835e+01
   2.3668440e+01   2.5305219e+01   2.8711881e+01
   2.6366515e+01   2.7305488e+01   3.3486929e+01
   2.4840202e+01   2.5461735e+01   3.3602791e+01
   2.5779847e+01   2.6562401e+01   3.3617524e+01
   2.4921375e+01   2.5418063e+01   3.4596817e+01
   2.5711612e+01   2.6252626e+01   3.5035346e+01
   2.4821941e+01   2.5270214e+01   3.4919446e+01
   2.4543958e+01   2.5343299e+01   3.2300695e+01
   2.4982099e+01   2.5487037e+01   3.4589841e+01
   2.2408715e+01   2.5881766e+01   2.5012054e+01
   2.4900285e+01   2.5415722e+01   3.4424001e+01
   2.2444911e+01   2.3194134e+01   3.0466634e+01
   2.4227646e+01   2.5386884e+01   3.0543043e+01
   2.4551317e+01   2.5350473e+01   3.2308947e+01
   2.4718286e+01   2.5482001e+01   3.2655355e+01
   2.4580037e+01   2.7287824e+01   2.7923613e+01
   2.2123651e+01   2.3083128e+01   2.9173360e+01
   2.4681293e+01   2.6545583e+01   2.9262463e+01
   2.2392389e+01   2.3033192e+01   3.1040999e+01
   2.4922497e+01   2.6246625e+01   3.0736591e+01
   2.2383537e+01   2.3044527e+01   3.0907221e+01
   2.3894829e+01   2.5339008e+01   2.9391244e+01
   2.2502290e+01   2.3156554e+01   3.1066575e+01
   2.4604290e+01   2.5874996e+01   3.0572768e+01
   2.2437016e+01   2.3106194e+01   3.0910926e+01
   2.2471934e+01   2.3333189e+01   2.9942089e+01
   2.2149458e+01   2.2881683e+01   3.0264137e+01
   2.3807734e+01   2.5335280e+01   2.9099738e+01
   2.2498909e+01   2.3161835e+01   3.1010268e+01
   2.5878442e+01   2.6517460e+01   3.4526418e+01
   2.6577216e+01   2.7272976e+01   3.4881827e+01
   2.5645540e+01   2.6210188e+01   3.4795249e+01
   2.6490493e+01   2.7218137e+01   3.4616123e+01
   2.4772680e+01   2.5326627e+01   3.4002592e+01
   2.6469379e+01   2.7253563e+01   3.4297401e+01
   2.5269402e+01   2.5871972e+01   3.4156195e+01
   2.6474253e+01   2.7260112e+01   3.4293809e+01
   2.2758852e+01   2.3240045e+01   3.2572417e+01
   2.5943822e+01   2.7233219e+01   3.1854764e+01
   2.4765660e+01   2.5352983e+01   3.3757725e+01
   2.6370967e+01   2.7244565e+01   3.3773356e+01
   2.5894651e+01   2.6187572e+01   3.7761062e+01
   2.6164547e+01   2.6550301e+01   3.6880335e+01
   2.4995628e+01   2.5316413e+01   3.6483481e+01
   2.6120395e+01   2.6552473e+01   3.6366459e+01
   2.5469276e+01   2.5878484e+01   3.5941881e+01
   2.6064787e+01   2.6551784e+01   3.5818182e+01
   2.2945365e+01   2.3329126e+01   3.3693199e+01
   2.5611339e+01   2.6499754e+01   3.2949372e+01
   2.4859089e+01   2.5322747e+01   3.4817450e+01
   2.5897228e+01   2.6552874e+01   3.4441670e+01
   2.2402726e+01   2.5286123e+01   2.5556588e+01
   2.5663959e+01   2.6078945e+01   3.6078002e+01
   2.5436380e+01   2.5858635e+01   3.5779140e+01
   2.5667570e+01   2.6090734e+01   3.6000853e+01
   2.2911747e+01   2.3287698e+01   3.3745223e+01
   2.5345702e+01   2.6044099e+01   3.3637825e+01
   2.4924091e+01   2.5336017e+01   3.5370766e+01
   2.5597951e+01   2.6086889e+01   3.5336114e+01
   2.5357544e+01   2.5872995e+01   3.4879907e+01
   2.4419209e+01   2.5376946e+01   3.1467233e+01
   2.2882918e+01   2.3291433e+01   3.3371639e+01
   2.4334068e+01   2.5363163e+01   3.1104360e+01
   2.4738723e+01   2.5298713e+01   3.3924545e+01
   2.4792310e+01   2.5400069e+01   3.3645684e+01
   2.2841979e+01   2.3243586e+01   3.3401594e+01
   2.5186663e+01   2.5931728e+01   3.3220836e+01
   2.4867533e+01   2.5331129e+01   3.4826423e+01
   2.5397089e+01   2.5941573e+01   3.4695523e+01
   2.4353792e+01   2.5353667e+01   3.1235170e+01
   2.2693151e+01   2.3258006e+01   3.1851457e+01
