   2.5052356e+01   2.5415179e+01   3.6025861e+01
   2.4624617e+01   2.6866715e+01   2.8577765e+01
   2.2777568e+01   2.3136360e+01   3.3806185e+01
   2.5953810e+01   2.6884477e+01   3.3109628e+01
   1.7481875e+01   2.7206165e+01   1.7979449e+01
   2.6247379e+01   2.6954041e+01   3.4490396e+01
   1.7041084e+01   2.6559664e+01   1.7565179e+01
   2.6563550e+01   2.7049882e+01   3.6321519e+01
   2.2003451e+01   2.5944005e+01   2.4259066e+01
   2.6362167e+01   2.6916842e+01   3.5582839e+01
   2.4979181e+01   2.5416655e+01   3.5176867e+01
   2.6145067e+01   2.6697032e+01   3.5386136e+01
   2.5337237e+01   2.5990933e+01   3.3894992e+01
   2.6567157e+01   2.7091712e+01   3.6015204e+01
   2.3019089e+01   2.3428465e+01   3.3498469e+01
   2.6249817e+01   2.7127632e+01   3.3633555e+01
   1.7222007e+01   2.5293203e+01   1.7970950e+01
   2.6261303e+01   2.6925265e+01   3.4754267e+01
   2.2742035e+01   2.3152243e+01   3.3214299e+01
   2.4679148e+01   2.5388761e+01   3.2909293e+01
   2.6662305e+01   2.7352656e+01   3.4998030e+01
   2.5090090e+01   2.5552987e+01   3.5054555e+01
   2.6179216e+01   2.6739972e+01   3.5355871e+01
   2.5228566e+01   2.5540069e+01   3.6838727e+01
   2.5562479e+01   2.5980960e+01   3.5942075e+01
   2.4987931e+01   2.5375864e+01   3.5683308e+01
   2.4727753e+01   2.5410826e+01   3.3110461e+01
   2.5177672e+01   2.5551929e+01   3.6021677e+01
   2.2520189e+01   2.5972976e+01   2.5139909e+01
   2.5089124e+01   2.5489462e+01   3.5653582e+01
   2.3001633e+01   2.3432136e+01   3.3272848e+01
   2.4843071e+01   2.5496109e+01   3.3406186e+01
   2.4909476e+01   2.5391996e+01   3.4703728e+01
   2.5105067e+01   2.5546975e+01   3.5260758e+01
   2.5560596e+01   2.7344429e+01   3.0294325e+01
   2.2693841e+01   2.3160489e+01   3.2633952e+01
   2.5303570e+01   2.6727682e+01   3.0847805e+01
   2.2782043e+01   2.3156125e+01   3.3636861e+01
   2.5174294e+01   2.5999583e+01   3.2803084e+01
   2.2702029e+01   2.3136501e+01   3.2936722e+01
   2.4317067e+01   2.5402332e+01   3.0883391e+01
   2.2785289e+01   2.3181327e+01   3.3403110e+01
   2.5110227e+01   2.5971311e+01   3.2572012e+01
   2.2710341e+01   2.3134846e+01   3.3040926e+01
   2.2761915e+01   2.3426640e+01   3.1261152e+01
   2.2544763e+01   2.3121778e+01   3.1617158e+01
   2.4136627e+01   2.5376968e+01   3.0197053e+01
   2.2706653e+01   2.3161213e+01   3.2754809e+01
   2.6253275e+01   2.6728005e+01   3.6111067e+01
   2.6863871e+01   2.7344835e+01   3.6666851e+01
   2.5559336e+01   2.5999821e+01   3.5727150e+01
   2.6663738e+01   2.7278414e+01   3.5466951e+01
   2.4970086e+01   2.5408558e+01   3.5158381e+01
   2.6702191e+01   2.7304173e+01   3.5589786e+01
   2.5452619e+01   2.5974476e+01   3.4924218e+01
   2.6652771e+01   2.7312331e+01   3.5171738e+01
   2.2966655e+01   2.3400390e+01   3.3207120e+01
   2.6151688e+01   2.7316973e+01   3.2442879e+01
   2.4929186e+01   2.5380159e+01   3.5001621e+01
   2.6633182e+01   2.7311394e+01   3.5040126e+01
   2.5680847e+01   2.5973169e+01   3.7556385e+01
   2.6244057e+01   2.6666518e+01   3.6582905e+01
   2.5117579e+01   2.5395667e+01   3.7204421e+01
   2.6283189e+01   2.6663320e+01   3.7059726e+01
   2.5664499e+01   2.5988069e+01   3.7114368e+01
   2.6280398e+01   2.6666543e+01   3.6991731e+01
   2.3080127e+01   2.3426040e+01   3.4259804e+01
   2.5811801e+01   2.6633930e+01   3.3454246e+01
   2.5054133e+01   2.5366617e+01   3.6651600e+01
   2.6203940e+01   2.6673707e+01   3.6105063e+01
   2.2465177e+01   2.5374649e+01   2.5591282e+01
   2.5642522e+01   2.6005490e+01   3.6612779e+01
   2.5575702e+01   2.5977511e+01   3.6123652e+01
   2.5630282e+01   2.6004392e+01   3.6474721e+01
   2.3035794e+01   2.3417643e+01   3.3803970e+01
   2.5322760e+01   2.5992328e+01   3.3784054e+01
   2.4996587e+01   2.5376886e+01   3.5774514e+01
   2.5567225e+01   2.6006757e+01   3.5743947e+01
   2.5583547e+01   2.5989245e+01   3.6091559e+01
   2.4529249e+01   2.5391297e+01   3.1988207e+01
   2.3094840e+01   2.3476490e+01   3.3864926e+01
   2.4417651e+01   2.5384330e+01   3.1429601e+01
   2.4959210e+01   2.5350565e+01   3.5618210e+01
   2.4960996e+01   2.5393566e+01   3.5205297e+01
   2.3028508e+01   2.3433783e+01   3.3549573e+01
   2.5227027e+01   2.5950807e+01   3.3376692e+01
   2.4967081e+01   2.5379452e+01   3.5409166e+01
   2.5466721e+01   2.5955283e+01   3.5208369e+01
   2.4527321e+01   2.5376190e+01   3.2046857e+01
   2.2900424e+01   2.3373994e+01   3.2778987e+01
