   2.3578328e+01   2.4908208e+01   2.9380035e+01
   2.3679866e+01   2.6960620e+01   2.6444307e+01
   2.0522108e+01   2.2186731e+01   2.5518720e+01
   2.3122757e+01   2.6939823e+01   2.5461717e+01
   1.7135461e+01   2.6842744e+01   1.7635787e+01
   2.4391663e+01   2.6745549e+01   2.8184743e+01
   1.6863146e+01   2.6044256e+01   1.7432810e+01
   2.5656125e+01   2.6970520e+01   3.1496063e+01
   2.1634306e+01   2.5793821e+01   2.3748162e+01
   2.5536846e+01   2.6811383e+01   3.1491899e+01
   2.4276628e+01   2.5179728e+01   3.1553999e+01
   2.5490652e+01   2.6632560e+01   3.1860055e+01
   2.4194239e+01   2.5792587e+01   2.9321486e+01
   2.5287768e+01   2.7011995e+01   3.0141927e+01
   2.1349955e+01   2.3374713e+01   2.5657105e+01
   2.3329187e+01   2.6735522e+01   2.5985768e+01
   1.7080194e+01   2.5088232e+01   1.7841522e+01
   2.5448370e+01   2.6765060e+01   3.1282239e+01
   1.6586127e+01   2.2904020e+01   1.7762970e+01
   1.7041708e+01   2.5140217e+01   1.7786084e+01
   2.5575471e+01   2.7256570e+01   3.0519010e+01
   2.4177385e+01   2.5257605e+01   3.0761950e+01
   2.4987474e+01   2.6543601e+01   3.0209336e+01
   2.4026747e+01   2.5045538e+01   3.0836750e+01
   2.5135237e+01   2.6201502e+01   3.1767058e+01
   2.4244641e+01   2.5057311e+01   3.1936873e+01
   2.3022855e+01   2.5596923e+01   2.6530102e+01
   2.3135706e+01   2.5367866e+01   2.7107277e+01
   1.9842819e+01   2.5997754e+01   2.1059237e+01
   2.1014138e+01   2.5316612e+01   2.3042616e+01
   1.9332574e+01   2.1938196e+01   2.2816877e+01
   2.0914125e+01   2.5112530e+01   2.3005875e+01
   2.2175581e+01   2.4633130e+01   2.5834306e+01
   2.2716710e+01   2.5494962e+01   2.5984396e+01
   2.3267040e+01   2.7175202e+01   2.5541991e+01
   2.1240737e+01   2.2788206e+01   2.6495940e+01
   2.3449396e+01   2.6493064e+01   2.6436310e+01
   2.1245866e+01   2.2410784e+01   2.7555061e+01
   2.3591597e+01   2.6164028e+01   2.7099407e+01
   2.1443098e+01   2.2702961e+01   2.7455669e+01
   2.3081359e+01   2.5456420e+01   2.6848345e+01
   2.1916654e+01   2.3167397e+01   2.7954080e+01
   2.3015576e+01   2.5889035e+01   2.6178348e+01
   2.1410103e+01   2.3006075e+01   2.6552949e+01
   2.1042965e+01   2.3377408e+01   2.4873947e+01
   1.9948414e+01   2.1453762e+01   2.5311805e+01
   2.2776570e+01   2.5349300e+01   2.6286172e+01
   2.1895929e+01   2.3300227e+01   2.7502690e+01
   2.5225864e+01   2.6296377e+01   3.1842234e+01
   2.6089765e+01   2.7199439e+01   3.2566953e+01
   2.4814407e+01   2.5939617e+01   3.1241423e+01
   2.5781902e+01   2.7152092e+01   3.1467395e+01
   2.4161029e+01   2.5158564e+01   3.1052035e+01
   2.5903004e+01   2.7259238e+01   3.1626141e+01
   2.4412879e+01   2.5746584e+01   3.0201474e+01
   2.5507697e+01   2.7131698e+01   3.0574802e+01
   1.8432811e+01   2.3257584e+01   2.0187653e+01
   1.9445843e+01   2.6940411e+01   2.0306168e+01
   2.2628108e+01   2.5282120e+01   2.6039408e+01
   2.3624498e+01   2.7140550e+01   2.6190228e+01
   2.5400501e+01   2.5873274e+01   3.5277277e+01
   2.5857663e+01   2.6463531e+01   3.4720932e+01
   2.4685572e+01   2.5136578e+01   3.4758425e+01
   2.5903586e+01   2.6498781e+01   3.4838745e+01
   2.3683600e+01   2.5735685e+01   2.7936785e+01
   2.4106595e+01   2.6477566e+01   2.7876624e+01
   2.1830727e+01   2.3704326e+01   2.6403444e+01
   2.3192805e+01   2.6129007e+01   2.6289065e+01
   2.4731807e+01   2.5133582e+01   3.5282450e+01
   2.5909326e+01   2.6508923e+01   3.4814615e+01
   2.2279923e+01   2.5060593e+01   2.5546197e+01
   2.5767617e+01   2.6162959e+01   3.6382397e+01
   2.5168675e+01   2.5617840e+01   3.5257004e+01
   2.5708327e+01   2.6120513e+01   3.6150297e+01
   2.2884702e+01   2.3354877e+01   3.2792928e+01
   2.5136853e+01   2.5906732e+01   3.3040860e+01
   2.4748364e+01   2.5177777e+01   3.5023556e+01
   2.5616682e+01   2.6121549e+01   3.5223340e+01
   2.5243573e+01   2.5632324e+01   3.5929487e+01
   2.4464040e+01   2.5306440e+01   3.2013874e+01
   2.2503166e+01   2.3012866e+01   3.2081872e+01
   2.4093311e+01   2.5236188e+01   3.0463061e+01
   2.4651234e+01   2.5068178e+01   3.5048597e+01
   2.4887698e+01   2.5363286e+01   3.4741472e+01
   2.2417536e+01   2.2920503e+01   3.2051155e+01
   2.4926064e+01   2.5852625e+01   3.2101484e+01
   2.4670961e+01   2.5113424e+01   3.4822745e+01
   2.5372702e+01   2.5932114e+01   3.4560999e+01
   2.4152546e+01   2.5282355e+01   3.0565855e+01
   2.2162212e+01   2.2747627e+01   3.1177843e+01
