   2.1859787e+01   2.5353952e+01   2.4447408e+01
   2.1655276e+01   2.6806235e+01   2.3247134e+01
   2.2128552e+01   2.3174425e+01   2.8844912e+01
   2.4576001e+01   2.6797820e+01   2.8559478e+01
   1.0881392e+01   2.7251812e+01   1.0990905e+01
   1.1977975e+01   2.6896618e+01   1.2129077e+01
   1.6955646e+01   2.6457508e+01   1.7482075e+01
   2.5921352e+01   2.6958366e+01   3.2658280e+01
   2.1821972e+01   2.5927714e+01   2.3969307e+01
   2.5869759e+01   2.6814831e+01   3.2965957e+01
   2.4034244e+01   2.5424238e+01   2.9670872e+01
   2.4914122e+01   2.6630365e+01   2.9785500e+01
   2.4034254e+01   2.6070472e+01   2.8312978e+01
   2.4781170e+01   2.6970406e+01   2.8813536e+01
   2.2946852e+01   2.3682716e+01   3.1038022e+01
   2.5510510e+01   2.6937838e+01   3.1046034e+01
   1.6827824e+01   2.5282770e+01   1.7509480e+01
   2.3849221e+01   2.6823552e+01   2.6904806e+01
   2.2200606e+01   2.3377567e+01   2.8465936e+01
   2.3522884e+01   2.5278054e+01   2.8318467e+01
   1.8801283e+01   2.7464435e+01   1.9444154e+01
   1.8475991e+01   2.5439602e+01   1.9464032e+01
   2.5553100e+01   2.6718071e+01   3.1846504e+01
   2.4596728e+01   2.5364843e+01   3.2511315e+01
   2.5387452e+01   2.6071101e+01   3.3765023e+01
   2.4693741e+01   2.5243291e+01   3.3956358e+01
   2.4324904e+01   2.5450718e+01   3.0751195e+01
   2.4659563e+01   2.5487396e+01   3.2277579e+01
   2.2331518e+01   2.6084034e+01   2.4718813e+01
   2.4590098e+01   2.5395870e+01   3.2314996e+01
   2.2179657e+01   2.3410454e+01   2.8276271e+01
   2.3560417e+01   2.5359603e+01   2.8268705e+01
   2.2317474e+01   2.5377547e+01   2.5291137e+01
   2.2394114e+01   2.5472862e+01   2.5349327e+01
   2.3215451e+01   2.7411235e+01   2.5303324e+01
   2.1266451e+01   2.3062718e+01   2.5989209e+01
   2.4195110e+01   2.6686610e+01   2.7804004e+01
   2.1998739e+01   2.2961522e+01   2.9035705e+01
   2.4327299e+01   2.6062475e+01   2.9161186e+01
   2.2106718e+01   2.3009853e+01   2.9392442e+01
   2.3567161e+01   2.5438189e+01   2.8138579e+01
   2.2238590e+01   2.3180397e+01   2.9360041e+01
   2.4249929e+01   2.6091150e+01   2.8875514e+01
   2.2103253e+01   2.3106675e+01   2.8979503e+01
   2.2234188e+01   2.3768611e+01   2.7515422e+01
   2.1514447e+01   2.2725333e+01   2.7675768e+01
   2.2594040e+01   2.5364900e+01   2.5870363e+01
   2.1575131e+01   2.3188355e+01   2.6678492e+01
   2.5391274e+01   2.6646235e+01   3.1404585e+01
   2.5901915e+01   2.7269935e+01   3.1593041e+01
   2.5147629e+01   2.6002144e+01   3.2639421e+01
   2.6122900e+01   2.7202260e+01   3.2705851e+01
   2.4139085e+01   2.5422477e+01   3.0071683e+01
   2.5466722e+01   2.7243786e+01   3.0213995e+01
   1.9611115e+01   2.6018286e+01   2.0749781e+01
   1.9599420e+01   2.7016752e+01   2.0476506e+01
   2.2096326e+01   2.3607202e+01   2.7434326e+01
   2.4149338e+01   2.7206659e+01   2.7121375e+01
   2.0391081e+01   2.5390923e+01   2.2054573e+01
   2.0898896e+01   2.7194567e+01   2.2068611e+01
   2.5647798e+01   2.5977667e+01   3.7017058e+01
   2.6123095e+01   2.6522750e+01   3.6692044e+01
   2.4666062e+01   2.5408345e+01   3.2716551e+01
   2.5598470e+01   2.6534754e+01   3.2731607e+01
   2.5526490e+01   2.6072630e+01   3.4812217e+01
   2.5905884e+01   2.6524303e+01   3.4686093e+01
   2.3090349e+01   2.3738009e+01   3.1692858e+01
   2.5159449e+01   2.6414892e+01   3.1171835e+01
   2.4751379e+01   2.5341284e+01   3.3725695e+01
   2.5732085e+01   2.6525533e+01   3.3515085e+01
   2.2426634e+01   2.5371755e+01   2.5515694e+01
   2.5634480e+01   2.6085089e+01   3.5708364e+01
   2.5611992e+01   2.6053062e+01   3.5774195e+01
   2.5568536e+01   2.6071299e+01   3.5192428e+01
   2.3080141e+01   2.3668490e+01   3.2071108e+01
   2.5043542e+01   2.6040029e+01   3.1936187e+01
   2.4752616e+01   2.5358473e+01   3.3618792e+01
   2.5373780e+01   2.6073844e+01   3.3656292e+01
   2.4659750e+01   2.6082578e+01   3.0208768e+01
   2.3699087e+01   2.5348170e+01   2.8715644e+01
   2.2952582e+01   2.3620949e+01   3.1429001e+01
   2.4012289e+01   2.5335697e+01   2.9830804e+01
   2.3164026e+01   2.5325064e+01   2.7243775e+01
   2.3187323e+01   2.5392563e+01   2.7199199e+01
   2.2950215e+01   2.3586246e+01   3.1626387e+01
   2.4834258e+01   2.5904147e+01   3.1453823e+01
   2.4802100e+01   2.5363073e+01   3.3980598e+01
   2.5280285e+01   2.5922467e+01   3.3909777e+01
   2.4272458e+01   2.5398925e+01   3.0696694e+01
   2.2559034e+01   2.3188208e+01   3.1280755e+01
