   2.3259424e+01   2.4508730e+01   2.9295617e+01
   2.3844345e+01   2.7351011e+01   2.6417220e+01
   2.0479836e+01   2.1314610e+01   2.8084661e+01
   2.4601336e+01   2.7203989e+01   2.8069808e+01
   1.7315462e+01   2.6809225e+01   1.7842153e+01
   2.5443559e+01   2.6790725e+01   3.1192460e+01
   1.6856617e+01   2.5919027e+01   1.7443154e+01
   2.5849585e+01   2.7171471e+01   3.1668000e+01
   2.1463492e+01   2.5454633e+01   2.3686522e+01
   2.5542747e+01   2.6933922e+01   3.1172599e+01
   2.3580388e+01   2.5310450e+01   2.8426735e+01
   2.4543613e+01   2.6824661e+01   2.8439843e+01
   1.9539991e+01   2.5659954e+01   2.0768538e+01
   1.9934658e+01   2.7282060e+01   2.0826866e+01
   1.1818844e+01   2.5867436e+01   1.2004505e+01
   1.1843903e+01   2.5874081e+01   1.2030303e+01
   1.7042567e+01   2.5184857e+01   1.7778827e+01
   2.5051390e+01   2.6709057e+01   3.0046019e+01
   2.0739695e+01   2.3046987e+01   2.4610681e+01
   2.1736858e+01   2.4833882e+01   2.4676378e+01
   2.1049585e+01   2.7704881e+01   2.2113832e+01
   2.0224639e+01   2.4721144e+01   2.2144328e+01
   1.8872945e+01   2.6850627e+01   1.9635524e+01
   1.8368275e+01   2.4231606e+01   1.9687737e+01
   1.8752455e+01   2.6711366e+01   1.9518892e+01
   1.8365772e+01   2.4630865e+01   1.9551554e+01
   5.2618062e+00   1.4229297e+01   6.0118433e+00
   6.0184426e+00   2.4527439e+01   6.0953823e+00
   1.1138662e+01   2.3944232e+01   1.1389951e+01
   1.1337443e+01   2.5083262e+01   1.1538193e+01
   1.1037720e+01   1.9286559e+01   1.1792697e+01
   1.1735433e+01   2.4576184e+01   1.1982422e+01
   8.3114637e+00   1.4596969e+01   9.6241578e+00
   9.4723950e+00   2.5801434e+01   9.5861255e+00
   2.1993345e+01   2.7517911e+01   2.3429204e+01
   1.9789538e+01   2.1945519e+01   2.3892078e+01
   2.1603905e+01   2.6717464e+01   2.3212498e+01
   1.9063869e+01   2.0952429e+01   2.3625257e+01
   2.2124989e+01   2.6360739e+01   2.4190643e+01
   1.9889558e+01   2.1847959e+01   2.4319138e+01
   1.8194075e+01   2.5717528e+01   1.9051019e+01
   1.7635058e+01   2.3097048e+01   1.9109076e+01
   1.7881031e+01   2.5679063e+01   1.8681277e+01
   1.7182576e+01   2.2654865e+01   1.8654781e+01
   3.3255115e+00   1.1921159e+01   4.2417731e+00
   4.4299715e+00   1.8064835e+01   4.6895126e+00
   1.8961333e+01   2.5293775e+01   2.0124374e+01
   1.8554672e+01   2.3470774e+01   2.0264400e+01
   2.5270091e+01   2.6250149e+01   3.2226521e+01
   2.6131392e+01   2.7273892e+01   3.2497536e+01
   2.5062287e+01   2.5756855e+01   3.3377162e+01
   2.6263377e+01   2.7141502e+01   3.3645704e+01
   2.4319706e+01   2.5200282e+01   3.1695828e+01
   2.6084210e+01   2.7401015e+01   3.1916514e+01
   2.3680282e+01   2.6067992e+01   2.7428330e+01
   2.3364622e+01   2.6831160e+01   2.5971089e+01
   2.1481004e+01   2.3872287e+01   2.5231225e+01
   2.2868384e+01   2.6668167e+01   2.5220224e+01
   2.4428055e+01   2.5417778e+01   3.1348685e+01
   2.5700285e+01   2.7033777e+01   3.1486515e+01
   2.5337355e+01   2.5644401e+01   3.7007602e+01
   2.6053351e+01   2.6430398e+01   3.6864265e+01
   2.1486941e+01   2.5213804e+01   2.3895386e+01
   2.1986919e+01   2.6498522e+01   2.3893413e+01
   1.0411247e+01   2.2752231e+01   1.0695249e+01
   1.0533063e+01   2.6578705e+01   1.0651914e+01
   2.2274665e+01   2.4996802e+01   2.5607338e+01
   2.2569086e+01   2.5509165e+01   2.5662959e+01
   2.3915661e+01   2.5085871e+01   3.0196283e+01
   2.4886527e+01   2.6441948e+01   3.0110256e+01
   2.2119904e+01   2.4875362e+01   2.5415048e+01
   2.5676054e+01   2.6255891e+01   3.4717807e+01
   2.5007180e+01   2.5541526e+01   3.4383339e+01
   2.5472666e+01   2.6148216e+01   3.3897866e+01
   2.3186349e+01   2.4001362e+01   3.0870929e+01
   2.4406249e+01   2.5438809e+01   3.1163390e+01
   2.4434707e+01   2.5123399e+01   3.2785421e+01
   2.5300045e+01   2.6096122e+01   3.3070953e+01
   2.5103863e+01   2.5628111e+01   3.4557692e+01
   2.4346483e+01   2.5308033e+01   3.1379293e+01
   2.1443231e+01   2.2917821e+01   2.6872941e+01
   2.2581040e+01   2.4996697e+01   2.6294241e+01
   2.4263162e+01   2.4899842e+01   3.2930275e+01
   2.4829259e+01   2.5519796e+01   3.3168096e+01
   2.1575740e+01   2.2884140e+01   2.7446263e+01
   2.3577693e+01   2.5803901e+01   2.7556935e+01
   2.4279296e+01   2.4974012e+01   3.2595587e+01
   2.5228558e+01   2.6006974e+01   3.3088560e+01
   2.3495653e+01   2.5437868e+01   2.7937899e+01
   2.0714471e+01   2.1575709e+01   2.8194701e+01
