   2.4413786e+01   2.5320990e+01   3.1673025e+01
   2.4108096e+01   2.6816356e+01   2.7452053e+01
   2.2497805e+01   2.2994476e+01   3.2182665e+01
   2.5630491e+01   2.6796631e+01   3.1919929e+01
   1.7448038e+01   2.7141420e+01   1.7949437e+01
   2.6052965e+01   2.6856362e+01   3.3785957e+01
   1.6990278e+01   2.6364734e+01   1.7533282e+01
   2.6285872e+01   2.6980125e+01   3.4599736e+01
   2.2005755e+01   2.6108760e+01   2.4154377e+01
   2.6177339e+01   2.6838714e+01   3.4686179e+01
   2.4711851e+01   2.5349377e+01   3.3372231e+01
   2.5843657e+01   2.6639362e+01   3.3615165e+01
   2.5011002e+01   2.5934709e+01   3.2198235e+01
   2.6119958e+01   2.6989999e+01   3.3538842e+01
   2.2787379e+01   2.3360696e+01   3.1884763e+01
   2.5808012e+01   2.6999912e+01   3.2014443e+01
   1.7174040e+01   2.5254543e+01   1.7921380e+01
   2.5903336e+01   2.6830809e+01   3.3072652e+01
   2.2418039e+01   2.3119441e+01   3.0703316e+01
   2.4190952e+01   2.5294792e+01   3.0692783e+01
   2.6153085e+01   2.7343077e+01   3.2364904e+01
   2.4688504e+01   2.5433578e+01   3.2723975e+01
   2.5777287e+01   2.6605476e+01   3.3390831e+01
   2.4885844e+01   2.5402950e+01   3.4396380e+01
   2.5667797e+01   2.6225708e+01   3.4866304e+01
   2.4830986e+01   2.5264209e+01   3.5069423e+01
   2.4562145e+01   2.5363321e+01   3.2309752e+01
   2.4994149e+01   2.5485949e+01   3.4709950e+01
   2.2422711e+01   2.5929213e+01   2.4998808e+01
   2.4884161e+01   2.5410422e+01   3.4322941e+01
   2.2644669e+01   2.3254594e+01   3.1491620e+01
   2.4465705e+01   2.5395651e+01   3.1628168e+01
   2.4614639e+01   2.5346417e+01   3.2722105e+01
   2.4807914e+01   2.5484136e+01   3.3230853e+01
   2.4875146e+01   2.7312478e+01   2.8553719e+01
   2.2298949e+01   2.3072610e+01   3.0193730e+01
   2.4524969e+01   2.6584938e+01   2.8763078e+01
   2.2272960e+01   2.3013932e+01   3.0339645e+01
   2.4730018e+01   2.6219821e+01   3.0110561e+01
   2.2294496e+01   2.3032726e+01   3.0375860e+01
   2.3836689e+01   2.5358264e+01   2.9142823e+01
   2.2454918e+01   2.3155658e+01   3.0743801e+01
   2.4542642e+01   2.5930315e+01   3.0184063e+01
   2.2366168e+01   2.3095929e+01   3.0493216e+01
   2.2373745e+01   2.3423161e+01   2.9075958e+01
   2.1963850e+01   2.2846435e+01   2.9340442e+01
   2.3654675e+01   2.5342105e+01   2.8589368e+01
   2.2397558e+01   2.3167070e+01   3.0313219e+01
   2.5873818e+01   2.6551783e+01   3.4283757e+01
   2.6551335e+01   2.7276201e+01   3.4692119e+01
   2.5615736e+01   2.6176958e+01   3.4790278e+01
   2.6529870e+01   2.7214784e+01   3.4897555e+01
   2.4779536e+01   2.5344714e+01   3.3927721e+01
   2.6468268e+01   2.7253426e+01   3.4291374e+01
   2.5250349e+01   2.5921758e+01   3.3700798e+01
   2.6361891e+01   2.7242086e+01   3.3734803e+01
   2.2752406e+01   2.3309280e+01   3.1968369e+01
   2.5808134e+01   2.7234850e+01   3.1344651e+01
   2.4726669e+01   2.5364240e+01   3.3386724e+01
   2.6335913e+01   2.7248218e+01   3.3568699e+01
   2.5876927e+01   2.6153397e+01   3.7986308e+01
   2.6208092e+01   2.6539614e+01   3.7555142e+01
   2.4988574e+01   2.5325688e+01   3.6268838e+01
   2.6106199e+01   2.6545675e+01   3.6282183e+01
   2.5481901e+01   2.5928935e+01   3.5589007e+01
   2.6025676e+01   2.6542438e+01   3.5536050e+01
   2.2954090e+01   2.3390914e+01   3.3165293e+01
   2.5512693e+01   2.6475798e+01   3.2536221e+01
   2.4835322e+01   2.5323835e+01   3.4579096e+01
   2.5896609e+01   2.6555162e+01   3.4423250e+01
   2.2392680e+01   2.5296964e+01   2.5524455e+01
   2.5640248e+01   2.6079347e+01   3.5820865e+01
   2.5492295e+01   2.5909041e+01   3.5889259e+01
   2.5672072e+01   2.6085157e+01   3.6105106e+01
   2.2961951e+01   2.3348851e+01   3.3675860e+01
   2.5336890e+01   2.6038362e+01   3.3611451e+01
   2.4865031e+01   2.5343187e+01   3.4696733e+01
   2.5539100e+01   2.6080495e+01   3.4860375e+01
   2.5431634e+01   2.5922695e+01   3.5152435e+01
   2.4440404e+01   2.5368731e+01   3.1609736e+01
   2.2911234e+01   2.3343349e+01   3.3167419e+01
   2.4315939e+01   2.5363634e+01   3.1017365e+01
   2.4794307e+01   2.5302623e+01   3.4375288e+01
   2.4859377e+01   2.5393094e+01   3.4240762e+01
   2.2902386e+01   2.3318419e+01   3.3315492e+01
   2.5167953e+01   2.5915354e+01   3.3189712e+01
   2.4791866e+01   2.5332986e+01   3.4117228e+01
   2.5325110e+01   2.5935426e+01   3.4160047e+01
   2.4253763e+01   2.5361137e+01   3.0743213e+01
   2.2612025e+01   2.3235461e+01   3.1370510e+01
