   1.8807535e+01   2.3869537e+01   2.0447824e+01
   1.9271285e+01   2.7876363e+01   1.9922669e+01
   1.8487170e+01   1.9992438e+01   2.3863082e+01
   2.2224044e+01   2.7435773e+01   2.3788226e+01
   1.6835968e+01   2.7128680e+01   1.7270609e+01
   2.2983759e+01   2.6775119e+01   2.5341405e+01
   1.6554928e+01   2.5999979e+01   1.7089675e+01
   2.4106355e+01   2.7507434e+01   2.6765857e+01
   2.0426820e+01   2.5106801e+01   2.2247456e+01
   2.3617418e+01   2.7165691e+01   2.6157433e+01
   1.8295658e+01   2.4504060e+01   1.9499575e+01
   1.8809242e+01   2.7161967e+01   1.9503644e+01
   1.5306170e+01   2.1961285e+01   1.6390665e+01
   1.6105865e+01   2.7703371e+01   1.6424772e+01
   2.4055582e+01   2.6210356e+01   2.8142719e+01
   2.3455185e+01   2.5336138e+01   2.8008525e+01
   1.5431481e+01   2.4688301e+01   1.5994795e+01
   1.9496333e+01   2.6743625e+01   2.0412536e+01
   1.4881646e+01   2.4495465e+01   1.5399727e+01
   1.4900855e+01   2.4332128e+01   1.5442464e+01
   1.5475109e+01   2.5658209e+01   1.5924594e+01
   1.5335174e+01   2.4311959e+01   1.5938941e+01
   1.4497839e+01   2.6616753e+01   1.4782449e+01
   1.4104173e+01   2.2422156e+01   1.4821001e+01
   1.0206794e+01   2.3457716e+01   1.0436801e+01
   1.0290496e+01   2.4056574e+01   1.0493936e+01
   4.6349355e+00   1.3756390e+01   5.3811972e+00
   5.4377379e+00   2.4610741e+01   5.5055930e+00
   8.6926681e+00   1.7142521e+01   9.4453802e+00
   9.4811183e+00   2.4745136e+01   9.6268552e+00
   3.7409763e+00   1.6766897e+01   4.0534017e+00
   4.1159593e+00   2.1523275e+01   4.2260545e+00
   9.1788075e+00   2.2870005e+01   9.3908987e+00
   9.0418216e+00   2.5587175e+01   9.1511001e+00
   1.7035913e+01   2.6791083e+01   1.7530646e+01
   1.5771890e+01   2.0394108e+01   1.7648743e+01
   1.6859221e+01   2.6536365e+01   1.7363827e+01
   1.4642081e+01   1.7879725e+01   1.7506543e+01
   1.7283774e+01   2.6271366e+01   1.7880152e+01
   1.5967987e+01   2.0398394e+01   1.7949328e+01
   1.1044768e+01   2.1873525e+01   1.1447431e+01
   1.1129860e+01   2.3251226e+01   1.1425350e+01
   1.0928853e+01   1.9993141e+01   1.1547306e+01
   1.1163103e+01   2.2069877e+01   1.1557568e+01
   5.8344455e+00   2.1643804e+01   5.9795962e+00
   4.5831976e+00   1.0437295e+01   6.2654781e+00
   1.0841143e+01   1.9057746e+01   1.1604553e+01
   1.1313472e+01   2.3886891e+01   1.1578203e+01
   2.3091047e+01   2.6429305e+01   2.5806297e+01
   2.3506394e+01   2.7302094e+01   2.5859888e+01
   2.2680954e+01   2.5564308e+01   2.5834065e+01
   2.3472716e+01   2.7197341e+01   2.5878027e+01
   1.9482097e+01   2.4704766e+01   2.1048417e+01
   2.0217783e+01   2.7758824e+01   2.1066600e+01
   1.7133368e+01   2.3360107e+01   1.8336149e+01
   1.7718417e+01   2.6859852e+01   1.8291713e+01
   2.3389700e+01   2.5025892e+01   2.8435273e+01
   2.3843315e+01   2.6029838e+01   2.7881927e+01
   2.0591736e+01   2.5094759e+01   2.2506638e+01
   2.1164528e+01   2.6893005e+01   2.2524698e+01
   2.3564636e+01   2.5330712e+01   2.8338250e+01
   2.4219236e+01   2.6358078e+01   2.8330945e+01
   1.5225090e+01   2.3631237e+01   1.5920857e+01
   1.5551913e+01   2.6668523e+01   1.5910783e+01
   1.1554387e+01   1.8818732e+01   1.2514090e+01
   1.2365536e+01   2.6715434e+01   1.2537294e+01
   1.7422333e+01   2.6017651e+01   1.8079055e+01
   1.7141541e+01   2.4223054e+01   1.8104381e+01
   1.7817466e+01   2.4226129e+01   1.8961222e+01
   1.8241202e+01   2.6600334e+01   1.8935659e+01
   2.1726731e+01   2.4940230e+01   2.4556817e+01
   2.4999927e+01   2.6584767e+01   3.0155787e+01
   2.1617555e+01   2.5930228e+01   2.3638343e+01
   2.1747597e+01   2.6380489e+01   2.3589339e+01
   2.2282348e+01   2.5816084e+01   2.4836934e+01
   2.1686458e+01   2.4396665e+01   2.5034888e+01
   2.3208676e+01   2.5103472e+01   2.7737290e+01
   2.3930688e+01   2.6232728e+01   2.7798026e+01
   2.5106722e+01   2.6091557e+01   3.2044717e+01
   2.3967415e+01   2.5235110e+01   2.9946542e+01
   1.9329327e+01   2.5620074e+01   2.0504164e+01
   1.8860624e+01   2.4154725e+01   2.0398603e+01
   2.3581921e+01   2.4847595e+01   2.9568225e+01
   2.4163423e+01   2.5611158e+01   2.9650066e+01
   1.8851349e+01   2.5058598e+01   2.0053790e+01
   1.9042842e+01   2.5610914e+01   2.0135986e+01
   2.3531053e+01   2.4964166e+01   2.9056787e+01
   2.4345952e+01   2.6108026e+01   2.9125470e+01
   2.0799179e+01   2.5532887e+01   2.2591097e+01
   1.7283811e+01   1.8810689e+01   2.2621443e+01
