   5.2526387e+00   1.8417177e+01   5.5295156e+00
   5.2286472e+00   1.8396541e+01   5.5056477e+00
  -1.0034809e+01  -3.3275059e+00  -4.0069074e+00
  -4.6624223e+00   1.0121372e+01  -4.1125908e+00
   6.2633025e+00   1.7924458e+01   6.6396286e+00
   7.5176260e+00   1.8983524e+01   7.8936562e+00
   2.8616281e+00   1.0514285e+01   4.0492874e+00
   4.6284310e+00   2.2405981e+01   4.7263758e+00
  -6.5256832e+00  -4.4838854e-01  -2.0547524e+00
  -2.3061214e+00   1.1182665e+01  -1.7883650e+00
   1.2102992e+00   1.2278718e+01   1.8135626e+00
   1.3891482e+00   1.6215214e+01   1.6370959e+00
  -3.8643850e+00   4.5234722e+00  -1.8716469e+00
  -1.9853567e+00   2.1226137e+01  -1.9319512e+00
  -4.8513046e-01   1.0226032e+01   2.9401963e-01
  -7.6471504e-02   1.5734952e+01   1.5341450e-01
  -4.9834956e+00   1.9595384e+00  -1.8625263e+00
  -2.3557773e+00   1.9628383e+01  -2.2811341e+00
   2.0344149e+00   1.5388951e+01   2.3635853e+00
  -6.8003284e-01   6.8723999e+00   9.7066592e-01
   7.5739430e+00   1.9288977e+01   7.9277268e+00
   7.4469144e+00   2.0714081e+01   7.6932603e+00
   2.7152395e+00   1.4514897e+01   3.1630306e+00
   3.3216505e+00   1.4882284e+01   3.7748135e+00
   7.3393371e+00   1.9525994e+01   7.6582680e+00
   6.5062692e+00   2.0581558e+01   6.7174283e+00
  -6.1436039e-01   1.2727020e+01  -1.8253191e-01
  -2.4451419e+00   7.7552401e+00  -1.3360407e+00
   4.5638882e+00   1.5694022e+01   5.0277884e+00
   4.7268974e+00   1.7278693e+01   5.0557041e+00
   4.2437336e+00   1.4078816e+01   4.8865768e+00
   4.4172892e+00   2.0832793e+01   4.5532789e+00
   3.9276675e+00   1.6105452e+01   4.3041887e+00
   3.3329769e+00   1.5208484e+01   3.7535032e+00
  -1.4061820e+00   9.5610348e+00  -5.8817898e-01
  -5.2856541e+00  -1.3545346e+00   7.0548454e-01
  -5.5858964e+00   6.8583603e+00  -4.5172148e+00
  -9.0781287e+00  -3.2181912e+00  -2.8629322e+00
  -3.9998839e-01   1.3396260e+01  -2.0627923e-02
  -3.3207369e+00   1.6398386e+00   6.1582603e-01
   8.8013350e-01   9.5588734e+00   1.9687091e+00
   1.5799539e+00   1.0528708e+01   2.5401718e+00
  -2.3476222e+00   3.8959473e+00   3.1520333e-01
  -6.6135880e+00  -2.1487830e-01  -2.3641916e+00
   2.2861447e-01   6.4028405e+00   2.3232736e+00
   2.0427971e+00   1.1205393e+01   2.9213932e+00
  -7.5983819e-01   8.4111353e+00   3.8535468e-01
  -2.8910531e+00   6.4270987e+00  -1.4598742e+00
   8.4454867e+00   1.8485864e+01   8.9597120e+00
   8.3492839e+00   2.1765193e+01   8.5805427e+00
  -3.0161627e+00   1.0987196e+01  -2.5069708e+00
  -2.6102360e+00   1.5379524e+01  -2.4166335e+00
   4.1333220e-02   6.3424796e+00   2.1076973e+00
   1.0927084e+00   1.2307815e+01   1.6821337e+00
   1.1017274e+00   8.7010692e+00   2.4803439e+00
   2.5177025e+00   1.7473399e+01   2.7357284e+00
   2.2316449e+00   1.2374942e+01   2.9179375e+00
   2.3597177e+00   1.9588821e+01   2.4901877e+00
   5.3952642e-01   1.3764144e+01   9.3011097e-01
  -2.6439641e-01   1.5817359e+01  -4.3688799e-02
   5.5897186e+00   1.5109416e+01   6.2359890e+00
   4.1656582e+00   1.2544899e+01   5.0824221e+00
  -7.7279548e+00  -2.3547327e+00  -1.8940548e+00
  -1.5648128e+00   1.5498676e+01  -1.3578225e+00
  -2.4907229e+00   7.4357216e+00  -1.3043132e+00
  -4.4039260e-01   1.8214237e+01  -3.1575674e-01
   4.8398118e-01   6.6791745e+00   2.5218296e+00
  -5.6380461e-01   1.4410864e+01  -2.6891302e-01
   8.9695195e+00   2.0513158e+01   9.3235143e+00
   7.0397579e+00   1.7765064e+01   7.4957964e+00
  -1.0387094e+00   1.0233874e+01  -3.0882361e-01
  -3.1088442e+00   8.7396057e+00  -2.2705246e+00
   2.3395658e+00   9.4812427e+00   3.7352205e+00
   3.2424284e+00   1.3111529e+01   3.9219199e+00
   4.0081062e+00   1.6344996e+01   4.3689867e+00
   4.0428193e+00   2.0302184e+01   4.1871429e+00
  -8.9613853e-02   9.9482853e+00   7.8242409e-01
  -8.4289571e-01   1.1486580e+01  -2.8321307e-01
   1.5356968e+00   2.0472864e+01   1.6303008e+00
   2.0531053e+00   2.1160114e+01   2.1399013e+00
   3.6370972e+00   2.0595744e+01   3.7631710e+00
   3.7184545e+00   2.1618972e+01   3.8192700e+00
   2.0832611e+00   1.5398068e+01   2.4141087e+00
   1.1809519e+00   1.0752203e+01   2.0395681e+00
   2.6839156e+00   1.6286775e+01   2.9785606e+00
   1.9523603e+00   1.4265284e+01   2.3748019e+00
   4.2840252e+00   1.5638583e+01   4.7311584e+00
   2.6829763e+00   9.3731184e+00   4.2051153e+00
   4.0561408e+00   2.3512023e+01   4.1249507e+00
   3.8262480e+00   1.6180576e+01   4.1898475e+00
