   2.5065222e+01   2.5422045e+01   3.6108168e+01
   2.4667351e+01   2.6910495e+01   2.8618863e+01
   2.2913771e+01   2.3309246e+01   3.3536882e+01
   2.5924985e+01   2.6898234e+01   3.2906992e+01
   1.7487530e+01   2.7309100e+01   1.7973453e+01
   2.6256481e+01   2.6965001e+01   3.4488975e+01
   1.7037856e+01   2.6550092e+01   1.7562770e+01
   2.6595079e+01   2.7093707e+01   3.6250555e+01
   2.2071546e+01   2.6090098e+01   2.4274799e+01
   2.6435667e+01   2.6954883e+01   3.5925798e+01
   2.5027094e+01   2.5498599e+01   3.4915924e+01
   2.6177815e+01   2.6758889e+01   3.5209794e+01
   2.5461694e+01   2.6142576e+01   3.3855359e+01
   2.6560708e+01   2.7115565e+01   3.5779642e+01
   2.3198965e+01   2.3670396e+01   3.3094826e+01
   2.6176672e+01   2.7147260e+01   3.3168794e+01
   1.7226685e+01   2.5328758e+01   1.7969844e+01
   2.6295299e+01   2.6971295e+01   3.4716028e+01
   2.2941037e+01   2.3368386e+01   3.3242924e+01
   2.4699003e+01   2.5404489e+01   3.2952425e+01
   2.6650308e+01   2.7472265e+01   3.4291925e+01
   2.5025677e+01   2.5544022e+01   3.4526026e+01
   2.6164351e+01   2.6745255e+01   3.5197545e+01
   2.5213144e+01   2.5535519e+01   3.6679689e+01
   2.5732430e+01   2.6158576e+01   3.6036524e+01
   2.5006365e+01   2.5372635e+01   3.5940624e+01
   2.4788601e+01   2.5500393e+01   3.3006168e+01
   2.5191685e+01   2.5573028e+01   3.5957671e+01
   2.2589438e+01   2.6130956e+01   2.5137045e+01
   2.5048842e+01   2.5487158e+01   3.5238385e+01
   2.3126859e+01   2.3628917e+01   3.2764563e+01
   2.4755077e+01   2.5492452e+01   3.2831750e+01
   2.4914374e+01   2.5424207e+01   3.4482798e+01
   2.5091540e+01   2.5554252e+01   3.5057646e+01
   2.5556040e+01   2.7459053e+01   3.0064070e+01
   2.2698736e+01   2.3185262e+01   3.2467324e+01
   2.5140570e+01   2.6726655e+01   3.0293300e+01
   2.2714437e+01   2.3167857e+01   3.2772901e+01
   2.5239030e+01   2.6161941e+01   3.2429057e+01
   2.2699662e+01   2.3153422e+01   3.2755110e+01
   2.4323368e+01   2.5490512e+01   3.0612728e+01
   2.2794168e+01   2.3222694e+01   3.3085371e+01
   2.5161200e+01   2.6130443e+01   3.2160900e+01
   2.2661121e+01   2.3166442e+01   3.2274396e+01
   2.2926747e+01   2.3686381e+01   3.0891372e+01
   2.2449266e+01   2.3076317e+01   3.1185168e+01
   2.4068474e+01   2.5406500e+01   2.9846009e+01
   2.2696049e+01   2.3209123e+01   3.2246801e+01
   2.6253971e+01   2.6722526e+01   3.6165605e+01
   2.6947127e+01   2.7450234e+01   3.6565294e+01
   2.5733600e+01   2.6146185e+01   3.6171498e+01
   2.6808082e+01   2.7375890e+01   3.5932660e+01
   2.5059168e+01   2.5492607e+01   3.5294884e+01
   2.6812559e+01   2.7414553e+01   3.5699869e+01
   2.5634387e+01   2.6130810e+01   3.5310126e+01
   2.6236235e+01   2.7266009e+01   3.2999518e+01
   2.3158723e+01   2.3634552e+01   3.3016569e+01
   2.5942626e+01   2.7353891e+01   3.1518903e+01
   2.4965720e+01   2.5414889e+01   3.5054583e+01
   2.6719086e+01   2.7404972e+01   3.5080726e+01
   2.5845608e+01   2.6128737e+01   3.7854975e+01
   2.6253163e+01   2.6645298e+01   3.6900644e+01
   2.5184206e+01   2.5477293e+01   3.7050078e+01
   2.6261121e+01   2.6644366e+01   3.7003817e+01
   2.5792096e+01   2.6140085e+01   3.6937663e+01
   2.6236172e+01   2.6633811e+01   3.6825847e+01
   2.3281884e+01   2.3676622e+01   3.3911092e+01
   2.5741151e+01   2.6615782e+01   3.3140183e+01
   2.5088408e+01   2.5397810e+01   3.6727308e+01
   2.6190806e+01   2.6646439e+01   3.6217710e+01
   2.2516199e+01   2.5454669e+01   2.5611888e+01
   2.5834007e+01   2.6194603e+01   3.6831110e+01
   2.5744047e+01   2.6129450e+01   3.6464599e+01
   2.5661451e+01   2.6176338e+01   3.5187538e+01
   2.3236396e+01   2.3658820e+01   3.3584923e+01
   2.5398991e+01   2.6180509e+01   3.3242798e+01
   2.5049139e+01   2.5408651e+01   3.6060848e+01
   2.5766278e+01   2.6200897e+01   3.5988932e+01
   2.5707547e+01   2.6139949e+01   3.5951475e+01
   2.4571226e+01   2.5454472e+01   3.1934745e+01
   2.3262976e+01   2.3695239e+01   3.3516181e+01
   2.4417718e+01   2.5442068e+01   3.1205574e+01
   2.4985578e+01   2.5381545e+01   3.5595879e+01
   2.5025225e+01   2.5461881e+01   3.5230503e+01
   2.3200716e+01   2.3660532e+01   3.3199254e+01
   2.5220122e+01   2.6005767e+01   3.3043484e+01
   2.4918445e+01   2.5395545e+01   3.4759084e+01
   2.5460668e+01   2.6010777e+01   3.4717040e+01
   2.4517394e+01   2.5412196e+01   3.1830160e+01
   2.2847658e+01   2.3340710e+01   3.2560851e+01
