   1.6569176e+01   2.3636071e+01   1.7537950e+01
   1.6527290e+01   2.6435981e+01   1.7004986e+01
   2.0507380e+01   2.2496504e+01   2.4879645e+01
   2.2477828e+01   2.6852558e+01   2.4460392e+01
   1.5536786e+01   2.6680745e+01   1.5893347e+01
   1.9297552e+01   2.6766698e+01   2.0163761e+01
   1.6831577e+01   2.6203188e+01   1.7375332e+01
   2.5294288e+01   2.6855803e+01   3.0503008e+01
   2.1386882e+01   2.5852204e+01   2.3320490e+01
   2.4791628e+01   2.6787649e+01   2.9136765e+01
   2.3866253e+01   2.5284079e+01   2.9430355e+01
   2.4870506e+01   2.6582547e+01   2.9750673e+01
   2.0897339e+01   2.5943739e+01   2.2537969e+01
   2.1314196e+01   2.6955244e+01   2.2706594e+01
   2.1345873e+01   2.3656626e+01   2.5209123e+01
   2.2837759e+01   2.6668345e+01   2.5167708e+01
   1.3316143e+01   2.4798016e+01   1.3650774e+01
   1.5383965e+01   2.6240136e+01   1.5766356e+01
   2.0119708e+01   2.3083986e+01   2.3197820e+01
   2.0828567e+01   2.5012058e+01   2.2929808e+01
   2.3951744e+01   2.6903440e+01   2.7030301e+01
   2.2926969e+01   2.5233079e+01   2.6791159e+01
   2.4740814e+01   2.6647951e+01   2.9242955e+01
   2.3818296e+01   2.5061932e+01   2.9869715e+01
   2.2484736e+01   2.5872400e+01   2.5159076e+01
   2.1931402e+01   2.4931247e+01   2.4966113e+01
   2.1500835e+01   2.5526878e+01   2.3700652e+01
   2.1629623e+01   2.5388538e+01   2.4014115e+01
   1.3003835e+01   2.0101455e+01   1.3988589e+01
   1.3964214e+01   2.5126894e+01   1.4323221e+01
   1.8369468e+01   2.2170311e+01   2.0737476e+01
   1.9402061e+01   2.5135228e+01   2.0764940e+01
   1.6217017e+01   2.3595545e+01   1.7113052e+01
   1.6377398e+01   2.4163277e+01   1.7184957e+01
   2.1797350e+01   2.6805710e+01   2.3453426e+01
   2.0320045e+01   2.2860120e+01   2.3880155e+01
   2.3401479e+01   2.6610892e+01   2.6230863e+01
   2.1323089e+01   2.2555751e+01   2.7418301e+01
   2.4128887e+01   2.6300211e+01   2.8190175e+01
   2.1792482e+01   2.2809075e+01   2.8619927e+01
   2.3218474e+01   2.5480150e+01   2.7146165e+01
   2.2055230e+01   2.3176394e+01   2.8505761e+01
   2.3320501e+01   2.6047827e+01   2.6644281e+01
   2.1598917e+01   2.3032585e+01   2.7130955e+01
   2.1294448e+01   2.3761885e+01   2.4943519e+01
   2.0217175e+01   2.1795790e+01   2.5406308e+01
   2.1777278e+01   2.5262696e+01   2.4372258e+01
   2.1109068e+01   2.3223553e+01   2.5269921e+01
   2.4306459e+01   2.6452832e+01   2.8406145e+01
   2.4855130e+01   2.6953745e+01   2.9029530e+01
   2.2424250e+01   2.5981385e+01   2.4959875e+01
   2.2827438e+01   2.6321569e+01   2.5412566e+01
   2.2932683e+01   2.5277210e+01   2.6742493e+01
   2.4071880e+01   2.7053502e+01   2.7119598e+01
   2.1645741e+01   2.5925215e+01   2.3686197e+01
   2.2045726e+01   2.6847417e+01   2.3800444e+01
   2.0232401e+01   2.3496109e+01   2.3022640e+01
   2.1410215e+01   2.6808223e+01   2.2897730e+01
   1.5168935e+01   2.5566814e+01   1.5596507e+01
   1.5285431e+01   2.6653899e+01   1.5623875e+01
   2.3839550e+01   2.5975862e+01   2.7956160e+01
   2.4043738e+01   2.6482240e+01   2.7722453e+01
   2.1890014e+01   2.5026590e+01   2.4791235e+01
   2.2378308e+01   2.5864139e+01   2.4971286e+01
   2.4387403e+01   2.5803544e+01   2.9954426e+01
   2.4932476e+01   2.6471502e+01   3.0194449e+01
   2.1692936e+01   2.3859143e+01   2.5769780e+01
   2.2694441e+01   2.5610973e+01   2.5812494e+01
   2.4397458e+01   2.5182485e+01   3.2226207e+01
   2.5364154e+01   2.6486662e+01   3.1799016e+01
   2.2076856e+01   2.5186831e+01   2.5002853e+01
   2.5208872e+01   2.6070028e+01   3.2670082e+01
   2.4948807e+01   2.5820245e+01   3.2364072e+01
   2.5280540e+01   2.6047980e+01   3.3196787e+01
   2.2781394e+01   2.3617581e+01   3.0366427e+01
   2.4642530e+01   2.5914087e+01   3.0608405e+01
   2.2272034e+01   2.5100647e+01   2.5485352e+01
   2.2743082e+01   2.5739491e+01   2.5778886e+01
   2.5332849e+01   2.5838257e+01   3.4935829e+01
   2.4381364e+01   2.5288204e+01   3.1642266e+01
   1.9740126e+01   2.3266583e+01   2.2309571e+01
   2.0146670e+01   2.4451794e+01   2.2176388e+01
   2.4607888e+01   2.5129013e+01   3.4087575e+01
   2.4740973e+01   2.5377652e+01   3.3406633e+01
   2.2788868e+01   2.3311202e+01   3.2265997e+01
   2.4918430e+01   2.5848687e+01   3.2078351e+01
   2.4621358e+01   2.5173607e+01   3.3864230e+01
   2.5201167e+01   2.5927600e+01   3.3336288e+01
   2.4077725e+01   2.5305660e+01   3.0176106e+01
   2.2158809e+01   2.2848731e+01   3.0511527e+01
