   2.5153691e+01   2.5480175e+01   3.6567411e+01
   2.4720428e+01   2.6927653e+01   2.8725579e+01
   2.2956094e+01   2.3308332e+01   3.4060737e+01
   2.6076465e+01   2.6927733e+01   3.3581132e+01
   1.7508052e+01   2.7393002e+01   1.7986509e+01
   2.6431524e+01   2.7005687e+01   3.5511585e+01
   1.7046059e+01   2.6589701e+01   1.7566946e+01
   2.6655356e+01   2.7116340e+01   3.6633218e+01
   2.2103092e+01   2.6148973e+01   2.4288346e+01
   2.6533115e+01   2.6981927e+01   3.6621478e+01
   2.5092951e+01   2.5522913e+01   3.5361867e+01
   2.6257847e+01   2.6780143e+01   3.5724158e+01
   2.5479491e+01   2.6152242e+01   3.3921342e+01
   2.6625433e+01   2.7148037e+01   3.6088601e+01
   2.3169990e+01   2.3607039e+01   3.3378109e+01
   2.6277632e+01   2.7189508e+01   3.3512371e+01
   1.7236082e+01   2.5382801e+01   1.7970956e+01
   2.6365820e+01   2.6999110e+01   3.5049093e+01
   2.2931555e+01   2.3329982e+01   3.3523733e+01
   2.4769432e+01   2.5408682e+01   3.3418760e+01
   2.6870994e+01   2.7540645e+01   3.5328524e+01
   2.5197896e+01   2.5564244e+01   3.6130730e+01
   2.6231614e+01   2.6771235e+01   3.5564710e+01
   2.5277395e+01   2.5558127e+01   3.7323987e+01
   2.5790447e+01   2.6200457e+01   3.6254150e+01
   2.5071981e+01   2.5390974e+01   3.6583067e+01
   2.4825918e+01   2.5518392e+01   3.3153532e+01
   2.5230991e+01   2.5585925e+01   3.6295600e+01
   2.2603831e+01   2.6136866e+01   2.5158166e+01
   2.4952517e+01   2.5479419e+01   3.4386130e+01
   2.3166934e+01   2.3611838e+01   3.3301535e+01
   2.4863649e+01   2.5513116e+01   3.3448799e+01
   2.5003124e+01   2.5481600e+01   3.4831682e+01
   2.5162168e+01   2.5565023e+01   3.5700429e+01
   2.5624026e+01   2.7528415e+01   3.0129432e+01
   2.2728737e+01   2.3179412e+01   3.2812171e+01
   2.5312480e+01   2.6757680e+01   3.0802775e+01
   2.2807292e+01   2.3175771e+01   3.3724798e+01
   2.5370215e+01   2.6207958e+01   3.2939475e+01
   2.2765960e+01   2.3152332e+01   3.3486469e+01
   2.4405692e+01   2.5509807e+01   3.0905956e+01
   2.2826956e+01   2.3208814e+01   3.3596014e+01
   2.5237222e+01   2.6133523e+01   3.2541536e+01
   2.2377954e+01   2.3144032e+01   3.0311483e+01
   2.2915171e+01   2.3610465e+01   3.1233209e+01
   2.2553866e+01   2.3124898e+01   3.1668591e+01
   2.4204642e+01   2.5463068e+01   3.0210569e+01
   2.2753686e+01   2.3186277e+01   3.3006061e+01
   2.6320085e+01   2.6760013e+01   3.6491370e+01
   2.7023216e+01   2.7465058e+01   3.7175216e+01
   2.5791455e+01   2.6200653e+01   3.6263365e+01
   2.6879666e+01   2.7388627e+01   3.6450576e+01
   2.5109801e+01   2.5514883e+01   3.5625360e+01
   2.6871982e+01   2.7416400e+01   3.6167739e+01
   2.5653298e+01   2.6139517e+01   3.5414212e+01
   2.2670227e+01   2.6282110e+01   2.5162437e+01
   2.3148772e+01   2.3580022e+01   3.3412163e+01
   2.6087109e+01   2.7406475e+01   3.1912176e+01
   2.5027501e+01   2.5467296e+01   3.5203200e+01
   2.6788240e+01   2.7423827e+01   3.5456104e+01
   2.5919251e+01   2.6184806e+01   3.8198088e+01
   2.6360325e+01   2.6678386e+01   3.7880435e+01
   2.5219265e+01   2.5501686e+01   3.7240802e+01
   2.6307006e+01   2.6670382e+01   3.7271046e+01
   2.5814801e+01   2.6147787e+01   3.7144342e+01
   2.6285647e+01   2.6668890e+01   3.7028302e+01
   2.3248217e+01   2.3607228e+01   3.4272137e+01
   2.5821391e+01   2.6643421e+01   3.3464287e+01
   2.5149072e+01   2.5455659e+01   3.6826128e+01
   2.6254729e+01   2.6676459e+01   3.6600709e+01
   2.2536176e+01   2.5478689e+01   2.5627620e+01
   2.5831181e+01   2.6166255e+01   3.7134563e+01
   2.5754689e+01   2.6138748e+01   3.6489718e+01
   2.5277534e+01   2.6119226e+01   3.2828498e+01
   2.3206387e+01   2.3597169e+01   3.3877737e+01
   2.5479317e+01   2.6170187e+01   3.3814525e+01
   2.5094538e+01   2.5463278e+01   3.6000575e+01
   2.5758403e+01   2.6166001e+01   3.6246612e+01
   2.5734835e+01   2.6149546e+01   3.6151458e+01
   2.4577960e+01   2.5443410e+01   3.2021311e+01
   2.3244831e+01   2.3651428e+01   3.3751442e+01
   2.4447085e+01   2.5437750e+01   3.1363979e+01
   2.5050600e+01   2.5439798e+01   3.5732275e+01
   2.5052066e+01   2.5455213e+01   3.5587638e+01
   2.3184821e+01   2.3612322e+01   3.3484155e+01
   2.5253665e+01   2.5991664e+01   3.3325642e+01
   2.5046872e+01   2.5466943e+01   3.5412145e+01
   2.5530974e+01   2.5995174e+01   3.5482711e+01
   2.4604917e+01   2.5465586e+01   3.2069947e+01
   2.2923362e+01   2.3376282e+01   3.2985390e+01
