   2.3875289e+01   2.5293334e+01   2.9438798e+01
   2.3620040e+01   2.6822754e+01   2.6455107e+01
   2.1476147e+01   2.3246491e+01   2.6249075e+01
   2.3440563e+01   2.6798067e+01   2.6138442e+01
   1.7369181e+01   2.7230575e+01   1.7850643e+01
   2.5443607e+01   2.6783916e+01   3.1211434e+01
   1.6939428e+01   2.6473964e+01   1.7461710e+01
   2.5788930e+01   2.6947499e+01   3.2102729e+01
   2.1679948e+01   2.5868687e+01   2.3775510e+01
   2.5578411e+01   2.6811485e+01   3.1657362e+01
   2.4414633e+01   2.5472329e+01   3.1079290e+01
   2.5323459e+01   2.6624858e+01   3.1201096e+01
   2.4815291e+01   2.6185943e+01   3.0501616e+01
   2.5609004e+01   2.6959763e+01   3.1347693e+01
   2.2725362e+01   2.4006078e+01   2.8670539e+01
   2.4717848e+01   2.6902326e+01   2.8757620e+01
   1.7079219e+01   2.5266049e+01   1.7807215e+01
   2.5232499e+01   2.6787812e+01   3.0455727e+01
   2.1347407e+01   2.3540809e+01   2.5383884e+01
   2.2290201e+01   2.5239659e+01   2.5375184e+01
   2.5589700e+01   2.7480135e+01   3.0120663e+01
   2.4186458e+01   2.5392627e+01   3.0351882e+01
   2.5382959e+01   2.6765562e+01   3.1035940e+01
   2.4402546e+01   2.5324199e+01   3.1600119e+01
   2.5096186e+01   2.6045448e+01   3.2176940e+01
   2.4450896e+01   2.5226440e+01   3.2327695e+01
   2.4420175e+01   2.5536833e+01   3.0877312e+01
   2.4688914e+01   2.5482286e+01   3.2474912e+01
   2.2372899e+01   2.6249380e+01   2.4671668e+01
   2.4536865e+01   2.5387835e+01   3.2046651e+01
   2.1776189e+01   2.3545627e+01   2.6549556e+01
   2.2908612e+01   2.5322535e+01   2.6623153e+01
   2.4199124e+01   2.5360626e+01   3.0507203e+01
   2.4373864e+01   2.5492676e+01   3.0823784e+01
   2.3666493e+01   2.7435657e+01   2.6038845e+01
   2.1525943e+01   2.3023469e+01   2.6898906e+01
   2.3661032e+01   2.6728106e+01   2.6624506e+01
   2.1611228e+01   2.2896099e+01   2.7549318e+01
   2.3823317e+01   2.6033082e+01   2.7826648e+01
   2.1790422e+01   2.2981963e+01   2.8011134e+01
   2.3323831e+01   2.5517792e+01   2.7352455e+01
   2.2042360e+01   2.3200939e+01   2.8368096e+01
   2.3876956e+01   2.6197657e+01   2.7717820e+01
   2.1852316e+01   2.3107999e+01   2.7875264e+01
   2.2109184e+01   2.4126461e+01   2.6425798e+01
   2.1087394e+01   2.2544838e+01   2.6561785e+01
   2.2901646e+01   2.5339667e+01   2.6583929e+01
   2.1853896e+01   2.3217395e+01   2.7569770e+01
   2.5421868e+01   2.6667097e+01   3.1464313e+01
   2.5905524e+01   2.7251166e+01   3.1657705e+01
   2.4895146e+01   2.5947430e+01   3.1578208e+01
   2.5846770e+01   2.7180568e+01   3.1631860e+01
   2.4184860e+01   2.5473722e+01   3.0101442e+01
   2.5478349e+01   2.7247468e+01   3.0241372e+01
   2.5163249e+01   2.6180725e+01   3.1975113e+01
   2.5816084e+01   2.7151022e+01   3.1598061e+01
   2.0816235e+01   2.3890303e+01   2.3781384e+01
   2.2030245e+01   2.7127028e+01   2.3645498e+01
   2.4306896e+01   2.5368366e+01   3.0958188e+01
   2.5682830e+01   2.7190050e+01   3.1019029e+01
   1.8642006e+01   2.5945763e+01   1.9547049e+01
   1.8775029e+01   2.6595426e+01   1.9568607e+01
   2.4933845e+01   2.5448408e+01   3.4464408e+01
   2.5879188e+01   2.6528565e+01   3.4462354e+01
   2.4637975e+01   2.6177263e+01   2.9900016e+01
   2.4868360e+01   2.6527537e+01   2.9860135e+01
   2.3215727e+01   2.4081734e+01   3.0661100e+01
   2.4873962e+01   2.6346537e+01   3.0296596e+01
   2.4661991e+01   2.5315909e+01   3.3220211e+01
   2.5660981e+01   2.6525844e+01   3.3104265e+01
   2.2373446e+01   2.5424124e+01   2.5356178e+01
   2.5506230e+01   2.6119717e+01   3.4319757e+01
   2.5559818e+01   2.6150806e+01   3.4524543e+01
   2.5483604e+01   2.6095267e+01   3.4309231e+01
   2.3340611e+01   2.4005786e+01   3.1834673e+01
   2.4967428e+01   2.6009755e+01   3.1686847e+01
   2.4680945e+01   2.5342053e+01   3.3195105e+01
   2.5337855e+01   2.6103426e+01   3.3263646e+01
   2.5471358e+01   2.6159589e+01   3.3821932e+01
   2.4278113e+01   2.5330009e+01   3.0964279e+01
   2.3001837e+01   2.3893810e+01   3.0332201e+01
   2.3785377e+01   2.5311335e+01   2.9081220e+01
   2.4485345e+01   2.5302076e+01   3.2157156e+01
   2.4528020e+01   2.5368466e+01   3.2086812e+01
   2.3045556e+01   2.3886382e+01   3.0607681e+01
   2.4605032e+01   2.5876673e+01   3.0570757e+01
   2.4602501e+01   2.5323289e+01   3.2770412e+01
   2.5120374e+01   2.5928450e+01   3.2832549e+01
   2.3884906e+01   2.5382482e+01   2.9248710e+01
   2.2236929e+01   2.3099629e+01   2.9701606e+01
