   2.4956200e+01   2.5372921e+01   3.5354869e+01
   2.4590783e+01   2.6876997e+01   2.8479439e+01
   2.2703087e+01   2.3135309e+01   3.2959235e+01
   2.5826381e+01   2.6900369e+01   3.2429022e+01
   1.7445939e+01   2.7154360e+01   1.7945509e+01
   2.6044254e+01   2.6951509e+01   3.3299292e+01
   1.7017052e+01   2.6448016e+01   1.7552542e+01
   2.6501367e+01   2.7052259e+01   3.5749630e+01
   2.2027895e+01   2.6048508e+01   2.4229898e+01
   2.6325800e+01   2.6924353e+01   3.5237262e+01
   2.4948670e+01   2.5450149e+01   3.4584678e+01
   2.6112078e+01   2.6713506e+01   3.5004575e+01
   2.5280598e+01   2.6037644e+01   3.3251049e+01
   2.6442032e+01   2.7063091e+01   3.5203911e+01
   2.3039033e+01   2.3513302e+01   3.2910910e+01
   2.6138752e+01   2.7102135e+01   3.3159852e+01
   1.7207916e+01   2.5276492e+01   1.7957391e+01
   2.6184474e+01   2.6934432e+01   3.4190319e+01
   2.2754178e+01   2.3207242e+01   3.2815694e+01
   2.4619794e+01   2.5369798e+01   3.2629203e+01
   2.6502736e+01   2.7327358e+01   3.4131848e+01
   2.4979323e+01   2.5523862e+01   3.4278459e+01
   2.6001303e+01   2.6655775e+01   3.4552729e+01
   2.5127510e+01   2.5500720e+01   3.5983318e+01
   2.5660185e+01   2.6129149e+01   3.5569583e+01
   2.4944801e+01   2.5347907e+01   3.5481105e+01
   2.4699886e+01   2.5453379e+01   3.2690589e+01
   2.5130732e+01   2.5551880e+01   3.5485179e+01
   2.2489473e+01   2.6029517e+01   2.5038499e+01
   2.4984730e+01   2.5460175e+01   3.4839458e+01
   2.2931751e+01   2.3446107e+01   3.2471199e+01
   2.4707769e+01   2.5457752e+01   3.2717037e+01
   2.4793396e+01   2.5378845e+01   3.3798358e+01
   2.5006712e+01   2.5542789e+01   3.4369673e+01
   2.5344919e+01   2.7320403e+01   2.9724433e+01
   2.2617974e+01   2.3172833e+01   3.1849334e+01
   2.5020504e+01   2.6636310e+01   3.0106750e+01
   2.2661342e+01   2.3133776e+01   3.2550901e+01
   2.5089488e+01   2.6132844e+01   3.1804811e+01
   2.2619118e+01   2.3140341e+01   3.2105754e+01
   2.4179169e+01   2.5447560e+01   3.0155624e+01
   2.2720910e+01   2.3215778e+01   3.2419607e+01
   2.4907718e+01   2.6024663e+01   3.1362589e+01
   2.2611333e+01   2.3154136e+01   3.1932290e+01
   2.2751180e+01   2.3539679e+01   3.0568480e+01
   2.2407120e+01   2.3047112e+01   3.1060768e+01
   2.4012525e+01   2.5362528e+01   2.9757165e+01
   2.2683677e+01   2.3204325e+01   3.2174514e+01
   2.5955758e+01   2.6622717e+01   3.4431265e+01
   2.6686437e+01   2.7348970e+01   3.5187252e+01
   2.5618651e+01   2.6114322e+01   3.5300646e+01
   2.6693290e+01   2.7338529e+01   3.5300563e+01
   2.4867556e+01   2.5441135e+01   3.3955486e+01
   2.6585060e+01   2.7325435e+01   3.4641345e+01
   2.5280343e+01   2.6021098e+01   3.3337398e+01
   2.6402765e+01   2.7275205e+01   3.3810296e+01
   2.2904458e+01   2.3475742e+01   3.2015758e+01
   2.5926029e+01   2.7300289e+01   3.1600286e+01
   2.4844487e+01   2.5373832e+01   3.4259516e+01
   2.6591560e+01   2.7354709e+01   3.4527279e+01
   2.5751833e+01   2.6084889e+01   3.7080650e+01
   2.6160261e+01   2.6617251e+01   3.6174983e+01
   2.5142603e+01   2.5425757e+01   3.7153468e+01
   2.6238715e+01   2.6610633e+01   3.7106188e+01
   2.5683194e+01   2.6035022e+01   3.6783268e+01
   2.6203870e+01   2.6605109e+01   3.6756231e+01
   2.3156380e+01   2.3531252e+01   3.4000704e+01
   2.5731019e+01   2.6573999e+01   3.3274913e+01
   2.5015614e+01   2.5350350e+01   3.6325375e+01
   2.6131369e+01   2.6622331e+01   3.5851342e+01
   2.2434668e+01   2.5405934e+01   2.5496846e+01
   2.5719134e+01   2.6159385e+01   3.5888737e+01
   2.5474760e+01   2.6020225e+01   3.4765654e+01
   2.5653930e+01   2.6151054e+01   3.5323844e+01
   2.3044556e+01   2.3510629e+01   3.2988120e+01
   2.5356356e+01   2.6152455e+01   3.3127020e+01
   2.4980712e+01   2.5363458e+01   3.5732020e+01
   2.5739798e+01   2.6185788e+01   3.5855919e+01
   2.5587975e+01   2.6031361e+01   3.5728620e+01
   2.4536624e+01   2.5424563e+01   3.1879481e+01
   2.3125622e+01   2.3538953e+01   3.3564696e+01
   2.4414554e+01   2.5422779e+01   3.1263632e+01
   2.4917444e+01   2.5330362e+01   3.5354178e+01
   2.4975727e+01   2.5432238e+01   3.4997735e+01
   2.3061043e+01   2.3497459e+01   3.3275623e+01
   2.5222520e+01   2.5986107e+01   3.3158910e+01
   2.4908305e+01   2.5358556e+01   3.4987408e+01
   2.5462002e+01   2.6003365e+01   3.4783714e+01
   2.4455246e+01   2.5367796e+01   3.1691411e+01
   2.2804387e+01   2.3310949e+01   3.2406937e+01
