   2.3418295e+01   2.4732211e+01   2.9265452e+01
   2.3695621e+01   2.7019592e+01   2.6422005e+01
   1.7782701e+01   2.1776996e+01   2.0020038e+01
   1.9285802e+01   2.7027276e+01   2.0094270e+01
   1.7202432e+01   2.6662539e+01   1.7733713e+01
   2.4863531e+01   2.6788949e+01   2.9332411e+01
   1.6813565e+01   2.5904220e+01   1.7396153e+01
   2.5458351e+01   2.7006033e+01   3.0698904e+01
   2.1446969e+01   2.5591861e+01   2.3570499e+01
   2.5274939e+01   2.6817947e+01   3.0526815e+01
   2.3814269e+01   2.5006168e+01   3.0025737e+01
   2.5071608e+01   2.6660315e+01   3.0218539e+01
   2.3880234e+01   2.5691755e+01   2.8563660e+01
   2.4947156e+01   2.7017444e+01   2.9167414e+01
   2.0107875e+01   2.3160633e+01   2.3097054e+01
   2.1632672e+01   2.6659824e+01   2.3280419e+01
   1.7033821e+01   2.4994356e+01   1.7804427e+01
   2.5232892e+01   2.6753304e+01   3.0538334e+01
   1.9761107e+01   2.2594469e+01   2.2979692e+01
   2.0957440e+01   2.5099019e+01   2.3084482e+01
   2.4709207e+01   2.7140895e+01   2.8395612e+01
   2.3570705e+01   2.5226655e+01   2.8572788e+01
   2.4782563e+01   2.6467368e+01   2.9719899e+01
   2.3829975e+01   2.4962820e+01   3.0234061e+01
   2.4628382e+01   2.6091222e+01   3.0075836e+01
   2.3830481e+01   2.4984726e+01   3.0163450e+01
   1.8862544e+01   2.5328059e+01   1.9985926e+01
   1.8970157e+01   2.5344116e+01   2.0120539e+01
   1.8066331e+01   2.5978453e+01   1.8843435e+01
   1.8809493e+01   2.5290065e+01   1.9928608e+01
   1.7737931e+01   2.1303467e+01   2.0288052e+01
   1.9127241e+01   2.5047931e+01   2.0424011e+01
   1.9720943e+01   2.4076833e+01   2.1722381e+01
   2.0247749e+01   2.5515076e+01   2.1792537e+01
   2.2206341e+01   2.7081403e+01   2.3924741e+01
   2.0493682e+01   2.2660209e+01   2.4575680e+01
   2.2540858e+01   2.6421005e+01   2.4836687e+01
   2.0583780e+01   2.2237693e+01   2.5603107e+01
   2.2736005e+01   2.6040817e+01   2.5481297e+01
   2.0858471e+01   2.2577442e+01   2.5738726e+01
   2.2091196e+01   2.5391045e+01   2.4842584e+01
   2.1158241e+01   2.3151129e+01   2.5520635e+01
   2.1684240e+01   2.5871729e+01   2.3780563e+01
   2.0415383e+01   2.2937531e+01   2.3997759e+01
   1.9167469e+01   2.2945435e+01   2.1547617e+01
   1.8316943e+01   2.0966534e+01   2.1755272e+01
   2.2064188e+01   2.5379094e+01   2.4802420e+01
   2.1300052e+01   2.3323533e+01   2.5609589e+01
   2.4834474e+01   2.6172380e+01   3.0610325e+01
   2.5741283e+01   2.7243926e+01   3.1088433e+01
   2.4179321e+01   2.5762513e+01   2.9340909e+01
   2.5137640e+01   2.7150631e+01   2.9453114e+01
   2.3477790e+01   2.4978913e+01   2.8834213e+01
   2.5071829e+01   2.7275783e+01   2.9081246e+01
   2.3765263e+01   2.5646571e+01   2.8317075e+01
   2.4727207e+01   2.7146135e+01   2.8430663e+01
   2.0645494e+01   2.2908441e+01   2.4581219e+01
   2.2657354e+01   2.7003610e+01   2.4656079e+01
   2.3205982e+01   2.5190141e+01   2.7575559e+01
   2.4428393e+01   2.7138932e+01   2.7769073e+01
   2.5122160e+01   2.5692458e+01   3.4232707e+01
   2.5708508e+01   2.6445857e+01   3.3782911e+01
   2.4247387e+01   2.4949773e+01   3.2519805e+01
   2.5530407e+01   2.6493911e+01   3.2552290e+01
   2.3725058e+01   2.5587667e+01   2.8311734e+01
   2.4275643e+01   2.6472692e+01   2.8297173e+01
   2.2092706e+01   2.3522861e+01   2.7631442e+01
   2.3671003e+01   2.6026705e+01   2.7463211e+01
   2.3656522e+01   2.5030263e+01   2.9337711e+01
   2.4693190e+01   2.6514192e+01   2.9356342e+01
   2.2194661e+01   2.4867225e+01   2.5585330e+01
   2.5777394e+01   2.6156749e+01   3.6563586e+01
   2.5039913e+01   2.5451460e+01   3.5490078e+01
   2.5716220e+01   2.6132802e+01   3.6114252e+01
   2.2667315e+01   2.3148201e+01   3.2483944e+01
   2.4977295e+01   2.5807035e+01   3.2585375e+01
   2.4650332e+01   2.5074225e+01   3.4979311e+01
   2.5608187e+01   2.6128348e+01   3.5092717e+01
   2.5098467e+01   2.5473656e+01   3.5932343e+01
   2.4456826e+01   2.5301848e+01   3.1994443e+01
   2.2076470e+01   2.2600868e+01   3.1541064e+01
   2.3951846e+01   2.5196004e+01   3.0001280e+01
   2.4523478e+01   2.4953439e+01   3.4794092e+01
   2.4873934e+01   2.5376789e+01   3.4498932e+01
   2.2037605e+01   2.2551910e+01   3.1581921e+01
   2.4786787e+01   2.5830653e+01   3.1500995e+01
   2.4546416e+01   2.5008414e+01   3.4520493e+01
   2.5344115e+01   2.5938579e+01   3.4285595e+01
   2.3834680e+01   2.5207355e+01   2.9518194e+01
   2.1893506e+01   2.2617355e+01   3.0055476e+01
