   2.4430029e+01   2.5332890e+01   3.1707976e+01
   2.4115999e+01   2.6821342e+01   2.7463318e+01
   2.2092835e+01   2.3253820e+01   2.8410461e+01
   2.4459351e+01   2.6818205e+01   2.8245384e+01
   1.7390695e+01   2.7219341e+01   1.7875965e+01
   2.5616165e+01   2.6818315e+01   3.1790668e+01
   1.6961213e+01   2.6469746e+01   1.7486772e+01
   2.5964229e+01   2.6963321e+01   3.2844722e+01
   2.1771995e+01   2.5850506e+01   2.3936919e+01
   2.5833122e+01   2.6819635e+01   3.2762883e+01
   2.4660353e+01   2.5464957e+01   3.2390793e+01
   2.5644350e+01   2.6626993e+01   3.2589731e+01
   2.5038600e+01   2.6156125e+01   3.1491168e+01
   2.5924039e+01   2.6971802e+01   3.2621320e+01
   2.2966736e+01   2.3872176e+01   3.0238608e+01
   2.5282387e+01   2.6913759e+01   3.0333713e+01
   1.7126151e+01   2.5278610e+01   1.7860291e+01
   2.5553060e+01   2.6818041e+01   3.1536240e+01
   2.2234554e+01   2.3487460e+01   2.8264027e+01
   2.3498439e+01   2.5282450e+01   2.8236670e+01
   2.5903114e+01   2.7443166e+01   3.1160716e+01
   2.4456553e+01   2.5418948e+01   3.1485630e+01
   2.5619221e+01   2.6741734e+01   3.2053512e+01
   2.4624122e+01   2.5346284e+01   3.2784357e+01
   2.5221782e+01   2.6011715e+01   3.3023569e+01
   2.4594625e+01   2.5236773e+01   3.3226216e+01
   2.4486701e+01   2.5510415e+01   3.1276761e+01
   2.4780561e+01   2.5480604e+01   3.3064756e+01
   2.2397574e+01   2.6179271e+01   2.4763502e+01
   2.4645504e+01   2.5395422e+01   3.2655297e+01
   2.2459588e+01   2.3530395e+01   2.9083947e+01
   2.3832874e+01   2.5332273e+01   2.9192399e+01
   2.4165231e+01   2.5370231e+01   3.0334376e+01
   2.4324251e+01   2.5483108e+01   3.0640617e+01
   2.4327491e+01   2.7413026e+01   2.7271709e+01
   2.1943950e+01   2.3047368e+01   2.8455905e+01
   2.4054352e+01   2.6710917e+01   2.7459026e+01
   2.1889517e+01   2.2934617e+01   2.8609899e+01
   2.3958578e+01   2.5999332e+01   2.8229905e+01
   2.1902493e+01   2.3000745e+01   2.8432584e+01
   2.3531816e+01   2.5503627e+01   2.7921884e+01
   2.2195679e+01   2.3189171e+01   2.9109948e+01
   2.4149867e+01   2.6165448e+01   2.8463080e+01
   2.2042470e+01   2.3111928e+01   2.8673599e+01
   2.2387816e+01   2.3963231e+01   2.7573032e+01
   2.1478208e+01   2.2648682e+01   2.7768071e+01
   2.3195408e+01   2.5358481e+01   2.7271906e+01
   2.2052366e+01   2.3182191e+01   2.8473594e+01
   2.5746219e+01   2.6660783e+01   3.2970537e+01
   2.6292379e+01   2.7267737e+01   3.3265279e+01
   2.5111470e+01   2.5926273e+01   3.2790901e+01
   2.6152682e+01   2.7191511e+01   3.2882432e+01
   2.4714657e+01   2.5464562e+01   3.2724318e+01
   2.6220311e+01   2.7248427e+01   3.2989832e+01
   2.5164051e+01   2.6145056e+01   3.2116991e+01
   2.5738141e+01   2.7127102e+01   3.1373479e+01
   2.2868871e+01   2.3768255e+01   3.0167399e+01
   2.5103009e+01   2.7126300e+01   2.9401118e+01
   2.4530851e+01   2.5381107e+01   3.2043949e+01
   2.5997057e+01   2.7201045e+01   3.2165042e+01
   2.5182189e+01   2.5908916e+01   3.3315741e+01
   2.5681505e+01   2.6519967e+01   3.3246670e+01
   2.5001952e+01   2.5445707e+01   3.5140732e+01
   2.5976575e+01   2.6534268e+01   3.5175970e+01
   2.5249835e+01   2.6150153e+01   3.2536628e+01
   2.5541734e+01   2.6522289e+01   3.2495579e+01
   2.3320428e+01   2.3938029e+01   3.2113835e+01
   2.5243313e+01   2.6387944e+01   3.1604221e+01
   2.4511382e+01   2.5331108e+01   3.2168666e+01
   2.5460539e+01   2.6531956e+01   3.2073138e+01
   2.2399591e+01   2.5421269e+01   2.5410988e+01
   2.5550406e+01   2.6104482e+01   3.4777285e+01
   2.5551138e+01   2.6123594e+01   3.4645235e+01
   2.5491051e+01   2.6086562e+01   3.4425032e+01
   2.3339296e+01   2.3860246e+01   3.2824866e+01
   2.5193110e+01   2.6025740e+01   3.2786930e+01
   2.4652300e+01   2.5358283e+01   3.2903041e+01
   2.5277661e+01   2.6086865e+01   3.2983925e+01
   2.5397499e+01   2.6138382e+01   3.3453575e+01
   2.4247579e+01   2.5346089e+01   3.0767730e+01
   2.2789040e+01   2.3804438e+01   2.9616380e+01
   2.3615745e+01   2.5305783e+01   2.8545054e+01
   2.4472371e+01   2.5315580e+01   3.2018401e+01
   2.4501471e+01   2.5366850e+01   3.1945358e+01
   2.3111599e+01   2.3751247e+01   3.1764198e+01
   2.4855947e+01   2.5872760e+01   3.1671090e+01
   2.4561589e+01   2.5347739e+01   3.2384182e+01
   2.5033029e+01   2.5913221e+01   3.2408880e+01
   2.3991562e+01   2.5390222e+01   2.9605396e+01
   2.2335292e+01   2.3133176e+01   3.0107626e+01
