   2.0047031e+00   1.6529024e+01   2.2562253e+00
   2.5670280e+00   1.9019687e+01   2.7205383e+00
   2.2187848e+00   1.6046012e+01   2.5091508e+00
   2.3448297e+00   1.8997484e+01   2.4940918e+00
   2.3838022e+00   1.9984163e+01   2.5033019e+00
   2.9204933e+00   1.9741166e+01   3.0576051e+00
   2.2023724e+00   1.9372272e+01   2.3364062e+00
   3.3145285e+00   1.9703468e+01   3.4616878e+00
   2.5325626e+00   2.0423052e+01   2.6429521e+00
   1.3690191e+00   1.7126375e+01   1.5692999e+00
   1.8805169e+00   1.5295672e+01   2.2094219e+00
   3.0018477e+00   1.9740255e+01   3.1407330e+00
   2.0892669e+00   1.9124371e+01   2.2288930e+00
   9.9327629e-01   1.6915572e+01   1.1932477e+00
   1.6813258e+00   1.8691137e+01   1.8269667e+00
   2.0876573e+00   1.7418903e+01   2.2947904e+00
   1.8812662e+00   2.0954239e+01   1.9700886e+00
   1.0094424e+00   1.9175064e+01   1.1284079e+00
   3.1340187e+00   1.6549131e+01   3.4315713e+00
   2.2577672e+00   2.0794447e+01   2.3550465e+00
   3.3755905e+00   2.0838454e+01   3.4898483e+00
   2.4616719e+00   1.8747725e+01   2.6225894e+00
   3.2767900e+00   2.0951139e+01   3.3863699e+00
   2.8554508e+00   2.0741616e+01   2.9631495e+00
   3.5710474e+00   2.1432213e+01   3.6738198e+00
   1.2993790e+00   1.7916437e+01   1.4646737e+00
   2.5566492e+00   1.6921983e+01   2.8059169e+00
   2.6020235e+00   1.8582402e+01   2.7727930e+00
   2.6649429e+00   2.0353423e+01   2.7793812e+00
   9.3350586e-01   1.8517121e+01   1.0706099e+00
   2.3286554e+00   1.8181402e+01   2.5085181e+00
   2.0170742e+00   1.9666591e+01   2.1389822e+00
   2.9046034e+00   2.2674845e+01   2.9740308e+00
   6.7107263e-01   1.8877374e+01   7.9309070e-01
   3.2873418e+00   2.1585708e+01   3.3821237e+00
   2.7900764e+00   1.4470912e+01   3.2479081e+00
   3.1823537e+00   2.1155397e+01   3.2853293e+00
   3.3573549e+00   1.5168812e+01   3.7835301e+00
   3.3612821e+00   2.1476382e+01   3.4596394e+00
   1.6578515e+00   1.4104707e+01   2.0779762e+00
   2.4942376e+00   1.6486727e+01   2.7674259e+00
   3.0762122e+00   1.4791297e+01   3.5208944e+00
   2.8050893e+00   2.2111310e+01   2.8829696e+00
   1.1625187e+00   1.4529004e+01   1.5177536e+00
   2.2909837e+00   1.8385654e+01   2.4615848e+00
   2.2981673e+00   1.5467259e+01   2.6343410e+00
   2.8012669e+00   2.2712859e+01   2.8690092e+00
   1.0018773e+00   1.3632357e+01   1.4297892e+00
   3.1955366e+00   1.9798856e+01   3.3367821e+00
   3.5455242e+00   2.2685498e+01   3.6221281e+00
   3.1837696e+00   1.9460297e+01   3.3362553e+00
   1.9248281e+00   2.1032346e+01   2.0126028e+00
   2.4591353e+00   1.5806538e+01   2.7774487e+00
   3.1760644e+00   2.1749868e+01   3.2657292e+00
   2.6339906e+00   1.8904495e+01   2.7932554e+00
   1.4336449e+00   2.1055902e+01   1.5152044e+00
   2.1415742e+00   1.7676401e+01   2.3382568e+00
   2.5304759e+00   2.3044383e+01   2.5907228e+00
   2.8723635e+00   2.2083458e+01   2.9515565e+00
   1.2416847e+00   2.1906869e+01   1.3070137e+00
   3.5558708e+00   2.0589791e+01   3.6804622e+00
   1.6778223e+00   1.8643317e+01   1.8250094e+00
   2.6492991e+00   1.6339953e+01   2.9387672e+00
   2.9821006e+00   1.9177304e+01   3.1398410e+00
   2.9028693e+00   2.0023883e+01   3.0309475e+00
   1.1610312e+00   1.9452207e+01   1.2748709e+00
   2.4863828e+00   1.8859982e+01   2.6437541e+00
   2.3460993e+00   1.8808053e+01   2.5020781e+00
   3.1141591e+00   2.3218819e+01   3.1774103e+00
   1.0574938e+00   1.9089530e+01   1.1795935e+00
   1.7718487e+00   1.5199181e+01   2.1029722e+00
   3.1985696e+00   2.0463925e+01   3.3197166e+00
   1.9110929e+00   1.8232854e+01   2.0783454e+00
   1.4876735e+00   1.8665831e+01   1.6303002e+00
   1.5095833e+00   1.8202186e+01   1.6688105e+00
   2.5430243e+00   2.1081099e+01   2.6379921e+00
   1.9667593e+00   2.1473781e+01   2.0465060e+00
   1.1844094e+00   2.0375842e+01   1.2766914e+00
   1.2569753e+00   1.9182459e+01   1.3796792e+00
   1.1802311e+00   1.7659522e+01   1.3528513e+00
   9.2508336e-01   1.7442207e+01   1.1005907e+00
   2.2450013e+00   1.7354689e+01   2.4601521e+00
   1.2859860e+00   2.1171647e+01   1.3638389e+00
   9.0114643e-01   1.6861178e+01   1.1012231e+00
   1.4690407e+00   1.8153231e+01   1.6291858e+00
   2.2847162e+00   2.0677984e+01   2.3850421e+00
   2.0305759e+00   2.2195605e+01   2.0987052e+00
   8.3149777e-01   1.8640950e+01   9.6300250e-01
   1.2768525e+00   2.2670785e+01   1.3318903e+00
   6.3257643e-01   2.0451370e+01   7.1706102e-01
