   1.5996228e+00   1.9352923e+01   1.7232118e+00
   2.9319409e+00   2.1940034e+01   3.0145539e+00
   6.8117318e-01   1.4630751e+01   1.0067149e+00
   3.5814147e+00   2.1347983e+01   3.6863857e+00
   1.3910200e+00   1.7323160e+01   1.5829694e+00
   2.6161811e+00   2.1022236e+01   2.7135113e+00
   1.3865923e-01   1.4136628e+01   4.7956521e-01
   2.6240988e+00   2.1103993e+01   2.7197218e+00
   1.5789433e+00   1.8828204e+01   1.7180549e+00
   1.8281902e+00   1.9014857e+01   1.9661500e+00
   8.6199063e-01   1.5962442e+01   1.1069700e+00
   2.6019472e+00   1.9229589e+01   2.7489510e+00
   1.0006645e+00   2.0193373e+01   1.0946241e+00
   1.5380828e+00   1.9946768e+01   1.6449324e+00
   5.0985110e-01   1.8203659e+01   6.4953147e-01
   1.7714754e+00   2.0461471e+01   1.8694728e+00
   6.2524730e-01   1.6866245e+01   8.1815086e-01
   1.5591373e+00   2.1844491e+01   1.6283051e+00
   1.5143472e+00   1.6039591e+01   1.7770914e+00
   3.4745997e+00   2.2371275e+01   3.5560389e+00
   2.4096376e+00   1.7845178e+01   2.6064297e+00
   2.3536457e+00   1.8892251e+01   2.5067862e+00
   1.2264286e+00   1.5114426e+01   1.5393129e+00
   2.3946153e+00   2.1389628e+01   2.4811235e+00
   2.6363072e+00   2.0182295e+01   2.7548495e+00
   1.7199668e+00   1.8991896e+01   1.8565670e+00
   1.7044426e+00   1.7084561e+01   1.9162894e+00
   2.3732404e+00   1.9649750e+01   2.5021429e+00
   1.5162399e+00   2.0769700e+01   1.6043479e+00
   1.4273981e+00   2.0454874e+01   1.5210062e+00
   1.2505796e+00   1.8812526e+01   1.3841051e+00
   1.6310574e+00   2.1623822e+01   1.7045578e+00
   1.5672916e+00   1.7237070e+01   1.7679086e+00
   1.3997751e+00   2.0706670e+01   1.4877723e+00
   2.3782749e+00   1.8558428e+01   2.5443218e+00
   2.3579137e+00   1.4701611e+01   2.7634314e+00
   1.3377031e+00   1.5067383e+01   1.6588731e+00
   2.4903103e+00   1.5791451e+01   2.8112673e+00
   2.4852876e+00   2.0384950e+01   2.5958698e+00
   1.7693133e+00   1.4695633e+01   2.1414056e+00
   1.6435703e+00   1.7898066e+01   1.8175895e+00
   2.2452931e+00   1.4477135e+01   2.6653718e+00
   1.8087699e+00   2.2733403e+01   1.8670965e+00
   1.3961142e+00   1.6076423e+01   1.6524012e+00
   1.5054374e+00   1.9436280e+01   1.6251119e+00
   1.6271138e+00   1.6430917e+01   1.8709055e+00
   1.6800675e+00   1.9448864e+01   1.8023037e+00
   1.5167883e+00   1.5387673e+01   1.8224825e+00
   9.3499329e-01   1.3781263e+01   1.3446880e+00
   2.7623509e+00   2.3422712e+01   2.8195182e+00
   2.2228586e+00   1.8326695e+01   2.3940775e+00
   2.1032971e+00   2.1819149e+01   2.1783861e+00
   1.4031298e+00   1.6285709e+01   1.6475341e+00
   2.7392248e+00   2.1257965e+01   2.8331268e+00
   1.4616899e+00   2.0701615e+01   1.5505308e+00
   1.6975929e+00   2.2114850e+01   1.7638295e+00
   9.9414935e-01   1.8302865e+01   1.1393407e+00
   1.9254656e+00   2.4496484e+01   1.9649529e+00
   1.4145209e+00   1.7157968e+01   1.6145833e+00
   1.7356839e+00   2.3503217e+01   1.7840311e+00
   2.5761865e+00   1.9771586e+01   2.7053628e+00
   1.8313324e+00   2.0084988e+01   1.9391289e+00
   1.5652833e+00   1.6442665e+01   1.8063184e+00
   2.5005188e+00   1.9355883e+01   2.6411262e+00
   1.6867298e+00   2.0831122e+01   1.7756589e+00
   1.5136963e+00   2.1089813e+01   1.5955046e+00
   1.1575518e+00   1.8555774e+01   1.2974858e+00
   1.7675133e+00   1.9933165e+01   1.8781595e+00
   1.6164001e+00   1.7943947e+01   1.7879333e+00
   1.5541191e+00   2.1713359e+01   1.6253616e+00
   9.5081806e-01   1.6771496e+01   1.1564084e+00
   2.6510702e+00   1.9354931e+01   2.7949371e+00
   8.5126197e-01   1.9597136e+01   9.5701281e-01
   1.6765262e+00   1.9701729e+01   1.7917735e+00
   5.1301707e-01   1.7876485e+01   6.6369909e-01
   1.8923898e+00   2.1498651e+01   1.9708497e+00
   8.1169147e-01   1.7013975e+01   1.0026123e+00
   1.6701604e+00   2.1176163e+01   1.7520967e+00
   3.1758354e-01   1.9471286e+01   4.1945701e-01
   1.6004622e+00   1.9867085e+01   1.7102318e+00
  -1.0501043e-01   1.7369810e+01   5.2230969e-02
   1.7123832e+00   2.0974881e+01   1.7987178e+00
   2.5573642e-01   1.6889978e+01   4.3902087e-01
   1.5129401e+00   1.9168286e+01   1.6403833e+00
   5.4206244e-01   1.7885675e+01   6.9296922e-01
   1.7072708e+00   2.0742525e+01   1.7982955e+00
   7.9864795e-01   1.6186497e+01   1.0293697e+00
   1.5100788e+00   1.9077901e+01   1.6401584e+00
   3.4219198e-01   1.6829348e+01   5.3002126e-01
   1.3769048e+00   2.0257795e+01   1.4742011e+00
