   1.4034600e+00   1.5854560e+01   1.6735279e+00
   3.3698290e+00   2.0167654e+01   3.5031588e+00
   1.2193725e+00   1.8998413e+01   1.3467597e+00
   4.1475295e+00   2.1188459e+01   4.2671368e+00
   1.8573597e+00   1.9503853e+01   1.9810917e+00
   3.1701831e+00   2.0900224e+01   3.2792095e+00
   1.9983525e+00   1.7327161e+01   2.2072088e+00
   3.1265261e+00   2.1228517e+01   3.2268917e+00
   2.0431871e+00   2.0223912e+01   2.1507721e+00
   2.4596080e+00   1.8849539e+01   2.6167290e+00
   2.1020583e+00   2.1908632e+01   2.1755997e+00
   3.2246020e+00   2.0129874e+01   3.3560282e+00
   1.6567767e+00   1.8904502e+01   1.7949399e+00
   1.8412138e+00   1.9096658e+01   1.9768400e+00
   1.4301179e+00   1.9670728e+01   1.5423318e+00
   2.4487547e+00   1.9746754e+01   2.5762194e+00
   1.3188625e+00   1.7103504e+01   1.5188371e+00
   2.3221876e+00   2.1561158e+01   2.4044561e+00
   2.0387125e+00   2.1860997e+01   2.1123948e+00
   3.9858042e+00   2.2176978e+01   4.0784042e+00
   2.8818631e+00   2.0179463e+01   3.0050132e+00
   2.7445866e+00   1.9850902e+01   2.8746936e+00
   2.8758882e+00   1.8584753e+01   3.0538844e+00
   2.8780495e+00   2.1442242e+01   2.9699658e+00
   3.0895236e+00   2.1460682e+01   3.1840958e+00
   2.3302141e+00   1.9246086e+01   2.4708309e+00
   2.7004212e+00   2.3161905e+01   2.7605685e+00
   3.0268523e+00   2.0027329e+01   3.1573159e+00
   2.2168162e+00   1.9992534e+01   2.3331946e+00
   1.7325669e+00   2.0290054e+01   1.8339667e+00
   2.0666595e+00   2.0027919e+01   2.1796068e+00
   2.3006885e+00   2.1776264e+01   2.3787259e+00
   2.1471354e+00   1.7701587e+01   2.3428332e+00
   2.0012250e+00   2.1538561e+01   2.0801748e+00
   2.6868662e+00   2.0636188e+01   2.7944201e+00
   2.8606742e+00   1.5005022e+01   3.2692265e+00
   2.7399615e+00   1.8524499e+01   2.9167164e+00
   2.9894005e+00   1.5815494e+01   3.3344376e+00
   2.8002694e+00   2.1307003e+01   2.8939806e+00
   2.3950071e+00   1.4888883e+01   2.7853875e+00
   2.5287403e+00   2.4032344e+01   2.5766971e+00
   2.9276508e+00   1.5250685e+01   3.3175198e+00
   2.2811214e+00   2.1679501e+01   2.3606934e+00
   1.7702213e+00   1.5788331e+01   2.0589576e+00
   2.0070516e+00   2.0377316e+01   2.1103561e+00
   2.4540211e+00   1.6432717e+01   2.7289767e+00
   2.1833046e+00   1.9514850e+01   2.3126329e+00
   2.2493657e+00   1.5683928e+01   2.5666765e+00
   2.8061267e+00   1.7465235e+01   3.0344379e+00
   3.3000628e+00   2.3227208e+01   3.3650609e+00
   2.6523518e+00   1.9486830e+01   2.7919209e+00
   2.7568513e+00   2.2237591e+01   2.8319406e+00
   2.5889822e+00   2.1375405e+01   2.6783216e+00
   3.3334767e+00   2.2454107e+01   3.4115934e+00
   2.1591392e+00   1.8803811e+01   2.3110408e+00
   2.0856600e+00   2.2123865e+01   2.1554741e+00
   1.8005856e+00   2.0007085e+01   1.9098651e+00
   2.6320930e+00   2.3891442e+01   2.6824037e+00
   2.1200454e+00   1.7272616e+01   2.3353346e+00
   2.5296464e+00   2.4522009e+01   2.5724883e+00
   3.0273104e+00   2.0947475e+01   3.1327678e+00
   2.5440737e+00   1.9771621e+01   2.6726269e+00
   2.8594304e+00   2.2146229e+01   2.9373292e+00
   3.0904535e+00   2.0094080e+01   3.2202012e+00
   2.3382232e+00   1.9603675e+01   2.4678337e+00
   1.8435406e+00   2.0863818e+01   1.9337552e+00
   2.2151906e+00   1.9978267e+01   2.3319256e+00
   2.4919728e+00   1.9941784e+01   2.6146054e+00
   2.3230718e+00   1.8081016e+01   2.5070126e+00
   2.2984380e+00   2.1144244e+01   2.3887040e+00
   1.9726716e+00   2.1547701e+01   2.0511355e+00
   3.2489694e+00   1.9712512e+01   3.3942946e+00
   1.4813600e+00   1.7936676e+01   1.6500063e+00
   2.1108489e+00   2.0465225e+01   2.2135979e+00
   1.2722842e+00   1.9518511e+01   1.3860657e+00
   2.6150403e+00   2.1938391e+01   2.6937957e+00
   1.3747998e+00   1.6978630e+01   1.5822031e+00
   2.4368031e+00   2.1487583e+01   2.5219057e+00
   8.6219978e-01   1.8757034e+01   9.9073559e-01
   1.8369933e+00   1.9374731e+01   1.9641050e+00
   5.6990148e-01   1.9354680e+01   6.7783374e-01
   2.4553718e+00   1.9368519e+01   2.5946258e+00
   6.4356256e-01   1.6476273e+01   8.5511762e-01
   2.2096759e+00   1.9347987e+01   2.3446082e+00
   1.2552696e+00   2.0130292e+01   1.3538507e+00
   2.3993374e+00   2.1294423e+01   2.4878301e+00
   1.4330774e+00   1.6768782e+01   1.6525382e+00
   2.1937558e+00   2.1366629e+01   2.2782064e+00
   8.2370876e-01   1.7214441e+01   1.0062797e+00
   2.0683572e+00   2.2055926e+01   2.1390986e+00
