   2.0547461e+00   1.7410014e+01   2.2613145e+00
   2.1396748e+00   1.8332583e+01   2.3085924e+00
   2.2278742e+00   1.5134219e+01   2.5873350e+00
   2.9922005e+00   1.8356570e+01   3.1833038e+00
   2.0325430e+00   2.0023954e+01   2.1450410e+00
   1.7851264e+00   1.9111167e+01   1.9192340e+00
   1.6751114e+00   1.6894897e+01   1.8955534e+00
   2.2121920e+00   1.8949369e+01   2.3602070e+00
   2.4689389e+00   2.0075339e+01   2.5874352e+00
   1.1527431e+00   1.6081415e+01   1.4004120e+00
   2.0639604e+00   1.4214774e+01   2.4985500e+00
   1.7714120e+00   1.8399155e+01   1.9291988e+00
   2.2064674e+00   2.0422415e+01   2.3116850e+00
   2.1140745e+00   1.6683262e+01   2.3606667e+00
   1.9322191e+00   1.7954106e+01   2.1111510e+00
   1.1697300e+00   1.6420494e+01   1.3992455e+00
   1.8611470e+00   2.0621072e+01   1.9567969e+00
   2.3237037e+00   1.9400735e+01   2.4592501e+00
   3.1232199e+00   1.5944430e+01   3.4652801e+00
   3.1223808e+00   1.9633492e+01   3.2674563e+00
   3.0755557e+00   2.1549238e+01   3.1680102e+00
   1.4056185e+00   1.7443331e+01   1.5926820e+00
   2.6408747e+00   1.7929141e+01   2.8407364e+00
   1.7918617e+00   1.8903061e+01   1.9327082e+00
   3.5326870e+00   2.1247403e+01   3.6392858e+00
   1.2527079e+00   1.7184112e+01   1.4472453e+00
   2.9521768e+00   1.6080204e+01   3.2746267e+00
   1.6310518e+00   1.7965236e+01   1.8020911e+00
   3.0157174e+00   2.1561611e+01   3.1070537e+00
   2.1682879e+00   1.9243208e+01   2.3056968e+00
   2.7276995e+00   1.8695527e+01   2.8972676e+00
   1.1787814e+00   1.8679591e+01   1.3151567e+00
   2.9472385e+00   2.2241064e+01   3.0244847e+00
   1.9334065e+00   1.8355632e+01   2.0964959e+00
   3.0944691e+00   2.1848839e+01   3.1809941e+00
   1.8648868e+00   1.3715086e+01   2.3390134e+00
   2.7267768e+00   1.7642931e+01   2.9431903e+00
   2.3923370e+00   1.4173618e+01   2.8535398e+00
   3.2915973e+00   2.1875541e+01   3.3802970e+00
   1.8604065e+00   1.3628628e+01   2.3438789e+00
   2.9471147e+00   1.5522718e+01   3.3140951e+00
   1.9424009e+00   1.3632400e+01   2.4313480e+00
   3.0347098e+00   2.3334330e+01   3.0955413e+00
   2.6263221e+00   1.4999048e+01   3.0206205e+00
   2.6423163e+00   1.8921091e+01   2.8011710e+00
   1.5855968e+00   1.4244034e+01   1.9881415e+00
   2.9619513e+00   2.2304598e+01   3.0382454e+00
   2.5327918e+00   1.4418730e+01   2.9778627e+00
   2.4693521e+00   1.5762462e+01   2.7914502e+00
   2.2448926e+00   1.9385623e+01   2.3793467e+00
   3.1212677e+00   1.9735702e+01   3.2629244e+00
   1.6610870e+00   1.9795401e+01   1.7736274e+00
   2.7756785e+00   1.4567717e+01   3.2222157e+00
   2.0359405e+00   1.9517699e+01   2.1624574e+00
   2.8655554e+00   2.0203921e+01   2.9877035e+00
   2.6484988e+00   2.0060961e+01   2.7706390e+00
   2.4753092e+00   1.7380917e+01   2.6966407e+00
   1.6159144e+00   2.0045943e+01   1.7214695e+00
   2.6869334e+00   2.1090183e+01   2.7837760e+00
   2.4351355e+00   2.1244858e+01   2.5251219e+00
   3.6995311e+00   2.1110158e+01   3.8125946e+00
   1.6952282e+00   1.8073141e+01   1.8635554e+00
   3.2135143e+00   1.5387734e+01   3.6089008e+00
   1.9395451e+00   1.8639755e+01   2.0923984e+00
   3.2993483e+00   2.2030165e+01   3.3850394e+00
   2.5683338e+00   1.9684910e+01   2.6999701e+00
   2.9592232e+00   1.9368011e+01   3.1096099e+00
   1.5593824e+00   1.8054906e+01   1.7252562e+00
   3.0801498e+00   2.2624901e+01   3.1523139e+00
   2.3543132e+00   2.0004321e+01   2.4727401e+00
   2.2510946e+00   1.4786699e+01   2.6422453e+00
   2.2493547e+00   1.7958096e+01   2.4365551e+00
   1.9927263e+00   1.9250360e+01   2.1264734e+00
   2.8670831e+00   2.0237073e+01   2.9883265e+00
   1.8219967e+00   1.7918004e+01   1.9996167e+00
   1.8414909e+00   2.1184045e+01   1.9252554e+00
   2.0370882e+00   2.0340716e+01   2.1417185e+00
   2.5644999e+00   2.0347414e+01   2.6773753e+00
   1.5807206e+00   2.0002599e+01   1.6868213e+00
   2.3581381e+00   1.6931249e+01   2.5995209e+00
   1.2030166e+00   1.7290841e+01   1.3915536e+00
   1.4109633e+00   1.6129811e+01   1.6646203e+00
   1.4945400e+00   2.0443691e+01   1.5892494e+00
   2.1471285e+00   1.6993849e+01   2.3777010e+00
   1.8688197e+00   1.7613733e+01   2.0606669e+00
   1.5616850e+00   1.9888513e+01   1.6703319e+00
   2.2024587e+00   2.1305570e+01   2.2882162e+00
   2.1917829e+00   1.9164688e+01   2.3321891e+00
   1.2838459e+00   2.1832921e+01   1.3506711e+00
   1.7644313e+00   2.1278557e+01   1.8455095e+00
