  -1.6098018e+01  -2.3669631e+00  -1.1556990e+01
  -1.0282613e+01   2.0799011e+01  -1.0243245e+01
  -1.2932205e+01  -5.1108256e-01  -9.4027471e+00
  -8.8945202e+00   2.2070488e+01  -8.8641635e+00
  -1.5087870e+01  -3.4597919e-01  -1.1752889e+01
  -1.0537743e+01   1.7159564e+01  -1.0447623e+01
  -1.6545298e+01  -2.6804513e+00  -1.1809051e+01
  -9.4454527e+00   2.4278721e+01  -9.4274254e+00
  -1.4066351e+01   2.7849164e+00  -1.2138393e+01
  -1.4983051e+01   1.3104702e+01  -1.4768856e+01
  -1.4791800e+01  -6.4750671e+00  -6.7425493e+00
  -5.6926787e+00   1.9837892e+01  -5.6356586e+00
  -1.4903942e+01   1.0049045e+01  -1.4480546e+01
  -1.4702701e+01   1.5024178e+01  -1.4563604e+01
  -1.5537949e+01   3.4213107e+00  -1.3854221e+01
  -1.3285358e+01   1.6906224e+01  -1.3193546e+01
  -1.4053667e+01   5.4649862e+00  -1.2918819e+01
  -1.5367583e+01   1.0648374e+01  -1.4997876e+01
  -1.2192566e+01   1.3747680e+00  -9.6201415e+00
  -9.3113060e+00   2.0560155e+01  -9.2688230e+00
  -1.4692002e+01   4.1683475e-02  -1.1553961e+01
  -1.0640046e+01   1.9842306e+01  -1.0591354e+01
  -1.6524658e+01  -2.6543311e+00  -1.1805595e+01
  -9.4383825e+00   1.8847804e+01  -9.3756751e+00
  -1.3160204e+01   4.2231706e+00  -1.1687122e+01
  -1.4999658e+01   1.4057904e+01  -1.4826919e+01
  -1.4443338e+01  -5.8686606e+00  -6.9255717e+00
  -5.9287173e+00   1.9526002e+01  -5.8681616e+00
  -1.4372537e+01   1.0902517e+01  -1.4020422e+01
  -1.4488898e+01   1.4108146e+01  -1.4317444e+01
  -1.5468957e+01   3.5919466e+00  -1.3839153e+01
  -1.3226571e+01   1.4214976e+01  -1.3057232e+01
  -1.3635785e+01   7.1108642e+00  -1.2827209e+01
  -1.5881564e+01   1.1545964e+01  -1.5579666e+01
  -1.3413457e+01   1.5857010e+00  -1.0984452e+01
  -1.0553787e+01   1.3213595e+01  -1.0333083e+01
  -1.4429845e+01  -3.3123012e-01  -1.1078382e+01
  -9.3560283e+00   1.7594533e+01  -9.2723380e+00
  -1.2308686e+01   4.6267114e+00  -1.0933866e+01
  -1.4484142e+01   1.0609071e+01  -1.4108725e+01
  -1.2605068e+01  -3.6275857e+00  -6.8251373e+00
  -6.1054806e+00   1.6976912e+01  -5.9978179e+00
  -1.3649611e+01   1.1123285e+01  -1.3312114e+01
  -1.4267927e+01   1.1492749e+01  -1.3958843e+01
  -1.3225232e+01   6.2962596e+00  -1.2261121e+01
  -1.2677879e+01   1.3274893e+01  -1.2467184e+01
  -1.1939813e+01   8.1456423e+00  -1.1277738e+01
  -1.5312304e+01   7.7661547e+00  -1.4619209e+01
  -1.5391998e+01  -1.6857178e+00  -1.1268509e+01
  -9.3550089e+00   2.3238349e+01  -9.3320628e+00
  -1.3073262e+01   3.8268188e+00  -1.1478249e+01
  -1.4582444e+01   1.4200311e+01  -1.4414650e+01
  -1.3952641e+01  -5.6726427e+00  -6.5404093e+00
  -5.6132714e+00   2.3492882e+01  -5.5885450e+00
  -1.4166091e+01   1.0888038e+01  -1.3812212e+01
  -1.4600529e+01   1.5010810e+01  -1.4460898e+01
  -1.5430403e+01   3.9306752e+00  -1.3904539e+01
  -1.2988373e+01   1.8382641e+01  -1.2922632e+01
  -1.3304751e+01   6.4399832e+00  -1.2370045e+01
  -1.5243251e+01   1.4054461e+01  -1.5070673e+01
  -1.3206948e+01   3.6561904e+00  -1.1560481e+01
  -1.5198029e+01   1.0516296e+01  -1.4816916e+01
  -1.3850783e+01  -5.4771780e+00  -6.6077457e+00
  -5.7438550e+00   2.1568812e+01  -5.7056267e+00
  -1.3782229e+01   1.1693360e+01  -1.3485362e+01
  -1.4610732e+01   1.6449350e+01  -1.4510059e+01
  -1.5213428e+01   4.3930235e+00  -1.3818550e+01
  -1.3230911e+01   1.7070868e+01  -1.3142433e+01
  -1.3823704e+01   6.4924027e+00  -1.2904383e+01
  -1.5864265e+01   1.6413573e+01  -1.5763628e+01
  -1.4490847e+01  -5.6169576e+00  -7.2181838e+00
  -6.1665868e+00   1.9345467e+01  -6.1041610e+00
  -1.5189270e+01   9.6947656e+00  -1.4732563e+01
  -1.4549425e+01   1.2416787e+01  -1.4298610e+01
  -1.4844350e+01   4.5724970e+00  -1.3494468e+01
  -1.3073796e+01   1.8938485e+01  -1.3015959e+01
  -1.4562030e+01   5.2135944e+00  -1.3373111e+01
  -1.5493463e+01   1.6466959e+01  -1.5393816e+01
  -1.4605489e+01   1.0204729e+01  -1.4195409e+01
  -1.4394593e+01   1.1157035e+01  -1.4061889e+01
  -1.4662547e+01   4.1857250e+00  -1.3202233e+01
  -1.2780796e+01   1.1790638e+01  -1.2487177e+01
  -1.4569754e+01   4.9915646e+00  -1.3326102e+01
  -1.5373235e+01   1.1074908e+01  -1.5036896e+01
  -1.5979022e+01   3.4848557e+00  -1.4321189e+01
  -1.2927504e+01   1.8903935e+01  -1.2869113e+01
  -1.4449018e+01   6.6494130e+00  -1.3564751e+01
  -1.5679871e+01   1.3808320e+01  -1.5497942e+01
  -1.4440746e+01   7.1790980e+00  -1.3649919e+01
  -1.5599594e+01   1.3987714e+01  -1.5424802e+01
