   1.9203497e+00   1.9149459e+01   2.0558440e+00
   3.7830306e+00   1.9731250e+01   3.9408141e+00
   1.8531413e+00   1.9158908e+01   1.9870566e+00
   3.2093582e+00   1.9821054e+01   3.3501871e+00
   2.1732441e+00   1.7358593e+01   2.3859389e+00
   4.1434173e+00   2.0582641e+01   4.2809622e+00
   1.9077614e+00   1.6385811e+01   2.1641516e+00
   4.5209813e+00   2.0388097e+01   4.6744792e+00
   2.5725163e+00   2.1037891e+01   2.6688612e+00
   3.3745034e+00   1.8344403e+01   3.5781666e+00
   1.7033915e+00   1.5554438e+01   2.0053350e+00
   2.8972102e+00   1.9647213e+01   3.0368326e+00
   2.0373914e+00   2.1334322e+01   2.1205796e+00
   3.8100608e+00   1.8989749e+01   3.9983316e+00
   1.4308793e+00   2.3176579e+01   1.4808805e+00
   2.8561994e+00   1.8593889e+01   3.0332780e+00
   1.5736939e+00   1.5541854e+01   1.8710163e+00
   3.7194976e+00   2.2068808e+01   3.8103662e+00
   2.7291081e+00   1.9677789e+01   2.8642125e+00
   3.1393962e+00   2.0739819e+01   3.2519975e+00
   3.1213459e+00   1.7685531e+01   3.3492729e+00
   3.6935775e+00   1.9391922e+01   3.8617884e+00
   2.7461216e+00   1.7426357e+01   2.9743741e+00
   4.2008504e+00   2.1526068e+01   4.3124598e+00
   3.6357541e+00   2.2400121e+01   3.7187827e+00
   3.2801417e+00   1.8850932e+01   3.4584829e+00
   2.7995319e+00   1.6772944e+01   3.0674268e+00
   2.7297682e+00   1.9150067e+01   2.8824407e+00
   2.7345950e+00   2.2469574e+01   2.8055288e+00
   3.6357417e+00   2.0078089e+01   3.7778496e+00
   2.0030266e+00   2.3169607e+01   2.0572355e+00
   2.5617358e+00   2.0083100e+01   2.6816733e+00
   2.5025421e+00   1.6324839e+01   2.7865669e+00
   3.3458738e+00   2.0349735e+01   3.4732100e+00
   3.0167644e+00   1.8812354e+01   3.1893605e+00
   4.0784044e+00   1.5150627e+01   4.5623423e+00
   2.8883331e+00   1.7940511e+01   3.0954197e+00
   4.5354708e+00   1.5587727e+01   5.0087628e+00
   3.3215803e+00   2.2907700e+01   3.3917940e+00
   3.6537192e+00   1.5033643e+01   4.1160697e+00
   2.5453318e+00   1.6983126e+01   2.7906616e+00
   2.7539787e+00   1.4422206e+01   3.2144193e+00
   2.7893162e+00   2.4531212e+01   2.8337661e+00
   3.8719834e+00   1.6022223e+01   4.2522968e+00
   2.0182555e+00   2.3422318e+01   2.0695068e+00
   2.9192588e+00   1.5032010e+01   3.3290491e+00
   2.5232430e+00   1.7113490e+01   2.7604603e+00
   3.7601403e+00   1.5865243e+01   4.1472953e+00
   2.7120865e+00   1.5839444e+01   3.0405243e+00
   4.8114945e+00   2.1382877e+01   4.9396766e+00
   3.2349992e+00   2.0626641e+01   3.3523431e+00
   3.7312568e+00   2.3253411e+01   3.8004943e+00
   2.4688146e+00   1.5183539e+01   2.8374035e+00
   3.1752713e+00   2.1626893e+01   3.2675096e+00
   2.6720086e+00   2.1169967e+01   2.7668681e+00
   4.1767303e+00   2.1490829e+01   4.2887970e+00
   1.8220418e+00   2.2391699e+01   1.8852674e+00
   3.2022622e+00   2.2614442e+01   3.2759952e+00
   2.2990198e+00   1.5754647e+01   2.6134870e+00
   3.8781700e+00   2.3932376e+01   3.9387995e+00
   3.7730193e+00   2.2563610e+01   3.8547777e+00
   3.6761742e+00   1.9606491e+01   3.8357578e+00
   2.7268660e+00   1.5883853e+01   3.0526708e+00
   2.9696558e+00   1.9128539e+01   3.1288794e+00
   3.0629732e+00   2.1738102e+01   3.1513061e+00
   3.9992355e+00   2.0610471e+01   4.1326239e+00
   2.1248139e+00   2.3060082e+01   2.1813855e+00
   2.9885202e+00   1.9115586e+01   3.1486930e+00
   2.5856673e+00   1.6283821e+01   2.8760831e+00
   3.7417665e+00   2.0973787e+01   3.8592667e+00
   1.7314448e+00   1.5026797e+01   2.0741022e+00
   3.0641451e+00   1.8258269e+01   3.2618819e+00
   1.9691563e+00   2.0134652e+01   2.0778252e+00
   4.1520007e+00   1.9860360e+01   4.3148821e+00
   1.1448681e+00   2.1972474e+01   1.2084006e+00
   3.1972685e+00   2.1628374e+01   3.2897947e+00
   1.5704757e+00   1.5272318e+01   1.8868328e+00
   3.7643036e+00   2.1326959e+01   3.8729804e+00
   1.3343860e+00   2.1209891e+01   1.4120559e+00
   3.8371268e+00   1.8652740e+01   4.0416619e+00
   6.6190122e-01   2.1724072e+01   7.2514386e-01
   2.8707497e+00   1.8242109e+01   3.0633125e+00
   9.3576955e-01   1.4953613e+01   1.2481013e+00
   3.5886568e+00   1.9279144e+01   3.7583845e+00
   1.3627146e+00   2.2565175e+01   1.4197580e+00
   2.8378796e+00   2.1215038e+01   2.9341555e+00
   1.6890117e+00   1.5394248e+01   2.0017483e+00
   3.6303198e+00   2.0924429e+01   3.7470252e+00
   9.5538238e-01   1.5524724e+01   1.2297780e+00
   3.2843207e+00   2.2265861e+01   3.3652769e+00
