  -3.2791294e+00   1.0032996e+01  -2.6607471e+00
  -2.4260031e+00   2.1708350e+01  -2.3800007e+00
  -3.6540979e+00   9.0804418e+00  -2.9102753e+00
  -1.5870776e+00   1.9989924e+01  -1.5134531e+00
  -3.3130651e+00   1.2826641e+01  -2.9853057e+00
  -2.8351411e+00   1.7546928e+01  -2.7194504e+00
  -4.3774533e+00   8.3506597e+00  -3.5467300e+00
  -3.6453813e+00   1.8253885e+01  -3.5528031e+00
  -3.4676510e+00   9.4289432e+00  -2.7697618e+00
  -3.3186680e+00   1.7061040e+01  -3.1940768e+00
  -3.6936817e+00   8.1157751e+00  -2.7742337e+00
  -2.6671010e+00   1.7735439e+01  -2.5547894e+00
  -3.0879246e+00   1.7770437e+01  -2.9801690e+00
  -2.1589461e+00   1.9441156e+01  -2.0796819e+00
  -4.8889143e+00   1.4303551e+01  -4.6779891e+00
  -4.2502270e+00   1.8657376e+01  -4.1691724e+00
  -4.0270302e+00   1.4749755e+01  -3.8259891e+00
  -3.8818957e+00   1.8018478e+01  -3.7857632e+00
  -2.8054844e+00   1.0204356e+01  -2.1869549e+00
  -1.6396415e+00   2.0565702e+01  -1.5754668e+00
  -2.2045036e+00   1.3886093e+01  -1.9223703e+00
  -2.7779462e+00   1.8490580e+01  -2.6843478e+00
  -3.2922132e+00   9.4048932e+00  -2.5807970e+00
  -3.4744844e+00   1.9442809e+01  -3.4031467e+00
  -2.6157291e+00   1.0414043e+01  -2.0161116e+00
  -3.3807906e+00   1.6972770e+01  -3.2542367e+00
  -3.0887509e+00   9.5428875e+00  -2.3875840e+00
  -2.2762261e+00   1.8545159e+01  -2.1798402e+00
  -2.4042710e+00   2.0083442e+01  -2.3373149e+00
  -2.0037231e+00   1.9588478e+01  -1.9260331e+00
  -3.9723095e+00   1.5414771e+01  -3.7989407e+00
  -4.1438027e+00   1.9624253e+01  -4.0784282e+00
  -3.3159515e+00   1.5724958e+01  -3.1467550e+00
  -4.0504391e+00   1.9016304e+01  -3.9748209e+00
  -2.0697345e+00   1.4843341e+01  -1.8403211e+00
  -2.8093788e+00   1.4779481e+01  -2.5909083e+00
  -2.7768360e+00   1.0187205e+01  -2.1543858e+00
  -3.4028329e+00   1.3873080e+01  -3.1462716e+00
  -2.1555072e+00   1.0856643e+01  -1.5901723e+00
  -3.1105854e+00   1.3355148e+01  -2.8153883e+00
  -2.6462466e+00   9.3966165e+00  -1.8936922e+00
  -2.6102873e+00   1.3836724e+01  -2.3348265e+00
  -2.1713287e+00   1.9770703e+01  -2.0979248e+00
  -2.0753763e+00   1.5688337e+01  -1.8864290e+00
  -3.5976827e+00   1.5018668e+01  -3.4029060e+00
  -4.0993898e+00   1.5285209e+01  -3.9223193e+00
  -2.7670321e+00   1.5906368e+01  -2.5976229e+00
  -3.9634050e+00   1.3540343e+01  -3.6974811e+00
  -3.5602190e+00   8.6843934e+00  -2.7417400e+00
  -3.5062849e+00   2.0255839e+01  -3.4472303e+00
  -2.9724330e+00   9.9501549e+00  -2.3265213e+00
  -3.2029219e+00   1.8383363e+01  -3.1101132e+00
  -3.3611854e+00   8.4928759e+00  -2.4934263e+00
  -2.5367681e+00   1.9771003e+01  -2.4656241e+00
  -2.5152066e+00   1.7996073e+01  -2.4080752e+00
  -2.1608843e+00   1.9566931e+01  -2.0838912e+00
  -4.2801443e+00   1.4403712e+01  -4.0661820e+00
  -4.1345761e+00   2.2660722e+01  -4.1020117e+00
  -3.6260494e+00   1.4651629e+01  -3.4146829e+00
  -3.9077300e+00   1.9713722e+01  -3.8426820e+00
  -2.7631319e+00   9.8616988e+00  -2.0924172e+00
  -3.1842615e+00   1.8073653e+01  -3.0844793e+00
  -3.3822424e+00   8.3251629e+00  -2.4829154e+00
  -2.5219914e+00   1.7576120e+01  -2.4040906e+00
  -2.6525118e+00   1.8599963e+01  -2.5603004e+00
  -2.1764022e+00   2.0605433e+01  -2.1158392e+00
  -4.3296212e+00   1.5093709e+01  -4.1473727e+00
  -4.1915591e+00   1.8390402e+01  -4.1050649e+00
  -3.5897984e+00   1.5171622e+01  -3.4016009e+00
  -3.9180343e+00   1.9614043e+01  -3.8515268e+00
  -3.7167308e+00   9.3984820e+00  -3.0272331e+00
  -2.3662659e+00   1.8370835e+01  -2.2667181e+00
  -3.4138762e+00   1.7423277e+01  -3.3000091e+00
  -2.0372731e+00   2.0693964e+01  -1.9771963e+00
  -4.8713413e+00   1.4522119e+01  -4.6704465e+00
  -4.1483536e+00   1.9908836e+01  -4.0871308e+00
  -4.3403845e+00   1.4087112e+01  -4.1113141e+00
  -3.9450361e+00   1.9743853e+01  -3.8805974e+00
  -3.6746927e+00   1.7628674e+01  -3.5680680e+00
  -1.9831418e+00   1.9212897e+01  -1.8982920e+00
  -5.0193384e+00   1.3746302e+01  -4.7817117e+00
  -4.1366027e+00   1.8175357e+01  -4.0454156e+00
  -4.3611243e+00   1.4641352e+01  -4.1594797e+00
  -3.9042875e+00   1.7584920e+01  -3.7982740e+00
  -4.5085478e+00   1.5232960e+01  -4.3339578e+00
  -4.1476272e+00   2.0496539e+01  -4.0941297e+00
  -3.9047945e+00   1.4831308e+01  -3.7058239e+00
  -4.0199048e+00   1.9307165e+01  -3.9490259e+00
  -4.3770112e+00   1.4646892e+01  -4.1758229e+00
  -3.9089676e+00   1.8970328e+01  -3.8318268e+00
