   1.6465291e+00   1.8592456e+01   1.7948084e+00
   1.6446083e+00   2.3092492e+01   1.6970928e+00
   1.3450520e+00   1.5529230e+01   1.6339223e+00
   2.0185471e+00   2.0848351e+01   2.1113592e+00
   2.0047421e+00   2.0644922e+01   2.1018251e+00
   1.6802879e+00   1.9929344e+01   1.7896930e+00
   1.3184666e+00   1.7697424e+01   1.4927872e+00
   3.4004408e+00   2.0147314e+01   3.5350593e+00
   1.8775362e+00   1.8948092e+01   2.0186232e+00
   9.2677249e-01   1.9059766e+01   1.0476411e+00
   1.3520175e+00   1.5036843e+01   1.6761081e+00
   2.6560542e+00   2.0780101e+01   2.7596057e+00
   1.4565335e+00   2.0197129e+01   1.5562696e+00
   6.4454509e-01   1.9178876e+01   7.5799214e-01
   9.1552259e-01   1.5209445e+01   1.2091237e+00
   4.7241191e-01   1.9715413e+01   5.7054616e-01
   1.3135141e+00   1.9407757e+01   1.4308870e+00
   9.5573523e-01   2.0622011e+01   1.0403607e+00
   2.0994473e+00   1.6500652e+01   2.3561583e+00
   1.8109077e+00   2.1533682e+01   1.8878498e+00
   2.8877176e+00   2.1777552e+01   2.9729088e+00
   1.3380081e+00   1.8218364e+01   1.4929751e+00
   2.1577781e+00   1.9161018e+01   2.2976090e+00
   3.0906865e+00   2.0481023e+01   3.2093254e+00
   2.8839939e+00   2.0640264e+01   2.9947311e+00
   7.0088803e-01   1.9594861e+01   8.0469423e-01
   2.1733522e+00   1.6949559e+01   2.4072050e+00
   2.1795359e+00   1.9976327e+01   2.2957185e+00
   2.1172084e+00   2.2277260e+01   2.1849011e+00
   4.9933399e-01   1.9650073e+01   5.9928726e-01
   1.6122912e+00   1.5656357e+01   1.9034012e+00
   3.5949701e-01   2.1199565e+01   4.2826017e-01
   2.3397708e+00   2.0365682e+01   2.4484771e+00
   6.6763905e-01   2.0284656e+01   7.5581808e-01
   2.7125769e+00   2.2406549e+01   2.7843108e+00
   1.4054054e+00   1.4827794e+01   1.7481175e+00
   2.1647172e+00   1.9971807e+01   2.2807711e+00
   3.3166410e+00   1.6587320e+01   3.6203846e+00
   2.5271968e+00   2.0661424e+01   2.6315861e+00
   9.3588419e-01   1.5002229e+01   1.2447275e+00
   1.9304547e+00   1.6276346e+01   2.1942999e+00
   2.4980725e+00   1.5502441e+01   2.8417897e+00
   2.2825135e+00   2.4135627e+01   2.3276769e+00
   4.9539847e-01   1.5462656e+01   7.5776186e-01
   1.6671136e+00   1.6265863e+01   1.9218355e+00
   4.2046054e-01   1.6212704e+01   6.3908340e-01
   2.0479420e+00   2.2186757e+01   2.1163801e+00
   8.6339948e-01   1.5430401e+01   1.1404784e+00
   2.1687451e+00   1.8641282e+01   2.3266872e+00
   3.5318497e+00   2.3238920e+01   3.5991122e+00
   2.4244056e+00   1.8462448e+01   2.5953549e+00
   1.0988685e+00   2.1821541e+01   1.1642552e+00
   1.7948010e+00   1.5319685e+01   2.1178509e+00
   2.8364238e+00   2.2227573e+01   2.9126046e+00
   1.9955757e+00   1.9952566e+01   2.1093401e+00
   7.7153603e-01   2.1325791e+01   8.4181798e-01
   1.4455959e+00   1.5074128e+01   1.7710922e+00
   6.5794926e-01   2.3065555e+01   7.0435595e-01
   2.0627316e+00   1.9594074e+01   2.1875155e+00
   1.0143192e+00   2.2799751e+01   1.0659388e+00
   2.7835146e+00   2.0572686e+01   2.8942756e+00
   9.2549583e-01   1.9376967e+01   1.0378199e+00
   2.0854236e+00   1.5777739e+01   2.3884215e+00
   2.6804259e+00   2.0788348e+01   2.7841618e+00
   2.3104575e+00   2.1385179e+01   2.3959898e+00
   6.7369045e-01   1.9719258e+01   7.7421828e-01
   1.5885326e+00   1.5546754e+01   1.8861378e+00
   5.8641467e-01   2.0486076e+01   6.6974644e-01
   2.3791840e+00   2.0722380e+01   2.4798751e+00
   9.6282151e-01   2.0113532e+01   1.0580590e+00
   1.3556143e+00   1.6089423e+01   1.6097154e+00
   2.5714964e+00   2.0526897e+01   2.6798989e+00
   1.3884971e+00   1.9701780e+01   1.4992838e+00
   7.0946909e-01   1.9020905e+01   8.2808814e-01
   7.2233609e-01   1.4784373e+01   1.0381949e+00
   6.1432748e-01   2.0513766e+01   6.9741694e-01
   1.3567223e+00   1.9798136e+01   1.4646096e+00
   9.7426145e-01   2.0391321e+01   1.0637230e+00
   8.5675384e-01   2.0026438e+01   9.5260691e-01
   7.5331259e-01   1.9137260e+01   8.6943420e-01
   2.5953805e-01   1.4504414e+01   5.7738037e-01
   5.0920083e-01   2.0325947e+01   5.9484351e-01
   7.2120448e-01   1.9240457e+01   8.3413626e-01
   8.7660525e-01   1.9433717e+01   9.8677384e-01
   9.1763030e-01   1.4531914e+01   1.2611511e+00
   4.5483802e-01   2.1299478e+01   5.2281945e-01
   1.7050789e+00   1.9644414e+01   1.8223261e+00
   7.9968026e-01   1.6938365e+01   9.9366227e-01
   8.7157237e-01   2.0135185e+01   9.6522975e-01
   6.4434640e-01   1.9358647e+01   7.5318584e-01
