   2.2291489e+00   2.0639624e+01   2.3295494e+00
   2.3810682e+00   2.2701258e+01   2.4448534e+00
   1.1227799e+00   1.6630065e+01   1.3400749e+00
   2.8972981e+00   2.1141833e+01   2.9961140e+00
   2.2764800e+00   2.1283926e+01   2.3636011e+00
   2.4910451e+00   2.1002362e+01   2.5870086e+00
   1.3947812e+00   1.6872849e+01   1.6079011e+00
   3.3934244e+00   2.0462745e+01   3.5184194e+00
   2.0967464e+00   1.8871560e+01   2.2449372e+00
   1.3718141e+00   1.9226923e+01   1.4951532e+00
   1.2671242e+00   1.6879332e+01   1.4762647e+00
   2.7067249e+00   2.0046098e+01   2.8303728e+00
   1.6539122e+00   2.1554822e+01   1.7288272e+00
   1.2809787e+00   1.9753174e+01   1.3888891e+00
   1.1826621e+00   1.7279463e+01   1.3711816e+00
   1.4338588e+00   2.0590207e+01   1.5246692e+00
   1.1895141e+00   1.8188360e+01   1.3424814e+00
   1.1188043e+00   2.1404944e+01   1.1909690e+00
   1.9979135e+00   1.8488833e+01   2.1575251e+00
   2.7010170e+00   2.2016200e+01   2.7793787e+00
   3.2804549e+00   2.1746999e+01   3.3716684e+00
   2.1528170e+00   1.8752153e+01   2.3064029e+00
   2.5119425e+00   1.8447735e+01   2.6857416e+00
   3.1501418e+00   2.1134505e+01   3.2530934e+00
   3.1216872e+00   2.0118440e+01   3.2513394e+00
   1.2351835e+00   1.9441310e+01   1.3504380e+00
   2.1550034e+00   1.8229720e+01   2.3283775e+00
   2.3642561e+00   1.9640673e+01   2.4932578e+00
   2.2579280e+00   2.2838875e+01   2.3186174e+00
   1.1486152e+00   1.9982583e+01   1.2491817e+00
   1.9307806e+00   1.7653134e+01   2.1225791e+00
   1.2817052e+00   2.1841031e+01   1.3483866e+00
   2.1684412e+00   1.8570097e+01   2.3289987e+00
   9.6037698e-01   2.0850370e+01   1.0407111e+00
   3.0370222e+00   2.2707224e+01   3.1073547e+00
   2.1604775e+00   1.4836655e+01   2.5418682e+00
   2.3955718e+00   1.8239898e+01   2.5747894e+00
   3.2527187e+00   1.6185120e+01   3.5829207e+00
   2.7933828e+00   2.0315446e+01   2.9111092e+00
   1.4021917e+00   1.4883480e+01   1.7403548e+00
   1.9440139e+00   1.8168355e+01   2.1145814e+00
   2.5372669e+00   1.4981070e+01   2.9277865e+00
   2.3761300e+00   2.4559999e+01   2.4176473e+00
   1.1085769e+00   1.5782583e+01   1.3724024e+00
   2.0573957e+00   1.8269158e+01   2.2267745e+00
   1.2559960e+00   1.6213481e+01   1.4995804e+00
   2.0337932e+00   2.0491936e+01   2.1347854e+00
   1.0837834e+00   1.5314448e+01   1.3768118e+00
   2.2736537e+00   1.6532017e+01   2.5351534e+00
   3.5223068e+00   2.3155508e+01   3.5907726e+00
   2.7120308e+00   1.8406354e+01   2.8929165e+00
   1.5970426e+00   2.1791962e+01   1.6674177e+00
   1.7817759e+00   1.6830772e+01   2.0089141e+00
   2.8850355e+00   2.1640278e+01   2.9729354e+00
   2.1318612e+00   2.1495430e+01   2.2131078e+00
   1.3966555e+00   2.1811514e+01   1.4648325e+00
   1.7378473e+00   1.7187496e+01   1.9456837e+00
   1.5762301e+00   2.4327888e+01   1.6153414e+00
   1.9797205e+00   1.8374626e+01   2.1431763e+00
   1.2286972e+00   2.3132004e+01   1.2778705e+00
   3.0295312e+00   1.9881176e+01   3.1645404e+00
   1.3510221e+00   1.9443825e+01   1.4680106e+00
   2.0139323e+00   1.7403119e+01   2.2196098e+00
   2.6649478e+00   1.9956730e+01   2.7903800e+00
   2.4356481e+00   2.2137897e+01   2.5088753e+00
   1.2962167e+00   2.0120978e+01   1.3955511e+00
   1.8465507e+00   1.7498672e+01   2.0429506e+00
   1.4627125e+00   2.0147102e+01   1.5636913e+00
   2.1641239e+00   1.9090778e+01   2.3063755e+00
   1.1470033e+00   2.1036122e+01   1.2258634e+00
   1.3083676e+00   1.7713373e+01   1.4818102e+00
   2.7439173e+00   2.0124609e+01   2.8660298e+00
   1.4777492e+00   2.0907767e+01   1.5626494e+00
   1.3829403e+00   1.9317497e+01   1.5039095e+00
   1.1135484e+00   1.6800318e+01   1.3222043e+00
   1.5570687e+00   2.1190142e+01   1.6374804e+00
   1.3099060e+00   1.8322139e+01   1.4606312e+00
   1.1804518e+00   2.0881329e+01   1.2625378e+00
   9.2750689e-01   2.1045483e+01   1.0039838e+00
   1.3706382e+00   1.9562392e+01   1.4847706e+00
   5.5591554e-01   1.6464103e+01   7.6573369e-01
   1.3511896e+00   2.0601509e+01   1.4407596e+00
   6.9188043e-01   1.8132590e+01   8.3713942e-01
   1.0671082e+00   1.9540973e+01   1.1772718e+00
   1.1401023e+00   1.6472463e+01   1.3659797e+00
   1.3847911e+00   2.1211291e+01   1.4629629e+00
   1.4539426e+00   1.7688794e+01   1.6318613e+00
   1.0573582e+00   1.7759323e+01   1.2233233e+00
   8.3411362e-01   1.8320510e+01   9.7575312e-01
   9.1485358e-01   1.9543378e+01   1.0228010e+00
