   2.2741390e+00   1.8390814e+01   2.4441134e+00
   2.0381862e+00   1.8530726e+01   2.1971785e+00
   2.0252253e+00   1.4475228e+01   2.4318539e+00
   1.9227845e+00   1.7687034e+01   2.1128660e+00
   2.1012749e+00   2.2806170e+01   2.1610558e+00
   1.5588078e+00   1.8683039e+01   1.7022637e+00
   2.0511586e+00   1.7668928e+01   2.2456043e+00
   3.0091941e+00   1.8953573e+01   3.1760335e+00
   2.4771223e+00   1.9267952e+01   2.6201177e+00
   8.7704275e-01   1.6144493e+01   1.1123937e+00
   1.9481275e+00   1.6523280e+01   2.1979268e+00
   6.8793694e-01   1.7660914e+01   8.4980826e-01
   2.1200392e+00   2.0348309e+01   2.2257403e+00
   1.5811947e+00   1.6760074e+01   1.8056529e+00
   1.8329861e+00   1.9575268e+01   1.9542758e+00
   2.6040228e-01   1.5810343e+01   4.9561114e-01
   1.8861160e+00   2.1716008e+01   1.9606726e+00
   1.8665529e+00   1.9202046e+01   1.9993920e+00
   2.8774775e+00   1.5223523e+01   3.2667084e+00
   2.0237193e+00   1.9162701e+01   2.1608121e+00
   3.2211116e+00   2.3630804e+01   3.2795953e+00
   1.3099180e+00   1.7541503e+01   1.4904238e+00
   3.0791112e+00   1.9587038e+01   3.2247622e+00
   2.6279739e+00   1.9780505e+01   2.7578951e+00
   3.4518402e+00   1.9821962e+01   3.5982044e+00
   9.1907844e-01   1.6936432e+01   1.1161680e+00
   2.7708638e+00   1.8982057e+01   2.9305957e+00
   5.6695704e-01   1.7556029e+01   7.3028740e-01
   2.9220535e+00   2.1759168e+01   3.0080601e+00
   1.6598198e+00   1.8793340e+01   1.8016367e+00
   2.5975052e+00   1.9706909e+01   2.7290503e+00
   2.3753715e-01   1.8211322e+01   3.7241500e-01
   3.0507055e+00   2.3257857e+01   3.1127740e+00
   1.5522266e+00   1.8244691e+01   1.7108265e+00
   3.2549780e+00   2.4247217e+01   3.3059774e+00
   1.7376009e+00   1.3934036e+01   2.1798208e+00
   3.0530167e+00   1.9101101e+01   3.2153586e+00
   3.2615040e+00   1.4450405e+01   3.7581597e+00
   3.2012889e+00   1.9972098e+01   3.3371031e+00
   1.5959329e+00   1.3686595e+01   2.0549105e+00
   2.8113359e+00   1.8353762e+01   2.9972580e+00
   8.6192724e-01   1.3508825e+01   1.2940940e+00
   2.9436082e+00   2.3115204e+01   3.0067020e+00
   2.0938060e+00   1.4920436e+01   2.4641253e+00
   2.4717739e+00   2.0210210e+01   2.5866816e+00
   6.6610177e-01   1.3466840e+01   1.0913880e+00
   3.0557295e+00   2.3694395e+01   3.1118930e+00
   2.1302925e+00   1.4536766e+01   2.5374548e+00
   2.7932327e+00   1.6602361e+01   3.0717003e+00
   3.2186744e+00   2.0450104e+01   3.3405961e+00
   3.1791598e+00   1.8940262e+01   3.3510566e+00
   1.3543262e+00   2.0867725e+01   1.4385977e+00
   2.5335046e+00   1.7008909e+01   2.7769316e+00
   9.6601617e-01   1.9469339e+01   1.0765504e+00
   2.7754600e+00   2.0335619e+01   2.8923179e+00
   2.1350435e+00   1.9913600e+01   2.2521637e+00
   2.4125064e+00   1.8538559e+01   2.5801715e+00
   7.0760537e-01   2.0404391e+01   7.9381574e-01
   2.7701432e+00   2.2035111e+01   2.8489855e+00
   2.0491704e+00   2.1721596e+01   2.1253751e+00
   3.4839643e+00   1.9624531e+01   3.6379802e+00
   1.3761467e+00   1.8032768e+01   1.5387387e+00
   2.9384702e+00   1.7895822e+01   3.1493603e+00
   8.7087398e-01   1.7959637e+01   1.0255388e+00
   3.1143117e+00   2.1664573e+01   3.2048808e+00
   1.9573789e+00   1.9052898e+01   2.0966646e+00
   2.7375949e+00   2.0475044e+01   2.8500941e+00
   6.6174422e-01   1.7622925e+01   8.2450033e-01
   3.0897063e+00   2.3270338e+01   3.1519722e+00
   2.0064634e+00   1.9579350e+01   2.1306644e+00
   2.0646898e+00   1.7644623e+01   2.2606173e+00
   1.0947969e+00   1.7834784e+01   1.2587026e+00
   1.8819560e+00   1.9331117e+01   2.0111742e+00
   2.2890958e+00   2.0031478e+01   2.4056576e+00
   1.5944229e+00   1.8842924e+01   1.7333592e+00
   9.0411661e-01   1.9997272e+01   1.0012040e+00
   2.1009454e+00   2.1202868e+01   2.1874814e+00
   2.1252977e+00   2.0049266e+01   2.2386441e+00
   1.4679568e+00   1.9861512e+01   1.5758909e+00
   1.8158315e+00   1.6676333e+01   2.0523863e+00
   1.0570517e+00   1.8577275e+01   1.1944606e+00
   4.6606858e-01   1.5186857e+01   7.4464966e-01
   1.4268691e+00   2.0581493e+01   1.5177762e+00
   1.7475976e+00   1.6466185e+01   1.9935537e+00
   1.8391701e+00   1.8228350e+01   2.0048918e+00
   6.9184359e-01   1.9695799e+01   7.9314719e-01
   2.2652943e+00   2.1798183e+01   2.3425377e+00
   1.7323535e+00   1.9138612e+01   1.8646308e+00
   1.2659641e+00   2.2702138e+01   1.3205268e+00
   1.3698909e+00   2.1052709e+01   1.4508121e+00
