   1.6996125e+00   1.5112200e+01   2.0340140e+00
   2.8223053e+00   1.9140739e+01   2.9774957e+00
   1.4550063e+00   1.4149790e+01   1.8589307e+00
   1.9030412e+00   1.7808502e+01   2.0873326e+00
   1.5838425e+00   1.7187937e+01   1.7872197e+00
   1.8319913e+00   1.8485807e+01   1.9879777e+00
   1.2692430e+00   1.6546647e+01   1.4951687e+00
   2.5621553e+00   1.8649089e+01   2.7292962e+00
   1.9622698e+00   1.9472074e+01   2.0887853e+00
   1.3690756e+00   1.6453236e+01   1.6030925e+00
   1.4979646e+00   1.6888193e+01   1.7133637e+00
   1.8843633e+00   1.7950425e+01   2.0622268e+00
   1.5565181e+00   1.9264229e+01   1.6819170e+00
   1.4063153e+00   1.7040569e+01   1.6116519e+00
   1.2642259e+00   1.9686699e+01   1.3735591e+00
   3.2752009e-01   1.6026943e+01   5.5311388e-01
   1.0670762e+00   2.0178946e+01   1.1621675e+00
   1.2649819e+00   1.8960420e+01   1.3942754e+00
   2.3372390e+00   1.5128602e+01   2.7031606e+00
   1.8761946e+00   1.9138377e+01   2.0111868e+00
   2.6699637e+00   1.8311301e+01   2.8536933e+00
   1.4195701e+00   1.7004662e+01   1.6269947e+00
   2.1487458e+00   1.7976512e+01   2.3324172e+00
   2.1904686e+00   1.9434496e+01   2.3223590e+00
   3.0168722e+00   2.0531752e+01   3.1327835e+00
   1.3873244e+00   1.7421938e+01   1.5748466e+00
   2.2107706e+00   1.9639238e+01   2.3369378e+00
   1.6086917e+00   1.8062155e+01   1.7754228e+00
   2.3138441e+00   2.1113096e+01   2.4049670e+00
   1.4185181e+00   1.8383090e+01   1.5693383e+00
   2.0120624e+00   2.0069395e+01   2.1230597e+00
   2.5106465e-01   1.8114136e+01   3.8922120e-01
   2.2119043e+00   2.1378034e+01   2.2963551e+00
   9.3037713e-01   1.7955143e+01   1.0863984e+00
   2.7248242e+00   1.8899078e+01   2.8865112e+00
   1.8680183e+00   1.3310793e+01   2.3893375e+00
   2.2873666e+00   1.8033189e+01   2.4723752e+00
   2.7126875e+00   1.4089866e+01   3.2072080e+00
   2.7587867e+00   2.0459699e+01   2.8720509e+00
   1.9236128e+00   1.3472784e+01   2.4297234e+00
   2.3937085e+00   1.9168722e+01   2.5382168e+00
   1.9286191e+00   1.3672164e+01   2.4120554e+00
   2.4125194e+00   2.1946353e+01   2.4887955e+00
   1.7807443e+00   1.4521826e+01   2.1688274e+00
   2.0321963e+00   2.1077920e+01   2.1203902e+00
   6.0289822e-01   1.3261614e+01   1.0452288e+00
   2.2159100e+00   2.2169687e+01   2.2862999e+00
   1.3942854e+00   1.3798589e+01   1.8288406e+00
   1.9058431e+00   1.5519194e+01   2.2192560e+00
   2.7339101e+00   1.9266589e+01   2.8826131e+00
   2.5700848e+00   1.8770943e+01   2.7327701e+00
   1.9172010e+00   2.0432630e+01   2.0178983e+00
   2.0196267e+00   1.7698250e+01   2.2118770e+00
   2.1339865e+00   1.9270565e+01   2.2698500e+00
   2.1680602e+00   1.9068343e+01   2.3111336e+00
   1.9956583e+00   1.9537467e+01   2.1208730e+00
   1.6464943e+00   1.8160330e+01   1.8103441e+00
   7.6105561e-01   1.9207078e+01   8.7543527e-01
   1.8736845e+00   1.9863950e+01   1.9878056e+00
   1.4192356e+00   2.0205800e+01   1.5182704e+00
   2.9998842e+00   2.0332672e+01   3.1209380e+00
   1.7676652e+00   1.7890421e+01   1.9450533e+00
   2.4037965e+00   1.8588823e+01   2.5693068e+00
   1.9711220e+00   1.8008371e+01   2.1488106e+00
   2.5958188e+00   2.0193392e+01   2.7133375e+00
   1.7008367e+00   1.8434105e+01   1.8558114e+00
   2.0700957e+00   2.0241285e+01   2.1776649e+00
   6.7821992e-01   1.7493482e+01   8.4625810e-01
   2.3294757e+00   2.1307653e+01   2.4167959e+00
   1.3285237e+00   1.8253135e+01   1.4820546e+00
   1.5786019e+00   1.8778052e+01   1.7193276e+00
   2.1786826e+00   1.8445463e+01   2.3441849e+00
   1.3619329e+00   1.8449294e+01   1.5093286e+00
   2.1197023e+00   1.9651475e+01   2.2438591e+00
   1.1323291e+00   1.8716042e+01   1.2667329e+00
   9.1527350e-01   1.9456409e+01   1.0254134e+00
   1.2847442e+00   1.9774894e+01   1.3921693e+00
   1.5479221e+00   1.9417725e+01   1.6688122e+00
   1.0024711e+00   1.9449030e+01   1.1140508e+00
   1.6453827e+00   1.6489088e+01   1.8865303e+00
   5.2190711e-01   1.8851282e+01   6.4239799e-01
   5.5221281e-01   1.5468001e+01   8.1613281e-01
   6.7601994e-01   1.9240614e+01   7.8830655e-01
   1.1164586e+00   1.6012317e+01   1.3668971e+00
   1.2353626e+00   1.8572277e+01   1.3762150e+00
   6.8331487e-01   1.8849112e+01   8.0631992e-01
   1.4463606e+00   2.0131604e+01   1.5474763e+00
   1.0233992e+00   1.7209502e+01   1.2109883e+00
   4.6904677e-01   1.9924683e+01   5.6252277e-01
   6.6919970e-01   1.9110488e+01   7.8480641e-01
