   2.1789807e+00   1.6416402e+01   2.4438451e+00
   3.0171514e+00   1.9493265e+01   3.1645633e+00
   2.0875574e+00   1.4852847e+01   2.4634024e+00
   3.2910121e+00   1.9604807e+01   3.4410105e+00
   2.2687955e+00   2.0366582e+01   2.3763527e+00
   2.7013090e+00   1.9465140e+01   2.8426280e+00
   2.0415652e+00   1.8270584e+01   2.2105009e+00
   3.0822849e+00   1.9963660e+01   3.2158383e+00
   2.6466016e+00   2.0979824e+01   2.7453418e+00
   1.9280644e+00   1.7736316e+01   2.1161325e+00
   2.1546740e+00   1.9428661e+01   2.2860562e+00
   3.0954934e+00   1.9814687e+01   3.2340203e+00
   2.1014347e+00   1.8427866e+01   2.2657525e+00
   8.3458491e-01   1.7012008e+01   1.0261566e+00
   1.7344560e+00   1.9291217e+01   1.8621897e+00
   2.1704797e+00   1.7871015e+01   2.3592920e+00
   1.7653131e+00   1.8924731e+01   1.9049338e+00
   8.4732202e-01   1.8919294e+01   9.7090078e-01
   3.0433104e+00   1.5727881e+01   3.3985319e+00
   3.1692337e+00   2.1543156e+01   3.2631856e+00
   3.2969087e+00   2.0597529e+01   3.4162118e+00
   2.3184281e+00   1.8682462e+01   2.4783503e+00
   3.2238158e+00   1.9879912e+01   3.3630565e+00
   2.6943830e+00   2.0682070e+01   2.8009235e+00
   3.6295506e+00   2.1554310e+01   3.7304133e+00
   1.8552879e+00   1.8389445e+01   2.0153160e+00
   3.0042424e+00   2.0767039e+01   3.1137992e+00
   2.7103657e+00   1.9149482e+01   2.8626072e+00
   2.7043074e+00   1.9687709e+01   2.8385937e+00
   8.1254473e-01   1.8457439e+01   9.4940230e-01
   2.3749181e+00   1.8681550e+01   2.5362191e+00
   2.1100950e+00   2.0231003e+01   2.2185432e+00
   2.7747859e+00   2.0457972e+01   2.8883722e+00
   5.7746537e-01   1.9221897e+01   6.8885642e-01
   3.1957416e+00   2.1502116e+01   3.2909852e+00
   2.6474494e+00   1.4258519e+01   3.1179085e+00
   3.1049405e+00   1.9955206e+01   3.2392320e+00
   3.1488028e+00   1.5153441e+01   3.5621238e+00
   3.4738918e+00   2.2025600e+01   3.5620945e+00
   2.2285801e+00   1.4631130e+01   2.6328080e+00
   2.8268056e+00   1.9567897e+01   2.9674794e+00
   3.0616558e+00   1.4574329e+01   3.5284712e+00
   2.8371040e+00   2.1281325e+01   2.9319052e+00
   9.6767252e-01   1.4692682e+01   1.3008500e+00
   2.2876777e+00   1.8936573e+01   2.4377858e+00
   2.3903978e+00   1.5455331e+01   2.7322436e+00
   2.6715777e+00   2.0970475e+01   2.7709053e+00
   8.8365394e-01   1.3511221e+01   1.3168325e+00
   3.0203370e+00   1.8585309e+01   3.2023656e+00
   3.3434788e+00   2.2422886e+01   3.4222860e+00
   3.2601939e+00   1.9789077e+01   3.4032191e+00
   2.3927429e+00   2.1495074e+01   2.4771472e+00
   2.7790632e+00   1.9199106e+01   2.9311558e+00
   3.2320144e+00   2.1870167e+01   3.3199920e+00
   2.6701802e+00   1.8385992e+01   2.8507627e+00
   1.2484202e+00   2.0994759e+01   1.3291099e+00
   2.1417186e+00   1.8194179e+01   2.3161860e+00
   2.5489102e+00   2.2257798e+01   2.6213470e+00
   2.7232105e+00   2.0344461e+01   2.8389046e+00
   1.0905433e+00   2.1736773e+01   1.1571476e+00
   3.7376543e+00   2.1269968e+01   3.8472938e+00
   2.2601622e+00   1.9011367e+01   2.4070997e+00
   3.1312715e+00   1.9738839e+01   3.2730484e+00
   3.0828279e+00   1.9610631e+01   3.2277696e+00
   2.9745261e+00   1.9514967e+01   3.1202272e+00
   9.8482699e-01   1.9673882e+01   1.0905259e+00
   2.6159971e+00   1.9288220e+01   2.7613280e+00
   2.3928127e+00   1.8734745e+01   2.5525644e+00
   3.0577680e+00   2.0872760e+01   3.1655736e+00
   8.9927796e-01   1.9014295e+01   1.0209884e+00
   2.0727362e+00   1.8022682e+01   2.2524552e+00
   3.2812794e+00   2.0101590e+01   3.4147647e+00
   1.9015774e+00   1.7493577e+01   2.0997603e+00
   1.3024939e+00   1.8843498e+01   1.4359936e+00
   1.5425625e+00   1.8782582e+01   1.6824447e+00
   2.6131057e+00   2.0999248e+01   2.7109089e+00
   1.8100567e+00   1.9629900e+01   1.9294394e+00
   1.0512276e+00   2.0205181e+01   1.1455500e+00
   1.2758094e+00   1.8504836e+01   1.4196484e+00
   9.8486821e-01   1.7732748e+01   1.1502752e+00
   9.5891501e-01   1.8056464e+01   1.1118969e+00
   2.3287023e+00   1.7713287e+01   2.5291674e+00
   1.1761856e+00   1.8937522e+01   1.3046362e+00
   8.0631964e-01   1.6976250e+01   9.9877706e-01
   1.5716172e+00   1.8557233e+01   1.7195643e+00
   2.3342654e+00   2.1068174e+01   2.4266148e+00
   2.0236136e+00   2.0922741e+01   2.1149117e+00
   8.0027547e-01   1.8882715e+01   9.2415381e-01
   1.2259845e+00   2.0609464e+01   1.3139089e+00
   5.2313156e-01   2.0656066e+01   6.0263808e-01
