   1.7772140e+00   1.9321681e+01   1.9048143e+00
   2.8307276e+00   1.9321388e+01   2.9797530e+00
   1.8359180e+00   2.0089141e+01   1.9436808e+00
   2.1318048e+00   1.9127979e+01   2.2721769e+00
   1.7541032e+00   1.6259573e+01   2.0123596e+00
   3.5681847e+00   2.0102214e+01   3.7079532e+00
   1.7585327e+00   1.8213943e+01   1.9229236e+00
   3.7129418e+00   1.9815524e+01   3.8658930e+00
   2.4319697e+00   2.0412208e+01   2.5409894e+00
   2.7834465e+00   1.7706179e+01   2.9985788e+00
   1.5687242e+00   1.4378668e+01   1.9579305e+00
   1.5979538e+00   1.8923488e+01   1.7343953e+00
   2.0678267e+00   2.3562971e+01   2.1177944e+00
   3.4335012e+00   1.8706492e+01   3.6225306e+00
   1.5794133e+00   2.2111515e+01   1.6446314e+00
   2.0868883e+00   1.8039012e+01   2.2662975e+00
   1.6061623e+00   1.6682737e+01   1.8354727e+00
   3.1650323e+00   2.1702507e+01   3.2555271e+00
   2.7495881e+00   2.1004385e+01   2.8493134e+00
   2.0157466e+00   1.9894969e+01   2.1313678e+00
   2.6693945e+00   1.6606226e+01   2.9423206e+00
   3.0947926e+00   1.9430987e+01   3.2461774e+00
   2.5504241e+00   1.8620943e+01   2.7183603e+00
   3.3669801e+00   2.1391716e+01   3.4673733e+00
   3.5323918e+00   2.1582510e+01   3.6310345e+00
   2.6148900e+00   1.8337263e+01   2.7959922e+00
   2.5953971e+00   1.5520553e+01   2.9428344e+00
   1.5474840e+00   1.8486982e+01   1.6973519e+00
   2.8306170e+00   2.5696207e+01   2.8648094e+00
   3.2336320e+00   1.9889973e+01   3.3727650e+00
   2.1950284e+00   2.2142268e+01   2.2656510e+00
   1.7900707e+00   1.9748501e+01   1.9059023e+00
   2.6583941e+00   1.7424315e+01   2.8836941e+00
   2.7487594e+00   1.9948699e+01   2.8760369e+00
   2.6444872e+00   1.7717268e+01   2.8545321e+00
   3.3997761e+00   1.4772320e+01   3.8708932e+00
   2.6702507e+00   1.9423823e+01   2.8122551e+00
   3.6058706e+00   1.5260594e+01   4.0406372e+00
   3.1195119e+00   2.1833187e+01   3.2066908e+00
   2.9864470e+00   1.4395392e+01   3.4673950e+00
   2.5075115e+00   1.6277462e+01   2.7949005e+00
   1.4956647e+00   1.3958906e+01   1.9203455e+00
   2.7635792e+00   2.6082107e+01   2.7945450e+00
   3.4278659e+00   1.5657269e+01   3.8123634e+00
   2.1719066e+00   2.2470844e+01   2.2371550e+00
   2.0683963e+00   1.4403998e+01   2.4844962e+00
   2.6087766e+00   1.8148500e+01   2.7978017e+00
   3.1031254e+00   1.5525056e+01   3.4792019e+00
   2.5748874e+00   1.7141326e+01   2.8124353e+00
   3.9694101e+00   2.0559440e+01   4.1037149e+00
   3.0459217e+00   2.0590373e+01   3.1607907e+00
   3.0890101e+00   2.2418688e+01   3.1647984e+00
   2.3426951e+00   1.4534671e+01   2.7633536e+00
   1.8825137e+00   2.1213375e+01   1.9661952e+00
   2.7528084e+00   2.3261972e+01   2.8120501e+00
   3.8455968e+00   2.1312199e+01   3.9561147e+00
   2.0374616e+00   2.1925520e+01   2.1100422e+00
   2.3701827e+00   2.1943163e+01   2.4460404e+00
   2.3494154e+00   1.6646676e+01   2.6069454e+00
   3.2790899e+00   2.3782679e+01   3.3360765e+00
   3.4994016e+00   2.1168382e+01   3.6073858e+00
   2.9780185e+00   1.8782829e+01   3.1507498e+00
   2.5340840e+00   1.4959244e+01   2.9264059e+00
   1.6614653e+00   1.8209079e+01   1.8238177e+00
   3.1513374e+00   2.4034181e+01   3.2040435e+00
   3.5649224e+00   1.9561411e+01   3.7232769e+00
   2.2760860e+00   2.2248198e+01   2.3458199e+00
   2.1373825e+00   1.8584063e+01   2.2966992e+00
   2.6762851e+00   1.7438418e+01   2.9014656e+00
   3.1065772e+00   2.0579165e+01   3.2228418e+00
   1.6835068e+00   1.4438060e+01   2.0737174e+00
   1.7629122e+00   1.7917667e+01   1.9390679e+00
   2.1473080e+00   2.3042200e+01   2.2042974e+00
   3.7150538e+00   1.9368992e+01   3.8847614e+00
   1.3735135e+00   2.1435423e+01   1.4476353e+00
   2.3241630e+00   2.1368648e+01   2.4101950e+00
   1.6865905e+00   1.6231578e+01   1.9440509e+00
   3.1437313e+00   2.0753691e+01   3.2560483e+00
   1.3691613e+00   2.3252572e+01   1.4178888e+00
   3.4448291e+00   1.7717266e+01   3.6831725e+00
   6.8810449e-01   2.1058211e+01   7.6207569e-01
   2.0602085e+00   1.7747660e+01   2.2513928e+00
   9.0397822e-01   1.5757040e+01   1.1622767e+00
   2.9941296e+00   1.8925333e+01   3.1616694e+00
   1.5649208e+00   2.1424683e+01   1.6411802e+00
   2.0850559e+00   2.0873382e+01   2.1782173e+00
   1.8123764e+00   1.6373361e+01   2.0660100e+00
   2.9880785e+00   2.0276054e+01   3.1105036e+00
   9.7905321e-01   1.6352216e+01   1.2063908e+00
   2.6483219e+00   2.1938219e+01   2.7274756e+00
