  -1.0880231e+00   1.0807063e+01  -4.5136804e-01
   2.3427904e-01   2.0185639e+01   3.1983528e-01
  -1.3658482e+00   1.1302479e+01  -8.1391598e-01
  -1.7905914e-01   1.9050217e+01  -7.3171732e-02
  -5.2957840e-01   1.4180715e+01  -2.1746924e-01
   5.6954241e-01   1.7223232e+01   7.4595843e-01
  -5.0772450e-01   1.3496770e+01  -1.4155676e-01
   1.4574426e-01   1.8796821e+01   2.6231899e-01
  -1.5720481e-01   1.4490608e+01   1.4609100e-01
   1.2268844e-01   1.7555530e+01   2.7742547e-01
  -6.0638651e-01   1.3668820e+01  -2.5829875e-01
  -2.9153018e-01   1.8625011e+01  -1.7623443e-01
  -1.8329719e+00   1.4940390e+01  -1.6036547e+00
  -1.1942859e+00   1.8288162e+01  -1.0811431e+00
  -1.6572327e+00   1.5091209e+01  -1.4319860e+00
  -1.3838197e+00   1.8286203e+01  -1.2727395e+00
  -2.1884021e+00   1.5204483e+01  -1.9794315e+00
  -1.1438629e+00   1.9292918e+01  -1.0536001e+00
  -5.0555734e-01   1.2222707e+01  -1.4609726e-02
  -2.9578650e-01   2.0004709e+01  -2.1190300e-01
   4.1299760e-01   1.5085924e+01   6.9625977e-01
   5.9472031e-01   1.8058726e+01   7.4068050e-01
   4.8856846e-01   1.4925411e+01   7.8531783e-01
  -3.6640916e-03   2.0856912e+01   6.7612708e-02
   8.5597448e-01   1.5720405e+01   1.1148409e+00
   1.3137072e-01   1.8024394e+01   2.7040931e-01
  -2.2769507e-01   1.5000275e+01   3.9813658e-02
  -2.4213532e-01   1.8108931e+01  -1.1156816e-01
  -1.2014957e+00   1.6387008e+01  -1.0264969e+00
  -1.1306148e+00   1.8464891e+01  -1.0212751e+00
  -1.0825680e+00   1.5055607e+01  -8.4207218e-01
  -1.3567587e+00   1.9749382e+01  -1.2771958e+00
  -1.3013561e+00   1.6097038e+01  -1.1161797e+00
  -1.2311801e+00   2.0107930e+01  -1.1569981e+00
   4.8148673e-01   1.5904641e+01   7.1799862e-01
   6.2521581e-01   1.4732568e+01   9.4090946e-01
   6.1880645e-01   1.5527221e+01   8.8134817e-01
   1.0401434e-01   1.5110748e+01   3.7520504e-01
   6.7102320e-01   1.6054631e+01   9.0501627e-01
   3.2236310e-01   1.4506829e+01   6.4250187e-01
  -5.3404984e-02   1.4513369e+01   2.5201710e-01
  -2.8660492e-01   1.4717339e+01  -3.0265675e-03
  -8.2455894e-01   1.7431765e+01  -6.8143070e-01
  -1.2398719e+00   1.4242159e+01  -9.5467511e-01
  -1.0047366e+00   1.5418544e+01  -7.8167147e-01
  -1.3950298e+00   1.4631592e+01  -1.1382512e+00
  -1.2322398e+00   1.6247217e+01  -1.0520925e+00
  -1.1538403e+00   1.5451510e+01  -9.3584773e-01
   4.6820844e-01   1.3781609e+01   8.5370065e-01
   3.0786658e-01   2.1190792e+01   3.7634148e-01
   3.2668206e-01   1.4625330e+01   6.3835135e-01
   2.8832151e-01   2.0619470e+01   3.6624413e-01
  -4.7491304e-01   1.3754012e+01  -1.2849551e-01
  -3.7774760e-02   2.0425374e+01   4.0638046e-02
  -1.2009442e+00   1.5183714e+01  -9.7024371e-01
  -1.0171957e+00   2.0772806e+01  -9.5214166e-01
  -1.2361014e+00   1.4569780e+01  -9.7144977e-01
  -1.2269458e+00   2.1258340e+01  -1.1699874e+00
  -1.6717658e+00   1.5590864e+01  -1.4711796e+00
  -1.0316384e+00   2.2717201e+01  -9.9011182e-01
   5.5482388e-01   1.4969166e+01   8.5105865e-01
   2.1870063e-01   1.8636512e+01   3.4071694e-01
  -2.6384192e-01   1.4520085e+01   3.3688969e-02
  -2.0137160e-01   1.8586398e+01  -8.3851294e-02
  -1.2421927e+00   1.5875027e+01  -1.0461694e+00
  -1.2427451e+00   1.9809192e+01  -1.1633789e+00
  -1.0656427e+00   1.5292113e+01  -8.3745801e-01
  -1.2898413e+00   1.9910050e+01  -1.2126568e+00
  -1.6002940e+00   1.6079378e+01  -1.4197403e+00
  -1.2039242e+00   1.9443282e+01  -1.1172548e+00
  -7.9803060e-01   1.3643343e+01  -4.5521399e-01
  -2.0297970e-01   1.7994164e+01  -6.8317743e-02
  -1.8387724e+00   1.4790050e+01  -1.6015489e+00
  -1.1261310e+00   1.8311417e+01  -1.0128129e+00
  -2.0272180e+00   1.4495104e+01  -1.7778059e+00
  -1.2950216e+00   1.9114693e+01  -1.2023954e+00
  -2.3615587e+00   1.4902443e+01  -2.1410085e+00
  -1.1502824e+00   1.9933352e+01  -1.0724320e+00
  -2.2478597e+00   1.5018138e+01  -2.0309258e+00
  -1.1280635e+00   1.8758786e+01  -1.0258415e+00
  -2.1827407e+00   1.3972538e+01  -1.9055883e+00
  -1.3680578e+00   1.7736649e+01  -1.2418300e+00
  -2.8271474e+00   1.5059833e+01  -2.6225334e+00
  -1.1787771e+00   2.0150956e+01  -1.1049392e+00
  -1.4116099e+00   1.4457699e+01  -1.1448275e+00
  -1.2824940e+00   2.0083759e+01  -1.2082781e+00
  -1.8560854e+00   1.5650833e+01  -1.6616436e+00
  -1.2388244e+00   1.8344056e+01  -1.1276242e+00
  -2.6133367e+00   1.5118254e+01  -2.4078614e+00
  -1.1559626e+00   2.0078867e+01  -1.0807177e+00
