   2.0021399e+00   1.6163101e+01   2.2758428e+00
   3.6598942e+00   2.0686512e+01   3.7838053e+00
   1.1887337e+00   1.6270582e+01   1.4269508e+00
   3.7044561e+00   2.0314620e+01   3.8405049e+00
   2.5170535e+00   1.9926203e+01   2.6405912e+00
   3.9175280e+00   1.9880899e+01   4.0733683e+00
   1.9436252e+00   1.9150743e+01   2.0795295e+00
   4.4977545e+00   2.0733711e+01   4.6388490e+00
   2.3122569e+00   1.8081298e+01   2.4958910e+00
   3.4655095e+00   1.8679522e+01   3.6567162e+00
   1.8807267e+00   1.6220307e+01   2.1461116e+00
   3.8540449e+00   2.0446384e+01   3.9892960e+00
   1.5756322e+00   1.7698458e+01   1.7561565e+00
   2.7270567e+00   1.8647830e+01   2.8984922e+00
   1.8772027e+00   1.7729846e+01   2.0641876e+00
   2.8125534e+00   1.9484324e+01   2.9556611e+00
   1.2731221e+00   1.7917355e+01   1.4377987e+00
   2.5132404e+00   2.1081340e+01   2.6077814e+00
   2.0327653e+00   1.7369996e+01   2.2405930e+00
   3.6928101e+00   2.1371632e+01   3.7991173e+00
   3.5505636e+00   2.1218613e+01   3.6581853e+00
   3.6368044e+00   1.9636898e+01   3.7942471e+00
   2.8499058e+00   1.9808327e+01   2.9834393e+00
   4.3336381e+00   2.1848482e+01   4.4395772e+00
   3.3600747e+00   1.8719845e+01   3.5462982e+00
   3.4302713e+00   1.9079959e+01   3.6035130e+00
   2.4379171e+00   1.8189510e+01   2.6203897e+00
   3.8969347e+00   2.0408878e+01   4.0343413e+00
   2.2106181e+00   1.8731098e+01   2.3662621e+00
   2.7238391e+00   2.0321228e+01   2.8401675e+00
   2.5325136e+00   1.7279517e+01   2.7610843e+00
   2.7473005e+00   2.0936861e+01   2.8485589e+00
   2.1782321e+00   1.8803253e+01   2.3305769e+00
   2.2418344e+00   1.9931944e+01   2.3602855e+00
   3.2280428e+00   2.1395287e+01   3.3261662e+00
   3.6963414e+00   1.4772124e+01   4.1916840e+00
   2.8614028e+00   2.0786287e+01   2.9680925e+00
   4.4359280e+00   1.5943504e+01   4.8633694e+00
   2.9127340e+00   1.8856618e+01   3.0808180e+00
   3.5786285e+00   1.5119464e+01   4.0260112e+00
   2.5663148e+00   1.7821475e+01   2.7689181e+00
   3.7050196e+00   1.5829938e+01   4.0917725e+00
   2.1964604e+00   1.9755914e+01   2.3190151e+00
   2.7997669e+00   1.6005388e+01   3.1201005e+00
   2.3122749e+00   1.7831721e+01   2.5068384e+00
   2.8674730e+00   1.5619783e+01   3.2217173e+00
   2.1495388e+00   1.8941221e+01   2.2964836e+00
   2.4613731e+00   1.5081445e+01   2.8384149e+00
   2.9087688e+00   1.8287392e+01   3.1004492e+00
   4.7233196e+00   2.1474283e+01   4.8468890e+00
   2.8190670e+00   1.8289112e+01   3.0080229e+00
   3.8756394e+00   2.3052222e+01   3.9499083e+00
   2.3256195e+00   1.6958659e+01   2.5643085e+00
   4.1786519e+00   2.2407367e+01   4.2693250e+00
   2.1722152e+00   1.7843485e+01   2.3622834e+00
   3.1012893e+00   2.1240144e+01   3.2009908e+00
   2.3186428e+00   1.6886966e+01   2.5610831e+00
   3.0761608e+00   2.3440252e+01   3.1359061e+00
   2.0035119e+00   1.8176005e+01   2.1752395e+00
   2.6910034e+00   2.3577565e+01   2.7455728e+00
   3.2606587e+00   1.8243648e+01   3.4653627e+00
   3.7103796e+00   1.9399786e+01   3.8787487e+00
   2.6574972e+00   1.7504131e+01   2.8786311e+00
   3.9331508e+00   2.0125850e+01   4.0807657e+00
   2.4508815e+00   1.8216159e+01   2.6325837e+00
   2.8114947e+00   1.9704622e+01   2.9474663e+00
   2.5509640e+00   1.7693335e+01   2.7591928e+00
   2.8677547e+00   1.9946291e+01   2.9974486e+00
   2.1769457e+00   1.8550462e+01   2.3384347e+00
   2.4796411e+00   1.9996412e+01   2.6005120e+00
   1.6011849e+00   1.6557455e+01   1.8370788e+00
   4.0179774e+00   1.9224859e+01   4.2025472e+00
   1.3210949e+00   1.7102738e+01   1.5211654e+00
   3.0447568e+00   1.9686534e+01   3.1863259e+00
   1.5964175e+00   1.6927823e+01   1.8127883e+00
   2.9966613e+00   2.1575405e+01   3.0874384e+00
   1.1888025e+00   1.7862527e+01   1.3537056e+00
   2.5277823e+00   2.0290418e+01   2.6415268e+00
   8.2565712e-01   1.7109943e+01   1.0127316e+00
   2.7363639e+00   1.8703111e+01   2.9058591e+00
   1.0276706e+00   1.6614653e+01   1.2430083e+00
   2.8924111e+00   1.9369264e+01   3.0412036e+00
   4.8951605e-01   1.6815888e+01   6.8138333e-01
   2.4959648e+00   1.9272763e+01   2.6392045e+00
   1.6538772e+00   1.6729053e+01   1.8822642e+00
   2.8713778e+00   2.1224675e+01   2.9679343e+00
   1.4657549e+00   1.8157261e+01   1.6256791e+00
   2.4670500e+00   1.9561068e+01   2.6004706e+00
   5.9388605e-01   1.7985100e+01   7.4232968e-01
   2.3812759e+00   2.1200847e+01   2.4714608e+00
