   2.2511884e+00   1.7626310e+01   2.4533983e+00
   3.5040828e+00   1.9791118e+01   3.6527472e+00
   2.0118600e+00   1.4678412e+01   2.3989212e+00
   4.2955753e+00   2.0252034e+01   4.4479751e+00
   1.9189401e+00   1.6443751e+01   2.1723174e+00
   2.8499726e+00   1.9904308e+01   2.9805743e+00
   1.9630337e+00   1.7239961e+01   2.1750667e+00
   3.5139874e+00   2.0296064e+01   3.6464481e+00
   2.6537438e+00   2.1010066e+01   2.7519021e+00
   2.7184151e+00   1.8110956e+01   2.9123121e+00
   2.2234962e+00   1.6769802e+01   2.4691180e+00
   3.4628535e+00   2.0098347e+01   3.6003817e+00
   2.1552670e+00   1.8108925e+01   2.3335636e+00
   1.5415440e+00   1.7571117e+01   1.7265865e+00
   1.7756719e+00   2.0679283e+01   1.8689195e+00
   2.6123616e+00   1.8431853e+01   2.7894697e+00
   1.8386084e+00   1.7700485e+01   2.0258357e+00
   1.7365179e+00   1.9908172e+01   1.8473232e+00
   2.9733605e+00   1.5562153e+01   3.3384998e+00
   4.1259571e+00   2.2017978e+01   4.2243041e+00
   2.9322037e+00   1.7312124e+01   3.1734830e+00
   2.5243010e+00   1.9065486e+01   2.6752187e+00
   3.1550129e+00   1.9112154e+01   3.3195625e+00
   3.1895000e+00   2.1094970e+01   3.2940422e+00
   3.6220229e+00   2.1595242e+01   3.7218130e+00
   2.7120457e+00   1.8993626e+01   2.8699222e+00
   3.2066614e+00   1.7540106e+01   3.4456591e+00
   3.2211972e+00   1.9800373e+01   3.3629681e+00
   2.7915123e+00   1.9243901e+01   2.9423234e+00
   1.5279044e+00   1.9086905e+01   1.6580315e+00
   2.4076440e+00   2.0294017e+01   2.5192788e+00
   2.5564430e+00   2.0716174e+01   2.6599723e+00
   2.7984023e+00   1.8902020e+01   2.9618132e+00
   1.4334412e+00   1.9994336e+01   1.5376278e+00
   2.7907410e+00   1.7396832e+01   3.0221558e+00
   2.7487451e+00   1.4324045e+01   3.2195154e+00
   3.0324072e+00   1.8885467e+01   3.2025189e+00
   3.4620213e+00   1.5278378e+01   3.8846561e+00
   3.4529302e+00   2.2577127e+01   3.5303172e+00
   2.9810158e+00   1.4832800e+01   3.4146606e+00
   2.8883505e+00   1.7144114e+01   3.1375223e+00
   3.4330181e+00   1.4698176e+01   3.9151043e+00
   2.9043921e+00   2.0875890e+01   3.0095879e+00
   1.6136358e+00   1.5062807e+01   1.9477828e+00
   2.2847408e+00   2.0333668e+01   2.3933724e+00
   2.7875590e+00   1.5249931e+01   3.1689266e+00
   2.6824492e+00   1.9582728e+01   2.8195806e+00
   1.7584846e+00   1.3942377e+01   2.2011869e+00
   2.8867975e+00   1.7224022e+01   3.1313236e+00
   3.8061373e+00   2.2454634e+01   3.8904380e+00
   3.3074384e+00   2.0408861e+01   3.4322758e+00
   3.1454853e+00   2.2124572e+01   3.2273201e+00
   2.9094228e+00   1.6447424e+01   3.2034246e+00
   3.6544861e+00   2.1902410e+01   3.7479241e+00
   2.7174001e+00   1.7990172e+01   2.9167743e+00
   1.9224277e+00   2.0870637e+01   2.0135091e+00
   2.1364552e+00   1.9530740e+01   2.2644351e+00
   2.9903493e+00   2.1881664e+01   3.0748424e+00
   2.6922510e+00   1.8622755e+01   2.8637700e+00
   1.9580633e+00   2.2341599e+01   2.0232608e+00
   3.6531071e+00   2.1673030e+01   3.7516141e+00
   3.0955832e+00   1.9327387e+01   3.2506651e+00
   3.1191840e+00   1.6738714e+01   3.4031983e+00
   3.5245184e+00   1.9548170e+01   3.6823198e+00
   3.1096129e+00   1.9100119e+01   3.2734436e+00
   1.6906734e+00   1.9927828e+01   1.8002748e+00
   2.5316499e+00   2.0634860e+01   2.6367520e+00
   2.8322984e+00   1.8920679e+01   2.9958564e+00
   3.0328339e+00   1.9069797e+01   3.1958412e+00
   1.7498444e+00   1.9539766e+01   1.8707124e+00
   2.1677100e+00   1.5833990e+01   2.4704342e+00
   3.7062143e+00   1.9793921e+01   3.8597638e+00
   1.9657710e+00   1.7079762e+01   2.1859065e+00
   2.0066049e+00   1.9191749e+01   2.1424460e+00
   1.5094886e+00   1.9899641e+01   1.6170848e+00
   3.0344510e+00   2.1006260e+01   3.1386005e+00
   1.8547510e+00   1.8014403e+01   2.0292642e+00
   1.9294689e+00   2.0720006e+01   2.0238669e+00
   1.3524083e+00   1.8060799e+01   1.5134318e+00
   1.6289085e+00   1.7916775e+01   1.8018231e+00
   1.0098410e+00   1.9633419e+01   1.1168780e+00
   2.7434269e+00   1.8009599e+01   2.9427002e+00
   1.2048000e+00   1.7382871e+01   1.3894151e+00
   1.6533624e+00   1.7595658e+01   1.8402404e+00
   1.6445912e+00   1.9672796e+01   1.7600980e+00
   2.7092412e+00   2.0912350e+01   2.8104877e+00
   2.0737367e+00   1.8713754e+01   2.2269241e+00
   1.7030013e+00   1.9545276e+01   1.8229287e+00
   1.2649035e+00   1.8696187e+01   1.4023262e+00
   1.4048504e+00   2.1494023e+01   1.4782864e+00
