   2.2875614e+00   1.8226648e+01   2.4644701e+00
   3.0666062e+00   1.8296156e+01   3.2626877e+00
   2.2806905e+00   1.4962892e+01   2.6577804e+00
   3.1934755e+00   1.8435032e+01   3.3871919e+00
   2.1734058e+00   1.8972796e+01   2.3197895e+00
   2.6400357e+00   1.9705647e+01   2.7724676e+00
   2.1014404e+00   1.7537362e+01   2.3033727e+00
   3.0267487e+00   1.9449861e+01   3.1758736e+00
   2.5419581e+00   1.9830871e+01   2.6687215e+00
   1.6917750e+00   1.6182206e+01   1.9523889e+00
   2.2578849e+00   1.7649433e+01   2.4592135e+00
   1.8259145e+00   1.8098495e+01   1.9963673e+00
   2.2733851e+00   1.9582050e+01   2.4024080e+00
   2.4787101e+00   1.6601216e+01   2.7440989e+00
   1.9642030e+00   1.9279589e+01   2.0965087e+00
   1.8714903e+00   1.6807208e+01   2.1028147e+00
   1.9557651e+00   2.0480688e+01   2.0558982e+00
   2.6444427e+00   1.9472167e+01   2.7843185e+00
   3.1698189e+00   1.5645975e+01   3.5393722e+00
   3.3276356e+00   1.9770666e+01   3.4728250e+00
   3.3137059e+00   2.0120169e+01   3.4473065e+00
   2.2248568e+00   1.7695652e+01   2.4230727e+00
   3.1053609e+00   1.8872071e+01   3.2779710e+00
   2.6873053e+00   1.9261349e+01   2.8351342e+00
   3.5994228e+00   2.0969346e+01   3.7143421e+00
   1.7712906e+00   1.7428491e+01   1.9687849e+00
   3.1098451e+00   2.0373793e+01   3.2318300e+00
   1.6637146e+00   1.7664824e+01   1.8478937e+00
   3.1125983e+00   2.0835143e+01   3.2222820e+00
   2.5566613e+00   1.8809374e+01   2.7175789e+00
   2.7809372e+00   1.9731929e+01   2.9154207e+00
   1.8793402e+00   1.8639976e+01   2.0308799e+00
   3.0032277e+00   2.1930047e+01   3.0869484e+00
   2.2076129e+00   1.8467039e+01   2.3729897e+00
   3.2894602e+00   2.0169611e+01   3.4210306e+00
   2.8288413e+00   1.3967312e+01   3.3473416e+00
   3.1816340e+00   1.8693081e+01   3.3637466e+00
   3.3744267e+00   1.4598678e+01   3.8631322e+00
   3.3859810e+00   2.1377235e+01   3.4870169e+00
   2.3603475e+00   1.3638775e+01   2.8805246e+00
   3.1649593e+00   2.0003728e+01   3.2990109e+00
   1.9196981e+00   1.3682981e+01   2.4012773e+00
   3.1427482e+00   2.2447202e+01   3.2186734e+00
   3.0883332e+00   1.5125452e+01   3.5003096e+00
   2.7676510e+00   2.0180679e+01   2.8886275e+00
   2.3081961e+00   1.4916892e+01   2.6909424e+00
   3.0013809e+00   2.2475912e+01   3.0751636e+00
   2.8658104e+00   1.4474561e+01   3.3288151e+00
   2.9906366e+00   1.7087087e+01   3.2472280e+00
   3.2102151e+00   1.9626703e+01   3.3575492e+00
   3.1843548e+00   2.0026182e+01   3.3181202e+00
   2.2493782e+00   1.9569201e+01   2.3783302e+00
   3.0118197e+00   1.8479707e+01   3.1981132e+00
   2.0648119e+00   1.9536520e+01   2.1913042e+00
   2.9577588e+00   1.9499579e+01   3.1035991e+00
   3.0663694e+00   1.9832068e+01   3.2037113e+00
   2.4532868e+00   1.8694995e+01   2.6159763e+00
   2.3809945e+00   2.0484229e+01   2.4874089e+00
   2.8091067e+00   2.1099465e+01   2.9075542e+00
   2.7574081e+00   2.0871626e+01   2.8603629e+00
   3.7797127e+00   2.0857135e+01   3.9011854e+00
   2.2249610e+00   1.8282311e+01   2.3980014e+00
   3.3190858e+00   1.9271999e+01   3.4818431e+00
   1.9866355e+00   1.8524841e+01   2.1446672e+00
   3.3296999e+00   2.1227779e+01   3.4333551e+00
   2.9623361e+00   1.9655372e+01   3.1031093e+00
   2.9157915e+00   2.0309213e+01   3.0359276e+00
   2.2619120e+00   1.8476561e+01   2.4282463e+00
   3.1450246e+00   2.2680859e+01   3.2169868e+00
   2.6665975e+00   1.9849817e+01   2.7952022e+00
   2.5089415e+00   1.8861600e+01   2.6667873e+00
   2.1610602e+00   1.7394162e+01   2.3716320e+00
   2.1670901e+00   1.8570828e+01   2.3275888e+00
   3.3170366e+00   1.9966475e+01   3.4555522e+00
   1.9737783e+00   1.9153657e+01   2.1101775e+00
   2.6156665e+00   2.1677342e+01   2.6993229e+00
   2.0915739e+00   2.0325362e+01   2.1974013e+00
   2.9451726e+00   2.0552971e+01   3.0592400e+00
   1.6353670e+00   1.9112009e+01   1.7666739e+00
   2.7466872e+00   1.6699787e+01   3.0169506e+00
   1.3035903e+00   1.8618375e+01   1.4442317e+00
   2.1058810e+00   1.6489543e+01   2.3634977e+00
   1.5881464e+00   2.0289946e+01   1.6875411e+00
   2.4395880e+00   1.6876988e+01   2.6870419e+00
   1.7636231e+00   1.8711267e+01   1.9102682e+00
   2.1671711e+00   1.9910045e+01   2.2849349e+00
   2.2437303e+00   2.1235768e+01   2.3314055e+00
   2.4981975e+00   1.8983151e+01   2.6514170e+00
   1.3418229e+00   2.2008298e+01   1.4064985e+00
   2.0408809e+00   2.1201394e+01   2.1267035e+00
