  -1.1076994e+01   5.9923117e+00  -1.0016092e+01
  -7.8715688e+00   2.1703912e+01  -7.8375404e+00
  -9.9680940e+00   4.3541802e+00  -8.4470622e+00
  -7.5502707e+00   2.1284319e+01  -7.5123958e+00
  -8.4114858e+00   8.7894316e+00  -7.7889243e+00
  -6.9154813e+00   1.7866070e+01  -6.8306023e+00
  -1.0854493e+01   4.6161482e+00  -9.4408039e+00
  -6.7304570e+00   2.1947352e+01  -6.6969164e+00
  -1.0032867e+01   6.1754712e+00  -8.9890576e+00
  -1.1070259e+01   1.3984266e+01  -1.0886529e+01
  -1.1896586e+01  -2.2410776e+00  -7.1251710e+00
  -5.3119253e+00   1.8111400e+01  -5.2255605e+00
  -1.1378896e+01   1.3704753e+01  -1.1184179e+01
  -1.0432626e+01   1.8878522e+01  -1.0371669e+01
  -1.1994395e+01   6.0472291e+00  -1.0961893e+01
  -1.0175931e+01   1.7177613e+01  -1.0085541e+01
  -1.1384986e+01   7.1548525e+00  -1.0559052e+01
  -1.2314705e+01   1.4820797e+01  -1.2165485e+01
  -9.2364276e+00   5.5008136e+00  -8.0098653e+00
  -7.5658372e+00   2.0536805e+01  -7.5208983e+00
  -7.6278622e+00   9.1940558e+00  -7.0429339e+00
  -6.9788082e+00   1.8399593e+01  -6.9038712e+00
  -1.0156292e+01   5.5592379e+00  -8.9728502e+00
  -6.7444988e+00   2.0244998e+01  -6.6949493e+00
  -9.2998847e+00   7.0774091e+00  -8.4213857e+00
  -1.1131968e+01   1.5370995e+01  -1.0997946e+01
  -1.1196811e+01  -1.2549333e+00  -7.0497921e+00
  -5.5803335e+00   1.9679056e+01  -5.5208663e+00
  -1.0901759e+01   1.3746161e+01  -1.0707300e+01
  -1.0440758e+01   1.6884338e+01  -1.0344618e+01
  -1.1779895e+01   6.4988128e+00  -1.0837280e+01
  -1.0274532e+01   1.7071354e+01  -1.0182108e+01
  -1.0363997e+01   8.7382772e+00  -9.7652343e+00
  -1.2111365e+01   1.6739278e+01  -1.2014649e+01
  -6.9699312e+00   1.0657418e+01  -6.5361700e+00
  -6.8948891e+00   1.4617679e+01  -6.7166808e+00
  -9.1311435e+00   6.7840570e+00  -8.1916835e+00
  -6.7054056e+00   1.7058516e+01  -6.6024489e+00
  -8.6366383e+00   7.5655373e+00  -7.8302550e+00
  -1.1006695e+01   1.0503882e+01  -1.0605455e+01
  -1.0087895e+01   1.9679658e-01  -6.7478147e+00
  -5.5081329e+00   1.6368893e+01  -5.3807841e+00
  -1.0520496e+01   1.3733360e+01  -1.0324098e+01
  -1.0473309e+01   1.3656470e+01  -1.0273288e+01
  -1.0425396e+01   8.5265243e+00  -9.7992102e+00
  -1.0220311e+01   1.4400284e+01  -1.0050420e+01
  -9.0613057e+00   9.8933776e+00  -8.5819746e+00
  -1.2029819e+01   9.1761892e+00  -1.1501175e+01
  -1.0469091e+01   5.1218218e+00  -9.1831875e+00
  -6.8422229e+00   2.4072678e+01  -6.8217340e+00
  -9.5688779e+00   6.7046541e+00  -8.6245813e+00
  -1.0968227e+01   1.4706897e+01  -1.0811960e+01
  -1.1458455e+01  -1.7756104e+00  -6.9759426e+00
  -5.2746841e+00   2.1824174e+01  -5.2377645e+00
  -1.0847829e+01   1.4022437e+01  -1.0664969e+01
  -1.0394682e+01   1.7524821e+01  -1.0311546e+01
  -1.2153201e+01   6.4864556e+00  -1.1213546e+01
  -1.0217964e+01   2.2164879e+01  -1.0189153e+01
  -1.0543498e+01   8.2495009e+00  -9.8801509e+00
  -1.2208058e+01   1.6364783e+01  -1.2102861e+01
  -9.6671357e+00   6.6052256e+00  -8.7051472e+00
  -1.1365581e+01   1.2786342e+01  -1.1126030e+01
  -1.1155548e+01  -1.3955296e+00  -6.9065922e+00
  -5.3337596e+00   1.9366871e+01  -5.2690639e+00
  -1.0806511e+01   1.4806778e+01  -1.0653308e+01
  -1.0475771e+01   1.9239766e+01  -1.0419699e+01
  -1.2049318e+01   6.5847065e+00  -1.1127437e+01
  -1.0232434e+01   1.7167029e+01  -1.0141930e+01
  -1.0872538e+01   7.8078941e+00  -1.0147577e+01
  -1.2326396e+01   1.8171984e+01  -1.2256862e+01
  -1.1551637e+01  -1.2622993e+00  -7.4379012e+00
  -5.7769821e+00   1.8581367e+01  -5.7012390e+00
  -1.1821886e+01   1.3112499e+01  -1.1600840e+01
  -1.0369198e+01   1.5100150e+01  -1.0224680e+01
  -1.1604414e+01   7.0083269e+00  -1.0755511e+01
  -1.0198421e+01   1.8938815e+01  -1.0138021e+01
  -1.1236236e+01   7.2909532e+00  -1.0431809e+01
  -1.2119338e+01   1.7624583e+01  -1.2040324e+01
  -1.1935796e+01   1.2181053e+01  -1.1663747e+01
  -1.0310642e+01   1.6152188e+01  -1.0196748e+01
  -1.2320755e+01   5.9389149e+00  -1.1269870e+01
  -1.0076538e+01   1.5697954e+01  -9.9496326e+00
  -1.1476220e+01   6.9867873e+00  -1.0621606e+01
  -1.2143766e+01   1.2797346e+01  -1.1907549e+01
  -1.2386282e+01   6.6021359e+00  -1.1472257e+01
  -1.0143039e+01   1.8429400e+01  -1.0075094e+01
  -1.1016891e+01   8.4453585e+00  -1.0386834e+01
  -1.2082606e+01   1.6415929e+01  -1.1978452e+01
  -1.1126399e+01   8.7204012e+00  -1.0534033e+01
  -1.2083265e+01   1.6172902e+01  -1.1973184e+01
