  -2.5133146e+00   1.0835634e+01  -1.9633975e+00
  -2.3296580e+00   1.9670021e+01  -2.2555601e+00
  -2.2919393e+00   1.0783153e+01  -1.7242711e+00
  -6.7033423e-01   1.9240508e+01  -5.7435291e-01
  -1.9921309e+00   1.7175935e+01  -1.8567850e+00
  -1.2467162e+00   1.7625611e+01  -1.1156551e+00
  -3.1483297e+00   9.3853396e+00  -2.4254287e+00
  -2.7308146e+00   1.7903231e+01  -2.6233037e+00
  -1.6413890e+00   1.2082121e+01  -1.1922121e+00
  -1.7735971e+00   1.6898210e+01  -1.6264126e+00
  -1.7577552e+00   9.2836034e+00  -9.1769805e-01
  -1.5579092e+00   1.8388177e+01  -1.4512192e+00
  -2.3556712e+00   1.5908062e+01  -2.1803892e+00
  -1.5710294e+00   1.8222079e+01  -1.4603282e+00
  -3.5358423e+00   1.5672811e+01  -3.3673561e+00
  -3.2541033e+00   1.7591295e+01  -3.1432357e+00
  -3.0679716e+00   1.5092627e+01  -2.8687286e+00
  -2.2961073e+00   1.8772908e+01  -2.2047899e+00
  -1.5302018e+00   1.1566172e+01  -1.0192034e+00
  -8.6047118e-01   2.0206142e+01  -7.8514552e-01
  -8.9227377e-01   1.8970689e+01  -7.9252044e-01
  -1.2640323e+00   1.8259789e+01  -1.1509426e+00
  -1.9705266e+00   1.0637960e+01  -1.3658974e+00
  -2.7600826e+00   1.9426023e+01  -2.6844652e+00
  -7.6064625e-01   1.2941149e+01  -3.5618655e-01
  -1.9119837e+00   1.6927855e+01  -1.7676587e+00
  -1.3253415e+00   1.0107817e+01  -5.9708863e-01
  -1.3791234e+00   1.8292802e+01  -1.2681603e+00
  -1.7231291e+00   1.7428252e+01  -1.5921892e+00
  -1.4761028e+00   1.8727567e+01  -1.3766367e+00
  -2.8109935e+00   1.5915174e+01  -2.6425260e+00
  -3.1769657e+00   1.9230466e+01  -3.1004038e+00
  -2.3003057e+00   1.6220959e+01  -2.1363662e+00
  -2.3793103e+00   1.9471215e+01  -2.3020779e+00
  -7.2420108e-01   1.8727186e+01  -6.1680989e-01
  -1.1139027e+00   1.4929543e+01  -8.6714703e-01
  -1.6950686e+00   1.1154371e+01  -1.1428894e+00
  -2.5633458e+00   1.4483464e+01  -2.3247738e+00
  -5.5868476e-01   1.3431759e+01  -1.8913228e-01
  -1.6439190e+00   1.3858516e+01  -1.3447853e+00
  -9.5713119e-01   1.0328646e+01  -2.3642914e-01
  -1.4887979e+00   1.4302596e+01  -1.2144675e+00
  -1.4100861e+00   1.8050950e+01  -1.2931369e+00
  -1.5062081e+00   1.4810572e+01  -1.2624489e+00
  -2.6150504e+00   1.5788653e+01  -2.4388261e+00
  -3.1451914e+00   1.4822123e+01  -2.9345093e+00
  -2.0204637e+00   1.5963666e+01  -1.8421891e+00
  -2.3102810e+00   1.4844841e+01  -2.0858043e+00
  -2.2160981e+00   9.8633023e+00  -1.5118124e+00
  -2.6076036e+00   2.0316183e+01  -2.5452019e+00
  -1.0419985e+00   1.2453293e+01  -6.0321846e-01
  -1.6205908e+00   1.8819009e+01  -1.5245335e+00
  -1.4782381e+00   9.5456984e+00  -6.6360456e-01
  -1.3891244e+00   2.0245268e+01  -1.3183608e+00
  -1.6748267e+00   1.6091137e+01  -1.4960385e+00
  -1.3942982e+00   1.9833542e+01  -1.3165466e+00
  -2.9550457e+00   1.5299526e+01  -2.7633153e+00
  -3.1185365e+00   2.1129677e+01  -3.0688226e+00
  -2.5961614e+00   1.5215068e+01  -2.3948985e+00
  -2.2123829e+00   2.0824880e+01  -2.1549798e+00
  -9.8859265e-01   1.2240928e+01  -5.2527423e-01
  -1.6955082e+00   1.8294058e+01  -1.5879015e+00
  -1.4179048e+00   9.5660070e+00  -6.0184620e-01
  -1.4816902e+00   1.8025887e+01  -1.3648834e+00
  -1.9105409e+00   1.6393899e+01  -1.7473855e+00
  -1.6079611e+00   1.9698298e+01  -1.5293872e+00
  -3.0070578e+00   1.5785624e+01  -2.8362044e+00
  -3.1732439e+00   1.8617783e+01  -3.0850977e+00
  -2.6636526e+00   1.5706174e+01  -2.4847910e+00
  -2.3378041e+00   1.9047004e+01  -2.2523648e+00
  -1.8671212e+00   9.7383484e+00  -1.1177945e+00
  -1.3775139e+00   1.7998616e+01  -1.2587708e+00
  -2.4445408e+00   1.5409570e+01  -2.2495567e+00
  -1.4487193e+00   1.8854388e+01  -1.3518537e+00
  -3.8030892e+00   1.4978195e+01  -3.6093276e+00
  -3.1457363e+00   1.9182964e+01  -3.0681519e+00
  -3.3788715e+00   1.4522976e+01  -3.1572527e+00
  -2.3667823e+00   1.9555294e+01  -2.2909465e+00
  -2.9236691e+00   1.5919031e+01  -2.7568604e+00
  -1.4100523e+00   1.9036841e+01  -1.3168147e+00
  -3.8627027e+00   1.4449968e+01  -3.6450293e+00
  -3.1532200e+00   1.7042541e+01  -3.0265333e+00
  -3.6916473e+00   1.4875781e+01  -3.4917526e+00
  -2.3727285e+00   1.8423001e+01  -2.2744201e+00
  -3.1795982e+00   1.5245347e+01  -2.9888394e+00
  -3.1234497e+00   2.0174729e+01  -3.0615622e+00
  -2.8391163e+00   1.5364751e+01  -2.6484683e+00
  -2.2971241e+00   1.9311246e+01  -2.2164348e+00
  -3.5880682e+00   1.5075034e+01  -3.3956497e+00
  -2.2919122e+00   2.0037265e+01  -2.2235894e+00
