  -5.1812118e-01   1.6730936e+01  -3.4429037e-01
  -5.3371986e-02   1.4561596e+01   2.4867643e-01
  -2.8849170e+00   9.9846314e+00  -2.2392910e+00
  -2.0985812e+00   1.2817771e+01  -1.7350108e+00
  -2.8780414e+00   1.1215874e+01  -2.3890291e+00
  -2.1786505e+00   1.1997140e+01  -1.7434626e+00
  -1.4190678e+00   1.2709633e+01  -1.0211985e+00
  -5.9161224e-01   1.3394514e+01  -2.2025695e-01
  -4.4080414e+00   8.6352930e+00  -3.6297055e+00
  -3.8973366e+00   1.0788515e+01  -3.3992556e+00
  -1.9602208e+00   1.1677771e+01  -1.4825780e+00
  -2.1745941e+00   1.2792071e+01  -1.8114096e+00
  -1.7172667e+00   1.3544282e+01  -1.3980932e+00
  -1.7717025e+00   1.2464351e+01  -1.3652791e+00
  -2.4538172e+00   1.2331205e+01  -2.0603041e+00
  -2.8909121e+00   1.1122250e+01  -2.3919490e+00
  -3.9448473e+00   7.6792661e+00  -2.9510540e+00
  -3.2161113e+00   1.1093004e+01  -2.7268534e+00
  -4.6929239e-01   1.2442238e+01  -5.7066067e-04
  -2.2082262e-01   1.8163340e+01  -9.1567640e-02
   6.7989129e-02   1.5878025e+01   2.9425098e-01
  -4.9730655e-04   1.7219542e+01   1.6427599e-01
   6.5776272e-01   1.4983872e+01   9.5689242e-01
   8.2942430e-01   1.8315757e+01   9.7113395e-01
  -2.1119495e+00   1.2021009e+01  -1.6764640e+00
  -2.1602463e+00   1.7946750e+01  -2.0485385e+00
   1.4678379e-01   1.3750335e+01   5.1983101e-01
  -5.5720537e-01   1.6803460e+01  -3.8698514e-01
   3.6958923e-01   1.6453097e+01   5.7512852e-01
  -1.4199328e-01   1.7265101e+01   1.8398029e-02
  -1.2237752e-01   1.5973783e+01   9.4042590e-02
  -1.0466576e+00   1.7529288e+01  -9.0991201e-01
  -1.4886520e+00   1.1100847e+01  -9.1795523e-01
  -1.4859098e+00   1.6820603e+01  -1.3319095e+00
  -2.1132003e+00   1.2670556e+01  -1.7377112e+00
  -2.5118035e+00   1.0222551e+01  -1.8798592e+00
  -1.3236187e+00   1.0895961e+01  -7.1526921e-01
  -1.2790461e+00   1.0861321e+01  -6.6297661e-01
  -4.0878925e+00   8.8537243e+00  -3.3299113e+00
  -4.4335123e+00   8.4607849e+00  -3.6258611e+00
  -1.5787611e+00   1.2191102e+01  -1.1379060e+00
  -2.4344848e+00   1.0508403e+01  -1.8380531e+00
  -1.5060875e+00   1.3998210e+01  -1.2124419e+00
  -2.2684904e+00   1.0969987e+01  -1.7232382e+00
  -2.1298345e+00   1.2863102e+01  -1.7710325e+00
  -3.3133738e+00   1.0152087e+01  -2.7129749e+00
  -3.3340863e+00   9.4835054e+00  -2.6374361e+00
  -3.5951254e+00   9.4918368e+00  -2.9136987e+00
  -9.6413511e-01   1.1469113e+01  -4.0965730e-01
  -6.7466809e-01   1.3190297e+01  -2.8905744e-01
  -3.8853075e+00   9.3919675e+00  -3.2032930e+00
  -3.8145295e+00   1.1507799e+01  -3.3885615e+00
  -1.2482731e+00   1.2168204e+01  -7.8994935e-01
  -1.9489006e+00   1.2513742e+01  -1.5537552e+00
  -1.3743693e+00   1.3698104e+01  -1.0556652e+00
  -1.6683305e+00   1.3821061e+01  -1.3673324e+00
  -2.1034160e+00   1.2503475e+01  -1.7129877e+00
  -2.8111723e+00   1.1933192e+01  -2.3932932e+00
  -3.1694596e+00   9.2679952e+00  -2.4285354e+00
  -3.0334827e+00   1.1821268e+01  -2.6125627e+00
  -2.7760674e+00   1.0146659e+01  -2.1478482e+00
  -3.1289372e+00   9.7158077e+00  -2.4567376e+00
  -3.5641095e-01   1.3069504e+01   5.4634502e-02
  -1.3296708e+00   1.1638880e+01  -8.1668282e-01
  -3.1609173e-01   1.4903613e+01  -4.5332065e-02
  -9.1768184e-01   1.2471237e+01  -4.7482137e-01
  -9.6878598e-01   1.3577161e+01  -6.2706033e-01
  -1.9593623e+00   1.0755986e+01  -1.3701180e+00
  -2.1499305e+00   1.0336507e+01  -1.5133734e+00
  -2.4118682e+00   1.0037993e+01  -1.7470184e+00
  -3.1512982e+00   1.1026632e+01  -2.6520869e+00
  -3.6611315e+00   1.0246430e+01  -3.0887316e+00
  -3.3418124e+00   1.2995012e+01  -3.0270496e+00
  -3.5474239e+00   1.0227497e+01  -2.9676729e+00
  -3.7828714e+00   1.1644185e+01  -3.3689034e+00
  -4.6270716e+00   9.0025668e+00  -3.9198986e+00
  -5.0167503e+00   7.6188182e+00  -4.0802523e+00
  -5.0303666e+00   7.7096590e+00  -4.1130952e+00
  -1.3890945e+00   1.4264060e+01  -1.1095746e+00
  -9.4829130e-01   1.3024404e+01  -5.5950159e-01
  -2.0587703e+00   1.3459583e+01  -1.7436224e+00
  -2.0059185e+00   1.2673701e+01  -1.6269657e+00
  -3.0643739e+00   9.5706849e+00  -2.3661758e+00
  -2.3797615e+00   1.1058587e+01  -1.8507272e+00
  -1.7658132e+00   1.4778610e+01  -1.5263280e+00
  -1.9910583e+00   1.4805593e+01  -1.7579890e+00
  -2.7843397e+00   9.7606205e+00  -2.0994045e+00
  -2.3682161e+00   1.3431609e+01  -2.0597203e+00
  -3.8482579e+00   8.4918094e+00  -3.0123457e+00
  -2.9126311e+00   1.2012546e+01  -2.5056313e+00
