   1.6135098e+00   1.6473635e+01   1.8544417e+00
   2.4622343e+00   1.8562845e+01   2.6302032e+00
   1.9934753e+00   1.5709150e+01   2.2972136e+00
   2.0637052e+00   1.8615621e+01   2.2201818e+00
   2.1011892e+00   2.0291306e+01   2.2080001e+00
   3.0152097e+00   2.0326755e+01   3.1367189e+00
   1.7486727e+00   1.9883042e+01   1.8603121e+00
   3.6858270e+00   1.9119884e+01   3.8647760e+00
   2.1477142e+00   2.0552471e+01   2.2489515e+00
   1.2426071e+00   1.6894060e+01   1.4503488e+00
   1.6487361e+00   1.3033298e+01   2.1873415e+00
   3.5736726e+00   1.9806164e+01   3.7235029e+00
   1.8337953e+00   1.9318440e+01   1.9625125e+00
   1.4310307e+00   1.6914388e+01   1.6431642e+00
   1.3742478e+00   1.8795776e+01   1.5105384e+00
   2.1977435e+00   1.7157541e+01   2.4213893e+00
   1.5252129e+00   2.1719737e+01   1.5960707e+00
   1.3758959e+00   1.9691043e+01   1.4867686e+00
   2.8464376e+00   1.6071697e+01   3.1641768e+00
   1.9970019e+00   2.0470864e+01   2.0979540e+00
   2.9946926e+00   2.0902306e+01   3.1007184e+00
   2.4958889e+00   1.8528816e+01   2.6660435e+00
   2.6622115e+00   2.1292737e+01   2.7542822e+00
   3.1274416e+00   1.9996947e+01   3.2609128e+00
   3.2448636e+00   2.1442153e+01   3.3421876e+00
   1.2101167e+00   1.8120170e+01   1.3659384e+00
   2.2593771e+00   1.4264226e+01   2.7018157e+00
   3.0759078e+00   1.8956234e+01   3.2443987e+00
   2.4168640e+00   2.0560605e+01   2.5219734e+00
   1.3357097e+00   1.8642909e+01   1.4761630e+00
   2.0678912e+00   1.8495464e+01   2.2288750e+00
   2.1180697e+00   1.9528546e+01   2.2457739e+00
   2.5881477e+00   2.3075913e+01   2.6484745e+00
   9.6704801e-01   1.8973019e+01   1.0910039e+00
   2.9870958e+00   2.1321331e+01   3.0832198e+00
   2.8541388e+00   1.4402259e+01   3.3241856e+00
   2.7460979e+00   2.1742237e+01   2.8301494e+00
   3.6683892e+00   1.4826379e+01   4.1551032e+00
   2.9997413e+00   2.1329647e+01   3.0958691e+00
   1.6058217e+00   1.3702881e+01   2.0637112e+00
   2.3685702e+00   1.4480685e+01   2.7962567e+00
   3.5796411e+00   1.4939786e+01   4.0464334e+00
   2.5825814e+00   2.2383100e+01   2.6533082e+00
   1.6349250e+00   1.4570576e+01   2.0106770e+00
   2.1265445e+00   1.8593860e+01   2.2852502e+00
   2.4339044e+00   1.5441007e+01   2.7791722e+00
   2.5128991e+00   2.2737112e+01   2.5774036e+00
   1.3146049e+00   1.3723525e+01   1.7519086e+00
   2.5626790e+00   1.9720138e+01   2.6931361e+00
   3.8912441e+00   2.2202087e+01   3.9818760e+00
   2.7250423e+00   1.9636495e+01   2.8613592e+00
   1.8689724e+00   2.1125613e+01   1.9542028e+00
   2.1055316e+00   1.3574434e+01   2.6134204e+00
   3.7091332e+00   2.1885190e+01   3.8037833e+00
   2.4137870e+00   1.9250974e+01   2.5559954e+00
   1.9134301e+00   2.0981845e+01   2.0020905e+00
   1.8116075e+00   1.7747629e+01   1.9960953e+00
   2.7100064e+00   2.3124055e+01   2.7707691e+00
   2.3490051e+00   2.1771243e+01   2.4276881e+00
   1.5358014e+00   2.2234723e+01   1.5988165e+00
   3.1202467e+00   2.0606191e+01   3.2360345e+00
   1.5501185e+00   1.8440459e+01   1.7016608e+00
   2.3187152e+00   1.3648876e+01   2.8343360e+00
   3.6103231e+00   1.9198746e+01   3.7838614e+00
   2.6140742e+00   2.0173622e+01   2.7324565e+00
   1.6392223e+00   1.9558909e+01   1.7577182e+00
   2.0905579e+00   1.9102196e+01   2.2309278e+00
   2.5147649e+00   1.9099446e+01   2.6642868e+00
   2.6152392e+00   2.3288369e+01   2.6729136e+00
   1.3648578e+00   1.9219134e+01   1.4883028e+00
   1.5427467e+00   1.3065903e+01   2.0691315e+00
   3.7912936e+00   2.0774508e+01   3.9153499e+00
   1.7117319e+00   1.8714398e+01   1.8572087e+00
   1.9641881e+00   1.8763855e+01   2.1132428e+00
   1.2377012e+00   1.8252669e+01   1.3893863e+00
   2.6972055e+00   2.1111938e+01   2.7937125e+00
   1.6469966e+00   2.1385465e+01   1.7248216e+00
   1.5577627e+00   2.0812646e+01   1.6454987e+00
   1.1441796e+00   1.9517949e+01   1.2560568e+00
   1.6585406e+00   1.7387456e+01   1.8547800e+00
   6.1647186e-01   1.7441664e+01   7.8521121e-01
   2.3426165e+00   1.7318110e+01   2.5627687e+00
   9.6689312e-01   2.1336495e+01   1.0387723e+00
   1.1827618e+00   1.6782889e+01   1.3942039e+00
   1.2048775e+00   1.8562683e+01   1.3454695e+00
   2.4757867e+00   2.0418175e+01   2.5853678e+00
   1.6571558e+00   2.1734153e+01   1.7290677e+00
   1.1228926e+00   1.8392183e+01   1.2675460e+00
   8.8727197e-01   2.2429712e+01   9.4257589e-01
   8.9298267e-01   2.0401408e+01   9.8130711e-01
