   1.2316824e+00   1.6554725e+01   1.4560454e+00
   3.2070693e+00   2.0966445e+01   3.3150643e+00
   1.0015244e+00   1.7438025e+01   1.1789623e+00
   3.8455692e+00   2.1051434e+01   3.9629651e+00
   1.2612364e+00   1.6493113e+01   1.4897286e+00
   2.7582906e+00   2.0663678e+01   2.8663295e+00
   7.3124261e-01   1.4707474e+01   1.0531375e+00
   2.8710769e+00   2.1617216e+01   2.9592571e+00
   1.7071754e+00   1.9153104e+01   1.8385477e+00
   2.0613017e+00   1.9008953e+01   2.2041253e+00
   1.5190814e+00   1.9663987e+01   1.6328405e+00
   2.7852617e+00   1.9230577e+01   2.9363936e+00
   1.2121944e+00   1.9805077e+01   1.3178482e+00
   1.6348245e+00   1.9572699e+01   1.7528718e+00
   8.2151376e-01   1.9591743e+01   9.2699462e-01
   2.0401959e+00   2.0058951e+01   2.1519108e+00
   8.9717640e-01   1.6918211e+01   1.0945339e+00
   2.0686986e+00   2.1815796e+01   2.1434736e+00
   1.8324132e+00   2.0179308e+01   1.9379038e+00
   3.6814809e+00   2.1973737e+01   3.7737951e+00
   2.2110835e+00   1.7220415e+01   2.4319271e+00
   2.3886853e+00   1.8897842e+01   2.5424252e+00
   1.6511473e+00   1.5542931e+01   1.9516609e+00
   2.6179270e+00   2.1803947e+01   2.6992008e+00
   2.7086965e+00   2.0684264e+01   2.8154145e+00
   1.9270833e+00   1.8764571e+01   2.0753251e+00
   2.1943898e+00   2.0785419e+01   2.2909765e+00
   2.6045177e+00   1.9148284e+01   2.7543722e+00
   1.6690371e+00   2.0559263e+01   1.7634913e+00
   1.5023692e+00   2.0225053e+01   1.6020850e+00
   1.4372857e+00   2.0088398e+01   1.5392888e+00
   1.8564313e+00   2.1352832e+01   1.9371657e+00
   1.7007353e+00   1.7198836e+01   1.9069455e+00
   1.7688393e+00   2.0851493e+01   1.8583684e+00
   2.1567885e+00   1.7583634e+01   2.3581909e+00
   2.3853420e+00   1.4825619e+01   2.7809439e+00
   1.7163665e+00   1.5545731e+01   2.0194800e+00
   2.7427973e+00   1.6035701e+01   3.0580557e+00
   2.5365092e+00   2.0653760e+01   2.6412292e+00
   1.9497199e+00   1.4719107e+01   2.3296364e+00
   2.0735805e+00   2.2268052e+01   2.1409939e+00
   2.4398599e+00   1.4705679e+01   2.8501116e+00
   1.9404724e+00   2.2830326e+01   1.9985754e+00
   1.5314956e+00   1.5928016e+01   1.8017638e+00
   1.5872405e+00   2.0590341e+01   1.6799677e+00
   1.9635579e+00   1.6443642e+01   2.2185819e+00
   1.8469818e+00   1.9250729e+01   1.9779720e+00
   1.9796207e+00   1.5540097e+01   2.2948854e+00
   1.4334321e+00   1.4321439e+01   1.8203932e+00
   3.0262140e+00   2.3951758e+01   3.0788980e+00
   2.3467575e+00   1.8680690e+01   2.5074177e+00
   2.3141911e+00   2.1748478e+01   2.3928860e+00
   2.0612891e+00   1.9743878e+01   2.1818028e+00
   2.9225057e+00   2.1164208e+01   3.0211944e+00
   1.6783937e+00   1.9933497e+01   1.7876651e+00
   1.8506754e+00   2.1866151e+01   1.9223357e+00
   1.1985508e+00   1.9811054e+01   1.3038684e+00
   2.2164555e+00   2.4062535e+01   2.2619485e+00
   1.7227235e+00   1.7156937e+01   1.9315888e+00
   2.2857056e+00   2.4149611e+01   2.3307445e+00
   2.6523315e+00   2.0056551e+01   2.7746672e+00
   2.0979188e+00   2.0095825e+01   2.2096101e+00
   2.3211255e+00   2.0426979e+01   2.4280095e+00
   2.6688430e+00   1.9579437e+01   2.8057956e+00
   1.8573744e+00   2.0620330e+01   1.9529898e+00
   1.6023970e+00   2.1060530e+01   1.6857657e+00
   1.5195419e+00   1.9831713e+01   1.6289884e+00
   2.0546706e+00   1.9882134e+01   2.1712849e+00
   1.8107079e+00   1.7705555e+01   1.9969763e+00
   2.0471698e+00   2.1388472e+01   2.1294399e+00
   1.4693317e+00   2.0421909e+01   1.5641923e+00
   2.8443546e+00   1.9153524e+01   2.9996130e+00
   9.9660347e-01   1.8851537e+01   1.1245725e+00
   1.8228974e+00   2.0049815e+01   1.9314440e+00
   6.8325650e-01   1.9207455e+01   7.9650769e-01
   2.1648035e+00   2.1656024e+01   2.2434672e+00
   9.6683198e-01   1.6852776e+01   1.1690224e+00
   2.1782015e+00   2.1253777e+01   2.2646858e+00
   4.3558885e-01   1.9181246e+01   5.4607685e-01
   1.6593804e+00   1.9512692e+01   1.7794827e+00
   7.5628955e-02   1.8994849e+01   1.8608736e-01
   2.0007364e+00   1.9857277e+01   2.1171183e+00
   3.7332548e-01   1.6491129e+01   5.7716385e-01
   1.9904983e+00   1.9036144e+01   2.1309888e+00
   7.0703217e-01   1.9562280e+01   8.1170188e-01
   1.9389542e+00   2.0582773e+01   2.0365217e+00
   9.2508573e-01   1.6063515e+01   1.1663902e+00
   1.9092492e+00   2.0553599e+01   2.0070631e+00
   4.9175128e-01   1.6818001e+01   6.8357842e-01
   1.8228333e+00   2.1178868e+01   1.9064785e+00
