   1.5829744e+00   1.5150097e+01   1.9090041e+00
   2.2230247e+00   1.8403231e+01   2.3912414e+00
   1.7332820e+00   1.4723931e+01   2.1010203e+00
   2.2824958e+00   1.8132181e+01   2.4631813e+00
   1.8217666e+00   1.7803379e+01   2.0041530e+00
   2.5014208e+00   2.0023180e+01   2.6219374e+00
   1.4416682e+00   1.9696714e+01   1.5533861e+00
   3.7184294e+00   1.9079269e+01   3.9000478e+00
   1.9646699e+00   2.1502295e+01   2.0438701e+00
   1.1707053e+00   1.6481152e+01   1.3970544e+00
   1.9655283e+00   1.7482425e+01   2.1660568e+00
   3.5445113e+00   2.0269269e+01   3.6784574e+00
   1.6685875e+00   1.8937944e+01   1.8059130e+00
   1.5294057e+00   1.7087973e+01   1.7359737e+00
   1.4914553e+00   1.9299041e+01   1.6147460e+00
   1.2344091e+00   1.6783022e+01   1.4473163e+00
   1.0781768e+00   1.9440513e+01   1.1910862e+00
   1.3913128e+00   1.9811575e+01   1.4993691e+00
   2.5017187e+00   1.5356586e+01   2.8575221e+00
   2.2255778e+00   2.0021991e+01   2.3413147e+00
   2.7022127e+00   1.8663264e+01   2.8723883e+00
   1.9520731e+00   1.7811191e+01   2.1375484e+00
   2.2934946e+00   2.1412669e+01   2.3782751e+00
   3.1621454e+00   1.9064858e+01   3.3286971e+00
   3.0782640e+00   2.2723587e+01   3.1487815e+00
   1.1893147e+00   1.8126836e+01   1.3444660e+00
   2.6322936e+00   2.0997061e+01   2.7304293e+00
   3.1095054e+00   1.9498000e+01   3.2589034e+00
   2.3543513e+00   2.0760275e+01   2.4538000e+00
   1.4706995e+00   1.8604966e+01   1.6150096e+00
   2.2432412e+00   1.9525746e+01   2.3733781e+00
   1.2185363e+00   1.8892753e+01   1.3490532e+00
   2.1732236e+00   2.0817704e+01   2.2687991e+00
   9.7439895e-01   1.8555821e+01   1.1110073e+00
   2.6777631e+00   1.9131212e+01   2.8298922e+00
   2.4314104e+00   1.3899552e+01   2.9261617e+00
   2.4410672e+00   2.0907134e+01   2.5384390e+00
   3.8065852e+00   1.5087225e+01   4.2752051e+00
   2.7269529e+00   2.2472639e+01   2.7977546e+00
   1.7084980e+00   1.3329920e+01   2.2154621e+00
   2.7917008e+00   1.9323103e+01   2.9397758e+00
   3.6930243e+00   1.5066722e+01   4.1548612e+00
   2.4705327e+00   2.1779194e+01   2.5504932e+00
   1.8314397e+00   1.4681813e+01   2.2081033e+00
   2.3074816e+00   2.0204186e+01   2.4197861e+00
   1.6272998e+00   1.4618848e+01   1.9984567e+00
   2.1094736e+00   2.1068627e+01   2.1988427e+00
   1.4436778e+00   1.3886230e+01   1.8724364e+00
   2.2152562e+00   1.8209235e+01   2.3909979e+00
   3.8589994e+00   2.1012517e+01   3.9777214e+00
   2.5047185e+00   2.0415053e+01   2.6148528e+00
   1.8407957e+00   2.1015563e+01   1.9278723e+00
   2.5023708e+00   1.8589279e+01   2.6703232e+00
   3.7980786e+00   2.1931367e+01   3.8930973e+00
   2.2701271e+00   1.8895291e+01   2.4212845e+00
   2.0926697e+00   2.0397963e+01   2.1967540e+00
   1.9673163e+00   1.8155576e+01   2.1389615e+00
   1.7355630e+00   2.0855376e+01   1.8245978e+00
   1.9100521e+00   1.9404354e+01   2.0376102e+00
   1.5373628e+00   2.1958319e+01   1.6045388e+00
   2.9780598e+00   2.2332381e+01   3.0540546e+00
   1.5267624e+00   1.7840379e+01   1.7002842e+00
   2.9380265e+00   1.9540635e+01   3.0820447e+00
   3.6750066e+00   1.9643724e+01   3.8331873e+00
   2.5684101e+00   1.9697367e+01   2.6996692e+00
   1.8165679e+00   1.8919065e+01   1.9573841e+00
   2.3541615e+00   2.0032385e+01   2.4718201e+00
   1.6765791e+00   1.8727981e+01   1.8208900e+00
   2.2674347e+00   2.0697252e+01   2.3670629e+00
   1.4614511e+00   1.8811355e+01   1.5988711e+00
   2.0231762e+00   1.9461896e+01   2.1511002e+00
   3.8309603e+00   2.1128593e+01   3.9459993e+00
   1.4900806e+00   1.8261812e+01   1.6467095e+00
   2.1817747e+00   1.9366198e+01   2.3155943e+00
   1.4007351e+00   1.8830077e+01   1.5364367e+00
   1.8327949e+00   2.0497217e+01   1.9308265e+00
   1.2723782e+00   1.9003785e+01   1.4005110e+00
   1.6520483e+00   2.0370809e+01   1.7504691e+00
   1.1246056e+00   1.9523754e+01   1.2360453e+00
   1.7568791e+00   1.6875540e+01   1.9808819e+00
   8.6992502e-01   1.8930572e+01   9.9354073e-01
   1.4608498e+00   1.6531503e+01   1.6935829e+00
   6.6467389e-01   1.9207068e+01   7.7767099e-01
   1.2077805e+00   1.6247857e+01   1.4478674e+00
   1.3704292e+00   1.8697739e+01   1.5097677e+00
   1.5876833e+00   1.9371251e+01   1.7105479e+00
   1.3061121e+00   1.9423068e+01   1.4229549e+00
   1.0701892e+00   1.7148267e+01   1.2616268e+00
   4.3279371e-01   1.9311962e+01   5.3996671e-01
   7.8950958e-01   1.9833842e+01   8.8885919e-01
