   1.8528632e+00   1.9055287e+01   1.9900179e+00
   2.8093643e+00   1.7791402e+01   3.0211303e+00
   2.0403193e+00   1.4505092e+01   2.4450330e+00
   2.6320021e+00   1.8069732e+01   2.8251921e+00
   1.9766148e+00   1.9978881e+01   2.0893839e+00
   3.0974570e+00   1.8636978e+01   3.2795129e+00
   1.9853145e+00   1.8014005e+01   2.1631342e+00
   3.3904461e+00   1.9737023e+01   3.5382521e+00
   2.1983090e+00   1.9679823e+01   2.3230714e+00
   1.5378832e+00   1.5808000e+01   1.8160198e+00
   1.8497391e+00   1.7828030e+01   2.0318105e+00
   1.4449512e+00   1.8019187e+01   1.6095898e+00
   1.9595078e+00   1.8981787e+01   2.1011447e+00
   2.0109567e+00   1.6274028e+01   2.2780478e+00
   1.4620223e+00   1.9806571e+01   1.5712453e+00
   1.3155155e+00   1.6312500e+01   1.5555160e+00
   1.6137609e+00   1.9692539e+01   1.7282533e+00
   2.2895736e+00   1.9260411e+01   2.4288881e+00
   2.9191538e+00   1.5325079e+01   3.3017791e+00
   2.7527609e+00   1.9453400e+01   2.8955815e+00
   3.2024740e+00   2.1522255e+01   3.2973757e+00
   2.5913335e+00   1.7510555e+01   2.8099181e+00
   2.9896978e+00   1.9355902e+01   3.1412244e+00
   3.0020991e+00   1.9350137e+01   3.1541221e+00
   3.2246231e+00   2.0608918e+01   3.3422560e+00
   1.6636160e+00   1.7360391e+01   1.8612283e+00
   2.6122237e+00   1.8627654e+01   2.7814741e+00
   1.1558415e+00   1.7520560e+01   1.3335132e+00
   2.7623136e+00   2.0017590e+01   2.8878384e+00
   2.0798384e+00   1.7968532e+01   2.2620117e+00
   2.2602878e+00   2.0528827e+01   2.3637597e+00
   1.3034504e+00   1.8305869e+01   1.4546114e+00
   2.5865210e+00   2.1372998e+01   2.6758770e+00
   1.7844334e+00   1.8554755e+01   1.9369257e+00
   3.1821743e+00   2.1309247e+01   3.2815483e+00
   3.1533936e+00   1.3826413e+01   3.7185598e+00
   3.1044695e+00   1.9534219e+01   3.2525019e+00
   3.6140628e+00   1.4513027e+01   4.1333142e+00
   3.1110169e+00   2.0824927e+01   3.2209328e+00
   2.1585830e+00   1.3413423e+01   2.6902457e+00
   2.7800190e+00   2.0148396e+01   2.9021328e+00
   1.4334200e+00   1.3368103e+01   1.9164090e+00
   2.8684454e+00   2.1554789e+01   2.9578706e+00
   2.5954456e+00   1.4705914e+01   3.0156802e+00
   2.3620872e+00   2.1081881e+01   2.4545223e+00
   1.7456456e+00   1.4787985e+01   2.1085941e+00
   2.6196183e+00   2.2259400e+01   2.6927987e+00
   2.3925303e+00   1.4164867e+01   2.8546923e+00
   2.9660471e+00   1.8166322e+01   3.1649592e+00
   3.5944131e+00   1.9396292e+01   3.7597443e+00
   2.8073872e+00   1.9372275e+01   2.9541392e+00
   2.0251927e+00   1.8877659e+01   2.1716538e+00
   2.5914945e+00   1.8402653e+01   2.7692413e+00
   1.6468091e+00   1.9028917e+01   1.7808727e+00
   2.6183337e+00   1.8811139e+01   2.7806929e+00
   2.6064301e+00   1.9474048e+01   2.7454430e+00
   1.9524688e+00   1.9410430e+01   2.0806196e+00
   1.8201544e+00   1.9314961e+01   1.9487274e+00
   2.4096367e+00   2.0736611e+01   2.5104500e+00
   2.3478190e+00   2.0077798e+01   2.4641404e+00
   3.5167629e+00   2.0320580e+01   3.6485327e+00
   2.1205460e+00   1.8006898e+01   2.3021810e+00
   2.9918646e+00   1.9474634e+01   3.1393308e+00
   1.5492974e+00   1.8195341e+01   1.7096512e+00
   2.9596684e+00   2.0495284e+01   3.0755276e+00
   2.4465860e+00   1.9115102e+01   2.5940545e+00
   2.3777206e+00   2.1072078e+01   2.4705788e+00
   1.6892385e+00   1.8252676e+01   1.8505877e+00
   2.7868485e+00   2.2347123e+01   2.8603972e+00
   2.2704299e+00   1.9170782e+01   2.4122624e+00
   2.0924192e+00   1.8497590e+01   2.2538965e+00
   1.6520193e+00   1.7126033e+01   1.8603033e+00
   1.8795681e+00   1.8016269e+01   2.0546234e+00
   2.7843444e+00   1.9120787e+01   2.9393461e+00
   1.4951857e+00   1.9761743e+01   1.6060443e+00
   2.0330841e+00   2.0476222e+01   2.1344330e+00
   1.6536805e+00   1.9946003e+01   1.7622642e+00
   2.4796653e+00   2.0245957e+01   2.5937616e+00
   1.3465617e+00   1.8414394e+01   1.4948415e+00
   2.2749124e+00   1.5993575e+01   2.5713111e+00
   9.3287250e-01   1.9998333e+01   1.0302960e+00
   1.5833302e+00   1.5958360e+01   1.8536577e+00
   1.2203335e+00   1.9931841e+01   1.3230537e+00
   2.0763430e+00   1.6163520e+01   2.3530056e+00
   1.2021485e+00   1.9619949e+01   1.3122652e+00
   1.5345888e+00   1.9489551e+01   1.6532736e+00
   1.9084486e+00   2.1084839e+01   1.9949656e+00
   2.0515898e+00   1.8423876e+01   2.2148762e+00
   1.0666909e+00   2.1743704e+01   1.1329825e+00
   1.6483631e+00   2.0643439e+01   1.7407359e+00
