  -1.2497554e+01   4.0606670e+00  -1.0962331e+01
  -1.5824016e+01  -2.1296945e+00  -1.1430029e+01
  -1.3017414e+01  -1.8409537e+00  -8.6452624e+00
  -1.0710702e+01   2.2349150e+00  -8.4494598e+00
  -1.6187260e+01   2.6773173e+00  -1.4255717e+01
  -1.7537222e+01   7.4051849e-01  -1.4816365e+01
  -1.1790604e+01   4.9095758e+00  -1.0481543e+01
  -1.4868018e+01  -2.9294337e+00  -9.8633336e+00
  -1.5301339e+01   2.4910207e+00  -1.3287537e+01
  -1.5692290e+01   1.5218506e+00  -1.3293315e+01
  -1.2136364e+01   5.0088352e+00  -1.0860551e+01
  -1.6733708e+01  -4.3192241e+00  -1.0791108e+01
  -1.8549537e+01   6.7649236e-01  -1.5812110e+01
  -1.7749868e+01   3.4088244e+00  -1.6084389e+01
  -1.2568072e+01   2.9264547e+00  -1.0654713e+01
  -1.3974041e+01  -3.6504853e-01  -1.0583954e+01
  -1.3262278e+01   5.1794722e+00  -1.2048791e+01
  -1.6863835e+01  -2.4153032e+00  -1.2321298e+01
  -1.5730166e+01   1.3415038e+00  -1.3252943e+01
  -1.5959703e+01  -4.1459523e-01  -1.2614302e+01
  -1.1142005e+01   9.3239453e+00  -1.0622894e+01
  -1.9293698e+01  -6.8085864e+00  -1.1410338e+01
  -1.3424303e+01   5.1350125e+00  -1.2202109e+01
  -1.6291771e+01  -1.2381452e+00  -1.2480609e+01
  -1.1022540e+01   7.3033185e+00  -1.0217120e+01
  -1.6226317e+01  -4.1359946e+00  -1.0396178e+01
  -1.6739329e+01  -1.8022377e+00  -1.2593463e+01
  -1.2893444e+01   6.0241874e+00  -1.1868979e+01
  -1.1398042e+01   9.2830970e+00  -1.0876541e+01
  -1.9729463e+01  -7.2603401e+00  -1.1468057e+01
  -1.4644298e+01  -1.6894672e+00  -1.0481920e+01
  -1.1620462e+01   2.2665108e+00  -9.4160268e+00
  -1.5171485e+01   5.5940718e+00  -1.4077097e+01
  -1.7617756e+01  -1.8552849e+00  -1.3464709e+01
  -1.0522937e+01   6.7617000e+00  -9.6103598e+00
  -1.5670663e+01  -5.0549684e+00  -9.0412710e+00
  -8.8903818e+00   7.4562676e+00  -8.0710251e+00
  -1.4891986e+01  -5.6649263e+00  -7.6318508e+00
  -6.8737177e+00   7.5705827e+00  -6.0145262e+00
  -1.3301778e+01  -5.7302643e+00  -5.7077139e+00
  -9.2433579e+00   6.6357398e+00  -8.2768688e+00
  -1.4931848e+01  -5.4610891e+00  -7.8632738e+00
  -8.3671132e+00   1.0082607e+01  -7.8981237e+00
  -1.8128840e+01  -9.3236136e+00  -7.7121298e+00
  -1.0637651e+01   5.7986497e+00  -9.5234431e+00
  -1.4653711e+01  -3.9650252e+00  -8.8359099e+00
  -1.0399173e+01   7.8997395e+00  -9.6816655e+00
  -1.6628623e+01  -5.8590777e+00  -9.3877409e+00
  -1.3842771e+01   4.1009712e+00  -1.2345586e+01
  -1.5712764e+01  -2.2224974e+00  -1.1251656e+01
  -1.5255758e+01   1.5854455e+00  -1.2875408e+01
  -1.5414620e+01   9.8726503e-01  -1.2769354e+01
  -1.3167760e+01   2.9034196e+00  -1.1262263e+01
  -1.5713968e+01  -2.5080862e+00  -1.1058321e+01
  -1.6756767e+01   2.2515171e+00  -1.4673008e+01
  -1.8318982e+01  -1.8198326e+00  -1.4205784e+01
  -1.5573035e+01  -1.3131714e+00  -1.1690719e+01
  -1.3227046e+01   2.4587879e+00  -1.1155522e+01
  -1.4257410e+01   8.3272693e+00  -1.3637816e+01
  -2.0135561e+01  -4.6468203e+00  -1.4083434e+01
  -1.6503467e+01   7.1642060e-01  -1.3753455e+01
  -1.5340448e+01   2.9466911e+00  -1.3493319e+01
  -1.2701907e+01   3.0816982e+00  -1.0848460e+01
  -1.6085572e+01  -2.1999297e+00  -1.1656235e+01
  -1.8078593e+01   7.2178676e-01  -1.5356582e+01
  -1.9438623e+01  -2.5272369e-01  -1.6247421e+01
  -1.5102634e+01  -1.6838323e+00  -1.0967025e+01
  -1.2122773e+01   3.0562578e+00  -1.0243295e+01
  -1.1407436e+01   1.1689107e+01  -1.1101286e+01
  -2.0783821e+01  -1.0191619e+01  -9.7988544e+00
  -1.4935299e+01   2.1048248e+00  -1.2764410e+01
  -1.6754252e+01  -1.4116118e+00  -1.2852236e+01
  -1.6296760e+01   1.9108224e+00  -1.4071498e+01
  -1.7418419e+01  -1.5701890e-01  -1.4246533e+01
  -1.5499215e+01  -3.9740996e+00  -9.7453444e+00
  -1.0315622e+01   5.6640999e+00  -9.1618356e+00
  -1.4387556e+01   4.9662555e+00  -1.3135423e+01
  -1.6143874e+01  -1.5668289e+00  -1.2125795e+01
  -9.0748294e+00   7.9726832e+00  -8.3455944e+00
  -1.6025721e+01  -6.1602283e+00  -8.4511806e+00
  -1.1806416e+01   4.2810758e+00  -1.0320960e+01
  -1.4996558e+01  -2.8593709e+00  -1.0051416e+01
  -1.1352560e+01   9.2754754e+00  -1.0829794e+01
  -1.9374128e+01  -7.3017083e+00  -1.1052863e+01
  -1.6357223e+01  -3.3668554e+00  -1.1121269e+01
  -1.1577733e+01   4.4749206e+00  -1.0143222e+01
  -1.6985548e+01   1.8284960e+00  -1.4736523e+01
  -1.6692475e+01   2.0437447e+00  -1.4526430e+01
  -9.8198437e+00   1.2357080e+01  -9.5481247e+00
  -2.0662324e+01  -9.3925180e+00  -1.0460074e+01
