   1.8507062e+00   1.6891537e+01   2.0768816e+00
   1.7501148e-01   1.5872328e+01   4.0449544e-01
   1.5626188e+00   1.6003667e+01   1.8293489e+00
   6.5291993e-01   1.5518849e+01   9.1711509e-01
   1.5352690e+00   1.9261397e+01   1.6603842e+00
   1.7026015e+00   1.8840573e+01   1.8437185e+00
   1.8542742e+00   1.9264304e+01   1.9849890e+00
   7.6976972e-01   1.7112440e+01   9.5539950e-01
  -8.4228315e-01   1.3872234e+01  -5.1857786e-01
   9.6556803e-01   1.6560229e+01   1.1818562e+00
   1.2365117e+00   1.5736542e+01   1.5077969e+00
   1.1049111e+00   1.6712780e+01   1.3175860e+00
   7.8466915e-01   1.6808838e+01   9.8415293e-01
  -1.8953231e+00   1.1738380e+01  -1.4213177e+00
   8.9207791e-01   1.7849511e+01   1.0511578e+00
   3.7710336e-01   1.5278306e+01   6.4686009e-01
   1.1406813e+00   1.7308209e+01   1.3269082e+00
  -1.6312678e-01   1.6978135e+01   7.8025666e-03
   1.0594977e+00   1.3343145e+01   1.5207016e+00
   1.1669596e+00   1.7800604e+01   1.3337516e+00
   7.6233175e-01   1.5643054e+01   1.0226855e+00
   1.5722891e+00   1.8156727e+01   1.7345948e+00
   2.3952195e+00   1.9753350e+01   2.5214815e+00
   1.3591115e+00   1.8535390e+01   1.5035508e+00
  -1.4907004e+00   1.2753812e+01  -1.0996591e+00
   1.1695018e+00   1.8100448e+01   1.3251903e+00
   1.8865513e-01   1.6398674e+01   3.9225738e-01
   1.7070546e+00   1.7983770e+01   1.8791809e+00
   1.0907177e+00   1.8082198e+01   1.2454413e+00
  -1.2147083e+00   1.3741457e+01  -8.9398481e-01
   1.4879533e-01   1.3753695e+01   5.2164516e-01
   7.6892005e-01   1.7158257e+01   9.5257760e-01
   5.1637833e-01   1.5765778e+01   7.6166014e-01
  -3.2042442e-01   1.6540148e+01  -1.3473062e-01
  -3.8851975e-01   1.5466020e+01  -1.5258066e-01
   7.7721220e-02   1.3958191e+01   4.3033137e-01
  -3.0782242e+00   1.8829315e+01  -2.9936449e+00
  -3.5364742e+00   1.2237634e+01  -3.1680352e+00
   5.8670507e-01   1.6198380e+01   8.1065566e-01
   1.5955465e+00   1.3615069e+01   2.0622088e+00
   1.3891489e+00   1.6381479e+01   1.6277382e+00
  -4.7019844e-01   1.0550118e+01   2.5419616e-01
   1.3061221e+00   1.7628638e+01   1.4829398e+00
  -1.0849873e+00   1.2798351e+01  -6.8142667e-01
   8.9694172e-01   1.6929290e+01   1.0937891e+00
  -1.9389748e-02   1.2911156e+01   4.2427845e-01
   1.7283401e+00   1.7752228e+01   1.9104772e+00
  -4.3088850e-02   1.1967051e+01   5.0696322e-01
   1.9525906e+00   1.9766491e+01   2.0706244e+00
  -3.1674248e+00   1.1877952e+01  -2.7562803e+00
   9.0800927e-01   1.6012093e+01   1.1516528e+00
   1.6221540e+00   1.8336470e+01   1.7789362e+00
   1.4151404e+00   1.5636813e+01   1.6996352e+00
   3.2722006e-01   1.7734509e+01   4.7940209e-01
   1.5725311e+00   1.6748805e+01   1.7973039e+00
  -1.9850487e+00   1.5527600e+01  -1.7873993e+00
   1.4367901e+00   1.7623285e+01   1.6169992e+00
  -2.3160551e-01   1.6855596e+01  -5.7162072e-02
   1.9878874e+00   1.8851020e+01   2.1344655e+00
  -4.9144111e-01   1.3492636e+01  -1.2424870e-01
  -1.6348318e+00   1.2889708e+01  -1.2611263e+00
   1.7261500e+00   1.8417589e+01   1.8822698e+00
  -9.0617997e-02   1.5804697e+01   1.3523060e-01
   2.1732340e+00   1.8558647e+01   2.3343300e+00
   6.3726153e-01   1.6981519e+01   8.2538781e-01
  -2.5239273e-01   1.7471195e+01  -1.0135591e-01
   4.5651080e-01   1.4275517e+01   7.9992176e-01
   1.3733310e+00   1.6988667e+01   1.5802121e+00
   4.7668367e-01   1.6558052e+01   6.7998165e-01
   1.6689073e-01   1.7050668e+01   3.4163323e-01
   1.1443410e+00   1.6034711e+01   1.3944175e+00
  -3.4852401e+00   1.4817500e+01  -3.2796456e+00
   1.2084984e+00   1.7040804e+01   1.4083947e+00
  -5.2484198e+00   1.1520467e+01  -4.8603437e+00
   1.1073764e+00   1.8375164e+01   1.2523019e+00
  -4.1261856e+00   1.2732768e+01  -3.8102179e+00
   1.5804158e+00   1.8890857e+01   1.7175568e+00
  -3.9762944e+00   1.3849055e+01  -3.7286215e+00
   1.3328142e+00   1.8230186e+01   1.4872504e+00
  -6.6346983e-01   1.2977932e+01  -2.5807181e-01
   2.2683096e-01   1.5592663e+01   4.7313717e-01
  -1.6994278e+00   1.1631522e+01  -1.2044137e+00
  -2.6958062e-01   1.4004796e+01   6.5200092e-02
  -1.3179723e+00   1.1657655e+01  -8.0656262e-01
   7.6488725e-01   1.7565914e+01   9.3197154e-01
   3.0942724e-01   1.7930906e+01   4.5456129e-01
   9.3132004e-01   1.7964014e+01   1.0870413e+00
  -9.0242850e-01   1.7242890e+01  -7.5417060e-01
   5.6190797e-02   1.6904887e+01   2.3453662e-01
  -5.4836104e-01   1.9189048e+01  -4.4994530e-01
