  -1.3327496e+01   2.1531003e+00  -1.1136938e+01
  -1.2014913e+01   3.1223333e+00  -1.0155880e+01
  -1.1165303e+01   3.0497752e+00  -9.2497687e+00
  -1.1182904e+01   3.8488146e+00  -9.5453885e+00
  -1.5235242e+01   3.8872109e+00  -1.3693939e+01
  -1.6766397e+01  -8.5822371e-02  -1.3618691e+01
  -1.3401404e+01   5.2410521e+00  -1.2205022e+01
  -1.3358010e+01   3.6232736e+00  -1.1704054e+01
  -9.0070834e+00   6.1078406e+00  -7.9194396e+00
  -1.1694441e+01   2.8332835e-01  -8.5389459e+00
  -1.2624819e+01   3.4913651e+00  -1.0910885e+01
  -1.3700500e+01   2.2958830e+00  -1.1577586e+01
  -1.5943667e+01   2.9384854e+00  -1.4102139e+01
  -1.8634657e+01  -1.7309839e-01  -1.5474609e+01
  -1.5516064e+01  -2.3163779e+00  -1.0981916e+01
  -1.3076239e+01   2.4217741e+00  -1.0985944e+01
  -1.2989432e+01   1.3754491e-01  -9.8306509e+00
  -1.2376412e+01   3.2104223e+00  -1.0559521e+01
  -1.0711106e+01  -9.7552898e-01  -6.6977340e+00
  -9.8579009e+00   5.9866087e+00  -8.7674170e+00
  -1.1793539e+01   5.9316770e+00  -1.0732555e+01
  -1.3557918e+01   3.1586095e+00  -1.1752384e+01
  -1.4518798e+01   4.1104253e+00  -1.3034592e+01
  -1.4630275e+01   1.0095728e+00  -1.1975322e+01
  -9.2881752e+00   7.7688012e+00  -8.5305121e+00
  -1.2575897e+01  -5.8784782e-01  -8.9778806e+00
  -9.6826629e+00   7.5488120e+00  -8.8962364e+00
  -1.3364170e+01   1.5981957e-01  -1.0235705e+01
  -1.1797192e+01   4.8699758e+00  -1.0477709e+01
  -1.4029255e+01  -1.5965025e-01  -1.0756473e+01
  -1.5276697e+01  -1.5070558e+00  -1.1261572e+01
  -1.2990576e+01   1.7167916e+00  -1.0604936e+01
  -1.2833235e+01   1.9052419e+00  -1.0523539e+01
  -1.2720569e+01   3.1763455e+00  -1.0901131e+01
  -8.3844426e+00   5.4815589e+00  -7.1199714e+00
  -1.3149665e+01  -3.4660787e+00  -7.5751502e+00
  -1.0576784e+01   6.3411045e+00  -9.5807030e+00
  -1.5247699e+01  -3.7103602e+00  -9.6814236e+00
  -7.8680382e+00   7.8889614e+00  -7.0968306e+00
  -1.2432804e+01  -2.0167734e+00  -7.8843691e+00
  -1.1335906e+01  -4.2702602e-01  -7.7394492e+00
  -1.0626408e+01   3.3472423e+00  -8.7974035e+00
  -8.8243348e+00   8.1456728e+00  -8.1169153e+00
  -1.6762095e+01  -5.5265515e+00  -9.8233275e+00
  -8.7938158e+00   5.7890963e+00  -7.6235436e+00
  -1.3410262e+01  -3.1360454e+00  -8.1266673e+00
  -8.5896407e+00   8.6969764e+00  -7.9578333e+00
  -1.4194968e+01  -2.3761199e+00  -9.5405683e+00
  -1.1978518e+01   1.9153256e+00  -9.6402495e+00
  -1.0366495e+01   6.1421428e+00  -9.3232997e+00
  -1.0643057e+01   6.0906718e+00  -9.5947574e+00
  -1.0382102e+01   4.9184566e+00  -9.0389781e+00
  -1.2794446e+01   4.9724363e+00  -1.1521256e+01
  -1.4208002e+01   1.3528712e+00  -1.1699264e+01
  -1.2737337e+01   5.9575379e+00  -1.1696497e+01
  -1.5371981e+01  -4.9030552e-01  -1.1966139e+01
  -1.2504095e+01   3.4049995e+00  -1.0757953e+01
  -1.2783246e+01   4.5686204e+00  -1.1401665e+01
  -1.2281612e+01   4.3342276e+00  -1.0823073e+01
  -1.4684784e+01   3.3419886e+00  -1.2962691e+01
  -1.4590644e+01   9.1676964e-01  -1.1890639e+01
  -1.2267440e+01   2.7097362e+00  -1.0263709e+01
  -1.4653704e+01  -1.7260472e+00  -1.0468032e+01
  -8.9341465e+00   8.1782104e+00  -8.2339073e+00
  -1.2640393e+01   7.0623378e+00  -1.1813846e+01
  -1.5645891e+01   2.8806525e+00  -1.3779927e+01
  -1.3809818e+01  -1.2123762e-01  -1.0548638e+01
  -1.4390235e+01   3.0874527e+00  -1.2576558e+01
  -1.5836541e+01  -2.6954281e+00  -1.1056700e+01
  -1.2981629e+01   6.3581641e+00  -1.2027119e+01
  -1.3342579e+01   2.7101279e+00  -1.1370153e+01
  -1.5115761e+01  -2.4264874e+00  -1.0484575e+01
  -9.5424172e+00   5.7221174e+00  -8.3807751e+00
  -1.2246869e+01   9.4249260e-01  -9.4687568e+00
  -1.6680254e+01  -2.7528883e+00  -1.1899474e+01
  -1.2649111e+01   1.0525798e+01  -1.2259481e+01
  -1.3189919e+01  -7.9530542e-01  -9.5060680e+00
  -1.1628359e+01   5.2596507e+00  -1.0406189e+01
  -9.3766159e+00   4.4118133e+00  -7.8491222e+00
  -1.2763712e+01   1.8776650e-01  -9.6203981e+00
  -1.3493052e+01  -3.2207145e+00  -8.1520932e+00
  -1.1323357e+01   4.6015034e+00  -9.9184795e+00
  -1.1936045e+01  -4.7540860e-01  -8.3596419e+00
  -1.0728926e+01   3.8250067e+00  -9.0680484e+00
  -1.1826609e+01   2.7081079e+00  -9.8069894e+00
  -1.2073633e+01   5.6321465e+00  -1.0949725e+01
  -1.3977827e+01   2.9031461e+00  -1.2090915e+01
  -1.5999964e+01   2.5123205e+00  -1.4005028e+01
  -1.4566603e+01   1.5846706e+00  -1.2170104e+01
  -1.3555584e+01   3.5655307e+00  -1.1886878e+01
