  -1.8107868e+01  -3.3842480e+00  -1.2934931e+01
  -1.4176345e+01   5.2566934e+00  -1.2993566e+01
  -1.9605158e+01  -7.7825748e+00  -1.0858006e+01
  -1.1874173e+01   8.0310897e+00  -1.1194877e+01
  -1.5031350e+01   1.1308340e+00  -1.2443380e+01
  -1.4989529e+01   6.3021689e-01  -1.2162181e+01
  -1.1424341e+01   5.1552745e+00  -1.0171308e+01
  -1.5315327e+01  -3.6411853e+00  -9.8076143e+00
  -1.7765117e+01  -5.3127792e-01  -1.4398163e+01
  -1.6661921e+01   2.6060351e+00  -1.4710320e+01
  -1.6193255e+01  -2.5176557e+00  -1.1553767e+01
  -1.3889306e+01   2.5143422e+00  -1.1856140e+01
  -1.5173915e+01   1.2111144e+00  -1.2626090e+01
  -1.7320920e+01  -1.1154013e+00  -1.3611895e+01
  -1.0424362e+01   8.5249209e+00  -9.7979444e+00
  -1.8473497e+01  -8.3565578e+00  -9.0803299e+00
  -1.9142035e+01   1.5708111e+00  -1.6809493e+01
  -2.0157277e+01  -1.2658305e+00  -1.6411682e+01
  -1.6617789e+01  -3.4357062e+00  -1.1344486e+01
  -1.2275885e+01   5.6337411e+00  -1.1155754e+01
  -1.1608699e+01   4.5570047e+00  -1.0198465e+01
  -1.5854966e+01  -3.4876285e+00  -1.0500387e+01
  -1.1715418e+01   5.8382019e+00  -1.0632261e+01
  -1.6278571e+01  -4.7670447e+00  -9.9430913e+00
  -1.1606651e+01   8.1336788e+00  -1.0939426e+01
  -1.9424836e+01  -8.1244116e+00  -1.0343844e+01
  -1.3835415e+01  -6.8918087e-01  -1.0251143e+01
  -1.2674156e+01   2.6661203e+00  -1.0666581e+01
  -1.4968477e+01   2.6295413e+00  -1.3000730e+01
  -1.6844595e+01  -1.5235890e+00  -1.2876566e+01
  -1.5298472e+01   5.3199569e+00  -1.4142079e+01
  -2.0301411e+01  -4.7491472e+00  -1.4174697e+01
  -1.2837656e+01   4.0674088e+00  -1.1311856e+01
  -1.7245924e+01  -3.4898426e+00  -1.1962361e+01
  -1.2943592e+01   4.3162196e+00  -1.1493512e+01
  -1.6262574e+01  -2.6936447e+00  -1.1504617e+01
  -1.6254920e+01   3.5160803e+00  -1.4610119e+01
  -1.8467522e+01  -2.1245327e+00  -1.4164324e+01
  -1.6081730e+01   8.7231707e-01  -1.3397254e+01
  -1.7416246e+01  -1.1758960e-01  -1.4265095e+01
  -1.8243651e+01  -2.0227850e+00  -1.4000302e+01
  -1.6060050e+01   2.8205333e+00  -1.4178391e+01
  -1.5961088e+01  -4.2081376e-01  -1.2612290e+01
  -1.5288306e+01   1.3236398e+00  -1.2793791e+01
  -1.5764137e+01   9.3792176e+00  -1.5276655e+01
  -2.4124616e+01  -7.6390142e+00  -1.5696827e+01
  -1.5194741e+01   4.6409235e+00  -1.3867073e+01
  -1.8437274e+01  -3.6820034e+00  -1.3059138e+01
  -1.7225865e+01  -1.2197113e+00  -1.3452705e+01
  -1.4828367e+01   1.8903987e+00  -1.2567763e+01
  -1.5524492e+01   9.8916822e-01  -1.2882656e+01
  -1.6284515e+01  -9.5158262e-01  -1.2643312e+01
  -1.7884279e+01  -4.3053880e+00  -1.2013476e+01
  -1.3610322e+01   6.2555376e+00  -1.2642179e+01
  -1.6365119e+01   1.6798509e+00  -1.4045363e+01
  -1.7723206e+01  -1.3047782e+00  -1.3911483e+01
  -1.8217320e+01  -1.6224998e+00  -1.4224253e+01
  -1.6694432e+01   1.9114896e+00  -1.4475266e+01
  -1.6131962e+01   1.9353700e-01  -1.3114942e+01
  -1.7273859e+01   5.6563518e-01  -1.4465158e+01
  -1.2790431e+01   9.1439293e+00  -1.2263412e+01
  -2.2138343e+01  -8.6099837e+00  -1.2770862e+01
  -1.5006822e+01  -5.0227921e-01  -1.1581398e+01
  -1.4821629e+01   4.9458816e-01  -1.1921980e+01
  -1.4877520e+01   2.4150591e+00  -1.2827223e+01
  -1.6910261e+01  -1.2878004e+00  -1.3087843e+01
  -1.6683936e+01   2.7064622e+00  -1.4769100e+01
  -1.9151769e+01  -1.7076177e+00  -1.5125324e+01
  -1.6410390e+01   1.0271909e+00  -1.3804324e+01
  -1.7998158e+01  -4.3109892e-01  -1.4690241e+01
  -1.6718477e+01  -2.7314564e+00  -1.1954186e+01
  -1.4140399e+01   3.5950112e+00  -1.2492000e+01
  -1.8102677e+01  -3.2946731e+00  -1.2993860e+01
  -1.3719735e+01   4.7367319e+00  -1.2399292e+01
  -1.7682891e+01   2.3852884e+00  -1.5660529e+01
  -2.0049212e+01  -1.8230584e+00  -1.5966583e+01
  -1.4743247e+01   3.4406474e+00  -1.3054615e+01
  -1.7355945e+01  -3.1188257e+00  -1.2345207e+01
  -1.3153701e+01   3.3727079e+00  -1.1412534e+01
  -1.5426228e+01  -1.3585187e+00  -1.1510117e+01
  -1.1710746e+01   9.7414497e+00  -1.1241471e+01
  -2.0954724e+01  -9.1088759e+00  -1.1049290e+01
  -1.4115446e+01   3.7099868e+00  -1.2503218e+01
  -1.8905650e+01  -3.7745489e+00  -1.3474960e+01
  -1.9735875e+01   1.8117263e+00  -1.7507124e+01
  -2.1444170e+01  -6.7188897e-01  -1.8048438e+01
  -1.9692019e+01   4.6018849e-01  -1.6863583e+01
  -2.1069051e+01  -6.9922324e-01  -1.7655014e+01
  -1.6897888e+01   1.3815803e+00  -1.4458644e+01
  -1.7530583e+01  -1.4914694e+00  -1.3601355e+01
