   1.8289650e+00   1.6078478e+01   2.1011907e+00
  -3.0488426e-01   1.4640996e+01  -1.6884725e-02
   9.6966247e-01   1.4190451e+01   1.3440286e+00
   1.2085909e+00   1.5872307e+01   1.4704945e+00
   1.5514233e+00   1.8496883e+01   1.7010300e+00
   1.4393205e+00   1.8189678e+01   1.5974790e+00
   2.0257085e+00   1.8089854e+01   2.2014552e+00
   2.3967911e-01   1.6294508e+01   4.4951830e-01
  -2.2469816e+00   1.4102347e+01  -1.9794696e+00
   1.1501123e+00   1.6523941e+01   1.3736167e+00
   1.4394927e+00   1.8151693e+01   1.5990489e+00
   1.1780193e+00   1.7518785e+01   1.3562898e+00
   1.3678481e+00   1.6498065e+01   1.5994118e+00
  -1.4206467e+00   1.3582123e+01  -1.0948783e+00
   7.5989618e-01   1.6891945e+01   9.5496940e-01
   5.3763286e-01   1.5277689e+01   8.1289948e-01
   1.0698466e+00   1.7162604e+01   1.2606427e+00
  -5.0401206e-01   1.5871342e+01  -2.9184331e-01
  -4.9615107e-02   1.0613942e+01   7.0168511e-01
   1.4687789e+00   1.8579807e+01   1.6138920e+00
   4.9193531e-01   1.5307994e+01   7.6371528e-01
   1.3959410e+00   1.8085637e+01   1.5569919e+00
   2.6699571e+00   1.8023902e+01   2.8663452e+00
   1.0623655e+00   1.8025242e+01   1.2185525e+00
  -3.2743047e+00   1.1717881e+01  -2.8515057e+00
   1.3111637e+00   1.7800500e+01   1.4812147e+00
   1.2608809e+00   1.7591592e+01   1.4381344e+00
   1.8467705e+00   1.7959786e+01   2.0233019e+00
  -8.8330484e-01   1.3314177e+01  -5.1697579e-01
  -9.4810118e-01   1.6456486e+01  -7.7131807e-01
   6.6078771e-02   1.4460030e+01   3.7972191e-01
   2.9741497e-01   1.5684073e+01   5.4066997e-01
   9.6140555e-01   1.6104844e+01   1.2015580e+00
  -4.2845845e-01   1.6439647e+01  -2.4071722e-01
   1.3147137e+00   1.6417616e+01   1.5489234e+00
   1.8459230e+00   1.3157686e+01   2.3844742e+00
   3.0131894e-01   1.2643609e+01   7.9233139e-01
  -2.6211038e+00   1.0975013e+01  -2.0932880e+00
  -4.8195243e+00   1.1479339e+01  -4.4180454e+00
   1.4795893e+00   1.3751349e+01   1.9242622e+00
   1.8230486e+00   1.7343059e+01   2.0259708e+00
   1.0162963e+00   1.2585262e+01   1.5630737e+00
   1.6349341e+00   1.6934319e+01   1.8521459e+00
  -1.8757476e+00   1.1514759e+01  -1.3760140e+00
   1.1040661e+00   1.7004891e+01   1.3028393e+00
   4.1198894e-01   1.2892372e+01   8.8209979e-01
   1.4225021e+00   1.7102715e+01   1.6253582e+00
  -1.1350334e+00   1.1307378e+01  -5.7015673e-01
   2.6389289e+00   1.8829568e+01   2.8011027e+00
  -2.1097712e+00   1.3124092e+01  -1.7711040e+00
  -2.1003378e-01   1.4986782e+01   5.8856439e-02
   1.5844084e+00   1.8220128e+01   1.7446220e+00
   1.6266432e+00   1.8290434e+01   1.7852011e+00
  -3.5820466e+00   1.0710028e+01  -3.0633438e+00
   1.7679592e+00   1.6579232e+01   2.0082515e+00
  -2.7737164e+00   1.0773748e+01  -2.2284513e+00
   2.9813816e-01   1.6807691e+01   4.8589573e-01
  -3.6153137e+00   1.2544871e+01  -3.2736559e+00
   1.8898392e+00   1.8119366e+01   2.0610199e+00
  -8.5826268e-01   1.4087363e+01  -5.5069097e-01
  -4.6602666e+00   1.0414243e+01  -4.1452648e+00
   1.6415771e+00   1.8757817e+01   1.7842005e+00
   1.1046293e+00   1.7625008e+01   1.2768925e+00
   2.4017725e+00   1.8374344e+01   2.5756568e+00
   1.1819890e+00   1.7015288e+01   1.3823547e+00
  -6.3481221e-02   1.7747932e+01   8.1344594e-02
  -3.8394546e-02   1.4379493e+01   2.7715737e-01
   1.3774987e+00   1.6231726e+01   1.6241063e+00
  -9.9077101e-01   1.3674540e+01  -6.5737702e-01
  -1.7790633e-01   1.6241464e+01   2.4272221e-02
   1.1380492e+00   1.7361312e+01   1.3219415e+00
  -6.1207014e+00   3.5278352e+00  -4.0270996e+00
   2.7175515e-01   1.5887378e+01   5.0314331e-01
  -1.0341034e+01  -1.1337349e+00  -6.1716816e+00
   5.4270649e-01   1.8093020e+01   6.8658078e-01
  -7.9287983e+00   1.4100605e+00  -5.0288959e+00
   1.0641602e+00   1.8572141e+01   1.2018603e+00
  -7.2992905e+00   2.6265095e+00  -4.9407450e+00
   1.3908085e+00   1.8136471e+01   1.5498685e+00
  -7.2232197e-01   1.2692178e+01  -2.9224253e-01
   4.2935054e-01   1.6054594e+01   6.5634314e-01
  -6.6508338e-01   1.2171141e+01  -1.7720889e-01
   5.8878001e-01   1.6841529e+01   7.8189764e-01
  -1.4048911e+00   1.1955896e+01  -9.3145917e-01
  -1.5754420e-01   1.5223981e+01   9.8611493e-02
  -5.7459729e-01   1.6081415e+01  -3.7400842e-01
   3.9159069e-01   1.6448249e+01   5.9791780e-01
  -1.6915793e+00   1.7688514e+01  -1.5678688e+00
   6.2545413e-02   1.6450147e+01   2.6073683e-01
  -5.8811950e-01   1.9103968e+01  -4.8819142e-01
