   1.2262879e+00   1.6784037e+01   1.4389127e+00
   9.9514549e-02   1.4814875e+01   3.8968866e-01
   1.2591878e+00   1.4090445e+01   1.6576973e+00
   7.3393514e-01   1.5330688e+01   1.0127482e+00
   1.1623936e+00   1.8556119e+01   1.3024063e+00
   1.6241463e+00   1.9161696e+01   1.7537534e+00
   9.0735326e-01   1.8686906e+01   1.0387465e+00
   1.4230882e+00   1.7066058e+01   1.6276874e+00
  -3.4601372e-01   1.7330180e+01  -1.9163821e-01
   1.3564669e+00   1.6719386e+01   1.5761335e+00
   1.1950110e+00   1.4124201e+01   1.5869386e+00
   2.0349772e+00   1.8315279e+01   2.2020161e+00
   7.5132319e-01   1.7459196e+01   9.2227607e-01
  -4.9336156e-02   1.4930718e+01   2.2822052e-01
   8.8175506e-01   1.8914267e+01   1.0060253e+00
   2.1727104e-01   1.4602205e+01   5.2641641e-01
   6.9362879e-01   1.8327097e+01   8.3254711e-01
   6.4002689e-01   1.8072318e+01   7.8635935e-01
   1.5360022e+00   1.4412068e+01   1.9204128e+00
   1.3656922e+00   1.7166354e+01   1.5640406e+00
   1.1401429e-01   1.4527171e+01   4.2463048e-01
   1.1605722e+00   1.7588701e+01   1.3355801e+00
   1.2281257e+00   1.7870360e+01   1.3935976e+00
   2.2756085e+00   1.7778746e+01   2.4715075e+00
  -1.1025685e+00   1.5510377e+01  -8.8636606e-01
   1.6495100e+00   1.8521686e+01   1.8002963e+00
   7.9310152e-01   1.3474048e+01   1.2248088e+00
   2.6212555e+00   1.8190440e+01   2.8088075e+00
   5.6694968e-01   1.6386341e+01   7.8086230e-01
   3.9432051e-01   1.6908567e+01   5.7993331e-01
   1.0886697e+00   1.7872882e+01   1.2510088e+00
   1.0480319e+00   1.7242775e+01   1.2347897e+00
  -1.3124773e+00   1.5642558e+01  -1.1071660e+00
   2.1445252e-01   1.6687103e+01   4.0555433e-01
   1.3976802e+00   1.7276500e+01   1.5918874e+00
   1.1764630e+00   1.3030359e+01   1.6804691e+00
   1.3123105e+00   1.7977627e+01   1.4755700e+00
   9.8009541e-01   1.2845027e+01   1.4922996e+00
   5.8702245e-01   1.8216763e+01   7.2762468e-01
   1.9537988e+00   1.3542450e+01   2.4539787e+00
   1.3742843e+00   1.4741763e+01   1.7223966e+00
  -2.0514867e+00   9.0829287e+00  -1.1976723e+00
   7.6461529e-01   1.7105400e+01   9.5042428e-01
  -1.3189856e+00   1.2418546e+01  -8.8934449e-01
   1.5650132e+00   1.8730808e+01   1.7070165e+00
  -1.2584448e+00   1.0857755e+01  -6.4052776e-01
   1.4528081e+00   1.9765233e+01   1.5629400e+00
   5.4910000e-01   1.2843722e+01   1.0329787e+00
   1.6528579e+00   1.8711319e+01   1.7972477e+00
   6.5849278e-01   1.6148683e+01   8.8709562e-01
   1.0353151e+00   1.7944545e+01   1.1938741e+00
   1.7295083e+00   1.7318063e+01   1.9309219e+00
   1.6534081e+00   1.4739265e+01   2.0156702e+00
   1.2901208e+00   1.6133294e+01   1.5394176e+00
   1.5971094e+00   1.8799340e+01   1.7375035e+00
  -8.0509068e-01   1.4913048e+01  -5.4919690e-01
   1.5530969e+00   1.8501629e+01   1.7025742e+00
   1.3921239e-01   1.5707686e+01   3.7654653e-01
   1.5872878e+00   1.9759230e+01   1.6996203e+00
   2.1511295e-01   1.4901314e+01   5.0357470e-01
  -1.2142718e+00   1.5347092e+01  -9.9236403e-01
   1.9550774e+00   1.8389073e+01   2.1174131e+00
   5.6923985e-02   1.2565123e+01   5.4195256e-01
   3.0122018e+00   1.9158254e+01   3.1713867e+00
   1.2795856e-01   1.5296200e+01   3.8855079e-01
   9.4808584e-01   1.8324686e+01   1.0916848e+00
   1.2499619e+00   1.8196405e+01   1.4038827e+00
   1.5351995e+00   1.7975223e+01   1.7035929e+00
   1.7484212e-01   1.6158080e+01   3.8969494e-01
   1.1099647e+00   1.7913908e+01   1.2712265e+00
   1.5786369e+00   1.4854719e+01   1.9275884e+00
  -8.4649626e-01   1.2645595e+01  -4.1769545e-01
   1.0497059e+00   1.7347629e+01   1.2320363e+00
  -3.8511405e+00   9.0051850e+00  -3.1057294e+00
   1.4257445e+00   1.9504497e+01   1.5422776e+00
  -2.6442663e+00   1.0212820e+01  -2.0182820e+00
   1.5221429e+00   1.9750841e+01   1.6336911e+00
  -2.0974395e+00   1.0617311e+01  -1.4972530e+00
   1.0250067e+00   1.9021745e+01   1.1485050e+00
   4.4543388e-01   1.3577027e+01   8.4842553e-01
   7.3497649e-02   1.7203152e+01   2.4034276e-01
  -1.6405809e+00   9.8741632e+00  -8.9730107e-01
   1.3523893e-01   1.7086878e+01   3.0787542e-01
  -1.1985475e+00   1.0899062e+01  -5.8253054e-01
   8.2134889e-01   1.8309860e+01   9.6310467e-01
   3.1728291e-01   1.4870946e+01   6.1143772e-01
   4.0398944e-01   1.8603733e+01   5.2971756e-01
  -5.6796485e-01   1.5256808e+01  -3.2531317e-01
  -3.1871756e-01   1.7345576e+01  -1.6441406e-01
   4.2313305e-01   1.9220419e+01   5.3246148e-01
