  -9.2630539e+00   6.8771821e+00  -8.3453557e+00
  -1.5075407e+01  -5.7609144e+00  -7.7513216e+00
  -1.4295444e+01  -1.6251816e+00  -1.0155552e+01
  -1.2212136e+01   2.4973036e+00  -1.0124027e+01
  -1.4875144e+01   2.7701719e+00  -1.2957367e+01
  -1.6074629e+01   5.9328265e-01  -1.3256286e+01
  -1.6619413e+01  -7.5845750e-01  -1.3099223e+01
  -1.3487767e+01   3.7285883e+00  -1.1870101e+01
  -1.1226487e+01   8.7184298e+00  -1.0634904e+01
  -1.7397716e+01  -5.7560855e+00  -1.0310044e+01
  -1.4769467e+01   2.7910923e+00  -1.2857413e+01
  -1.5780295e+01  -1.2451478e+00  -1.1947343e+01
  -1.2142960e+01   3.8528447e+00  -1.0534551e+01
  -1.4539250e+01  -1.9724923e+00  -1.0184258e+01
  -1.0294741e+01   9.0660740e+00  -9.7365005e+00
  -1.7929062e+01  -7.7658647e+00  -9.0516756e+00
  -1.6172604e+01   1.3480956e+00  -1.3706702e+01
  -1.5700761e+01   2.3658547e+00  -1.3645922e+01
  -1.5799117e+01   1.9346300e+00  -1.3575478e+01
  -1.6616339e+01  -1.7874909e+00  -1.2475713e+01
  -1.0768898e+01   4.0811447e+00  -9.1919052e+00
  -1.4292242e+01  -3.4120205e+00  -8.8791935e+00
  -1.5857164e+01  -2.2760720e+00  -1.1366693e+01
  -1.2844378e+01   4.2853508e+00  -1.1383407e+01
  -1.1234352e+01   6.7016411e+00  -1.0322762e+01
  -1.5861378e+01  -4.6786404e+00  -9.5659900e+00
  -1.2395690e+01   5.4332368e+00  -1.1230397e+01
  -1.5160688e+01  -2.7365470e+00  -1.0314128e+01
  -1.5262806e+01   3.4887842e+00  -1.3597322e+01
  -1.6875424e+01  -1.2117348e+00  -1.3097630e+01
  -1.3299083e+01   5.7544878e-01  -1.0385271e+01
  -1.1927285e+01   4.4606661e-01  -8.8752722e+00
  -1.2102932e+01   4.9923806e+00  -1.0822179e+01
  -1.6026786e+01  -3.0813695e+00  -1.0981859e+01
  -9.9450909e+00   8.3822261e+00  -9.2922095e+00
  -1.6697680e+01  -6.3328057e+00  -9.0375823e+00
  -1.2878989e+01  -1.7996113e+00  -8.5236649e+00
  -1.0057194e+01   2.9452758e+00  -8.0513217e+00
  -7.6310506e+00   5.8759536e+00  -6.4345021e+00
  -1.1019976e+01  -3.0953412e+00  -5.4281395e+00
  -8.7145818e+00   5.3584186e+00  -7.4312905e+00
  -1.3273823e+01  -4.7583803e+00  -6.6040268e+00
  -1.0587500e+01   9.1670571e+00  -1.0044694e+01
  -1.6854838e+01  -6.0009205e+00  -9.5085906e+00
  -1.2565903e+01   1.1986841e+00  -9.9272470e+00
  -1.2431700e+01  -5.0239149e-02  -9.1376845e+00
  -8.5195070e+00   8.9199605e+00  -7.9164859e+00
  -1.5861209e+01  -7.1809018e+00  -7.2873855e+00
  -1.5733812e+01  -7.5802889e+00  -6.7336446e+00
  -7.3088943e+00   7.6917737e+00  -6.4869599e+00
  -1.3688555e+01   7.0563305e-01  -1.0855921e+01
  -1.1801416e+01   3.0785417e+00  -9.9196007e+00
  -1.4240960e+01   3.3334327e+00  -1.2508520e+01
  -1.5398509e+01  -1.7134837e+00  -1.1257507e+01
  -1.5073551e+01  -1.5473999e+00  -1.1023756e+01
  -1.1702841e+01   3.7588751e+00  -1.0052129e+01
  -1.2657784e+01  -4.1792072e-01  -9.1661385e+00
  -1.0248445e+01   3.1453752e+00  -8.3286049e+00
  -1.9170882e+01  -3.9479685e+00  -1.3620165e+01
  -1.4888726e+01   5.2836380e+00  -1.3719948e+01
  -1.4097650e+01   9.4741271e-02  -1.0965826e+01
  -1.1873841e+01   2.6736410e+00  -9.8426273e+00
  -1.5022108e+01   2.4705420e+00  -1.2995665e+01
  -1.5035202e+01  -1.4882420e+00  -1.1021067e+01
  -1.5909860e+01  -3.5265088e+00  -1.0529376e+01
  -1.0572937e+01   4.4165028e+00  -9.0922202e+00
  -1.3415806e+01  -1.5656203e+00  -9.2591989e+00
  -9.8744943e+00   3.7704279e+00  -8.1606754e+00
  -1.4161210e+01  -1.6909230e+00  -9.9705342e+00
  -1.3773871e+01   2.1568791e+00  -1.1597183e+01
  -1.7447097e+01  -2.8263725e-01  -1.4208934e+01
  -1.4989206e+01   9.4057368e-01  -1.2311471e+01
  -1.5079977e+01  -1.1866713e+00  -1.1255024e+01
  -1.2051676e+01   2.9089198e+00  -1.0115860e+01
  -1.5865581e+01  -1.7080632e+00  -1.1747791e+01
  -1.1773212e+01   3.8637264e+00  -1.0158316e+01
  -1.7409916e+01  -2.7567596e+00  -1.2654714e+01
  -1.2772619e+01   4.4344801e+00  -1.1353155e+01
  -1.0846551e+01   3.7759038e+00  -9.1736952e+00
  -1.2988916e+01  -1.0896634e+00  -9.1097816e+00
  -1.1364182e+01   2.9457996e+00  -9.4176179e+00
  -1.3237450e+01  -1.1343500e+00  -9.3468526e+00
  -1.0757732e+01   7.8545171e+00  -1.0038423e+01
  -1.5964485e+01  -4.1746304e+00  -1.0085892e+01
  -1.6053082e+01  -2.4695718e+00  -1.1440182e+01
  -1.1217128e+01   6.0707741e+00  -1.0176155e+01
  -1.8610214e+01  -3.2888029e+00  -1.3521913e+01
  -1.3931004e+01   4.4774172e+00  -1.2543174e+01
  -1.5784400e+01   2.4486068e+00  -1.3762342e+01
  -1.7390125e+01   1.1444086e+00  -1.4853152e+01
