   1.4274373e+00   1.7395084e+01   1.6171635e+00
   5.9302405e-01   1.6291735e+01   8.1237656e-01
   1.3119886e-01   1.4394323e+01   4.5214438e-01
   1.1569895e+00   1.5112789e+01   1.4670583e+00
   1.5712684e+00   1.6431072e+01   1.8131533e+00
   2.2422272e+00   1.8829245e+01   2.3950839e+00
   1.2123853e+00   1.3716508e+01   1.6442415e+00
   1.3468822e+00   1.6510068e+01   1.5771435e+00
  -3.8531378e-01   1.7143508e+01  -2.2487156e-01
   1.5558199e+00   1.6079506e+01   1.8176561e+00
   8.1265554e-01   1.6005372e+01   1.0536693e+00
  -9.0014551e-01   1.2212966e+01  -4.2935452e-01
   7.1964552e-01   1.5819666e+01   9.6822387e-01
   9.3009453e-01   1.5012272e+01   1.2379857e+00
   2.8205414e-01   1.7764628e+01   4.3235808e-01
   6.9138919e-01   1.4502317e+01   1.0271838e+00
   6.4643475e-01   1.2652168e+01   1.1587303e+00
   1.7989427e+00   1.8253630e+01   1.9627630e+00
   1.5825007e-01   1.3114671e+01   5.9084772e-01
   1.8329704e+00   1.8024862e+01   2.0065243e+00
   5.2650561e-01   1.4544244e+01   8.5211734e-01
   2.0447357e+00   1.8241086e+01   2.2149062e+00
  -5.4561551e-01   1.0714787e+01   1.4567004e-01
   1.6733239e-01   1.8472085e+01   2.9328431e-01
  -1.2442676e+00   1.5026108e+01  -1.0061219e+00
   2.1444832e+00   1.7977902e+01   2.3279812e+00
   2.6996562e-01   1.3715479e+01   6.5177480e-01
   1.5846578e+00   1.6930874e+01   1.8005216e+00
   4.2041122e-01   1.5588732e+01   6.7287689e-01
   1.9084819e+00   1.7629922e+01   2.1006983e+00
   2.5383230e-01   1.7075571e+01   4.2940206e-01
   1.2251983e+00   1.6295018e+01   1.4632392e+00
   2.1222997e-01   1.2745073e+01   6.8653517e-01
   1.5741031e+00   1.7251989e+01   1.7742183e+00
   4.5904621e-01   1.4936924e+01   7.5391220e-01
   1.8164466e+00   1.2369158e+01   2.4614041e+00
   6.4735073e-01   1.2183462e+01   1.2185432e+00
  -2.3471165e+00   8.6411520e+00  -1.4300592e+00
   8.7862921e-01   1.7465677e+01   1.0521405e+00
   2.4388154e+00   1.2836384e+01   3.0747160e+00
   8.5576306e-01   1.3722093e+01   1.2667551e+00
   1.3667814e+00   1.2310616e+01   1.9790027e+00
   2.0212217e-01   1.5145728e+01   4.7434451e-01
   9.1024645e-01   1.3033608e+01   1.3958970e+00
   6.5228849e-01   1.8491952e+01   7.8533064e-01
   9.6961766e-01   1.1731674e+01   1.6323390e+00
   8.7613591e-01   1.3882264e+01   1.2732294e+00
   2.0305135e+00   1.3294806e+01   2.5666494e+00
   2.2142835e+00   1.4564743e+01   2.6239361e+00
  -1.0588118e+00   1.1551083e+01  -5.2021280e-01
   1.7334508e+00   1.9728767e+01   1.8488925e+00
   2.1819725e+00   1.8308449e+01   2.3528886e+00
   1.4562546e+00   1.5456263e+01   1.7545981e+00
  -1.6811328e-01   1.3608332e+01   2.0304736e-01
  -1.0070765e+00   1.4327371e+01  -7.2056812e-01
  -1.6024772e+00   1.2196479e+01  -1.1631984e+00
   7.2242268e-01   1.7629035e+01   8.8620338e-01
  -6.8184517e-01   1.3691410e+01  -3.3844737e-01
   1.1709225e+00   1.3164486e+01   1.6590777e+00
   1.3101389e+00   1.5938808e+01   1.5716233e+00
  -1.2043981e+00   1.5391788e+01  -9.8453459e-01
   2.6995194e+00   1.8361795e+01   2.8819333e+00
   1.4163093e-01   1.3231849e+01   5.6182454e-01
   2.4760673e+00   1.7922853e+01   2.6712846e+00
   1.6211088e-01   1.5254322e+01   4.2631742e-01
   2.4748377e+00   1.8465927e+01   2.6469437e+00
   3.6635597e-01   1.6409706e+01   5.7387952e-01
   2.3775191e+00   1.7746678e+01   2.5778910e+00
  -1.3057933e+00   1.0557171e+01  -6.4723204e-01
   2.2506935e+00   1.8116681e+01   2.4311798e+00
   3.9766561e-01   1.4655909e+01   7.0988657e-01
  -9.6809037e+00  -7.9550602e-01  -5.6535526e+00
  -1.7235520e-01   1.5401369e+01   7.3125427e-02
  -1.2438886e+01  -2.9863115e+00  -7.1607624e+00
  -1.2810060e-01   1.8529336e+01  -8.0229846e-03
  -1.0704233e+01  -8.3761245e-01  -6.7823132e+00
  -1.1919514e-02   1.3805343e+01   3.4941555e-01
  -1.0758223e+01  -1.4467283e+00  -6.4233186e+00
   1.3029576e+00   1.8005002e+01   1.4649837e+00
   1.4602277e+00   1.4128015e+01   1.8664997e+00
   1.6988928e-01   1.8821377e+01   2.8613947e-01
   9.2080824e-02   1.1822189e+01   6.7040440e-01
   3.3205147e-01   1.3230322e+01   7.6245717e-01
   1.0719114e+00   1.3465912e+01   1.5209146e+00
  -2.4770581e+00   1.7850178e+01  -2.3659240e+00
  -8.2212240e+00   5.4832639e+00  -6.9500775e+00
  -1.6115395e+00   1.3492087e+01  -1.2852048e+00
  -6.0807533e+00   1.2187141e+01  -5.7607138e+00
  -8.9212150e-01   1.1794401e+01  -3.7342737e-01
   1.3636210e+00   1.8979302e+01   1.4940705e+00
