   1.5364518e+00   1.6554922e+01   1.7703631e+00
   8.6318831e-01   1.6277998e+01   1.0909816e+00
   1.3523277e+00   1.4405188e+01   1.7275691e+00
   1.3387629e+00   1.6294248e+01   1.5805441e+00
   1.2005695e+00   1.7503607e+01   1.3800055e+00
   2.0243865e+00   1.9770078e+01   2.1435395e+00
   1.1102053e+00   1.9641003e+01   1.2184663e+00
   2.1932315e+00   1.7564253e+01   2.3966252e+00
   9.6926841e-02   1.7451915e+01   2.5491780e-01
   1.5027264e+00   1.7002297e+01   1.7126528e+00
   1.3599311e+00   1.7416739e+01   1.5469800e+00
   1.7742943e+00   1.8014331e+01   1.9468329e+00
   1.0765786e+00   1.8340866e+01   1.2220644e+00
   3.6582861e-01   1.5324913e+01   6.3232792e-01
   1.0800030e+00   1.9069106e+01   1.2030417e+00
   5.0106038e-01   1.5828556e+01   7.4235079e-01
   7.6911930e-01   1.9455006e+01   8.7725515e-01
   9.0595897e-01   1.8450112e+01   1.0447037e+00
   1.6332559e+00   1.4652209e+01   2.0018594e+00
   1.8443369e+00   1.8382422e+01   2.0043762e+00
   7.7020968e-01   1.4890569e+01   1.0803271e+00
   1.8148576e+00   1.8035074e+01   1.9875581e+00
   1.4133677e+00   1.9309576e+01   1.5350586e+00
   2.8037708e+00   1.8621258e+01   2.9783103e+00
  -4.6848434e-01   1.4947479e+01  -2.0503531e-01
   1.7938906e+00   1.8320214e+01   1.9550934e+00
   1.2161998e+00   1.8486570e+01   1.3594996e+00
   2.8151756e+00   1.8926950e+01   2.9780656e+00
   1.3040353e+00   1.9200071e+01   1.4270139e+00
   1.1526617e+00   1.7668657e+01   1.3242871e+00
   1.4687623e+00   1.8480115e+01   1.6172548e+00
   9.9386576e-01   1.7435980e+01   1.1712094e+00
   1.0520913e+00   1.7799839e+01   1.2163975e+00
   9.9336258e-01   1.7453130e+01   1.1699939e+00
   1.6243239e+00   1.6886914e+01   1.8436060e+00
   2.1159263e+00   1.3950573e+01   2.5817851e+00
   1.5122706e+00   1.9205991e+01   1.6385976e+00
   1.3927645e+00   1.3230968e+01   1.8885636e+00
   1.0135866e+00   1.8989473e+01   1.1378226e+00
   2.2462131e+00   1.3903562e+01   2.7266129e+00
   1.9250312e+00   1.8290247e+01   2.0904073e+00
  -4.7230849e-02   1.1841120e+01   5.1875760e-01
   1.6183178e+00   1.9592125e+01   1.7355690e+00
  -1.6944988e+00   1.0695014e+01  -1.0813244e+00
   1.8385594e+00   1.9571021e+01   1.9600636e+00
   1.2875076e-01   1.3123504e+01   5.5890318e-01
   1.1882564e+00   1.9374091e+01   1.3045846e+00
   1.0456650e+00   1.3358356e+01   1.5043787e+00
   1.8504452e+00   1.8415685e+01   2.0093961e+00
   1.0746082e+00   1.5634761e+01   1.3463737e+00
   1.3084435e+00   1.9353287e+01   1.4272201e+00
   1.8128130e+00   1.8958444e+01   1.9522798e+00
   1.7652096e+00   1.8545724e+01   1.9176075e+00
   4.5951901e-01   1.2968580e+01   9.2422585e-01
   1.7098094e+00   1.8629221e+01   1.8581378e+00
  -1.1706654e+00   1.5205568e+01  -9.4040786e-01
   1.7855180e+00   1.8427475e+01   1.9425873e+00
   2.0798141e-01   1.5965338e+01   4.3349432e-01
   1.5728114e+00   1.9854804e+01   1.6824744e+00
   3.8136637e-01   1.5764388e+01   6.2263608e-01
  -3.1627531e-01   1.5526563e+01  -8.1684666e-02
   2.1678798e+00   1.8459494e+01   2.3325854e+00
   1.3112360e+00   1.8227590e+01   1.4653157e+00
   3.2616843e+00   1.9377813e+01   3.4190482e+00
   1.2720432e+00   1.7262367e+01   1.4635927e+00
   1.2788259e+00   1.7400413e+01   1.4645318e+00
   1.5520487e+00   1.8684729e+01   1.6953151e+00
   1.4276062e+00   1.8398696e+01   1.5780700e+00
  -4.6126600e-01   1.5072206e+01  -2.0506052e-01
   1.2971732e+00   1.8079174e+01   1.4563234e+00
   1.8569333e+00   1.8815647e+01   2.0019811e+00
  -4.1362061e-01   1.4392966e+01  -1.1246838e-01
   1.3989981e+00   1.8344719e+01   1.5507574e+00
  -3.0178638e+00   1.0519601e+01  -2.4519722e+00
   1.4879264e+00   1.9503238e+01   1.6054839e+00
  -3.4100196e+00   8.3783060e+00  -2.5232683e+00
   1.5641957e+00   1.9701311e+01   1.6776790e+00
  -2.2862275e+00   9.8407989e+00  -1.5829589e+00
   1.1872482e+00   1.9178850e+01   1.3089201e+00
   7.7744967e-01   1.3364315e+01   1.2193592e+00
   1.0044800e+00   1.9232200e+01   1.1218122e+00
  -1.5180398e+00   7.8372574e+00  -3.2099835e-01
   4.6978461e-01   1.8385266e+01   6.0307716e-01
  -1.3311330e+00   8.3245237e+00  -2.3762698e-01
   8.9720705e-01   1.8156511e+01   1.0455070e+00
   3.1150803e-01   1.4852911e+01   6.0667889e-01
  -8.2208610e-02   1.6886705e+01   9.4000777e-02
   2.3760795e-01   1.5268359e+01   5.0338650e-01
  -7.7861574e-01   1.5926472e+01  -5.7531049e-01
   6.9941421e-01   1.9532718e+01   8.0469853e-01
