   4.7444018e-01   1.6836204e+01   6.6505332e-01
  -1.5359702e+00   1.0631835e+01  -9.0385509e-01
  -2.1503026e+00   6.2383627e+00  -5.4394900e-01
   1.7011634e-01   1.4421416e+01   4.9057524e-01
   1.1098957e+00   1.4685492e+01   1.4500476e+00
   1.8176622e+00   1.8336521e+01   1.9787989e+00
   8.3854706e-01   1.4261083e+01   1.2004921e+00
  -1.8340269e+00   1.0150111e+01  -1.1494159e+00
   4.4390740e-01   1.7522396e+01   6.0601415e-01
   6.1063365e-01   1.4823319e+01   9.1920112e-01
   3.1867642e-01   1.2583691e+01   8.1763159e-01
  -3.0025833e+00   8.1542476e+00  -2.0382700e+00
   9.1854374e-01   1.8995914e+01   1.0410753e+00
   3.0020650e-01   1.4011968e+01   6.5809707e-01
   4.1265906e-02   1.8293163e+01   1.7057499e-01
  -3.5378826e-01   1.3612459e+01   9.0832599e-03
   4.5088537e-01   1.2821027e+01   9.3119974e-01
   1.6154197e+00   1.7512775e+01   1.8049083e+00
  -1.6139985e+00   7.7043634e+00  -3.9306133e-01
   8.7748215e-01   1.7550104e+01   1.0476202e+00
   8.3733461e-01   1.4202258e+01   1.2041828e+00
   1.4824964e+00   1.8023257e+01   1.6478281e+00
  -6.0962928e-01   1.4225002e+01  -3.0342754e-01
   8.4651784e-01   1.8179847e+01   9.9306156e-01
  -1.2578903e+00   1.4577996e+01  -9.9432214e-01
   1.3450740e+00   1.7581785e+01   1.5247607e+00
   2.5807391e-01   1.5355699e+01   5.1920469e-01
  -1.4620368e-01   1.4917414e+01   1.2905306e-01
   3.6180256e-01   1.8845289e+01   4.8011358e-01
   1.4707017e+00   1.7315595e+01   1.6650967e+00
  -2.7312640e-01   1.5392726e+01  -3.0000454e-02
   3.2507376e-01   1.5108652e+01   6.0379930e-01
  -3.6686899e+00   9.7297132e+00  -3.0262171e+00
  -9.4305832e-01   1.5693239e+01  -7.3227493e-01
   1.1709742e+00   1.4480023e+01   1.5306784e+00
   1.3809066e+00   1.1540264e+01   2.1155419e+00
   3.3895145e-01   1.2430025e+01   8.5729011e-01
  -1.4932894e+00   8.9460626e+00  -5.6086308e-01
   1.4650231e-01   1.5942270e+01   3.7154297e-01
   1.6034921e+00   1.1603331e+01   2.3513902e+00
   4.0149509e-01   9.5978578e+00   1.4103467e+00
  -1.5754171e-01   1.0603898e+01   5.8548388e-01
   1.6122740e+00   2.0352470e+01   1.7105709e+00
   5.7644413e-01   1.1889057e+01   1.1823285e+00
   2.9163934e-01   1.7472006e+01   4.5261501e-01
  -1.3746076e+00   9.5351888e+00  -5.4899150e-01
   7.7443399e-01   1.4265309e+01   1.1329975e+00
   1.2198634e+00   1.2437516e+01   1.8019807e+00
   9.5170647e-01   1.4101410e+01   1.3329595e+00
  -2.0677580e+00   1.1270651e+01  -1.5489904e+00
   1.5132531e+00   1.8559074e+01   1.6599537e+00
   1.7032989e+00   1.7292978e+01   1.9051385e+00
  -2.7633015e-01   1.3005987e+01   1.4467679e-01
  -4.7734194e+00   8.1094604e+00  -3.9197372e+00
   1.3402466e+00   1.8010029e+01   1.5029016e+00
  -6.9322950e-01   1.2778982e+01  -2.7027541e-01
   1.8497866e-01   1.7221920e+01   3.5332485e-01
  -2.0034484e+00   1.0187734e+01  -1.3357868e+00
   7.0473834e-01   1.3436113e+01   1.1352262e+00
   4.8507964e-01   1.3966974e+01   8.5519839e-01
  -1.3632556e+00   1.3731754e+01  -1.0466450e+00
   2.2678154e+00   1.7740745e+01   2.4652190e+00
  -7.7595550e-01   9.6961825e+00   7.4634745e-02
   1.3109090e+00   1.6769287e+01   1.5267137e+00
   5.1465196e-01   1.8144174e+01   6.5634514e-01
   2.4045086e+00   1.7676742e+01   2.6089784e+00
  -1.4902354e-01   1.6101500e+01   6.0475239e-02
   1.7123634e+00   1.6851507e+01   1.9362023e+00
  -1.4702603e+00   1.1087014e+01  -8.9667978e-01
   1.9968136e+00   1.8190208e+01   2.1678128e+00
   1.3653962e-01   1.3674643e+01   5.1568353e-01
  -5.4234230e+00   7.1095063e+00  -4.4019471e+00
   5.3571324e-01   1.6990384e+01   7.2107641e-01
  -4.8385757e+00   7.1981562e+00  -3.8002332e+00
  -2.1125826e-01   1.7499164e+01  -6.0485227e-02
  -5.9590867e+00   6.0360918e+00  -4.7097078e+00
   5.3774688e-01   1.3756017e+01   9.2897698e-01
  -3.7919428e+00   8.0716562e+00  -2.8703664e+00
   1.5457967e+00   2.1421067e+01   1.6219204e+00
   8.2090671e-01   1.2961149e+01   1.3089169e+00
   3.7485670e-01   1.9130657e+01   4.8581469e-01
  -1.1471329e+00   1.0878271e+01  -5.2475928e-01
   7.5357063e-01   1.4391544e+01   1.1008681e+00
   6.2566151e-01   1.2734855e+01   1.1268668e+00
  -5.0071244e-01   1.6925720e+01  -3.3417902e-01
  -6.1309818e+00   2.3474682e+00  -3.4727955e+00
   1.2264278e-01   1.3919808e+01   4.8033263e-01
  -3.4262304e+00   5.5558961e+00  -1.7731943e+00
  -2.5215237e-01   1.2493213e+01   2.2297702e-01
   7.3334157e-01   1.7942795e+01   8.8589943e-01
