  -1.1584206e+01   9.6111860e+00  -1.1100353e+01
  -1.2925811e+01   3.0684857e+00  -1.1073577e+01
  -1.4530508e+01  -6.0449101e+00  -6.8576238e+00
  -6.7973526e+00   1.3007308e+01  -6.5396503e+00
  -7.7241561e+00   8.9306460e+00  -7.1065265e+00
  -9.5750015e+00   6.0671863e+00  -8.4950749e+00
  -8.6745146e+00   4.1554370e+00  -7.0303400e+00
  -1.0275630e+01   5.1974203e+00  -9.0039950e+00
  -6.7685580e+00   9.7818021e+00  -6.2371509e+00
  -9.2414724e+00   2.0822739e+00  -6.8160815e+00
  -1.1821049e+01  -2.7818591e+00  -6.6220511e+00
  -4.8388974e+00   1.1336176e+01  -4.4247474e+00
  -9.8139778e+00   8.3483752e+00  -9.1542825e+00
  -1.1162166e+01   4.4550646e+00  -9.7107526e+00
  -1.1399741e+01   2.8829633e+00  -9.4308679e+00
  -9.3325207e+00   7.3918612e+00  -8.5118756e+00
  -1.0443295e+01   5.7724508e+00  -9.3183545e+00
  -1.0658428e+01   5.9364632e+00  -9.5761870e+00
  -9.6843030e+00   2.1036084e+00  -7.3019564e+00
  -5.3884105e+00   1.1162229e+01  -4.9710094e+00
  -6.7656264e+00   8.6273790e+00  -6.0800674e+00
  -8.9503881e+00   7.2959032e+00  -8.1038153e+00
  -6.6932241e+00   8.4007790e+00  -5.9704789e+00
  -8.6517724e+00   8.1873309e+00  -7.9471404e+00
  -7.5374109e+00   9.0659702e+00  -6.9337760e+00
  -9.6764517e+00   4.7321995e+00  -8.2569872e+00
  -1.2635395e+01  -1.3115706e+00  -8.5873827e+00
  -7.5472010e+00   7.0463879e+00  -6.6112962e+00
  -1.0609668e+01   5.1206420e+00  -9.3273792e+00
  -1.0088733e+01   6.2107012e+00  -9.0539586e+00
  -9.6830869e+00   5.2373766e+00  -8.4034577e+00
  -1.0661457e+01   1.2334222e+00  -7.9340072e+00
  -1.4853301e+01   1.8795722e+00  -1.2588747e+01
  -1.3211674e+01   5.0712525e+00  -1.1970402e+01
  -8.7785143e+00   6.7848390e-01  -5.5718974e+00
  -8.3932123e+00   4.3588249e+00  -6.8002075e+00
  -5.4609006e+00   5.7407955e+00  -4.0919063e+00
  -9.3637082e+00   1.3406091e+00  -6.5862606e+00
  -6.4785990e+00   6.1435970e+00  -5.2896375e+00
  -6.9902695e+00   4.8530474e+00  -5.4673912e+00
  -1.1720015e+01  -2.6284089e+00  -6.6283136e+00
  -4.6671460e+00   8.9274407e+00  -3.9499171e+00
  -6.7423928e+00   1.2307015e+01  -6.4399020e+00
  -1.1380225e+01   2.3211314e-01  -8.1739897e+00
  -1.0101348e+01   2.1916285e+00  -7.7860462e+00
  -8.1517629e+00   5.3122002e+00  -6.8312860e+00
  -6.8145642e+00   5.8560658e+00  -5.5706559e+00
  -7.5612830e+00   3.8188611e+00  -5.7253743e+00
  -1.4673087e+01  -4.5450602e+00  -8.3774074e+00
  -8.0909726e+00   1.1939327e+01  -7.7782810e+00
  -8.6398320e+00   8.3327746e+00  -7.9568708e+00
  -8.0771784e+00   8.8089912e+00  -7.4505512e+00
  -9.7310346e+00   8.6627377e-02  -6.2855169e+00
  -4.4605389e+00   1.2540394e+01  -4.1375678e+00
  -1.0006431e+01   6.0839088e+00  -8.9417392e+00
  -9.8887305e+00   7.1169342e+00  -9.0304525e+00
  -1.0254777e+01   3.5603491e+00  -8.4853170e+00
  -8.7738090e+00   1.1443435e+01  -8.4314766e+00
  -7.1411015e+00   7.5196053e+00  -6.2821436e+00
  -8.6285183e+00   6.0367926e+00  -7.5117211e+00
  -1.0320762e+01   4.2919654e+00  -8.7937119e+00
  -7.8531721e+00   7.6405202e+00  -7.0389382e+00
  -1.2346712e+01  -3.2352991e+00  -6.8556743e+00
  -4.3553904e+00   1.1572794e+01  -3.9507544e+00
  -1.0994199e+01   8.0751188e+00  -1.0311334e+01
  -1.0857760e+01   5.9485245e+00  -9.7825849e+00
  -1.8699960e+01  -5.3420024e+00  -1.2039175e+01
  -1.0764199e+01   1.1126548e+01  -1.0413239e+01
  -1.3893790e+01  -1.7308377e+00  -9.6601194e+00
  -9.9865691e+00   9.5650983e+00  -9.4828349e+00
  -1.1689612e+01  -1.7296967e+00  -7.2668632e+00
  -4.7134413e+00   1.1743296e+01  -4.3327239e+00
  -9.3152593e+00   6.9489272e+00  -8.4127406e+00
  -9.9250446e+00   7.3579770e+00  -9.1105290e+00
  -9.2964912e+00   5.5605829e+00  -8.0871050e+00
  -8.8136426e+00   9.0377748e+00  -8.2310635e+00
  -8.7302530e+00   4.9751165e+00  -7.3418616e+00
  -7.4470843e+00   9.1586782e+00  -6.8536332e+00
  -8.4640609e+00   8.2141846e+00  -7.7594923e+00
  -1.0837212e+01   3.5235557e+00  -9.0786341e+00
  -1.0452957e+01   1.1100851e+00  -7.6482103e+00
  -7.1868370e+00   7.4202282e+00  -6.3108752e+00
  -8.3912078e+00   1.0465802e+01  -7.9607462e+00
  -9.6852350e+00   2.6146006e+00  -7.5247967e+00
  -1.0890401e+01   3.1687644e+00  -9.0076741e+00
  -1.0740257e+01   1.0930791e+01  -1.0373511e+01
  -1.4028478e+01   2.0237131e+00  -1.1804063e+01
  -1.1910504e+01   5.8058230e+00  -1.0823485e+01
  -7.1583214e+00   9.6568166e+00  -6.6206752e+00
  -9.4604281e+00   4.7136075e+00  -8.0272035e+00
