   1.5940113e+00   1.7104553e+01   1.8016434e+00
   6.3171158e-01   1.6024852e+01   8.6614400e-01
   1.6611489e+00   1.3900459e+01   2.1019409e+00
   3.2594352e-01   1.5676337e+01   5.7048723e-01
   1.5316648e+00   1.8858767e+01   1.6689015e+00
   1.8071617e+00   1.9082080e+01   1.9425929e+00
   1.3143812e+00   1.8401507e+01   1.4624586e+00
   1.1824748e+00   1.7135194e+01   1.3773784e+00
  -6.5560279e-02   1.6415319e+01   1.3123597e-01
   1.3528694e+00   1.6869710e+01   1.5649274e+00
   1.2671354e+00   1.3471832e+01   1.7277312e+00
   1.9155271e+00   1.8332625e+01   2.0790682e+00
   9.8760511e-01   1.6626695e+01   1.2012149e+00
  -2.8991512e-01   1.4894471e+01  -1.7769552e-02
   9.9841183e-01   1.8608211e+01   1.1338016e+00
   7.1506080e-01   1.5313602e+01   9.9429693e-01
   9.3367656e-01   1.8335797e+01   1.0766406e+00
   4.2174846e-01   1.7598460e+01   5.8060351e-01
   5.9131912e-01   9.6174905e+00   1.6220410e+00
   2.3289583e-01   1.8032751e+01   3.7336020e-01
   1.3973130e+00   1.7605355e+01   1.5772974e+00
   1.7154238e+00   1.7775433e+01   1.8962575e+00
   1.6303143e+00   1.8001512e+01   1.7999081e+00
   1.9158088e+00   1.8348029e+01   2.0787748e+00
  -2.4679531e-01   1.5886028e+01  -2.9110182e-02
   1.5827493e+00   1.8326552e+01   1.7390353e+00
   7.8143085e-01   1.3598855e+01   1.2001907e+00
   2.3159656e+00   1.8345629e+01   2.4887920e+00
   1.4769884e+00   1.8431389e+01   1.6273306e+00
   4.6785808e-01   1.7428474e+01   6.3400383e-01
   1.2419452e+00   1.7431894e+01   1.4253926e+00
   1.2197002e+00   1.7341775e+01   1.4064487e+00
   1.1519922e+00   1.9070362e+01   1.2761671e+00
   3.7875903e-01   1.7264699e+01   5.4941547e-01
   1.7530696e+00   1.7638733e+01   1.9407038e+00
   1.9788410e+00   1.3598290e+01   2.4743832e+00
   1.3150199e+00   1.6975065e+01   1.5209132e+00
   1.0359765e+00   1.3236808e+01   1.5071980e+00
   7.8182887e-01   1.7483762e+01   9.5247938e-01
   2.0577086e+00   1.3837442e+01   2.5318796e+00
   1.6001845e+00   1.3811443e+01   2.0462826e+00
   1.3690701e+00   1.3020579e+01   1.8880274e+00
   1.0742330e+00   1.8435202e+01   1.2165419e+00
  -2.3670801e+00   9.4298422e+00  -1.6010432e+00
   1.3859316e+00   1.8387594e+01   1.5359294e+00
  -1.2028433e-01   1.1948501e+01   4.2696751e-01
   1.4172259e+00   1.8894974e+01   1.5512090e+00
   4.3583766e-01   1.2600054e+01   9.4037912e-01
   2.0534099e+00   1.9315493e+01   2.1863125e+00
   2.7447878e-01   1.5805110e+01   5.1037616e-01
   1.2096462e+00   1.7162332e+01   1.4040373e+00
   1.9756262e+00   1.9082936e+01   2.1143098e+00
   1.6324934e+00   1.4234744e+01   2.0386186e+00
   2.6777792e-01   1.3601315e+01   6.5967829e-01
   1.7205712e+00   1.7354950e+01   1.9200216e+00
  -1.0148735e+00   1.4372992e+01  -7.3158229e-01
   1.2917798e+00   1.8274363e+01   1.4438056e+00
  -1.1584987e+00   1.3276404e+01  -7.9960731e-01
   1.7624351e+00   1.9774087e+01   1.8771391e+00
  -3.8081981e-01   1.3496805e+01  -9.3182183e-03
  -4.2863246e-01   1.5323745e+01  -1.8594285e-01
   2.0078221e+00   1.8436715e+01   2.1695997e+00
   5.9969372e-01   1.2613749e+01   1.1134171e+00
   2.7230202e+00   1.8777036e+01   2.8892973e+00
   1.2866095e+00   1.7649457e+01   1.4621162e+00
   5.8799965e-01   1.7481197e+01   7.5461110e-01
   1.2561968e+00   1.7995412e+01   1.4175644e+00
   1.6224099e+00   1.6494541e+01   1.8624776e+00
   6.5771508e-01   1.7565420e+01   8.2256036e-01
   8.3779744e-01   1.7933071e+01   9.9275208e-01
   1.1313744e+00   1.4162881e+01   1.5164430e+00
  -3.5453050e+00   7.5475669e+00  -2.4901109e+00
   9.9191932e-01   1.7357335e+01   1.1724663e+00
  -3.7369288e+00   9.0634295e+00  -2.9949063e+00
   1.4052421e+00   1.9339424e+01   1.5259645e+00
  -2.6228791e+00   1.0439221e+01  -2.0270411e+00
   1.6440143e+00   1.9690490e+01   1.7590411e+00
  -1.7006276e+00   1.4590520e+01  -1.4490419e+00
   1.0570873e+00   1.8279787e+01   1.2042610e+00
   1.9384536e-01   1.3422557e+01   5.9853686e-01
   6.5409099e-01   1.8475087e+01   7.8768173e-01
  -5.5538730e-01   1.2550319e+01  -1.0264948e-01
   4.8382917e-01   1.9155696e+01   5.9562987e-01
  -7.8272140e-01   1.2653249e+01  -3.5166818e-01
   8.0381272e-01   1.8184947e+01   9.4938510e-01
   6.2142414e-01   1.6477209e+01   8.3234180e-01
   3.0964374e-01   1.9538379e+01   4.0985863e-01
  -3.6761525e-01   1.6963130e+01  -2.0004044e-01
  -1.3742184e-01   1.8929035e+01  -2.8018524e-02
   1.8699481e-01   1.9426297e+01   2.8833081e-01
