   1.7724531e+00   1.7319723e+01   1.9750146e+00
   9.9615780e-01   1.7200881e+01   1.1834497e+00
   9.1871818e-01   1.3132722e+01   1.3938669e+00
   8.6486816e-01   1.6724176e+01   1.0704047e+00
   9.6987953e-01   1.8534407e+01   1.1070838e+00
   1.3054811e+00   1.9084928e+01   1.4317959e+00
   7.0683187e-01   1.5777170e+01   9.5744964e-01
  -3.6752639e-01   1.6384512e+01  -1.7608278e-01
   6.5209923e-02   1.5939357e+01   2.8822308e-01
   1.0527932e+00   1.7132622e+01   1.2444830e+00
   6.5996754e-01   1.6977879e+01   8.4879315e-01
  -1.4338553e-01   1.6428213e+01   5.1058655e-02
   8.5395667e-01   1.9723779e+01   9.5669989e-01
   2.7544785e-01   1.5660742e+01   5.1935880e-01
   9.1961383e-01   1.9774316e+01   1.0220263e+00
  -9.7203242e-01   1.5293955e+01  -7.4170386e-01
   6.0758933e-01   1.8965439e+01   7.2620784e-01
   8.3737294e-01   1.8424321e+01   9.7571904e-01
   1.3640005e+00   1.3239410e+01   1.8568214e+00
   1.4539036e+00   1.8519404e+01   1.6007565e+00
   9.1271037e-01   1.6011238e+01   1.1565519e+00
   1.3969965e+00   1.8582198e+01   1.5406184e+00
   1.7035477e+00   1.7033385e+01   1.9178917e+00
   1.4190466e+00   1.8475097e+01   1.5667066e+00
  -3.0771435e+00   8.9702405e+00  -2.2789611e+00
   8.1618695e-01   1.8324758e+01   9.5736314e-01
   7.0356909e-01   1.8530728e+01   8.3628191e-01
   7.6107263e-01   1.7923070e+01   9.1486787e-01
   1.4732389e-01   1.8794288e+01   2.6398850e-01
   9.0335698e-01   1.7758282e+01   1.0660584e+00
   1.4223375e+00   1.8641434e+01   1.5644969e+00
  -3.6952971e-01   1.7477451e+01  -2.2069247e-01
   7.6968352e-01   1.7549043e+01   9.3752221e-01
   9.8242829e-01   1.8167203e+01   1.1320077e+00
   8.1766499e-01   1.6828573e+01   1.0170868e+00
   8.8447792e-01   1.3477363e+01   1.3211177e+00
   1.8899808e+00   1.6855159e+01   2.1193572e+00
  -1.7977292e-02   1.2579083e+01   4.6109229e-01
   5.9906245e-01   1.5777248e+01   8.4625878e-01
   1.7078357e+00   1.4099027e+01   2.1315561e+00
   1.0306187e+00   1.7328059e+01   1.2133154e+00
  -2.3577485e+00   9.7832597e+00  -1.6499507e+00
   1.1605371e+00   2.0637431e+01   1.2471439e+00
  -1.2510187e+00   1.2578759e+01  -8.3393878e-01
   1.5415618e+00   2.0223830e+01   1.6418414e+00
  -2.0047903e+00   1.1649231e+01  -1.5260494e+00
   1.5025574e+00   2.0624465e+01   1.5934975e+00
  -6.2319029e-01   1.0390544e+01   1.1491071e-01
   1.9751614e+00   1.6293802e+01   2.2396490e+00
  -5.1496226e-01   1.5581488e+01  -2.8844173e-01
   1.7288652e+00   1.8528698e+01   1.8810851e+00
   1.3202290e+00   1.9807344e+01   1.4273607e+00
   1.7415431e+00   1.9156616e+01   1.8734410e+00
  -1.2388545e+00   1.5253315e+01  -1.0126839e+00
   1.8528417e+00   2.0059831e+01   1.9615954e+00
  -2.0775931e+00   1.3308815e+01  -1.7519615e+00
   1.6072309e+00   1.8945958e+01   1.7431404e+00
  -1.6542907e+00   1.4824895e+01  -1.4147986e+00
   1.9404207e+00   2.0799252e+01   2.0332518e+00
   7.1410884e-01   1.8523029e+01   8.4723475e-01
  -2.5786620e+00   9.6805872e+00  -1.8685746e+00
   1.1101191e+00   1.8920970e+01   1.2379405e+00
   1.1195067e+00   1.7610178e+01   1.2927016e+00
   8.5783945e-01   1.7474171e+01   1.0305466e+00
   3.3114513e-01   1.8812514e+01   4.4991026e-01
   1.2162252e+00   1.8006109e+01   1.3763356e+00
   1.6575158e+00   1.9359898e+01   1.7818987e+00
  -5.5154209e-02   1.6865623e+01   1.2247207e-01
   1.9606206e-01   1.5382152e+01   4.5365305e-01
   1.1800047e+00   1.8635608e+01   1.3177937e+00
   1.0230723e+00   1.9906909e+01   1.1237404e+00
  -3.7391465e+00   1.0134351e+01  -3.1555063e+00
  -1.8458950e+00   1.5397157e+01  -1.6396160e+00
  -3.9078761e+00   1.0910516e+01  -3.4236570e+00
   1.1647684e+00   2.0272292e+01   1.2590358e+00
  -4.7026362e+00   1.0551241e+01  -4.2045200e+00
   1.5777180e+00   2.0251388e+01   1.6778573e+00
  -1.5057001e+00   1.5097062e+01  -1.2774279e+00
   1.1303215e+00   2.0865243e+01   1.2121708e+00
   7.1241189e-01   1.4415548e+01   1.0559447e+00
   7.3069076e-01   1.9715632e+01   8.3202710e-01
  -2.1970137e+00   9.6224971e+00  -1.4519031e+00
   3.4810757e-01   1.9176780e+01   4.5753656e-01
  -3.9234811e-01   1.1862938e+01   1.4801545e-01
   1.1696161e+00   1.8775184e+01   1.3028538e+00
  -5.0474922e-01   1.7756934e+01  -3.6726480e-01
   8.3204375e-01   1.8977074e+01   9.5374856e-01
   4.5650542e-01   1.7016975e+01   6.3893030e-01
  -1.9710525e+00   1.4213708e+01  -1.7036759e+00
   4.7875974e-01   2.0617071e+01   5.5854753e-01
