  -1.6886531e+01  -1.4499976e+00  -1.2964983e+01
  -1.6886523e+01   1.3664798e+00  -1.4440513e+01
  -2.0311487e+01  -6.0018953e+00  -1.3172685e+01
  -1.4165759e+01   6.2409938e+00  -1.3200125e+01
  -1.7630886e+01  -7.3329366e-01  -1.4148841e+01
  -1.5516795e+01   1.4791559e+00  -1.3095790e+01
  -1.8736180e+01  -2.4719812e+00  -1.4212449e+01
  -1.4562847e+01   3.5713786e+00  -1.2913771e+01
  -1.7146133e+01   6.5057390e-01  -1.4376214e+01
  -1.7936432e+01  -1.7131967e-01  -1.4766357e+01
  -1.7380523e+01  -5.3721723e+00  -1.0619102e+01
  -1.1311604e+01   5.9105094e+00  -1.0237138e+01
  -1.7024094e+01   2.2124099e-01  -1.4040330e+01
  -1.5879801e+01   1.7948013e-01  -1.2849348e+01
  -1.7019060e+01  -6.3915127e-01  -1.3576317e+01
  -1.5251884e+01   8.7407491e-01  -1.2549383e+01
  -2.1730294e+01  -5.8061014e+00  -1.4798883e+01
  -1.4466095e+01   5.9171473e+00  -1.3436162e+01
  -1.8407764e+01  -8.2350222e+00  -9.1264337e+00
  -1.0033490e+01   9.9699497e+00  -9.5732090e+00
  -1.5044647e+01  -4.0555113e-01  -1.1674978e+01
  -1.3526420e+01   7.6826161e-01  -1.0718650e+01
  -1.3864557e+01  -7.7088234e-01  -1.0233315e+01
  -1.1766686e+01   2.1307589e+00  -9.5116437e+00
  -1.5468070e+01   5.4982489e-01  -1.2613964e+01
  -1.6739655e+01   1.2026213e+00  -1.4218852e+01
  -1.6302094e+01  -4.6804286e+00  -1.0039652e+01
  -1.2439881e+01   6.4278163e+00  -1.1492492e+01
  -1.9574607e+01  -7.0769467e+00  -1.1468771e+01
  -1.3800838e+01   7.4034234e+00  -1.3042263e+01
  -1.2607776e+01   2.8578957e+00  -1.0670307e+01
  -1.4902152e+01  -2.5610236e+00  -1.0164225e+01
  -1.6649327e+01  -5.5687865e+00  -9.6646742e+00
  -1.1502852e+01   7.9235699e+00  -1.0803550e+01
  -2.1672677e+01  -7.6268055e+00  -1.3179423e+01
  -1.3493223e+01   8.4093583e+00  -1.2879965e+01
  -1.5258761e+01   4.1233234e-01  -1.2330440e+01
  -1.4219793e+01   8.2609487e-01  -1.1464864e+01
  -2.2775581e+01  -3.1090000e+00  -1.7891170e+01
  -1.8495547e+01   3.7377564e+00  -1.6937796e+01
  -2.0183594e+01  -1.1603910e+01  -7.6410332e+00
  -7.7325674e+00   1.1544371e+01  -7.3868233e+00
  -2.1416655e+01  -2.7620050e+00  -1.6749779e+01
  -1.8222603e+01   3.3944182e+00  -1.6555961e+01
  -2.1033396e+01  -5.3170666e+00  -1.4479066e+01
  -1.5004661e+01   5.3543469e+00  -1.3853714e+01
  -1.5705313e+01  -1.2054138e+00  -1.1893721e+01
  -1.3697901e+01   2.4571527e+00  -1.1638110e+01
  -1.5633080e+01  -3.1675617e-01  -1.2331911e+01
  -1.4648767e+01   4.0713095e-01  -1.1699522e+01
  -1.9431087e+01  -7.3307718e-01  -1.5979789e+01
  -1.8536954e+01   1.0456414e+00  -1.5970005e+01
  -1.9528087e+01  -1.0159673e+01  -8.4349879e+00
  -8.5912209e+00   1.0124907e+01  -8.1297386e+00
  -2.0017298e+01  -9.2578962e-01  -1.6465614e+01
  -1.8409002e+01   1.9081947e+00  -1.6208270e+01
  -1.6626940e+01  -1.4552076e+00  -1.2694310e+01
  -1.4451356e+01   1.4750590e+00  -1.2003864e+01
  -1.6151240e+01   1.5014735e-01  -1.3112378e+01
  -1.5549443e+01   8.0580979e-01  -1.2821682e+01
  -1.4406805e+01   4.2409071e+00  -1.2958945e+01
  -1.7725854e+01  -3.0353265e+00  -1.2787899e+01
  -2.1593065e+01  -1.2727169e+01  -8.0360820e+00
  -7.9004595e+00   1.4149904e+01  -7.7093907e+00
  -1.9033697e+01   1.6983623e-01  -1.6054998e+01
  -1.6723078e+01   1.1374829e+00  -1.4172720e+01
  -1.4569476e+01  -8.5209715e-01  -1.0923707e+01
  -1.3922601e+01   1.1670341e+00  -1.1320077e+01
  -1.4180371e+01  -1.2714556e+00  -1.0259813e+01
  -1.3582494e+01   1.7124641e+00  -1.1214310e+01
  -1.9029279e+01  -9.3543632e+00  -8.7029198e+00
  -9.4665026e+00   9.8205958e+00  -8.9844756e+00
  -1.5258983e+01   4.2441373e+00  -1.3822741e+01
  -1.7709403e+01  -2.6140625e+00  -1.3061816e+01
  -1.7745733e+01  -4.2989762e+00  -1.1873446e+01
  -1.3230986e+01   4.3818172e+00  -1.1805019e+01
  -1.6061360e+01  -1.3002347e+00  -1.2204883e+01
  -1.3767686e+01   1.7795072e+00  -1.1433829e+01
  -1.8943930e+01   2.4623377e+00  -1.6961047e+01
  -1.9427196e+01   3.9731969e-01  -1.6565556e+01
  -1.8564346e+01  -1.6321573e+00  -1.4572819e+01
  -1.7317113e+01   1.6251402e+00  -1.4988044e+01
  -1.8173003e+01  -4.7602594e+00  -1.1958033e+01
  -1.3932588e+01   5.2925890e+00  -1.2755571e+01
  -1.4825643e+01   1.8897025e+00  -1.2564691e+01
  -1.5487857e+01  -1.1849589e+00  -1.1680471e+01
  -1.3967773e+01   2.0728715e+00  -1.1761952e+01
  -1.5532665e+01  -2.0539284e+00  -1.1175639e+01
  -1.9788122e+01  -5.7820404e+00  -1.2812030e+01
  -1.3127111e+01   5.6552207e+00  -1.2024566e+01
