  -9.7606245e-01   1.7183074e+01  -8.2690413e-01
  -2.1415341e+00   1.1279648e+01  -1.6273750e+00
  -5.5394432e-01   1.3919107e+01  -2.2338823e-01
   2.4053535e-01   1.6965958e+01   4.2030756e-01
   5.8760260e-01   1.8226165e+01   7.2791055e-01
   6.2579241e-01   1.9083124e+01   7.4149931e-01
  -1.5913629e+00   1.5643494e+01  -1.3916486e+00
  -2.9248161e+00   1.3057968e+01  -2.6042534e+00
  -2.3472162e+00   1.2751006e+01  -1.9862345e+00
  -6.1992562e-01   1.7490294e+01  -4.7557481e-01
  -1.0131389e+00   1.3919912e+01  -6.9874434e-01
  -2.4216930e+00   1.5251374e+01  -2.2191229e+00
   4.6886810e-02   1.9193006e+01   1.5206217e-01
  -2.6707648e-01   1.5507227e+01  -3.0110221e-02
  -5.5651189e-01   1.5733583e+01  -3.3878341e-01
  -1.5127094e+00   1.3220679e+01  -1.1620640e+00
  -2.8152902e+00   1.0343791e+01  -2.2164437e+00
  -2.0381672e+00   1.3555778e+01  -1.7292888e+00
  -7.1596909e-01   1.1291173e+01  -1.2221942e-01
   8.8384717e-01   1.8354078e+01   1.0252957e+00
   8.6690149e-01   1.7545207e+01   1.0369993e+00
   1.0368941e+00   1.7834580e+01   1.1995628e+00
   1.4953517e+00   1.6165744e+01   1.7498585e+00
   1.1590578e+00   1.8203694e+01   1.3108687e+00
  -6.4283543e+00   5.7570997e+00  -5.1344210e+00
  -4.1894513e+00   1.6505544e+01  -4.0562529e+00
   7.1051507e-02   1.4492142e+01   3.8256775e-01
   7.2223848e-01   1.8166954e+01   8.6690573e-01
   1.2268573e+00   1.9204900e+01   1.3484382e+00
   1.5491736e+00   1.8798442e+01   1.6886711e+00
   4.2888838e-01   1.4033176e+01   7.9080867e-01
   3.3632885e-01   1.8123246e+01   4.7562475e-01
  -4.2029630e+00   1.2047735e+01  -3.8358465e+00
  -1.8044600e+00   1.7719880e+01  -1.6829280e+00
   1.2059572e+00   1.8400966e+01   1.3519174e+00
   8.6360715e-01   1.4092252e+01   1.2412245e+00
   3.2227062e-01   1.6695850e+01   5.1549920e-01
  -2.0569686e+00   1.2094960e+01  -1.6265776e+00
  -6.5578965e+00   8.3896878e+00  -5.8289913e+00
  -2.0661387e+00   1.5030560e+01  -1.8462802e+00
   6.9896724e-02   1.4802116e+01   3.5989110e-01
  -1.4174821e+00   1.3463462e+01  -1.0826313e+00
   8.6987940e-01   2.0870795e+01   9.4891255e-01
  -1.4553591e+00   1.4360665e+01  -1.1837590e+00
   1.4150372e-01   1.6046681e+01   3.6106225e-01
  -1.5181938e+00   1.3449874e+01  -1.1856531e+00
  -5.7884521e-01   1.4032134e+01  -2.5766355e-01
  -1.1974774e-01   1.4265594e+01   2.0108978e-01
  -2.8896851e+00   1.6087323e+01  -2.7287462e+00
  -5.7109636e+00   9.9576164e+00  -5.1738005e+00
  -2.0365575e+00   1.2426920e+01  -1.6367905e+00
  -1.0082296e+00   1.9788966e+01  -9.2657771e-01
  -1.9502666e+00   1.4929365e+01  -1.7228602e+00
  -4.6606562e+00   1.0241525e+01  -4.1253534e+00
  -2.1861980e-01   1.9703375e+01  -1.2792445e-01
  -2.0295365e+00   1.4304754e+01  -1.7690752e+00
  -2.2287249e+00   1.5923222e+01  -2.0521067e+00
  -5.0486529e+00   8.6392273e+00  -4.3019534e+00
   4.3343356e-01   1.6929017e+01   6.1906579e-01
  -4.3334538e-01   1.1980814e+01   9.0045606e-02
  -2.9172186e+00   1.1762339e+01  -2.4865926e+00
  -8.0503645e-01   1.8950563e+01  -7.0389693e-01
   6.4042842e-01   1.4112142e+01   1.0055161e+00
   1.4733188e+00   1.9127924e+01   1.6012600e+00
   1.6676249e+00   2.0173317e+01   1.7708577e+00
   1.3832413e+00   1.8835553e+01   1.5184506e+00
   7.7939764e-01   1.5160389e+01   1.0711118e+00
   6.3483753e-01   1.8024204e+01   7.8270604e-01
  -3.9196210e+00   7.1784172e+00  -2.8076089e+00
  -1.3729684e+00   1.8078980e+01  -1.2563459e+00
  -4.8423745e+00   1.4766615e+01  -4.6520389e+00
  -7.9768939e+00   8.4269462e+00  -7.2934044e+00
  -5.6510402e+00   1.9692155e+01  -5.5919603e+00
  -8.8502017e+00   4.8112975e+00  -7.4197488e+00
  -6.0231482e+00   1.8214727e+01  -5.9417278e+00
  -9.7083234e+00   4.0654395e+00  -8.0853815e+00
  -2.4532653e+00   1.5365340e+01  -2.2564438e+00
  -4.9420340e+00   8.6612117e+00  -4.1941531e+00
   7.5850416e-01   1.9388376e+01   8.6816614e-01
   1.0084434e+00   1.5580529e+01   1.2812281e+00
  -3.2101787e-01   1.4871327e+01  -4.8392561e-02
  -2.5141976e+00   9.6731324e+00  -1.7988000e+00
  -4.5601635e-01   1.5794108e+01  -2.3888544e-01
  -9.4594960e-01   1.2349151e+01  -4.9190339e-01
   2.8222679e-01   1.4815926e+01   5.7885491e-01
   4.2874421e-01   1.9132995e+01   5.4037396e-01
  -1.4249433e+00   1.2383469e+01  -9.9649740e-01
  -1.7390522e-02   1.9132442e+01   8.8464715e-02
  -3.1839028e+00   1.0575716e+01  -2.6325807e+00
  -7.0097149e-01   2.1693749e+01  -6.4657258e-01
