   1.1808141e+00   1.8887431e+01   1.3108379e+00
  -4.7871295e-02   1.5964175e+01   1.7092573e-01
   1.2019330e+00   1.4193904e+01   1.5879400e+00
   1.7776843e+00   1.7729207e+01   1.9620723e+00
   1.1234712e+00   2.1701086e+01   1.1909154e+00
   1.4118968e+00   1.9828443e+01   1.5198334e+00
   4.3362273e-01   1.6785927e+01   6.2548631e-01
  -1.5849010e-01   1.5578043e+01   7.7584547e-02
  -4.2990001e-01   1.6336076e+01  -2.3766220e-01
   9.2324914e-01   1.7650671e+01   1.0904723e+00
   9.0730964e-02   1.3653558e+01   4.6960228e-01
  -9.4080996e-01   1.3889931e+01  -6.2180683e-01
   9.4290494e-01   1.9131521e+01   1.0620380e+00
   5.7374225e-01   1.4635734e+01   8.9446376e-01
   3.9324870e-01   1.7003041e+01   5.7483850e-01
  -4.4687265e-01   1.5968873e+01  -2.3808503e-01
   7.7350462e-01   1.9586797e+01   8.7846287e-01
   1.3937889e+00   1.9014396e+01   1.5237150e+00
  -2.4248836e-01   1.2826382e+01   1.9804459e-01
   1.2769792e+00   1.9302147e+01   1.3966602e+00
   5.0289130e-01   1.8202905e+01   6.4247564e-01
   1.2598327e+00   1.8692028e+01   1.3972940e+00
   1.3821215e+00   1.5793273e+01   1.6552457e+00
   2.1544692e+00   1.9539663e+01   2.2825197e+00
  -2.7784853e+00   1.0949857e+01  -2.2547493e+00
   1.8191475e-01   1.8337734e+01   3.1205170e-01
  -6.2651003e-01   1.1737898e+01  -8.5208984e-02
   8.8755750e-01   1.8275673e+01   1.0316566e+00
   8.6864037e-01   1.7862388e+01   1.0267691e+00
   1.6631583e+00   1.9454198e+01   1.7849576e+00
   6.8031441e-01   1.4951347e+01   9.8257430e-01
   2.9820479e-01   1.8474325e+01   4.2608362e-01
  -3.6995313e-01   1.4144237e+01  -4.9472717e-02
   9.3469145e-01   1.8292221e+01   1.0791189e+00
   1.3496262e+00   2.0804046e+01   1.4350906e+00
   1.6218933e+00   1.4513919e+01   2.0019189e+00
   3.4808045e-01   1.4589317e+01   6.6318596e-01
  -3.1852854e+00   8.7835583e+00  -2.3604177e+00
   2.0127554e-01   1.8444405e+01   3.2854748e-01
   1.4752061e+00   1.4708178e+01   1.8310130e+00
   7.9605451e-01   1.3956011e+01   1.1823182e+00
  -7.9129942e-01   1.2329921e+01  -3.2746876e-01
   1.2376768e+00   2.0590194e+01   1.3261300e+00
  -3.1647273e-01   1.2934776e+01   1.0949182e-01
   8.5042151e-01   1.6997614e+01   1.0430241e+00
  -4.7928165e-01   1.3027351e+01  -7.0050570e-02
   8.2780442e-01   1.8277608e+01   9.7073686e-01
   1.3487579e+00   1.4443613e+01   1.7204840e+00
   8.9084931e-01   1.6216984e+01   1.1227087e+00
  -2.1270365e+00   8.7071713e+00  -1.2042746e+00
   8.2314249e-01   1.7077312e+01   1.0115702e+00
   1.0562113e+00   1.9749122e+01   1.1610618e+00
   4.9175623e-01   1.4624008e+01   8.1002203e-01
  -3.4339329e+00   6.0059060e+00  -1.9373695e+00
   1.0749499e+00   1.9774990e+01   1.1794325e+00
  -2.1983340e+00   8.5264856e+00  -1.2437538e+00
   7.9661970e-01   1.7315589e+01   9.7435877e-01
  -2.2855717e+00   1.0974879e+01  -1.7417731e+00
   1.2883649e+00   1.7455821e+01   1.4719446e+00
   8.7506691e-01   1.6474434e+01   1.0930931e+00
  -2.0282202e+00   9.4129946e+00  -1.2341331e+00
   9.9937369e-01   1.9196576e+01   1.1175953e+00
  -5.1814534e-01   1.2615429e+01  -7.0240364e-02
   1.3665344e+00   1.8951194e+01   1.4978847e+00
   5.6499891e-01   1.6603584e+01   7.6840476e-01
   1.9528704e+00   1.9515418e+01   2.0779574e+00
   1.2477297e+00   1.6147759e+01   1.4947688e+00
   7.0092983e-01   1.7778459e+01   8.5873091e-01
  -6.3048732e-01   1.4690252e+01  -3.5597804e-01
   9.6067961e-01   1.9252433e+01   1.0768033e+00
  -1.7189989e+00   1.4607904e+01  -1.4688524e+00
  -7.4906497e+00   2.9718768e+00  -5.3077949e+00
  -1.9245408e+00   1.9935889e+01  -1.8522979e+00
  -7.1878996e+00   3.2883176e+00  -5.1099497e+00
  -2.3789053e+00   1.8359659e+01  -2.2792095e+00
  -8.2629648e+00   2.7243535e+00  -6.0440886e+00
  -1.9147367e+00   1.9360803e+01  -1.8322124e+00
  -9.5194329e+00  -1.5306536e+00  -4.9251980e+00
   1.2374981e+00   1.9705229e+01   1.3459779e+00
   1.6626082e+00   1.6308230e+01   1.9146822e+00
  -1.8081761e-01   1.4483957e+01   1.2210566e-01
  -4.1382730e+00   6.8618162e+00  -2.9654458e+00
  -7.8157726e-01   1.4179843e+01  -4.7796458e-01
  -7.4955233e-01   1.2277666e+01  -2.7794662e-01
   5.7029608e-01   1.5910309e+01   8.0914605e-01
   3.7627165e-01   1.9961084e+01   4.6792353e-01
  -2.3780893e+00   1.2063195e+01  -1.9570218e+00
  -1.5901191e-01   1.9252362e+01  -5.7707757e-02
  -8.5292403e-01   1.6483986e+01  -6.7548415e-01
   1.0683246e+00   2.2060372e+01   1.1299634e+00
