   1.4941822e+00   1.8146610e+01   1.6551263e+00
   8.2821975e-03   1.6098163e+01   2.2183733e-01
   1.1646892e+00   1.3548289e+01   1.6108124e+00
   1.0467125e+00   1.7054073e+01   1.2417550e+00
   9.7787011e-01   2.0725615e+01   1.0607349e+00
   1.1728797e+00   1.9114042e+01   1.2961496e+00
   1.1110172e+00   1.7582742e+01   1.2851169e+00
   5.0954324e-01   1.6178112e+01   7.3237373e-01
  -2.5167680e+00   1.0401113e+01  -1.9101302e+00
  -1.0484195e-01   1.7145084e+01   6.0753380e-02
  -8.7578020e-01   1.4696101e+01  -6.0884070e-01
  -1.0504321e+00   1.5324245e+01  -8.2356673e-01
   2.3316419e-01   1.7841725e+01   3.7995360e-01
   2.9686667e-01   1.6306498e+01   5.0758698e-01
   6.6769560e-01   1.8736403e+01   7.9369084e-01
  -9.7073616e-01   1.5522415e+01  -7.5215313e-01
   9.0195936e-01   2.0203764e+01   9.9450760e-01
   1.2845183e+00   1.8810834e+01   1.4187043e+00
   1.3149409e+00   1.3547684e+01   1.7705102e+00
   1.7143420e+00   1.8832950e+01   1.8559399e+00
  -6.9615669e-01   1.5810103e+01  -4.8547267e-01
   9.6941752e-01   1.8673135e+01   1.1022923e+00
   1.7505604e+00   1.6746899e+01   1.9811298e+00
   2.2238869e+00   1.9597205e+01   2.3515300e+00
  -1.4978080e+00   1.1264018e+01  -9.4849869e-01
   4.7554740e-01   1.8008342e+01   6.2104181e-01
  -1.4440004e+00   1.6210830e+01  -1.2661321e+00
   5.3874060e-01   1.7848721e+01   6.9087569e-01
  -7.2562598e-01   1.4824267e+01  -4.6220259e-01
   1.2832389e+00   1.9198632e+01   1.4059159e+00
   1.1227494e+00   1.6931932e+01   1.3254038e+00
  -4.8669880e-02   1.8023488e+01   8.7485963e-02
   2.9003797e-01   1.7808930e+01   4.3895909e-01
   1.2275023e+00   1.8202431e+01   1.3807480e+00
   1.3635729e+00   1.9164843e+01   1.4885528e+00
   1.3681018e+00   1.4033201e+01   1.7780935e+00
   1.2246412e+00   1.4888322e+01   1.5542708e+00
  -2.7131682e-01   1.2196584e+01   2.3626205e-01
  -4.5280050e-01   1.2917997e+01  -3.1872767e-02
   6.1071745e-01   1.3372250e+01   1.0423021e+00
   1.1992754e+00   1.6028429e+01   1.4515716e+00
  -1.0398569e+00   1.2581371e+01  -6.1367684e-01
   1.0180235e+00   1.6915797e+01   1.2186358e+00
  -1.1269835e+00   1.2500487e+01  -6.9681859e-01
  -4.0984327e-01   1.8603442e+01  -2.9549841e-01
  -4.8209168e+00   7.8096192e+00  -3.9117512e+00
   1.1318479e+00   1.8895511e+01   1.2607912e+00
   1.1577513e+00   1.3375389e+01   1.6217134e+00
   1.6826144e+00   1.6779945e+01   1.9092404e+00
  -1.0838925e+00   1.4804939e+01  -8.2918634e-01
  -6.5545765e-01   1.3833670e+01  -3.2213378e-01
  -1.3083257e-01   1.8050126e+01   3.2100503e-03
  -2.9635990e+00   9.5958848e+00  -2.2635020e+00
  -2.5922563e+00   1.3755181e+01  -2.3111931e+00
   8.2631617e-02   1.6904548e+01   2.6155092e-01
  -2.5433104e+00   1.1520340e+01  -2.0737781e+00
   1.1357279e+00   1.8300777e+01   1.2837164e+00
  -2.5835334e+00   1.4336759e+01  -2.3372470e+00
   1.3718154e+00   2.0847297e+01   1.4566840e+00
  -1.0785583e-01   1.6954016e+01   6.5127160e-02
  -7.8514611e-01   1.2095431e+01  -2.9532817e-01
   1.0409466e+00   1.8675009e+01   1.1750084e+00
  -7.3190045e-01   1.5556963e+01  -5.0945574e-01
   4.5117096e-01   1.6828151e+01   6.4158840e-01
  -5.8566319e-01   1.5998300e+01  -3.8145189e-01
   1.6077945e+00   1.8506522e+01   1.7582360e+00
   1.3025071e+00   1.7238916e+01   1.4958914e+00
   2.4612800e-01   1.6997586e+01   4.2471525e-01
  -4.2792420e+00   8.4180645e+00  -3.4553152e+00
   2.8228055e-01   1.9060309e+01   3.9379515e-01
  -4.7500869e+00   1.2316605e+01  -4.4163412e+00
  -7.8306905e+00   6.8741182e+00  -6.8698589e+00
  -2.2664831e+00   1.4219609e+01  -2.0064967e+00
  -6.6845104e+00   6.9312356e+00  -5.6897778e+00
  -6.2822715e-01   1.9164662e+01  -5.3011205e-01
  -7.1426048e+00   7.4553912e+00  -6.2716913e+00
  -3.1938879e-01   1.9840183e+01  -2.3249778e-01
  -5.7375152e+00   7.6584863e+00  -4.8468748e+00
   1.2162394e+00   1.9782928e+01   1.3224914e+00
   1.0047047e+00   1.5566317e+01   1.2782517e+00
   4.8976075e-01   1.7698019e+01   6.4631980e-01
  -3.5187986e+00   7.4267140e+00  -2.4326569e+00
  -4.8738295e+00   7.7003702e+00  -3.9457007e+00
  -1.6205911e+00   1.0899812e+01  -1.0310384e+00
   9.7687413e-01   1.7812962e+01   1.1390777e+00
  -2.3797443e-01   1.8243192e+01  -1.1132108e-01
  -1.1323401e+00   1.4091681e+01  -8.3384179e-01
   5.4156458e-01   1.8441547e+01   6.7431269e-01
  -7.2630574e-01   1.6981330e+01  -5.6588432e-01
   9.7105719e-01   2.1561025e+01   1.0393480e+00
