   2.2289555e+00   1.8728469e+01   2.3851132e+00
   4.9580313e-01   1.5460589e+01   7.5830502e-01
   6.9241663e-01   1.6190998e+01   9.1977773e-01
   1.8088614e+00   1.5827164e+01   2.0965962e+00
   1.7565697e+00   1.6653971e+01   1.9923560e+00
   1.8570272e+00   1.8642480e+01   2.0080001e+00
   2.3328032e+00   1.6988647e+01   2.5700916e+00
   6.9414385e-01   1.6214405e+01   9.2032961e-01
  -9.1550552e-02   1.5694783e+01   1.4006274e-01
   1.7858497e+00   1.6477583e+01   2.0324952e+00
   1.5216938e+00   1.5702150e+01   1.8060929e+00
   1.3916068e+00   1.7487516e+01   1.5764161e+00
   1.4792723e+00   1.6036803e+01   1.7409082e+00
   5.7055646e-01   1.4890713e+01   8.7281053e-01
   6.4916609e-01   1.6646628e+01   8.5271063e-01
   9.6591238e-01   1.4758271e+01   1.2939935e+00
   1.0872131e+00   1.4404289e+01   1.4491534e+00
   1.5567439e+00   1.7858207e+01   1.7302690e+00
   7.4155091e-01   1.5722753e+01   9.9647206e-01
   2.4316569e+00   1.8823728e+01   2.5890605e+00
   1.0894392e+00   1.5150336e+01   1.3940415e+00
   1.7310792e+00   1.8220545e+01   1.8945870e+00
   2.2136734e+00   1.6285519e+01   2.4881174e+00
   3.1242925e-01   1.7428520e+01   4.7543712e-01
  -2.7421515e+00   1.1047634e+01  -2.2283121e+00
   2.0271019e+00   1.8037816e+01   2.2050134e+00
   9.8568995e-01   1.5365308e+01   1.2715323e+00
   2.0269618e+00   1.7972200e+01   2.2075916e+00
   1.3758969e+00   1.6651499e+01   1.5996324e+00
   1.4305827e+00   1.7511018e+01   1.6153719e+00
   5.8129642e-01   1.6168598e+01   8.0663765e-01
   1.3815409e+00   1.6090265e+01   1.6364971e+00
   4.6104960e-01   1.2834671e+01   9.4047381e-01
   1.4913023e+00   1.7502658e+01   1.6779980e+00
   1.8231095e+00   1.7620312e+01   2.0134227e+00
   2.2936261e+00   1.2874992e+01   2.9095914e+00
  -5.0133781e+00   2.1553441e+00  -2.0229175e+00
  -2.5303951e+00   1.2382827e+01  -2.1440569e+00
   9.6962077e-01   1.6207646e+01   1.2043891e+00
   2.5710326e+00   1.3490926e+01   3.1276324e+00
   1.5957589e+00   1.4594632e+01   1.9673391e+00
   2.0085139e+00   1.3095764e+01   2.5683731e+00
   1.7670964e+00   1.6976503e+01   1.9862407e+00
   8.3099024e-01   1.3150812e+01   1.2986271e+00
   9.9181853e-01   1.8070364e+01   1.1449656e+00
   1.5319551e+00   1.2810796e+01   2.0897622e+00
  -1.9312676e-01   1.4813477e+01   8.7259496e-02
   1.7175264e+00   1.3093822e+01   2.2539318e+00
   3.1045493e+00   1.7331774e+01   3.3513585e+00
  -2.6904616e+00   1.0818368e+01  -2.1468315e+00
   1.7093064e+00   1.8223570e+01   1.8722018e+00
   2.2439907e+00   1.8347730e+01   2.4149081e+00
   1.9853723e+00   1.5231293e+01   2.3243815e+00
  -1.9630804e-01   1.5642055e+01   3.5295678e-02
   1.8763243e+00   1.6202305e+01   2.1426505e+00
  -2.6884069e+00   1.1303134e+01  -2.2012680e+00
   1.0022104e+00   1.6547587e+01   1.2201779e+00
  -1.3875320e+00   1.0844518e+01  -7.7608538e-01
   1.7517003e+00   1.4954459e+01   2.1011796e+00
   5.7214776e-01   1.4174093e+01   9.2890195e-01
  -1.4128549e+00   1.2606704e+01  -1.0052458e+00
   2.6680829e+00   1.8479879e+01   2.8447224e+00
  -1.1357372e-01   1.3771459e+01   2.4620876e-01
   1.7664055e+00   1.7190641e+01   1.9749312e+00
  -7.5644944e+00   6.0469436e+00  -6.4073330e+00
   1.6877778e+00   1.8548628e+01   1.8384298e+00
   7.7393089e-01   1.5485739e+01   1.0443257e+00
   2.4608069e+00   1.7800197e+01   2.6611936e+00
   4.4686259e-01   1.3891685e+01   8.2165816e-01
   1.9862621e+00   1.7875329e+01   2.1699056e+00
   1.4516226e+00   1.5065133e+01   1.7780726e+00
  -8.2492833e+00   3.9368594e+00  -6.5050117e+00
   1.5544648e+00   1.5271351e+01   1.8701810e+00
  -8.7924935e+00   5.7268979e+00  -7.6068605e+00
   8.7180801e-01   1.7439730e+01   1.0462075e+00
  -9.2055397e+00   4.8162138e+00  -7.7918271e+00
   1.2985840e+00   1.5089251e+01   1.6164169e+00
  -6.9573624e+00   5.3143289e+00  -5.5721726e+00
   1.5344477e+00   1.7479247e+01   1.7232772e+00
   1.0071194e+00   1.3892059e+01   1.4103079e+00
   3.9274635e-01   1.7521931e+01   5.5385392e-01
   5.4785049e-01   1.2707990e+01   1.0470990e+00
   6.7189802e-01   1.4471683e+01   1.0092294e+00
   6.4022003e-01   1.3264411e+01   1.0844122e+00
   2.2693988e-01   1.8002125e+01   3.6829775e-01
  -1.6880796e+00   1.0649900e+01  -1.0681712e+00
  -2.1496827e-01   1.5689769e+01   1.3612337e-02
  -4.6724988e+00   6.9792210e+00  -3.5714003e+00
   2.3051690e-01   1.4710819e+01   5.3250262e-01
   1.2407314e+00   1.9318411e+01   1.3593884e+00
