   1.6370105e+00   1.5363927e+01   1.9496386e+00
   9.0736194e-01   1.6222449e+01   1.1394282e+00
   1.3435781e+00   1.4531216e+01   1.7075630e+00
   1.2909341e+00   1.6472957e+01   1.5214192e+00
   1.2512097e+00   1.6222061e+01   1.4941537e+00
   2.0803969e+00   1.8873727e+01   2.2281634e+00
   1.2354911e+00   1.7908482e+01   1.3996745e+00
   1.9402723e+00   1.7599318e+01   2.1347395e+00
  -8.1599885e-01   1.4862299e+01  -5.5740751e-01
   1.6332906e+00   1.6803116e+01   1.8571480e+00
   1.2114890e+00   1.7306810e+01   1.3995450e+00
   1.7063106e+00   1.8174906e+01   1.8709795e+00
   7.5734351e-01   1.6956328e+01   9.4947691e-01
   4.0092977e-01   1.5282238e+01   6.7123999e-01
   1.1427126e+00   1.9649635e+01   1.2512215e+00
  -1.6018113e-03   1.5376439e+01   2.5028746e-01
   6.5998423e-01   1.8507458e+01   7.9267993e-01
   1.0415986e+00   1.8283989e+01   1.1883311e+00
   9.8464321e-01   1.4238667e+01   1.3555934e+00
   1.8123668e+00   1.8498033e+01   1.9674818e+00
   3.9557786e-01   1.5123455e+01   6.7578910e-01
   1.9701245e+00   1.8301609e+01   2.1361353e+00
   1.5294222e+00   1.7913062e+01   1.7001160e+00
   2.2758664e+00   1.8556359e+01   2.4394931e+00
  -1.8220629e+00   1.3207226e+01  -1.4807464e+00
   1.9547669e+00   1.8449913e+01   2.1148275e+00
   6.4837907e-01   1.6931376e+01   8.3896179e-01
   2.5688377e+00   1.8984471e+01   2.7236469e+00
   4.7426996e-01   1.8656367e+01   5.9955806e-01
   1.2648436e+00   1.7943069e+01   1.4283632e+00
   8.6065583e-01   1.7344596e+01   1.0386701e+00
   5.0980602e-01   1.7318739e+01   6.8109775e-01
   5.1111391e-01   1.7990492e+01   6.5785259e-01
   1.1139441e+00   1.7407936e+01   1.2952858e+00
   1.4848862e+00   1.5255917e+01   1.7986612e+00
   1.9129806e+00   1.3969062e+01   2.3630090e+00
   5.7461643e-01   1.6006626e+01   8.0834300e-01
   4.0403646e-01   1.3109077e+01   8.5071670e-01
   4.5003879e-01   1.7294696e+01   6.2101183e-01
   2.4418296e+00   1.3973536e+01   2.9288651e+00
   1.2950338e+00   1.7279699e+01   1.4864106e+00
   1.3302944e+00   1.4225444e+01   1.7203277e+00
   8.5317509e-01   1.8466460e+01   9.9046115e-01
   2.6371094e-01   1.3898147e+01   6.2947101e-01
   1.6542003e+00   2.0198548e+01   1.7566431e+00
  -3.6363096e-01   1.2788166e+01   7.4544390e-02
   1.4822957e+00   1.9889158e+01   1.5897531e+00
   1.1085904e+00   1.3365966e+01   1.5704424e+00
   2.0897974e+00   1.7061255e+01   2.3148969e+00
   1.2116911e+00   1.7378537e+01   1.3966617e+00
   1.0741647e+00   1.8718944e+01   1.2074536e+00
   2.1117282e+00   1.9144271e+01   2.2511661e+00
   1.8753354e+00   1.8166755e+01   2.0443006e+00
   1.5077882e+00   1.8369812e+01   1.6609295e+00
   1.7256037e+00   1.7491338e+01   1.9189959e+00
   4.9108183e-01   1.7134416e+01   6.6939553e-01
   1.9013930e+00   1.8796457e+01   2.0480084e+00
  -7.1054100e-02   1.6234106e+01   1.3399710e-01
   1.6676332e+00   1.9547245e+01   1.7869178e+00
   9.0707395e-01   1.6744971e+01   1.1127504e+00
  -1.6092165e+00   1.3492500e+01  -1.2828386e+00
   2.3039566e+00   1.8609880e+01   2.4662404e+00
   1.7630462e-01   1.6661662e+01   3.6764962e-01
   2.7761045e+00   1.9012694e+01   2.9348345e+00
   6.0444716e-01   1.7068322e+01   7.8808290e-01
   1.5510531e+00   1.8253031e+01   1.7093220e+00
   9.1693184e-01   1.7252655e+01   1.1000946e+00
   9.7109458e-01   1.7887428e+01   1.1304143e+00
  -6.0911954e-02   1.5073246e+01   2.0731278e-01
   1.4638600e+00   1.8070467e+01   1.6269810e+00
   1.4993340e+00   1.8677482e+01   1.6418048e+00
  -6.6394085e-01   1.4045698e+01  -3.4676729e-01
   2.6771261e-01   1.7752920e+01   4.1816162e-01
  -5.7267240e+00   6.2158987e+00  -4.5090481e+00
   1.7411880e+00   1.9805692e+01   1.8547201e+00
  -2.6328551e+00   1.1280831e+01  -2.1409093e+00
   1.5637300e+00   1.9001915e+01   1.6970913e+00
  -7.0125409e-01   1.3762762e+01  -3.6416245e-01
   1.1745041e+00   1.9130360e+01   1.2973372e+00
   9.7071456e-01   1.3817293e+01   1.3789503e+00
   5.7306176e-01   1.8625603e+01   7.0079488e-01
  -1.5245102e+00   9.3551271e+00  -6.7784884e-01
   4.8280581e-01   1.8996303e+01   5.9877497e-01
  -1.3346108e+00   8.4912597e+00  -2.8234510e-01
   1.1628453e+00   1.8706829e+01   1.2980800e+00
  -1.8954446e-01   1.5919873e+01   2.7879127e-02
   2.4425410e-01   1.7439963e+01   4.0549636e-01
  -9.4911489e-01   1.4178944e+01  -6.5085359e-01
  -4.2780198e-01   1.7156329e+01  -2.6859041e-01
   8.0745299e-01   1.9563191e+01   9.1344038e-01
