  -1.2810505e+01  -9.5933305e-01  -9.0008469e+00
  -1.0874163e+01   4.0631610e+00  -9.2950332e+00
  -9.1982170e+00   1.8668762e+00  -6.6679313e+00
  -5.7210656e+00   8.1700773e+00  -4.9240192e+00
  -6.4156417e+00   8.6140215e+00  -5.7171817e+00
  -8.4920187e+00   8.3160469e+00  -7.8034752e+00
  -4.4190305e+00   1.0819770e+01  -3.9415803e+00
  -8.1579024e+00   7.0968207e+00  -7.2522779e+00
  -7.1070093e+00   8.5297781e+00  -6.4166063e+00
  -8.2459345e+00   4.2674664e+00  -6.6144676e+00
  -1.0632149e+01  -2.8185542e-01  -7.0582934e+00
  -5.8876104e+00   8.6550778e+00  -5.1773534e+00
  -7.8690027e+00   1.1149616e+01  -7.4930977e+00
  -9.2469918e+00   5.1989301e+00  -7.9417540e+00
  -7.6201814e+00   5.2622673e+00  -6.2588527e+00
  -7.7234818e+00   6.9392650e+00  -6.7722012e+00
  -1.0988790e+01   9.0822500e+00  -1.0440004e+01
  -1.2011722e+01   5.3577760e+00  -1.0821393e+01
  -1.1889703e+01  -1.0146837e+00  -7.9720950e+00
  -5.5272049e+00   1.3205838e+01  -5.2658929e+00
  -5.0827960e+00   8.7929118e+00  -4.3625120e+00
  -7.1733494e+00   9.5819148e+00  -6.6270494e+00
  -4.1111668e+00   1.1421767e+01  -3.6856818e+00
  -5.9708274e+00   1.1291592e+01  -5.5773260e+00
  -6.0305322e+00   8.7805277e+00  -5.3445993e+00
  -7.6899788e+00   7.0071500e+00  -6.7512600e+00
  -1.1760850e+01  -9.0943952e-01  -7.8995604e+00
  -4.5627329e+00   1.1486832e+01  -4.1555857e+00
  -8.3723057e+00   9.3825541e+00  -7.8250307e+00
  -8.9303487e+00   7.4433595e+00  -8.1096643e+00
  -9.4764831e+00   2.0782363e+00  -7.0674151e+00
  -7.1471573e+00   1.1504972e+01  -6.7907825e+00
  -5.7635334e+00   7.5009521e+00  -4.8430695e+00
  -6.3005197e+00   9.0564365e+00  -5.6634461e+00
  -1.1473207e+01  -2.5977614e+00  -6.3700329e+00
  -7.5503245e+00   7.5506113e+00  -6.7108121e+00
  -5.1710242e+00   8.4592904e+00  -4.3996827e+00
  -9.7137560e+00  -2.7057574e-01  -6.0419695e+00
  -6.2573527e+00   7.4712051e+00  -5.3541139e+00
  -6.8212133e+00   5.4441416e+00  -5.4647905e+00
  -9.9711096e+00  -2.9290208e-01  -6.3170427e+00
  -3.9724635e+00   9.5824889e+00  -3.3229725e+00
  -4.4862788e+00   1.4252870e+01  -4.2677006e+00
  -8.5083709e+00   2.2697172e+00  -6.1071760e+00
  -8.8344008e+00   3.6605723e+00  -7.0279566e+00
  -6.5654481e+00   6.7412098e+00  -5.5235081e+00
  -4.3133403e+00   7.9373754e+00  -3.3991266e+00
  -4.7219396e+00   5.4589226e+00  -3.1966059e+00
  -4.8862444e+00   9.4024174e+00  -4.2495963e+00
  -6.1708149e+00   1.1665197e+01  -5.8124087e+00
  -5.3895447e+00   9.3266478e+00  -4.7607609e+00
  -5.3799725e+00   1.1609496e+01  -5.0023215e+00
  -8.2823722e+00   1.8818102e+00  -5.6721310e+00
  -3.7235548e+00   1.4441787e+01  -3.5033539e+00
  -6.3612776e+00   1.1323930e+01  -5.9777090e+00
  -8.1579156e+00   6.0810694e+00  -7.0340410e+00
  -8.0783974e+00   6.2401930e+00  -6.9886228e+00
  -7.9762608e+00   1.1149033e+01  -7.6016518e+00
  -6.0669965e+00   8.7209982e+00  -5.3732703e+00
  -6.2350691e+00   9.0267915e+00  -5.5918234e+00
  -6.9529001e+00   5.9275357e+00  -5.7353192e+00
  -5.0189689e+00   1.1247963e+01  -4.6009671e+00
  -9.9411100e+00  -5.3161163e-01  -6.1284443e+00
  -3.2073359e+00   1.3986211e+01  -2.9535872e+00
  -9.1032375e+00   8.6823311e+00  -8.4786481e+00
  -7.9876698e+00   1.0576227e+01  -7.5622055e+00
  -1.1993949e+01   2.4680995e+00  -9.8863849e+00
  -8.2307640e+00   1.0814585e+01  -7.8304441e+00
  -6.3804055e+00   6.5775703e+00  -5.2915959e+00
  -4.9523701e+00   8.7508939e+00  -4.2196433e+00
  -9.9512196e+00   3.0999098e-01  -6.6636519e+00
  -3.9577403e+00   1.3425108e+01  -3.6846520e+00
  -6.1417999e+00   9.7380479e+00  -5.5897719e+00
  -7.0318780e+00   1.0223492e+01  -6.5553169e+00
  -6.8013743e+00   7.0891795e+00  -5.8449550e+00
  -7.1708598e+00   1.1191413e+01  -6.7889167e+00
  -6.0847747e+00   5.2997583e+00  -4.6338093e+00
  -4.6712400e+00   9.9219881e+00  -4.0966610e+00
  -4.8008953e+00   1.3805085e+01  -4.5634432e+00
  -8.3467012e+00   5.4700800e+00  -7.0775752e+00
  -8.4922855e+00   3.3510698e+00  -6.5482154e+00
  -6.8649399e+00   6.8583896e+00  -5.8626728e+00
  -4.8736087e+00   1.0197996e+01  -4.3400771e+00
  -7.4326680e+00   5.1078974e+00  -6.0160845e+00
  -8.2594624e+00   7.3385155e+00  -7.4025248e+00
  -9.9166678e+00   1.0690850e+01  -9.5232714e+00
  -6.2028480e+00   8.2313367e+00  -5.4355240e+00
  -7.0485664e+00   1.0354621e+01  -6.5860102e+00
  -6.1391867e+00   6.5337977e+00  -5.0267246e+00
  -6.6877885e+00   7.0958213e+00  -5.7278435e+00
