  -7.0186528e+00   1.5387305e+01  -6.8697880e+00
  -6.0866278e+00   1.3399112e+01  -5.8433151e+00
  -8.1028126e+00   9.7571793e+00  -7.5945672e+00
  -7.5028878e+00   9.4005241e+00  -6.9413942e+00
  -7.1108645e+00   9.9411953e+00  -6.6050829e+00
  -6.0226033e+00   8.6314555e+00  -5.3135080e+00
  -5.1240823e+00   1.3300973e+01  -4.8627322e+00
  -4.5964763e+00   7.9153259e+00  -3.6952189e+00
  -1.1175558e+01   6.6698149e+00  -1.0256850e+01
  -8.3942932e+00   1.2251745e+01  -8.1055214e+00
  -7.5415491e+00   1.3431818e+01  -7.3139785e+00
  -7.3278104e+00   8.8160132e+00  -6.6850373e+00
  -5.5890389e+00   1.4660050e+01  -5.4018004e+00
  -4.9694257e+00   1.2428671e+01  -4.6482047e+00
  -7.2680175e+00   8.9379699e+00  -6.6407652e+00
  -6.8178826e+00   9.6739523e+00  -6.2747642e+00
  -9.4594233e+00   6.0703985e+00  -8.3769403e+00
  -7.8855965e+00   9.5664220e+00  -7.3516171e+00
  -3.8538594e+00   1.2209484e+01  -3.4914272e+00
  -2.7377449e+00   1.6036695e+01  -2.5729237e+00
  -4.7116861e+00   1.0090392e+01  -4.1597273e+00
  -3.0553461e+00   1.7605277e+01  -2.9431505e+00
  -8.4258505e-01   1.5616902e+01  -6.2577675e-01
   6.3803377e-02   1.6831310e+01   2.4536125e-01
  -1.1842233e+01   4.6022621e+00  -1.0450377e+01
  -8.7264156e+00   1.3065025e+01  -8.4882673e+00
  -3.3547848e+00   1.1563019e+01  -2.9195966e+00
  -2.6299929e+00   1.2844501e+01  -2.2851588e+00
  -2.2637672e+00   1.8918946e+01  -2.1752144e+00
  -1.7050642e+00   1.7665297e+01  -1.5808503e+00
  -4.3840221e+00   1.2356722e+01  -4.0457001e+00
  -4.5100180e+00   1.6810431e+01  -4.3882668e+00
  -5.8376989e+00   8.9861997e+00  -5.1757571e+00
  -4.6477374e+00   1.6833069e+01  -4.5276173e+00
  -7.2913443e+00   1.3069199e+01  -7.0420833e+00
  -6.7567957e+00   1.2245986e+01  -6.4503028e+00
  -5.6935334e+00   1.4708419e+01  -5.5093173e+00
  -5.3933604e+00   1.0660810e+01  -4.9264242e+00
  -1.0213451e+01   6.1250416e+00  -9.1629385e+00
  -8.1800759e+00   1.0729571e+01  -7.7714496e+00
  -5.5077890e+00   1.3551356e+01  -5.2659156e+00
  -5.4995127e+00   1.1766162e+01  -5.1372677e+00
  -5.0756318e+00   1.5058860e+01  -4.8999044e+00
  -5.0235215e+00   1.2883983e+01  -4.7346413e+00
  -6.5665105e+00   8.3232734e+00  -5.8272197e+00
  -6.1815511e+00   1.3031503e+01  -5.9182939e+00
  -8.3790966e+00   9.1404154e+00  -7.8020321e+00
  -7.6757487e+00   8.9785794e+00  -7.0635183e+00
  -6.4592643e+00   1.5266988e+01  -6.3027165e+00
  -6.3026477e+00   1.2718170e+01  -6.0216323e+00
  -9.2629233e+00   7.6988082e+00  -8.4932317e+00
  -6.9655099e+00   1.7078876e+01  -6.8640917e+00
  -5.1012395e+00   1.2331592e+01  -4.7753546e+00
  -5.1263539e+00   1.1706538e+01  -4.7516491e+00
  -4.3883870e+00   1.3976500e+01  -4.1541922e+00
  -4.3372731e+00   1.4482265e+01  -4.1278700e+00
  -6.1769696e+00   1.0215625e+01  -5.6813864e+00
  -6.2116585e+00   1.2072394e+01  -5.8852413e+00
  -8.7756262e+00   5.6107363e+00  -7.5602692e+00
  -7.1884176e+00   1.2325267e+01  -6.8924844e+00
  -1.0803534e+01   5.6862732e+00  -9.6669132e+00
  -8.0513980e+00   1.5746616e+01  -7.9191165e+00
  -1.2315382e+00   1.3213466e+01  -8.7017718e-01
  -4.3449320e-01   1.8681347e+01  -3.2248697e-01
  -2.0358989e+00   1.7769089e+01  -1.9182458e+00
  -1.3940689e+00   1.9019419e+01  -1.3003108e+00
  -3.5645817e+00   1.4239865e+01  -3.3313779e+00
  -3.5713782e+00   1.7867635e+01  -3.4696975e+00
  -6.8835102e+00   9.7167986e+00  -6.3469999e+00
  -5.7210333e+00   1.4709444e+01  -5.5371123e+00
  -8.3974087e+00   1.0783811e+01  -7.9964125e+00
  -8.8155018e+00   9.1218326e+00  -8.2435877e+00
  -9.1041785e+00   1.5455736e+01  -8.9670266e+00
  -9.1701788e+00   1.2824943e+01  -8.9217577e+00
  -8.7564389e+00   9.7668023e+00  -8.2593362e+00
  -8.8188289e+00   1.2346796e+01  -8.5395986e+00
  -1.0777367e+01   4.4441040e+00  -9.3113548e+00
  -9.6669916e+00   6.8549356e+00  -8.7545956e+00
  -3.4108164e+00   1.7467661e+01  -3.2980764e+00
  -2.7325575e+00   1.3937539e+01  -2.4660935e+00
  -4.6889084e+00   1.4551142e+01  -4.4871831e+00
  -4.8299863e+00   1.2382667e+01  -4.5027507e+00
  -8.8540011e+00   6.2712342e+00  -7.7983590e+00
  -6.8975950e+00   1.3601723e+01  -6.6732255e+00
  -6.2029207e+00   9.0947384e+00  -5.5682725e+00
  -5.7203369e+00   1.1640683e+01  -5.3519547e+00
  -5.7822375e+00   1.0676381e+01  -5.3263438e+00
  -4.8837266e+00   1.6378773e+01  -4.7522856e+00
  -9.7537697e+00   4.5536390e+00  -8.2848146e+00
  -7.3156734e+00   1.4594676e+01  -7.1393967e+00
