  -1.3474297e+01   2.7638126e+00  -1.1525141e+01
  -1.1882087e+01   4.9023492e+00  -1.0573083e+01
  -1.1090692e+01   2.2046467e+00  -8.8360291e+00
  -9.6030166e+00   5.4274513e+00  -8.3700656e+00
  -1.0890879e+01   6.2766557e+00  -9.8876122e+00
  -1.2254333e+01   6.0374373e+00  -1.1223755e+01
  -9.3333561e+00   9.4756959e+00  -8.8115509e+00
  -1.5587661e+01  -1.8040577e+00  -1.1396681e+01
  -8.2748727e+00   9.6143276e+00  -7.7532447e+00
  -1.1138178e+01   1.1071112e+00  -8.3792337e+00
  -1.9235567e+01  -5.2335200e+00  -1.2687359e+01
  -1.2683265e+01   8.5487427e+00  -1.2082620e+01
  -1.0754562e+01   5.7270480e+00  -9.6263894e+00
  -1.2292153e+01   2.1538667e+00  -1.0067715e+01
  -1.2912560e+01   5.2399506e+00  -1.1708731e+01
  -1.3541672e+01   2.3084731e+00  -1.1419585e+01
  -1.2378999e+01   1.5671806e+00  -9.9033015e+00
  -9.8239499e+00   8.4029144e+00  -9.1721689e+00
  -8.7929666e+00   1.9138599e+00  -6.2493185e+00
  -6.0757914e+00   9.0249236e+00  -5.4272972e+00
  -9.8361790e+00   7.2649325e+00  -9.0035493e+00
  -1.2043305e+01   3.5247340e+00  -1.0324990e+01
  -1.0068007e+01   9.3656546e+00  -9.5426653e+00
  -1.3492211e+01   1.9118287e+00  -1.1206488e+01
  -9.1439942e+00   7.2623933e+00  -8.2959593e+00
  -1.1674543e+01   3.0847931e-01  -8.5315508e+00
  -1.4058651e+01  -6.0557434e-01  -1.0534353e+01
  -1.0651190e+01   2.4257249e+00  -8.4672645e+00
  -1.2538907e+01   2.9297651e+00  -1.0625913e+01
  -1.0415347e+01   5.4207010e+00  -9.2046637e+00
  -1.2417889e+01   1.8317800e+00  -1.0061227e+01
  -9.8047527e+00   6.0298316e+00  -8.7226675e+00
  -1.1534043e+01   2.2058733e+00  -9.3005499e+00
  -1.0493206e+01   4.9092239e+00  -9.1508911e+00
  -9.2088392e+00   3.8184355e+00  -7.4790846e+00
  -1.2214890e+01  -7.9161252e-01  -8.4659883e+00
  -7.8555384e+00   4.5529317e+00  -6.2936712e+00
  -1.0706475e+01  -1.4989611e-01  -7.2206641e+00
  -9.2323737e+00   2.2638450e+00  -6.8889566e+00
  -8.6152329e+00   4.9329739e+00  -7.2095071e+00
  -1.0932834e+01   3.3502318e-02  -7.5768912e+00
  -8.8006728e+00   4.0062776e+00  -7.1133198e+00
  -1.2130950e+01   7.4421111e+00  -1.1363160e+01
  -1.6154131e+01  -1.8117073e+00  -1.1981382e+01
  -1.1620581e+01  -1.9894231e+00  -7.0020775e+00
  -8.4794611e+00   5.5571034e+00  -7.2386977e+00
  -8.7978970e+00   8.3531740e+00  -8.1211230e+00
  -1.3920996e+01  -1.3435412e+00  -9.9403912e+00
  -1.2126619e+01   2.8400755e+00  -1.0167574e+01
  -1.3432939e+01   4.5267434e+00  -1.2051098e+01
  -1.0204496e+01   5.0723273e+00  -8.8976472e+00
  -9.0213878e+00   9.6971996e+00  -8.5203146e+00
  -1.1475745e+01   1.3488887e+00  -8.8549701e+00
  -9.4978301e+00   7.0672738e+00  -8.6219989e+00
  -1.0645059e+01   5.9438079e+00  -9.5641745e+00
  -1.0488093e+01   6.8359146e+00  -9.5890910e+00
  -2.0203667e+01  -2.7998010e+00  -1.5491963e+01
  -1.4537336e+01   1.2177370e+01  -1.4272676e+01
  -1.0452078e+01   4.8390587e+00  -9.0891848e+00
  -1.0337467e+01   6.4714747e+00  -9.3633668e+00
  -1.3819297e+01   3.4362727e+00  -1.2113306e+01
  -1.0787370e+01   6.2488478e+00  -9.7761747e+00
  -1.5606764e+01  -6.0552837e+00  -8.0789001e+00
  -7.2084492e+00   1.1291681e+01  -6.8355207e+00
  -1.4795041e+01   1.3202123e+00  -1.2287319e+01
  -1.2724652e+01   6.6225663e+00  -1.1818686e+01
  -2.3178545e+01  -5.2862462e+00  -1.6694919e+01
  -1.6518492e+01   7.2574544e+00  -1.5751931e+01
  -1.4462020e+01  -1.4856863e+00  -1.0421096e+01
  -9.1663420e+00   9.1912800e+00  -8.6084897e+00
  -1.2308711e+01   1.6853058e+00  -9.8831428e+00
  -9.9649610e+00   5.5244495e+00  -8.7675263e+00
  -8.0326815e+00   7.9912760e+00  -7.2826988e+00
  -1.0137952e+01   1.9970598e+00  -7.7382838e+00
  -1.4057520e+01   5.2940129e+00  -1.2882333e+01
  -1.4335404e+01   6.5277414e+00  -1.3427356e+01
  -9.1618516e+00   5.1377848e+00  -7.8368040e+00
  -9.0305020e+00   6.2212558e+00  -7.9692240e+00
  -1.0436631e+01   5.6542428e+00  -9.2835788e+00
  -1.3895210e+01   5.2799348e-01  -1.0981143e+01
  -1.1997935e+01  -7.5691047e-01  -8.2534494e+00
  -8.8173368e+00   6.1181206e+00  -7.7258881e+00
  -1.0179654e+01   2.2820310e+00  -7.9085235e+00
  -9.3917494e+00   4.4510459e+00  -7.8770067e+00
  -1.1174301e+01   3.1542454e+00  -9.2975102e+00
  -1.0608061e+01   3.4416390e+00  -8.8118391e+00
  -1.0959706e+01   6.3135745e+00  -9.9655006e+00
  -1.0526724e+01   6.5810832e+00  -9.5787212e+00
  -1.0508206e+01   5.4733065e+00  -9.3130300e+00
  -1.2285468e+01   3.6155083e+00  -1.0604005e+01
