   1.6584535e+00   1.5531673e+01   1.9600647e+00
   1.3766838e+00   1.6786819e+01   1.5935490e+00
   1.0828803e+00   1.3772760e+01   1.5016471e+00
   1.1655397e+00   1.6534644e+01   1.3889526e+00
   1.0314517e+00   1.6292974e+01   1.2635205e+00
   1.8093236e+00   1.9342602e+01   1.9368835e+00
   1.1250425e+00   1.6293870e+01   1.3599670e+00
   9.4592657e-01   1.6864791e+01   1.1470064e+00
   2.9431715e-01   1.6954407e+01   4.7574710e-01
   1.6829433e+00   1.6886796e+01   1.9040425e+00
   1.1547281e+00   1.7305867e+01   1.3414044e+00
   8.1996558e-01   1.6159849e+01   1.0527521e+00
   9.8710175e-01   1.8132803e+01   1.1379651e+00
   6.8482931e-01   1.6069828e+01   9.1841373e-01
   1.0704864e+00   2.0613669e+01   1.1565467e+00
  -5.2250425e-01   1.4640660e+01  -2.4149855e-01
   6.9096183e-01   1.8744858e+01   8.1708071e-01
   1.0289448e+00   1.8390317e+01   1.1718839e+00
   1.5689699e+00   1.4110650e+01   1.9832143e+00
   1.6783538e+00   1.8393930e+01   1.8342834e+00
   9.2142522e-01   1.5444072e+01   1.1997384e+00
   1.8179334e+00   1.8195776e+01   1.9844063e+00
   1.7816194e+00   1.6961107e+01   2.0020000e+00
   1.4724594e+00   1.7839960e+01   1.6447068e+00
   1.3029572e-01   1.5635278e+01   3.7136528e-01
   1.9856043e+00   1.8233772e+01   2.1546161e+00
   9.3797699e-01   1.7691554e+01   1.1039470e+00
   1.4707634e+00   1.7689198e+01   1.6490764e+00
   1.4770017e+00   2.0097679e+01   1.5793372e+00
   1.2806846e+00   1.8110447e+01   1.4383395e+00
   1.5172803e+00   1.9230070e+01   1.6429932e+00
  -1.3839995e-01   1.6819055e+01   3.9412805e-02
   1.2496669e+00   1.9037417e+01   1.3764235e+00
   1.0775393e+00   1.7690966e+01   1.2465931e+00
   1.5406919e+00   1.5559550e+01   1.8354294e+00
   1.8733254e+00   1.3878158e+01   2.3303193e+00
   1.8267035e+00   1.6613992e+01   2.0670726e+00
   7.1876186e-01   1.3155681e+01   1.1789863e+00
  -5.3504052e-01   1.5225512e+01  -2.8974202e-01
   5.0504855e-01   1.2529735e+01   1.0224629e+00
   1.8859049e+00   1.8641102e+01   2.0375466e+00
  -3.4599119e-01   1.2935884e+01   7.8404753e-02
   1.5477699e+00   2.0612581e+01   1.6395245e+00
  -1.1840736e+00   1.2875299e+01  -7.9166871e-01
   1.6835680e+00   2.0818966e+01   1.7727077e+00
  -2.4122252e+00   1.2036585e+01  -1.9898759e+00
   1.5079814e+00   1.9858731e+01   1.6165759e+00
   1.0429986e+00   1.3547340e+01   1.4818681e+00
   1.9526746e+00   1.6026997e+01   2.2331346e+00
  -2.6512347e-01   1.4055608e+01   6.5934967e-02
   1.2666182e+00   1.8143741e+01   1.4227704e+00
   2.1104516e+00   1.9589311e+01   2.2362363e+00
   1.8527951e+00   1.8492677e+01   2.0089939e+00
   2.6541338e-02   1.5047639e+01   2.9916508e-01
   1.7285000e+00   1.8492602e+01   1.8819872e+00
  -3.8943638e-01   1.4566813e+01  -9.9295596e-02
   1.7394477e+00   1.9285473e+01   1.8674403e+00
  -1.1914919e+00   1.5122989e+01  -9.5732758e-01
   1.6205762e+00   1.9298511e+01   1.7460907e+00
   9.3439518e-01   1.7741265e+01   1.0983956e+00
   3.3506599e-01   1.5817415e+01   5.7204691e-01
   2.3806897e+00   1.8796711e+01   2.5378831e+00
   1.3098056e+00   1.7104779e+01   1.5094761e+00
   2.1468584e+00   1.8398917e+01   2.3133773e+00
   1.5798094e+00   1.9407262e+01   1.7015246e+00
   1.4587713e+00   1.7914749e+01   1.6277502e+00
   1.7786303e+00   1.9759166e+01   1.8939917e+00
   4.0704639e-01   1.6749714e+01   5.9988522e-01
   1.0812886e+00   1.7972499e+01   1.2397829e+00
   1.4187488e+00   1.8091421e+01   1.5800849e+00
   1.6618602e+00   1.9553194e+01   1.7808856e+00
  -1.4857898e+00   1.4267123e+01  -1.2091380e+00
   1.3005808e+00   1.8403628e+01   1.4483110e+00
  -2.1706141e+00   1.3805384e+01  -1.8823537e+00
   1.6824972e+00   2.0533525e+01   1.7776915e+00
  -2.8037680e+00   1.2916354e+01  -2.4694165e+00
   1.5690051e+00   1.9176224e+01   1.6971983e+00
  -5.8535591e-01   1.5877962e+01  -3.7540703e-01
   9.4174907e-01   1.9590834e+01   1.0488927e+00
   9.4409104e-01   1.4146261e+01   1.3210204e+00
   8.6560030e-01   2.0607822e+01   9.4952605e-01
  -1.8819170e+00   1.0021768e+01  -1.1803530e+00
   5.1810501e-01   1.8596097e+01   6.4583521e-01
  -2.1574823e+00   1.2214696e+01  -1.7425407e+00
   1.1845156e+00   1.9271681e+01   1.3035660e+00
  -1.6803580e+00   1.3898478e+01  -1.3849905e+00
   7.8038469e-01   1.8274824e+01   9.2254447e-01
   2.2703661e-01   1.5581390e+01   4.7398995e-01
  -1.8325095e-01   1.7728766e+01  -3.9781342e-02
   7.4358069e-01   1.9949339e+01   8.3975899e-01
