  -3.0936586e+00   1.3564465e+01  -2.8118342e+00
  -2.6360851e+00   1.2902072e+01  -2.2959197e+00
  -2.5976035e+00   1.0989247e+01  -2.0704153e+00
  -1.2120713e+00   1.7015988e+01  -1.0607776e+00
  -4.0350876e+00   1.4420776e+01  -3.8185074e+00
  -3.3337427e+00   1.5623270e+01  -3.1607955e+00
  -5.3590926e+00   9.4838065e+00  -4.7508386e+00
  -4.6580024e+00   1.3617772e+01  -4.4081075e+00
  -4.7121034e+00   1.2172673e+01  -4.3665314e+00
  -2.9006951e+00   1.7333688e+01  -2.7798390e+00
  -2.9560519e+00   1.3253676e+01  -2.6502331e+00
  -2.6013314e+00   1.4556588e+01  -2.3674623e+00
  -2.0792188e+00   1.5028195e+01  -1.8595013e+00
  -1.5739248e+00   1.3470619e+01  -1.2447726e+00
  -2.0494038e+00   1.4741880e+01  -1.8141656e+00
  -2.0594630e+00   1.4383220e+01  -1.8043335e+00
  -4.0384470e+00   8.6087874e+00  -3.2352027e+00
  -2.2717924e+00   1.6820018e+01  -2.1285357e+00
  -3.1208584e+00   1.1619973e+01  -2.6833432e+00
  -1.9094638e+00   1.5105148e+01  -1.6902079e+00
  -1.4495447e+00   1.5237624e+01  -1.2272913e+00
  -7.4018496e-01   1.6729549e+01  -5.7045501e-01
   6.8638262e-01   1.6301410e+01   9.0785182e-01
   1.1680658e+00   1.6877990e+01   1.3745054e+00
  -4.9157875e+00   1.0343622e+01  -4.4006604e+00
  -3.1372345e+00   1.7798446e+01  -3.0305718e+00
  -1.1044420e+00   1.2984930e+01  -7.1857209e-01
  -1.0907675e-02   1.5580678e+01   2.2913971e-01
  -1.1339729e+00   1.8731864e+01  -1.0311778e+00
  -3.9280208e-01   1.6803293e+01  -2.1943977e-01
  -9.5365942e-01   1.3457084e+01  -6.0181895e-01
  -5.3128283e-01   1.5005986e+01  -2.7317426e-01
  -3.4582802e+00   1.0800809e+01  -2.9453346e+00
  -2.0854678e+00   1.7787395e+01  -1.9688269e+00
  -2.2370882e+00   1.5472953e+01  -2.0414228e+00
  -2.2896217e+00   1.2150594e+01  -1.8735828e+00
  -3.7694493e+00   1.3818574e+01  -3.5164716e+00
  -4.5997746e+00   9.9786473e+00  -4.0298667e+00
  -6.9485750e+00   5.0921932e+00  -5.4969202e+00
  -4.8050342e+00   1.4892452e+01  -4.6196746e+00
  -2.3934652e+00   1.4219088e+01  -2.1363224e+00
  -2.4654435e+00   1.2166906e+01  -2.0573476e+00
  -1.6686000e+00   1.6954041e+01  -1.5218454e+00
  -1.6618662e+00   1.2236322e+01  -1.2291103e+00
  -1.8707975e+00   1.4172334e+01  -1.5983507e+00
  -1.5960722e+00   1.2669369e+01  -1.2015543e+00
  -2.4918784e+00   1.2240844e+01  -2.0915163e+00
  -1.4761105e+00   1.4366777e+01  -1.2054469e+00
  -3.5115254e+00   1.4510756e+01  -3.2914463e+00
  -4.6949476e+00   1.0783597e+01  -4.2219114e+00
  -7.2747777e+00   5.2376205e+00  -5.8867612e+00
  -5.2883855e+00   1.8449592e+01  -5.2083591e+00
  -3.1707064e+00   1.4360005e+01  -2.9370406e+00
  -4.0986767e+00   1.1398210e+01  -3.6705621e+00
  -1.7622586e+00   1.6465099e+01  -1.5995207e+00
  -2.4875983e+00   1.3068312e+01  -2.1559023e+00
  -1.9017059e+00   1.3974884e+01  -1.6174887e+00
  -2.5223897e+00   1.4462367e+01  -2.2818319e+00
  -3.5659484e+00   9.1004767e+00  -2.8204597e+00
  -2.1956219e+00   1.6094932e+01  -2.0253225e+00
  -6.3191100e+00   1.0877991e+01  -5.8944496e+00
  -4.9400151e+00   1.7888534e+01  -4.8472607e+00
  -1.6709620e+00   1.1019431e+01  -1.1001606e+00
  -4.9198339e-01   1.6435178e+01  -3.0537454e-01
  -9.0104679e-01   1.4872345e+01  -6.4538694e-01
   3.8919330e-01   1.9331777e+01   4.9531182e-01
  -2.0635120e-01   1.4657553e+01   8.3837752e-02
   2.6793813e-01   1.6877054e+01   4.5204127e-01
  -5.3092377e+00   6.9719083e+00  -4.2497024e+00
  -3.4964310e+00   1.4996850e+01  -3.2992458e+00
  -6.6366574e+00   1.3828258e+01  -6.4212157e+00
  -7.6197376e+00   8.9954397e+00  -7.0085289e+00
  -7.0962592e+00   1.7112255e+01  -6.9961171e+00
  -7.6199830e+00   9.5400437e+00  -7.0778381e+00
  -7.0835025e+00   1.5229669e+01  -6.9295851e+00
  -8.0732718e+00   9.1991453e+00  -7.4979650e+00
  -5.7814961e+00   1.4445504e+01  -5.5867800e+00
  -6.4680171e+00   1.1304230e+01  -6.0845868e+00
  -1.4789527e+00   1.3761184e+01  -1.1680884e+00
  -3.7458412e-01   1.4677826e+01  -9.1282192e-02
  -1.4864616e+00   1.3425602e+01  -1.1510137e+00
  -1.6188900e+00   1.2319320e+01  -1.1924643e+00
  -7.9975208e+00   4.1786538e+00  -6.3208071e+00
  -5.6229746e+00   1.4530785e+01  -5.4304808e+00
  -2.3635418e+00   1.2328567e+01  -1.9666540e+00
  -1.3418268e+00   1.8547132e+01  -1.2367790e+00
  -3.2651431e+00   1.2361323e+01  -2.8994998e+00
  -1.9069243e+00   1.9056963e+01  -1.8183694e+00
  -3.6867142e+00   1.2415801e+01  -3.3367144e+00
  -1.6851941e+00   2.0722121e+01  -1.6235514e+00
