  -1.7778758e+01  -3.1231218e+00  -1.2780733e+01
  -1.4810487e+01   4.0093565e+00  -1.3300377e+01
  -1.3485880e+01   6.0984692e+00  -1.2484186e+01
  -1.9930436e+01  -5.8673577e+00  -1.2889059e+01
  -1.9488964e+01  -2.9869283e+00  -1.4635034e+01
  -1.4834890e+01   4.8722122e+00  -1.3563823e+01
  -1.5428281e+01   1.6690064e-01  -1.2379201e+01
  -1.4635723e+01   8.2866955e-01  -1.1894827e+01
  -1.6299736e+01  -8.9231679e-01  -1.2693528e+01
  -1.5518541e+01   1.3458544e+00  -1.3038906e+01
  -1.8230802e+01  -6.3259662e+00  -1.0705583e+01
  -1.1099575e+01   7.9044554e+00  -1.0392489e+01
  -1.4936475e+01   2.6183687e+00  -1.2964012e+01
  -1.6810370e+01  -1.8180558e+00  -1.2656789e+01
  -1.6909832e+01  -3.1472740e+00  -1.1860263e+01
  -1.3012748e+01   4.6339936e+00  -1.1653334e+01
  -1.6543543e+01   2.2201081e+00  -1.4444831e+01
  -1.8497108e+01  -1.5748873e+00  -1.4539237e+01
  -1.1813942e+01   5.9234238e+00  -1.0751487e+01
  -1.6696010e+01  -5.3964858e+00  -9.8636770e+00
  -1.3652521e+01   3.8758196e+00  -1.2083980e+01
  -1.7927628e+01  -3.5664176e+00  -1.2615789e+01
  -1.7080046e+01   1.0795109e+00  -1.4509186e+01
  -1.6631798e+01   6.9096880e-01  -1.3872054e+01
  -1.1319860e+01   3.5552019e+00  -9.5893982e+00
  -1.4472654e+01  -2.2283974e+00  -9.9396887e+00
  -1.3952516e+01   9.6001139e-01  -1.1253308e+01
  -1.4397434e+01   2.2974312e-01  -1.1348201e+01
  -1.2328409e+01   7.0598938e+00  -1.1497929e+01
  -1.9716776e+01  -5.7718259e+00  -1.2746213e+01
  -1.0332373e+01   7.4247374e+00  -9.5367003e+00
  -1.7465934e+01  -7.3966912e+00  -8.8927191e+00
  -1.1978362e+01   9.2881584e+00  -1.1462115e+01
  -1.9468317e+01  -8.1089386e+00  -1.0405416e+01
  -1.0455056e+01   1.0693624e+01  -1.0066337e+01
  -2.0899330e+01  -1.0062122e+01  -1.0055110e+01
  -8.1331445e+00   1.1042950e+01  -7.7515126e+00
  -1.8468049e+01  -9.7141683e+00  -7.6922013e+00
  -9.6251227e+00   5.4325210e+00  -8.3941786e+00
  -1.4653470e+01  -4.6872719e+00  -8.2343261e+00
  -1.1637590e+01   7.2051715e+00  -1.0823891e+01
  -1.8217448e+01  -6.3072043e+00  -1.0707812e+01
  -2.0568032e+01  -3.5495774e+00  -1.5342812e+01
  -1.5646281e+01   5.2786743e+00  -1.4483068e+01
  -9.7334342e+00   9.9635327e+00  -9.2693600e+00
  -1.7965499e+01  -8.1385510e+00  -8.7294878e+00
  -1.1359178e+01   7.9078508e+00  -1.0655814e+01
  -1.9087640e+01  -7.2991291e+00  -1.0749096e+01
  -1.4532989e+01  -3.7151021e+00  -8.9039147e+00
  -1.0019989e+01   4.0444031e+00  -8.4033995e+00
  -1.4010654e+01   3.3978302e-01  -1.1004429e+01
  -1.3431333e+01   3.9158278e-01  -1.0428481e+01
  -1.7268548e+01  -5.0830336e+00  -1.0741174e+01
  -1.1596153e+01   5.5517281e+00  -1.0444571e+01
  -1.3151670e+01   4.2512350e-01  -1.0153831e+01
  -1.2903039e+01   1.3600774e-01  -9.7389547e+00
  -1.3510634e+01   7.8493971e-01  -1.0710494e+01
  -1.4054609e+01  -2.3621931e-01  -1.0740466e+01
  -1.5761369e+01   1.8214161e+00  -1.3490542e+01
  -1.7281775e+01  -1.7470597e+00  -1.3187525e+01
  -1.0712061e+01   7.4756282e+00  -9.9311287e+00
  -1.7937365e+01  -7.2446235e+00  -9.5553857e+00
  -1.5096471e+01  -3.9083262e+00  -9.3628520e+00
  -1.0559547e+01   4.3098098e+00  -9.0462450e+00
  -1.2919552e+01   5.5813383e+00  -1.1797203e+01
  -1.7530150e+01  -5.1875438e+00  -1.0932702e+01
  -1.4606980e+01   3.8512457e-02  -1.1464260e+01
  -1.3945432e+01   3.6668624e-01  -1.0950643e+01
  -1.5914710e+01   4.8375902e+00  -1.4645146e+01
  -2.1727618e+01  -4.9392717e+00  -1.5488421e+01
  -1.8824984e+01  -7.3055472e+00  -1.0461290e+01
  -1.1711326e+01   7.5813872e+00  -1.0961284e+01
  -1.6501578e+01   1.4390447e+00  -1.4081122e+01
  -1.6545809e+01   8.0876337e-01  -1.3840488e+01
  -1.5381168e+01  -1.3572253e+00  -1.1464010e+01
  -1.3185999e+01   3.1388517e+00  -1.1365089e+01
  -1.3723179e+01   6.9708838e+00  -1.2891051e+01
  -2.1627798e+01  -6.9448947e+00  -1.3733281e+01
  -8.7080868e+00   5.4662793e+00  -7.4529667e+00
  -1.4136791e+01  -4.7395397e+00  -7.6099064e+00
  -1.0512172e+01   8.3449361e+00  -9.8619805e+00
  -1.8082471e+01  -6.8840712e+00  -1.0046060e+01
  -9.2268425e+00   1.0210765e+01  -8.7819418e+00
  -1.9478624e+01  -1.0124316e+01  -8.4159139e+00
  -1.1168456e+01   7.2733092e+00  -1.0360021e+01
  -1.8559520e+01  -5.9208666e+00  -1.1406189e+01
  -1.6318271e+01   2.0596345e+00  -1.4153260e+01
  -1.6985843e+01  -2.0035354e+00  -1.2719115e+01
  -1.3791166e+01   5.7109678e+00  -1.2709368e+01
  -1.8811925e+01  -5.6193387e+00  -1.1926834e+01
