  -3.6326249e-01   1.4394785e+01  -6.0504740e-02
  -4.8684125e+00   5.0946322e+00  -3.2359497e+00
  -2.7746459e+00   1.2211353e+01  -2.3811708e+00
  -2.9529176e+00   1.1896488e+01  -2.5364198e+00
   5.8033591e-01   1.6105236e+01   8.0896857e-01
  -5.7563457e-01   1.5858362e+01  -3.6451138e-01
   4.1848337e-01   1.4715236e+01   7.2725969e-01
  -1.5513728e+00   1.4231439e+01  -1.2742420e+00
  -1.0361061e+00   1.3981409e+01  -7.2686639e-01
  -2.5854293e+00   1.0404580e+01  -1.9829295e+00
  -4.7742128e-01   1.5591544e+01  -2.5047660e-01
  -1.5343279e+00   1.4685670e+01  -1.2841780e+00
  -2.0494505e+00   9.7411032e+00  -1.3138167e+00
  -4.4754066e+00   9.3917194e+00  -3.8204943e+00
  -2.3854500e+00   1.2025083e+01  -1.9609906e+00
  -3.4204890e+00   9.8489921e+00  -2.7830731e+00
  -7.7031465e+00   5.9166746e+00  -6.5201254e+00
  -5.2878819e+00   1.0468943e+01  -4.7976219e+00
  -2.0598029e+00   1.3038276e+01  -1.7128495e+00
  -1.8027854e+00   1.4451751e+01  -1.5455823e+00
  -1.7290387e+00   1.1640482e+01  -1.2364697e+00
  -1.2439593e+00   1.3874496e+01  -9.3380380e-01
   2.5038046e-02   1.6704136e+01   2.1113859e-01
  -1.3178586e+00   1.4206360e+01  -1.0325802e+00
  -2.8522371e+00   1.2443254e+01  -2.4813593e+00
  -1.6561334e+00   1.1731969e+01  -1.1702699e+00
  -7.9293634e-01   1.5245955e+01  -5.5557732e-01
  -4.7845850e-01   1.3714605e+01  -1.2902732e-01
  -9.4002205e-01   1.1708624e+01  -4.1378940e-01
  -2.9866510e+00   1.0651171e+01  -2.4359281e+00
  -1.6845452e+00   1.1980796e+01  -1.2267998e+00
  -1.0969587e+00   1.4704069e+01  -8.3663961e-01
  -4.5761942e+00   6.7768370e+00  -3.4178856e+00
  -3.3799200e+00   1.1494503e+01  -2.9387778e+00
  -2.3686017e+00   1.2576530e+01  -1.9936825e+00
  -2.4863730e+00   7.7391711e+00  -1.3776085e+00
  -1.7339370e+00   1.4624809e+01  -1.4851116e+00
  -3.4669927e+00   6.3310213e+00  -2.0776183e+00
  -1.7980485e+00   1.3961208e+01  -1.5101478e+00
  -1.7727826e+00   8.0459329e+00  -6.6192475e-01
  -2.5215181e+00   1.3290327e+01  -2.2071175e+00
  -2.7437050e+00   8.7278363e+00  -1.8763840e+00
  -2.9999356e+00   9.4967834e+00  -2.2862219e+00
  -4.5500544e+00   7.5353494e+00  -3.5671983e+00
  -3.3734409e+00   1.2038215e+01  -2.9832280e+00
  -4.3509232e+00   7.7982053e+00  -3.4106495e+00
  -3.7640553e+00   9.4814999e+00  -3.0896211e+00
  -3.9280608e+00   6.7991821e+00  -2.7201058e+00
   4.3418351e-01   1.5314261e+01   7.0361670e-01
  -1.5729108e+00   1.3995479e+01  -1.2810034e+00
  -1.7864379e+00   1.1999833e+01  -1.3351800e+00
  -9.6967420e-01   1.5131312e+01  -7.3051962e-01
  -7.1733009e-01   1.6767964e+01  -5.4867867e-01
  -9.6668448e-01   1.4211340e+01  -6.7118437e-01
  -1.2457894e+00   1.0545354e+01  -5.8122452e-01
  -3.4620786e+00   1.1615287e+01  -3.0354943e+00
  -1.5213710e+00   1.1918835e+01  -1.0495131e+00
  -1.7284010e+00   1.5170917e+01  -1.5087288e+00
  -2.1215234e+00   1.2372004e+01  -1.7198790e+00
  -3.1519680e+00   1.4871348e+01  -2.9437502e+00
  -4.2171290e+00   9.9155473e+00  -3.6244394e+00
  -5.6371611e-01   1.4408311e+01  -2.6864845e-01
  -4.1618925e+00   1.1743223e+01  -3.7675418e+00
  -3.6147450e+00   1.0731762e+01  -3.0998301e+00
  -2.9803213e+00   1.0242180e+01  -2.3759836e+00
  -2.3522008e+00   1.3582336e+01  -2.0537220e+00
  -2.0477485e+00   1.1062271e+01  -1.5027659e+00
  -9.4574692e-01   1.5107007e+01  -7.0464646e-01
  -3.7011987e+00   1.0396281e+01  -3.1494032e+00
  -2.8696734e+00   1.4876625e+01  -2.6570381e+00
  -1.2661236e+00   1.5765234e+01  -1.0655813e+00
  -2.6171350e+00   1.2013285e+01  -2.2000287e+00
  -1.8481392e+00   1.0948947e+01  -1.2781246e+00
  -4.0443871e+00   1.3098221e+01  -3.7519667e+00
  -1.7791383e+00   1.1777076e+01  -1.3040119e+00
  -2.0959354e+00   1.4369189e+01  -1.8408313e+00
  -3.5562046e+00   1.0431043e+01  -3.0027818e+00
  -5.6876738e+00   8.9057088e+00  -5.0085625e+00
  -7.3291258e-01   1.0304523e+01   1.0426087e-02
  -2.9200770e+00   9.2563217e+00  -2.1616067e+00
  -1.0844643e+00   1.2338747e+01  -6.3604237e-01
  -2.1302895e+00   8.8893585e+00  -1.2450538e+00
  -2.9001301e+00   7.7124318e+00  -1.8261720e+00
  -3.6028542e+00   8.1896472e+00  -2.6920104e+00
  -1.6399663e+00   1.2430547e+01  -1.2251061e+00
  -1.3626761e+00   1.6929403e+01  -1.2106483e+00
  -2.1448706e+00   9.9364183e+00  -1.4474972e+00
  -2.6056528e+00   1.6760703e+01  -2.4644985e+00
  -2.9852243e+00   9.2388359e+00  -2.2279515e+00
  -4.5060375e+00   9.9722621e+00  -3.9318877e+00
