   1.0535998e+00   1.3613527e+01   1.4864029e+00
  -3.9051033e-01   1.4737951e+01  -1.1160624e-01
  -3.2468413e+00   1.1070707e+01  -2.7562953e+00
  -2.1747833e+00   1.1990653e+01  -1.7387978e+00
   1.2270728e+00   1.7162502e+01   1.4219113e+00
   6.6681521e-01   1.6896471e+01   8.5938789e-01
   3.2383679e-01   1.2288227e+01   8.5843420e-01
   2.6538114e-02   1.5127032e+01   2.9421963e-01
  -2.1690200e-01   1.4459827e+01   8.6431077e-02
  -9.4557756e-01   1.2617178e+01  -5.1858890e-01
  -7.9395539e-02   1.5624517e+01   1.5633172e-01
  -3.7032762e-01   1.5608699e+01  -1.4153843e-01
  -1.6973693e-01   1.3705320e+01   1.9315432e-01
  -2.5397169e+00   1.0741710e+01  -1.9792688e+00
  -6.0775028e-01   1.1801537e+01  -7.3168191e-02
  -1.2500035e+00   1.2145468e+01  -7.8937081e-01
  -2.3700308e+00   8.7647957e+00  -1.4801152e+00
  -8.4616505e-01   1.6565318e+01  -6.7188683e-01
  -1.9477254e+00   1.2877153e+01  -1.5840049e+00
  -1.2883328e+00   1.5443669e+01  -1.0729103e+00
  -2.1049784e-01   1.4310402e+01   1.0368718e-01
  -4.5405586e-01   1.6045385e+01  -2.4907600e-01
   4.7080874e-01   1.2778829e+01   9.5707720e-01
  -2.8351634e-01   1.5358408e+01  -3.8754059e-02
  -1.2872305e+00   1.2679557e+01  -8.8118934e-01
   3.7078349e-01   1.6285134e+01   5.8447079e-01
  -1.5134950e+00   1.4465242e+01  -1.2498441e+00
  -3.3470484e-02   1.5172430e+01   2.2954607e-01
  -3.6726072e-02   1.4492527e+01   2.7077425e-01
  -9.7181546e-01   1.4593387e+01  -7.0127730e-01
  -4.1817449e-01   1.1659784e+01   1.4635040e-01
  -6.9601298e-02   1.5513149e+01   1.7252881e-01
  -1.8687716e+00   1.0664055e+01  -1.2617794e+00
  -1.6325500e+00   1.3612416e+01  -1.3157300e+00
  -2.8431471e+00   8.3847420e+00  -1.9145620e+00
  -2.7841204e+00   8.4382839e+00  -1.8618339e+00
  -2.8229527e+00   8.6812374e+00  -1.9525930e+00
  -1.9147753e+00   1.0268457e+01  -1.2535978e+00
  -4.2038543e-01   1.6048636e+01  -2.1478517e-01
  -1.6436856e-01   9.4003024e+00   8.1638222e-01
  -5.1355055e-01   1.2889552e+01  -9.2788549e-02
  -2.6168825e-01   1.0487773e+01   4.9184759e-01
  -1.0768195e+00   1.2813513e+01  -6.7431192e-01
  -1.7290843e+00   9.7009532e+00  -9.6284488e-01
  -1.7660015e+00   1.1027405e+01  -1.2015710e+00
  -2.3039443e+00   9.4444347e+00  -1.5359413e+00
  -1.6538198e+00   1.0335764e+01  -9.8561640e-01
  -1.1026184e+00   9.8815465e+00  -3.1697437e-01
   1.2121417e+00   1.3909270e+01   1.6250827e+00
   3.3859921e-02   1.6229198e+01   2.4169278e-01
   6.6131382e-01   1.6253390e+01   8.8453800e-01
   4.7049471e-01   1.6929345e+01   6.5696610e-01
  -3.0988243e-01   1.5488100e+01  -7.3033318e-02
  -6.8586184e-01   1.5023207e+01  -4.3311894e-01
   4.7151273e-01   1.4528322e+01   7.9606009e-01
  -1.9075289e+00   1.3570571e+01  -1.5959431e+00
  -2.0758339e-01   1.2293185e+01   2.9259277e-01
  -5.7650347e-01   1.5748620e+01  -3.6000487e-01
  -8.3989763e-01   1.1441874e+01  -2.7425575e-01
  -8.5494849e-01   1.5773632e+01  -6.4608516e-01
  -2.7423687e+00   8.5637539e+00  -1.8423720e+00
   8.9027213e-01   1.6829548e+01   1.0915307e+00
  -4.2914022e+00   1.2418779e+01  -3.9558022e+00
   2.9508269e-01   1.5465335e+01   5.5084995e-01
  -1.0549986e+00   1.3073502e+01  -6.7490959e-01
  -3.5189846e-01   1.5683476e+01  -1.2654246e-01
  -1.4546827e+00   9.9175256e+00  -7.0441827e-01
   4.6730429e-01   1.6732406e+01   6.6236235e-01
  -3.0362201e+00   8.2474544e+00  -2.0945177e+00
  -2.2116312e-01   1.7518075e+01  -7.1214783e-02
  -2.8571015e-01   1.4919274e+01  -1.4983048e-02
  -1.1004071e+00   1.6153261e+01  -9.1384059e-01
  -8.4683011e-01   1.3736368e+01  -5.1303016e-01
  -2.4889410e+00   1.5805650e+01  -2.3115332e+00
  -6.0502265e-01   1.2313050e+01  -1.2958922e-01
  -1.9216373e+00   1.3757872e+01  -1.6235094e+00
  -1.0079401e+00   1.1897136e+01  -5.0766950e-01
  -1.2467155e+00   1.4702536e+01  -9.9027989e-01
  -3.3027661e-01   1.4225390e+01  -1.4291778e-02
  -2.2220744e+00   1.0441881e+01  -1.6047307e+00
  -1.1791045e+00   1.1418137e+01  -6.3095136e-01
  -3.2735152e+00   7.0481303e+00  -2.0681229e+00
  -1.3574635e+00   1.0710608e+01  -7.2504008e-01
  -1.6354710e+00   9.1634619e+00  -7.6123782e-01
  -8.8450769e-01   1.2645294e+01  -4.5744996e-01
  -2.3512702e+00   1.1789397e+01  -1.9020614e+00
  -2.0152747e+00   1.0998134e+01  -1.4605808e+00
  -4.2847920e+00   8.7116898e+00  -3.5131256e+00
  -2.1793687e+00   9.5250308e+00  -1.4163541e+00
  -2.0324114e+00   1.2651790e+01  -1.6524942e+00
