   3.0813195e+01   4.4106393e+01   3.1021737e+01
   2.4411207e+01   4.2838513e+01   2.4474267e+01
   2.7559589e+01   4.2339714e+01   2.7706768e+01
   2.8516095e+01   4.3544985e+01   2.8654902e+01
   1.4211880e+01   3.9656430e+01   1.4224765e+01
   2.9090102e+01   3.6434544e+01   2.9975853e+01
   1.3900696e+01   3.8784435e+01   1.3915400e+01
   2.8144150e+01   3.5733008e+01   2.8976700e+01
   2.0346757e+01   4.6826084e+01   2.0356628e+01
   3.3691725e+01   4.3404959e+01   3.4182562e+01
   3.0917534e+01   4.1174498e+01   3.1347805e+01
   2.9925184e+01   3.7227640e+01   3.0820314e+01
   2.2754826e+01   3.0341136e+01   2.3590767e+01
   2.5368229e+01   3.9106057e+01   2.5556413e+01
   3.0088369e+01   4.1967921e+01   3.0379926e+01
   2.9933396e+01   4.0394982e+01   3.0342983e+01
   1.4141257e+01   3.6470021e+01   1.4167715e+01
   2.8306444e+01   3.5950407e+01   2.9127400e+01
   2.7653817e+01   3.8760654e+01   2.8004744e+01
   2.6637059e+01   3.7838811e+01   2.6980242e+01
   2.7053433e+01   3.6074248e+01   2.7635868e+01
   2.8724827e+01   4.1701442e+01   2.8949664e+01
   2.5562592e+01   3.2773993e+01   2.6480284e+01
   3.1901594e+01   4.4263964e+01   3.2161454e+01
  -1.7107555e+00   1.0985704e+01  -1.1378185e+00
   6.9072902e+00   9.0160048e+00   1.1569917e+01
   2.8785219e+01   3.7242836e+01   2.9454401e+01
   2.5611849e+01   3.5391535e+01   2.6095862e+01
   2.0784375e+01   4.1615986e+01   2.0820685e+01
   2.6839880e+01   3.6756933e+01   2.7307686e+01
   2.6797987e+01   3.2944951e+01   2.8008260e+01
   1.8315428e+01   3.9960347e+01   1.8345705e+01
   2.8248796e+01   4.1097912e+01   2.8480548e+01
   2.4412786e+01   4.0412613e+01   2.4523669e+01
   2.4986820e+01   3.4765110e+01   2.5471192e+01
   2.8947528e+01   4.5443159e+01   2.9046083e+01
   2.6697883e+01   4.0218797e+01   2.6895779e+01
   2.6207876e+01   4.4649927e+01   2.6270644e+01
   2.6063460e+01   3.5440363e+01   2.6597367e+01
   2.6210163e+01   3.4994338e+01   2.6827877e+01
   2.5713206e+01   3.7847141e+01   2.5988094e+01
   2.2640421e+01   2.9761179e+01   2.3581951e+01
   2.6044894e+01   3.4289880e+01   2.6751282e+01
   2.4304218e+01   3.4808149e+01   2.4710681e+01
   1.8606595e+01   3.2155367e+01   1.8805429e+01
   2.0078214e+01   3.7428033e+01   2.0159691e+01
   2.4444654e+01   3.5838510e+01   2.4772863e+01
   2.6105734e+01   3.6269009e+01   2.6546566e+01
   2.8248175e+01   3.5523129e+01   2.9150014e+01
   3.1032901e+01   3.6760991e+01   3.2385256e+01
   3.0083757e+01   4.0884416e+01   3.0461194e+01
   3.2181826e+01   4.2696507e+01   3.2586038e+01
   3.1865210e+01   4.4276520e+01   3.2122072e+01
   2.9315330e+01   3.8976212e+01   2.9812822e+01
   3.0235314e+01   4.3588379e+01   3.0440955e+01
   2.4976842e+01   3.1115060e+01   2.6191078e+01
   2.8084183e+01   3.9332703e+01   2.8423343e+01
   2.6648725e+01   3.2099643e+01   2.8108594e+01
   2.8541432e+01   3.8996799e+01   2.8951784e+01
   3.1036073e+01   3.9474336e+01   3.1708155e+01
   1.4438718e+00   1.1544225e+01   2.1845897e+00
   5.3484434e+00   7.9674098e+00   9.4322564e+00
   2.0124966e+01   2.7254428e+01   2.1067981e+01
   1.3772862e+01   2.6424415e+01   1.4025236e+01
   2.4681031e+01   3.0628595e+01   2.5958795e+01
   2.5982634e+01   3.4916731e+01   2.6577960e+01
   3.1059310e+01   4.3910603e+01   3.1290783e+01
   2.6400604e+01   3.8781005e+01   2.6659768e+01
   3.1705080e+01   4.4245017e+01   3.1954232e+01
   2.8143879e+01   3.7816187e+01   2.8640156e+01
   4.2332152e+00   9.4735660e+00   6.2417987e+00
  -2.9792424e+00   4.8203440e+00  -9.5387916e-01
   3.2421463e+01   4.1600974e+01   3.2980862e+01
   2.6549794e+01   3.0544759e+01   2.8761765e+01
   3.1479114e+01   4.4009193e+01   3.1728859e+01
   2.9401814e+01   4.1318341e+01   2.9690862e+01
   3.0733374e+01   4.2480421e+01   3.1034244e+01
   3.1403695e+01   4.1569256e+01   3.1843560e+01
   2.8694311e+01   3.9093433e+01   2.9110256e+01
   2.6160241e+01   3.4043790e+01   2.6933642e+01
   2.9608346e+01   4.0458649e+01   2.9981344e+01
   2.3737265e+01   3.6252595e+01   2.3988740e+01
   3.1028027e+01   3.9365073e+01   3.1717281e+01
   3.1172671e+01   4.0477675e+01   3.1715197e+01
   2.7774722e+01   3.4606156e+01   2.8785810e+01
   2.7181014e+01   3.9046351e+01   2.7473823e+01
   2.6820607e+01   3.3628153e+01   2.7838348e+01
   2.9479016e+01   4.0729150e+01   2.9817905e+01
   2.4632801e+01   3.1719710e+01   2.5580857e+01
   2.8348894e+01   3.9827580e+01   2.8669856e+01
