   3.2553067e+01   4.4104382e+01   3.2868233e+01
   2.4508938e+01   4.2858062e+01   2.4573146e+01
   2.9581834e+01   4.2652674e+01   2.9801671e+01
   3.2492527e+01   4.3430077e+01   3.2857600e+01
   1.4238908e+01   3.9775271e+01   1.4251521e+01
   2.9202748e+01   3.6400376e+01   3.0122380e+01
   1.3929999e+01   3.8643392e+01   1.3945288e+01
   2.8316971e+01   3.5862674e+01   2.9158648e+01
   2.0531287e+01   4.6770264e+01   2.0541715e+01
   3.4282942e+01   4.3460071e+01   3.4842563e+01
   3.2478107e+01   4.1256907e+01   3.3095591e+01
   2.7983429e+01   3.7228177e+01   2.8534463e+01
   1.6669213e+01   2.3547307e+01   1.7685816e+01
   2.7307572e+01   3.8789956e+01   2.7628374e+01
   3.0935215e+01   4.2185604e+01   3.1273979e+01
   3.1008272e+01   4.0454244e+01   3.1532397e+01
   1.3099579e+01   2.7082604e+01   1.3285210e+01
   2.8136902e+01   3.5830078e+01   2.8947734e+01
   3.0825367e+01   3.8978872e+01   3.1547007e+01
   3.0081190e+01   3.7779166e+01   3.0890629e+01
   2.5270403e+01   3.3425292e+01   2.5993217e+01
   2.8306080e+01   4.1623668e+01   2.8513557e+01
   2.5707782e+01   3.2625671e+01   2.6697393e+01
   3.2782043e+01   4.4123642e+01   3.3113402e+01
  -3.7640498e-01   9.2993891e+00   6.0123319e-01
   5.5638853e+00   7.9990705e+00   9.8763026e+00
   2.5741895e+01   3.8549577e+01   2.5976196e+01
   2.6125010e+01   3.5456144e+01   2.6664921e+01
   1.5890627e+01   2.8828573e+01   1.6122917e+01
   2.6953971e+01   3.6638112e+01   2.7449044e+01
   2.9470548e+01   4.1205879e+01   2.9772342e+01
   2.3104824e+01   4.0416759e+01   2.3186624e+01
   2.9385645e+01   3.7611690e+01   3.0094514e+01
   2.8115064e+01   4.0225187e+01   2.8391208e+01
   2.0473549e+01   3.0639316e+01   2.0916837e+01
   2.8041181e+01   4.5341906e+01   2.8122926e+01
   2.7474215e+01   4.0559370e+01   2.7693456e+01
   3.1066891e+01   4.5336340e+01   3.1232630e+01
   2.7004361e+01   3.5552065e+01   2.7659124e+01
   2.8702048e+01   3.4970130e+01   2.9873362e+01
   1.9604193e+01   3.0599890e+01   1.9967791e+01
   2.3783464e+01   2.9750708e+01   2.5055380e+01
   1.3893310e+01   2.2096792e+01   1.4632150e+01
   2.4039061e+01   3.5177951e+01   2.4388045e+01
   2.8408344e+01   3.7293281e+01   2.9010331e+01
   2.9489772e+01   4.2666209e+01   2.9704201e+01
   2.4670655e+01   3.4848462e+01   2.5110338e+01
   2.7821925e+01   3.6220268e+01   2.8501265e+01
   2.8584096e+01   3.5562320e+01   2.9557277e+01
   3.1981178e+01   3.7010094e+01   3.3619620e+01
   3.2002873e+01   4.0923181e+01   3.2599174e+01
   3.2727567e+01   4.2868267e+01   3.3170011e+01
   3.3067082e+01   4.4275489e+01   3.3409167e+01
   2.9887953e+01   3.8977211e+01   3.0460149e+01
   1.4906242e+01   2.5796000e+01   1.5286751e+01
   2.4136852e+01   3.0820159e+01   2.5189646e+01
   2.9511238e+01   3.9452454e+01   2.9975887e+01
   2.6807609e+01   3.2065617e+01   2.8346864e+01
   3.0030488e+01   3.8820435e+01   3.0646517e+01
   3.0937483e+01   3.9366403e+01   3.1611141e+01
   2.1750046e+00   1.3942675e+01   2.6459062e+00
   3.3062286e+00   5.9273911e+00   7.7318988e+00
   3.5093574e+01   4.3135199e+01   3.5835393e+01
   3.0287800e+01   3.8168989e+01   3.1060611e+01
   2.4502439e+01   3.1421611e+01   2.5492481e+01
   2.6046223e+01   3.4896979e+01   2.6653905e+01
   3.2539955e+01   4.4043317e+01   3.2858753e+01
   2.7970666e+01   3.8583629e+01   2.8365783e+01
   2.1336373e+01   3.0718688e+01   2.1872013e+01
   2.9142630e+01   3.7801888e+01   2.9779057e+01
   3.3875439e+00   8.6766565e+00   5.4633073e+00
  -1.9562462e+00   5.8837491e+00  -1.7921900e-01
   3.3282822e+01   4.1752650e+01   3.3949446e+01
   2.6604903e+01   3.0536396e+01   2.8859462e+01
   3.3070481e+01   4.4367819e+01   3.3405358e+01
   3.0119190e+01   4.1291508e+01   3.0464404e+01
   3.2240936e+01   4.2544799e+01   3.2666266e+01
   3.1318920e+01   4.1672928e+01   3.1739180e+01
   2.9669829e+01   3.9100402e+01   3.0196075e+01
   2.6094816e+01   3.3994157e+01   2.6865172e+01
   3.0679659e+01   4.0682032e+01   3.1137341e+01
   2.4864916e+01   3.6459390e+01   2.5177666e+01
   3.1861845e+01   3.9646636e+01   3.2653474e+01
   3.1870401e+01   4.0442194e+01   3.2520448e+01
   2.8089358e+01   3.4723580e+01   2.9153531e+01
   2.9042476e+01   3.9127945e+01   2.9491189e+01
   2.7120900e+01   3.3541266e+01   2.8246732e+01
   3.0379417e+01   4.0629466e+01   3.0810453e+01
   2.4925736e+01   3.1814663e+01   2.5923258e+01
   2.9515046e+01   3.9862978e+01   2.9936076e+01
