   1.5996929e+01   3.4664071e+01   1.6057847e+01
   1.6469957e+01   3.1119840e+01   1.6624789e+01
   1.4006655e+01   2.4351509e+01   1.4443466e+01
   1.5817879e+01   3.0195599e+01   1.5983487e+01
   1.2538221e+01   3.5742684e+01   1.2560193e+01
   1.8893787e+01   3.3543709e+01   1.9047183e+01
   1.2682083e+01   3.3756761e+01   1.2717953e+01
   1.9703468e+01   3.5194347e+01   1.9829205e+01
   1.6484231e+01   3.4898773e+01   1.6548657e+01
   1.7446785e+01   4.3815766e+01   1.7456998e+01
   1.7372335e+01   3.5527245e+01   1.7440484e+01
   1.7482691e+01   3.6720570e+01   1.7535686e+01
   1.9184710e+01   3.6484446e+01   1.9267322e+01
   1.7106978e+01   3.6504618e+01   1.7158129e+01
   1.7065801e+01   2.7603368e+01   1.7475090e+01
   1.4586335e+01   3.8518956e+01   1.4604541e+01
   1.2443131e+01   3.0574159e+01   1.2514239e+01
   1.5264580e+01   3.4984902e+01   1.5312525e+01
   1.6098291e+01   2.9389311e+01   1.6311767e+01
   1.5245785e+01   3.4655699e+01   1.5297309e+01
   1.9428981e+01   3.3873590e+01   1.9589706e+01
   1.8691664e+01   3.0714294e+01   1.8976874e+01
   1.7613962e+01   3.0210254e+01   1.7863784e+01
   1.6394372e+01   3.0194253e+01   1.6583454e+01
  -2.1400493e+00   7.2129710e+00  -8.4886829e-01
   3.6884243e+00   6.7544375e+00   7.4756353e+00
   1.4977420e+01   3.2402067e+01   1.5059218e+01
   1.3093218e+01   3.5754951e+01   1.3117965e+01
   1.6307508e+01   3.2185197e+01   1.6423814e+01
   1.6763971e+01   3.5045115e+01   1.6830331e+01
   1.6620945e+01   2.6761507e+01   1.7072324e+01
   1.5419295e+01   3.2130444e+01   1.5515568e+01
   1.6116809e+01   2.8452908e+01   1.6384328e+01
   1.4140804e+01   3.3669729e+01   1.4191346e+01
   1.6758274e+01   3.0459186e+01   1.6951467e+01
   1.3164621e+01   2.4454006e+01   1.3515523e+01
   1.5255340e+01   3.0155893e+01   1.5402368e+01
   9.0282873e+00   2.4774340e+01   9.1599562e+00
   1.8550680e+01   3.3691691e+01   1.8687562e+01
   1.5446524e+01   2.4200757e+01   1.6083924e+01
   1.5314906e+01   2.8203138e+01   1.5550754e+01
   1.3467199e+01   2.6771262e+01   1.3684163e+01
   1.7730578e+01   3.3822454e+01   1.7840520e+01
   1.4946206e+01   2.4710017e+01   1.5445492e+01
   1.4137191e+01   2.5610735e+01   1.4470011e+01
   1.4877561e+01   2.5008703e+01   1.5334491e+01
   1.4247967e+01   2.4594602e+01   1.4683732e+01
   1.3667586e+01   3.0102034e+01   1.3771670e+01
   1.9557532e+01   3.4607299e+01   1.9696974e+01
   2.0123881e+01   3.8993373e+01   2.0181140e+01
   1.9817311e+01   3.4146167e+01   1.9982302e+01
   1.9902350e+01   4.1555644e+01   1.9932435e+01
   1.8211802e+01   3.9755590e+01   1.8242806e+01
   1.7175792e+01   3.8076352e+01   1.7211909e+01
   2.0473547e+01   3.4621653e+01   2.0645444e+01
   1.7631749e+01   3.1976558e+01   1.7797212e+01
   1.6329287e+01   2.8328032e+01   1.6618798e+01
   1.6611702e+01   3.1972355e+01   1.6742726e+01
   2.0153203e+01   3.4715129e+01   2.0309301e+01
   1.7624196e+01   3.6609680e+01   1.7680351e+01
   3.5330153e+00   1.7344505e+01   3.7967583e+00
   2.4582425e+00   5.2741145e+00   6.8010997e+00
   1.1318087e+01   2.5240169e+01   1.1510754e+01
   1.1045147e+01   2.5063117e+01   1.1234349e+01
   1.9465261e+01   4.0604830e+01   1.9499175e+01
   1.7848019e+01   3.3175279e+01   1.7979381e+01
   1.6840359e+01   2.9869747e+01   1.7066593e+01
   1.4426125e+01   3.0325749e+01   1.4543253e+01
   1.8789152e+01   3.6921598e+01   1.8857317e+01
   1.6437999e+01   3.9556815e+01   1.6459710e+01
   3.3395235e+00   8.7216133e+00   5.3714616e+00
  -1.5495108e+00   7.0013013e+00  -1.0657962e-01
   1.9605317e+01   3.7384702e+01   1.9679139e+01
   1.8286147e+01   3.0148694e+01   1.8582805e+01
   1.5859772e+01   2.8837343e+01   1.6089938e+01
   1.5500149e+01   3.3488791e+01   1.5571659e+01
   1.8825016e+01   3.8360726e+01   1.8874250e+01
   1.6697170e+01   3.7183332e+01   1.6737005e+01
   1.7350197e+01   3.7202617e+01   1.7396188e+01
   1.6542721e+01   2.9997118e+01   1.6747667e+01
   1.3830175e+01   2.9658852e+01   1.3949858e+01
   1.3512866e+01   3.2374568e+01   1.3572192e+01
   1.6872059e+01   3.4519373e+01   1.6948896e+01
   1.5086097e+01   3.8453272e+01   1.5106765e+01
   1.6015556e+01   3.2135463e+01   1.6125649e+01
   1.4525827e+01   3.7434431e+01   1.4548897e+01
   1.8082647e+01   3.1117905e+01   1.8307458e+01
   1.6889407e+01   3.8973257e+01   1.6916919e+01
   1.5352215e+01   3.0192962e+01   1.5501222e+01
   1.4627846e+01   2.8395350e+01   1.4820471e+01
