   2.8775157e+01   4.4181011e+01   2.8902243e+01
   2.4322293e+01   4.2834407e+01   2.4384129e+01
   3.0217038e+01   4.2601400e+01   3.0475622e+01
   3.0334080e+01   4.3307727e+01   3.0558985e+01
   1.4214952e+01   3.9578244e+01   1.4228081e+01
   2.8932739e+01   3.6426655e+01   2.9785418e+01
   1.3904585e+01   3.8653055e+01   1.3919754e+01
   2.8377480e+01   3.5878184e+01   2.9228823e+01
   2.0358483e+01   4.6768723e+01   2.0368512e+01
   3.4689410e+01   4.3456759e+01   3.5308516e+01
   3.1665058e+01   4.1271887e+01   3.2168923e+01
   3.0259378e+01   3.7244927e+01   3.1230335e+01
   1.5822729e+01   2.2756744e+01   1.6828823e+01
   2.6971492e+01   3.8783094e+01   2.7268101e+01
   2.8445191e+01   4.2148621e+01   2.8634632e+01
   3.0691750e+01   4.0496182e+01   3.1171996e+01
   1.4101043e+01   3.6568861e+01   1.4126673e+01
   2.9354831e+01   3.5969940e+01   3.0423953e+01
   2.9278359e+01   3.9090727e+01   2.9757827e+01
   2.9835288e+01   3.7741762e+01   3.0603264e+01
   2.6582743e+01   3.4427612e+01   2.7363560e+01
   2.6509273e+01   4.1627261e+01   2.6645327e+01
   2.5417969e+01   3.2624140e+01   2.6336969e+01
   3.1874886e+01   4.4151041e+01   3.2140120e+01
  -2.3014054e+00   5.6797693e+00  -5.0900729e-01
   6.5080780e+00   8.5566098e+00   1.1322428e+01
   2.6244239e+01   3.8833361e+01   2.6490911e+01
   2.5966505e+01   3.5440719e+01   2.6487873e+01
   2.0266007e+01   3.6102957e+01   2.0381839e+01
   2.5990159e+01   3.6683735e+01   2.6378018e+01
   2.8920838e+01   4.0423663e+01   2.9239899e+01
   1.9483091e+01   4.0109015e+01   1.9521279e+01
   2.6512508e+01   3.5833430e+01   2.7053666e+01
   2.8029440e+01   4.0216858e+01   2.8300565e+01
   2.0121878e+01   3.0386220e+01   2.0555022e+01
   2.6909080e+01   4.5321734e+01   2.6972255e+01
   2.5024909e+01   4.0566640e+01   2.5148244e+01
   3.1932865e+01   4.5065848e+01   3.2149402e+01
   2.6699658e+01   3.5496384e+01   2.7315311e+01
   2.8582765e+01   3.4959625e+01   2.9720997e+01
   2.0258981e+01   3.0089265e+01   2.0740082e+01
   2.2334489e+01   2.9675221e+01   2.3224770e+01
   1.4780306e+01   2.5369009e+01   1.5189733e+01
   2.1922629e+01   3.5158355e+01   2.2135170e+01
   2.5980475e+01   3.7309750e+01   2.6313451e+01
   2.9072447e+01   4.2659161e+01   2.9267128e+01
   2.1047945e+01   2.7547994e+01   2.2156229e+01
   2.3519732e+01   3.6172996e+01   2.3763174e+01
   2.8495066e+01   3.5575872e+01   2.9442888e+01
   3.1776703e+01   3.7012960e+01   3.3323389e+01
   3.0388490e+01   4.1092656e+01   3.0774770e+01
   3.2777197e+01   4.2877531e+01   3.3223990e+01
   3.2234223e+01   4.4320513e+01   3.2511682e+01
   2.9482140e+01   3.8967595e+01   3.0001390e+01
   1.9401202e+01   3.3773502e+01   1.9564687e+01
   2.3840883e+01   3.0940633e+01   2.4786397e+01
   2.6630345e+01   3.9412283e+01   2.6865964e+01
   2.5555126e+01   3.2057586e+01   2.6657788e+01
   2.7603753e+01   3.8841931e+01   2.7943813e+01
   3.0777566e+01   3.9449976e+01   3.1411695e+01
   3.2054377e+00   1.3936553e+01   3.7608727e+00
   5.4010883e+00   8.0869777e+00   9.3891258e+00
   3.4262390e+01   4.3106550e+01   3.4869866e+01
   3.0563520e+01   3.8210411e+01   3.1383420e+01
   2.3470969e+01   3.1371010e+01   2.4242625e+01
   2.5610529e+01   3.4867953e+01   2.6160447e+01
   3.1799342e+01   4.4066909e+01   3.2065120e+01
   2.7939057e+01   3.8574867e+01   2.8332009e+01
   1.6741861e+01   2.4389535e+01   1.7576721e+01
   2.7804805e+01   3.7840930e+01   2.8259098e+01
   4.0487501e+00   9.0196975e+00   6.2259090e+00
  -2.2101451e+00   8.9570880e+00  -1.3450439e+00
   3.2618562e+01   4.1750809e+01   3.3184485e+01
   2.6493305e+01   3.0522098e+01   2.8683023e+01
   3.2847217e+01   4.4307894e+01   3.3169272e+01
   2.9886634e+01   4.1305252e+01   3.0212102e+01
   3.2135158e+01   4.2514044e+01   3.2552848e+01
   3.0732847e+01   4.1646090e+01   3.1100157e+01
   2.9628247e+01   3.9127761e+01   3.0145696e+01
   2.3063799e+01   3.4089710e+01   2.3422708e+01
   3.0269341e+01   4.0690338e+01   3.0682932e+01
   2.4767115e+01   3.6427603e+01   2.5074998e+01
   3.1153145e+01   3.9610354e+01   3.1822051e+01
   3.0583171e+01   4.0469039e+01   3.1054004e+01
   2.8068557e+01   3.4701980e+01   2.9132959e+01
   2.8471358e+01   3.9148809e+01   2.8860319e+01
   2.7114715e+01   3.3551797e+01   2.8235617e+01
   3.0222227e+01   4.0587840e+01   3.0641395e+01
   2.4161929e+01   3.1826981e+01   2.4980264e+01
   2.9536885e+01   3.9884790e+01   2.9957915e+01
