   3.2942407e+01   4.4049551e+01   3.3292901e+01
   2.4518183e+01   4.2841087e+01   2.4582783e+01
   3.0300853e+01   4.2631633e+01   3.0562741e+01
   3.1105806e+01   4.3398351e+01   3.1370042e+01
   1.4229519e+01   3.9601530e+01   1.4242620e+01
   2.9157467e+01   3.6378076e+01   3.0071708e+01
   1.3924723e+01   3.8650646e+01   1.3939969e+01
   2.8355775e+01   3.5790991e+01   2.9221432e+01
   2.0527431e+01   4.6832676e+01   2.0537701e+01
   3.4481419e+01   4.3453960e+01   3.5069936e+01
   3.2289356e+01   4.1321582e+01   3.2869406e+01
   3.0406184e+01   3.7259060e+01   3.1410990e+01
   1.4225932e+01   2.1294131e+01   1.5207747e+01
   2.7342540e+01   3.8792803e+01   2.7665809e+01
   3.1556459e+01   4.2172192e+01   3.1950975e+01
   3.1055416e+01   4.0460497e+01   3.1584810e+01
   1.4162727e+01   3.6639715e+01   1.4188290e+01
   2.9382081e+01   3.5958361e+01   3.0462094e+01
   3.0664549e+01   3.8979274e+01   3.1357697e+01
   2.9990204e+01   3.7782790e+01   3.0780528e+01
   2.4623902e+01   3.2962418e+01   2.5314595e+01
   2.8078683e+01   4.1547875e+01   2.8278892e+01
   2.5677562e+01   3.2613628e+01   2.6662554e+01
   3.3027819e+01   4.4125449e+01   3.3379110e+01
  -8.8660348e-01   8.0339433e+00   3.4360444e-01
   4.7958947e+00   7.1440534e+00   9.3542353e+00
   2.4973208e+01   3.9183821e+01   2.5141648e+01
   2.5605506e+01   3.5472935e+01   2.6079296e+01
   2.0105363e+01   3.6643490e+01   2.0203765e+01
   2.6999391e+01   3.6625900e+01   2.7501463e+01
   3.0147322e+01   4.1273687e+01   3.0496358e+01
   2.2938269e+01   4.0289285e+01   2.3019345e+01
   2.9695010e+01   3.7049403e+01   3.0578386e+01
   2.8066634e+01   4.0249153e+01   2.8338071e+01
   2.0287674e+01   3.0372045e+01   2.0739959e+01
   2.8233013e+01   4.5395570e+01   2.8317421e+01
   2.7374748e+01   4.0544970e+01   2.7589639e+01
   3.1033044e+01   4.5103737e+01   3.1206704e+01
   2.6899827e+01   3.5480209e+01   2.7549328e+01
   2.8783411e+01   3.4974445e+01   2.9978823e+01
   1.9003778e+01   3.0269111e+01   1.9345151e+01
   2.2838853e+01   2.9702873e+01   2.3844598e+01
   1.5743750e+01   2.4346407e+01   1.6404380e+01
   2.3804697e+01   3.5123831e+01   2.4139008e+01
   2.8172313e+01   3.7316609e+01   2.8737078e+01
   2.9088846e+01   4.2561264e+01   2.9288839e+01
   2.5233509e+01   3.4522169e+01   2.5779356e+01
   2.8142801e+01   3.6199268e+01   2.8882693e+01
   2.8280691e+01   3.5539434e+01   2.9186269e+01
   3.1781679e+01   3.6961954e+01   3.3352531e+01
   3.1357145e+01   4.0915690e+01   3.1867011e+01
   3.2942060e+01   4.2852444e+01   3.3409933e+01
   3.2382798e+01   4.4130451e+01   3.2683547e+01
   2.9744606e+01   3.8897795e+01   3.0307893e+01
   2.2233211e+01   3.1095973e+01   2.2841064e+01
   2.4222058e+01   3.0952262e+01   2.5262015e+01
   2.8707624e+01   3.9432406e+01   2.9092149e+01
   2.6724210e+01   3.2013340e+01   2.8250354e+01
   2.9717200e+01   3.8788995e+01   3.0291883e+01
   3.0892976e+01   3.9290198e+01   3.1571980e+01
   2.4859160e+00   1.3584553e+01   3.0231567e+00
   3.2895179e+00   6.0369153e+00   7.5455088e+00
   3.4843959e+01   4.3277464e+01   3.5516551e+01
   3.0641289e+01   3.8166866e+01   3.1486812e+01
   2.4918971e+01   3.2048206e+01   2.5856586e+01
   2.6091495e+01   3.4885236e+01   2.6707787e+01
   3.2387413e+01   4.4039211e+01   3.2695116e+01
   2.7939536e+01   3.8617920e+01   2.8328478e+01
   1.9821025e+01   2.7558810e+01   2.0629248e+01
   2.9018115e+01   3.7809789e+01   2.9634030e+01
   4.0177508e+00   9.2203007e+00   6.0689477e+00
  -2.2533008e+00   5.8105820e+00  -5.0390028e-01
   3.2963823e+01   4.1727808e+01   3.3583540e+01
   2.6591324e+01   3.0540344e+01   2.8834017e+01
   3.2388615e+01   4.4315461e+01   3.2676795e+01
   3.0015123e+01   4.1208976e+01   3.0358568e+01
   3.1834715e+01   4.2503958e+01   3.2224161e+01
   3.1279436e+01   4.1674042e+01   3.1695595e+01
   2.9661077e+01   3.9069555e+01   3.0190178e+01
   2.6087532e+01   3.3989387e+01   2.6857404e+01
   3.0742117e+01   4.0716059e+01   3.1202966e+01
   2.4786774e+01   3.6450949e+01   2.5094382e+01
   3.1663530e+01   3.9624130e+01   3.2420868e+01
   3.2069972e+01   4.0432333e+01   3.2754780e+01
   2.8152413e+01   3.4708931e+01   2.9238381e+01
   2.9076631e+01   3.9115155e+01   2.9530479e+01
   2.7133973e+01   3.3546506e+01   2.8262119e+01
   3.0377575e+01   4.0617865e+01   3.0809630e+01
   2.4939279e+01   3.1833719e+01   2.5935371e+01
   2.9495588e+01   3.9882315e+01   2.9912690e+01
