   3.1745149e+01   4.3525362e+01   3.2043599e+01
   2.4333667e+01   4.2808964e+01   2.4396032e+01
   3.0460802e+01   4.2301278e+01   3.0755062e+01
   3.0010150e+01   4.3386456e+01   3.0214678e+01
   1.4212941e+01   3.9423931e+01   1.4226539e+01
   2.8569970e+01   3.6402169e+01   2.9352710e+01
   1.3917749e+01   3.8572356e+01   1.3933248e+01
   2.8225347e+01   3.5761841e+01   2.9069019e+01
   2.0286135e+01   4.6265487e+01   2.0297213e+01
   3.3067635e+01   4.3466957e+01   3.3483221e+01
   3.1588911e+01   4.1187474e+01   3.2093800e+01
   3.0119624e+01   3.7240086e+01   3.1057459e+01
   1.9442008e+01   2.6478925e+01   2.0409143e+01
   2.7600447e+01   3.8872978e+01   2.7937721e+01
   2.8474074e+01   4.2187950e+01   2.8663048e+01
   3.0700185e+01   4.0528132e+01   3.1177689e+01
   1.4127011e+01   3.6583361e+01   1.4152704e+01
   2.8899852e+01   3.5982421e+01   2.9847137e+01
   2.9370308e+01   3.8919669e+01   2.9881524e+01
   2.8172846e+01   3.7843048e+01   2.8669374e+01
   1.8072389e+01   2.5963943e+01   1.8853510e+01
   2.7237386e+01   4.1632756e+01   2.7398475e+01
   2.5586081e+01   3.2606250e+01   2.6549980e+01
   3.0508689e+01   4.4123055e+01   3.0702041e+01
   4.5217121e+00   1.1282975e+01   5.8615993e+00
   3.1406168e-01   5.9305431e+00   2.6942285e+00
   2.7433712e+01   3.5741318e+01   2.8128700e+01
   2.4716027e+01   3.5442839e+01   2.5101111e+01
   2.0280223e+01   3.3906802e+01   2.0474618e+01
   2.5619803e+01   3.6877231e+01   2.5958626e+01
   2.7495568e+01   3.6503300e+01   2.8079778e+01
   1.8790418e+01   3.9865373e+01   1.8824906e+01
   2.2418458e+01   3.2430119e+01   2.2877220e+01
   1.9118466e+01   4.0193909e+01   1.9152918e+01
   2.1819539e+01   3.3303001e+01   2.2141713e+01
   2.6510244e+01   4.5271256e+01   2.6568528e+01
   2.7235359e+01   4.0340791e+01   2.7453575e+01
   2.9915925e+01   4.5260367e+01   3.0044809e+01
   2.6292787e+01   3.5458866e+01   2.6854970e+01
   2.7705232e+01   3.4953407e+01   2.8613435e+01
   2.6334617e+01   3.7864534e+01   2.6651939e+01
   2.3998225e+01   2.9725589e+01   2.5354552e+01
   2.7720636e+01   3.5485144e+01   2.8517086e+01
   2.5469397e+01   3.5118425e+01   2.5969115e+01
   2.6569243e+01   3.6948298e+01   2.6987549e+01
   2.1318657e+01   4.2549448e+01   2.1351734e+01
   2.6161414e+01   3.8318401e+01   2.6434730e+01
   2.8584512e+01   3.6191909e+01   2.9413045e+01
   2.7914042e+01   3.5526469e+01   2.8741693e+01
   3.1002283e+01   3.7038566e+01   3.2247315e+01
   2.9684636e+01   4.0841293e+01   3.0031183e+01
   3.1941343e+01   4.2887641e+01   3.2305676e+01
   3.0723149e+01   4.3894532e+01   3.0937775e+01
   2.8585888e+01   3.8964294e+01   2.9003934e+01
   2.2591987e+01   2.9236347e+01   2.3657064e+01
   2.4396859e+01   3.0877246e+01   2.5506747e+01
   2.7693506e+01   3.9545273e+01   2.7987204e+01
   2.6536636e+01   3.2000841e+01   2.7991281e+01
   2.8456262e+01   3.8911380e+01   2.8866650e+01
   2.9951939e+01   3.9474090e+01   3.0466495e+01
   1.3198728e+01   1.9371617e+01   1.4448420e+01
  -2.3501987e+00   3.2893609e+00   7.0388216e-01
   2.0233950e+01   2.7417097e+01   2.1163870e+01
   1.1954032e+01   2.4659538e+01   1.2208274e+01
   2.2786028e+01   2.8719433e+01   2.4070702e+01
   2.6044172e+01   3.4867430e+01   2.6655998e+01
   3.0450592e+01   4.4064297e+01   3.0643976e+01
   2.7827114e+01   3.8567251e+01   2.8210332e+01
   1.8506379e+01   2.6267871e+01   1.9312451e+01
   2.8265370e+01   3.7863782e+01   2.8770657e+01
   1.8439956e+00   8.3190543e+00   3.5485148e+00
  -2.5032913e-01   7.2407928e+00   1.3529253e+00
   3.2111663e+01   4.1786823e+01   3.2607166e+01
   2.6493659e+01   3.0521312e+01   2.8684124e+01
   3.1385145e+01   4.4307499e+01   3.1612748e+01
   2.9759242e+01   4.1230440e+01   3.0080654e+01
   3.1510107e+01   4.2492483e+01   3.1871321e+01
   3.0558086e+01   4.1652587e+01   3.0909769e+01
   2.9339662e+01   3.9130423e+01   2.9821651e+01
   2.5443390e+01   3.4086642e+01   2.6083319e+01
   3.0006883e+01   4.0594067e+01   3.0404237e+01
   2.4626560e+01   3.6440547e+01   2.4923412e+01
   3.0553100e+01   3.9600238e+01   3.1131181e+01
   3.1339478e+01   4.0466334e+01   3.1906251e+01
   2.7736354e+01   3.4715157e+01   2.8709649e+01
   2.8686179e+01   3.9186657e+01   2.9092069e+01
   2.6737999e+01   3.3515595e+01   2.7763717e+01
   2.9975418e+01   4.0604068e+01   3.0368823e+01
   2.4886527e+01   3.1848274e+01   2.5865480e+01
   2.8538617e+01   3.9881050e+01   2.8870188e+01
