   3.1121381e+01   4.4128639e+01   3.1344473e+01
   2.4266859e+01   4.2838232e+01   2.4327854e+01
   2.8444066e+01   4.2225050e+01   2.8630081e+01
   3.1031756e+01   4.3313249e+01   3.1296689e+01
   1.4227132e+01   3.9614787e+01   1.4240186e+01
   2.9062753e+01   3.6446309e+01   2.9939711e+01
   1.3906125e+01   3.8735342e+01   1.3921014e+01
   2.8228435e+01   3.5747961e+01   2.9075752e+01
   2.0265338e+01   4.6737471e+01   2.0275227e+01
   3.3142421e+01   4.3415976e+01   3.3570836e+01
   3.1672663e+01   4.1172730e+01   3.2189844e+01
   2.7970797e+01   3.7251170e+01   2.8517037e+01
   2.1302978e+01   2.8205800e+01   2.2300631e+01
   2.6343399e+01   3.8920939e+01   2.6590736e+01
   2.9781449e+01   4.2015639e+01   3.0049443e+01
   2.9264603e+01   4.0333441e+01   2.9618562e+01
   1.4144210e+01   3.6622108e+01   1.4169772e+01
   2.8996895e+01   3.5958904e+01   2.9974047e+01
   2.8923619e+01   3.8795455e+01   2.9396244e+01
   2.8415013e+01   3.7969607e+01   2.8925713e+01
   2.9761914e+01   3.5969239e+01   3.0951901e+01
   2.9468827e+01   4.1736422e+01   2.9734723e+01
   2.5456296e+01   3.2622599e+01   2.6384718e+01
   3.0952390e+01   4.4150684e+01   3.1165649e+01
  -2.3391172e+00   9.4716421e+00  -1.5783183e+00
   6.5145643e+00   8.7356005e+00   1.1035490e+01
   2.8593706e+01   3.6992129e+01   2.9272863e+01
   2.5673135e+01   3.5432481e+01   2.6159535e+01
   2.0900179e+01   4.2114015e+01   2.0933410e+01
   2.7249652e+01   3.6727342e+01   2.7770260e+01
   2.7337070e+01   3.4477948e+01   2.8270733e+01
   1.8410063e+01   3.9877223e+01   1.8441599e+01
   2.8245959e+01   4.1446832e+01   2.8459232e+01
   2.7590919e+01   4.0263989e+01   2.7832587e+01
   2.2287260e+01   3.3744691e+01   2.2611236e+01
   2.6151696e+01   4.5279001e+01   2.6205247e+01
   2.7089234e+01   4.0388855e+01   2.7297689e+01
   2.8323805e+01   4.4779499e+01   2.8423300e+01
   2.6461805e+01   3.5487329e+01   2.7043721e+01
   2.6541600e+01   3.5004786e+01   2.7210408e+01
   2.5780507e+01   3.8010465e+01   2.6049184e+01
   2.3910181e+01   2.9690403e+01   2.5247407e+01
   2.6619188e+01   3.5279172e+01   2.7256067e+01
   2.5004583e+01   3.4963626e+01   2.5468117e+01
   2.1963847e+01   3.2482218e+01   2.2369918e+01
   1.9528335e+01   4.2542550e+01   1.9550327e+01
   1.8872317e+01   2.6005750e+01   1.9817096e+01
   2.5072299e+01   3.6133415e+01   2.5427569e+01
   2.8170587e+01   3.5528447e+01   2.9053541e+01
   3.1106820e+01   3.6841326e+01   3.2456817e+01
   2.9167774e+01   4.0868256e+01   2.9472111e+01
   3.2615283e+01   4.2803684e+01   3.3052648e+01
   3.1815837e+01   4.4264899e+01   3.2070411e+01
   2.8666438e+01   3.8972095e+01   2.9091892e+01
   2.9476333e+01   4.3600117e+01   2.9647898e+01
   2.5167474e+01   3.1104819e+01   2.6448337e+01
   2.7936514e+01   3.9369249e+01   2.8261066e+01
   2.6751408e+01   3.2150651e+01   2.8232021e+01
   2.9381696e+01   3.9038419e+01   2.9879685e+01
   2.9511265e+01   3.9469841e+01   2.9973958e+01
   1.5043389e+00   1.1636229e+01   2.2356893e+00
   4.8068341e+00   7.3967866e+00   9.0091289e+00
   1.7849382e+01   2.4729350e+01   1.8860945e+01
   1.3795669e+01   2.6490293e+01   1.4045434e+01
   2.3381859e+01   2.9430916e+01   2.4626751e+01
   2.5461416e+01   3.4905858e+01   2.5986749e+01
   3.1187856e+01   4.3877105e+01   3.1428371e+01
   2.6471334e+01   3.8652887e+01   2.6743016e+01
   3.1333373e+01   4.4562007e+01   3.1545096e+01
   2.9775043e+01   3.7853082e+01   3.0510616e+01
   3.3950754e+00   8.6054591e+00   5.5129137e+00
  -2.5568549e+00   5.0813449e+00  -5.6189775e-01
   3.2612886e+01   4.1579497e+01   3.3202370e+01
   2.6519365e+01   3.0534624e+01   2.8717948e+01
   3.1784366e+01   4.4112981e+01   3.2046320e+01
   2.9362637e+01   4.1288374e+01   2.9651055e+01
   3.1277605e+01   4.2518248e+01   3.1617140e+01
   3.1198316e+01   4.1632584e+01   3.1610512e+01
   2.9216144e+01   3.9134449e+01   2.9683422e+01
   2.5296425e+01   3.4012502e+01   2.5924966e+01
   3.0222076e+01   4.0385006e+01   3.0662317e+01
   2.2470098e+01   3.6432228e+01   2.2649095e+01
   3.1197199e+01   3.9488058e+01   3.1894426e+01
   3.1418931e+01   4.0444263e+01   3.2000039e+01
   2.6968836e+01   3.4659680e+01   2.7780496e+01
   2.8053498e+01   3.9115532e+01   2.8408164e+01
   2.6852302e+01   3.3605661e+01   2.7884446e+01
   3.0277994e+01   4.0722782e+01   3.0689214e+01
   2.4698800e+01   3.1822003e+01   2.5638010e+01
   2.8848715e+01   3.9908569e+01   2.9203478e+01
