   3.0011924e+01   4.2671832e+01   3.0254172e+01
   2.3982658e+01   4.2563511e+01   2.4043534e+01
   2.6769702e+01   4.1159754e+01   2.6931027e+01
   2.6968370e+01   4.1555953e+01   2.7122379e+01
   1.4118525e+01   3.7611655e+01   1.4138752e+01
   2.6623996e+01   3.5974135e+01   2.7161264e+01
   1.3785880e+01   3.4204162e+01   1.3827151e+01
   2.4108566e+01   3.0739664e+01   2.5175803e+01
   2.0140273e+01   4.6627596e+01   2.0150129e+01
   2.6217289e+01   4.2655446e+01   2.6317282e+01
   2.8124885e+01   4.0534792e+01   2.8382054e+01
   2.8262935e+01   3.7108782e+01   2.8870792e+01
   1.3421131e+01   2.0354994e+01   1.4444140e+01
   2.6132409e+01   3.8653204e+01   2.6383122e+01
   2.7900358e+01   4.1404090e+01   2.8098957e+01
   2.7751728e+01   3.9904641e+01   2.8025112e+01
   1.3988681e+01   3.4077044e+01   1.4033144e+01
   2.5030872e+01   3.4410732e+01   2.5564725e+01
   2.7388158e+01   3.8861428e+01   2.7709648e+01
   2.8139431e+01   3.6684151e+01   2.8794402e+01
   2.3953916e+01   3.2434205e+01   2.4620997e+01
   2.6914918e+01   4.0282931e+01   2.7120054e+01
   2.5212787e+01   3.2587539e+01   2.6093124e+01
   3.1001402e+01   4.3414339e+01   3.1258201e+01
   3.9837582e+00   1.3830162e+01   4.6349087e+00
   8.9388394e+00   1.2318325e+01   1.1856362e+01
   2.2340663e+01   3.7865143e+01   2.2464824e+01
   2.5654222e+01   3.5299423e+01   2.6154351e+01
   1.9909499e+01   3.5114303e+01   2.0043863e+01
   2.6250953e+01   3.6320661e+01   2.6701865e+01
   2.7917743e+01   4.0728263e+01   2.8151648e+01
   2.1851556e+01   3.8606991e+01   2.1944808e+01
   2.7373308e+01   3.5694271e+01   2.8065999e+01
   2.6272050e+01   3.9028365e+01   2.6509145e+01
   1.9787601e+01   3.0406225e+01   2.0185533e+01
   2.5770221e+01   4.3860945e+01   2.5838336e+01
   2.5198808e+01   3.9605970e+01   2.5359631e+01
   2.8372920e+01   4.3541477e+01   2.8507271e+01
   2.4618517e+01   3.5308776e+01   2.5007032e+01
   2.4809206e+01   3.4795749e+01   2.5269718e+01
   1.9438622e+01   3.1040677e+01   1.9753243e+01
   2.3055683e+01   2.9747295e+01   2.4107217e+01
   1.6893181e+01   2.5641397e+01   1.7526861e+01
   2.3128243e+01   3.5036679e+01   2.3418889e+01
   2.5702441e+01   3.6886158e+01   2.6047282e+01
   2.6162558e+01   4.1145424e+01   2.6303007e+01
   2.3421437e+01   3.4315398e+01   2.3791762e+01
   2.4827913e+01   3.5660421e+01   2.5203297e+01
   2.6338804e+01   3.5356269e+01   2.6921911e+01
   2.9561327e+01   3.7022804e+01   3.0420940e+01
   2.8238164e+01   4.0549896e+01   2.8501383e+01
   2.6155116e+01   4.2412686e+01   2.6259409e+01
   2.8782133e+01   4.1726860e+01   2.9008667e+01
   2.6277220e+01   3.7093107e+01   2.6653772e+01
   2.1526838e+01   3.0406125e+01   2.2132808e+01
   2.3399482e+01   3.0574368e+01   2.4327297e+01
   2.6114351e+01   3.9620848e+01   2.6312980e+01
   2.5442077e+01   3.2003374e+01   2.6527960e+01
   2.6760047e+01   3.8735832e+01   2.7045311e+01
   2.6410409e+01   3.9143659e+01   2.6648785e+01
   2.4877060e+00   1.1621813e+01   3.3421926e+00
   8.4296166e+00   1.1505361e+01   1.1672151e+01
   2.4862897e+01   3.3999994e+01   2.5429584e+01
   1.9397315e+01   3.2926681e+01   1.9596618e+01
   2.4211517e+01   3.1776521e+01   2.5050842e+01
   2.5353511e+01   3.4863365e+01   2.5870542e+01
   2.9477456e+01   4.3888686e+01   2.9637827e+01
   2.6366250e+01   3.8178878e+01   2.6662873e+01
   1.9544125e+01   2.7502929e+01   2.0309042e+01
   2.5642957e+01   3.7799324e+01   2.5916394e+01
   7.7207474e+00   1.1979303e+01   1.0029581e+01
   2.1730141e+00   9.4375176e+00   3.5442273e+00
   2.6452153e+01   4.1601114e+01   2.6587228e+01
   2.5701640e+01   3.0542418e+01   2.7432014e+01
   2.6406919e+01   4.4057189e+01   2.6482341e+01
   2.7332368e+01   4.1081795e+01   2.7519846e+01
   2.5671577e+01   4.2236650e+01   2.5768689e+01
   2.6297652e+01   4.1488755e+01   2.6431414e+01
   2.8290442e+01   3.9002258e+01   2.8676220e+01
   2.5322677e+01   3.3977053e+01   2.5960890e+01
   2.8683569e+01   4.0533075e+01   2.8977325e+01
   2.3935069e+01   3.5980562e+01   2.4216165e+01
   2.9278690e+01   3.9529581e+01   2.9709746e+01
   2.6980614e+01   4.0118007e+01   2.7197213e+01
   2.6657407e+01   3.4586806e+01   2.7421748e+01
   2.6965586e+01   3.8831471e+01   2.7258385e+01
   2.5170299e+01   3.2744513e+01   2.6007093e+01
   2.6304434e+01   3.8417676e+01   2.6580586e+01
   2.3911167e+01   3.1888377e+01   2.4667687e+01
   2.5753731e+01   3.9596497e+01   2.5937283e+01
