   3.2979205e+01   4.4169675e+01   3.3322766e+01
   2.4550222e+01   4.2855454e+01   2.4615085e+01
   3.1279653e+01   4.2644461e+01   3.1609247e+01
   3.2983458e+01   4.3346756e+01   3.3402682e+01
   1.4247259e+01   3.9601746e+01   1.4260410e+01
   2.8912936e+01   3.6425426e+01   2.9761601e+01
   1.3930512e+01   3.8667342e+01   1.3945718e+01
   2.8404924e+01   3.5825702e+01   2.9273758e+01
   2.0543994e+01   4.6785994e+01   2.0554415e+01
   3.4886479e+01   4.3430690e+01   3.5540798e+01
   3.2511637e+01   4.1276319e+01   3.3131279e+01
   2.8859709e+01   3.7219071e+01   2.9545460e+01
   1.3872861e+01   2.0823647e+01   1.4887524e+01
   2.7410156e+01   3.8757018e+01   2.7741509e+01
   3.2203677e+01   4.2154575e+01   3.2667006e+01
   3.1155804e+01   4.0461738e+01   3.1698207e+01
   1.4172473e+01   3.6599638e+01   1.4198330e+01
   2.9535940e+01   3.5957855e+01   3.0660495e+01
   3.0681094e+01   3.9090840e+01   3.1358008e+01
   3.0490658e+01   3.7756654e+01   3.1394073e+01
   2.4850641e+01   3.3095218e+01   2.5557613e+01
   2.8590213e+01   4.1594771e+01   2.8813580e+01
   2.5709745e+01   3.2625698e+01   2.6699851e+01
   3.3140310e+01   4.4154913e+01   3.3498664e+01
  -3.7660091e-01   6.9116009e+00   1.3258998e+00
   5.7338615e+00   8.2041019e+00   9.9726035e+00
   2.5452386e+01   3.6078945e+01   2.5846683e+01
   2.6118179e+01   3.5463205e+01   2.6656256e+01
   2.0362088e+01   3.5889689e+01   2.0486568e+01
   2.7077785e+01   3.6643379e+01   2.7587364e+01
   2.9777921e+01   4.1056012e+01   3.0114525e+01
   2.3416777e+01   4.0269019e+01   2.3507775e+01
   2.8927508e+01   3.6263110e+01   2.9815299e+01
   2.8278609e+01   4.0228883e+01   2.8565438e+01
   2.1246373e+01   3.1571139e+01   2.1672341e+01
   2.8600649e+01   4.5339807e+01   2.8693782e+01
   2.7719225e+01   4.0561986e+01   2.7951370e+01
   3.1692421e+01   4.5311081e+01   3.1885537e+01
   2.7046835e+01   3.5536115e+01   2.7711166e+01
   2.8893995e+01   3.4969084e+01   3.0126753e+01
   1.8322027e+01   3.2081792e+01   1.8511400e+01
   2.3831308e+01   2.9745779e+01   2.5121259e+01
   2.2049655e+01   3.2393058e+01   2.2473200e+01
   2.4350566e+01   3.5186198e+01   2.4725806e+01
   2.8720081e+01   3.7314125e+01   2.9366963e+01
   2.9399811e+01   4.2657810e+01   2.9610157e+01
   2.4912802e+01   3.4816008e+01   2.5382699e+01
   2.8239481e+01   3.6220473e+01   2.8993511e+01
   2.8594865e+01   3.5550113e+01   2.9573830e+01
   3.1980002e+01   3.7043216e+01   3.3602819e+01
   3.2137631e+01   4.0869267e+01   3.2762393e+01
   3.3141936e+01   4.2844450e+01   3.3634085e+01
   3.2604518e+01   4.4354927e+01   3.2905061e+01
   3.0085574e+01   3.8964605e+01   3.0688181e+01
   2.1279546e+01   3.0505004e+01   2.1836234e+01
   2.4280644e+01   3.0968201e+01   2.5332156e+01
   2.9640975e+01   3.9479300e+01   3.0117381e+01
   2.6855859e+01   3.2063727e+01   2.8416575e+01
   3.0698149e+01   3.9012918e+01   3.1391285e+01
   3.1175473e+01   3.9473680e+01   3.1871424e+01
   1.5411199e+00   1.1213535e+01   2.3532623e+00
   3.7170571e+00   6.4461203e+00   7.9153409e+00
   3.5143109e+01   4.3117406e+01   3.5897582e+01
   3.1612346e+01   3.8197606e+01   3.2689385e+01
   2.4348367e+01   3.1459976e+01   2.5290620e+01
   2.6085485e+01   3.4907548e+01   2.6697478e+01
   3.2935786e+01   4.4073570e+01   3.3283714e+01
   2.8003363e+01   3.8635994e+01   2.8396607e+01
   1.5681099e+01   2.3574359e+01   1.6469931e+01
   2.9186229e+01   3.7800586e+01   2.9829776e+01
   5.0192426e+00   9.8623119e+00   7.1712937e+00
  -2.4333644e+00   5.8386095e+00  -7.2721796e-01
   3.3338117e+01   4.1764696e+01   3.4011954e+01
   2.6629636e+01   3.0538409e+01   2.8899690e+01
   3.3343177e+01   4.4360514e+01   3.3701289e+01
   3.0132348e+01   4.1300947e+01   3.0477869e+01
   3.2236092e+01   4.2529327e+01   3.2662517e+01
   3.1534394e+01   4.1674396e+01   3.1976983e+01
   2.9750415e+01   3.9111240e+01   3.0285717e+01
   2.6119515e+01   3.3997194e+01   2.6894077e+01
   3.1045645e+01   4.0693333e+01   3.1544560e+01
   2.4838828e+01   3.6429982e+01   2.5151831e+01
   3.1970528e+01   3.9621592e+01   3.2789381e+01
   3.2159961e+01   4.0448318e+01   3.2857527e+01
   2.8317353e+01   3.4735149e+01   2.9443484e+01
   2.9104118e+01   3.9147151e+01   2.9557466e+01
   2.7159942e+01   3.3546555e+01   2.8295792e+01
   3.0546996e+01   4.0619345e+01   3.0996983e+01
   2.4960360e+01   3.1823218e+01   2.5964611e+01
   2.9735018e+01   3.9854725e+01   3.0179942e+01
