   3.2291736e+01   4.4105004e+01   3.2587822e+01
   2.4502949e+01   4.2862293e+01   2.4567006e+01
   2.9284806e+01   4.2456122e+01   2.9499505e+01
   3.0838793e+01   4.3403416e+01   3.1086528e+01
   1.4231866e+01   3.9803069e+01   1.4244378e+01
   2.9367979e+01   3.6398116e+01   3.0328024e+01
   1.3926650e+01   3.8704079e+01   1.3941715e+01
   2.8311617e+01   3.5881286e+01   2.9148188e+01
   2.0370055e+01   4.6830089e+01   2.0379969e+01
   3.4498959e+01   4.3434372e+01   3.5092889e+01
   3.2369453e+01   4.1278239e+01   3.2967424e+01
   2.9788386e+01   3.7237992e+01   3.0650556e+01
   1.2286823e+01   1.8964662e+01   1.3392292e+01
   2.7112046e+01   3.8791557e+01   2.7418125e+01
   3.0418582e+01   4.2076777e+01   3.0725914e+01
   2.7971976e+01   4.0383092e+01   2.8229085e+01
   1.4144835e+01   3.6609510e+01   1.4170474e+01
   2.9391582e+01   3.5959613e+01   3.0473924e+01
   2.9332986e+01   3.8889022e+01   2.9843374e+01
   2.9526928e+01   3.7799289e+01   3.0227614e+01
   2.6148119e+01   3.4027341e+01   2.6922368e+01
   2.8130768e+01   4.1643890e+01   2.8328911e+01
   2.5689281e+01   3.2624633e+01   2.6674448e+01
   3.1856343e+01   4.4144227e+01   3.2120839e+01
   9.7882551e+00   1.8998609e+01   1.0397484e+01
   1.7258941e+00   1.0231623e+01   2.7796774e+00
   2.6343895e+01   3.8179651e+01   2.6638891e+01
   2.5429408e+01   3.5459734e+01   2.5884861e+01
   2.0289941e+01   3.6745848e+01   2.0390206e+01
   2.6843522e+01   3.6632430e+01   2.7326141e+01
   2.9107600e+01   4.0702517e+01   2.9419705e+01
   2.0102641e+01   4.0195484e+01   2.0145776e+01
   2.2924907e+01   2.8434050e+01   2.4365325e+01
   2.5357653e+01   4.0294609e+01   2.5499687e+01
   2.0610126e+01   3.0965820e+01   2.1033395e+01
   2.7871344e+01   4.5402070e+01   2.7948840e+01
   2.7443932e+01   4.0554243e+01   2.7661878e+01
   3.0949880e+01   4.5178490e+01   3.1117220e+01
   2.6837023e+01   3.5515826e+01   2.7470875e+01
   2.8642872e+01   3.4981140e+01   2.9792711e+01
   1.6374595e+01   2.7331447e+01   1.6745805e+01
   2.2702775e+01   2.9703892e+01   2.3673673e+01
   1.5554144e+01   2.3714924e+01   1.6292345e+01
   2.3485460e+01   3.5114290e+01   2.3796019e+01
   2.7062524e+01   3.7297207e+01   2.7495598e+01
   2.8913711e+01   4.2705107e+01   2.9099245e+01
   2.0824480e+01   2.7372830e+01   2.1919245e+01
   2.3988018e+01   3.6194035e+01   2.4258580e+01
   2.8286219e+01   3.5548142e+01   2.9191059e+01
   3.1885196e+01   3.6933409e+01   3.3514844e+01
   3.1163904e+01   4.0933953e+01   3.1648148e+01
   3.2888024e+01   4.2833841e+01   3.3351887e+01
   3.1672956e+01   4.4292363e+01   3.1917463e+01
   2.9956341e+01   3.8966523e+01   3.0539779e+01
   1.6482919e+01   2.6660882e+01   1.6930521e+01
   2.3669252e+01   3.0970649e+01   2.4567273e+01
   2.8424044e+01   3.9419581e+01   2.8784371e+01
   2.6787478e+01   3.2067282e+01   2.8317513e+01
   2.9569046e+01   3.9020981e+01   3.0092560e+01
   3.1078000e+01   3.9517072e+01   3.1749941e+01
   1.4880003e+01   2.0286256e+01   1.6395601e+01
   2.0836329e+00   9.3877884e+00   3.4508409e+00
   3.4466915e+01   4.3080595e+01   3.5110063e+01
   3.1314948e+01   3.8197977e+01   3.2311788e+01
   2.4849259e+01   3.2560596e+01   2.5657651e+01
   2.6108220e+01   3.4915701e+01   2.6722416e+01
   3.1237728e+01   4.4040105e+01   3.1471888e+01
   2.7943843e+01   3.8646495e+01   2.8330519e+01
   1.9064447e+01   2.8529012e+01   1.9591893e+01
   2.9039856e+01   3.7800484e+01   2.9660517e+01
   4.6348988e+00   9.4668551e+00   6.8309465e+00
  -2.3292197e+00   6.9418095e+00  -9.8271472e-01
   3.3203441e+01   4.1710463e+01   3.3863931e+01
   2.6617431e+01   3.0540771e+01   2.8877530e+01
   3.2598627e+01   4.4277100e+01   3.2904371e+01
   3.0076070e+01   4.1312726e+01   3.0416007e+01
   3.2122806e+01   4.2521203e+01   3.2538532e+01
   3.1410507e+01   4.1671901e+01   3.1840281e+01
   2.9357651e+01   3.9087280e+01   2.9846869e+01
   2.6093447e+01   3.4011776e+01   2.6860130e+01
   2.9650007e+01   4.0672412e+01   3.0007897e+01
   2.4731238e+01   3.6398691e+01   2.5038618e+01
   3.1176670e+01   3.9553565e+01   3.1859090e+01
   3.1667040e+01   4.0433039e+01   3.2286550e+01
   2.7725412e+01   3.4702774e+01   2.8699073e+01
   2.8915828e+01   3.9098995e+01   2.9354054e+01
   2.7170763e+01   3.3568833e+01   2.8303191e+01
   3.0173293e+01   4.0617098e+01   3.0584620e+01
   2.4902314e+01   3.1803948e+01   2.5896578e+01
   2.8935510e+01   3.9847020e+01   2.9303126e+01
