   3.2837924e+01   4.4169898e+01   3.3170045e+01
   2.4402471e+01   4.2838800e+01   2.4465399e+01
   2.9331106e+01   4.2474691e+01   2.9547212e+01
   3.2332544e+01   4.3403057e+01   3.2686156e+01
   1.4243347e+01   3.9547414e+01   1.4256653e+01
   2.8933037e+01   3.6424243e+01   2.9786304e+01
   1.3916401e+01   3.8655191e+01   1.3931603e+01
   2.8389440e+01   3.5855571e+01   2.9248301e+01
   2.0405517e+01   4.6800957e+01   2.0415579e+01
   3.4880285e+01   4.3442263e+01   3.5531723e+01
   3.2304958e+01   4.1240126e+01   3.2899053e+01
   3.0241071e+01   3.7249673e+01   3.1206277e+01
   1.7188690e+01   2.4375237e+01   1.8125771e+01
   2.6703617e+01   3.8791048e+01   2.6981414e+01
   3.0728446e+01   4.2173094e+01   3.1051838e+01
   3.0937456e+01   4.0523476e+01   3.1443948e+01
   1.4164271e+01   3.6581877e+01   1.4190187e+01
   2.9359117e+01   3.5966862e+01   3.0430294e+01
   2.9675240e+01   3.8928710e+01   3.0224830e+01
   2.8341402e+01   3.7836030e+01   2.8859654e+01
   2.4724061e+01   3.3005696e+01   2.5424580e+01
   2.7657360e+01   4.1645485e+01   2.7834582e+01
   2.5670776e+01   3.2617744e+01   2.6653002e+01
   3.2110490e+01   4.4133726e+01   3.2392145e+01
   4.8744633e-01   9.1407558e+00   1.6235459e+00
   4.9664267e+00   7.5647125e+00   9.1330749e+00
   2.5697290e+01   3.9744740e+01   2.5872226e+01
   2.6229038e+01   3.5443683e+01   2.6784571e+01
   2.0207341e+01   3.7232935e+01   2.0295172e+01
   2.6383294e+01   3.6686191e+01   2.6809412e+01
   2.9293693e+01   4.0602494e+01   2.9627872e+01
   1.9811456e+01   4.0114836e+01   1.9852568e+01
   2.9046489e+00   1.2460289e+01   3.6542505e+00
   2.5498290e+01   4.0253503e+01   2.5646485e+01
   2.1436225e+01   3.2178444e+01   2.1821276e+01
   2.7885906e+01   4.5370742e+01   2.7964232e+01
   2.7564763e+01   4.0589325e+01   2.7787156e+01
   3.0479573e+01   4.5215509e+01   3.0628157e+01
   2.6803034e+01   3.5521833e+01   2.7430646e+01
   2.8631981e+01   3.4971259e+01   2.9781518e+01
   2.1088942e+01   3.0850082e+01   2.1577455e+01
   2.2653577e+01   2.9691819e+01   2.3615285e+01
   1.6289531e+01   2.6330919e+01   1.6752628e+01
   2.2661455e+01   3.5143921e+01   2.2915188e+01
   2.7272984e+01   3.7308302e+01   2.7727460e+01
   2.9240293e+01   4.2667073e+01   2.9442441e+01
   2.5109277e+01   3.5643601e+01   2.5512530e+01
   2.7316171e+01   3.6209593e+01   2.7917130e+01
   2.8435768e+01   3.5569102e+01   2.9370894e+01
   3.1990634e+01   3.7053760e+01   3.3613489e+01
   3.0935332e+01   4.1042422e+01   3.1381512e+01
   3.3152756e+01   4.2859833e+01   3.3644356e+01
   3.2720301e+01   4.4292298e+01   3.3033908e+01
   2.9740335e+01   3.8970108e+01   3.0293124e+01
   2.1761660e+01   3.4575426e+01   2.1996533e+01
   2.4065811e+01   3.0941842e+01   2.5067295e+01
   2.8522868e+01   3.9455017e+01   2.8888710e+01
   2.6773728e+01   3.2040429e+01   2.8309313e+01
   2.9353495e+01   3.8847627e+01   2.9871661e+01
   3.1116599e+01   3.9443291e+01   3.1807625e+01
   3.9481175e+00   1.7542612e+01   4.2180177e+00
   3.4032121e+00   5.9538178e+00   7.9102269e+00
   3.4760927e+01   4.3076617e+01   3.5453572e+01
   3.1607808e+01   3.8206561e+01   3.2681058e+01
   2.1772274e+01   2.9350592e+01   2.2610933e+01
   2.6057589e+01   3.4901340e+01   2.6666320e+01
   3.1888026e+01   4.4016965e+01   3.2162699e+01
   2.8040482e+01   3.8596118e+01   2.8441089e+01
   1.7565472e+01   2.5339058e+01   1.8371555e+01
   2.9063572e+01   3.7849891e+01   2.9680296e+01
   4.5846091e+00   9.5010848e+00   6.7363991e+00
  -2.0224451e+00   9.7987149e+00  -1.2944686e+00
   3.3231216e+01   4.1745006e+01   3.3890594e+01
   2.6585745e+01   3.0524540e+01   2.8835362e+01
   3.2896823e+01   4.4305432e+01   3.3222909e+01
   3.0077611e+01   4.1315020e+01   3.0417487e+01
   3.2089970e+01   4.2458746e+01   3.2508685e+01
   3.1383661e+01   4.1697328e+01   3.1808036e+01
   2.9459245e+01   3.9104732e+01   2.9958592e+01
   2.6100314e+01   3.4006972e+01   2.6869251e+01
   3.0103169e+01   4.0667867e+01   3.0502675e+01
   2.4822855e+01   3.6452419e+01   2.5133006e+01
   3.1137038e+01   3.9634778e+01   3.1799233e+01
   3.2040766e+01   4.0448805e+01   3.2717824e+01
   2.7722222e+01   3.4712549e+01   2.8692633e+01
   2.9145735e+01   3.9151855e+01   2.9603159e+01
   2.6947211e+01   3.3560697e+01   2.8017600e+01
   3.0197393e+01   4.0591076e+01   3.0613729e+01
   2.4936491e+01   3.1837162e+01   2.5930980e+01
   2.9305927e+01   3.9864541e+01   2.9706095e+01
