   3.0854451e+01   4.4183230e+01   3.1061249e+01
   2.4254319e+01   4.2822522e+01   2.4315360e+01
   2.8946761e+01   4.2029150e+01   2.9166036e+01
   2.9107914e+01   4.3490245e+01   2.9269392e+01
   1.4202380e+01   3.9624164e+01   1.4215334e+01
   2.8965971e+01   3.6389249e+01   2.9834115e+01
   1.3897576e+01   3.8690546e+01   1.3912591e+01
   2.8237312e+01   3.5733861e+01   2.9089592e+01
   2.0356210e+01   4.6651704e+01   2.0366508e+01
   3.4128826e+01   4.3381581e+01   3.4678156e+01
   3.1142600e+01   4.0967447e+01   3.1620427e+01
   2.8049195e+01   3.7257184e+01   2.8605212e+01
   2.8393840e+01   4.0224618e+01   2.8688937e+01
   2.6846012e+01   3.8726903e+01   2.7137782e+01
   2.9783945e+01   4.1925333e+01   3.0057913e+01
   2.8837262e+01   4.0556363e+01   2.9140278e+01
   1.4136217e+01   3.6454124e+01   1.4162742e+01
   2.8763724e+01   3.5911183e+01   2.9695377e+01
   2.8121597e+01   3.8747158e+01   2.8515497e+01
   2.7889457e+01   3.8040197e+01   2.8331283e+01
   2.6929962e+01   3.3753152e+01   2.7943537e+01
   2.7073271e+01   4.1678205e+01   2.7226648e+01
   2.5300573e+01   3.2662171e+01   2.6183822e+01
   2.9809759e+01   4.4318881e+01   2.9966478e+01
  -1.6459402e+00   1.0582807e+01  -1.0138124e+00
   6.6513707e+00   9.0683482e+00   1.0856454e+01
   2.7122996e+01   3.6612435e+01   2.7642137e+01
   2.5330995e+01   3.5468732e+01   2.5774764e+01
   2.0590918e+01   3.8296051e+01   2.0665860e+01
   2.5158567e+01   3.6860494e+01   2.5463338e+01
   2.5804280e+01   3.2963029e+01   2.6734321e+01
   1.8261452e+01   4.0043080e+01   1.8290793e+01
   2.4879375e+01   3.5847731e+01   2.5242691e+01
   2.3951234e+01   4.0392222e+01   2.4051323e+01
   2.4949889e+01   3.5098250e+01   2.5392630e+01
   2.7988972e+01   4.5519424e+01   2.8066469e+01
   2.6429479e+01   4.0918239e+01   2.6587138e+01
   2.7866269e+01   4.4692814e+01   2.7957550e+01
   2.6091323e+01   3.5609862e+01   2.6607036e+01
   2.5367106e+01   3.4951748e+01   2.5874771e+01
   2.4749713e+01   3.7511687e+01   2.4986719e+01
   2.2615739e+01   2.9743392e+01   2.3555630e+01
   2.5657075e+01   3.2524672e+01   2.6659672e+01
   2.2786267e+01   3.4907963e+01   2.3062643e+01
   1.8682116e+01   3.1534067e+01   1.8916426e+01
   1.9590877e+01   3.6235781e+01   1.9686979e+01
   2.4025446e+01   3.4382071e+01   2.4446728e+01
   2.5335959e+01   3.6251649e+01   2.5703786e+01
   2.8379711e+01   3.5546875e+01   2.9306766e+01
   3.0956131e+01   3.6828940e+01   3.2256823e+01
   3.1311318e+01   4.0570579e+01   3.1859954e+01
   3.0399850e+01   4.2592580e+01   3.0670459e+01
   3.1303869e+01   4.4130733e+01   3.1536673e+01
   2.8442616e+01   3.8959911e+01   2.8846892e+01
   2.9997378e+01   4.3616290e+01   3.0190545e+01
   2.4809650e+01   3.1106517e+01   2.5974085e+01
   2.7988276e+01   3.9387904e+01   2.8315402e+01
   2.6797773e+01   3.2050695e+01   2.8339198e+01
   2.9413001e+01   3.9060396e+01   2.9912121e+01
   3.0413948e+01   3.9463871e+01   3.0991648e+01
   1.2817277e+00   1.1318010e+01   2.0446219e+00
   4.5146888e+00   7.1079969e+00   8.7586314e+00
   2.0048005e+01   2.7230510e+01   2.0978422e+01
   1.3384751e+01   2.6046948e+01   1.3637411e+01
   3.1748035e+01   4.0682414e+01   3.2342291e+01
   2.6421646e+01   3.4884827e+01   2.7090494e+01
   3.0728774e+01   4.3861889e+01   3.0945348e+01
   2.7529214e+01   3.8589673e+01   2.7884082e+01
   3.1620571e+01   4.4452511e+01   3.1853084e+01
   2.9352851e+01   3.7884399e+01   3.0009742e+01
   4.6775645e+00   9.9554682e+00   6.6236973e+00
  -2.4394433e+00   5.9189807e+00  -7.6474069e-01
   3.2005951e+01   4.1509759e+01   3.2522634e+01
   2.6312224e+01   3.0517422e+01   2.8390301e+01
   3.1422797e+01   4.4071486e+01   3.1665624e+01
   2.9320269e+01   4.1298597e+01   2.9605102e+01
   3.1016903e+01   4.2436577e+01   3.1342215e+01
   3.0596061e+01   4.1596409e+01   3.0955776e+01
   2.9017658e+01   3.9052175e+01   2.9471955e+01
   2.5946782e+01   3.4027284e+01   2.6682907e+01
   2.9122993e+01   4.0387101e+01   2.9460781e+01
   2.3721428e+01   3.6539606e+01   2.3955506e+01
   3.0999675e+01   3.9421899e+01   3.1674451e+01
   3.1212584e+01   4.0459255e+01   3.1762927e+01
   2.7039237e+01   3.4701216e+01   2.7856826e+01
   2.7120618e+01   3.9038041e+01   2.7409826e+01
   2.6707811e+01   3.3611443e+01   2.7700588e+01
   2.8996252e+01   4.0603400e+01   2.9307457e+01
   2.4589390e+01   3.1858641e+01   2.5494156e+01
   2.8634894e+01   3.9892556e+01   2.8973251e+01
