   3.2905060e+01   4.4168366e+01   3.3242682e+01
   2.4535452e+01   4.2846243e+01   2.4600232e+01
   3.1088095e+01   4.2589953e+01   3.1407075e+01
   3.2430148e+01   4.3334341e+01   3.2798162e+01
   1.4246894e+01   3.9593386e+01   1.4260070e+01
   2.9137047e+01   3.6427815e+01   3.0035020e+01
   1.3929210e+01   3.8658709e+01   1.3944442e+01
   2.8426170e+01   3.5861233e+01   2.9291843e+01
   2.0548944e+01   4.6758628e+01   2.0559443e+01
   3.4854176e+01   4.3433353e+01   3.5502838e+01
   3.0754744e+01   3.9539412e+01   3.1371491e+01
   3.0050388e+01   3.7233425e+01   3.0973290e+01
   1.6283230e+01   2.3234925e+01   1.7282455e+01
   2.7385447e+01   3.8758728e+01   2.7714715e+01
   3.2154826e+01   4.2182915e+01   3.2609554e+01
   3.1037154e+01   4.0517904e+01   3.1556836e+01
   1.4171391e+01   3.6587210e+01   1.4197315e+01
   2.9463423e+01   3.5960899e+01   3.0565919e+01
   3.1015261e+01   3.9083508e+01   3.1752467e+01
   2.9345229e+01   3.7715191e+01   3.0029083e+01
   2.6580995e+01   3.4299886e+01   2.7387054e+01
   2.8669979e+01   4.1599120e+01   2.8897357e+01
   2.5719454e+01   3.2629956e+01   2.6710952e+01
   3.3068125e+01   4.4134283e+01   3.3422076e+01
   6.7274871e-01   9.2773333e+00   1.8019601e+00
   4.6140142e+00   7.2504905e+00   8.7827921e+00
   2.5364429e+01   3.6019926e+01   2.5756007e+01
   2.6191573e+01   3.5464871e+01   2.6739177e+01
   2.0565257e+01   3.8052073e+01   2.0644101e+01
   2.6920920e+01   3.6630861e+01   2.7412896e+01
   2.9719651e+01   4.1027881e+01   3.0053841e+01
   2.5086184e+01   4.0351186e+01   2.5217752e+01
   2.8869894e+01   3.5904389e+01   2.9828982e+01
   2.8334450e+01   4.0237415e+01   2.8624522e+01
   2.0244664e+01   3.0507542e+01   2.0677851e+01
   2.8517060e+01   4.5388440e+01   2.8607374e+01
   2.7582434e+01   4.0574269e+01   2.7806552e+01
   3.1948687e+01   4.5373030e+01   3.2150841e+01
   2.6977235e+01   3.5509967e+01   2.7634447e+01
   2.8955983e+01   3.4963878e+01   3.0210998e+01
   1.7412508e+01   2.8309569e+01   1.7787356e+01
   2.3818017e+01   2.9747039e+01   2.5102966e+01
   2.1421735e+01   3.1544304e+01   2.1868945e+01
   2.4263946e+01   3.5197445e+01   2.4630490e+01
   2.8636393e+01   3.7307675e+01   2.9271013e+01
   2.9416281e+01   4.2668920e+01   2.9626892e+01
   2.4985404e+01   3.4396086e+01   2.5515260e+01
   2.8290939e+01   3.6217716e+01   2.9055311e+01
   2.8654266e+01   3.5560552e+01   2.9645680e+01
   3.1933010e+01   3.7048103e+01   3.3532540e+01
   3.2151776e+01   4.0888397e+01   3.2775766e+01
   3.3214443e+01   4.2858397e+01   3.3713667e+01
   3.3269014e+01   4.4348650e+01   3.3621815e+01
   2.9955204e+01   3.8971583e+01   3.0537753e+01
   2.0459385e+01   3.1079974e+01   2.0856562e+01
   2.4255786e+01   3.0956739e+01   2.5303659e+01
   2.9679597e+01   3.9444575e+01   3.0164582e+01
   2.6833124e+01   3.2050375e+01   2.8389804e+01
   3.0730552e+01   3.9015095e+01   3.1428935e+01
   3.1170653e+01   3.9487725e+01   3.1863335e+01
   4.0384457e+00   1.8250549e+01   4.2707941e+00
   2.8085098e+00   5.3450737e+00   7.4634947e+00
   3.1505246e+01   3.8689693e+01   3.2427581e+01
   3.1157008e+01   3.8170346e+01   3.2120881e+01
   2.3408825e+01   3.2670982e+01   2.3959038e+01
   2.6134635e+01   3.4885064e+01   2.6757552e+01
   3.2679173e+01   4.4063667e+01   3.3007154e+01
   2.7960573e+01   3.8590034e+01   2.8354125e+01
   1.7836533e+01   2.5497670e+01   1.8665056e+01
   2.9153930e+01   3.7805436e+01   2.9791579e+01
   3.9778890e+00   9.3699798e+00   5.9338892e+00
  -2.6742985e+00   5.5340670e+00  -8.9217866e-01
   3.3322834e+01   4.1762523e+01   3.3994476e+01
   2.6588758e+01   3.0538300e+01   2.8831100e+01
   3.3192553e+01   4.4352807e+01   3.3538602e+01
   3.0069932e+01   4.1305504e+01   3.0409959e+01
   3.2245861e+01   4.2521195e+01   3.2674137e+01
   3.1425675e+01   4.1669004e+01   3.1857332e+01
   2.9724045e+01   3.9102043e+01   3.0257102e+01
   2.6098255e+01   3.3983747e+01   2.6871302e+01
   3.0900056e+01   4.0710819e+01   3.1379544e+01
   2.4875949e+01   3.6436901e+01   2.5191209e+01
   3.2005302e+01   3.9638903e+01   3.2827783e+01
   3.2121984e+01   4.0443674e+01   3.2813771e+01
   2.8312134e+01   3.4731616e+01   2.9437767e+01
   2.9089927e+01   3.9156353e+01   2.9540711e+01
   2.7206961e+01   3.3542707e+01   2.8358105e+01
   3.0484372e+01   4.0619361e+01   3.0927581e+01
   2.4984248e+01   3.1837449e+01   2.5990998e+01
   2.9687526e+01   3.9881022e+01   3.0124571e+01
