   2.1558451e+01   2.7364752e+01   2.2889647e+01
   1.9404300e+01   2.2552371e+01   2.2305129e+01
   1.9740458e+01   2.6847386e+01   2.0689705e+01
   1.5998941e+01   1.9074140e+01   1.8998716e+01
   1.5865553e+01   2.2535623e+01   1.6942531e+01
   2.2173728e+01   2.4845557e+01   2.5565331e+01
   1.5832266e+01   2.4387685e+01   1.6500353e+01
   2.2766872e+01   2.5983087e+01   2.5591518e+01
   2.0434922e+01   2.4262087e+01   2.2774194e+01
   2.1410565e+01   2.2695344e+01   2.7349974e+01
   2.1537044e+01   2.4964193e+01   2.4180850e+01
   1.8775364e+01   2.0775836e+01   2.3139966e+01
   2.1456435e+01   2.4281736e+01   2.4676139e+01
   2.0394349e+01   2.2793314e+01   2.4139129e+01
   1.9961093e+01   2.1934247e+01   2.4364346e+01
   1.8267086e+01   2.1010642e+01   2.1595869e+01
   1.5132252e+01   2.1724460e+01   1.6235781e+01
   2.0808621e+01   2.6015143e+01   2.2378076e+01
   1.9817811e+01   2.3278746e+01   2.2440235e+01
   2.0628819e+01   2.2550558e+01   2.5119286e+01
   1.8406761e+01   1.9854193e+01   2.3926940e+01
   2.1765801e+01   2.5565161e+01   2.4120640e+01
   1.9804614e+01   2.4208220e+01   2.1778146e+01
   2.1622702e+01   2.5499116e+01   2.3923455e+01
   2.1071453e+01   2.2986860e+01   2.5571023e+01
   2.1956221e+01   2.5292545e+01   2.4676092e+01
   1.8430876e+01   2.2101948e+01   2.0894474e+01
   1.8052833e+01   2.0929390e+01   2.1236047e+01
   1.9350026e+01   2.2363151e+01   2.2382634e+01
   2.2261999e+01   2.5706716e+01   2.4889067e+01
   1.9194600e+01   2.2179995e+01   2.2256160e+01
   2.1585248e+01   2.5822798e+01   2.3651133e+01
   2.1771147e+01   2.6893007e+01   2.3375684e+01
   1.8248150e+01   2.1603896e+01   2.0968385e+01
   1.7219150e+01   1.9270984e+01   2.1512238e+01
   2.1107350e+01   2.6586830e+01   2.2562727e+01
   1.6366195e+01   1.8950941e+01   1.9903270e+01
   1.9302161e+01   2.8175956e+01   1.9911600e+01
   1.7174035e+01   1.9184777e+01   2.1537049e+01
   2.1175120e+01   2.6475440e+01   2.2703607e+01
   1.5927135e+01   1.8865903e+01   1.9066190e+01
   1.8972692e+01   2.4610132e+01   2.0372696e+01
   1.5266289e+01   1.7121853e+01   1.9937618e+01
   2.1293161e+01   2.5968957e+01   2.3113552e+01
   1.8185940e+01   2.1955971e+01   2.0577427e+01
   1.9641348e+01   2.5365438e+01   2.1006855e+01
   1.8660612e+01   2.2136936e+01   2.1276556e+01
   1.9645096e+01   2.2022666e+01   2.3423467e+01
   1.9128124e+01   2.3012780e+01   2.1432591e+01
   1.9480865e+01   2.1407241e+01   2.3970238e+01
   2.1403712e+01   2.3380289e+01   2.5793183e+01
   2.0269236e+01   2.2243815e+01   2.4668110e+01
   2.1999117e+01   2.6656338e+01   2.3827536e+01
   1.9737647e+01   2.1181055e+01   2.5256297e+01
   2.0886085e+01   2.4039794e+01   2.3774659e+01
   1.8247137e+01   1.9318504e+01   2.4900789e+01
   1.6626576e+01   1.9321386e+01   2.0027573e+01
   1.7630111e+01   1.9818923e+01   2.1699452e+01
   2.0972969e+01   2.4051231e+01   2.3933407e+01
   1.9990130e+01   2.1556685e+01   2.5208516e+01
   1.9937591e+01   2.2339738e+01   2.3680558e+01
   2.0671844e+01   2.2815467e+01   2.4788670e+01
   2.1127331e+01   2.4561246e+01   2.3766856e+01
   2.1283602e+01   2.3319996e+01   2.5571486e+01
   2.1309047e+01   2.4569416e+01   2.4098035e+01
   1.9701014e+01   2.2142479e+01   2.3392484e+01
   1.9509461e+01   2.1343035e+01   2.4170659e+01
   1.9731633e+01   2.3484168e+01   2.2127653e+01
   2.1726603e+01   2.6579357e+01   2.3456848e+01
   2.1010460e+01   2.3886738e+01   2.4176760e+01
   1.8649248e+01   2.2047568e+01   2.1330389e+01
   2.0424425e+01   2.3399323e+01   2.3490226e+01
   1.9463196e+01   2.0829383e+01   2.5186871e+01
   2.2387900e+01   2.7314343e+01   2.4081283e+01
   1.8419041e+01   2.0588652e+01   2.2510562e+01
   1.9227270e+01   2.2649124e+01   2.1885197e+01
   2.0767344e+01   2.3341565e+01   2.4282521e+01
   2.1538223e+01   2.4576348e+01   2.4535989e+01
   1.9629347e+01   2.2406946e+01   2.2910406e+01
   2.0717444e+01   2.4396806e+01   2.3163879e+01
   1.9301575e+01   2.2081985e+01   2.2581424e+01
   1.8757048e+01   2.2314702e+01   2.1306734e+01
   2.1410543e+01   2.3270182e+01   2.6011197e+01
   2.1034018e+01   2.3918602e+01   2.4191362e+01
   1.8705122e+01   2.0761556e+01   2.2975830e+01
   1.9152797e+01   2.2130517e+01   2.2222434e+01
   2.0650141e+01   2.4289297e+01   2.3127376e+01
   1.9229672e+01   2.1006030e+01   2.4004470e+01
   1.7553031e+01   2.0326101e+01   2.0854373e+01
   1.8328370e+01   2.1359605e+01   2.1349476e+01
