   2.0846610e+01   2.4872426e+01   2.3048547e+01
   1.8720323e+01   2.1594442e+01   2.1901192e+01
   1.8579372e+01   2.2653347e+01   2.0759447e+01
   1.6079911e+01   1.9005019e+01   1.9231378e+01
   1.5562731e+01   2.1305480e+01   1.6940867e+01
   2.1028612e+01   2.3457539e+01   2.4729864e+01
   1.5547982e+01   2.2797311e+01   1.6477276e+01
   2.1553164e+01   2.4431943e+01   2.4714716e+01
   1.9548353e+01   2.2420540e+01   2.2726105e+01
   2.0672506e+01   2.2026627e+01   2.6420406e+01
   2.0448231e+01   2.2909988e+01   2.4108680e+01
   1.7982899e+01   1.9771283e+01   2.2745223e+01
   2.0602826e+01   2.2879868e+01   2.4518167e+01
   1.9589066e+01   2.1847902e+01   2.3536924e+01
   1.7844752e+01   1.9168282e+01   2.3702511e+01
   1.7937734e+01   2.0672289e+01   2.1279523e+01
   1.4930415e+01   2.1008468e+01   1.6195114e+01
   2.0025798e+01   2.3984137e+01   2.2275701e+01
   1.7940124e+01   1.9896984e+01   2.2388367e+01
   1.8790994e+01   2.0079967e+01   2.4737384e+01
   1.7746328e+01   1.8948601e+01   2.3966393e+01
   2.0802701e+01   2.3764708e+01   2.3880051e+01
   1.9659357e+01   2.3179703e+01   2.2234100e+01
   2.1183630e+01   2.4912506e+01   2.3591531e+01
   2.0067852e+01   2.1684171e+01   2.5172917e+01
   2.1842636e+01   2.4948702e+01   2.4773112e+01
   1.7876559e+01   2.1074838e+01   2.0740456e+01
   1.7832492e+01   2.0168901e+01   2.1682377e+01
   1.8581975e+01   2.1130222e+01   2.2142753e+01
   2.0713331e+01   2.3381092e+01   2.4115411e+01
   1.7300147e+01   1.9399519e+01   2.1514165e+01
   2.1155814e+01   2.4026132e+01   2.4327910e+01
   2.0436092e+01   2.4311650e+01   2.2741275e+01
   1.7842342e+01   2.0657509e+01   2.1094124e+01
   1.7206490e+01   1.8836281e+01   2.2308861e+01
   1.9524398e+01   2.3213800e+01   2.1968238e+01
   1.6379361e+01   1.8741336e+01   2.0209691e+01
   1.8707588e+01   2.3844357e+01   2.0314533e+01
   1.7208721e+01   1.9004236e+01   2.1965824e+01
   1.9353392e+01   2.2092802e+01   2.2679351e+01
   1.5726452e+01   1.8385011e+01   1.9182051e+01
   1.7849372e+01   2.1532721e+01   2.0307477e+01
   1.5413565e+01   1.7051453e+01   2.0526603e+01
   1.9022502e+01   2.1659952e+01   2.2470227e+01
   1.6762349e+01   1.9462612e+01   2.0155406e+01
   1.9081137e+01   2.2701334e+01   2.1579992e+01
   1.8497583e+01   2.1468267e+01   2.1578724e+01
   1.8584232e+01   2.0236884e+01   2.3621344e+01
   1.8483639e+01   2.1675482e+01   2.1349109e+01
   1.8879048e+01   2.0263094e+01   2.4559732e+01
   2.0657532e+01   2.2310260e+01   2.5678989e+01
   1.9652217e+01   2.1483270e+01   2.4317214e+01
   2.1120327e+01   2.4827189e+01   2.3544765e+01
   1.8932565e+01   2.0014741e+01   2.5540354e+01
   2.0108860e+01   2.2664979e+01   2.3649895e+01
   1.7649059e+01   1.8516146e+01   2.5133302e+01
   1.5523089e+01   1.7559152e+01   1.9866876e+01
   1.7453997e+01   1.9302308e+01   2.2106219e+01
   2.0317268e+01   2.3056215e+01   2.3638445e+01
   1.9120024e+01   2.0530567e+01   2.4728469e+01
   1.9272137e+01   2.1290142e+01   2.3602909e+01
   2.0417236e+01   2.2450844e+01   2.4714236e+01
   2.0423093e+01   2.3214128e+01   2.3684989e+01
   2.0147601e+01   2.1686715e+01   2.5428942e+01
   2.0534007e+01   2.3205306e+01   2.3932739e+01
   1.9221952e+01   2.1390196e+01   2.3309244e+01
   1.7623186e+01   1.8979669e+01   2.3392074e+01
   1.9352316e+01   2.2461574e+01   2.2290433e+01
   2.0850451e+01   2.5292837e+01   2.2798430e+01
   2.0244478e+01   2.2404251e+01   2.4338359e+01
   1.7907193e+01   2.0733873e+01   2.1145744e+01
   1.9335755e+01   2.1497902e+01   2.3431714e+01
   1.8904007e+01   2.0152035e+01   2.4970421e+01
   2.1148033e+01   2.5057436e+01   2.3427352e+01
   1.6688917e+01   1.8281733e+01   2.1881234e+01
   1.8724786e+01   2.1571377e+01   2.1935348e+01
   1.9975716e+01   2.2265550e+01   2.3875947e+01
   2.0276502e+01   2.2277540e+01   2.4629592e+01
   1.8843956e+01   2.0996238e+01   2.2958986e+01
   2.0014540e+01   2.3180261e+01   2.2895620e+01
   1.7408328e+01   1.9074933e+01   2.2427941e+01
   1.8432175e+01   2.1522211e+01   2.1394658e+01
   2.0254441e+01   2.1837877e+01   2.5432322e+01
   2.0093644e+01   2.2052659e+01   2.4520849e+01
   1.7216134e+01   1.8850096e+01   2.2309185e+01
   1.9047184e+01   2.1439332e+01   2.2809525e+01
   1.9769185e+01   2.2746486e+01   2.2835749e+01
   1.8390631e+01   1.9899010e+01   2.3759977e+01
   1.7565907e+01   1.9990615e+01   2.1296557e+01
   1.6854954e+01   1.8907837e+01   2.1150730e+01
