   1.5531579e+01   1.6378663e+01   2.3145665e+01
   1.4860023e+01   1.5735467e+01   2.2360372e+01
   1.2390897e+01   1.3006636e+01   2.1391077e+01
   1.3960382e+01   1.5006254e+01   2.0790906e+01
   1.3795082e+01   1.6794648e+01   1.6906054e+01
   1.6610318e+01   1.7571289e+01   2.3708007e+01
   1.3830368e+01   1.7233284e+01   1.6561976e+01
   1.6598311e+01   1.7543815e+01   2.3759491e+01
   1.5586831e+01   1.6690280e+01   2.2169278e+01
   1.5425911e+01   1.5935652e+01   2.5091967e+01
   1.5210021e+01   1.5692181e+01   2.5110352e+01
   1.4291764e+01   1.4944903e+01   2.2978939e+01
   1.6430149e+01   1.7256613e+01   2.4123356e+01
   1.5480379e+01   1.6285384e+01   2.3297494e+01
   1.2952223e+01   1.3242262e+01   2.5050830e+01
   1.4999279e+01   1.6170478e+01   2.1366905e+01
   1.2950259e+01   1.5534371e+01   1.6552937e+01
   1.5459233e+01   1.6565249e+01   2.2035475e+01
   1.2154367e+01   1.2640594e+01   2.2134895e+01
   1.3653653e+01   1.4015797e+01   2.4791430e+01
   1.4552930e+01   1.4988607e+01   2.4890697e+01
   1.5509267e+01   1.6182225e+01   2.4042731e+01
   1.6233373e+01   1.7534178e+01   2.2179231e+01
   1.5915694e+01   1.6720101e+01   2.3726228e+01
   1.5440626e+01   1.5971519e+01   2.4939590e+01
   1.5201098e+01   1.5672278e+01   2.5196604e+01
   1.4603751e+01   1.6002949e+01   2.0311304e+01
   1.4530597e+01   1.5415045e+01   2.1999494e+01
   1.5068348e+01   1.6164667e+01   2.1687240e+01
   1.4908667e+01   1.5754349e+01   2.2544347e+01
   1.2542396e+01   1.3045470e+01   2.2363249e+01
   1.5345002e+01   1.5905461e+01   2.4624707e+01
   1.4762353e+01   1.5528136e+01   2.2796340e+01
   1.4358448e+01   1.5309105e+01   2.1548769e+01
   1.4199678e+01   1.4766884e+01   2.3463177e+01
   1.2505857e+01   1.3100484e+01   2.1642822e+01
   1.4204361e+01   1.5400837e+01   2.0511133e+01
   1.2664635e+01   1.3391392e+01   2.0981385e+01
   1.4172632e+01   1.4825626e+01   2.2864450e+01
   1.2502466e+01   1.2986350e+01   2.2485633e+01
   1.2960031e+01   1.3947133e+01   2.0050036e+01
   1.2174310e+01   1.2916547e+01   2.0428963e+01
   1.3438532e+01   1.4245189e+01   2.1306980e+01
   1.2105353e+01   1.2558181e+01   2.2382838e+01
   1.2263546e+01   1.2802658e+01   2.1813380e+01
   1.2427004e+01   1.2938119e+01   2.2188070e+01
   1.4030598e+01   1.4743210e+01   2.2374659e+01
   1.2460063e+01   1.2823574e+01   2.3634193e+01
   1.5716907e+01   1.7047639e+01   2.1587108e+01
   1.5595378e+01   1.6065417e+01   2.5590934e+01
   1.6119128e+01   1.6618162e+01   2.5856393e+01
   1.5686182e+01   1.6219538e+01   2.5160296e+01
   1.5795630e+01   1.6594982e+01   2.3633737e+01
   1.4985738e+01   1.5402920e+01   2.5490640e+01
   1.6454216e+01   1.7370657e+01   2.3740025e+01
   1.4663659e+01   1.4992326e+01   2.6172683e+01
   1.2033337e+01   1.2665191e+01   2.0946072e+01
   1.4879372e+01   1.5538443e+01   2.3512923e+01
   1.5755294e+01   1.6505232e+01   2.3848497e+01
   1.5318725e+01   1.5861814e+01   2.4727752e+01
   1.5735687e+01   1.6588704e+01   2.3317712e+01
   1.5620123e+01   1.6207585e+01   2.4701361e+01
   1.5510325e+01   1.6236395e+01   2.3738464e+01
   1.5340807e+01   1.5930519e+01   2.4413227e+01
   1.6502740e+01   1.7433758e+01   2.3725913e+01
   1.5916910e+01   1.6679896e+01   2.3937789e+01
   1.2937849e+01   1.3261465e+01   2.4576452e+01
   1.5802506e+01   1.7168436e+01   2.1573712e+01
   1.5209153e+01   1.6154651e+01   2.2398580e+01
   1.5629995e+01   1.6264500e+01   2.4398329e+01
   1.4117692e+01   1.5041508e+01   2.1427347e+01
   1.4795477e+01   1.5465382e+01   2.3365492e+01
   1.5476740e+01   1.6076317e+01   2.4478357e+01
   1.5487297e+01   1.6391351e+01   2.2845946e+01
   1.2395954e+01   1.2872169e+01   2.2450270e+01
   1.4821204e+01   1.5741708e+01   2.2125174e+01
   1.4617997e+01   1.5060955e+01   2.4885165e+01
   1.5145461e+01   1.5697130e+01   2.4494852e+01
   1.5031437e+01   1.5748617e+01   2.3320737e+01
   1.5062344e+01   1.5978380e+01   2.2379306e+01
   1.2375619e+01   1.2720606e+01   2.3772926e+01
   1.4174740e+01   1.4937492e+01   2.2241683e+01
   1.4623789e+01   1.5031012e+01   2.5239591e+01
   1.4900120e+01   1.5499372e+01   2.3918772e+01
   1.2855280e+01   1.3313856e+01   2.3044187e+01
   1.5938441e+01   1.6813366e+01   2.3416224e+01
   1.4535203e+01   1.5168647e+01   2.3338979e+01
   1.4763737e+01   1.5419308e+01   2.3421980e+01
   1.3679296e+01   1.4326865e+01   2.2421510e+01
   1.2211247e+01   1.2740389e+01   2.1840386e+01
