   1.6377511e+01   1.7431870e+01   2.3119737e+01
   1.5856740e+01   1.7202161e+01   2.1683293e+01
   1.3318777e+01   1.4072840e+01   2.1460901e+01
   1.4537008e+01   1.6038128e+01   1.9986472e+01
   1.4138215e+01   1.7485198e+01   1.6912876e+01
   1.7478300e+01   1.8678827e+01   2.3707345e+01
   1.4154911e+01   1.7959922e+01   1.6562594e+01
   1.7449560e+01   1.8689053e+01   2.3558317e+01
   1.6227932e+01   1.7490245e+01   2.2286707e+01
   1.6387001e+01   1.6982946e+01   2.5393479e+01
   1.6051021e+01   1.6676637e+01   2.4867197e+01
   1.4936496e+01   1.5760805e+01   2.2672844e+01
   1.7138986e+01   1.8053264e+01   2.4422632e+01
   1.6317267e+01   1.7300055e+01   2.3332766e+01
   1.3598424e+01   1.3967819e+01   2.4655532e+01
   1.5758971e+01   1.7372673e+01   2.0919285e+01
   1.3394171e+01   1.6381087e+01   1.6526774e+01
   1.6273548e+01   1.7615099e+01   2.2103409e+01
   1.2990703e+01   1.3569243e+01   2.2218116e+01
   1.4289795e+01   1.4750370e+01   2.4405972e+01
   1.5170905e+01   1.5723045e+01   2.4516149e+01
   1.6260194e+01   1.7103814e+01   2.3875342e+01
   1.7003003e+01   1.8525179e+01   2.2355645e+01
   1.6870378e+01   1.8145495e+01   2.2880749e+01
   1.6235497e+01   1.6885071e+01   2.4895870e+01
   1.6146097e+01   1.6735599e+01   2.5201634e+01
   1.5383942e+01   1.7071213e+01   2.0390709e+01
   1.5124328e+01   1.6120482e+01   2.2112296e+01
   1.5778402e+01   1.7065693e+01   2.1771760e+01
   1.5811006e+01   1.6771237e+01   2.2926759e+01
   1.3148383e+01   1.3736157e+01   2.2304644e+01
   1.6131668e+01   1.6837237e+01   2.4461169e+01
   1.5673503e+01   1.6646155e+01   2.2742031e+01
   1.5007887e+01   1.6138112e+01   2.1511355e+01
   1.4942534e+01   1.5668542e+01   2.3185086e+01
   1.3430584e+01   1.4165366e+01   2.1672382e+01
   1.4653071e+01   1.5974038e+01   2.0574130e+01
   1.3315306e+01   1.4150215e+01   2.1051416e+01
   1.5056902e+01   1.5889830e+01   2.2748955e+01
   1.3293019e+01   1.3854569e+01   2.2629933e+01
   1.3805656e+01   1.5176464e+01   1.9611028e+01
   1.2885585e+01   1.3758752e+01   2.0460760e+01
   1.3878447e+01   1.4771658e+01   2.1328094e+01
   1.3075526e+01   1.3666445e+01   2.2212993e+01
   1.2990086e+01   1.3659980e+01   2.1621574e+01
   1.3469668e+01   1.4161090e+01   2.1954688e+01
   1.4952271e+01   1.5834806e+01   2.2418460e+01
   1.3148671e+01   1.3573559e+01   2.3641145e+01
   1.6151809e+01   1.7645848e+01   2.1585704e+01
   1.6147813e+01   1.6703462e+01   2.5444316e+01
   1.7308974e+01   1.8110874e+01   2.5106977e+01
   1.6376735e+01   1.7012994e+01   2.5118034e+01
   1.7309640e+01   1.8593271e+01   2.3288730e+01
   1.5716108e+01   1.6253150e+01   2.5161338e+01
   1.7299338e+01   1.8368445e+01   2.3973338e+01
   1.5282916e+01   1.5651256e+01   2.6297765e+01
   1.2601267e+01   1.3369377e+01   2.0698726e+01
   1.5355117e+01   1.6112570e+01   2.3417646e+01
   1.6672652e+01   1.7625832e+01   2.3801008e+01
   1.5962067e+01   1.6595995e+01   2.4726693e+01
   1.6528054e+01   1.7491421e+01   2.3617464e+01
   1.6738634e+01   1.7507724e+01   2.4711993e+01
   1.6296198e+01   1.7188760e+01   2.3688479e+01
   1.6116747e+01   1.6809101e+01   2.4522506e+01
   1.7328435e+01   1.8500890e+01   2.3649268e+01
   1.6664151e+01   1.7597565e+01   2.3874468e+01
   1.3563406e+01   1.3986591e+01   2.4055877e+01
   1.6580392e+01   1.8379338e+01   2.1339144e+01
   1.6161436e+01   1.7352014e+01   2.2442578e+01
   1.6371076e+01   1.7085542e+01   2.4645584e+01
   1.4820093e+01   1.5894266e+01   2.1523581e+01
   1.5620496e+01   1.6438765e+01   2.3369593e+01
   1.6151693e+01   1.6813662e+01   2.4737464e+01
   1.6797280e+01   1.8107283e+01   2.2707588e+01
   1.2996158e+01   1.3524406e+01   2.2595811e+01
   1.5723647e+01   1.6943461e+01   2.1921105e+01
   1.5576847e+01   1.6174155e+01   2.4591492e+01
   1.6277478e+01   1.7072261e+01   2.4128566e+01
   1.5825792e+01   1.6664826e+01   2.3471217e+01
   1.5920744e+01   1.7024882e+01   2.2494045e+01
   1.3102763e+01   1.3515175e+01   2.3721001e+01
   1.5097741e+01   1.6210901e+01   2.1657402e+01
   1.5496037e+01   1.5993120e+01   2.5263669e+01
   1.5814630e+01   1.6516442e+01   2.4172239e+01
   1.3331689e+01   1.3842966e+01   2.3051755e+01
   1.6622253e+01   1.7793316e+01   2.2958270e+01
   1.5642114e+01   1.6535774e+01   2.3042776e+01
   1.5369501e+01   1.6130329e+01   2.3413934e+01
   1.4637729e+01   1.5561258e+01   2.1933689e+01
   1.2833695e+01   1.3467310e+01   2.1697431e+01
