   2.1225776e+01   2.6035638e+01   2.2978298e+01
   1.8929510e+01   2.1884286e+01   2.2024105e+01
   1.9019652e+01   2.4213858e+01   2.0600005e+01
   1.6075408e+01   1.9056629e+01   1.9168616e+01
   1.5681171e+01   2.1773828e+01   1.6935574e+01
   2.1393774e+01   2.3906637e+01   2.4983576e+01
   1.5681481e+01   2.3540755e+01   1.6477083e+01
   2.1925261e+01   2.4892925e+01   2.4992673e+01
   1.9761450e+01   2.2808065e+01   2.2758426e+01
   2.0773979e+01   2.2090334e+01   2.6626414e+01
   2.0784867e+01   2.3454468e+01   2.4184446e+01
   1.8298920e+01   2.0156525e+01   2.2924666e+01
   2.0890137e+01   2.3372818e+01   2.4521066e+01
   1.9850782e+01   2.2222157e+01   2.3636450e+01
   1.8309331e+01   1.9748380e+01   2.3851869e+01
   1.8079533e+01   2.0847111e+01   2.1382515e+01
   1.5003246e+01   2.1322078e+01   1.6189520e+01
   2.0326215e+01   2.4766943e+01   2.2276771e+01
   1.8874554e+01   2.1614523e+01   2.2202977e+01
   1.9332501e+01   2.0785928e+01   2.4828967e+01
   1.7992490e+01   1.9257035e+01   2.4019161e+01
   2.1313084e+01   2.4735634e+01   2.3961466e+01
   1.9776291e+01   2.3476175e+01   2.2211108e+01
   2.1334660e+01   2.5134395e+01   2.3690487e+01
   2.0388017e+01   2.2056441e+01   2.5377299e+01
   2.1573127e+01   2.4361964e+01   2.4832671e+01
   1.8076001e+01   2.1413214e+01   2.0813537e+01
   1.7964511e+01   2.0446739e+01   2.1615106e+01
   1.8813383e+01   2.1513463e+01   2.2188321e+01
   2.1371348e+01   2.4518847e+01   2.4263967e+01
   1.8016811e+01   2.0397764e+01   2.1802818e+01
   2.1521039e+01   2.4939634e+01   2.4172055e+01
   2.0899383e+01   2.5191662e+01   2.2934265e+01
   1.8093124e+01   2.1114686e+01   2.1125660e+01
   1.7315358e+01   1.9068745e+01   2.2155145e+01
   1.9823556e+01   2.3880071e+01   2.2009121e+01
   1.6481156e+01   1.8906343e+01   2.0223369e+01
   1.8997356e+01   2.5659175e+01   2.0064229e+01
   1.7255588e+01   1.9118480e+01   2.1882635e+01
   2.0426209e+01   2.4748550e+01   2.2444775e+01
   1.5840431e+01   1.8629727e+01   1.9142722e+01
   1.8068177e+01   2.2177945e+01   2.0228100e+01
   1.5470158e+01   1.7187648e+01   2.0411748e+01
   2.0301876e+01   2.3835709e+01   2.2862937e+01
   1.7297924e+01   2.0316697e+01   2.0339956e+01
   1.9609252e+01   2.4161235e+01   2.1500701e+01
   1.8621713e+01   2.1750820e+01   2.1545293e+01
   1.8773993e+01   2.0502460e+01   2.3649346e+01
   1.8654782e+01   2.2030912e+01   2.1354811e+01
   1.9136173e+01   2.0669224e+01   2.4439520e+01
   2.0810903e+01   2.2546472e+01   2.5657345e+01
   1.9791951e+01   2.1703181e+01   2.4306534e+01
   2.1500083e+01   2.5534669e+01   2.3694291e+01
   1.9198463e+01   2.0351153e+01   2.5562660e+01
   2.0367735e+01   2.3120287e+01   2.3673170e+01
   1.7843083e+01   1.8774547e+01   2.5043887e+01
   1.5937979e+01   1.8204757e+01   1.9911104e+01
   1.7550494e+01   1.9487072e+01   2.2038954e+01
   2.0612621e+01   2.3543812e+01   2.3722659e+01
   1.9373934e+01   2.0844284e+01   2.4827634e+01
   1.9607362e+01   2.1770803e+01   2.3699455e+01
   2.0324187e+01   2.2286150e+01   2.4744814e+01
   2.0636272e+01   2.3610341e+01   2.3701979e+01
   2.0520203e+01   2.2180681e+01   2.5525739e+01
   2.0798872e+01   2.3689034e+01   2.3951261e+01
   1.9388681e+01   2.1663854e+01   2.3313923e+01
   1.8048862e+01   1.9505402e+01   2.3549814e+01
   1.9577413e+01   2.2946020e+01   2.2278710e+01
   2.1179978e+01   2.5834802e+01   2.3011594e+01
   2.0633813e+01   2.3071757e+01   2.4324873e+01
   1.8238832e+01   2.1332256e+01   2.1199408e+01
   1.9642874e+01   2.1991118e+01   2.3462003e+01
   1.9217411e+01   2.0542931e+01   2.5055464e+01
   2.1445767e+01   2.5675421e+01   2.3516827e+01
   1.7448363e+01   1.9294317e+01   2.2105124e+01
   1.8983091e+01   2.2089735e+01   2.1925897e+01
   2.0218477e+01   2.2677916e+01   2.3883179e+01
   2.0871370e+01   2.3239686e+01   2.4655844e+01
   1.9087473e+01   2.1391954e+01   2.2972401e+01
   2.0253947e+01   2.3639639e+01   2.2937481e+01
   1.8101283e+01   2.0061211e+01   2.2542509e+01
   1.8657280e+01   2.1976184e+01   2.1406923e+01
   2.0652436e+01   2.2345561e+01   2.5587714e+01
   2.0403610e+01   2.2595342e+01   2.4447281e+01
   1.7565975e+01   1.9281026e+01   2.2481339e+01
   1.9192613e+01   2.1792575e+01   2.2684755e+01
   2.0077579e+01   2.3306438e+01   2.2900029e+01
   1.8703319e+01   2.0302969e+01   2.3856530e+01
   1.7650948e+01   2.0268084e+01   2.1134219e+01
   1.7464334e+01   1.9824571e+01   2.1284410e+01
