   1.9479868e+01   2.1819474e+01   2.3312169e+01
   1.8023189e+01   2.0451202e+01   2.1745083e+01
   1.6458005e+01   1.8216517e+01   2.1299018e+01
   1.6052786e+01   1.8658578e+01   1.9567924e+01
   1.5171143e+01   2.0013490e+01   1.6940001e+01
   1.9931610e+01   2.1947224e+01   2.4261927e+01
   1.5301076e+01   2.1663443e+01   1.6471777e+01
   2.0481532e+01   2.2774820e+01   2.4373957e+01
   1.8559805e+01   2.0696326e+01   2.2701968e+01
   1.8721007e+01   1.9725583e+01   2.5617649e+01
   1.8962563e+01   2.0349646e+01   2.4634366e+01
   1.7194077e+01   1.8599696e+01   2.2836657e+01
   1.9532039e+01   2.1201612e+01   2.4524714e+01
   1.8941645e+01   2.0728755e+01   2.3697500e+01
   1.6188290e+01   1.7080994e+01   2.3581997e+01
   1.7497237e+01   1.9946914e+01   2.1195151e+01
   1.4696270e+01   1.9972052e+01   1.6268795e+01
   1.9090894e+01   2.1869567e+01   2.2374021e+01
   1.6210844e+01   1.7399326e+01   2.2497787e+01
   1.7435147e+01   1.8365051e+01   2.4648094e+01
   1.7044044e+01   1.8096329e+01   2.3782882e+01
   1.9260787e+01   2.1097903e+01   2.3917089e+01
   1.9144881e+01   2.2100627e+01   2.2237121e+01
   1.9303503e+01   2.1454392e+01   2.3417276e+01
   1.9121353e+01   2.0573767e+01   2.4622166e+01
   1.8624975e+01   1.9808378e+01   2.4894917e+01
   1.7198151e+01   1.9887039e+01   2.0599911e+01
   1.7122056e+01   1.8927333e+01   2.1861121e+01
   1.7785783e+01   1.9981362e+01   2.1843173e+01
   1.9538395e+01   2.1386708e+01   2.4171356e+01
   1.5936980e+01   1.7625592e+01   2.0930895e+01
   1.9432966e+01   2.1005527e+01   2.4641634e+01
   1.9152177e+01   2.1897080e+01   2.2473123e+01
   1.7221335e+01   1.9391274e+01   2.1324271e+01
   1.6717893e+01   1.8046985e+01   2.2575360e+01
   1.6949960e+01   1.8481784e+01   2.2280310e+01
   1.6079775e+01   1.8228064e+01   2.0231471e+01
   1.6731460e+01   1.8977005e+01   2.0725209e+01
   1.6830936e+01   1.8396301e+01   2.2084201e+01
   1.6804306e+01   1.8034978e+01   2.2949287e+01
   1.5279977e+01   1.7577206e+01   1.9219092e+01
   1.5979688e+01   1.7974350e+01   2.0386756e+01
   1.5192290e+01   1.6614761e+01   2.0825211e+01
   1.6416752e+01   1.7547815e+01   2.2888712e+01
   1.5539256e+01   1.7506391e+01   2.0001702e+01
   1.6699790e+01   1.8194094e+01   2.2124324e+01
   1.7622182e+01   1.9963107e+01   2.1467744e+01
   1.6378021e+01   1.7214797e+01   2.4023145e+01
   1.7854574e+01   2.0526365e+01   2.1270319e+01
   1.8114053e+01   1.9197631e+01   2.4725753e+01
   1.9857208e+01   2.1262420e+01   2.5473664e+01
   1.8574342e+01   1.9878093e+01   2.4480257e+01
   1.9859355e+01   2.2433845e+01   2.3378854e+01
   1.7903413e+01   1.8755111e+01   2.5454757e+01
   1.9441920e+01   2.1439143e+01   2.3806974e+01
   1.7125323e+01   1.7760361e+01   2.5860950e+01
   1.4527558e+01   1.6080147e+01   1.9853823e+01
   1.6983531e+01   1.8407546e+01   2.2581018e+01
   1.9333413e+01   2.1345312e+01   2.3674123e+01
   1.8279151e+01   1.9299690e+01   2.5119713e+01
   1.8642928e+01   2.0285744e+01   2.3700901e+01
   1.8065211e+01   1.9152020e+01   2.4666072e+01
   1.9391683e+01   2.1347668e+01   2.3828946e+01
   1.8842006e+01   1.9953481e+01   2.5348423e+01
   1.9651511e+01   2.1709701e+01   2.3912225e+01
   1.8656993e+01   2.0416407e+01   2.3470485e+01
   1.6301118e+01   1.7376207e+01   2.2969722e+01
   1.8500755e+01   2.1249087e+01   2.1822298e+01
   1.9725363e+01   2.2713467e+01   2.2781163e+01
   1.9066722e+01   2.0597355e+01   2.4376402e+01
   1.7152751e+01   1.9328524e+01   2.1247419e+01
   1.8411357e+01   1.9924859e+01   2.3768129e+01
   1.8294566e+01   1.9357427e+01   2.4978306e+01
   2.0137996e+01   2.2849590e+01   2.3491550e+01
   1.5516031e+01   1.6804452e+01   2.1511300e+01
   1.7992692e+01   2.0050153e+01   2.2268131e+01
   1.8904839e+01   2.0535505e+01   2.3987108e+01
   1.9285223e+01   2.0697637e+01   2.4887359e+01
   1.8055574e+01   1.9681609e+01   2.3156281e+01
   1.8842169e+01   2.1289766e+01   2.2531239e+01
   1.5827840e+01   1.6858309e+01   2.2669002e+01
   1.7738074e+01   2.0081440e+01   2.1579057e+01
   1.8963566e+01   2.0141937e+01   2.5246292e+01
   1.8623997e+01   1.9980136e+01   2.4382649e+01
   1.5790781e+01   1.6908077e+01   2.2321238e+01
   1.8495788e+01   2.0543673e+01   2.2782507e+01
   1.8657771e+01   2.0870763e+01   2.2680820e+01
   1.7627594e+01   1.8874603e+01   2.3711251e+01
   1.6932981e+01   1.8779760e+01   2.1594533e+01
   1.5465999e+01   1.6884025e+01   2.1104837e+01
