   2.1285688e+01   2.6244589e+01   2.2966013e+01
   1.9006681e+01   2.2009700e+01   2.2051530e+01
   1.9165161e+01   2.4940888e+01   2.0513239e+01
   1.6057262e+01   1.9120911e+01   1.9067711e+01
   1.5711681e+01   2.1905916e+01   1.6932611e+01
   2.1476824e+01   2.4087663e+01   2.4943994e+01
   1.5705642e+01   2.3715303e+01   1.6471651e+01
   2.2046320e+01   2.5097943e+01   2.5029093e+01
   1.9851873e+01   2.2965682e+01   2.2782958e+01
   2.0750729e+01   2.2055231e+01   2.6637031e+01
   2.0909953e+01   2.3697414e+01   2.4173645e+01
   1.8388122e+01   2.0305994e+01   2.2901759e+01
   2.0994409e+01   2.3518711e+01   2.4571300e+01
   1.9972241e+01   2.2373598e+01   2.3716081e+01
   1.8846952e+01   2.0451508e+01   2.3987817e+01
   1.8093857e+01   2.0936468e+01   2.1313447e+01
   1.5017286e+01   2.1392179e+01   1.6186125e+01
   2.0351262e+01   2.4910613e+01   2.2236108e+01
   1.9007243e+01   2.1855520e+01   2.2214083e+01
   1.9393540e+01   2.1036970e+01   2.4443776e+01
   1.8069413e+01   1.9354238e+01   2.4035504e+01
   2.1263313e+01   2.4736984e+01   2.3869517e+01
   1.9782400e+01   2.3610192e+01   2.2123854e+01
   2.1508250e+01   2.5490399e+01   2.3737156e+01
   2.0489695e+01   2.2191472e+01   2.5407792e+01
   2.1504900e+01   2.4320228e+01   2.4735368e+01
   1.8165221e+01   2.1585336e+01   2.0831109e+01
   1.7973860e+01   2.0537353e+01   2.1520469e+01
   1.8916651e+01   2.1672502e+01   2.2226689e+01
   2.1609089e+01   2.4808485e+01   2.4452513e+01
   1.8201308e+01   2.0681729e+01   2.1852202e+01
   2.1479125e+01   2.5120258e+01   2.3952047e+01
   2.1023110e+01   2.5445147e+01   2.2982113e+01
   1.8078874e+01   2.1174535e+01   2.1038472e+01
   1.7332855e+01   1.9134928e+01   2.2075580e+01
   2.0166098e+01   2.5004503e+01   2.1907497e+01
   1.6495007e+01   1.8953470e+01   2.0192526e+01
   1.8948215e+01   2.5847346e+01   1.9951540e+01
   1.7245018e+01   1.9150735e+01   2.1792839e+01
   2.0363932e+01   2.4626692e+01   2.2418230e+01
   1.5866038e+01   1.8683092e+01   1.9137004e+01
   1.8693907e+01   2.3692522e+01   2.0363952e+01
   1.5471498e+01   1.7207102e+01   2.0375616e+01
   2.0558976e+01   2.4494253e+01   2.2822533e+01
   1.7451668e+01   2.0575526e+01   2.0389176e+01
   1.9703694e+01   2.4927724e+01   2.1268696e+01
   1.8682151e+01   2.1913394e+01   2.1510070e+01
   1.9060461e+01   2.1160393e+01   2.3257112e+01
   1.8836124e+01   2.2353656e+01   2.1417472e+01
   1.9188323e+01   2.0798642e+01   2.4313342e+01
   2.1025626e+01   2.2842903e+01   2.5708768e+01
   1.9822268e+01   2.1727825e+01   2.4346966e+01
   2.1579967e+01   2.5701543e+01   2.3717862e+01
   1.9282457e+01   2.0501334e+01   2.5434419e+01
   2.0545532e+01   2.3394980e+01   2.3742700e+01
   1.7945499e+01   1.8908297e+01   2.5015988e+01
   1.6086010e+01   1.8429348e+01   1.9946524e+01
   1.7551925e+01   1.9550571e+01   2.1931376e+01
   2.0677810e+01   2.3625441e+01   2.3770502e+01
   1.9476993e+01   2.0998767e+01   2.4804397e+01
   1.9683344e+01   2.1885504e+01   2.3715395e+01
   2.0094218e+01   2.1957366e+01   2.4695492e+01
   2.0817839e+01   2.3990724e+01   2.3688714e+01
   2.0655709e+01   2.2403565e+01   2.5478051e+01
   2.0888675e+01   2.3827241e+01   2.3989868e+01
   1.9443688e+01   2.1782093e+01   2.3277918e+01
   1.8495283e+01   2.0023265e+01   2.3816544e+01
   1.9563014e+01   2.3018051e+01   2.2191542e+01
   2.1290300e+01   2.5992284e+01   2.3097160e+01
   2.0662381e+01   2.3232739e+01   2.4182848e+01
   1.8363406e+01   2.1557547e+01   2.1227568e+01
   1.9882512e+01   2.2388040e+01   2.3489052e+01
   1.9323451e+01   2.0667224e+01   2.5109699e+01
   2.1598066e+01   2.5968922e+01   2.3584879e+01
   1.7830214e+01   1.9802563e+01   2.2252348e+01
   1.9055198e+01   2.2261503e+01   2.1903682e+01
   2.0453945e+01   2.2994666e+01   2.4012559e+01
   2.0952277e+01   2.3479773e+01   2.4525293e+01
   1.9188297e+01   2.1615729e+01   2.2901834e+01
   2.0343878e+01   2.3805359e+01   2.2963533e+01
   1.8587425e+01   2.0763577e+01   2.2667388e+01
   1.8644533e+01   2.2062860e+01   2.1308794e+01
   2.0811577e+01   2.2521484e+01   2.5710867e+01
   2.0428652e+01   2.2743069e+01   2.4291048e+01
   1.7908233e+01   1.9691508e+01   2.2681440e+01
   1.9137918e+01   2.1869411e+01   2.2474307e+01
   2.0265371e+01   2.3574523e+01   2.3015094e+01
   1.8800653e+01   2.0478632e+01   2.3781364e+01
   1.7659305e+01   2.0303493e+01   2.1109755e+01
   1.7623011e+01   2.0163506e+01   2.1201797e+01
