   8.7933462e+00   8.9455444e+00   2.3944061e+01
   9.4707518e+00   9.7006320e+00   2.2790023e+01
   6.6413765e+00   6.7848946e+00   2.2348337e+01
   9.5675610e+00   9.8376029e+00   2.2194358e+01
   9.8388964e+00   1.0809761e+01   1.7167787e+01
   1.0260041e+01   1.0468052e+01   2.3934013e+01
   9.4216712e+00   1.0361553e+01   1.6912523e+01
   1.0162528e+01   1.0403345e+01   2.3222118e+01
   8.8799367e+00   9.0860911e+00   2.2723950e+01
   1.0058003e+01   1.0205366e+01   2.5221084e+01
   8.5526197e+00   8.6618438e+00   2.5155890e+01
   9.2692954e+00   9.4136074e+00   2.4596699e+01
   9.0647820e+00   9.2300316e+00   2.3833431e+01
   1.0165773e+01   1.0392597e+01   2.3479320e+01
   7.5526918e+00   7.6305470e+00   2.5747887e+01
   9.8825525e+00   1.0075160e+01   2.3916753e+01
   7.8287323e+00   8.4407391e+00   1.7222624e+01
   9.7485200e+00   1.0009871e+01   2.2497169e+01
   6.5719269e+00   6.7121739e+00   2.2390083e+01
   8.3452596e+00   8.4619652e+00   2.4688959e+01
   9.8557406e+00   1.0030814e+01   2.4299754e+01
   9.1967517e+00   9.3566320e+00   2.4092857e+01
   9.9981037e+00   1.0299719e+01   2.2118863e+01
   8.8475792e+00   8.9836278e+00   2.4473131e+01
   8.6035092e+00   8.6950632e+00   2.5960425e+01
   8.7696845e+00   8.8490075e+00   2.6725252e+01
   8.1452507e+00   8.3465469e+00   2.2178109e+01
   8.6845135e+00   8.8509426e+00   2.3464907e+01
   8.5896310e+00   8.8093890e+00   2.2194146e+01
   8.7199138e+00   8.8692492e+00   2.3960368e+01
   7.4342025e+00   7.5329113e+00   2.4623613e+01
   8.8974878e+00   8.9877765e+00   2.6280405e+01
   8.1156087e+00   8.2692844e+00   2.3307063e+01
   8.5020240e+00   8.6700123e+00   2.3263938e+01
   1.0222600e+01   1.0503454e+01   2.2625807e+01
   6.5856275e+00   6.7363821e+00   2.2090997e+01
   9.7329525e+00   1.0079499e+01   2.1292063e+01
   6.6205669e+00   6.7641807e+00   2.2328277e+01
   8.6072510e+00   8.7410294e+00   2.4332657e+01
   6.6768182e+00   6.7795362e+00   2.3817007e+01
   7.8236217e+00   8.0381107e+00   2.1627945e+01
   6.5369577e+00   6.6627487e+00   2.2829092e+01
   8.4008262e+00   8.5673374e+00   2.3212770e+01
   6.3556765e+00   6.4514585e+00   2.3854763e+01
   7.5280955e+00   7.6538457e+00   2.3661514e+01
   6.6280534e+00   6.7251467e+00   2.4019496e+01
   8.1379736e+00   8.2594158e+00   2.4337032e+01
   6.6581286e+00   6.7416828e+00   2.4692147e+01
   1.0133876e+01   1.0359984e+01   2.3463528e+01
   1.0476770e+01   1.0634618e+01   2.5310847e+01
   9.0191835e+00   9.1113383e+00   2.6300505e+01
   1.0522335e+01   1.0637158e+01   2.6716894e+01
   8.5103598e+00   8.6443313e+00   2.4241108e+01
   1.0252671e+01   1.0415765e+01   2.4965169e+01
   9.1339473e+00   9.2594557e+00   2.5074379e+01
   1.0202043e+01   1.0338738e+01   2.5674728e+01
   7.4139543e+00   7.5655553e+00   2.2761342e+01
   1.0204057e+01   1.0322298e+01   2.6298790e+01
   8.5195773e+00   8.6757435e+00   2.3591852e+01
   1.0396576e+01   1.0555526e+01   2.5207296e+01
   8.8524159e+00   9.0168380e+00   2.3665697e+01
   1.0004425e+01   1.0189124e+01   2.4206703e+01
   8.4128146e+00   8.5507582e+00   2.4030004e+01
   9.9118819e+00   1.0123126e+01   2.3549944e+01
   8.9568555e+00   9.1476184e+00   2.3123501e+01
   9.8576772e+00   1.0014667e+01   2.4767659e+01
   7.5602482e+00   7.6529490e+00   2.5001594e+01
   9.9140547e+00   1.0142500e+01   2.3218967e+01
   8.2848682e+00   8.4957431e+00   2.2101822e+01
   1.0002379e+01   1.0235440e+01   2.3214563e+01
   8.1563444e+00   8.3253821e+00   2.2934416e+01
   8.7231954e+00   8.8420511e+00   2.4943047e+01
   8.9312244e+00   9.0287025e+00   2.5980412e+01
   8.7776757e+00   8.9019870e+00   2.4798458e+01
   7.4991039e+00   7.5785628e+00   2.5614235e+01
   8.5609253e+00   8.6557532e+00   2.5771579e+01
   8.3633228e+00   8.4502599e+00   2.5972519e+01
   8.9357056e+00   9.0470519e+00   2.5412079e+01
   8.8878746e+00   9.0302431e+00   2.4314167e+01
   8.2209325e+00   8.3733537e+00   2.3434010e+01
   7.4397301e+00   7.5241902e+00   2.5300391e+01
   8.1633120e+00   8.2802986e+00   2.4519781e+01
   8.1636689e+00   8.2708722e+00   2.4895766e+01
   8.1833359e+00   8.2894981e+00   2.4954888e+01
   7.6276248e+00   7.7086310e+00   2.5640676e+01
   9.0789245e+00   9.1961891e+00   2.5317069e+01
   7.9859935e+00   8.0649424e+00   2.6059883e+01
   8.7434354e+00   8.8380064e+00   2.5944284e+01
   7.9296333e+00   8.0250494e+00   2.5194385e+01
   7.3643294e+00   7.4627968e+00   2.4574840e+01
