   2.1381704e+01   2.6704308e+01   2.2900395e+01
   1.9094113e+01   2.2064996e+01   2.2171103e+01
   1.9508027e+01   2.6049025e+01   2.0607713e+01
   1.6152572e+01   1.9144901e+01   1.9233478e+01
   1.5740135e+01   2.2062156e+01   1.6920454e+01
   2.1691985e+01   2.4259053e+01   2.5212206e+01
   1.5733688e+01   2.3881973e+01   1.6473452e+01
   2.2190597e+01   2.5226311e+01   2.5188647e+01
   2.0033097e+01   2.3359932e+01   2.2768364e+01
   2.0782100e+01   2.2068968e+01   2.6719047e+01
   2.1113499e+01   2.4197530e+01   2.4067789e+01
   1.8521619e+01   2.0431394e+01   2.3048738e+01
   2.1073303e+01   2.3633317e+01   2.4604806e+01
   2.0129352e+01   2.2493796e+01   2.3923009e+01
   1.9020239e+01   2.0695600e+01   2.4004629e+01
   1.8194077e+01   2.0995020e+01   2.1458739e+01
   1.5035245e+01   2.1454564e+01   1.6190424e+01
   2.0487323e+01   2.5138220e+01   2.2322950e+01
   1.8999096e+01   2.1973551e+01   2.2073022e+01
   1.9750860e+01   2.1346721e+01   2.4904010e+01
   1.8131543e+01   1.9462164e+01   2.3966056e+01
   2.1329839e+01   2.4769018e+01   2.3964291e+01
   1.9794209e+01   2.3681545e+01   2.2093740e+01
   2.1543139e+01   2.5523600e+01   2.3773077e+01
   2.0679483e+01   2.2433030e+01   2.5490197e+01
   2.1360191e+01   2.4103997e+01   2.4671261e+01
   1.8234105e+01   2.1724665e+01   2.0841102e+01
   1.7995705e+01   2.0605846e+01   2.1484423e+01
   1.8989844e+01   2.1790880e+01   2.2248663e+01
   2.1769347e+01   2.4944147e+01   2.4635040e+01
   1.8404818e+01   2.1006439e+01   2.1900598e+01
   2.1601553e+01   2.5240825e+01   2.4075529e+01
   2.1114462e+01   2.5733724e+01   2.2964974e+01
   1.8122749e+01   2.1218296e+01   2.1082126e+01
   1.7385270e+01   1.9275745e+01   2.1959419e+01
   2.0766890e+01   2.6052039e+01   2.2302743e+01
   1.6507127e+01   1.8991577e+01   2.0170270e+01
   1.9047048e+01   2.6582154e+01   1.9899395e+01
   1.7242262e+01   1.9175474e+01   2.1740313e+01
   2.0542638e+01   2.5431854e+01   2.2258145e+01
   1.5873826e+01   1.8733300e+01   1.9098130e+01
   1.8741546e+01   2.3810087e+01   2.0379120e+01
   1.5456327e+01   1.7213104e+01   2.0317554e+01
   2.0669557e+01   2.4784823e+01   2.2814179e+01
   1.7800546e+01   2.1199837e+01   2.0486672e+01
   1.9684479e+01   2.5015249e+01   2.1204179e+01
   1.8698265e+01   2.2012235e+01   2.1451987e+01
   1.9467004e+01   2.1626132e+01   2.3566757e+01
   1.8905752e+01   2.2500363e+01   2.1425466e+01
   1.9247443e+01   2.0901734e+01   2.4275235e+01
   2.1137755e+01   2.3019679e+01   2.5698228e+01
   1.9855335e+01   2.1738221e+01   2.4421429e+01
   2.1655863e+01   2.5876424e+01   2.3731917e+01
   1.9370172e+01   2.0606622e+01   2.5467420e+01
   2.0645679e+01   2.3571383e+01   2.3761297e+01
   1.8044947e+01   1.9008260e+01   2.5112107e+01
   1.6293019e+01   1.8777013e+01   1.9959492e+01
   1.7641695e+01   1.9693383e+01   2.1930316e+01
   2.0717771e+01   2.3687007e+01   2.3788070e+01
   1.9603174e+01   2.1084276e+01   2.5028397e+01
   1.9735965e+01   2.1969471e+01   2.3720442e+01
   2.0009303e+01   2.1831709e+01   2.4688471e+01
   2.0863574e+01   2.4089149e+01   2.3685672e+01
   2.0825754e+01   2.2612192e+01   2.5570096e+01
   2.0969318e+01   2.3949217e+01   2.4027691e+01
   1.9573938e+01   2.1907883e+01   2.3413610e+01
   1.8632622e+01   2.0211068e+01   2.3834689e+01
   1.9661809e+01   2.3120145e+01   2.2287123e+01
   2.1348443e+01   2.6105153e+01   2.3127260e+01
   2.0720953e+01   2.3314864e+01   2.4212035e+01
   1.8458358e+01   2.1725768e+01   2.1255013e+01
   1.9984442e+01   2.2525864e+01   2.3544648e+01
   1.9446684e+01   2.0810774e+01   2.5176190e+01
   2.1978961e+01   2.6520122e+01   2.3869303e+01
   1.7984316e+01   2.0031757e+01   2.2276522e+01
   1.9184195e+01   2.2359944e+01   2.2060268e+01
   2.0527340e+01   2.3112036e+01   2.4030689e+01
   2.1081727e+01   2.3614182e+01   2.4647878e+01
   1.9254848e+01   2.1733527e+01   2.2900080e+01
   2.0413167e+01   2.3908740e+01   2.3004629e+01
   1.8749705e+01   2.1044264e+01   2.2651454e+01
   1.8741757e+01   2.2168196e+01   2.1398611e+01
   2.0888644e+01   2.2624536e+01   2.5734000e+01
   2.0525055e+01   2.2889304e+01   2.4316865e+01
   1.8173661e+01   2.0087025e+01   2.2697505e+01
   1.9222068e+01   2.2048277e+01   2.2451623e+01
   2.0346509e+01   2.3727850e+01   2.3033356e+01
   1.8890230e+01   2.0567540e+01   2.3871581e+01
   1.7645516e+01   2.0330627e+01   2.1047400e+01
   1.7779984e+01   2.0384287e+01   2.1277758e+01
