   2.1213643e+01   2.5862291e+01   2.3048406e+01
   1.8836604e+01   2.1745021e+01   2.1980196e+01
   1.8978990e+01   2.4043390e+01   2.0617496e+01
   1.6042622e+01   1.8980690e+01   1.9180949e+01
   1.5626427e+01   2.1538559e+01   1.6942948e+01
   2.1261254e+01   2.3750343e+01   2.4882232e+01
   1.5604019e+01   2.3106293e+01   1.6475089e+01
   2.1805211e+01   2.4747284e+01   2.4899358e+01
   1.9682976e+01   2.2638745e+01   2.2772090e+01
   2.0785680e+01   2.2129973e+01   2.6559919e+01
   2.0599875e+01   2.3181639e+01   2.4106498e+01
   1.8118678e+01   1.9978987e+01   2.2741095e+01
   2.0773542e+01   2.3183748e+01   2.4501171e+01
   1.9731200e+01   2.2029080e+01   2.3621302e+01
   1.8060208e+01   1.9430614e+01   2.3785991e+01
   1.8020595e+01   2.0790009e+01   2.1321987e+01
   1.4986114e+01   2.1204283e+01   1.6204381e+01
   2.0205726e+01   2.4463040e+01   2.2263864e+01
   1.8728007e+01   2.1315173e+01   2.2239127e+01
   1.8951426e+01   2.0291889e+01   2.4750145e+01
   1.7883447e+01   1.9121516e+01   2.3991024e+01
   2.1222177e+01   2.4563896e+01   2.3939724e+01
   1.9737988e+01   2.3373702e+01   2.2221631e+01
   2.1274813e+01   2.5021867e+01   2.3669048e+01
   2.0286004e+01   2.1915221e+01   2.5361082e+01
   2.1861145e+01   2.4930205e+01   2.4827404e+01
   1.7992126e+01   2.1278377e+01   2.0775202e+01
   1.7906225e+01   2.0314427e+01   2.1655951e+01
   1.8701699e+01   2.1320273e+01   2.2174519e+01
   2.1250394e+01   2.4342324e+01   2.4196521e+01
   1.7573689e+01   1.9797545e+01   2.1590315e+01
   2.1245770e+01   2.4244525e+01   2.4283958e+01
   2.0734004e+01   2.4891615e+01   2.2851679e+01
   1.7927872e+01   2.0818756e+01   2.1096782e+01
   1.7249704e+01   1.8921024e+01   2.2261170e+01
   1.9682360e+01   2.3634580e+01   2.1937829e+01
   1.6443170e+01   1.8822909e+01   2.0247971e+01
   1.8742476e+01   2.4133140e+01   2.0240661e+01
   1.7242635e+01   1.9063908e+01   2.1949132e+01
   2.0441866e+01   2.4621478e+01   2.2546787e+01
   1.5781582e+01   1.8497667e+01   1.9168436e+01
   1.7937934e+01   2.1765194e+01   2.0289721e+01
   1.5445153e+01   1.7109123e+01   2.0500687e+01
   1.9622258e+01   2.2895252e+01   2.2407091e+01
   1.6942838e+01   1.9740974e+01   2.0222058e+01
   1.9592820e+01   2.4007435e+01   2.1560875e+01
   1.8573538e+01   2.1637046e+01   2.1560963e+01
   1.8698230e+01   2.0392253e+01   2.3645893e+01
   1.8575100e+01   2.1841779e+01   2.1371642e+01
   1.9038384e+01   2.0490066e+01   2.4541776e+01
   2.0726224e+01   2.2417195e+01   2.5665613e+01
   1.9759683e+01   2.1692152e+01   2.4236183e+01
   2.1373837e+01   2.5301481e+01   2.3639968e+01
   1.9092501e+01   2.0209225e+01   2.5578484e+01
   2.0279701e+01   2.2946926e+01   2.3684497e+01
   1.7758078e+01   1.8653518e+01   2.5114400e+01
   1.5783016e+01   1.7962295e+01   1.9890783e+01
   1.7499841e+01   1.9420731e+01   2.2017105e+01
   2.0505096e+01   2.3349736e+01   2.3707662e+01
   1.9248622e+01   2.0703143e+01   2.4743029e+01
   1.9481926e+01   2.1597760e+01   2.3649962e+01
   2.0442717e+01   2.2478888e+01   2.4735269e+01
   2.0544494e+01   2.3437384e+01   2.3695102e+01
   2.0312194e+01   2.1911935e+01   2.5452760e+01
   2.0693543e+01   2.3496891e+01   2.3940521e+01
   1.9313215e+01   2.1527996e+01   2.3328622e+01
   1.7821225e+01   1.9224123e+01   2.3463007e+01
   1.9474291e+01   2.2817842e+01   2.2197740e+01
   2.1066410e+01   2.5675877e+01   2.2922251e+01
   2.0521692e+01   2.2850653e+01   2.4362947e+01
   1.8088327e+01   2.1037900e+01   2.1194280e+01
   1.9497078e+01   2.1786482e+01   2.3400917e+01
   1.9073510e+01   2.0368232e+01   2.5000594e+01
   2.1307593e+01   2.5392577e+01   2.3469619e+01
   1.7157610e+01   1.8923526e+01   2.1974126e+01
   1.8850694e+01   2.1824004e+01   2.1926744e+01
   2.0126272e+01   2.2505432e+01   2.3899610e+01
   2.0423039e+01   2.2511540e+01   2.4629308e+01
   1.8986541e+01   2.1227093e+01   2.2965671e+01
   2.0160104e+01   2.3469287e+01   2.2910266e+01
   1.7833954e+01   1.9683223e+01   2.2480134e+01
   1.8537053e+01   2.1658571e+01   2.1468454e+01
   2.0435162e+01   2.2063369e+01   2.5511527e+01
   2.0301934e+01   2.2408302e+01   2.4480007e+01
   1.7372468e+01   1.9051744e+01   2.2365401e+01
   1.9186979e+01   2.1734967e+01   2.2743763e+01
   1.9930876e+01   2.2976569e+01   2.2927898e+01
   1.8542519e+01   2.0084632e+01   2.3829851e+01
   1.7601916e+01   2.0103232e+01   2.1231073e+01
   1.7091115e+01   1.9292741e+01   2.1146743e+01
