   1.9811658e+00   2.0008912e+00   2.7542693e+01
   2.8008876e+00   2.8238414e+00   2.7405628e+01
   1.7502734e+00   1.7690846e+00   2.7608594e+01
   2.7929053e+00   2.8112804e+00   2.8365914e+01
   3.0550246e+00   3.2240218e+00   1.8929131e+01
   3.0713577e+00   3.1660965e+00   2.1440807e+01
   2.3645836e+00   2.5200707e+00   1.8833540e+01
   3.1810708e+00   3.2874642e+00   2.1013330e+01
   3.0035436e+00   3.0475051e+00   2.4721174e+01
   2.8360903e+00   2.8670131e+00   2.6135795e+01
   2.3287777e+00   2.3434725e+00   2.9037085e+01
   2.8452001e+00   2.8596418e+00   2.9445805e+01
   2.4051686e+00   2.4210064e+00   2.8760352e+01
   2.9254481e+00   2.9383169e+00   2.9999375e+01
   1.8915200e+00   1.9029060e+00   2.9873564e+01
   2.9626988e+00   2.9752745e+00   3.0124133e+01
   2.1253542e+00   2.2582365e+00   1.9361133e+01
   3.1395520e+00   3.2322018e+00   2.1583392e+01
   1.8378297e+00   1.8566685e+00   2.7654974e+01
   1.9890685e+00   2.0054098e+00   2.8364550e+01
   3.2304671e+00   3.2465333e+00   2.9240778e+01
   1.9686952e+00   1.9845103e+00   2.8494140e+01
   2.7547945e+00   2.7700379e+00   2.9151928e+01
   2.1934344e+00   2.2091815e+00   2.8651847e+01
   3.1846809e+00   3.1993117e+00   2.9615975e+01
   2.0548952e+00   2.0657879e+00   3.0165923e+01
   2.5117437e+00   2.5273506e+00   2.8892150e+01
   2.1524989e+00   2.1678531e+00   2.8735998e+01
   2.3205899e+00   2.3536870e+00   2.5508065e+01
   2.0222251e+00   2.0475898e+00   2.6476535e+01
   1.8593573e+00   1.8707715e+00   2.9843332e+01
   2.0386301e+00   2.0493715e+00   3.0216630e+01
   2.3408913e+00   2.3562627e+00   2.8849329e+01
   2.0568808e+00   2.0708563e+00   2.9085199e+01
   3.2952446e+00   3.3192722e+00   2.7538351e+01
   1.7004028e+00   1.7241274e+00   2.6571350e+01
   2.5970530e+00   2.6178229e+00   2.7706654e+01
   1.8218055e+00   1.8408264e+00   2.7603559e+01
   3.2538037e+00   3.2727193e+00   2.8548070e+01
   1.8088056e+00   1.8279337e+00   2.7571306e+01
   2.4228575e+00   2.4443284e+00   2.7450798e+01
   1.7926077e+00   1.8103273e+00   2.7893551e+01
   2.1988419e+00   2.2166092e+00   2.8131269e+01
   1.5525265e+00   1.5683194e+00   2.8250194e+01
   1.9830332e+00   1.9987419e+00   2.8532218e+01
   1.8614668e+00   1.8760936e+00   2.8767909e+01
   2.4097697e+00   2.4291177e+00   2.7894316e+01
   1.8944576e+00   1.9111893e+00   2.8204254e+01
   2.4954333e+00   2.5130692e+00   2.8351171e+01
   3.2646619e+00   3.2781820e+00   3.0012917e+01
   3.1296460e+00   3.1464496e+00   2.8977875e+01
   3.3223530e+00   3.3358385e+00   3.0063372e+01
   2.4597615e+00   2.4761226e+00   2.8654016e+01
   3.2971073e+00   3.3100132e+00   3.0236815e+01
   2.3257383e+00   2.3393078e+00   2.9381007e+01
   3.3182440e+00   3.3298187e+00   3.0723777e+01
   1.7798222e+00   1.7958121e+00   2.8331765e+01
   3.3319729e+00   3.3441477e+00   3.0513744e+01
   2.3574261e+00   2.3728843e+00   2.8835351e+01
   3.3452763e+00   3.3595584e+00   2.9829943e+01
   3.1342371e+00   3.1517754e+00   2.8795229e+01
   2.5863557e+00   2.6023451e+00   2.8835058e+01
   2.4685207e+00   2.4823731e+00   2.9382178e+01
   2.5830079e+00   2.5954958e+00   2.9905832e+01
   2.4446159e+00   2.4568173e+00   2.9917826e+01
   2.6898780e+00   2.7008155e+00   3.0550540e+01
   1.9400206e+00   1.9518897e+00   2.9722725e+01
   2.6527857e+00   2.6649055e+00   3.0080858e+01
   2.3237054e+00   2.3381670e+00   2.9103334e+01
   2.5991484e+00   2.6130615e+00   2.9447107e+01
   2.3073284e+00   2.3349430e+00   2.6285488e+01
   3.0539747e+00   3.0670575e+00   3.0013454e+01
   2.3392501e+00   2.3467826e+00   3.1945028e+01
   3.1265901e+00   3.1377884e+00   3.0737318e+01
   1.8412678e+00   1.8503843e+00   3.0808308e+01
   3.1058954e+00   3.1151878e+00   3.1533322e+01
   2.3311690e+00   2.3424378e+00   3.0190991e+01
   3.1557278e+00   3.1668238e+00   3.0796814e+01
   2.4090504e+00   2.4216689e+00   2.9749254e+01
   2.5102587e+00   2.5250200e+00   2.9133021e+01
   1.8062862e+00   1.8171574e+00   3.0022856e+01
   2.3629293e+00   2.3755853e+00   2.9707105e+01
   2.3669803e+00   2.3767032e+00   3.0854256e+01
   2.4659760e+00   2.4772478e+00   3.0275488e+01
   2.1545673e+00   2.1653913e+00   3.0255150e+01
   2.6464983e+00   2.6559124e+00   3.1173520e+01
   2.3082575e+00   2.3175076e+00   3.1033591e+01
   2.3301247e+00   2.3388702e+00   3.1290929e+01
   2.2536284e+00   2.2642229e+00   3.0410060e+01
   1.8182947e+00   1.8280288e+00   3.0509820e+01
