   1.8120753e+01   1.9365426e+01   2.4205499e+01
   1.8235334e+01   2.0376062e+01   2.2373692e+01
   1.4320587e+01   1.5110139e+01   2.2245294e+01
   1.6222184e+01   1.8457362e+01   2.0238182e+01
   1.5205743e+01   1.9570760e+01   1.7232628e+01
   1.9929152e+01   2.1760594e+01   2.4591511e+01
   1.5186449e+01   2.0985760e+01   1.6546652e+01
   2.0275184e+01   2.2138844e+01   2.4874379e+01
   1.8121072e+01   1.9840012e+01   2.3022294e+01
   1.9339949e+01   2.0393506e+01   2.6046833e+01
   1.8218218e+01   1.9097985e+01   2.5637972e+01
   1.7412973e+01   1.8897313e+01   2.2852159e+01
   1.9399588e+01   2.0609534e+01   2.5578289e+01
   1.8836182e+01   2.0750341e+01   2.3352614e+01
   1.4873012e+01   1.5348042e+01   2.4843938e+01
   1.7767102e+01   2.0045206e+01   2.1701352e+01
   1.4178715e+01   1.8075229e+01   1.6520479e+01
   1.9020503e+01   2.1463068e+01   2.2714976e+01
   1.4330321e+01   1.4936802e+01   2.3316870e+01
   1.7761071e+01   1.8391101e+01   2.6518962e+01
   1.7346570e+01   1.8188999e+01   2.4948891e+01
   1.8319850e+01   1.9360794e+01   2.5083524e+01
   1.8989087e+01   2.1533144e+01   2.2552178e+01
   1.8473313e+01   1.9927720e+01   2.3975161e+01
   1.9018587e+01   2.0155374e+01   2.5437342e+01
   1.8531727e+01   1.9299571e+01   2.6485842e+01
   1.7075922e+01   1.9535287e+01   2.0765410e+01
   1.6469206e+01   1.7761482e+01   2.2435739e+01
   1.8196356e+01   2.0143894e+01   2.2658593e+01
   1.8368694e+01   1.9645798e+01   2.4354056e+01
   1.4750622e+01   1.5517360e+01   2.2779960e+01
   1.8386302e+01   1.9430948e+01   2.5135539e+01
   1.8460344e+01   2.0138470e+01   2.3443887e+01
   1.6655469e+01   1.8370831e+01   2.1581984e+01
   1.7231148e+01   1.8332928e+01   2.3790580e+01
   1.4614397e+01   1.5291988e+01   2.3143500e+01
   1.6443587e+01   1.8186761e+01   2.1315933e+01
   1.4252169e+01   1.5256967e+01   2.1229497e+01
   1.7109430e+01   1.8561651e+01   2.2632905e+01
   1.4634974e+01   1.5142894e+01   2.4337240e+01
   1.5445466e+01   1.7351404e+01   2.0019587e+01
   1.4149609e+01   1.5315762e+01   2.0555799e+01
   1.5525997e+01   1.6684934e+01   2.1922019e+01
   1.4530279e+01   1.5157374e+01   2.3375028e+01
   1.4383897e+01   1.5136942e+01   2.2495691e+01
   1.4616397e+01   1.5452990e+01   2.2302689e+01
   1.7444888e+01   1.8792568e+01   2.3240264e+01
   1.4383353e+01   1.4784075e+01   2.5073577e+01
   1.7722642e+01   1.9993461e+01   2.1667986e+01
   1.8107785e+01   1.9162516e+01   2.4823257e+01
   1.9053696e+01   2.0298564e+01   2.5128237e+01
   1.8818674e+01   2.0021521e+01   2.5024969e+01
   1.8848344e+01   2.0748650e+01   2.3389914e+01
   1.8296279e+01   1.9063038e+01   2.6258831e+01
   1.9252272e+01   2.0827738e+01   2.4455715e+01
   1.7165060e+01   1.7850607e+01   2.5591457e+01
   1.3533468e+01   1.4490543e+01   2.0723354e+01
   1.7294969e+01   1.8618887e+01   2.3158641e+01
   1.7930583e+01   1.9101926e+01   2.4247183e+01
   1.8507651e+01   1.9482324e+01   2.5523786e+01
   1.8215855e+01   1.9709179e+01   2.3623636e+01
   1.9306407e+01   2.0577879e+01   2.5299271e+01
   1.8400548e+01   1.9798395e+01   2.4049244e+01
   1.9274504e+01   2.0403773e+01   2.5716172e+01
   1.9268154e+01   2.0820598e+01   2.4524765e+01
   1.8385938e+01   2.0236528e+01   2.3024102e+01
   1.4732391e+01   1.5285380e+01   2.4083364e+01
   1.8815341e+01   2.1012563e+01   2.2861097e+01
   1.8449878e+01   2.0122712e+01   2.3444811e+01
   1.9074753e+01   2.0415493e+01   2.4871579e+01
   1.6722492e+01   1.8459239e+01   2.1603931e+01
   1.8131582e+01   1.9676639e+01   2.3416164e+01
   1.8379091e+01   1.9206859e+01   2.6036982e+01
   1.9486796e+01   2.2099636e+01   2.2961328e+01
   1.4362211e+01   1.5072254e+01   2.2710402e+01
   1.7995427e+01   1.9916787e+01   2.2506548e+01
   1.7785489e+01   1.8733935e+01   2.4916543e+01
   1.9096817e+01   2.0440352e+01   2.4885698e+01
   1.8192233e+01   1.9719081e+01   2.3519285e+01
   1.7993878e+01   1.9846963e+01   2.2631171e+01
   1.4543956e+01   1.5060429e+01   2.4180369e+01
   1.7322067e+01   1.9239158e+01   2.1848264e+01
   1.8277292e+01   1.9155141e+01   2.5704910e+01
   1.8516131e+01   1.9728290e+01   2.4696356e+01
   1.4193087e+01   1.4792998e+01   2.3228271e+01
   1.8405432e+01   2.0050427e+01   2.3460915e+01
   1.7611253e+01   1.9335448e+01   2.2507162e+01
   1.7891646e+01   1.9113892e+01   2.4047640e+01
   1.6623342e+01   1.8112564e+01   2.2061500e+01
   1.4042120e+01   1.4783369e+01   2.2227690e+01
