   3.2521261e-01   3.3214478e-01   3.1145230e+01
   5.7872360e-01   5.8624569e-01   3.0924007e+01
   5.2087844e-01   5.2366655e-01   3.5203370e+01
   6.3827983e-01   6.4118390e-01   3.5089033e+01
   6.1341344e-01   6.9653330e-01   2.0511685e+01
   8.1643762e-01   8.9226882e-01   2.1020702e+01
   2.9439867e-01   3.7804193e-01   2.0315078e+01
   9.2778845e-01   1.0106781e+00   2.0696302e+01
   1.1602553e+00   1.1829007e+00   2.6458616e+01
   5.9369518e-01   6.1139793e-01   2.7215330e+01
   4.3039617e-01   4.3219203e-01   3.7066005e+01
   5.7116630e-01   5.7271576e-01   3.7781366e+01
   6.0718817e-01   6.0943768e-01   3.6181546e+01
   6.8838168e-01   6.9019366e-01   3.7164506e+01
   3.8067137e-01   3.8253681e-01   3.6874868e+01
   6.7197994e-01   6.7349149e-01   3.7942970e+01
   4.8650028e-01   5.6561582e-01   2.0657917e+01
   8.6739642e-01   9.4261933e-01   2.1083809e+01
   5.7992529e-01   5.8311432e-01   3.4651296e+01
   4.0467532e-01   4.0798593e-01   3.4396192e+01
   7.8923354e-01   7.9144831e-01   3.6347473e+01
   2.9956151e-01   3.0230218e-01   3.5161989e+01
   6.7207922e-01   6.7406311e-01   3.6762075e+01
   5.1612668e-01   5.1797316e-01   3.6990478e+01
   1.3003185e+00   1.3027468e+00   3.6234010e+01
   3.9343259e-01   3.9548497e-01   3.6466777e+01
   6.8226538e-01   6.8519476e-01   3.5075015e+01
   4.8739211e-01   4.9015568e-01   3.5224045e+01
   4.7889670e-01   4.9433936e-01   2.7747399e+01
   3.7141444e-01   3.8559596e-01   2.8060898e+01
   3.3131712e-01   3.3312949e-01   3.6974536e+01
   3.4801671e-01   3.4972733e-01   3.7234119e+01
   6.5854388e-01   6.6051519e-01   3.6782409e+01
   4.1895602e-01   4.2106276e-01   3.6366599e+01
   8.0475592e-01   8.0986124e-01   3.2729138e+01
   4.5817356e-01   4.6342216e-01   3.2422973e+01
   5.5515839e-01   5.5961645e-01   3.3183276e+01
   5.7253593e-01   5.7622565e-01   3.4014033e+01
   1.4050712e+00   1.4083027e+00   3.5053426e+01
   6.0747736e-01   6.1051208e-01   3.4881418e+01
   5.8984657e-01   5.9410140e-01   3.3404392e+01
   5.3819459e-01   5.4196294e-01   3.3904169e+01
   3.3000351e-01   3.3267924e-01   3.5281920e+01
   2.9841906e-01   3.0054476e-01   3.6264925e+01
   4.7699440e-01   4.8001601e-01   3.4830889e+01
   6.2010888e-01   6.2246870e-01   3.5980557e+01
   7.5697285e-01   7.6181014e-01   3.2937294e+01
   6.6736266e-01   6.7179126e-01   3.3272135e+01
   3.8638706e-01   3.8861891e-01   3.6099031e+01
   7.3501990e-01   7.3626161e-01   3.8831039e+01
   1.2642891e+00   1.2672510e+00   3.5350574e+01
   8.3437760e-01   8.3646008e-01   3.6639630e+01
   5.6540644e-01   5.6753230e-01   3.6404777e+01
   8.5592540e-01   8.5737374e-01   3.8228525e+01
   4.9426801e-01   4.9618598e-01   3.6813933e+01
   8.2066476e-01   8.2198703e-01   3.8604698e+01
   3.0142601e-01   3.0435624e-01   3.4872503e+01
   8.0983847e-01   8.1195326e-01   3.6559335e+01
   6.2586260e-01   6.2820312e-01   3.6019302e+01
   8.9044952e-01   8.9216208e-01   3.7519786e+01
   1.2786552e+00   1.2805488e+00   3.7301524e+01
   5.0477963e-01   5.0643261e-01   3.7465234e+01
   5.8061889e-01   5.8178226e-01   3.9030983e+01
   5.0497797e-01   5.0619883e-01   3.8781347e+01
   6.2201644e-01   6.2310110e-01   3.9357412e+01
   5.9036060e-01   5.9138254e-01   3.9599125e+01
   4.4747406e-01   4.4906243e-01   3.7608156e+01
   6.0546727e-01   6.0708268e-01   3.7618653e+01
   6.2685681e-01   6.2827565e-01   3.8193617e+01
   5.3485896e-01   5.3640976e-01   3.7758303e+01
   4.5953047e-01   4.7257792e-01   2.8469075e+01
   1.1950781e+00   1.1995166e+00   3.3554623e+01
   5.0810260e-01   5.0929789e-01   3.8874929e+01
   1.2445725e+00   1.2462172e+00   3.7893995e+01
   3.0172197e-01   3.0344836e-01   3.7170259e+01
   1.2267304e+00   1.2285182e+00   3.7521452e+01
   6.0136922e-01   6.0344003e-01   3.6537898e+01
   1.2966253e+00   1.2987468e+00   3.6818474e+01
   5.7914378e-01   5.8200658e-01   3.5119540e+01
   6.1976817e-01   6.2277665e-01   3.4925713e+01
   2.6471879e-01   2.6736313e-01   3.5299385e+01
   4.8072677e-01   4.8363076e-01   3.5005291e+01
   6.4538906e-01   6.4677135e-01   3.8316865e+01
   6.2324009e-01   6.2468656e-01   3.8107885e+01
   6.7895200e-01   6.8029989e-01   3.8444367e+01
   8.4922432e-01   8.5062801e-01   3.8360837e+01
   5.2410838e-01   5.2530168e-01   3.8890621e+01
   4.6264508e-01   4.6401120e-01   3.8270792e+01
   5.1708457e-01   5.1900602e-01   3.6818144e+01
   2.7425335e-01   2.7641468e-01   3.6180258e+01
