   1.7692066e+00   1.7808957e+00   2.9685601e+01
   2.5066981e+00   2.5208784e+00   2.9305039e+01
   1.6587603e+00   1.6675295e+00   3.0867425e+01
   2.5215754e+00   2.5296093e+00   3.1781289e+01
   2.7254063e+00   2.8683326e+00   1.9432148e+01
   2.8255734e+00   2.9091893e+00   2.1817144e+01
   2.1330441e+00   2.2686217e+00   1.9279090e+01
   2.9047748e+00   2.9975507e+00   2.1419735e+01
   2.8685057e+00   2.9038996e+00   2.5571416e+01
   2.5722660e+00   2.5960330e+00   2.7105685e+01
   2.1115486e+00   2.1188654e+00   3.1928709e+01
   2.6040199e+00   2.6116260e+00   3.2071948e+01
   2.2076779e+00   2.2150953e+00   3.1929181e+01
   2.6784141e+00   2.6854455e+00   3.2461275e+01
   1.7661025e+00   1.7712222e+00   3.3268433e+01
   2.6596593e+00   2.6652552e+00   3.3440565e+01
   1.9882180e+00   2.1082199e+00   1.9716920e+01
   2.8202498e+00   2.9044636e+00   2.1782778e+01
   1.7313881e+00   1.7389215e+00   3.1570375e+01
   1.8518808e+00   1.8581273e+00   3.2456387e+01
   2.9223281e+00   2.9291132e+00   3.2776108e+01
   1.7911163e+00   1.7997616e+00   3.1008462e+01
   2.4177905e+00   2.4249665e+00   3.2205310e+01
   1.9652779e+00   1.9726666e+00   3.1796137e+01
   3.0222456e+00   3.0287463e+00   3.3028505e+01
   1.8384873e+00   1.8437904e+00   3.3159226e+01
   2.3409302e+00   2.3495067e+00   3.1382493e+01
   1.9356344e+00   1.9437755e+00   3.1356936e+01
   2.1108609e+00   2.1360303e+00   2.6564862e+01
   1.8169388e+00   1.8359083e+00   2.7612332e+01
   1.6992803e+00   1.7038839e+00   3.3689905e+01
   1.8136783e+00   1.8179134e+00   3.4120829e+01
   2.1811636e+00   2.1882590e+00   3.2105357e+01
   1.8638111e+00   1.8713501e+00   3.1646937e+01
   2.9123921e+00   2.9232031e+00   3.0747141e+01
   1.6069087e+00   1.6195366e+00   2.9253357e+01
   2.3380389e+00   2.3484777e+00   3.0527494e+01
   1.7202205e+00   1.7299488e+00   3.0453476e+01
   3.1239660e+00   3.1311895e+00   3.2638952e+01
   1.7860464e+00   1.7953949e+00   3.0665887e+01
   2.2021596e+00   2.2118546e+00   3.0763033e+01
   1.6839141e+00   1.6928696e+00   3.0791148e+01
   1.9600411e+00   1.9671138e+00   3.1982756e+01
   1.4773769e+00   1.4848826e+00   3.1436060e+01
   1.7940458e+00   1.7999525e+00   3.2664280e+01
   1.7818237e+00   1.7878410e+00   3.2576441e+01
   2.2785580e+00   2.2878485e+00   3.0995960e+01
   1.8036078e+00   1.8119298e+00   3.1181481e+01
   2.2644329e+00   2.2726544e+00   3.1517819e+01
   2.9389926e+00   2.9442660e+00   3.3881633e+01
   3.0204257e+00   3.0287110e+00   3.1974079e+01
   3.0034650e+00   3.0102456e+00   3.2832955e+01
   2.2660280e+00   2.2743711e+00   3.1455078e+01
   2.9757227e+00   2.9816082e+00   3.3429137e+01
   2.1595722e+00   2.1666830e+00   3.2082482e+01
   2.9669167e+00   2.9727803e+00   3.3439494e+01
   1.6238285e+00   1.6324631e+00   3.0913901e+01
   2.9573153e+00   2.9627583e+00   3.3756270e+01
   2.2025187e+00   2.2107622e+00   3.1467453e+01
   3.0276206e+00   3.0343230e+00   3.2899409e+01
   2.9780247e+00   2.9867124e+00   3.1739924e+01
   2.3249060e+00   2.3327077e+00   3.1783499e+01
   2.2465191e+00   2.2523494e+00   3.2998862e+01
   2.3287791e+00   2.3344719e+00   3.3154230e+01
   2.2245576e+00   2.2305930e+00   3.2835024e+01
   2.3735981e+00   2.3789157e+00   3.3478731e+01
   1.7753343e+00   1.7801617e+00   3.3529203e+01
   2.3886920e+00   2.3940601e+00   3.3447188e+01
   2.1450205e+00   2.1519209e+00   3.2203883e+01
   2.3287135e+00   2.3359195e+00   3.2130788e+01
   2.1338677e+00   2.1569069e+00   2.6962945e+01
   2.9132658e+00   2.9201287e+00   3.2720606e+01
   2.2019598e+00   2.2057211e+00   3.4874284e+01
   2.9803504e+00   2.9865698e+00   3.3192697e+01
   1.7172255e+00   1.7214792e+00   3.4043855e+01
   2.9500998e+00   2.9540084e+00   3.5189473e+01
   2.1943956e+00   2.2014241e+00   3.2154716e+01
   2.9963668e+00   3.0022054e+00   3.3477636e+01
   2.2335722e+00   2.2414080e+00   3.1707100e+01
   2.2560448e+00   2.2647655e+00   3.1256642e+01
   1.6863388e+00   1.6915599e+00   3.3135502e+01
   2.1621101e+00   2.1689663e+00   3.2242402e+01
   2.2076553e+00   2.2121217e+00   3.4131717e+01
   2.2923684e+00   2.2984333e+00   3.2856369e+01
   2.0378058e+00   2.0424057e+00   3.3898538e+01
   2.4804319e+00   2.4847815e+00   3.4419119e+01
   2.1286123e+00   2.1335540e+00   3.3643345e+01
   2.1624691e+00   2.1670584e+00   3.3985694e+01
   2.0997774e+00   2.1045767e+00   3.3752527e+01
   1.6943518e+00   1.6992600e+00   3.3408749e+01
