   1.4876459e+01   1.5368949e+01   2.4698600e+01
   1.4492410e+01   1.5008832e+01   2.4130792e+01
   1.1141639e+01   1.1488547e+01   2.2587458e+01
   1.3968208e+01   1.4634362e+01   2.2586009e+01
   1.3781607e+01   1.6496565e+01   1.7205038e+01
   1.5748204e+01   1.6280811e+01   2.5226636e+01
   1.3783995e+01   1.6871710e+01   1.6806582e+01
   1.5584879e+01   1.6081351e+01   2.5355416e+01
   1.4348354e+01   1.4977861e+01   2.3183035e+01
   1.4970289e+01   1.5222103e+01   2.7591209e+01
   1.4038380e+01   1.4306567e+01   2.6423446e+01
   1.4013267e+01   1.4421933e+01   2.4634284e+01
   1.5727945e+01   1.6260744e+01   2.5205363e+01
   1.5541857e+01   1.6114338e+01   2.4730158e+01
   1.2293588e+01   1.2455501e+01   2.6899298e+01
   1.4866918e+01   1.5573452e+01   2.3220616e+01
   1.2063547e+01   1.3895618e+01   1.6869432e+01
   1.4962438e+01   1.5641897e+01   2.3470831e+01
   1.0969522e+01   1.1246776e+01   2.3370753e+01
   1.4181099e+01   1.4420150e+01   2.7047207e+01
   1.4795334e+01   1.5092790e+01   2.6719224e+01
   1.4730242e+01   1.5132286e+01   2.5396033e+01
   1.5948494e+01   1.6840294e+01   2.3350919e+01
   1.5116809e+01   1.5546252e+01   2.5498000e+01
   1.4421055e+01   1.4673733e+01   2.7044523e+01
   1.4523202e+01   1.4749482e+01   2.7610338e+01
   1.3383543e+01   1.4084499e+01   2.1816583e+01
   1.3939348e+01   1.4559170e+01   2.2850158e+01
   1.4937821e+01   1.5775128e+01   2.2612139e+01
   1.4248718e+01   1.4593835e+01   2.5566560e+01
   1.2049108e+01   1.2319102e+01   2.4495138e+01
   1.4189360e+01   1.4423312e+01   2.7146461e+01
   1.3996001e+01   1.4421177e+01   2.4453156e+01
   1.3911262e+01   1.4582876e+01   2.2497997e+01
   1.4744325e+01   1.5117739e+01   2.5717284e+01
   1.1435202e+01   1.1775556e+01   2.2942180e+01
   1.4368232e+01   1.5159635e+01   2.2282196e+01
   1.1266241e+01   1.1667382e+01   2.2096332e+01
   1.4072234e+01   1.4442349e+01   2.5103859e+01
   1.1319069e+01   1.1531503e+01   2.4825422e+01
   1.2830375e+01   1.3513234e+01   2.1391087e+01
   1.1142515e+01   1.1603528e+01   2.1401979e+01
   1.3637788e+01   1.4146303e+01   2.3368401e+01
   1.1096282e+01   1.1338975e+01   2.4052234e+01
   1.1869981e+01   1.2114797e+01   2.4740255e+01
   1.1337853e+01   1.1632194e+01   2.3461971e+01
   1.3657521e+01   1.3978125e+01   2.5305377e+01
   1.1236617e+01   1.1417222e+01   2.5439753e+01
   1.5473488e+01   1.6276421e+01   2.3300994e+01
   1.5744330e+01   1.6147222e+01   2.6374372e+01
   1.4911106e+01   1.5202272e+01   2.6921455e+01
   1.5885530e+01   1.6289151e+01   2.6504764e+01
   1.4527912e+01   1.4947870e+01   2.5018792e+01
   1.5382396e+01   1.5719984e+01   2.6758893e+01
   1.5965578e+01   1.6578458e+01   2.4866951e+01
   1.4914174e+01   1.5168263e+01   2.7498734e+01
   1.1459396e+01   1.1925867e+01   2.1650304e+01
   1.5200211e+01   1.5633881e+01   2.5538586e+01
   1.4347820e+01   1.4757156e+01   2.4950783e+01
   1.5595125e+01   1.5953122e+01   2.6720839e+01
   1.4556651e+01   1.5044981e+01   2.4423079e+01
   1.5595838e+01   1.6024457e+01   2.5972657e+01
   1.4369881e+01   1.4810104e+01   2.4670405e+01
   1.5617164e+01   1.6111582e+01   2.5403971e+01
   1.5788118e+01   1.6393988e+01   2.4740078e+01
   1.5756952e+01   1.6331624e+01   2.4924671e+01
   1.2253013e+01   1.2443247e+01   2.6173390e+01
   1.5688964e+01   1.6547378e+01   2.3247102e+01
   1.4106975e+01   1.4644725e+01   2.3591662e+01
   1.5599113e+01   1.6055225e+01   2.5718702e+01
   1.3668846e+01   1.4305762e+01   2.2478659e+01
   1.4557397e+01   1.5033153e+01   2.4531302e+01
   1.5280703e+01   1.5704362e+01   2.5713718e+01
   1.4630633e+01   1.5098251e+01   2.4673511e+01
   1.1797461e+01   1.2039864e+01   2.4713930e+01
   1.4132172e+01   1.4585037e+01   2.4323331e+01
   1.3892126e+01   1.4173751e+01   2.6076333e+01
   1.4546041e+01   1.4885732e+01   2.5920536e+01
   1.4969822e+01   1.5519864e+01   2.4335986e+01
   1.3900742e+01   1.4407061e+01   2.3639685e+01
   1.1810339e+01   1.1988514e+01   2.6034887e+01
   1.3515981e+01   1.3948858e+01   2.3916337e+01
   1.3985858e+01   1.4237739e+01   2.6637742e+01
   1.4319726e+01   1.4729216e+01   2.4922033e+01
   1.2032003e+01   1.2289093e+01   2.4686001e+01
   1.5380285e+01   1.6069645e+01   2.3819837e+01
   1.3626778e+01   1.4037845e+01   2.4237508e+01
   1.4659540e+01   1.5192803e+01   2.4161298e+01
   1.3178726e+01   1.3578988e+01   2.3918155e+01
   1.1680658e+01   1.2001075e+01   2.3426221e+01
