   1.0357535e+01   1.0512106e+01   2.5290947e+01
   1.1055943e+01   1.1280790e+01   2.4338737e+01
   7.2265218e+00   7.3541118e+00   2.3342999e+01
   1.0961589e+01   1.1236793e+01   2.3394726e+01
   1.1215372e+01   1.2470065e+01   1.7459296e+01
   1.1649568e+01   1.1836778e+01   2.5672969e+01
   1.0715751e+01   1.1944354e+01   1.7068355e+01
   1.1798149e+01   1.2018980e+01   2.5109950e+01
   1.0208965e+01   1.0447994e+01   2.3296320e+01
   1.1382066e+01   1.1499056e+01   2.7433906e+01
   9.7708746e+00   9.8754031e+00   2.6433931e+01
   1.0823472e+01   1.0971598e+01   2.5902910e+01
   1.0953638e+01   1.1154310e+01   2.4727353e+01
   1.1605526e+01   1.1828745e+01   2.4883276e+01
   8.6801559e+00   8.7649484e+00   2.6358647e+01
   1.1354748e+01   1.1558497e+01   2.5036339e+01
   8.7842961e+00   9.5446509e+00   1.7183961e+01
   1.1408637e+01   1.1703627e+01   2.3518956e+01
   7.2969895e+00   7.4077977e+00   2.4009268e+01
   9.9329387e+00   1.0054076e+01   2.5947478e+01
   1.1632109e+01   1.1778399e+01   2.6709938e+01
   1.0630137e+01   1.0792310e+01   2.5336620e+01
   1.1557689e+01   1.1810720e+01   2.4306901e+01
   1.0727244e+01   1.0895450e+01   2.5270260e+01
   1.0261243e+01   1.0337221e+01   2.8254482e+01
   1.0429901e+01   1.0508288e+01   2.8274527e+01
   9.3207000e+00   9.5081017e+00   2.3525192e+01
   1.0316419e+01   1.0530629e+01   2.3860807e+01
   1.0212567e+01   1.0452143e+01   2.3289944e+01
   1.0363759e+01   1.0513358e+01   2.5436579e+01
   8.6099261e+00   8.6971698e+00   2.6173875e+01
   1.0276976e+01   1.0370260e+01   2.7384885e+01
   9.5476886e+00   9.6736221e+00   2.5431566e+01
   1.0250745e+01   1.0498636e+01   2.3180210e+01
   1.1758617e+01   1.1972239e+01   2.5213757e+01
   7.3019954e+00   7.4375574e+00   2.3146367e+01
   1.1191153e+01   1.1497175e+01   2.3160835e+01
   7.2755016e+00   7.4159293e+00   2.2972457e+01
   1.0194394e+01   1.0328513e+01   2.5749287e+01
   7.4965540e+00   7.5765605e+00   2.5582432e+01
   9.1103552e+00   9.3448575e+00   2.2381192e+01
   7.4228906e+00   7.5659064e+00   2.3019137e+01
   9.9668773e+00   1.0132936e+01   2.4626879e+01
   7.2305835e+00   7.3168706e+00   2.5031009e+01
   8.5955696e+00   8.7009402e+00   2.5348247e+01
   7.4278485e+00   7.5103415e+00   2.5391964e+01
   9.5696886e+00   9.6766298e+00   2.6153784e+01
   7.3854728e+00   7.4476416e+00   2.6577405e+01
   1.1767300e+01   1.1980692e+01   2.5226499e+01
   1.2209365e+01   1.2358634e+01   2.7167199e+01
   1.0409302e+01   1.0483800e+01   2.8475006e+01
   1.2268949e+01   1.2395528e+01   2.7929559e+01
   9.8823213e+00   1.0008709e+01   2.5719297e+01
   1.2023929e+01   1.2188869e+01   2.6565448e+01
   1.1044338e+01   1.1180902e+01   2.6455848e+01
   1.1764984e+01   1.1884548e+01   2.7699133e+01
   8.4784283e+00   8.6888185e+00   2.2281679e+01
   1.1908163e+01   1.2036652e+01   2.7524971e+01
   9.5681606e+00   9.7135825e+00   2.4832976e+01
   1.2126959e+01   1.2288164e+01   2.6760510e+01
   1.0133789e+01   1.0297063e+01   2.4851599e+01
   1.1846445e+01   1.2046088e+01   2.5584193e+01
   9.8152547e+00   9.9514926e+00   2.5336419e+01
   1.1546110e+01   1.1729063e+01   2.5673997e+01
   1.0542519e+01   1.0686373e+01   2.5768702e+01
   1.1678993e+01   1.1879039e+01   2.5418194e+01
   8.7789395e+00   8.8583280e+00   2.6729883e+01
   1.1582631e+01   1.1766390e+01   2.5689506e+01
   9.4394090e+00   9.6117747e+00   2.3989329e+01
   1.1725435e+01   1.1927599e+01   2.5416994e+01
   9.6277882e+00   9.8353973e+00   2.3365709e+01
   1.0178073e+01   1.0293960e+01   2.6361399e+01
   1.0670974e+01   1.0791224e+01   2.6655613e+01
   1.0292135e+01   1.0415412e+01   2.6200411e+01
   8.4077630e+00   8.4806165e+00   2.6773701e+01
   1.0120829e+01   1.0229596e+01   2.6581528e+01
   9.6934351e+00   9.7772704e+00   2.7313513e+01
   1.0417176e+01   1.0526912e+01   2.6814840e+01
   1.0466653e+01   1.0650417e+01   2.4652111e+01
   9.6451362e+00   9.7988630e+00   2.4664721e+01
   8.4978648e+00   8.5935074e+00   2.5679285e+01
   9.2156897e+00   9.3247703e+00   2.5750320e+01
   9.7142431e+00   9.8044017e+00   2.7019093e+01
   9.9094808e+00   1.0019724e+01   2.6330949e+01
   8.7217464e+00   8.7934839e+00   2.7116502e+01
   1.0556993e+01   1.0678711e+01   2.6498436e+01
   9.4214993e+00   9.5053508e+00   2.7067388e+01
   1.0405834e+01   1.0536899e+01   2.6041969e+01
   9.2375678e+00   9.3233441e+00   2.6804539e+01
   8.6355481e+00   8.7403151e+00   2.5408216e+01
