   1.8025133e+01   1.9240069e+01   2.4202185e+01
   1.8134350e+01   2.0209149e+01   2.2379801e+01
   1.4213355e+01   1.4978618e+01   2.2265968e+01
   1.6212822e+01   1.8391948e+01   2.0314382e+01
   1.5167401e+01   1.9483411e+01   1.7223797e+01
   1.9716612e+01   2.1473946e+01   2.4525812e+01
   1.5155143e+01   2.0857328e+01   1.6551581e+01
   2.0171519e+01   2.2024739e+01   2.4790965e+01
   1.8052630e+01   1.9748884e+01   2.3001895e+01
   1.9188429e+01   2.0254609e+01   2.5850922e+01
   1.8117920e+01   1.8976363e+01   2.5635431e+01
   1.7299911e+01   1.8735089e+01   2.2864271e+01
   1.9268140e+01   2.0430905e+01   2.5598632e+01
   1.8786971e+01   2.0668358e+01   2.3363896e+01
   1.4528359e+01   1.4878681e+01   2.5774491e+01
   1.7739112e+01   1.9977394e+01   2.1732428e+01
   1.4111718e+01   1.7894782e+01   1.6536159e+01
   1.8946933e+01   2.1301347e+01   2.2762169e+01
   1.4204425e+01   1.4793868e+01   2.3310909e+01
   1.7580271e+01   1.8178465e+01   2.6550916e+01
   1.7273193e+01   1.8098888e+01   2.4955912e+01
   1.8195138e+01   1.9237064e+01   2.4956628e+01
   1.8935215e+01   2.1174373e+01   2.2916806e+01
   1.8374449e+01   1.9810375e+01   2.3924303e+01
   1.8889936e+01   1.9959280e+01   2.5543931e+01
   1.8396732e+01   1.9162720e+01   2.6362065e+01
   1.6927036e+01   1.9301925e+01   2.0732618e+01
   1.6337927e+01   1.7584955e+01   2.2440693e+01
   1.7944121e+01   1.9704162e+01   2.2763319e+01
   1.8179366e+01   1.9396739e+01   2.4347069e+01
   1.4646825e+01   1.5407047e+01   2.2713116e+01
   1.8249268e+01   1.9221203e+01   2.5279295e+01
   1.8319749e+01   1.9924155e+01   2.3465955e+01
   1.6570651e+01   1.8218607e+01   2.1641955e+01
   1.7176606e+01   1.8243034e+01   2.3862046e+01
   1.4487095e+01   1.5152011e+01   2.3096110e+01
   1.6421710e+01   1.8146368e+01   2.1332398e+01
   1.4147643e+01   1.5122974e+01   2.1244000e+01
   1.6980802e+01   1.8238758e+01   2.3040463e+01
   1.4515066e+01   1.5023578e+01   2.4216159e+01
   1.5364530e+01   1.7236423e+01   2.0003240e+01
   1.4059800e+01   1.5201631e+01   2.0549204e+01
   1.5455798e+01   1.6549528e+01   2.2075008e+01
   1.4395252e+01   1.5010753e+01   2.3319804e+01
   1.4295049e+01   1.5027285e+01   2.2521729e+01
   1.4523560e+01   1.5328333e+01   2.2366350e+01
   1.7363090e+01   1.8664617e+01   2.3289591e+01
   1.4075791e+01   1.4448338e+01   2.5079971e+01
   1.7672908e+01   1.9921313e+01   2.1651814e+01
   1.8022420e+01   1.9023651e+01   2.4939964e+01
   1.9040299e+01   2.0226963e+01   2.5295718e+01
   1.8723228e+01   1.9915322e+01   2.4964447e+01
   1.8661775e+01   2.0442472e+01   2.3432734e+01
   1.8111577e+01   1.8845024e+01   2.6253591e+01
   1.9054485e+01   2.0480211e+01   2.4624059e+01
   1.7114108e+01   1.7781823e+01   2.5647400e+01
   1.3468092e+01   1.4408514e+01   2.0729026e+01
   1.7222250e+01   1.8438792e+01   2.3404677e+01
   1.7840637e+01   1.8993307e+01   2.4219443e+01
   1.8370008e+01   1.9245086e+01   2.5808946e+01
   1.8100194e+01   1.9555027e+01   2.3604886e+01
   1.9224983e+01   2.0488726e+01   2.5241435e+01
   1.8254986e+01   1.9607804e+01   2.4026576e+01
   1.9183055e+01   2.0283557e+01   2.5724123e+01
   1.9154675e+01   2.0605131e+01   2.4660153e+01
   1.8353833e+01   2.0175892e+01   2.3046784e+01
   1.4648636e+01   1.5191425e+01   2.4078206e+01
   1.8755538e+01   2.0927179e+01   2.2841108e+01
   1.8199504e+01   1.9717982e+01   2.3546500e+01
   1.8978744e+01   2.0285483e+01   2.4872175e+01
   1.6517817e+01   1.8086305e+01   2.1768472e+01
   1.8022185e+01   1.9476187e+01   2.3529837e+01
   1.8306571e+01   1.9137436e+01   2.5950576e+01
   1.9415631e+01   2.1972400e+01   2.2959896e+01
   1.4277638e+01   1.4973869e+01   2.2707424e+01
   1.7944279e+01   1.9799562e+01   2.2577931e+01
   1.7707645e+01   1.8629969e+01   2.4948789e+01
   1.8768428e+01   1.9992098e+01   2.4910399e+01
   1.8016500e+01   1.9471641e+01   2.3521339e+01
   1.7801173e+01   1.9485598e+01   2.2778143e+01
   1.4417376e+01   1.4902643e+01   2.4314011e+01
   1.7177579e+01   1.8902919e+01   2.2076376e+01
   1.8088854e+01   1.8932277e+01   2.5676315e+01
   1.8358461e+01   1.9538924e+01   2.4640677e+01
   1.4114291e+01   1.4711072e+01   2.3173311e+01
   1.8379299e+01   1.9978751e+01   2.3536065e+01
   1.7508129e+01   1.9185032e+01   2.2504480e+01
   1.7687514e+01   1.8866600e+01   2.3982135e+01
   1.6385490e+01   1.7702894e+01   2.2281290e+01
   1.3998361e+01   1.4716177e+01   2.2314230e+01
