   1.6616423e+01   1.7405163e+01   2.4491553e+01
   1.6176075e+01   1.7132498e+01   2.3300103e+01
   1.2800726e+01   1.3315332e+01   2.2516422e+01
   1.4889573e+01   1.5906485e+01   2.1803179e+01
   1.4624087e+01   1.8194438e+01   1.7203702e+01
   1.7808249e+01   1.8771524e+01   2.4878576e+01
   1.4617457e+01   1.8947287e+01   1.6672100e+01
   1.8335311e+01   1.9446334e+01   2.4848654e+01
   1.6347607e+01   1.7408649e+01   2.3066013e+01
   1.7303755e+01   1.7866586e+01   2.6526598e+01
   1.6280865e+01   1.6778019e+01   2.6030259e+01
   1.5606172e+01   1.6289618e+01   2.4075089e+01
   1.7721994e+01   1.8532012e+01   2.5474082e+01
   1.6995978e+01   1.8022490e+01   2.3831270e+01
   1.3354626e+01   1.3583755e+01   2.6431956e+01
   1.6362917e+01   1.7583177e+01   2.2547202e+01
   1.3354476e+01   1.6165421e+01   1.6677488e+01
   1.6996785e+01   1.8336422e+01   2.2820609e+01
   1.2884574e+01   1.3310389e+01   2.3379442e+01
   1.5688204e+01   1.6047823e+01   2.6792765e+01
   1.6042660e+01   1.6517266e+01   2.5988087e+01
   1.6633010e+01   1.7315493e+01   2.5086555e+01
   1.7583475e+01   1.8982253e+01   2.3239018e+01
   1.7138742e+01   1.7994105e+01   2.4684127e+01
   1.6742981e+01   1.7267031e+01   2.6267213e+01
   1.6711832e+01   1.7191103e+01   2.6603435e+01
   1.5667379e+01   1.7287092e+01   2.0815920e+01
   1.5357019e+01   1.6261305e+01   2.2717627e+01
   1.6346385e+01   1.7478771e+01   2.2815101e+01
   1.6310238e+01   1.7068548e+01   2.4347721e+01
   1.3183122e+01   1.3591682e+01   2.3836993e+01
   1.6387131e+01   1.6966371e+01   2.5509256e+01
   1.6005932e+01   1.6752353e+01   2.4112583e+01
   1.5370114e+01   1.6506255e+01   2.1845342e+01
   1.5999601e+01   1.6630395e+01   2.4783489e+01
   1.3054029e+01   1.3555360e+01   2.2866315e+01
   1.5389145e+01   1.6469743e+01   2.2056265e+01
   1.2920440e+01   1.3550960e+01   2.1800359e+01
   1.5568667e+01   1.6206650e+01   2.4316306e+01
   1.2939604e+01   1.3349296e+01   2.3592441e+01
   1.4378396e+01   1.5546099e+01   2.0773141e+01
   1.2621168e+01   1.3382495e+01   2.0753275e+01
   1.4585208e+01   1.5304879e+01   2.2872751e+01
   1.2834018e+01   1.3249722e+01   2.3430999e+01
   1.2899410e+01   1.3283627e+01   2.3821436e+01
   1.2989294e+01   1.3502920e+01   2.2704606e+01
   1.5675341e+01   1.6323358e+01   2.4357396e+01
   1.2845870e+01   1.3140796e+01   2.4878981e+01
   1.6319370e+01   1.7415746e+01   2.2912314e+01
   1.6991870e+01   1.7612683e+01   2.5821420e+01
   1.7068701e+01   1.7667395e+01   2.6044082e+01
   1.7334485e+01   1.8066784e+01   2.5493703e+01
   1.6244694e+01   1.6991915e+01   2.4342260e+01
   1.6712278e+01   1.7131216e+01   2.7159679e+01
   1.7607957e+01   1.8548668e+01   2.4773347e+01
   1.6068814e+01   1.6494639e+01   2.6461791e+01
   1.2371416e+01   1.2989836e+01   2.1354830e+01
   1.6230403e+01   1.7016120e+01   2.4128010e+01
   1.6190785e+01   1.6839894e+01   2.4854952e+01
   1.6968151e+01   1.7536963e+01   2.6153517e+01
   1.6717614e+01   1.7654724e+01   2.3911576e+01
   1.7777394e+01   1.8573881e+01   2.5595507e+01
   1.6448449e+01   1.7257439e+01   2.4225988e+01
   1.7323127e+01   1.7997485e+01   2.5813215e+01
   1.7699786e+01   1.8668011e+01   2.4751610e+01
   1.6951116e+01   1.7906036e+01   2.4067780e+01
   1.3293982e+01   1.3568380e+01   2.5611371e+01
   1.7310860e+01   1.8581553e+01   2.3327953e+01
   1.6361167e+01   1.7283862e+01   2.3622029e+01
   1.7468346e+01   1.8274259e+01   2.5244178e+01
   1.5120361e+01   1.6154616e+01   2.1962816e+01
   1.6015088e+01   1.6799297e+01   2.3924634e+01
   1.6916043e+01   1.7553796e+01   2.5637951e+01
   1.7001448e+01   1.8216788e+01   2.3190814e+01
   1.2888931e+01   1.3285499e+01   2.3679554e+01
   1.6073930e+01   1.7119324e+01   2.2854685e+01
   1.5857072e+01   1.6341881e+01   2.5719040e+01
   1.6616439e+01   1.7278316e+01   2.5193770e+01
   1.6570050e+01   1.7478842e+01   2.3886645e+01
   1.5753590e+01   1.6695409e+01   2.2946128e+01
   1.3081595e+01   1.3381686e+01   2.5030990e+01
   1.5255500e+01   1.6086858e+01   2.2950148e+01
   1.5800785e+01   1.6179384e+01   2.6688192e+01
   1.6249547e+01   1.6930492e+01   2.4719465e+01
   1.3244945e+01   1.3670394e+01   2.3727932e+01
   1.7198592e+01   1.8265969e+01   2.3880282e+01
   1.5680764e+01   1.6505492e+01   2.3397373e+01
   1.6422334e+01   1.7304647e+01   2.3857681e+01
   1.4837133e+01   1.5582782e+01   2.2975581e+01
   1.2887118e+01   1.3408313e+01   2.2546697e+01
