   1.6884437e+01   1.7763015e+01   2.4328455e+01
   1.6419455e+01   1.7451573e+01   2.3243252e+01
   1.3059519e+01   1.3617874e+01   2.2429254e+01
   1.5310739e+01   1.6635573e+01   2.1205788e+01
   1.4714856e+01   1.8393718e+01   1.7208330e+01
   1.8046675e+01   1.9053882e+01   2.4940874e+01
   1.4634594e+01   1.9029546e+01   1.6650580e+01
   1.8654145e+01   1.9844204e+01   2.4902538e+01
   1.6708900e+01   1.7934205e+01   2.2871886e+01
   1.7594886e+01   1.8216767e+01   2.6407877e+01
   1.6750411e+01   1.7318396e+01   2.5945580e+01
   1.6003258e+01   1.6929100e+01   2.3257631e+01
   1.7928648e+01   1.8763551e+01   2.5558249e+01
   1.7293102e+01   1.8408970e+01   2.3803011e+01
   1.3590454e+01   1.3840096e+01   2.6295123e+01
   1.6574435e+01   1.7873332e+01   2.2520101e+01
   1.3537885e+01   1.6534756e+01   1.6657052e+01
   1.7625866e+01   1.9262076e+01   2.2708938e+01
   1.3131931e+01   1.3591177e+01   2.3302849e+01
   1.6036112e+01   1.6411473e+01   2.6953900e+01
   1.6380546e+01   1.6943519e+01   2.5618871e+01
   1.6858243e+01   1.7574634e+01   2.5113118e+01
   1.7834291e+01   1.9377062e+01   2.3127534e+01
   1.7344553e+01   1.8250139e+01   2.4662523e+01
   1.7028366e+01   1.7603959e+01   2.6164434e+01
   1.6950115e+01   1.7461399e+01   2.6571697e+01
   1.5913595e+01   1.7648781e+01   2.0810718e+01
   1.5610747e+01   1.6588329e+01   2.2660924e+01
   1.6647013e+01   1.7885445e+01   2.2770748e+01
   1.6809134e+01   1.7766691e+01   2.3917347e+01
   1.3402714e+01   1.3830970e+01   2.3852028e+01
   1.6821487e+01   1.7466218e+01   2.5501067e+01
   1.6601539e+01   1.7501051e+01   2.3957840e+01
   1.5576518e+01   1.6776913e+01   2.1837777e+01
   1.6271550e+01   1.6978963e+01   2.4587780e+01
   1.3326106e+01   1.3860085e+01   2.2867945e+01
   1.5574958e+01   1.6698677e+01   2.2087876e+01
   1.3186471e+01   1.3881833e+01   2.1659373e+01
   1.5900804e+01   1.6647012e+01   2.4010795e+01
   1.3322203e+01   1.3718557e+01   2.4096545e+01
   1.4579271e+01   1.5835916e+01   2.0690008e+01
   1.2839683e+01   1.3633641e+01   2.0794633e+01
   1.4728288e+01   1.5481674e+01   2.2828414e+01
   1.3224235e+01   1.3727511e+01   2.3013525e+01
   1.3223404e+01   1.3684076e+01   2.3377708e+01
   1.3277322e+01   1.3836149e+01   2.2634737e+01
   1.6018737e+01   1.6752179e+01   2.4195270e+01
   1.3075777e+01   1.3379043e+01   2.4981158e+01
   1.6664285e+01   1.7990327e+01   2.2531164e+01
   1.7197460e+01   1.7876484e+01   2.5661785e+01
   1.7703458e+01   1.8422520e+01   2.5930217e+01
   1.7666380e+01   1.8463986e+01   2.5480457e+01
   1.7226782e+01   1.8286128e+01   2.3937128e+01
   1.7053481e+01   1.7577851e+01   2.6569697e+01
   1.7911949e+01   1.8912297e+01   2.4834294e+01
   1.6246523e+01   1.6698885e+01   2.6385613e+01
   1.2556359e+01   1.3214750e+01   2.1276774e+01
   1.6411435e+01   1.7221605e+01   2.4183875e+01
   1.6561165e+01   1.7304503e+01   2.4673559e+01
   1.7364335e+01   1.8092988e+01   2.5543062e+01
   1.6908290e+01   1.7872456e+01   2.3988092e+01
   1.8018247e+01   1.8861476e+01   2.5607512e+01
   1.7018397e+01   1.7922435e+01   2.4348065e+01
   1.7618212e+01   1.8318629e+01   2.5951490e+01
   1.7895770e+01   1.8945401e+01   2.4632513e+01
   1.7117597e+01   1.8143299e+01   2.3954081e+01
   1.3527072e+01   1.3834453e+01   2.5356929e+01
   1.7567820e+01   1.8902643e+01   2.3397314e+01
   1.6748908e+01   1.7755317e+01   2.3664714e+01
   1.7766744e+01   1.8653245e+01   2.5162322e+01
   1.5342784e+01   1.6446100e+01   2.1930955e+01
   1.6583543e+01   1.7583117e+01   2.3528552e+01
   1.7184785e+01   1.7848381e+01   2.5741860e+01
   1.7343114e+01   1.8662579e+01   2.3218712e+01
   1.3148206e+01   1.3573949e+01   2.3632355e+01
   1.6642887e+01   1.7921072e+01   2.2647756e+01
   1.6157533e+01   1.6688813e+01   2.5637179e+01
   1.6876542e+01   1.7572448e+01   2.5247480e+01
   1.6833948e+01   1.7830885e+01   2.3785033e+01
   1.6066660e+01   1.7058264e+01   2.3052161e+01
   1.3397677e+01   1.3729416e+01   2.4912583e+01
   1.5733677e+01   1.6744155e+01   2.2652652e+01
   1.6353856e+01   1.6840904e+01   2.6186193e+01
   1.6973358e+01   1.7775785e+01   2.4774063e+01
   1.3476171e+01   1.3926307e+01   2.3716085e+01
   1.7435774e+01   1.8608274e+01   2.3754982e+01
   1.6059565e+01   1.7070008e+01   2.2972164e+01
   1.6657213e+01   1.7588294e+01   2.3877432e+01
   1.5170532e+01   1.6023408e+01   2.2766147e+01
   1.3136484e+01   1.3700100e+01   2.2464670e+01
