   1.7522479e+01   1.8519250e+01   2.4463871e+01
   1.7311144e+01   1.8735381e+01   2.2903562e+01
   1.3612239e+01   1.4258274e+01   2.2366473e+01
   1.5801995e+01   1.7405236e+01   2.0985062e+01
   1.5024835e+01   1.9135241e+01   1.7210807e+01
   1.9145976e+01   2.0639412e+01   2.4544616e+01
   1.4845357e+01   1.9688351e+01   1.6617230e+01
   1.9424843e+01   2.0979824e+01   2.4674272e+01
   1.7439487e+01   1.8879471e+01   2.2989722e+01
   1.8161687e+01   1.8873453e+01   2.6423114e+01
   1.7342115e+01   1.8007862e+01   2.5883653e+01
   1.6473380e+01   1.7485353e+01   2.3372503e+01
   1.8639168e+01   1.9683081e+01   2.5388344e+01
   1.8302886e+01   1.9937800e+01   2.3381459e+01
   1.4154799e+01   1.4451384e+01   2.6111697e+01
   1.7286643e+01   1.9092402e+01   2.2022726e+01
   1.3779113e+01   1.7096389e+01   1.6586644e+01
   1.8350630e+01   2.0274773e+01   2.2853284e+01
   1.3815731e+01   1.4347901e+01   2.3353163e+01
   1.6943019e+01   1.7473265e+01   2.6415538e+01
   1.6850294e+01   1.7524553e+01   2.5348761e+01
   1.7675872e+01   1.8563780e+01   2.5066461e+01
   1.8565991e+01   2.0457430e+01   2.3126274e+01
   1.7992044e+01   1.9255813e+01   2.4021027e+01
   1.8212671e+01   1.9097558e+01   2.5609701e+01
   1.7681883e+01   1.8350590e+01   2.6200466e+01
   1.6557070e+01   1.8664225e+01   2.0767682e+01
   1.6067291e+01   1.7227251e+01   2.2449250e+01
   1.7365492e+01   1.8879753e+01   2.2732330e+01
   1.7580154e+01   1.8610729e+01   2.4391695e+01
   1.3971831e+01   1.4486890e+01   2.3637956e+01
   1.7719867e+01   1.8570089e+01   2.5280511e+01
   1.7537858e+01   1.8703225e+01   2.3878889e+01
   1.6257544e+01   1.7780087e+01   2.1620556e+01
   1.6817765e+01   1.7701521e+01   2.4239783e+01
   1.4030644e+01   1.4645229e+01   2.2972861e+01
   1.6162708e+01   1.7660646e+01   2.1586868e+01
   1.3769870e+01   1.4620141e+01   2.1417704e+01
   1.6681382e+01   1.7769115e+01   2.3298511e+01
   1.3910250e+01   1.4367809e+01   2.4066415e+01
   1.5069226e+01   1.6655889e+01   2.0304225e+01
   1.3458238e+01   1.4451407e+01   2.0506074e+01
   1.5183584e+01   1.6093533e+01   2.2523767e+01
   1.3893223e+01   1.4438408e+01   2.3328919e+01
   1.3722292e+01   1.4285590e+01   2.3030307e+01
   1.3894274e+01   1.4563118e+01   2.2498276e+01
   1.6685989e+01   1.7617305e+01   2.3904732e+01
   1.3652407e+01   1.4000304e+01   2.4958068e+01
   1.7235866e+01   1.8954328e+01   2.2148149e+01
   1.7671662e+01   1.8492104e+01   2.5373818e+01
   1.8625803e+01   1.9660581e+01   2.5409004e+01
   1.8342954e+01   1.9254734e+01   2.5621070e+01
   1.8102319e+01   1.9525239e+01   2.3688588e+01
   1.7649884e+01   1.8316209e+01   2.6183302e+01
   1.8610274e+01   1.9837446e+01   2.4743066e+01
   1.6847603e+01   1.7437303e+01   2.5888304e+01
   1.2974592e+01   1.3729727e+01   2.1124497e+01
   1.6956023e+01   1.7973410e+01   2.3826478e+01
   1.7324209e+01   1.8262336e+01   2.4504378e+01
   1.7960743e+01   1.8773554e+01   2.5695979e+01
   1.7585755e+01   1.8842644e+01   2.3640253e+01
   1.8466880e+01   1.9460369e+01   2.5409273e+01
   1.7637528e+01   1.8743150e+01   2.4178015e+01
   1.8564846e+01   1.9532522e+01   2.5608343e+01
   1.8689853e+01   1.9991217e+01   2.4601455e+01
   1.7947463e+01   1.9398383e+01   2.3463753e+01
   1.4014055e+01   1.4386819e+01   2.5017955e+01
   1.8160283e+01   1.9834924e+01   2.3154236e+01
   1.7489458e+01   1.8745162e+01   2.3548755e+01
   1.8506031e+01   1.9621189e+01   2.5003295e+01
   1.6172862e+01   1.7579398e+01   2.1828675e+01
   1.7395951e+01   1.8618500e+01   2.3557362e+01
   1.7937707e+01   1.8683472e+01   2.6015489e+01
   1.8492374e+01   2.0348923e+01   2.3118302e+01
   1.3846587e+01   1.4445429e+01   2.2900597e+01
   1.7576698e+01   1.9264834e+01   2.2548365e+01
   1.7003973e+01   1.7729894e+01   2.5203469e+01
   1.8108922e+01   1.9152436e+01   2.4865571e+01
   1.7486153e+01   1.8669353e+01   2.3770192e+01
   1.7153339e+01   1.8462647e+01   2.3060423e+01
   1.3977009e+01   1.4395212e+01   2.4503460e+01
   1.6664260e+01   1.8056754e+01   2.2349240e+01
   1.7121218e+01   1.7708875e+01   2.6171322e+01
   1.7593208e+01   1.8515205e+01   2.4837305e+01
   1.3880704e+01   1.4394495e+01   2.3560120e+01
   1.7983813e+01   1.9401624e+01   2.3584670e+01
   1.6775200e+01   1.7965705e+01   2.3046222e+01
   1.7203078e+01   1.8233401e+01   2.4020912e+01
   1.5986504e+01   1.7121645e+01   2.2452516e+01
   1.3606119e+01   1.4245817e+01   2.2400520e+01
