   4.3134053e+00   4.3426198e+00   2.7410442e+01
   5.5033322e+00   5.5396778e+00   2.7364459e+01
   3.3975434e+00   3.4241742e+00   2.7162143e+01
   5.4669625e+00   5.4959987e+00   2.8309136e+01
   5.9144714e+00   6.2366713e+00   1.8297902e+01
   5.9311876e+00   6.0262242e+00   2.3545531e+01
   4.9691437e+00   5.2492953e+00   1.8147088e+01
   6.0417402e+00   6.1465443e+00   2.3212299e+01
   5.2718431e+00   5.3403696e+00   2.4439254e+01
   5.5921220e+00   5.6314338e+00   2.7094151e+01
   4.5607392e+00   4.5825234e+00   2.8865396e+01
   5.5116855e+00   5.5327334e+00   2.9739129e+01
   4.7706530e+00   4.8007532e+00   2.7619867e+01
   5.7745156e+00   5.8025482e+00   2.8703330e+01
   4.0213334e+00   4.0366787e+00   2.9992070e+01
   5.7956065e+00   5.8211798e+00   2.9118087e+01
   4.2977489e+00   4.5213188e+00   1.8605985e+01
   5.8656103e+00   5.9664182e+00   2.3238805e+01
   3.5708823e+00   3.5951331e+00   2.7688174e+01
   4.3499874e+00   4.3661082e+00   3.0016294e+01
   6.1378062e+00   6.1578464e+00   3.0448635e+01
   4.2876841e+00   4.3112703e+00   2.8319766e+01
   5.3563924e+00   5.3838828e+00   2.8460290e+01
   4.5419713e+00   4.5644476e+00   2.8715819e+01
   5.3359555e+00   5.3520189e+00   3.0774773e+01
   4.3413181e+00   4.3553276e+00   3.0619090e+01
   4.7007626e+00   4.7272169e+00   2.8127297e+01
   4.4959026e+00   4.5214167e+00   2.8131890e+01
   4.6842402e+00   4.7386732e+00   2.4988187e+01
   4.3928074e+00   4.4258002e+00   2.6941296e+01
   3.9894161e+00   4.0051653e+00   2.9856467e+01
   4.3995269e+00   4.4114239e+00   3.1371104e+01
   4.6248808e+00   4.6524116e+00   2.7897689e+01
   4.3545891e+00   4.3838874e+00   2.7428159e+01
   6.1202492e+00   6.1524933e+00   2.8372748e+01
   3.4190208e+00   3.4546307e+00   2.5916742e+01
   5.0801235e+00   5.1098075e+00   2.7914758e+01
   3.5059802e+00   3.5352445e+00   2.6827952e+01
   5.4041284e+00   5.4246101e+00   2.9773574e+01
   3.5654510e+00   3.5882486e+00   2.7952473e+01
   4.5889126e+00   4.6253108e+00   2.6660467e+01
   3.5285120e+00   3.5548896e+00   2.7294041e+01
   4.5592327e+00   4.5842247e+00   2.8268440e+01
   3.3457467e+00   3.3672936e+00   2.8045662e+01
   4.0331578e+00   4.0487151e+00   2.9941006e+01
   3.5961589e+00   3.6147303e+00   2.8863470e+01
   4.6318990e+00   4.6543320e+00   2.8790989e+01
   3.6340161e+00   3.6535869e+00   2.8662455e+01
   5.1698937e+00   5.1939857e+00   2.8888540e+01
   6.2805778e+00   6.3024039e+00   3.0193739e+01
   5.3332378e+00   5.3540810e+00   2.9642697e+01
   6.3028964e+00   6.3230601e+00   3.0555385e+01
   4.7093191e+00   4.7363949e+00   2.8032998e+01
   6.2777609e+00   6.2963814e+00   3.0880319e+01
   4.7849790e+00   4.8075456e+00   2.8879773e+01
   6.2529866e+00   6.2719068e+00   3.0791015e+01
   3.8648478e+00   3.8958475e+00   2.6829920e+01
   6.1487448e+00   6.1685740e+00   3.0503350e+01
   4.6200365e+00   4.6522748e+00   2.7209702e+01
   6.2489393e+00   6.2739026e+00   2.9585836e+01
   5.2838036e+00   5.3141772e+00   2.7971739e+01
   5.2106560e+00   5.2368551e+00   2.8556317e+01
   4.6489566e+00   4.6761557e+00   2.7968192e+01
   5.2209922e+00   5.2372294e+00   3.0639327e+01
   4.8137051e+00   4.8416476e+00   2.7974741e+01
   5.2499510e+00   5.2709942e+00   2.9536929e+01
   3.9906652e+00   4.0064292e+00   2.9853301e+01
   5.2754833e+00   5.2934660e+00   3.0238369e+01
   4.6030112e+00   4.6336403e+00   2.7419010e+01
   5.2071039e+00   5.2318360e+00   2.8803432e+01
   4.5829386e+00   4.6319879e+00   2.5363563e+01
   5.2532240e+00   5.2725004e+00   2.9919835e+01
   4.7719443e+00   4.7871054e+00   3.0595482e+01
   5.3100215e+00   5.3296640e+00   2.9882061e+01
   3.9617167e+00   3.9726806e+00   3.1408591e+01
   5.2827533e+00   5.2957782e+00   3.1643409e+01
   4.6032352e+00   4.6222507e+00   2.9486604e+01
   5.3850490e+00   5.4004679e+00   3.0990469e+01
   4.8348650e+00   4.8605801e+00   2.8350897e+01
   4.7006593e+00   4.7305233e+00   2.7601550e+01
   3.9292456e+00   3.9440355e+00   3.0086243e+01
   4.5840607e+00   4.6055545e+00   2.8940928e+01
   4.6365636e+00   4.6516723e+00   3.0509262e+01
   4.7253749e+00   4.7448356e+00   2.9477362e+01
   4.2250574e+00   4.2401345e+00   3.0215619e+01
   5.0207045e+00   5.0353656e+00   3.0929049e+01
   4.5557276e+00   4.5724254e+00   3.0015271e+01
   4.7402376e+00   4.7551524e+00   3.0642764e+01
   4.4628889e+00   4.4786124e+00   3.0207519e+01
   3.9521701e+00   3.9651700e+00   3.0662463e+01
