   2.6475716e+00   2.6630993e+00   2.9001853e+01
   3.4549902e+00   3.4741217e+00   2.8636664e+01
   2.2464249e+00   2.2600848e+00   2.9302273e+01
   3.4863276e+00   3.4996061e+00   3.0243156e+01
   3.7832028e+00   3.9730626e+00   1.8934393e+01
   3.8643157e+00   3.9506285e+00   2.2394015e+01
   2.9555318e+00   3.1239096e+00   1.8877816e+01
   3.9602765e+00   4.0569823e+00   2.1971116e+01
   3.6937776e+00   3.7380139e+00   2.5167558e+01
   3.6001601e+00   3.6293703e+00   2.6901451e+01
   2.9347105e+00   2.9459280e+00   3.0601683e+01
   3.5829286e+00   3.5946030e+00   3.0869005e+01
   3.0664895e+00   3.0796703e+00   2.9989411e+01
   3.6011717e+00   3.6119338e+00   3.1234937e+01
   2.5017026e+00   2.5094939e+00   3.1901660e+01
   3.6213371e+00   3.6309236e+00   3.1751096e+01
   2.7253714e+00   2.8719281e+00   1.9323757e+01
   3.8102853e+00   3.8980913e+00   2.2281378e+01
   2.2970298e+00   2.3083754e+00   3.0139981e+01
   2.6367901e+00   2.6454240e+00   3.1542836e+01
   4.0120425e+00   4.0225903e+00   3.1612517e+01
   2.6350930e+00   2.6477668e+00   2.9875326e+01
   3.3989768e+00   3.4107547e+00   3.0703518e+01
   2.8214355e+00   2.8331471e+00   3.0339734e+01
   3.7628291e+00   3.7717538e+00   3.2160855e+01
   2.6838132e+00   2.6909139e+00   3.2422204e+01
   3.0949473e+00   3.1064957e+00   3.0582414e+01
   2.7840438e+00   2.7959608e+00   3.0239720e+01
   2.9394937e+00   2.9714424e+00   2.6062669e+01
   2.6670250e+00   2.6888062e+00   2.7545684e+01
   2.4312578e+00   2.4380515e+00   3.2451555e+01
   2.6506640e+00   2.6566753e+00   3.3123905e+01
   3.0011718e+00   3.0135584e+00   3.0215523e+01
   2.6972143e+00   2.7098152e+00   2.9940739e+01
   4.0435029e+00   4.0588003e+00   3.0021570e+01
   2.2258435e+00   2.2448814e+00   2.7848342e+01
   3.2152967e+00   3.2302235e+00   2.9549770e+01
   2.3291220e+00   2.3437239e+00   2.9064846e+01
   3.8725447e+00   3.8830365e+00   3.1536149e+01
   2.3932424e+00   2.4077306e+00   2.9139395e+01
   2.9861587e+00   3.0007094e+00   2.9506543e+01
   2.3045084e+00   2.3177302e+00   2.9480286e+01
   2.8137164e+00   2.8235532e+00   3.1092004e+01
   2.0968748e+00   2.1075686e+00   3.0271895e+01
   2.5457359e+00   2.5540334e+00   3.1656679e+01
   2.3671153e+00   2.3760981e+00   3.1198101e+01
   3.0839203e+00   3.0959261e+00   3.0406401e+01
   2.4211339e+00   2.4319972e+00   3.0407158e+01
   3.1693670e+00   3.1816376e+00   3.0369212e+01
   4.0181598e+00   4.0267652e+00   3.2500378e+01
   3.7607597e+00   3.7733152e+00   3.0677686e+01
   4.1541909e+00   4.1644198e+00   3.1848104e+01
   3.0376658e+00   3.0509069e+00   2.9950311e+01
   4.0725154e+00   4.0809594e+00   3.2621598e+01
   3.0074897e+00   3.0184285e+00   3.0759322e+01
   4.0388572e+00   4.0472291e+00   3.2634622e+01
   2.3444028e+00   2.3583109e+00   2.9285815e+01
   4.0058117e+00   4.0137401e+00   3.2847220e+01
   3.0009290e+00   3.0141687e+00   2.9926249e+01
   4.1127872e+00   4.1231309e+00   3.1769753e+01
   3.7403396e+00   3.7546584e+00   3.0092964e+01
   3.2427331e+00   3.2567284e+00   2.9848078e+01
   3.0632309e+00   3.0742436e+00   3.0767370e+01
   3.2462918e+00   3.2539825e+00   3.2449476e+01
   3.0945207e+00   3.1051854e+00   3.0927720e+01
   3.3459787e+00   3.3549204e+00   3.1863127e+01
   2.5072874e+00   2.5152277e+00   3.1822990e+01
   3.3153043e+00   3.3241804e+00   3.1874150e+01
   2.9438064e+00   2.9550921e+00   3.0581379e+01
   3.2584736e+00   3.2695539e+00   3.0872518e+01
   2.9365123e+00   2.9665796e+00   2.6323972e+01
   3.6973050e+00   3.7081687e+00   3.1261303e+01
   3.0325468e+00   3.0386428e+00   3.3314491e+01
   3.7827831e+00   3.7922366e+00   3.1925024e+01
   2.4453467e+00   2.4516106e+00   3.2813082e+01
   3.7326886e+00   3.7391619e+00   3.3533817e+01
   2.9596165e+00   2.9693271e+00   3.1244444e+01
   3.8067974e+00   3.8150448e+00   3.2534473e+01
   3.0526563e+00   3.0645493e+00   3.0426430e+01
   3.0539126e+00   3.0672845e+00   2.9918539e+01
   2.4046230e+00   2.4123025e+00   3.1902528e+01
   2.9719861e+00   2.9819182e+00   3.1154808e+01
   2.9832377e+00   2.9907266e+00   3.2388139e+01
   3.0919915e+00   3.1010795e+00   3.1620570e+01
   2.7437185e+00   2.7508194e+00   3.2461149e+01
   3.3422301e+00   3.3487740e+00   3.3215999e+01
   2.9431736e+00   2.9513464e+00   3.1982019e+01
   3.0014955e+00   3.0085684e+00   3.2648404e+01
   2.9072983e+00   2.9142896e+00   3.2636224e+01
   2.4246928e+00   2.4316417e+00   3.2349339e+01
