   1.7916692e+01   1.9102479e+01   2.4186953e+01
   1.7902697e+01   1.9705393e+01   2.2637759e+01
   1.3888971e+01   1.4591649e+01   2.2294170e+01
   1.6176088e+01   1.8295532e+01   2.0372253e+01
   1.5122498e+01   1.9389232e+01   1.7209177e+01
   1.9564004e+01   2.1294101e+01   2.4429631e+01
   1.5004906e+01   2.0312796e+01   1.6560686e+01
   1.9842464e+01   2.1528240e+01   2.4798404e+01
   1.7821120e+01   1.9395736e+01   2.3040390e+01
   1.9063748e+01   2.0098191e+01   2.5843740e+01
   1.7991342e+01   1.8785345e+01   2.5818986e+01
   1.7159972e+01   1.8406187e+01   2.3252340e+01
   1.9129036e+01   2.0254736e+01   2.5584116e+01
   1.8582882e+01   2.0331048e+01   2.3419758e+01
   1.4401447e+01   1.4731345e+01   2.5903099e+01
   1.7517253e+01   1.9453136e+01   2.2007331e+01
   1.4061192e+01   1.7766792e+01   1.6544326e+01
   1.8740380e+01   2.0892556e+01   2.2856404e+01
   1.4087715e+01   1.4654875e+01   2.3355196e+01
   1.7417800e+01   1.7999068e+01   2.6507582e+01
   1.7177062e+01   1.7973976e+01   2.5001857e+01
   1.8045265e+01   1.9061838e+01   2.4903671e+01
   1.8761906e+01   2.0760580e+01   2.3129709e+01
   1.8280070e+01   1.9679881e+01   2.3924843e+01
   1.8726494e+01   1.9763919e+01   2.5498777e+01
   1.8131140e+01   1.8853277e+01   2.6335043e+01
   1.6842593e+01   1.9152312e+01   2.0741113e+01
   1.6274701e+01   1.7497714e+01   2.2451993e+01
   1.7789647e+01   1.9495860e+01   2.2720872e+01
   1.8007086e+01   1.9203756e+01   2.4241648e+01
   1.4276801e+01   1.4855700e+01   2.3454556e+01
   1.8075183e+01   1.9009647e+01   2.5260472e+01
   1.8001476e+01   1.9398020e+01   2.3657953e+01
   1.6458637e+01   1.8054637e+01   2.1647184e+01
   1.7053914e+01   1.8055763e+01   2.3982460e+01
   1.4354060e+01   1.5005970e+01   2.3046932e+01
   1.6365705e+01   1.8067430e+01   2.1325016e+01
   1.4047361e+01   1.4970733e+01   2.1361052e+01
   1.6831334e+01   1.7982796e+01   2.3228259e+01
   1.4262621e+01   1.4768572e+01   2.3992391e+01
   1.5280783e+01   1.7049319e+01   2.0121631e+01
   1.3947106e+01   1.5058595e+01   2.0543221e+01
   1.5368815e+01   1.6356503e+01   2.2384295e+01
   1.4246904e+01   1.4842474e+01   2.3309924e+01
   1.4191404e+01   1.4885390e+01   2.2636885e+01
   1.4196354e+01   1.4930820e+01   2.2413886e+01
   1.7055647e+01   1.8212916e+01   2.3429990e+01
   1.3954269e+01   1.4319931e+01   2.5040579e+01
   1.7553046e+01   1.9601894e+01   2.1847357e+01
   1.7894008e+01   1.8844617e+01   2.5014770e+01
   1.8927021e+01   2.0074010e+01   2.5312641e+01
   1.8663009e+01   1.9813701e+01   2.5039009e+01
   1.8482475e+01   2.0183897e+01   2.3416602e+01
   1.8005368e+01   1.8740710e+01   2.6138457e+01
   1.8955448e+01   2.0337350e+01   2.4641160e+01
   1.7024194e+01   1.7660837e+01   2.5751301e+01
   1.3173257e+01   1.3975960e+01   2.1071188e+01
   1.7142042e+01   1.8288521e+01   2.3550797e+01
   1.7711588e+01   1.8812619e+01   2.4267041e+01
   1.8271290e+01   1.9132568e+01   2.5773933e+01
   1.7888295e+01   1.9221392e+01   2.3718681e+01
   1.8866373e+01   1.9919041e+01   2.5581034e+01
   1.8122695e+01   1.9441534e+01   2.3990475e+01
   1.8941742e+01   1.9997199e+01   2.5645468e+01
   1.8930707e+01   2.0310382e+01   2.4622621e+01
   1.8301669e+01   2.0036972e+01   2.3167408e+01
   1.4536966e+01   1.5048486e+01   2.4213170e+01
   1.8656801e+01   2.0716812e+01   2.2921984e+01
   1.8050698e+01   1.9503419e+01   2.3561270e+01
   1.8863427e+01   2.0124691e+01   2.4890588e+01
   1.6350378e+01   1.7825488e+01   2.1827746e+01
   1.7937465e+01   1.9353054e+01   2.3544637e+01
   1.8190704e+01   1.8993028e+01   2.5974457e+01
   1.8922905e+01   2.1088129e+01   2.3017120e+01
   1.4159514e+01   1.4825166e+01   2.2774137e+01
   1.7833594e+01   1.9628236e+01   2.2585177e+01
   1.7341153e+01   1.8129124e+01   2.5208231e+01
   1.8486510e+01   1.9641382e+01   2.4850575e+01
   1.7873007e+01   1.9270630e+01   2.3528109e+01
   1.7694244e+01   1.9343992e+01   2.2746924e+01
   1.4304775e+01   1.4770971e+01   2.4370357e+01
   1.7036144e+01   1.8695139e+01   2.2076920e+01
   1.7745859e+01   1.8493397e+01   2.5816790e+01
   1.8020777e+01   1.9094792e+01   2.4667631e+01
   1.4146145e+01   1.4704461e+01   2.3475926e+01
   1.8221422e+01   1.9764770e+01   2.3509077e+01
   1.7259884e+01   1.8777811e+01   2.2619264e+01
   1.7569801e+01   1.8705658e+01   2.4008082e+01
   1.6259287e+01   1.7518088e+01   2.2328006e+01
   1.3865573e+01   1.4545157e+01   2.2406224e+01
