   1.5896943e+01   1.6555220e+01   2.4510633e+01
   1.5571701e+01   1.6350563e+01   2.3518035e+01
   1.2057863e+01   1.2503655e+01   2.2402786e+01
   1.4521061e+01   1.5390622e+01   2.2057177e+01
   1.4247259e+01   1.7361640e+01   1.7234921e+01
   1.6951195e+01   1.7757661e+01   2.4732352e+01
   1.4226827e+01   1.7891924e+01   1.6738242e+01
   1.6355212e+01   1.6927425e+01   2.5527675e+01
   1.5722246e+01   1.6638547e+01   2.3022973e+01
   1.6014314e+01   1.6361224e+01   2.7261534e+01
   1.5218986e+01   1.5596822e+01   2.6129427e+01
   1.5011851e+01   1.5571274e+01   2.4307767e+01
   1.6951194e+01   1.7623408e+01   2.5460154e+01
   1.6453951e+01   1.7316497e+01   2.3977936e+01
   1.2892922e+01   1.3098960e+01   2.6441622e+01
   1.5820631e+01   1.6850956e+01   2.2662476e+01
   1.2760612e+01   1.5083874e+01   1.6720104e+01
   1.5908655e+01   1.6830349e+01   2.3182512e+01
   1.2149110e+01   1.2518887e+01   2.3267730e+01
   1.5083270e+01   1.5385307e+01   2.6934551e+01
   1.5522664e+01   1.5905855e+01   2.6366613e+01
   1.5908411e+01   1.6460493e+01   2.5236364e+01
   1.6814396e+01   1.7916734e+01   2.3378211e+01
   1.5990214e+01   1.6559362e+01   2.5192135e+01
   1.6039561e+01   1.6454490e+01   2.6540635e+01
   1.5631620e+01   1.5959498e+01   2.7123986e+01
   1.4651468e+01   1.5887093e+01   2.0824164e+01
   1.4549139e+01   1.5222890e+01   2.3103050e+01
   1.5753383e+01   1.6717137e+01   2.2856050e+01
   1.5467557e+01   1.6072640e+01   2.4432251e+01
   1.2618407e+01   1.2941180e+01   2.4282877e+01
   1.5787156e+01   1.6254996e+01   2.5797519e+01
   1.5117856e+01   1.5695770e+01   2.4278282e+01
   1.4866225e+01   1.5853200e+01   2.1896549e+01
   1.5447968e+01   1.5956732e+01   2.5121356e+01
   1.2246705e+01   1.2699464e+01   2.2517494e+01
   1.4951371e+01   1.5898459e+01   2.2140515e+01
   1.2105684e+01   1.2620789e+01   2.1850836e+01
   1.4794418e+01   1.5285672e+01   2.4629241e+01
   1.2199951e+01   1.2511221e+01   2.4038129e+01
   1.3491021e+01   1.4353766e+01   2.1090785e+01
   1.1798983e+01   1.2351120e+01   2.1275160e+01
   1.4181619e+01   1.4799263e+01   2.3098744e+01
   1.2253562e+01   1.2635598e+01   2.3230469e+01
   1.2501840e+01   1.2811041e+01   2.4352546e+01
   1.2048682e+01   1.2398277e+01   2.3407576e+01
   1.4690961e+01   1.5157704e+01   2.4739765e+01
   1.2021719e+01   1.2262739e+01   2.4949541e+01
   1.5982351e+01   1.6970553e+01   2.2982851e+01
   1.6442810e+01   1.6931032e+01   2.6263458e+01
   1.6044928e+01   1.6476796e+01   2.6380069e+01
   1.6804054e+01   1.7389401e+01   2.5875658e+01
   1.5444965e+01   1.6017088e+01   2.4638156e+01
   1.6174642e+01   1.6550152e+01   2.7087739e+01
   1.6972833e+01   1.7782288e+01   2.4738966e+01
   1.5474300e+01   1.5793038e+01   2.7089135e+01
   1.2096723e+01   1.2652245e+01   2.1531987e+01
   1.5779085e+01   1.6419275e+01   2.4507945e+01
   1.5361374e+01   1.5867641e+01   2.5057130e+01
   1.6300906e+01   1.6748218e+01   2.6485240e+01
   1.5778330e+01   1.6422506e+01   2.4482095e+01
   1.6922885e+01   1.7528983e+01   2.5850873e+01
   1.5647252e+01   1.6296483e+01   2.4322384e+01
   1.6651440e+01   1.7237876e+01   2.5718265e+01
   1.6604330e+01   1.7390689e+01   2.4491701e+01
   1.6510420e+01   1.7281364e+01   2.4478274e+01
   1.2804003e+01   1.3045364e+01   2.5685524e+01
   1.6635648e+01   1.7690867e+01   2.3370283e+01
   1.5172806e+01   1.5814658e+01   2.3905652e+01
   1.6713675e+01   1.7378057e+01   2.5274009e+01
   1.4267445e+01   1.5036408e+01   2.2299138e+01
   1.5466120e+01   1.6134724e+01   2.4026774e+01
   1.6105259e+01   1.6648158e+01   2.5497495e+01
   1.5648941e+01   1.6318965e+01   2.4196788e+01
   1.2503445e+01   1.2819650e+01   2.4259910e+01
   1.5313438e+01   1.6075719e+01   2.3351600e+01
   1.5000115e+01   1.5370455e+01   2.6000115e+01
   1.5898792e+01   1.6467348e+01   2.5106954e+01
   1.5817452e+01   1.6562743e+01   2.3934143e+01
   1.4887907e+01   1.5559166e+01   2.3447254e+01
   1.2545561e+01   1.2789895e+01   2.5387811e+01
   1.4504726e+01   1.5139761e+01   2.3299232e+01
   1.5130342e+01   1.5458532e+01   2.6631846e+01
   1.5123645e+01   1.5598285e+01   2.5091049e+01
   1.2644034e+01   1.2983500e+01   2.4095717e+01
   1.6398015e+01   1.7212985e+01   2.4147294e+01
   1.4640882e+01   1.5194423e+01   2.3990438e+01
   1.5598234e+01   1.6267471e+01   2.4151983e+01
   1.4188678e+01   1.4773979e+01   2.3324407e+01
   1.2322740e+01   1.2729476e+01   2.3034932e+01
