   1.8122467e+01   1.9441684e+01   2.3989179e+01
   1.7620718e+01   1.9724573e+01   2.1823977e+01
   1.4101784e+01   1.4928680e+01   2.1849423e+01
   1.5618687e+01   1.7852288e+01   1.9646150e+01
   1.4906551e+01   1.8875111e+01   1.7188188e+01
   1.8568709e+01   2.0081615e+01   2.3925361e+01
   1.5045740e+01   2.0410766e+01   1.6576987e+01
   1.9091335e+01   2.0708074e+01   2.4202840e+01
   1.6137773e+01   1.7341818e+01   2.2376678e+01
   1.7678771e+01   1.8424742e+01   2.5759015e+01
   1.8238829e+01   1.9132383e+01   2.5597297e+01
   1.6626813e+01   1.7936832e+01   2.2539722e+01
   1.8765129e+01   1.9880110e+01   2.5260285e+01
   1.7873539e+01   1.9683311e+01   2.2595114e+01
   1.4433813e+01   1.4923692e+01   2.4290978e+01
   1.6986328e+01   1.8923478e+01   2.1480463e+01
   1.3463103e+01   1.6590196e+01   1.6453868e+01
   1.7872095e+01   1.9766213e+01   2.2434151e+01
   1.4158211e+01   1.4808176e+01   2.2869298e+01
   1.8085235e+01   1.8867285e+01   2.5971900e+01
   1.6929993e+01   1.7776090e+01   2.4521690e+01
   1.8229362e+01   1.9323524e+01   2.4802447e+01
   1.8621735e+01   2.1070471e+01   2.2310959e+01
   1.8397245e+01   1.9912402e+01   2.3750179e+01
   1.6796131e+01   1.7685209e+01   2.4194915e+01
   1.8427018e+01   1.9237644e+01   2.6167127e+01
   1.6980413e+01   1.9440852e+01   2.0669542e+01
   1.6458724e+01   1.7802365e+01   2.2279693e+01
   1.7908795e+01   1.9775864e+01   2.2520666e+01
   1.8385022e+01   1.9755219e+01   2.4107843e+01
   1.4554144e+01   1.5355040e+01   2.2415264e+01
   1.8347178e+01   1.9481834e+01   2.4780022e+01
   1.7095689e+01   1.8448952e+01   2.2880419e+01
   1.6538257e+01   1.8288672e+01   2.1394474e+01
   1.6647681e+01   1.7707926e+01   2.3363809e+01
   1.4313624e+01   1.5007016e+01   2.2758755e+01
   1.6162494e+01   1.7915755e+01   2.1018668e+01
   1.4204690e+01   1.5283287e+01   2.0908879e+01
   1.5377700e+01   1.6517544e+01   2.1840324e+01
   1.4267695e+01   1.4727857e+01   2.4388297e+01
   1.5316648e+01   1.7306118e+01   1.9743960e+01
   1.3904525e+01   1.5127754e+01   2.0135906e+01
   1.5170128e+01   1.6308561e+01   2.1642121e+01
   1.4284965e+01   1.4944466e+01   2.2933152e+01
   1.4371139e+01   1.5357666e+01   2.1416493e+01
   1.4320960e+01   1.5175999e+01   2.1929370e+01
   1.6206763e+01   1.7448818e+01   2.2326884e+01
   1.3976387e+01   1.4393236e+01   2.4516327e+01
   1.7369683e+01   1.9601396e+01   2.1376665e+01
   1.7519240e+01   1.8588425e+01   2.4189882e+01
   1.6630026e+01   1.7504187e+01   2.4098187e+01
   1.7472685e+01   1.8363910e+01   2.4851493e+01
   1.8513779e+01   2.0327438e+01   2.3221473e+01
   1.7767507e+01   1.8554763e+01   2.5632033e+01
   1.8613588e+01   2.0076309e+01   2.4093132e+01
   1.6664015e+01   1.7431754e+01   2.4645691e+01
   1.3307207e+01   1.4272302e+01   2.0472393e+01
   1.6726670e+01   1.8042413e+01   2.2621710e+01
   1.6543817e+01   1.7565608e+01   2.3404335e+01
   1.7513234e+01   1.8369012e+01   2.5051100e+01
   1.6258297e+01   1.7343799e+01   2.2890614e+01
   1.8719891e+01   1.9993652e+01   2.4711457e+01
   1.8566448e+01   2.0113689e+01   2.3841492e+01
   1.8878745e+01   2.0098771e+01   2.5030886e+01
   1.8850723e+01   2.0296994e+01   2.4369525e+01
   1.7948048e+01   1.9801782e+01   2.2584587e+01
   1.4505885e+01   1.5084869e+01   2.3675966e+01
   1.8494853e+01   2.0592447e+01   2.2699874e+01
   1.6913116e+01   1.8206481e+01   2.2869539e+01
   1.8521211e+01   1.9852760e+01   2.4348955e+01
   1.6728284e+01   1.8419889e+01   2.1703564e+01
   1.6244404e+01   1.7525363e+01   2.2247750e+01
   1.7494974e+01   1.8194587e+01   2.5834670e+01
   1.6830190e+01   1.8413825e+01   2.2041392e+01
   1.3883004e+01   1.4547930e+01   2.2511124e+01
   1.6117449e+01   1.7523199e+01   2.1776290e+01
   1.6024988e+01   1.6790954e+01   2.4028078e+01
   1.6565967e+01   1.7492880e+01   2.3805312e+01
   1.7943163e+01   1.9455245e+01   2.3308337e+01
   1.7848617e+01   1.9718126e+01   2.2456554e+01
   1.4556867e+01   1.5256936e+01   2.2956186e+01
   1.7238996e+01   1.9154208e+01   2.1769591e+01
   1.6613831e+01   1.7340713e+01   2.4814797e+01
   1.8167058e+01   1.9264214e+01   2.4730397e+01
   1.4158075e+01   1.4881428e+01   2.2437964e+01
   1.7979173e+01   1.9479591e+01   2.3372210e+01
   1.6423977e+01   1.7918837e+01   2.1851397e+01
   1.7288809e+01   1.8381894e+01   2.3877783e+01
   1.5441142e+01   1.6662305e+01   2.1640198e+01
   1.3864402e+01   1.4685641e+01   2.1646892e+01
