   1.3587770e+01   1.3910408e+01   2.5211789e+01
   1.3556718e+01   1.3953998e+01   2.4312031e+01
   1.0169149e+01   1.0431991e+01   2.2857175e+01
   1.3069173e+01   1.3543620e+01   2.3108128e+01
   1.3071438e+01   1.5210629e+01   1.7301468e+01
   1.4381067e+01   1.4724710e+01   2.5712440e+01
   1.3052384e+01   1.5474699e+01   1.6864332e+01
   1.4533123e+01   1.4965851e+01   2.4899640e+01
   1.3374762e+01   1.3876157e+01   2.3173439e+01
   1.4051586e+01   1.4260703e+01   2.7489514e+01
   1.3096341e+01   1.3314089e+01   2.6400956e+01
   1.2964481e+01   1.3232130e+01   2.5401384e+01
   1.4403081e+01   1.4845413e+01   2.4682762e+01
   1.4194087e+01   1.4538358e+01   2.5524035e+01
   1.1281427e+01   1.1420853e+01   2.6587679e+01
   1.3923854e+01   1.4394689e+01   2.3961371e+01
   1.1239121e+01   1.2699091e+01   1.6910306e+01
   1.3957807e+01   1.4478581e+01   2.3579102e+01
   1.0063028e+01   1.0283040e+01   2.3514893e+01
   1.2827739e+01   1.3009923e+01   2.6903183e+01
   1.3852163e+01   1.4071701e+01   2.7091051e+01
   1.3925212e+01   1.4265337e+01   2.5315297e+01
   1.4696592e+01   1.5294145e+01   2.3732502e+01
   1.3999298e+01   1.4315093e+01   2.5697918e+01
   1.3260258e+01   1.3437830e+01   2.7425300e+01
   1.3602197e+01   1.3792658e+01   2.7454535e+01
   1.2547837e+01   1.3129278e+01   2.1774396e+01
   1.3171421e+01   1.3652614e+01   2.3147817e+01
   1.3747744e+01   1.4346845e+01   2.2803453e+01
   1.3217538e+01   1.3485320e+01   2.5641174e+01
   1.0958355e+01   1.1130428e+01   2.5387316e+01
   1.3275950e+01   1.3452531e+01   2.7464163e+01
   1.2565829e+01   1.2874204e+01   2.4424637e+01
   1.2944065e+01   1.3433503e+01   2.2860007e+01
   1.3956860e+01   1.4253518e+01   2.5919721e+01
   1.0021477e+01   1.0264325e+01   2.3057381e+01
   1.3690914e+01   1.4298908e+01   2.2688688e+01
   1.0276227e+01   1.0579999e+01   2.2343887e+01
   1.2919759e+01   1.3171810e+01   2.5612477e+01
   1.0100451e+01   1.0278259e+01   2.4456722e+01
   1.1695933e+01   1.2174849e+01   2.1763985e+01
   9.8581080e+00   1.0182475e+01   2.1684414e+01
   1.2588280e+01   1.2961839e+01   2.3642187e+01
   1.0065138e+01   1.0261611e+01   2.3998587e+01
   1.0965368e+01   1.1152146e+01   2.5043942e+01
   1.0096923e+01   1.0291666e+01   2.4065363e+01
   1.2420277e+01   1.2668362e+01   2.5204355e+01
   1.0112123e+01   1.0256603e+01   2.5355135e+01
   1.4727111e+01   1.5340932e+01   2.3652980e+01
   1.4883249e+01   1.5209743e+01   2.6413492e+01
   1.3627898e+01   1.3801453e+01   2.7875186e+01
   1.4867030e+01   1.5128086e+01   2.7338753e+01
   1.2985127e+01   1.3233440e+01   2.5738077e+01
   1.4336221e+01   1.4597239e+01   2.6825354e+01
   1.4844034e+01   1.5234460e+01   2.5628453e+01
   1.4134526e+01   1.4331190e+01   2.7830398e+01
   1.0601940e+01   1.0944331e+01   2.2140710e+01
   1.4218182e+01   1.4502006e+01   2.6358019e+01
   1.2641435e+01   1.2950133e+01   2.4492148e+01
   1.4568825e+01   1.4825219e+01   2.7125831e+01
   1.3366112e+01   1.3722776e+01   2.4578968e+01
   1.4505209e+01   1.4832055e+01   2.6042473e+01
   1.2790359e+01   1.3088726e+01   2.4777221e+01
   1.4524987e+01   1.4867683e+01   2.5863291e+01
   1.4464127e+01   1.4940119e+01   2.4438854e+01
   1.4494578e+01   1.4855849e+01   2.5613178e+01
   1.1309507e+01   1.1437897e+01   2.6967293e+01
   1.4439466e+01   1.4992654e+01   2.3797681e+01
   1.2684597e+01   1.3099787e+01   2.3293591e+01
   1.4514057e+01   1.4867119e+01   2.5728072e+01
   1.2366919e+01   1.2801215e+01   2.2804327e+01
   1.2937915e+01   1.3221550e+01   2.5131262e+01
   1.4065972e+01   1.4352876e+01   2.6165659e+01
   1.3334887e+01   1.3627598e+01   2.5378278e+01
   1.1034533e+01   1.1213981e+01   2.5278974e+01
   1.2957215e+01   1.3232730e+01   2.5272188e+01
   1.2620378e+01   1.2808262e+01   2.6574673e+01
   1.3092855e+01   1.3286512e+01   2.6895950e+01
   1.3786475e+01   1.4190796e+01   2.4460033e+01
   1.2546845e+01   1.2918660e+01   2.3622295e+01
   1.1080992e+01   1.1234878e+01   2.5978654e+01
   1.2387204e+01   1.2651598e+01   2.4903718e+01
   1.2723830e+01   1.2920340e+01   2.6481929e+01
   1.2651961e+01   1.2892579e+01   2.5553848e+01
   1.1215961e+01   1.1401959e+01   2.5294988e+01
   1.4204784e+01   1.4648949e+01   2.4473778e+01
   1.2335210e+01   1.2606416e+01   2.4746955e+01
   1.3570515e+01   1.3940147e+01   2.4626019e+01
   1.1949413e+01   1.2196689e+01   2.4772777e+01
   1.0648146e+01   1.0847397e+01   2.4474597e+01
