   1.7363853e+01   1.8330854e+01   2.4425278e+01
   1.7158699e+01   1.8527925e+01   2.2898959e+01
   1.3425588e+01   1.4045718e+01   2.2352785e+01
   1.5689716e+01   1.7234418e+01   2.1009929e+01
   1.4940534e+01   1.8901999e+01   1.7226584e+01
   1.9002260e+01   2.0451164e+01   2.4513005e+01
   1.4778316e+01   1.9439021e+01   1.6644695e+01
   1.9177866e+01   2.0480546e+01   2.5081112e+01
   1.7295680e+01   1.8682895e+01   2.2985668e+01
   1.7957271e+01   1.8656287e+01   2.6293840e+01
   1.7156134e+01   1.7783463e+01   2.5940668e+01
   1.6344336e+01   1.7335073e+01   2.3328038e+01
   1.8404400e+01   1.9330089e+01   2.5622599e+01
   1.7912702e+01   1.9260910e+01   2.3700837e+01
   1.3999851e+01   1.4285386e+01   2.6122034e+01
   1.7057721e+01   1.8743547e+01   2.2040733e+01
   1.3724245e+01   1.6954300e+01   1.6612075e+01
   1.8165882e+01   2.0015050e+01   2.2808852e+01
   1.3604929e+01   1.4115550e+01   2.3319769e+01
   1.6741396e+01   1.7239468e+01   2.6474219e+01
   1.6726068e+01   1.7365235e+01   2.5442375e+01
   1.7525106e+01   1.8371325e+01   2.5107099e+01
   1.8210260e+01   1.9898031e+01   2.3175792e+01
   1.7742225e+01   1.8938125e+01   2.3982465e+01
   1.7721987e+01   1.8474967e+01   2.5764314e+01
   1.7446510e+01   1.8019928e+01   2.6591179e+01
   1.6313007e+01   1.8256642e+01   2.0804740e+01
   1.5921391e+01   1.6998465e+01   2.2590021e+01
   1.7168982e+01   1.8605068e+01   2.2732765e+01
   1.7363446e+01   1.8381336e+01   2.4225884e+01
   1.3776693e+01   1.4250119e+01   2.3796804e+01
   1.7550127e+01   1.8356816e+01   2.5320954e+01
   1.7280455e+01   1.8374103e+01   2.3867571e+01
   1.6051016e+01   1.7490203e+01   2.1624151e+01
   1.6679996e+01   1.7510789e+01   2.4348052e+01
   1.3809414e+01   1.4389804e+01   2.2992273e+01
   1.5944502e+01   1.7318705e+01   2.1690622e+01
   1.3581340e+01   1.4386603e+01   2.1451577e+01
   1.6470479e+01   1.7453968e+01   2.3480458e+01
   1.3734763e+01   1.4168106e+01   2.4122377e+01
   1.4885587e+01   1.6280125e+01   2.0598843e+01
   1.3266394e+01   1.4161386e+01   2.0729333e+01
   1.5022373e+01   1.5837046e+01   2.2803164e+01
   1.3700236e+01   1.4228464e+01   2.3272316e+01
   1.3566545e+01   1.4098837e+01   2.3112111e+01
   1.3701398e+01   1.4324065e+01   2.2601863e+01
   1.6488577e+01   1.7354411e+01   2.3996937e+01
   1.3454772e+01   1.3778403e+01   2.5071156e+01
   1.7130034e+01   1.8805561e+01   2.2134028e+01
   1.7517126e+01   1.8290187e+01   2.5457540e+01
   1.8384737e+01   1.9360035e+01   2.5399767e+01
   1.8187457e+01   1.9058526e+01   2.5646644e+01
   1.7728718e+01   1.8911565e+01   2.4010729e+01
   1.7475945e+01   1.8081317e+01   2.6399767e+01
   1.8387913e+01   1.9508591e+01   2.4867605e+01
   1.6699285e+01   1.7260023e+01   2.5947743e+01
   1.2830272e+01   1.3550003e+01   2.1178971e+01
   1.6822894e+01   1.7804599e+01   2.3833944e+01
   1.7022858e+01   1.7860935e+01   2.4650660e+01
   1.7799811e+01   1.8578058e+01   2.5709636e+01
   1.7257538e+01   1.8386872e+01   2.3722106e+01
   1.8348962e+01   1.9299251e+01   2.5465470e+01
   1.7490996e+01   1.8554725e+01   2.4181701e+01
   1.8139948e+01   1.8957101e+01   2.5851800e+01
   1.8429980e+01   1.9618976e+01   2.4684118e+01
   1.7809500e+01   1.9162597e+01   2.3585399e+01
   1.3858143e+01   1.4216031e+01   2.5037697e+01
   1.8058967e+01   1.9658906e+01   2.3217942e+01
   1.7296552e+01   1.8513523e+01   2.3476606e+01
   1.8183636e+01   1.9159445e+01   2.5198991e+01
   1.6042404e+01   1.7407198e+01   2.1812308e+01
   1.7253919e+01   1.8448249e+01   2.3505650e+01
   1.7811798e+01   1.8534803e+01   2.6015152e+01
   1.8265374e+01   2.0069979e+01   2.2993025e+01
   1.3463134e+01   1.3949635e+01   2.3382598e+01
   1.7327208e+01   1.8819934e+01   2.2746874e+01
   1.6818096e+01   1.7500862e+01   2.5266667e+01
   1.7873561e+01   1.8863182e+01   2.4838193e+01
   1.7246042e+01   1.8361017e+01   2.3759684e+01
   1.6989404e+01   1.8278736e+01   2.2956406e+01
   1.3776321e+01   1.4157859e+01   2.4691759e+01
   1.6518604e+01   1.7889285e+01   2.2264453e+01
   1.6907285e+01   1.7473025e+01   2.6115783e+01
   1.7420712e+01   1.8310658e+01   2.4805909e+01
   1.3732142e+01   1.4236478e+01   2.3493235e+01
   1.7839309e+01   1.9174541e+01   2.3664316e+01
   1.6593867e+01   1.7733344e+01   2.3034525e+01
   1.6990579e+01   1.7984534e+01   2.3950790e+01
   1.5853361e+01   1.6945956e+01   2.2468326e+01
   1.3442728e+01   1.4061608e+01   2.2377473e+01
