   1.6213771e+01   1.6908304e+01   2.4604942e+01
   1.5894962e+01   1.6769798e+01   2.3374036e+01
   1.2553562e+01   1.3040916e+01   2.2504798e+01
   1.4730848e+01   1.5701429e+01   2.1829939e+01
   1.4451690e+01   1.7762155e+01   1.7253340e+01
   1.7480759e+01   1.8387068e+01   2.4793628e+01
   1.4450660e+01   1.8497315e+01   1.6685837e+01
   1.7350913e+01   1.8142277e+01   2.5200779e+01
   1.6000650e+01   1.6962738e+01   2.3105042e+01
   1.6433925e+01   1.6840864e+01   2.7007329e+01
   1.5820396e+01   1.6235355e+01   2.6326141e+01
   1.5328332e+01   1.5953733e+01   2.4162420e+01
   1.7357191e+01   1.8092423e+01   2.5500085e+01
   1.6721573e+01   1.7687416e+01   2.3797667e+01
   1.3116479e+01   1.3333533e+01   2.6433756e+01
   1.6087993e+01   1.7202408e+01   2.2622592e+01
   1.3042426e+01   1.5575205e+01   1.6707978e+01
   1.6260360e+01   1.7338165e+01   2.2919992e+01
   1.2300546e+01   1.2678085e+01   2.3324476e+01
   1.5384077e+01   1.5719886e+01   2.6782640e+01
   1.5822381e+01   1.6254615e+01   2.6159041e+01
   1.6196464e+01   1.6787306e+01   2.5241730e+01
   1.7114284e+01   1.8297196e+01   2.3404447e+01
   1.6714905e+01   1.7553863e+01   2.4343692e+01
   1.6455315e+01   1.6942701e+01   2.6282769e+01
   1.6435081e+01   1.6888177e+01   2.6563621e+01
   1.5341513e+01   1.6745534e+01   2.1019660e+01
   1.5017416e+01   1.5825645e+01   2.2829861e+01
   1.6098723e+01   1.7158265e+01   2.2827150e+01
   1.5789911e+01   1.6439233e+01   2.4461263e+01
   1.2910982e+01   1.3247318e+01   2.4389064e+01
   1.6063305e+01   1.6573287e+01   2.5712655e+01
   1.5604389e+01   1.6261822e+01   2.4229796e+01
   1.5093219e+01   1.6151976e+01   2.1845808e+01
   1.5746187e+01   1.6319815e+01   2.4921563e+01
   1.2700838e+01   1.3190829e+01   2.2622963e+01
   1.5191686e+01   1.6208918e+01   2.2096765e+01
   1.2664830e+01   1.3253346e+01   2.1836646e+01
   1.5046047e+01   1.5575872e+01   2.4563427e+01
   1.2515619e+01   1.2845412e+01   2.4094794e+01
   1.3996727e+01   1.5054751e+01   2.0781433e+01
   1.2137814e+01   1.2727630e+01   2.1325839e+01
   1.4370984e+01   1.5037637e+01   2.2972950e+01
   1.2541876e+01   1.2947268e+01   2.3257010e+01
   1.2689180e+01   1.3043774e+01   2.3956111e+01
   1.2594292e+01   1.3019238e+01   2.3111005e+01
   1.5113121e+01   1.5679578e+01   2.4355327e+01
   1.2299635e+01   1.2556194e+01   2.4947878e+01
   1.6134151e+01   1.7166202e+01   2.2963403e+01
   1.6736112e+01   1.7295603e+01   2.5992970e+01
   1.6811850e+01   1.7377140e+01   2.6025290e+01
   1.7114780e+01   1.7784086e+01   2.5638478e+01
   1.5764268e+01   1.6374000e+01   2.4690972e+01
   1.6464697e+01   1.6874538e+01   2.7007988e+01
   1.7335150e+01   1.8218906e+01   2.4749016e+01
   1.5855667e+01   1.6252939e+01   2.6541468e+01
   1.2290949e+01   1.2884539e+01   2.1445305e+01
   1.6021636e+01   1.6724536e+01   2.4368615e+01
   1.5716815e+01   1.6265508e+01   2.5074247e+01
   1.6633638e+01   1.7136555e+01   2.6328721e+01
   1.6252361e+01   1.7027347e+01   2.4204263e+01
   1.7412540e+01   1.8121368e+01   2.5700994e+01
   1.6077062e+01   1.6810526e+01   2.4252276e+01
   1.6992543e+01   1.7612475e+01   2.5827838e+01
   1.7436796e+01   1.8347425e+01   2.4731667e+01
   1.6753823e+01   1.7640728e+01   2.4162935e+01
   1.3131173e+01   1.3391710e+01   2.5674409e+01
   1.6969769e+01   1.8186105e+01   2.3156507e+01
   1.5969907e+01   1.6823496e+01   2.3544394e+01
   1.7098567e+01   1.7845907e+01   2.5180279e+01
   1.4570154e+01   1.5444426e+01   2.2083573e+01
   1.5748722e+01   1.6480724e+01   2.3938883e+01
   1.6370647e+01   1.6961410e+01   2.5412952e+01
   1.6450330e+01   1.7433679e+01   2.3461214e+01
   1.2796333e+01   1.3176091e+01   2.3771744e+01
   1.5585561e+01   1.6412961e+01   2.3291463e+01
   1.5444324e+01   1.5874834e+01   2.5806669e+01
   1.6229258e+01   1.6853209e+01   2.5052559e+01
   1.6119795e+01   1.6936312e+01   2.3866906e+01
   1.5174174e+01   1.5895795e+01   2.3435063e+01
   1.2745811e+01   1.3005979e+01   2.5312654e+01
   1.4911239e+01   1.5669665e+01   2.2979794e+01
   1.5472775e+01   1.5820489e+01   2.6723324e+01
   1.5706695e+01   1.6240587e+01   2.5176220e+01
   1.2852097e+01   1.3221614e+01   2.3939103e+01
   1.6795108e+01   1.7665853e+01   2.4275848e+01
   1.5123758e+01   1.5791182e+01   2.3700005e+01
   1.5993607e+01   1.6815898e+01   2.3715332e+01
   1.4521282e+01   1.5187729e+01   2.3120006e+01
   1.2606134e+01   1.3086218e+01   2.2616945e+01
