   1.8199109e+01   1.9473896e+01   2.4193138e+01
   1.8314257e+01   2.0497552e+01   2.2385544e+01
   1.4410204e+01   1.5226612e+01   2.2199226e+01
   1.6229472e+01   1.8638535e+01   1.9996844e+01
   1.5256255e+01   1.9717179e+01   1.7227148e+01
   2.0122156e+01   2.2112532e+01   2.4494513e+01
   1.5282539e+01   2.1295399e+01   1.6566619e+01
   2.0355754e+01   2.2359949e+01   2.4702976e+01
   1.8191189e+01   1.9946316e+01   2.3017744e+01
   1.9419191e+01   2.0522521e+01   2.5948307e+01
   1.8567547e+01   1.9499710e+01   2.5756685e+01
   1.7495269e+01   1.9003649e+01   2.2874676e+01
   1.9490442e+01   2.0730182e+01   2.5576667e+01
   1.8844019e+01   2.0796929e+01   2.3290964e+01
   1.4942616e+01   1.5426129e+01   2.4838641e+01
   1.7815845e+01   2.0105437e+01   2.1732907e+01
   1.4205274e+01   1.8156432e+01   1.6508586e+01
   1.9067347e+01   2.1577923e+01   2.2672534e+01
   1.4434261e+01   1.5058758e+01   2.3298723e+01
   1.7864155e+01   1.8563488e+01   2.6200169e+01
   1.7413885e+01   1.8273823e+01   2.4934082e+01
   1.8430539e+01   1.9510479e+01   2.5051514e+01
   1.9025757e+01   2.1605200e+01   2.2544321e+01
   1.8541377e+01   2.0016079e+01   2.3991741e+01
   1.9126919e+01   2.0292348e+01   2.5450012e+01
   1.8608164e+01   1.9429081e+01   2.6296261e+01
   1.7152435e+01   1.9664639e+01   2.0772115e+01
   1.6496912e+01   1.7811638e+01   2.2398488e+01
   1.8256244e+01   2.0232025e+01   2.2668179e+01
   1.8460392e+01   1.9758036e+01   2.4385034e+01
   1.4823535e+01   1.5601229e+01   2.2794303e+01
   1.8480071e+01   1.9555771e+01   2.5115597e+01
   1.8723921e+01   2.0578767e+01   2.3350997e+01
   1.6716385e+01   1.8510595e+01   2.1482527e+01
   1.7264935e+01   1.8390627e+01   2.3741736e+01
   1.4702869e+01   1.5401159e+01   2.3108274e+01
   1.6486860e+01   1.8252015e+01   2.1314070e+01
   1.4341720e+01   1.5366337e+01   2.1240618e+01
   1.7148338e+01   1.8618155e+01   2.2627045e+01
   1.4707452e+01   1.5229197e+01   2.4297327e+01
   1.5474048e+01   1.7407538e+01   1.9997593e+01
   1.4229426e+01   1.5450138e+01   2.0459286e+01
   1.5556204e+01   1.6741584e+01   2.1865695e+01
   1.4624260e+01   1.5263184e+01   2.3390532e+01
   1.4685959e+01   1.5657230e+01   2.1783459e+01
   1.4707550e+01   1.5565837e+01   2.2290062e+01
   1.7700282e+01   1.9337520e+01   2.2780232e+01
   1.4464487e+01   1.4875819e+01   2.5043520e+01
   1.7771924e+01   2.0064199e+01   2.1685523e+01
   1.8155933e+01   1.9238478e+01   2.4770797e+01
   1.9105175e+01   2.0360967e+01   2.5146402e+01
   1.8807550e+01   2.0063708e+01   2.4850491e+01
   1.8924061e+01   2.0840493e+01   2.3435648e+01
   1.8412363e+01   1.9215981e+01   2.6187037e+01
   1.9369429e+01   2.1012101e+01   2.4421508e+01
   1.7191073e+01   1.7888262e+01   2.5549401e+01
   1.3595234e+01   1.4582976e+01   2.0659765e+01
   1.7339629e+01   1.8691210e+01   2.3125641e+01
   1.8262336e+01   1.9556124e+01   2.4200232e+01
   1.8597680e+01   1.9623037e+01   2.5416481e+01
   1.8256821e+01   1.9765313e+01   2.3627272e+01
   1.9345325e+01   2.0659124e+01   2.5215387e+01
   1.8566660e+01   2.0036227e+01   2.4029551e+01
   1.9346467e+01   2.0506544e+01   2.5685055e+01
   1.9396052e+01   2.0997487e+01   2.4539323e+01
   1.8449181e+01   2.0385405e+01   2.2929233e+01
   1.4799782e+01   1.5364350e+01   2.4064174e+01
   1.8876630e+01   2.1095770e+01   2.2888665e+01
   1.8602969e+01   2.0339989e+01   2.3462340e+01
   1.9303604e+01   2.0863356e+01   2.4542905e+01
   1.6859016e+01   1.8687188e+01   2.1557119e+01
   1.8176983e+01   1.9769879e+01   2.3350638e+01
   1.8473773e+01   1.9329252e+01   2.6000634e+01
   1.9518154e+01   2.2213373e+01   2.2894206e+01
   1.4418773e+01   1.5141701e+01   2.2693052e+01
   1.8134276e+01   2.0162194e+01   2.2457827e+01
   1.7856610e+01   1.8850852e+01   2.4803391e+01
   1.9164930e+01   2.0558750e+01   2.4817011e+01
   1.8355953e+01   1.9965165e+01   2.3491012e+01
   1.8048448e+01   1.9926016e+01   2.2639303e+01
   1.4619815e+01   1.5149955e+01   2.4146815e+01
   1.7446752e+01   1.9407176e+01   2.1893994e+01
   1.8337770e+01   1.9238650e+01   2.5663043e+01
   1.8570826e+01   1.9803945e+01   2.4685801e+01
   1.4240697e+01   1.4849489e+01   2.3214592e+01
   1.8531679e+01   2.0210651e+01   2.3512740e+01
   1.7676152e+01   1.9437415e+01   2.2495822e+01
   1.7951076e+01   1.9198568e+01   2.4029284e+01
   1.6711090e+01   1.8241036e+01   2.2049343e+01
   1.4120193e+01   1.4888191e+01   2.2161455e+01
