   1.7791028e+01   1.8926996e+01   2.4226069e+01
   1.7508208e+01   1.9087253e+01   2.2720991e+01
   1.3763296e+01   1.4439215e+01   2.2329287e+01
   1.5884921e+01   1.7574964e+01   2.0876691e+01
   1.5079129e+01   1.9267302e+01   1.7214918e+01
   1.9404695e+01   2.1032986e+01   2.4488057e+01
   1.4960007e+01   2.0079687e+01   1.6599071e+01
   1.9678899e+01   2.1366186e+01   2.4632808e+01
   1.7717612e+01   1.9259127e+01   2.3015163e+01
   1.8590669e+01   1.9393452e+01   2.6367397e+01
   1.7654317e+01   1.8388616e+01   2.5797893e+01
   1.6869842e+01   1.8022392e+01   2.3262566e+01
   1.8882983e+01   1.9951170e+01   2.5541205e+01
   1.8465101e+01   2.0149295e+01   2.3435701e+01
   1.4323717e+01   1.4643785e+01   2.5954766e+01
   1.7435815e+01   1.9302456e+01   2.2053693e+01
   1.3881147e+01   1.7345714e+01   1.6559522e+01
   1.8609931e+01   2.0708706e+01   2.2812060e+01
   1.3960845e+01   1.4508833e+01   2.3373208e+01
   1.7238715e+01   1.7810153e+01   2.6400765e+01
   1.6987607e+01   1.7676208e+01   2.5399064e+01
   1.7876950e+01   1.8852318e+01   2.4897870e+01
   1.8674237e+01   2.0613780e+01   2.3146368e+01
   1.8124819e+01   1.9428651e+01   2.4035320e+01
   1.8476296e+01   1.9491793e+01   2.5333759e+01
   1.7953602e+01   1.8648747e+01   2.6312510e+01
   1.6651620e+01   1.8857673e+01   2.0705871e+01
   1.6196470e+01   1.7391479e+01   2.2462885e+01
   1.7624101e+01   1.9235051e+01   2.2763216e+01
   1.7813157e+01   1.8903618e+01   2.4404275e+01
   1.4124039e+01   1.4657653e+01   2.3639803e+01
   1.7910098e+01   1.8799669e+01   2.5290215e+01
   1.7693463e+01   1.8913469e+01   2.3858836e+01
   1.6364792e+01   1.7922044e+01   2.1643950e+01
   1.6954952e+01   1.7914197e+01   2.4053942e+01
   1.4199355e+01   1.4832980e+01   2.3012260e+01
   1.6257315e+01   1.7806922e+01   2.1556104e+01
   1.3912823e+01   1.4805863e+01   2.1362120e+01
   1.6748330e+01   1.7873779e+01   2.3233783e+01
   1.4075477e+01   1.4576301e+01   2.3853310e+01
   1.5205075e+01   1.6925274e+01   2.0146152e+01
   1.3809694e+01   1.4899014e+01   2.0487603e+01
   1.5245892e+01   1.6179048e+01   2.2485862e+01
   1.4083996e+01   1.4656116e+01   2.3316049e+01
   1.4041379e+01   1.4698890e+01   2.2709558e+01
   1.4064344e+01   1.4764925e+01   2.2475789e+01
   1.6953554e+01   1.8070412e+01   2.3465088e+01
   1.3800652e+01   1.4162887e+01   2.4931876e+01
   1.7429408e+01   1.9283158e+01   2.2071619e+01
   1.7810850e+01   1.8728703e+01   2.5069622e+01
   1.8736181e+01   1.9831397e+01   2.5300048e+01
   1.8522824e+01   1.9626209e+01   2.5060492e+01
   1.8222307e+01   1.9682476e+01   2.3712241e+01
   1.7857230e+01   1.8593179e+01   2.5989005e+01
   1.8852774e+01   2.0203216e+01   2.4624842e+01
   1.6956247e+01   1.7567771e+01   2.5847501e+01
   1.3079206e+01   1.3860002e+01   2.1091210e+01
   1.7072328e+01   1.8197955e+01   2.3552163e+01
   1.7457807e+01   1.8457684e+01   2.4388044e+01
   1.8086104e+01   1.8907546e+01   2.5777924e+01
   1.7665125e+01   1.8946410e+01   2.3646416e+01
   1.8678441e+01   1.9705768e+01   2.5488967e+01
   1.7862927e+01   1.9065608e+01   2.4080259e+01
   1.8766597e+01   1.9790773e+01   2.5588061e+01
   1.8836431e+01   2.0174796e+01   2.4642057e+01
   1.8047422e+01   1.9609144e+01   2.3293977e+01
   1.4178433e+01   1.4583280e+01   2.4832817e+01
   1.8361682e+01   2.0219381e+01   2.2986655e+01
   1.7919453e+01   1.9333162e+01   2.3531737e+01
   1.8659824e+01   1.9843583e+01   2.4928269e+01
   1.6283855e+01   1.7728282e+01   2.1839620e+01
   1.7619422e+01   1.8910480e+01   2.3572814e+01
   1.8115159e+01   1.8896197e+01   2.6006589e+01
   1.8695796e+01   2.0655788e+01   2.3131482e+01
   1.4033074e+01   1.4678602e+01   2.2775953e+01
   1.7732174e+01   1.9447485e+01   2.2645096e+01
   1.7221870e+01   1.7981921e+01   2.5234345e+01
   1.8245918e+01   1.9311878e+01   2.4919029e+01
   1.7597915e+01   1.8826242e+01   2.3738852e+01
   1.7395656e+01   1.8949256e+01   2.2668743e+01
   1.4150672e+01   1.4599805e+01   2.4375436e+01
   1.6824474e+01   1.8370379e+01   2.2123287e+01
   1.7344462e+01   1.7957879e+01   2.6216795e+01
   1.7739055e+01   1.8726522e+01   2.4713896e+01
   1.4038841e+01   1.4579863e+01   2.3500949e+01
   1.8054538e+01   1.9518451e+01   2.3536895e+01
   1.7125253e+01   1.8565403e+01   2.2679227e+01
   1.7406482e+01   1.8515285e+01   2.3939096e+01
   1.6136680e+01   1.7349816e+01   2.2347106e+01
   1.3729888e+01   1.4391193e+01   2.2385362e+01
