   2.1370381e+01   2.7663848e+01   2.2539925e+01
   1.9579807e+01   2.3017548e+01   2.2222617e+01
   1.9440673e+01   2.6610590e+01   2.0375332e+01
   1.4264260e+01   1.7718087e+01   1.6944994e+01
   1.6218365e+01   2.3808322e+01   1.7067556e+01
   2.2964884e+01   2.5589557e+01   2.6410392e+01
   1.6074909e+01   2.5168432e+01   1.6659146e+01
   2.3457558e+01   2.6761721e+01   2.6201769e+01
   2.1078398e+01   2.5510480e+01   2.3031546e+01
   2.1887634e+01   2.3106330e+01   2.8022819e+01
   2.2533415e+01   2.6422470e+01   2.4823079e+01
   1.9289988e+01   2.1576355e+01   2.3199622e+01
   2.1810609e+01   2.5150741e+01   2.4527613e+01
   2.0510072e+01   2.2951362e+01   2.4197291e+01
   2.2816701e+01   2.6395513e+01   2.5334317e+01
   1.7159885e+01   1.9902300e+01   2.0499879e+01
   1.5307856e+01   2.1980597e+01   1.6387385e+01
   2.0770492e+01   2.7249405e+01   2.1885435e+01
   1.9885367e+01   2.3470019e+01   2.2407967e+01
   2.1321620e+01   2.2987494e+01   2.6311159e+01
   1.8766972e+01   2.0414452e+01   2.3813642e+01
   2.1538096e+01   2.5490226e+01   2.3787109e+01
   1.9123337e+01   2.4082758e+01   2.0810049e+01
   2.1537894e+01   2.5381940e+01   2.3861578e+01
   2.1455184e+01   2.3633927e+01   2.5513661e+01
   1.6493057e+01   1.8014627e+01   2.1854639e+01
   1.8836091e+01   2.2974498e+01   2.0973559e+01
   1.7670946e+01   2.1245424e+01   2.0214483e+01
   2.0019415e+01   2.3541697e+01   2.2590946e+01
   2.2036061e+01   2.6462303e+01   2.3990107e+01
   2.0663290e+01   2.6387746e+01   2.2026022e+01
   1.7386806e+01   2.6397949e+01   1.7979498e+01
   2.2730606e+01   2.9076804e+01   2.3882036e+01
   1.7323578e+01   2.1763307e+01   1.9289071e+01
   1.5814309e+01   1.8316977e+01   1.9463049e+01
   2.1122441e+01   2.6319760e+01   2.2695139e+01
   1.4826005e+01   1.7937942e+01   1.7806258e+01
   1.8220322e+01   2.7399099e+01   1.8787418e+01
   1.5740318e+01   1.8068414e+01   1.9627556e+01
   2.1025191e+01   2.5493086e+01   2.2958336e+01
   1.5962571e+01   1.9245722e+01   1.8767516e+01
   1.8686563e+01   2.4716203e+01   1.9947578e+01
   1.4884131e+01   1.7122426e+01   1.8917426e+01
   2.1335845e+01   2.6878272e+01   2.2765988e+01
   1.6607840e+01   2.5342975e+01   1.7244377e+01
   1.7459388e+01   2.4979551e+01   1.8319188e+01
   1.7962175e+01   2.2243662e+01   2.0016178e+01
   1.9151747e+01   2.1938931e+01   2.2424951e+01
   1.9792693e+01   2.3907494e+01   2.1940829e+01
   2.0010083e+01   2.2281035e+01   2.3937564e+01
   2.2081595e+01   2.4136874e+01   2.6334638e+01
   2.0778860e+01   2.2749196e+01   2.5182285e+01
   2.2611420e+01   2.7716874e+01   2.4221729e+01
   2.0224673e+01   2.2043451e+01   2.4909462e+01
   2.1545654e+01   2.5379054e+01   2.3876842e+01
   1.8602400e+01   1.9958532e+01   2.4361283e+01
   1.7946455e+01   2.1870598e+01   2.0230315e+01
   1.6643693e+01   1.9077308e+01   2.0372533e+01
   2.1483066e+01   2.4894372e+01   2.4140327e+01
   2.0377219e+01   2.2136540e+01   2.5178091e+01
   2.0032504e+01   2.2668340e+01   2.3476058e+01
   1.8051439e+01   1.9627366e+01   2.3265147e+01
   2.1282709e+01   2.5319489e+01   2.3476101e+01
   2.1599999e+01   2.4381701e+01   2.4867408e+01
   2.1695663e+01   2.5494760e+01   2.4050888e+01
   1.9632392e+01   2.2344647e+01   2.2987946e+01
   2.1870603e+01   2.4457399e+01   2.5365747e+01
   1.8440542e+01   2.2587996e+01   2.0574368e+01
   2.2430081e+01   2.7322651e+01   2.4139601e+01
   2.0285429e+01   2.4188154e+01   2.2572321e+01
   1.7980409e+01   2.1000364e+01   2.1015434e+01
   2.0829005e+01   2.4558329e+01   2.3237763e+01
   1.9045035e+01   2.0330808e+01   2.4998329e+01
   2.2729157e+01   2.8101584e+01   2.4224761e+01
   2.0549839e+01   2.3501287e+01   2.3639149e+01
   1.8130727e+01   2.2199419e+01   2.0316784e+01
   2.1382952e+01   2.3841570e+01   2.5043247e+01
   2.1831411e+01   2.5510794e+01   2.4274273e+01
   2.0037231e+01   2.3345538e+01   2.2788720e+01
   2.1073768e+01   2.4957757e+01   2.3370893e+01
   2.1601942e+01   2.7258502e+01   2.2987946e+01
   1.6920051e+01   2.1450253e+01   1.8837666e+01
   2.2280834e+01   2.4334525e+01   2.6535761e+01
   2.1470726e+01   2.5112999e+01   2.3942801e+01
   2.0389241e+01   2.3049378e+01   2.3801900e+01
   1.6563158e+01   2.0978467e+01   1.8548124e+01
   2.1338262e+01   2.5396527e+01   2.3517474e+01
   1.9765975e+01   2.1646434e+01   2.4337160e+01
   1.5575156e+01   1.8979452e+01   1.8278839e+01
   2.0413062e+01   2.4406416e+01   2.2637988e+01
