   2.1335851e+01   2.7619326e+01   2.2508541e+01
   1.9551346e+01   2.3005601e+01   2.2180579e+01
   1.9411660e+01   2.6544058e+01   2.0355421e+01
   1.4188521e+01   1.7645127e+01   1.6868193e+01
   1.6220230e+01   2.3817505e+01   1.7067841e+01
   2.2873301e+01   2.5552504e+01   2.6254116e+01
   1.6069361e+01   2.5146960e+01   1.6655907e+01
   2.3443520e+01   2.6759707e+01   2.6177216e+01
   2.1063011e+01   2.5480862e+01   2.3024282e+01
   2.1741280e+01   2.2958294e+01   2.7882393e+01
   2.2511304e+01   2.6403055e+01   2.4799153e+01
   1.9263376e+01   2.1564469e+01   2.3151929e+01
   2.1786928e+01   2.5121523e+01   2.4508809e+01
   2.0457974e+01   2.2893915e+01   2.4152586e+01
   2.2784822e+01   2.6353159e+01   2.5310738e+01
   1.7106560e+01   1.9846786e+01   2.0449606e+01
   1.5301234e+01   2.1957531e+01   1.6385427e+01
   2.0737455e+01   2.7231335e+01   2.1848098e+01
   1.9859673e+01   2.3446585e+01   2.2380617e+01
   2.1219176e+01   2.2848743e+01   2.6288113e+01
   1.8765890e+01   2.0414645e+01   2.3809799e+01
   2.1448370e+01   2.5376575e+01   2.3713901e+01
   1.9122645e+01   2.4076027e+01   2.0812216e+01
   2.1546930e+01   2.5380380e+01   2.3878079e+01
   2.1457831e+01   2.3637324e+01   2.5515142e+01
   1.6160085e+01   1.7592111e+01   2.1749735e+01
   1.8838684e+01   2.2977334e+01   2.0975984e+01
   1.7672870e+01   2.1223259e+01   2.0235523e+01
   2.0016753e+01   2.3539594e+01   2.2587846e+01
   2.1992758e+01   2.6408421e+01   2.3952911e+01
   2.0654329e+01   2.6383778e+01   2.2015246e+01
   1.7367646e+01   2.6367433e+01   1.7962041e+01
   2.2725650e+01   2.9062792e+01   2.3879837e+01
   1.7313047e+01   2.1740300e+01   1.9285720e+01
   1.5815803e+01   1.8318581e+01   1.9464377e+01
   2.1062582e+01   2.6260744e+01   2.2635054e+01
   1.4826111e+01   1.7938392e+01   1.7806029e+01
   1.8286140e+01   2.7384409e+01   1.8864444e+01
   1.5750484e+01   1.8079061e+01   1.9636881e+01
   2.0957290e+01   2.5297171e+01   2.2963881e+01
   1.5980428e+01   1.9280711e+01   1.8769853e+01
   1.8685430e+01   2.4695246e+01   1.9953125e+01
   1.4895981e+01   1.7140684e+01   1.8919443e+01
   2.1334895e+01   2.6840969e+01   2.2779271e+01
   1.6618703e+01   2.5424997e+01   1.7244114e+01
   1.7480366e+01   2.4970393e+01   1.8346704e+01
   1.7970838e+01   2.2252998e+01   2.0024385e+01
   1.9158677e+01   2.1933847e+01   2.2445304e+01
   1.9768299e+01   2.3900015e+01   2.1905787e+01
   2.0016162e+01   2.2265123e+01   2.3975951e+01
   2.2085577e+01   2.4135149e+01   2.6348076e+01
   2.0702751e+01   2.2679468e+01   2.5095454e+01
   2.2564157e+01   2.7781321e+01   2.4125401e+01
   2.0210441e+01   2.2019368e+01   2.4914385e+01
   2.1568283e+01   2.5434538e+01   2.3876280e+01
   1.8486772e+01   1.9892485e+01   2.4113854e+01
   1.7946204e+01   2.1880892e+01   2.0222831e+01
   1.6607197e+01   1.9037672e+01   2.0340705e+01
   2.1478269e+01   2.4882889e+01   2.4141176e+01
   2.0347269e+01   2.2134041e+01   2.5093710e+01
   2.0023072e+01   2.2658845e+01   2.3466754e+01
   1.7741755e+01   1.9238784e+01   2.3145774e+01
   2.1275094e+01   2.5317081e+01   2.3465100e+01
   2.1568175e+01   2.4368192e+01   2.4815316e+01
   2.1671487e+01   2.5459667e+01   2.4034634e+01
   1.9610294e+01   2.2307524e+01   2.2983451e+01
   2.1844315e+01   2.4437217e+01   2.5332042e+01
   1.8404766e+01   2.2507218e+01   2.0567428e+01
   2.2408241e+01   2.7291013e+01   2.4122527e+01
   2.0273030e+01   2.4175000e+01   2.2560490e+01
   1.7977950e+01   2.1014327e+01   2.0996578e+01
   2.0798743e+01   2.4537481e+01   2.3200665e+01
   1.9101592e+01   2.0408842e+01   2.4992440e+01
   2.2557677e+01   2.7923393e+01   2.4056309e+01
   2.0564652e+01   2.3553245e+01   2.3615888e+01
   1.8059818e+01   2.2137833e+01   2.0240249e+01
   2.1382942e+01   2.3851672e+01   2.5029951e+01
   2.1813023e+01   2.5504164e+01   2.4247105e+01
   2.0012576e+01   2.3311946e+01   2.2772062e+01
   2.1075540e+01   2.4924617e+01   2.3397087e+01
   2.1584337e+01   2.7255972e+01   2.2964729e+01
   1.6875829e+01   2.1424659e+01   1.8783527e+01
   2.2270349e+01   2.4322047e+01   2.6528622e+01
   2.1471383e+01   2.5088202e+01   2.3963019e+01
   2.0399114e+01   2.3074336e+01   2.3793866e+01
   1.6520459e+01   2.0952723e+01   1.8496047e+01
   2.1330779e+01   2.5374880e+01   2.3519242e+01
   1.9761594e+01   2.1632947e+01   2.4349728e+01
   1.5560007e+01   1.8963837e+01   1.8264277e+01
   2.0405972e+01   2.4409874e+01   2.2623906e+01
