   9.3360058e+00   1.7895252e+01   1.0057634e+01
   7.1237935e+00   1.6140633e+01   7.8100754e+00
   5.4725064e+00   1.4146737e+01   6.2698718e+00
   5.9108773e+00   1.4398183e+01   6.7292718e+00
   1.0149547e+01   1.8987500e+01   1.0812232e+01
   1.2803417e+01   2.1477007e+01   1.3467667e+01
   9.3273471e+00   1.9778536e+01   9.7830280e+00
   1.0128980e+01   1.7787415e+01   1.1017522e+01
   1.1465533e+01   1.7993067e+01   1.2626691e+01
   9.9125507e+00   1.7829358e+01   1.0748809e+01
   8.4147862e+00   2.1501296e+01   8.6642042e+00
   7.4792573e+00   1.7515693e+01   8.0090800e+00
   1.0511148e+01   1.9559728e+01   1.1136347e+01
   6.7062398e+00   1.7520865e+01   7.1582449e+00
   1.1307750e+01   1.7646033e+01   1.2530247e+01
   6.8505630e+00   1.5894865e+01   7.5389204e+00
   7.8628713e+00   1.6639019e+01   8.5735924e+00
   8.4835532e+00   1.7212706e+01   9.1900806e+00
   3.7895776e+00   1.6148210e+01   4.1536758e+00
   4.1245574e+00   1.3909058e+01   4.7798104e+00
   8.1673763e+00   1.6776282e+01   8.9013616e+00
   9.6740958e+00   1.9004516e+01   1.0267141e+01
   8.1636271e+00   2.2021753e+01   8.3732220e+00
   7.0540540e+00   1.7389613e+01   7.5544000e+00
   1.0079495e+01   1.5723230e+01   1.1576878e+01
   9.6190376e+00   1.5087128e+01   1.1201966e+01
   6.7671566e+00   1.8642780e+01   7.1176696e+00
   7.2743245e+00   1.7350116e+01   7.8027740e+00
   7.6494870e+00   1.6734884e+01   8.3128212e+00
   7.7047949e+00   1.9046189e+01   8.0897642e+00
   9.6660229e+00   1.7343462e+01   1.0558288e+01
   8.4103779e+00   1.4314636e+01   9.8571561e+00
   6.7612605e+00   1.5541796e+01   7.4977217e+00
   7.3047374e+00   1.7952572e+01   7.7649869e+00
   7.0593691e+00   1.6569163e+01   7.6696419e+00
   5.5031751e+00   1.5800919e+01   6.0416242e+00
   6.5689956e+00   1.5075250e+01   7.3622410e+00
   2.5729850e+00   1.4393868e+01   3.0234679e+00
   4.7092233e+00   1.0454336e+01   6.4289973e+00
   7.3121722e+00   1.3863827e+01   8.5728889e+00
   4.5219439e+00   1.4025375e+01   5.2069423e+00
   6.8377311e+00   1.6046864e+01   7.4993755e+00
   5.2565177e+00   1.4150679e+01   6.0201966e+00
   5.3867821e+00   1.5405866e+01   5.9655572e+00
   7.2670467e+00   1.6218283e+01   7.9609896e+00
   6.4392487e+00   1.3141321e+01   7.6890766e+00
   4.7473154e+00   1.2926096e+01   5.6797961e+00
   6.3686516e+00   1.4483303e+01   7.2487926e+00
   1.1498408e+01   2.2417979e+01   1.1889680e+01
   9.0766024e+00   1.8347807e+01   9.6863263e+00
   1.1550525e+01   2.0197195e+01   1.2229523e+01
   1.1210567e+01   1.9879154e+01   1.1889231e+01
   7.8775423e+00   1.9997089e+01   8.1958989e+00
   8.3877594e+00   1.7790432e+01   8.9887139e+00
   8.5889551e+00   1.7952919e+01   9.1923423e+00
   7.3915581e+00   1.8879314e+01   7.7672294e+00
   1.0270719e+01   1.8435326e+01   1.1051631e+01
   7.6545513e+00   1.5653926e+01   8.5206332e+00
   8.4357670e+00   1.8689829e+01   8.9243375e+00
   8.0047533e+00   1.8876726e+01   8.4313119e+00
   7.4480850e+00   1.7950252e+01   7.9223575e+00
   8.8219933e+00   1.6840312e+01   9.6569363e+00
   5.8744171e+00   1.8439789e+01   6.1836711e+00
   7.0240683e+00   1.5019023e+01   7.9090501e+00
   7.5261818e+00   1.9938112e+01   7.8266744e+00
   7.2351018e+00   2.0242239e+01   7.4989127e+00
   7.8296958e+00   1.5147428e+01   8.8512817e+00
   9.4481233e+00   1.9982282e+01   9.8935976e+00
   7.5987009e+00   1.7381369e+01   8.1597609e+00
   8.2873708e+00   2.2348937e+01   8.4864817e+00
   8.8157452e+00   1.8163566e+01   9.4180069e+00
   5.4725261e+00   1.0785921e+01   7.3338584e+00
   8.4137454e+00   1.6455232e+01   9.2525189e+00
   7.6365069e+00   2.0390383e+01   7.9127112e+00
   9.4611270e+00   1.7822289e+01   1.0216867e+01
   8.4201928e+00   1.6790973e+01   9.1931596e+00
   9.6195201e+00   1.9436878e+01   1.0147034e+01
   6.8115977e+00   1.4821458e+01   7.6999393e+00
   8.2000073e+00   1.8269993e+01   8.7140805e+00
   5.7066350e+00   1.4702467e+01   6.4362265e+00
   9.3743968e+00   2.0306740e+01   9.7800101e+00
   6.1634607e+00   1.8622662e+01   6.4764928e+00
   7.2300533e+00   1.6586073e+01   7.8597394e+00
   6.4150849e+00   1.8951288e+01   6.7192367e+00
   7.9985493e+00   1.9589789e+01   8.3580297e+00
   7.2079846e+00   1.7988681e+01   7.6553502e+00
   9.5487412e+00   1.9458017e+01   1.0065440e+01
   8.7700649e+00   1.6219857e+01   9.7338599e+00
   7.1719701e+00   1.5815079e+01   7.9225959e+00
   5.5229367e+00   1.0109807e+01   7.7830983e+00
