   2.1114085e+01   2.7279828e+01   2.2324267e+01
   1.9284492e+01   2.2696071e+01   2.1950756e+01
   1.9103591e+01   2.5971887e+01   2.0114546e+01
   1.3701059e+01   1.7092860e+01   1.6444683e+01
   1.6188313e+01   2.3723576e+01   1.7049483e+01
   2.2693304e+01   2.5364093e+01   2.6084535e+01
   1.6013950e+01   2.4967863e+01   1.6618794e+01
   2.3221149e+01   2.6484030e+01   2.6002503e+01
   2.0917773e+01   2.5214412e+01   2.2950004e+01
   2.2152581e+01   2.3530613e+01   2.7827865e+01
   2.2299748e+01   2.6243271e+01   2.4552622e+01
   1.9178582e+01   2.1444815e+01   2.3118362e+01
   2.1574106e+01   2.4806579e+01   2.4387383e+01
   2.0274890e+01   2.2656124e+01   2.4044560e+01
   2.2460913e+01   2.5916698e+01   2.5078309e+01
   1.7089781e+01   1.9919602e+01   2.0332403e+01
   1.5225724e+01   2.1759147e+01   1.6345666e+01
   2.0502793e+01   2.7136582e+01   2.1574012e+01
   1.9656762e+01   2.3279925e+01   2.2150446e+01
   2.1236421e+01   2.2927514e+01   2.6172810e+01
   1.8591989e+01   2.0238316e+01   2.3642781e+01
   2.1453939e+01   2.5633729e+01   2.3555646e+01
   1.8853479e+01   2.3778267e+01   2.0557751e+01
   2.1526808e+01   2.5306934e+01   2.3896190e+01
   2.1197253e+01   2.3364531e+01   2.5274586e+01
   1.8313778e+01   2.0239466e+01   2.2813992e+01
   1.8679666e+01   2.2790788e+01   2.0835288e+01
   1.7460570e+01   2.1049807e+01   1.9994079e+01
   1.9818958e+01   2.3287330e+01   2.2435250e+01
   2.1665445e+01   2.6038692e+01   2.3650706e+01
   2.0227992e+01   2.6154327e+01   2.1519777e+01
   1.7439775e+01   2.6356388e+01   1.8046307e+01
   2.2422923e+01   2.8597692e+01   2.3628107e+01
   1.7138171e+01   2.1708641e+01   1.9032250e+01
   1.5515746e+01   1.7930158e+01   1.9286287e+01
   2.0845083e+01   2.5898818e+01   2.2482493e+01
   1.4373012e+01   1.7382392e+01   1.7462866e+01
   1.8006601e+01   2.6859314e+01   1.8621525e+01
   1.5462122e+01   1.7690567e+01   1.9499921e+01
   2.1426323e+01   2.6304669e+01   2.3144803e+01
   1.5920332e+01   1.9209998e+01   1.8719940e+01
   1.8813215e+01   2.4460829e+01   2.0209927e+01
   1.4824384e+01   1.6971167e+01   1.8999975e+01
   2.1313788e+01   2.6458665e+01   2.2909076e+01
   1.5916148e+01   2.5169170e+01   1.6478432e+01
   1.7454470e+01   2.4841463e+01   1.8343897e+01
   1.7975665e+01   2.2232883e+01   2.0044242e+01
   1.9305444e+01   2.1841075e+01   2.2877062e+01
   1.9591439e+01   2.3757953e+01   2.1707760e+01
   1.9960671e+01   2.2126577e+01   2.4046691e+01
   2.1893237e+01   2.3965885e+01   2.6118402e+01
   2.0876110e+01   2.2949979e+01   2.5103851e+01
   2.2414359e+01   2.7777892e+01   2.3914125e+01
   2.0113405e+01   2.1823487e+01   2.5016545e+01
   2.1370812e+01   2.5191314e+01   2.3711677e+01
   1.8471321e+01   1.9788950e+01   2.4338756e+01
   1.7826460e+01   2.1709868e+01   2.0139339e+01
   1.6581546e+01   1.9034052e+01   2.0285899e+01
   2.1164207e+01   2.4548199e+01   2.3845650e+01
   2.0210971e+01   2.2052939e+01   2.4851461e+01
   1.9912402e+01   2.2530952e+01   2.3377505e+01
   1.9350914e+01   2.1330413e+01   2.3747276e+01
   2.1034210e+01   2.5236847e+01   2.3122989e+01
   2.1173845e+01   2.3967539e+01   2.4429509e+01
   2.1422504e+01   2.5112592e+01   2.3858522e+01
   1.9386532e+01   2.2128197e+01   2.2709709e+01
   2.1649836e+01   2.4227048e+01   2.5157624e+01
   1.8637535e+01   2.2892370e+01   2.0703904e+01
   2.2160537e+01   2.6949265e+01   2.3921477e+01
   2.0059501e+01   2.4170717e+01   2.2208874e+01
   1.8604171e+01   2.2278798e+01   2.1064034e+01
   2.0647333e+01   2.4324294e+01   2.3095836e+01
   1.9863416e+01   2.1382344e+01   2.5194715e+01
   2.2341804e+01   2.7557897e+01   2.3903890e+01
   2.0917889e+01   2.4280594e+01   2.3618424e+01
   1.8027941e+01   2.2254202e+01   2.0115089e+01
   2.1541103e+01   2.4241468e+01   2.4901491e+01
   2.1672656e+01   2.5321336e+01   2.4139235e+01
   1.9872938e+01   2.3089165e+01   2.2707907e+01
   2.0991478e+01   2.4751719e+01   2.3376985e+01
   2.1176787e+01   2.6532333e+01   2.2682234e+01
   1.6613156e+01   2.1325178e+01   1.8435860e+01
   2.2069463e+01   2.4088482e+01   2.6383281e+01
   2.1530931e+01   2.5114461e+01   2.4048272e+01
   2.0243908e+01   2.2896215e+01   2.3666618e+01
   1.6360511e+01   2.0946219e+01   1.8252022e+01
   2.1154840e+01   2.4986015e+01   2.3488788e+01
   1.9697086e+01   2.1556136e+01   2.4308682e+01
   1.5329873e+01   1.8786594e+01   1.7992445e+01
   2.0228624e+01   2.4351020e+01   2.2370249e+01
