   2.1112056e+01   2.7320368e+01   2.2308676e+01
   1.9401377e+01   2.2780743e+01   2.2094366e+01
   1.9105183e+01   2.6028842e+01   2.0101775e+01
   1.4098121e+01   1.7442945e+01   1.6875386e+01
   1.6180267e+01   2.3734160e+01   1.7037412e+01
   2.2728438e+01   2.5302505e+01   2.6236523e+01
   1.6004228e+01   2.4972666e+01   1.6606943e+01
   2.3361539e+01   2.6620540e+01   2.6146059e+01
   2.0902290e+01   2.5232651e+01   2.2914628e+01
   2.2406346e+01   2.3834298e+01   2.7949410e+01
   2.2292063e+01   2.6200319e+01   2.4569040e+01
   1.9250476e+01   2.1467350e+01   2.3263167e+01
   2.1523909e+01   2.4799394e+01   2.4298649e+01
   2.0567840e+01   2.2905289e+01   2.4396883e+01
   2.2441294e+01   2.5946605e+01   2.5018305e+01
   1.7344324e+01   2.0169618e+01   2.0589430e+01
   1.5228930e+01   2.1777466e+01   1.6344444e+01
   2.0658124e+01   2.7198168e+01   2.1755580e+01
   1.9649223e+01   2.3297391e+01   2.2123733e+01
   2.1462198e+01   2.3293805e+01   2.6115677e+01
   1.8621167e+01   2.0294209e+01   2.3614037e+01
   2.1414571e+01   2.5616510e+01   2.3502691e+01
   1.8887195e+01   2.3834622e+01   2.0580534e+01
   2.1446331e+01   2.5346154e+01   2.3731355e+01
   2.1243987e+01   2.3444537e+01   2.5270037e+01
   1.9743115e+01   2.2660803e+01   2.2871516e+01
   1.8746617e+01   2.2912956e+01   2.0866954e+01
   1.7712332e+01   2.1220765e+01   2.0308465e+01
   1.9861795e+01   2.3391021e+01   2.2428456e+01
   2.2366963e+01   2.6338496e+01   2.4600784e+01
   2.0325282e+01   2.6174314e+01   2.1643867e+01
   1.7403990e+01   2.6447182e+01   1.7991987e+01
   2.2521504e+01   2.8747607e+01   2.3710286e+01
   1.7321999e+01   2.1929998e+01   1.9194636e+01
   1.5582392e+01   1.8029970e+01   1.9307159e+01
   2.0846333e+01   2.5979971e+01   2.2447724e+01
   1.4483435e+01   1.7533689e+01   1.7530109e+01
   1.7981098e+01   2.7101924e+01   1.8556777e+01
   1.5527202e+01   1.7799430e+01   1.9498711e+01
   2.1379754e+01   2.6820714e+01   2.2849943e+01
   1.5894858e+01   1.9182184e+01   1.8696864e+01
   1.8764686e+01   2.4666732e+01   2.0069125e+01
   1.4799862e+01   1.6991754e+01   1.8905424e+01
   2.1432020e+01   2.6661624e+01   2.2990046e+01
   1.6076823e+01   2.4970772e+01   1.6690469e+01
   1.7271115e+01   2.4844686e+01   1.8119948e+01
   1.7925175e+01   2.2186771e+01   1.9991399e+01
   1.9162363e+01   2.1851114e+01   2.2548201e+01
   1.9535608e+01   2.3712443e+01   2.1645723e+01
   1.9946769e+01   2.2288970e+01   2.3772528e+01
   2.1833795e+01   2.3953461e+01   2.5983217e+01
   2.1063606e+01   2.3200508e+01   2.5189067e+01
   2.2289064e+01   2.7596706e+01   2.3812269e+01
   2.0110618e+01   2.1959530e+01   2.4738580e+01
   2.1248149e+01   2.5010562e+01   2.3631240e+01
   1.8591532e+01   1.9921872e+01   2.4421945e+01
   1.7777291e+01   2.1682044e+01   2.0075650e+01
   1.6730353e+01   1.9169525e+01   2.0450692e+01
   2.1138306e+01   2.4547503e+01   2.3798501e+01
   2.0322472e+01   2.2104188e+01   2.5079045e+01
   1.9928620e+01   2.2554301e+01   2.3384994e+01
   2.0738763e+01   2.3487045e+01   2.4047324e+01
   2.1082200e+01   2.5248256e+01   2.3193515e+01
   2.1501358e+01   2.4248420e+01   2.4808185e+01
   2.1423197e+01   2.5151212e+01   2.3830984e+01
   1.9580510e+01   2.2305299e+01   2.2921887e+01
   2.1653566e+01   2.4251874e+01   2.5135362e+01
   1.8754610e+01   2.3148281e+01   2.0738344e+01
   2.2190004e+01   2.7001321e+01   2.3939657e+01
   2.0122892e+01   2.4251621e+01   2.2260891e+01
   1.8688947e+01   2.2475575e+01   2.1065363e+01
   2.0770836e+01   2.4440201e+01   2.3224630e+01
   1.9873397e+01   2.1407162e+01   2.5169284e+01
   2.2716541e+01   2.7959558e+01   2.4266419e+01
   2.0920149e+01   2.4342041e+01   2.3570462e+01
   1.8296946e+01   2.2423266e+01   2.0444964e+01
   2.1566273e+01   2.4300189e+01   2.4887854e+01
   2.1698280e+01   2.5438355e+01   2.4096370e+01
   1.9879355e+01   2.3104468e+01   2.2706165e+01
   2.0999742e+01   2.4894222e+01   2.3289830e+01
   2.1235847e+01   2.6613144e+01   2.2732204e+01
   1.6872585e+01   2.1373029e+01   1.8807030e+01
   2.2070074e+01   2.4106000e+01   2.6355405e+01
   2.1466644e+01   2.5384577e+01   2.3739150e+01
   2.0260043e+01   2.2934031e+01   2.3656944e+01
   1.6493365e+01   2.0900908e+01   1.8483359e+01
   2.1142633e+01   2.5013167e+01   2.3448914e+01
   1.9705458e+01   2.1629810e+01   2.4196900e+01
   1.5436433e+01   1.8877461e+01   1.8110774e+01
   2.0380961e+01   2.4457933e+01   2.2551129e+01
