   2.1155819e+01   2.7348561e+01   2.2357298e+01
   1.9443397e+01   2.2806640e+01   2.2149991e+01
   1.9155229e+01   2.6094048e+01   2.0147806e+01
   1.4195387e+01   1.7577785e+01   1.6938174e+01
   1.6189044e+01   2.3744391e+01   1.7045837e+01
   2.2800797e+01   2.5299441e+01   2.6403984e+01
   1.6022004e+01   2.5006139e+01   1.6622338e+01
   2.3391948e+01   2.6635795e+01   2.6190035e+01
   2.0938773e+01   2.5251569e+01   2.2961357e+01
   2.1948032e+01   2.3201278e+01   2.7977807e+01
   2.2356131e+01   2.6233641e+01   2.4654223e+01
   1.9291076e+01   2.1501004e+01   2.3313979e+01
   2.1557240e+01   2.4825083e+01   2.4338693e+01
   2.0640879e+01   2.3004764e+01   2.4432609e+01
   2.2512634e+01   2.5989796e+01   2.5112345e+01
   1.7390023e+01   2.0250380e+01   2.0596433e+01
   1.5239951e+01   2.1790169e+01   1.6354904e+01
   2.0733014e+01   2.7233160e+01   2.1841843e+01
   1.9730953e+01   2.3339010e+01   2.2235989e+01
   2.1466489e+01   2.3283707e+01   2.6147577e+01
   1.8639146e+01   2.0296275e+01   2.3666056e+01
   2.1240155e+01   2.5227282e+01   2.3466514e+01
   1.8921670e+01   2.3865777e+01   2.0616446e+01
   2.1433277e+01   2.5342987e+01   2.3711525e+01
   2.1274693e+01   2.3456838e+01   2.5328734e+01
   1.6562344e+01   1.8186355e+01   2.1686472e+01
   1.8757670e+01   2.2917827e+01   2.0881827e+01
   1.7659593e+01   2.1267820e+01   2.0176727e+01
   1.9886105e+01   2.3407270e+01   2.2459130e+01
   2.2517758e+01   2.6438340e+01   2.4785755e+01
   2.0400813e+01   2.6205834e+01   2.1734897e+01
   1.7333721e+01   2.6429371e+01   1.7914340e+01
   2.2553414e+01   2.8779467e+01   2.3742170e+01
   1.7292791e+01   2.1899923e+01   1.9166080e+01
   1.5615481e+01   1.8058361e+01   1.9346026e+01
   2.0892450e+01   2.6027708e+01   2.2493006e+01
   1.4533497e+01   1.7588007e+01   1.7575061e+01
   1.7907484e+01   2.7128051e+01   1.8469378e+01
   1.5548857e+01   1.7814109e+01   1.9530295e+01
   2.1025112e+01   2.5677838e+01   2.2858235e+01
   1.5879815e+01   1.9145351e+01   1.8701605e+01
   1.8750353e+01   2.4697440e+01   2.0039223e+01
   1.4795477e+01   1.7002442e+01   1.8877970e+01
   2.1448963e+01   2.6730113e+01   2.2984944e+01
   1.6150289e+01   2.4965931e+01   1.6775669e+01
   1.7204650e+01   2.4854028e+01   1.8037559e+01
   1.7915165e+01   2.2187475e+01   1.9974974e+01
   1.9125608e+01   2.1871620e+01   2.2445460e+01
   1.9591449e+01   2.3741115e+01   2.1718339e+01
   1.9931837e+01   2.2301240e+01   2.3719756e+01
   2.1919368e+01   2.3976959e+01   2.6169219e+01
   2.0959022e+01   2.2977604e+01   2.5278494e+01
   2.2363778e+01   2.7626025e+01   2.3906032e+01
   2.0149143e+01   2.2012329e+01   2.4750002e+01
   2.1297360e+01   2.5059633e+01   2.3680399e+01
   1.8628940e+01   1.9978073e+01   2.4406784e+01
   1.7813720e+01   2.1695778e+01   2.0127627e+01
   1.6777520e+01   1.9270765e+01   2.0425927e+01
   2.1229525e+01   2.4597033e+01   2.3924820e+01
   2.0383657e+01   2.2126021e+01   2.5218744e+01
   1.9951788e+01   2.2570907e+01   2.3415984e+01
   1.8613422e+01   2.0370902e+01   2.3431199e+01
   2.1114309e+01   2.5245192e+01   2.3247626e+01
   2.1629648e+01   2.4371138e+01   2.4942346e+01
   2.1440918e+01   2.5165249e+01   2.3851374e+01
   1.9649983e+01   2.2386233e+01   2.2977795e+01
   2.1677656e+01   2.4274185e+01   2.5161541e+01
   1.8717289e+01   2.3243074e+01   2.0626853e+01
   2.2237708e+01   2.7028414e+01   2.3997507e+01
   2.0152736e+01   2.4181433e+01   2.2355218e+01
   1.8548152e+01   2.2134701e+01   2.1076267e+01
   2.0801049e+01   2.4466879e+01   2.3257411e+01
   1.9676875e+01   2.1135421e+01   2.5157708e+01
   2.2845333e+01   2.8122301e+01   2.4380554e+01
   2.0870027e+01   2.4132001e+01   2.3659182e+01
   1.8378709e+01   2.2543350e+01   2.0502064e+01
   2.1571172e+01   2.4215664e+01   2.4997371e+01
   2.1759878e+01   2.5495929e+01   2.4160755e+01
   1.9908771e+01   2.3138627e+01   2.2731114e+01
   2.0997005e+01   2.4945422e+01   2.3250156e+01
   2.1304687e+01   2.6663128e+01   2.2808659e+01
   1.6965484e+01   2.1436565e+01   1.8915704e+01
   2.2097025e+01   2.4121815e+01   2.6400979e+01
   2.1489517e+01   2.5457803e+01   2.3727772e+01
   2.0285253e+01   2.2946936e+01   2.3696594e+01
   1.6565885e+01   2.0959111e+01   1.8563574e+01
   2.1155582e+01   2.5031830e+01   2.3457836e+01
   1.9736867e+01   2.1669814e+01   2.4212662e+01
   1.5468665e+01   1.8900996e+01   1.8149915e+01
   2.0424843e+01   2.4494879e+01   2.2599341e+01
