   2.1109370e+01   2.7224173e+01   2.2336027e+01
   1.9174322e+01   2.2633188e+01   2.1801700e+01
   1.9047466e+01   2.5967058e+01   2.0045249e+01
   1.3473138e+01   1.6878723e+01   1.6209354e+01
   1.6182278e+01   2.3693038e+01   1.7048843e+01
   2.2580616e+01   2.5294820e+01   2.5921500e+01
   1.6010042e+01   2.4929847e+01   1.6620002e+01
   2.3118177e+01   2.6408633e+01   2.5875222e+01
   2.0912815e+01   2.5189910e+01   2.2956730e+01
   2.1484047e+01   2.2744069e+01   2.7495924e+01
   2.2260804e+01   2.6202500e+01   2.4515010e+01
   1.9133420e+01   2.1439615e+01   2.3015556e+01
   2.1554916e+01   2.4788762e+01   2.4367010e+01
   2.0162150e+01   2.2501719e+01   2.3990375e+01
   2.2389713e+01   2.5895498e+01   2.4966474e+01
   1.6969380e+01   1.9834290e+01   2.0174992e+01
   1.5219896e+01   2.1747376e+01   1.6341616e+01
   2.0400824e+01   2.7096350e+01   2.1455158e+01
   1.9635385e+01   2.3274994e+01   2.2116513e+01
   2.0906333e+01   2.2524639e+01   2.6001843e+01
   1.8562003e+01   2.0209629e+01   2.3610247e+01
   2.1340238e+01   2.5212132e+01   2.3644963e+01
   1.8806834e+01   2.3724683e+01   2.0514626e+01
   2.1564184e+01   2.5271626e+01   2.3986806e+01
   2.1156059e+01   2.3300161e+01   2.5269746e+01
   1.6016333e+01   1.7334855e+01   2.1915388e+01
   1.8686419e+01   2.2811596e+01   2.0833043e+01
   1.7443709e+01   2.0943315e+01   2.0049103e+01
   1.9752667e+01   2.3199645e+01   2.2386952e+01
   2.1799006e+01   2.5852232e+01   2.3980236e+01
   2.0132370e+01   2.6152811e+01   2.1392329e+01
   1.7479353e+01   2.6269207e+01   1.8105068e+01
   2.2339843e+01   2.8534829e+01   2.3538705e+01
   1.7101184e+01   2.1532972e+01   1.9072711e+01
   1.5434391e+01   1.7825814e+01   1.9237715e+01
   2.0787001e+01   2.5799658e+01   2.2443454e+01
   1.4256697e+01   1.7241268e+01   1.7374087e+01
   1.8072700e+01   2.6762459e+01   1.8712760e+01
   1.5390215e+01   1.7590663e+01   1.9471797e+01
   2.1073532e+01   2.5143888e+01   2.3245690e+01
   1.5885741e+01   1.9131347e+01   1.8725555e+01
   1.8806468e+01   2.4349428e+01   2.0243425e+01
   1.4763075e+01   1.6875019e+01   1.8995638e+01
   2.1280412e+01   2.6364428e+01   2.2903004e+01
   1.5786264e+01   2.5132293e+01   1.6336276e+01
   1.7545092e+01   2.4861758e+01   1.8450312e+01
   1.7925438e+01   2.2143813e+01   2.0018045e+01
   1.9450007e+01   2.1826962e+01   2.3230469e+01
   1.9565538e+01   2.3711625e+01   2.1694790e+01
   1.9975108e+01   2.2045128e+01   2.4214219e+01
   2.1931263e+01   2.3952069e+01   2.6242602e+01
   2.0573248e+01   2.2568045e+01   2.4935367e+01
   2.2389878e+01   2.7707528e+01   2.3908719e+01
   2.0083980e+01   2.1738636e+01   2.5104842e+01
   2.1316386e+01   2.5109824e+01   2.3676795e+01
   1.8421402e+01   1.9693709e+01   2.4420315e+01
   1.7789131e+01   2.1666615e+01   2.0106405e+01
   1.6481312e+01   1.8968720e+01   2.0140912e+01
   2.1155930e+01   2.4533945e+01   2.3842496e+01
   2.0138513e+01   2.2050604e+01   2.4649297e+01
   1.9898395e+01   2.2516517e+01   2.3364098e+01
   1.7534263e+01   1.9020048e+01   2.2968366e+01
   2.0989251e+01   2.5250088e+01   2.3042707e+01
   2.1036495e+01   2.3850197e+01   2.4270576e+01
   2.1397379e+01   2.5098056e+01   2.3825550e+01
   1.9345117e+01   2.2013352e+01   2.2753978e+01
   2.1594078e+01   2.4208616e+01   2.5056302e+01
   1.8561757e+01   2.2794919e+01   2.0641710e+01
   2.2136031e+01   2.6938626e+01   2.3890117e+01
   1.9982727e+01   2.4074458e+01   2.2144872e+01
   1.8332660e+01   2.1715616e+01   2.1028928e+01
   2.0567436e+01   2.4278584e+01   2.2990614e+01
   1.9532188e+01   2.0978493e+01   2.5045064e+01
   2.2140737e+01   2.7386703e+01   2.3690335e+01
   2.0717816e+01   2.3927987e+01   2.3554582e+01
   1.7860718e+01   2.2197152e+01   1.9882620e+01
   2.1422720e+01   2.4045595e+01   2.4875498e+01
   2.1681477e+01   2.5321019e+01   2.4155009e+01
   1.9850085e+01   2.3059585e+01   2.2691339e+01
   2.0974641e+01   2.4669314e+01   2.3408672e+01
   2.1090436e+01   2.6489896e+01   2.2578050e+01
   1.6497258e+01   2.1338130e+01   1.8255551e+01
   2.2040188e+01   2.4074277e+01   2.6328714e+01
   2.1534391e+01   2.4935064e+01   2.4200449e+01
   2.0174946e+01   2.2878972e+01   2.3537092e+01
   1.6306426e+01   2.1044879e+01   1.8117820e+01
   2.1155049e+01   2.4986516e+01   2.3488789e+01
   1.9637781e+01   2.1492184e+01   2.4258535e+01
   1.5257614e+01   1.8731037e+01   1.7907235e+01
   2.0095388e+01   2.4268072e+01   2.2205863e+01
