   2.1387536e+01   2.7689984e+01   2.2554284e+01
   1.9621277e+01   2.3057415e+01   2.2265218e+01
   1.9479334e+01   2.6716107e+01   2.0398042e+01
   1.4307268e+01   1.7760321e+01   1.6987940e+01
   1.6220908e+01   2.3809039e+01   1.7070481e+01
   2.3078139e+01   2.5669260e+01   2.6564198e+01
   1.6075927e+01   2.5165173e+01   1.6660776e+01
   2.3503352e+01   2.6811569e+01   2.6243907e+01
   2.1098701e+01   2.5550160e+01   2.3040857e+01
   2.2070178e+01   2.3278862e+01   2.8235592e+01
   2.2534788e+01   2.6407830e+01   2.4835575e+01
   1.9306938e+01   2.1594075e+01   2.3215339e+01
   2.1851645e+01   2.5199203e+01   2.4562098e+01
   2.0532701e+01   2.2950405e+01   2.4251389e+01
   2.2854914e+01   2.6430465e+01   2.5375000e+01
   1.7186773e+01   1.9909671e+01   2.0548969e+01
   1.5317242e+01   2.2016599e+01   1.6389278e+01
   2.0802673e+01   2.7263510e+01   2.1922850e+01
   1.9891807e+01   2.3475702e+01   2.2414973e+01
   2.1448701e+01   2.3105134e+01   2.6457924e+01
   1.8776082e+01   2.0427020e+01   2.3815153e+01
   2.1707633e+01   2.5693813e+01   2.3933297e+01
   1.9125624e+01   2.4089623e+01   2.0810164e+01
   2.1554320e+01   2.5403743e+01   2.3874167e+01
   2.1462259e+01   2.3641208e+01   2.5520387e+01
   1.6923240e+01   1.8532074e+01   2.2076053e+01
   1.8840385e+01   2.2971745e+01   2.0982295e+01
   1.7698388e+01   2.1290013e+01   2.0228220e+01
   2.0030201e+01   2.3550167e+01   2.2603548e+01
   2.2072269e+01   2.6504487e+01   2.4022849e+01
   2.0675396e+01   2.6403025e+01   2.2036934e+01
   1.7408489e+01   2.6438704e+01   1.7998356e+01
   2.2744891e+01   2.9113970e+01   2.3889390e+01
   1.7379556e+01   2.1845063e+01   1.9330094e+01
   1.5806765e+01   1.8312911e+01   1.9451103e+01
   2.1224669e+01   2.6449191e+01   2.2785344e+01
   1.4818355e+01   1.7926071e+01   1.7802831e+01
   1.8253075e+01   2.7532995e+01   1.8806216e+01
   1.5736486e+01   1.8069247e+01   1.9617143e+01
   2.1150442e+01   2.5745689e+01   2.3013636e+01
   1.5939907e+01   1.9194430e+01   1.8770959e+01
   1.8691152e+01   2.4753001e+01   1.9941389e+01
   1.4871297e+01   1.7099442e+01   1.8920128e+01
   2.1341298e+01   2.6904230e+01   2.2763476e+01
   1.6620791e+01   2.5195885e+01   1.7283021e+01
   1.7470129e+01   2.5004535e+01   1.8326794e+01
   1.7930781e+01   2.2196161e+01   1.9994683e+01
   1.9177351e+01   2.1962915e+01   2.2452204e+01
   1.9804685e+01   2.3873746e+01   2.1982174e+01
   2.0020455e+01   2.2297993e+01   2.3938267e+01
   2.2081931e+01   2.4133691e+01   2.6340807e+01
   2.0873686e+01   2.2849751e+01   2.5266625e+01
   2.2587721e+01   2.7548456e+01   2.4264517e+01
   2.0245834e+01   2.2075513e+01   2.4909543e+01
   2.1504376e+01   2.5257736e+01   2.3893292e+01
   1.8609770e+01   1.9964002e+01   2.4373789e+01
   1.7926677e+01   2.1816361e+01   2.0234514e+01
   1.6656395e+01   1.9079588e+01   2.0399119e+01
   2.1484816e+01   2.4892028e+01   2.4145517e+01
   2.0410225e+01   2.2160438e+01   2.5229244e+01
   2.0037794e+01   2.2676147e+01   2.3478295e+01
   1.8460249e+01   2.0122222e+01   2.3478392e+01
   2.1289487e+01   2.5312943e+01   2.3491611e+01
   2.1726840e+01   2.4526776e+01   2.4973503e+01
   2.1741169e+01   2.5555784e+01   2.4085161e+01
   1.9659942e+01   2.2370624e+01   2.3017161e+01
   2.1883407e+01   2.4468975e+01   2.5380016e+01
   1.8459989e+01   2.2586843e+01   2.0606757e+01
   2.2457349e+01   2.7360167e+01   2.4161893e+01
   2.0349746e+01   2.4281879e+01   2.2616205e+01
   1.7815981e+01   2.0691936e+01   2.1001790e+01
   2.0855166e+01   2.4583163e+01   2.3264813e+01
   1.8791053e+01   2.0014571e+01   2.4933267e+01
   2.2782128e+01   2.8156870e+01   2.4276700e+01
   2.0400700e+01   2.3219929e+01   2.3631507e+01
   1.8157071e+01   2.2205188e+01   2.0356403e+01
   2.1290478e+01   2.3687593e+01   2.5033540e+01
   2.1882066e+01   2.5568184e+01   2.4319723e+01
   2.0061685e+01   2.3371117e+01   2.2812073e+01
   2.1088662e+01   2.4981223e+01   2.3379793e+01
   2.1567586e+01   2.7136664e+01   2.2986940e+01
   1.6956511e+01   2.1473084e+01   1.8881397e+01
   2.2273796e+01   2.4328639e+01   2.6526840e+01
   2.1538975e+01   2.5215184e+01   2.3985076e+01
   2.0348441e+01   2.2966776e+01   2.3811501e+01
   1.6583200e+01   2.0987192e+01   1.8574525e+01
   2.1326679e+01   2.5371685e+01   2.3514562e+01
   1.9826821e+01   2.1710029e+01   2.4392508e+01
   1.5583064e+01   1.8984218e+01   1.8289329e+01
   2.0490151e+01   2.4523746e+01   2.2688178e+01
