   1.7264160e+01   2.4890724e+01   1.8101698e+01
   1.6357534e+01   2.0271731e+01   1.8660645e+01
   1.4722392e+01   2.1665742e+01   1.5732652e+01
   1.3569040e+01   1.7509101e+01   1.5890345e+01
   1.5701604e+01   2.3099203e+01   1.6595669e+01
   2.1685168e+01   2.4822651e+01   2.4586186e+01
   1.5876925e+01   2.5662909e+01   1.6370718e+01
   2.2027288e+01   2.5507288e+01   2.4625967e+01
   2.0244648e+01   2.4782740e+01   2.2141402e+01
   1.8796643e+01   2.1137967e+01   2.2631358e+01
   1.9422478e+01   2.5385982e+01   2.0703613e+01
   1.6964227e+01   2.0411781e+01   1.9616619e+01
   1.9849399e+01   2.4389795e+01   2.1746266e+01
   1.9356600e+01   2.2832229e+01   2.1969203e+01
   1.9897003e+01   2.4731849e+01   2.1641028e+01
   1.4687686e+01   2.1490110e+01   1.5735602e+01
   1.4264652e+01   2.1208399e+01   1.5278074e+01
   1.6987589e+01   2.6148031e+01   1.7559844e+01
   1.7531085e+01   2.1372273e+01   1.9875767e+01
   1.9059181e+01   2.3567992e+01   2.0976546e+01
   1.5632730e+01   1.8449422e+01   1.8907298e+01
   1.9139170e+01   2.4679752e+01   2.0575884e+01
   1.6752337e+01   2.1711944e+01   1.8451214e+01
   1.8300976e+01   2.5134348e+01   1.9323349e+01
   1.7218748e+01   1.9666588e+01   2.0921987e+01
   1.5226224e+01   1.7937510e+01   1.8626932e+01
   1.7173629e+01   2.1858649e+01   1.9006504e+01
   1.5484273e+01   2.1492221e+01   1.6768578e+01
   1.6655470e+01   2.1124314e+01   1.8609242e+01
   1.9606952e+01   2.7288110e+01   2.0427218e+01
   1.7269438e+01   2.5177907e+01   1.8049461e+01
   1.5744126e+01   2.4063573e+01   1.6452914e+01
   1.9542664e+01   2.7222469e+01   2.0363331e+01
   1.5097258e+01   2.1605001e+01   1.6225603e+01
   1.5682616e+01   2.0068404e+01   1.7692418e+01
   1.6680574e+01   2.3835835e+01   1.7627170e+01
   1.4680224e+01   1.7905493e+01   1.7555478e+01
   1.2817371e+01   2.3827617e+01   1.3193886e+01
   1.3804193e+01   1.6600332e+01   1.7133747e+01
   1.7446218e+01   2.4594775e+01   1.8391546e+01
   1.2730320e+01   1.7572877e+01   1.4531283e+01
   1.6465154e+01   2.4208478e+01   1.7281092e+01
   1.3770223e+01   1.9770336e+01   1.5072009e+01
   1.7183680e+01   2.4142049e+01   1.8177349e+01
   1.6364726e+01   2.5359627e+01   1.6962437e+01
   1.4149793e+01   2.2156115e+01   1.4924362e+01
   1.4272723e+01   2.1739574e+01   1.5159297e+01
   1.5084267e+01   2.0416983e+01   1.6628772e+01
   1.8401065e+01   2.3058259e+01   2.0241553e+01
   1.8728216e+01   2.2629464e+01   2.1023237e+01
   2.0905208e+01   2.3145381e+01   2.4873281e+01
   1.9357455e+01   2.2871689e+01   2.1938624e+01
   1.9919565e+01   2.8612018e+01   2.0556035e+01
   1.7360615e+01   2.0598747e+01   2.0192115e+01
   1.8847964e+01   2.3835639e+01   2.0522480e+01
   1.7797630e+01   2.0113602e+01   2.1676892e+01
   1.6613968e+01   2.1294056e+01   1.8453290e+01
   1.4664689e+01   2.0486074e+01   1.6021223e+01
   1.8809888e+01   2.4335453e+01   2.0253649e+01
   1.7681591e+01   2.1296632e+01   2.0193258e+01
   1.8744355e+01   2.1689196e+01   2.1850452e+01
   1.7009208e+01   1.9370199e+01   2.0833175e+01
   1.6875156e+01   2.4771290e+01   1.7658855e+01
   1.7282048e+01   2.2466741e+01   1.8874643e+01
   1.9542381e+01   2.4589112e+01   2.1186894e+01
   1.8155547e+01   2.2969865e+01   1.9916930e+01
   1.8918318e+01   2.2905414e+01   2.1153872e+01
   1.5770634e+01   2.2906480e+01   1.6726136e+01
   1.9145832e+01   2.6511333e+01   2.0035538e+01
   1.6497850e+01   2.3961991e+01   1.7373425e+01
   1.7307340e+01   2.1023829e+01   1.9744556e+01
   1.8460793e+01   2.2899940e+01   2.0419989e+01
   1.8583391e+01   2.0421255e+01   2.3243913e+01
   2.1343044e+01   2.7460069e+01   2.2568547e+01
   1.8666523e+01   2.3230363e+01   2.0555551e+01
   1.5560207e+01   2.2775881e+01   1.6497462e+01
   1.8989492e+01   2.3745195e+01   2.0776476e+01
   1.8667823e+01   2.4603539e+01   1.9960898e+01
   1.8139948e+01   2.1597332e+01   2.0774884e+01
   1.9123034e+01   2.4895575e+01   2.0472405e+01
   1.7534968e+01   2.5437392e+01   1.8315397e+01
   1.5470510e+01   2.3233305e+01   1.6286655e+01
   2.0093719e+01   2.4240500e+01   2.2220427e+01
   1.8767775e+01   2.4005792e+01   2.0330078e+01
   1.7385372e+01   2.2267639e+01   1.9117492e+01
   1.5072663e+01   2.2963943e+01   1.5864744e+01
   1.9847933e+01   2.5154985e+01   2.1377069e+01
   1.7924094e+01   2.0745406e+01   2.1168408e+01
   1.5193160e+01   2.0455935e+01   1.6766622e+01
   1.6785997e+01   2.4172196e+01   1.7677967e+01
