   2.0733698e+01   2.7104694e+01   2.1880750e+01
   1.8243881e+01   2.1475489e+01   2.1074416e+01
   1.8053897e+01   2.5306950e+01   1.8972359e+01
   1.2814505e+01   1.6158756e+01   1.5618631e+01
   1.6080591e+01   2.3448133e+01   1.6979740e+01
   2.2731935e+01   2.5243759e+01   2.6318399e+01
   1.5995036e+01   2.5033362e+01   1.6587502e+01
   2.3198453e+01   2.6310814e+01   2.6119178e+01
   2.0826036e+01   2.5058606e+01   2.2897117e+01
   2.0725097e+01   2.1995846e+01   2.6709577e+01
   2.1701620e+01   2.5915615e+01   2.3781576e+01
   1.8801371e+01   2.1085652e+01   2.2717605e+01
   2.1455019e+01   2.4647607e+01   2.4305244e+01
   2.0201150e+01   2.2702340e+01   2.3811515e+01
   2.1872528e+01   2.5567189e+01   2.4303807e+01
   1.8720132e+01   2.3924627e+01   2.0297161e+01
   1.4994872e+01   2.1595166e+01   1.6097010e+01
   1.9346644e+01   2.6566678e+01   2.0269584e+01
   1.8963943e+01   2.2758178e+01   2.1333362e+01
   2.2053675e+01   2.5530005e+01   2.4655280e+01
   1.7546906e+01   1.9308813e+01   2.2366756e+01
   2.0851873e+01   2.4973449e+01   2.2991895e+01
   1.7365063e+01   2.2203623e+01   1.9118758e+01
   2.0956482e+01   2.5404384e+01   2.2901042e+01
   1.9706714e+01   2.1774599e+01   2.3951053e+01
   1.5594309e+01   1.7253730e+01   2.0656885e+01
   1.8250292e+01   2.2334487e+01   2.0425592e+01
   1.6723555e+01   2.1151444e+01   1.8700062e+01
   1.9096016e+01   2.2488604e+01   2.1779390e+01
   2.1459470e+01   2.6414791e+01   2.3141078e+01
   1.8038793e+01   2.5823364e+01   1.8841342e+01
   1.6045463e+01   2.5339804e+01   1.6601701e+01
   2.1912303e+01   2.8114333e+01   2.3109559e+01
   1.6176805e+01   2.1538698e+01   1.7700371e+01
   1.3399744e+01   1.5727824e+01   1.7334391e+01
   2.0132938e+01   2.5598711e+01   2.1596171e+01
   1.2845327e+01   1.5375829e+01   1.6519252e+01
   1.6584102e+01   2.6571516e+01   1.7052631e+01
   1.3433915e+01   1.5347346e+01   1.8040240e+01
   1.9973801e+01   2.5007713e+01   2.1622779e+01
   1.5132417e+01   1.8336429e+01   1.8020515e+01
   1.7999687e+01   2.4491446e+01   1.9118147e+01
   1.4010052e+01   1.6394127e+01   1.7850840e+01
   2.0379998e+01   2.6304783e+01   2.1671957e+01
   1.4835140e+01   2.3952242e+01   1.5420329e+01
   1.6090759e+01   2.4029512e+01   1.6868934e+01
   1.7216004e+01   2.2456088e+01   1.8784792e+01
   1.7745636e+01   2.1428498e+01   2.0204841e+01
   1.9447888e+01   2.3580149e+01   2.1586381e+01
   1.9824910e+01   2.2429992e+01   2.3306911e+01
   2.1837089e+01   2.3792098e+01   2.6262440e+01
   2.0457879e+01   2.2525288e+01   2.4698447e+01
   2.1860476e+01   2.7524291e+01   2.3243289e+01
   1.9372404e+01   2.1492397e+01   2.3534556e+01
   2.0765546e+01   2.4471765e+01   2.3191675e+01
   1.8314525e+01   1.9876703e+01   2.3557214e+01
   1.7509293e+01   2.1478280e+01   1.9765527e+01
   1.7661966e+01   2.1556610e+01   1.9968134e+01
   2.0450417e+01   2.4212061e+01   2.2836822e+01
   1.9708581e+01   2.1854142e+01   2.3827966e+01
   1.9645120e+01   2.2261540e+01   2.3114342e+01
   1.7453961e+01   1.8939174e+01   2.2890474e+01
   1.9853113e+01   2.5175407e+01   2.1375837e+01
   2.0102519e+01   2.3411748e+01   2.2852900e+01
   2.1099484e+01   2.4899721e+01   2.3455688e+01
   1.9185725e+01   2.2318005e+01   2.2102770e+01
   2.1018951e+01   2.3869669e+01   2.4212701e+01
   2.0012054e+01   2.8903746e+01   2.0617816e+01
   2.1337680e+01   2.6818292e+01   2.2792116e+01
   1.8529437e+01   2.3778535e+01   2.0087937e+01
   1.7672728e+01   2.0563408e+01   2.0844016e+01
   2.0411778e+01   2.4112986e+01   2.2842960e+01
   1.8595655e+01   1.9920882e+01   2.4440376e+01
   2.2325724e+01   2.7667679e+01   2.3834556e+01
   1.9908046e+01   2.3051297e+01   2.2810802e+01
   1.8967090e+01   2.6058139e+01   1.9921969e+01
   2.0758643e+01   2.3606025e+01   2.3957102e+01
   2.1112275e+01   2.5253419e+01   2.3239121e+01
   1.9640813e+01   2.2709904e+01   2.2616316e+01
   2.0750558e+01   2.4825356e+01   2.2920865e+01
   1.9269599e+01   2.6126789e+01   2.0283051e+01
   1.6456222e+01   2.3586111e+01   1.7409947e+01
   2.1769545e+01   2.4201698e+01   2.5463424e+01
   2.0858626e+01   2.4768141e+01   2.3138799e+01
   1.9276159e+01   2.2674034e+01   2.1954055e+01
   1.5807904e+01   2.3533863e+01   1.6630119e+01
   2.0929470e+01   2.5023665e+01   2.3086717e+01
   1.9219640e+01   2.1367440e+01   2.3338860e+01
   1.4849073e+01   1.9395536e+01   1.6776508e+01
   1.8964208e+01   2.4388983e+01   2.0447646e+01
