   2.0042357e+01   2.6959209e+01   2.1038599e+01
   1.7236597e+01   2.0729998e+01   1.9848752e+01
   1.6987346e+01   2.4320977e+01   1.7890585e+01
   1.2846206e+01   1.6490437e+01   1.5399795e+01
   1.5984432e+01   2.3311427e+01   1.6893361e+01
   2.2572038e+01   2.5170095e+01   2.6051042e+01
   1.5982442e+01   2.5212211e+01   1.6547740e+01
   2.2948937e+01   2.6056097e+01   2.5875246e+01
   2.0762797e+01   2.5035707e+01   2.2809683e+01
   2.0158244e+01   2.1724863e+01   2.5375336e+01
   2.1184386e+01   2.5926204e+01   2.2971152e+01
   1.8368020e+01   2.0875766e+01   2.1982087e+01
   2.1277404e+01   2.4672538e+01   2.3948997e+01
   2.0110443e+01   2.2828199e+01   2.3457012e+01
   2.1346199e+01   2.5254433e+01   2.3625721e+01
   1.6345969e+01   2.1839598e+01   1.7814590e+01
   1.4791994e+01   2.1538595e+01   1.5854424e+01
   1.8363055e+01   2.6274942e+01   1.9139483e+01
   1.8534173e+01   2.2378511e+01   2.0870135e+01
   2.1472015e+01   2.6231813e+01   2.3248976e+01
   1.6859993e+01   1.8855288e+01   2.1253447e+01
   2.0231984e+01   2.4910921e+01   2.2053776e+01
   1.6868557e+01   2.1665837e+01   1.8645987e+01
   2.0058541e+01   2.5445114e+01   2.1554032e+01
   1.8783819e+01   2.0895406e+01   2.2963867e+01
   1.5540061e+01   1.7661784e+01   1.9742551e+01
   1.7959424e+01   2.2169070e+01   2.0057204e+01
   1.6270470e+01   2.1329485e+01   1.7926192e+01
   1.8397286e+01   2.1945077e+01   2.0957012e+01
   2.0969719e+01   2.6735542e+01   2.2316665e+01
   1.7541809e+01   2.5711239e+01   1.8271672e+01
   1.5880160e+01   2.4855547e+01   1.6482243e+01
   2.1395155e+01   2.8045213e+01   2.2460291e+01
   1.5665936e+01   2.1583622e+01   1.6980232e+01
   1.2985586e+01   1.5850558e+01   1.6257712e+01
   1.9388069e+01   2.5456087e+01   2.0634112e+01
   1.3362381e+01   1.5920808e+01   1.6986789e+01
   1.5188628e+01   2.5827590e+01   1.5592016e+01
   1.2630420e+01   1.4678439e+01   1.7024194e+01
   1.9231962e+01   2.5202528e+01   2.0511244e+01
   1.4615220e+01   1.8265761e+01   1.7131918e+01
   1.7548874e+01   2.4544634e+01   1.8531685e+01
   1.3668098e+01   1.6759100e+01   1.6689812e+01
   1.9703297e+01   2.6061286e+01   2.0856548e+01
   1.5194423e+01   2.4223950e+01   1.5790929e+01
   1.5143669e+01   2.3331516e+01   1.5878705e+01
   1.6589018e+01   2.4254704e+01   1.7420646e+01
   1.6744456e+01   2.1092634e+01   1.8767053e+01
   1.9296366e+01   2.3546680e+01   2.1362348e+01
   1.9490297e+01   2.2564825e+01   2.2461300e+01
   2.1702911e+01   2.3667060e+01   2.6112760e+01
   2.0199951e+01   2.2667386e+01   2.3854236e+01
   2.1503599e+01   2.8040087e+01   2.2600613e+01
   1.8699724e+01   2.1326399e+01   2.2162730e+01
   2.0334249e+01   2.4220970e+01   2.2632041e+01
   1.8195159e+01   2.0006641e+01   2.2910113e+01
   1.7307720e+01   2.1481443e+01   1.9432096e+01
   1.7141973e+01   2.2843764e+01   1.8525557e+01
   1.9826123e+01   2.4253775e+01   2.1785853e+01
   1.8955863e+01   2.1622755e+01   2.2368862e+01
   1.9459694e+01   2.2129117e+01   2.2866442e+01
   1.7508312e+01   1.9244657e+01   2.2380456e+01
   1.8993814e+01   2.5196379e+01   2.0197309e+01
   1.9078350e+01   2.3109842e+01   2.1283625e+01
   2.0792313e+01   2.4882594e+01   2.2952509e+01
   1.8930060e+01   2.2594126e+01   2.1396087e+01
   2.0389730e+01   2.3457676e+01   2.3362685e+01
   1.7033397e+01   2.3370893e+01   1.8202029e+01
   2.0613500e+01   2.6922241e+01   2.1779751e+01
   1.7626624e+01   2.3685324e+01   1.8881935e+01
   1.7712504e+01   2.0807807e+01   2.0675342e+01
   1.9836005e+01   2.3803332e+01   2.2080614e+01
   1.8694804e+01   2.0161595e+01   2.4163381e+01
   2.2211395e+01   2.7802132e+01   2.3621272e+01
   1.9500259e+01   2.3156792e+01   2.1969092e+01
   1.6724940e+01   2.3533055e+01   1.7759857e+01
   2.0285924e+01   2.3742583e+01   2.2909801e+01
   2.0243570e+01   2.5000901e+01   2.2025149e+01
   1.9367054e+01   2.2387236e+01   2.2392486e+01
   2.0329418e+01   2.4937373e+01   2.2188231e+01
   1.8443324e+01   2.5845549e+01   1.9326427e+01
   1.5622184e+01   2.3558899e+01   1.6402706e+01
   2.1452675e+01   2.4319020e+01   2.4627901e+01
   2.0040143e+01   2.4589711e+01   2.1931337e+01
   1.8460751e+01   2.2540458e+01   2.0637761e+01
   1.5286259e+01   2.3484537e+01   1.6018736e+01
   2.0691005e+01   2.5147513e+01   2.2631511e+01
   1.8668066e+01   2.1139639e+01   2.2326789e+01
   1.5090472e+01   2.0237580e+01   1.6715897e+01
   1.7934503e+01   2.4333160e+01   1.9080831e+01
