   2.0380389e+01   2.5017525e+01   2.2223581e+01
   1.9371553e+01   2.2967779e+01   2.1887535e+01
   1.8941343e+01   2.5339468e+01   2.0084528e+01
   1.3861430e+01   1.7224160e+01   1.6627288e+01
   1.5904003e+01   2.2691822e+01   1.6948379e+01
   2.1743884e+01   2.4357016e+01   2.5207259e+01
   1.5608249e+01   2.2879450e+01   1.6532057e+01
   2.2871121e+01   2.6410688e+01   2.5419618e+01
   2.0481398e+01   2.4862329e+01   2.2465596e+01
   1.8412518e+01   1.9288848e+01   2.5845339e+01
   2.0839109e+01   2.3559901e+01   2.4178696e+01
   1.9013132e+01   2.1419039e+01   2.2756960e+01
   2.0949455e+01   2.3916648e+01   2.4020884e+01
   1.9782057e+01   2.2119285e+01   2.3615797e+01
   2.1677619e+01   2.4960419e+01   2.4445349e+01
   1.6650262e+01   1.9252714e+01   2.0161998e+01
   1.5059552e+01   2.1377958e+01   1.6245549e+01
   1.9151720e+01   2.3373751e+01   2.1235598e+01
   1.9535880e+01   2.3290111e+01   2.1931550e+01
   1.9839789e+01   2.1463851e+01   2.4929252e+01
   1.8625369e+01   2.0377412e+01   2.3454010e+01
   2.0320691e+01   2.3287729e+01   2.3395012e+01
   1.8970477e+01   2.3786811e+01   2.0727125e+01
   2.1232108e+01   2.4859713e+01   2.3716187e+01
   2.1211309e+01   2.3566669e+01   2.5012224e+01
   1.4144504e+01   1.5129482e+01   2.1202563e+01
   1.8688525e+01   2.2775281e+01   2.0859750e+01
   1.7496423e+01   2.0872326e+01   2.0204905e+01
   1.9842034e+01   2.3428777e+01   2.2363190e+01
   2.1123032e+01   2.4770060e+01   2.3592586e+01
   2.0373126e+01   2.6052777e+01   2.1753146e+01
   1.6855869e+01   2.3961764e+01   1.7813807e+01
   2.2330419e+01   2.8800763e+01   2.3445398e+01
   1.6274112e+01   1.9723448e+01   1.8931752e+01
   1.5491910e+01   1.7939862e+01   1.9217595e+01
   2.0384786e+01   2.5086377e+01   2.2194375e+01
   1.4429723e+01   1.7340231e+01   1.7621557e+01
   1.8138944e+01   2.6932911e+01   1.8762582e+01
   1.5466291e+01   1.7857790e+01   1.9268994e+01
   1.8161417e+01   2.0465770e+01   2.2053959e+01
   1.5535261e+01   1.8598991e+01   1.8552334e+01
   1.8401105e+01   2.4126799e+01   1.9770178e+01
   1.4582220e+01   1.6767342e+01   1.8702626e+01
   2.0576737e+01   2.5467783e+01   2.2291264e+01
   1.6201248e+01   2.3556340e+01   1.7102717e+01
   1.7180542e+01   2.3727185e+01   1.8286219e+01
   1.7410552e+01   2.1466519e+01   1.9609607e+01
   1.8060643e+01   2.0392967e+01   2.1914186e+01
   1.8760925e+01   2.2219740e+01   2.1390698e+01
   1.9746709e+01   2.2021448e+01   2.3670257e+01
   2.1178633e+01   2.3479533e+01   2.5056722e+01
   1.8420056e+01   1.9843103e+01   2.4002614e+01
   2.1354954e+01   2.5100894e+01   2.3749756e+01
   1.9990317e+01   2.1890349e+01   2.4523999e+01
   2.0584856e+01   2.3782872e+01   2.3433357e+01
   1.8228519e+01   1.9624781e+01   2.3883229e+01
   1.7450387e+01   2.1201933e+01   1.9860508e+01
   1.6232588e+01   1.8582125e+01   2.0082327e+01
   2.0635129e+01   2.4075248e+01   2.3271303e+01
   1.8814684e+01   2.0376591e+01   2.4053189e+01
   1.9795085e+01   2.2575320e+01   2.3072259e+01
   1.4578344e+01   1.5550481e+01   2.1675251e+01
   2.0913083e+01   2.4715727e+01   2.3268173e+01
   2.0674085e+01   2.3409710e+01   2.3997374e+01
   2.1439827e+01   2.5232186e+01   2.3800638e+01
   1.8949139e+01   2.1398528e+01   2.2635050e+01
   2.1457640e+01   2.4238721e+01   2.4726269e+01
   1.7666165e+01   2.1128676e+01   2.0300293e+01
   2.1973231e+01   2.6935552e+01   2.3650439e+01
   1.8025333e+01   2.0529870e+01   2.1646427e+01
   1.5150403e+01   1.6753876e+01   2.0345478e+01
   2.0397470e+01   2.4102529e+01   2.2825831e+01
   1.6080667e+01   1.7050294e+01   2.3153085e+01
   2.1834404e+01   2.6798554e+01   2.3511037e+01
   1.7452700e+01   1.9428095e+01   2.1873591e+01
   1.7622352e+01   2.1659005e+01   1.9832626e+01
   1.8573312e+01   2.0340119e+01   2.3372732e+01
   2.0280003e+01   2.3558702e+01   2.3056627e+01
   1.9814317e+01   2.3106495e+01   2.2581112e+01
   2.0549018e+01   2.3907541e+01   2.3254581e+01
   2.0827338e+01   2.5646571e+01   2.2576257e+01
   1.6359401e+01   2.0489847e+01   1.8518658e+01
   2.1635045e+01   2.3916343e+01   2.5539491e+01
   1.9269379e+01   2.1466994e+01   2.3311146e+01
   1.9783940e+01   2.2313774e+01   2.3359968e+01
   1.6152647e+01   2.0281286e+01   1.8314932e+01
   2.0740026e+01   2.4739013e+01   2.2960064e+01
   1.8247865e+01   1.9819709e+01   2.3468894e+01
   1.5345975e+01   1.8718662e+01   1.8079757e+01
   1.8800048e+01   2.1925451e+01   2.1726004e+01
