   2.1142616e+01   2.7317600e+01   2.2349785e+01
   1.9507774e+01   2.2856468e+01   2.2226592e+01
   1.9163915e+01   2.6090935e+01   2.0159498e+01
   1.4250790e+01   1.7620042e+01   1.7004037e+01
   1.6192541e+01   2.3742867e+01   1.7050411e+01
   2.2904125e+01   2.5287040e+01   2.6660835e+01
   1.6030156e+01   2.5003324e+01   1.6632088e+01
   2.3429012e+01   2.6650152e+01   2.6247618e+01
   2.0953536e+01   2.5265398e+01   2.2976630e+01
   2.1417852e+01   2.2474505e+01   2.8098488e+01
   2.2372014e+01   2.6227232e+01   2.4685649e+01
   1.9320775e+01   2.1530831e+01   2.3343274e+01
   2.1583997e+01   2.4835373e+01   2.4380143e+01
   2.0614447e+01   2.2954326e+01   2.4439835e+01
   2.2531395e+01   2.6014335e+01   2.5126341e+01
   1.7389481e+01   2.0192637e+01   2.0658651e+01
   1.5244308e+01   2.1797378e+01   1.6358403e+01
   2.0749218e+01   2.7163145e+01   2.1883371e+01
   1.9705975e+01   2.3330902e+01   2.2198068e+01
   2.1499593e+01   2.3236853e+01   2.6339062e+01
   1.8658795e+01   2.0316145e+01   2.3685042e+01
   2.1134403e+01   2.4842041e+01   2.3558217e+01
   1.8957782e+01   2.3897203e+01   2.0654640e+01
   2.1460061e+01   2.5342565e+01   2.3757042e+01
   2.1298585e+01   2.3478265e+01   2.5356307e+01
   1.5143191e+01   1.6409431e+01   2.1211779e+01
   1.8774537e+01   2.2912799e+01   2.0912407e+01
   1.7655329e+01   2.1282753e+01   2.0157589e+01
   1.9918323e+01   2.3424543e+01   2.2503266e+01
   2.2290916e+01   2.6394838e+01   2.4438279e+01
   2.0421524e+01   2.6220874e+01   2.1757596e+01
   1.7405035e+01   2.6364446e+01   1.8005283e+01
   2.2583363e+01   2.8794569e+01   2.3776758e+01
   1.7252510e+01   2.1766995e+01   1.9176528e+01
   1.5632706e+01   1.8088618e+01   1.9345586e+01
   2.0994970e+01   2.6063275e+01   2.2625364e+01
   1.4583209e+01   1.7647036e+01   1.7614658e+01
   1.7982847e+01   2.7175508e+01   1.8548456e+01
   1.5579615e+01   1.7853756e+01   1.9547461e+01
   2.0648715e+01   2.4553773e+01   2.2932673e+01
   1.5891905e+01   1.9153226e+01   1.8717365e+01
   1.8744737e+01   2.4725414e+01   2.0022119e+01
   1.4819965e+01   1.7035419e+01   1.8889029e+01
   2.1423426e+01   2.6728604e+01   2.2949328e+01
   1.6240568e+01   2.5060717e+01   1.6864970e+01
   1.7288883e+01   2.4886855e+01   1.8132426e+01
   1.7919897e+01   2.2179496e+01   1.9987363e+01
   1.9118058e+01   2.1861134e+01   2.2441310e+01
   1.9629131e+01   2.3729941e+01   2.1786884e+01
   1.9950869e+01   2.2301553e+01   2.3764714e+01
   2.1967037e+01   2.3986552e+01   2.6280418e+01
   2.0803783e+01   2.2676435e+01   2.5383175e+01
   2.2438097e+01   2.7559514e+01   2.4041569e+01
   2.0176104e+01   2.2034304e+01   2.4786146e+01
   2.1327582e+01   2.5056595e+01   2.3734926e+01
   1.8623267e+01   1.9954864e+01   2.4449846e+01
   1.7824623e+01   2.1686063e+01   2.0152926e+01
   1.6765006e+01   1.9210131e+01   2.0476973e+01
   2.1266791e+01   2.4600201e+01   2.3991396e+01
   2.0384145e+01   2.2106111e+01   2.5260973e+01
   1.9961968e+01   2.2575738e+01   2.3432608e+01
   1.7079400e+01   1.8421106e+01   2.2896288e+01
   2.1131096e+01   2.5234332e+01   2.3281939e+01
   2.1716936e+01   2.4458689e+01   2.5029018e+01
   2.1462561e+01   2.5176288e+01   2.3880811e+01
   1.9642456e+01   2.2361503e+01   2.2990095e+01
   2.1689586e+01   2.4273743e+01   2.5188642e+01
   1.8702045e+01   2.3078303e+01   2.0696100e+01
   2.2238586e+01   2.7043638e+01   2.3991248e+01
   2.0092843e+01   2.4014274e+01   2.2367609e+01
   1.8249503e+01   2.1506134e+01   2.1057292e+01
   2.0845923e+01   2.4507602e+01   2.3305275e+01
   1.9303109e+01   2.0655228e+01   2.5066525e+01
   2.2841437e+01   2.8124659e+01   2.4374018e+01
   2.0633234e+01   2.3726985e+01   2.3580030e+01
   1.8377704e+01   2.2477332e+01   2.0542330e+01
   2.1466457e+01   2.3996284e+01   2.5034346e+01
   2.1796500e+01   2.5516554e+01   2.4209085e+01
   1.9913504e+01   2.3135452e+01   2.2743040e+01
   2.1004653e+01   2.4939794e+01   2.3266802e+01
   2.1338796e+01   2.6694725e+01   2.2843731e+01
   1.6991874e+01   2.1441709e+01   1.8953907e+01
   2.2107032e+01   2.4133608e+01   2.6407936e+01
   2.1513646e+01   2.5423327e+01   2.3791682e+01
   2.0290572e+01   2.2958684e+01   2.3694264e+01
   1.6585547e+01   2.0933155e+01   1.8609729e+01
   2.1172139e+01   2.5049180e+01   2.3473789e+01
   1.9735911e+01   2.1653023e+01   2.4240211e+01
   1.5482433e+01   1.8897755e+01   1.8177901e+01
   2.0453693e+01   2.4491848e+01   2.2648859e+01
