   1.5878819e+01   2.3816339e+01   1.6658090e+01
   1.5050329e+01   1.9522426e+01   1.7017106e+01
   1.2052744e+01   2.0324727e+01   1.2792890e+01
   1.1178863e+01   1.6657583e+01   1.2717784e+01
   1.4225046e+01   2.3368419e+01   1.4809083e+01
   1.8822458e+01   2.4578884e+01   2.0178705e+01
   1.4829623e+01   2.6776455e+01   1.5125388e+01
   1.7944020e+01   2.3690932e+01   1.9307134e+01
   1.7022617e+01   2.3757904e+01   1.8075962e+01
   1.5774649e+01   1.9602342e+01   1.8144636e+01
   1.6330034e+01   2.4610364e+01   1.7043604e+01
   1.5058808e+01   1.9905996e+01   1.6826380e+01
   1.7972575e+01   2.3344072e+01   1.9481901e+01
   1.6658330e+01   2.1878333e+01   1.8239209e+01
   1.6566306e+01   2.3580429e+01   1.7548323e+01
   1.2769262e+01   2.2474770e+01   1.3285321e+01
   1.3631216e+01   2.0602585e+01   1.4642550e+01
   1.5423339e+01   2.5201918e+01   1.5919317e+01
   1.3619473e+01   1.7845214e+01   1.5751917e+01
   1.3601839e+01   1.7517819e+01   1.5939368e+01
   1.6507996e+01   1.9363183e+01   1.9729154e+01
   1.7568332e+01   2.3699611e+01   1.8799932e+01
   1.6205840e+01   2.3187825e+01   1.7197666e+01
   1.5768349e+01   2.4647348e+01   1.6385279e+01
   1.7081982e+01   2.0416005e+01   1.9830309e+01
   1.3652249e+01   1.7566677e+01   1.5989992e+01
   1.4582962e+01   2.0831697e+01   1.5794605e+01
   1.2514949e+01   2.1354326e+01   1.3154610e+01
   1.5169535e+01   2.1056835e+01   1.6498196e+01
   1.6942886e+01   2.6607750e+01   1.7448820e+01
   1.7082611e+01   2.4495825e+01   1.7967382e+01
   1.4836782e+01   2.2648717e+01   1.5646072e+01
   1.5860968e+01   2.2214561e+01   1.7030803e+01
   1.3347559e+01   2.1039018e+01   1.4191664e+01
   1.5701966e+01   2.1373082e+01   1.7105933e+01
   1.3893847e+01   2.2712185e+01   1.4528195e+01
   1.4061876e+01   1.8854640e+01   1.5868223e+01
   8.7959210e+00   2.1428415e+01   9.0706545e+00
   1.4537457e+01   1.8541839e+01   1.6799705e+01
   1.4475317e+01   2.2233759e+01   1.5297648e+01
   1.3533816e+01   1.9844598e+01   1.4735410e+01
   1.3635181e+01   2.2474815e+01   1.4267620e+01
   1.5608118e+01   2.1043074e+01   1.7105713e+01
   1.4574282e+01   2.2307751e+01   1.5401220e+01
   1.5684547e+01   2.6411321e+01   1.6078306e+01
   1.2951294e+01   2.0405030e+01   1.3851122e+01
   1.5356011e+01   2.1359101e+01   1.6642895e+01
   1.3116205e+01   1.9189659e+01   1.4400142e+01
   1.6917697e+01   2.3189563e+01   1.8107245e+01
   1.6922390e+01   2.2476586e+01   1.8363567e+01
   1.7668225e+01   2.3098139e+01   1.9155048e+01
   1.6629242e+01   2.2860171e+01   1.7833144e+01
   1.6128766e+01   2.8234500e+01   1.6411301e+01
   1.4015367e+01   1.9431621e+01   1.5535679e+01
   1.7811116e+01   2.4113836e+01   1.8987203e+01
   1.5907241e+01   1.9443728e+01   1.8497357e+01
   1.5585131e+01   2.0949050e+01   1.7112265e+01
   1.3670481e+01   2.1529384e+01   1.4477410e+01
   1.7416544e+01   2.3603399e+01   1.8630799e+01
   1.5438642e+01   2.2186121e+01   1.6496643e+01
   1.5088940e+01   2.0124966e+01   1.6765259e+01
   1.5094308e+01   1.8965991e+01   1.7440877e+01
   1.3038356e+01   2.4416925e+01   1.3382309e+01
   1.5194290e+01   2.1202017e+01   1.6480782e+01
   1.6807975e+01   2.3571854e+01   1.7854453e+01
   1.6388998e+01   2.3260199e+01   1.7408687e+01
   1.6015026e+01   2.2018974e+01   1.7297175e+01
   1.3892487e+01   2.3145369e+01   1.4462600e+01
   1.7222127e+01   2.5322446e+01   1.7965625e+01
   1.5367063e+01   2.4000130e+01   1.6024167e+01
   1.5756111e+01   2.0844454e+01   1.7402349e+01
   1.5353741e+01   2.1870689e+01   1.6477671e+01
   1.6125084e+01   2.0039875e+01   1.8430005e+01
   1.7251388e+01   2.5514397e+01   1.7965174e+01
   1.6854000e+01   2.3620287e+01   1.7899625e+01
   1.3974802e+01   2.2757182e+01   1.4614372e+01
   1.7682523e+01   2.2649550e+01   1.9372274e+01
   1.6055906e+01   2.5132435e+01   1.6642647e+01
   1.5484382e+01   2.4391471e+01   1.6098051e+01
   1.5256715e+01   2.3235033e+01   1.6030785e+01
   1.4972921e+01   2.4528969e+01   1.5498027e+01
   1.3659743e+01   2.2697418e+01   1.4261970e+01
   1.5728177e+01   2.2346293e+01   1.6820591e+01
   1.5331160e+01   2.2491353e+01   1.6283065e+01
   1.5214626e+01   2.1733368e+01   1.6338942e+01
   1.3726491e+01   2.2605645e+01   1.4352297e+01
   1.7252458e+01   2.4526208e+01   1.8168647e+01
   1.6019741e+01   2.0391166e+01   1.8034760e+01
   1.3944546e+01   2.0111138e+01   1.5188467e+01
   1.4486480e+01   2.3935440e+01   1.5027345e+01
