   2.1080573e+01   2.7293647e+01   2.2275744e+01
   1.9354920e+01   2.2733773e+01   2.2048593e+01
   1.9075399e+01   2.5971369e+01   2.0079218e+01
   1.3909447e+01   1.7266889e+01   1.6679043e+01
   1.6167847e+01   2.3690884e+01   1.7031778e+01
   2.2730653e+01   2.5335409e+01   2.6200999e+01
   1.6013139e+01   2.4981350e+01   1.6615859e+01
   2.3270186e+01   2.6533776e+01   2.6050796e+01
   2.0877770e+01   2.5207661e+01   2.2890459e+01
   2.2555781e+01   2.4025088e+01   2.7993614e+01
   2.2304720e+01   2.6232300e+01   2.4568430e+01
   1.9238548e+01   2.1475307e+01   2.3221495e+01
   2.1550202e+01   2.4807268e+01   2.4341340e+01
   2.0494719e+01   2.2822009e+01   2.4338479e+01
   2.2452381e+01   2.5940350e+01   2.5043428e+01
   1.7242989e+01   2.0080037e+01   2.0476170e+01
   1.5218801e+01   2.1764717e+01   1.6335145e+01
   2.0612645e+01   2.7205217e+01   2.1695230e+01
   1.9598436e+01   2.3259071e+01   2.2063679e+01
   2.1353826e+01   2.3130724e+01   2.6114314e+01
   1.8578613e+01   2.0260189e+01   2.3553697e+01
   2.1562660e+01   2.5803090e+01   2.3626855e+01
   1.8865602e+01   2.3811033e+01   2.0559978e+01
   2.1462431e+01   2.5326153e+01   2.3772506e+01
   2.1174149e+01   2.3381565e+01   2.5190098e+01
   2.1706415e+01   2.6036834e+01   2.3716526e+01
   1.8728338e+01   2.2908815e+01   2.0839939e+01
   1.7573076e+01   2.1138829e+01   2.0124261e+01
   1.9841398e+01   2.3371206e+01   2.2407685e+01
   2.2074581e+01   2.6193579e+01   2.4212855e+01
   2.0241803e+01   2.6148409e+01   2.1540393e+01
   1.7416853e+01   2.6443580e+01   1.8007208e+01
   2.2441972e+01   2.8733270e+01   2.3610561e+01
   1.7250219e+01   2.1861104e+01   1.9121773e+01
   1.5546542e+01   1.7980312e+01   1.9290394e+01
   2.0853199e+01   2.5950133e+01   2.2470997e+01
   1.4442084e+01   1.7479700e+01   1.7502146e+01
   1.7916093e+01   2.6923357e+01   1.8508210e+01
   1.5490259e+01   1.7748928e+01   1.9482399e+01
   2.1552642e+01   2.7102332e+01   2.2979529e+01
   1.5922228e+01   1.9232123e+01   1.8703795e+01
   1.8787507e+01   2.4546167e+01   2.0143060e+01
   1.4826768e+01   1.7019195e+01   1.8930979e+01
   2.1376542e+01   2.6537494e+01   2.2964589e+01
   1.6030554e+01   2.5163714e+01   1.6609265e+01
   1.7287434e+01   2.4831741e+01   1.8142536e+01
   1.7933060e+01   2.2215004e+01   1.9986962e+01
   1.9232663e+01   2.1844908e+01   2.2709524e+01
   1.9575366e+01   2.3754994e+01   2.1683574e+01
   1.9911906e+01   2.2192090e+01   2.3826512e+01
   2.1830136e+01   2.3954783e+01   2.5971647e+01
   2.1048243e+01   2.3215058e+01   2.5126989e+01
   2.2371409e+01   2.7759638e+01   2.3861118e+01
   2.0117994e+01   2.1900677e+01   2.4873937e+01
   2.1315983e+01   2.5144413e+01   2.3651377e+01
   1.8551434e+01   1.9871265e+01   2.4411818e+01
   1.7804696e+01   2.1725272e+01   2.0091941e+01
   1.6671005e+01   1.9140578e+01   2.0351673e+01
   2.1134419e+01   2.4541515e+01   2.3796396e+01
   2.0289662e+01   2.2081636e+01   2.5026220e+01
   1.9894745e+01   2.2529260e+01   2.3340642e+01
   2.1266892e+01   2.4269815e+01   2.4300799e+01
   2.1053189e+01   2.5246486e+01   2.3147672e+01
   2.1353066e+01   2.4100039e+01   2.4660559e+01
   2.1412094e+01   2.5125028e+01   2.3831088e+01
   1.9530092e+01   2.2243013e+01   2.2885475e+01
   2.1639703e+01   2.4230898e+01   2.5130279e+01
   1.8706232e+01   2.3090326e+01   2.0695729e+01
   2.2136165e+01   2.6957454e+01   2.3880996e+01
   2.0132537e+01   2.4246011e+01   2.2280195e+01
   1.8733228e+01   2.2552441e+01   2.1085949e+01
   2.0713408e+01   2.4393966e+01   2.3158958e+01
   2.0000734e+01   2.1540431e+01   2.5281706e+01
   2.2574717e+01   2.7780733e+01   2.4140766e+01
   2.0968661e+01   2.4422465e+01   2.3592239e+01
   1.8222364e+01   2.2409683e+01   2.0332434e+01
   2.1574443e+01   2.4325016e+01   2.4877010e+01
   2.1687572e+01   2.5373995e+01   2.4125550e+01
   1.9875425e+01   2.3097362e+01   2.2705156e+01
   2.0982007e+01   2.4838971e+01   2.3298308e+01
   2.1200345e+01   2.6563474e+01   2.2702609e+01
   1.6796264e+01   2.1367734e+01   1.8692184e+01
   2.2028029e+01   2.4079437e+01   2.6287700e+01
   2.1489993e+01   2.5287053e+01   2.3847275e+01
   2.0226240e+01   2.2898527e+01   2.3625322e+01
   1.6456238e+01   2.0925715e+01   1.8411213e+01
   2.1115570e+01   2.4984330e+01   2.3423177e+01
   1.9709957e+01   2.1605404e+01   2.4253898e+01
   1.5385871e+01   1.8832626e+01   1.8056055e+01
   2.0316318e+01   2.4406903e+01   2.2477948e+01
