   2.1300451e+01   2.7266790e+01   2.2576219e+01
   1.9557922e+01   2.3068698e+01   2.2140878e+01
   1.9542322e+01   2.6835295e+01   2.0447792e+01
   1.4098121e+01   1.7585488e+01   1.6753682e+01
   1.6223392e+01   2.3799852e+01   1.7075470e+01
   2.2800459e+01   2.5512657e+01   2.6143028e+01
   1.6009692e+01   2.4885931e+01   1.6626239e+01
   2.3491710e+01   2.6881708e+01   2.6161752e+01
   2.1106495e+01   2.5578051e+01   2.3037369e+01
   2.0933948e+01   2.2044830e+01   2.7425754e+01
   2.2420780e+01   2.6239208e+01   2.4760308e+01
   1.9241439e+01   2.1563619e+01   2.3099993e+01
   2.1852345e+01   2.5221702e+01   2.4544050e+01
   2.0226099e+01   2.2539805e+01   2.4090608e+01
   2.2763819e+01   2.6291132e+01   2.5322348e+01
   1.7017216e+01   1.9762063e+01   2.0355891e+01
   1.5320575e+01   2.2032238e+01   1.6389173e+01
   2.0673803e+01   2.7004249e+01   2.1833281e+01
   1.9910152e+01   2.3488256e+01   2.2437782e+01
   2.0963271e+01   2.2533244e+01   2.6167725e+01
   1.8787973e+01   2.0441443e+01   2.3821447e+01
   2.1326056e+01   2.4921668e+01   2.3834602e+01
   1.9126133e+01   2.4063544e+01   2.0823278e+01
   2.1571591e+01   2.5362221e+01   2.3933259e+01
   2.1473087e+01   2.3645538e+01   2.5541191e+01
   1.5097358e+01   1.6238155e+01   2.1563099e+01
   1.8835979e+01   2.2964378e+01   2.0979790e+01
   1.7666385e+01   2.1124179e+01   2.0304419e+01
   2.0029826e+01   2.3570816e+01   2.2586324e+01
   2.1754822e+01   2.5933337e+01   2.3856527e+01
   2.0656048e+01   2.6357951e+01   2.2027120e+01
   1.7335142e+01   2.6283172e+01   1.7937238e+01
   2.2759192e+01   2.9166132e+01   2.3892335e+01
   1.7274009e+01   2.1518512e+01   1.9354852e+01
   1.5823874e+01   1.8339073e+01   1.9456266e+01
   2.1204670e+01   2.6464936e+01   2.2750058e+01
   1.4789110e+01   1.7898236e+01   1.7772680e+01
   1.8466939e+01   2.7727106e+01   1.9022395e+01
   1.5766401e+01   1.8108879e+01   1.9632823e+01
   2.0388867e+01   2.3911612e+01   2.2958465e+01
   1.5956986e+01   1.9246415e+01   1.8756372e+01
   1.8674151e+01   2.4541017e+01   1.9991255e+01
   1.4870536e+01   1.7122118e+01   1.8884206e+01
   2.1225915e+01   2.6454385e+01   2.2784886e+01
   1.6624590e+01   2.5091662e+01   1.7304808e+01
   1.7543031e+01   2.5021950e+01   1.8411619e+01
   1.7919444e+01   2.2195504e+01   1.9976967e+01
   1.9215343e+01   2.1940763e+01   2.2558219e+01
   1.9550230e+01   2.3559412e+01   2.1768069e+01
   2.0044297e+01   2.2240940e+01   2.4082518e+01
   2.1973528e+01   2.4043974e+01   2.6201986e+01
   2.0426775e+01   2.2351027e+01   2.4913860e+01
   2.2486277e+01   2.7433813e+01   2.4169475e+01
   2.0260718e+01   2.2056666e+01   2.4989659e+01
   2.1443005e+01   2.5146195e+01   2.3869160e+01
   1.8503400e+01   1.9853810e+01   2.4278997e+01
   1.7860635e+01   2.1675585e+01   2.0221748e+01
   1.6554527e+01   1.9008480e+01   2.0257290e+01
   2.1387218e+01   2.4823778e+01   2.4023660e+01
   2.0287330e+01   2.2112581e+01   2.4959275e+01
   2.0029859e+01   2.2681381e+01   2.3454627e+01
   1.6221654e+01   1.7495981e+01   2.2244905e+01
   2.1302211e+01   2.5322581e+01   2.3506330e+01
   2.1273378e+01   2.4118834e+01   2.4471816e+01
   2.1805919e+01   2.5658675e+01   2.4122720e+01
   1.9403358e+01   2.2021468e+01   2.2871994e+01
   2.1888262e+01   2.4488988e+01   2.5366244e+01
   1.8298976e+01   2.2347956e+01   2.0496907e+01
   2.2473138e+01   2.7383501e+01   2.4174038e+01
   1.9910903e+01   2.3569520e+01   2.2376265e+01
   1.6739388e+01   1.8987890e+01   2.0728635e+01
   2.0679963e+01   2.4329461e+01   2.3149181e+01
   1.7889323e+01   1.9044132e+01   2.4260469e+01
   2.2438870e+01   2.7473825e+01   2.4081446e+01
   1.9446967e+01   2.1866335e+01   2.3169628e+01
   1.7962364e+01   2.2091509e+01   2.0110564e+01
   2.0615103e+01   2.2771205e+01   2.4712677e+01
   2.1864524e+01   2.5580705e+01   2.4279792e+01
   2.0043981e+01   2.3358319e+01   2.2790139e+01
   2.1049206e+01   2.4774352e+01   2.3460303e+01
   2.1256994e+01   2.6232216e+01   2.2929715e+01
   1.6820992e+01   2.1431345e+01   1.8695749e+01
   2.2094717e+01   2.4132204e+01   2.6377338e+01
   2.1481137e+01   2.4937983e+01   2.4100464e+01
   2.0155152e+01   2.2641744e+01   2.3784659e+01
   1.6512706e+01   2.1004300e+01   1.8454810e+01
   2.1223099e+01   2.5133470e+01   2.3501520e+01
   1.9769616e+01   2.1637148e+01   2.4364822e+01
   1.5566233e+01   1.8968564e+01   1.8271704e+01
   2.0334551e+01   2.4359204e+01   2.2539018e+01
