   2.0964539e+01   2.7103686e+01   2.2183572e+01
   1.8834149e+01   2.2219690e+01   2.1525039e+01
   1.8773492e+01   2.5742351e+01   1.9759378e+01
   1.2961769e+01   1.6273543e+01   1.5791412e+01
   1.6153363e+01   2.3533568e+01   1.7049294e+01
   2.2610600e+01   2.5215763e+01   2.6080803e+01
   1.5998299e+01   2.4888237e+01   1.6612804e+01
   2.3074252e+01   2.6346612e+01   2.5847469e+01
   2.0881776e+01   2.5114288e+01   2.2952720e+01
   2.0852225e+01   2.1996297e+01   2.7232358e+01
   2.2037300e+01   2.5935542e+01   2.4321805e+01
   1.8918261e+01   2.1276069e+01   2.2728969e+01
   2.1486692e+01   2.4635328e+01   2.4377837e+01
   1.9912329e+01   2.2421404e+01   2.3514138e+01
   2.2222572e+01   2.5806956e+01   2.4737281e+01
   1.7343412e+01   2.0767667e+01   2.0012044e+01
   1.5136034e+01   2.1661935e+01   1.6258778e+01
   2.0036574e+01   2.6794145e+01   2.1074774e+01
   1.9393863e+01   2.3084711e+01   2.1837245e+01
   2.1007718e+01   2.2899157e+01   2.5551309e+01
   1.8124520e+01   1.9766727e+01   2.3188930e+01
   2.1087976e+01   2.4812784e+01   2.3499195e+01
   1.8211731e+01   2.3079729e+01   1.9946367e+01
   2.1462595e+01   2.5301085e+01   2.3790423e+01
   2.0563107e+01   2.2643028e+01   2.4782584e+01
   1.5082693e+01   1.6302458e+01   2.1293969e+01
   1.8468873e+01   2.2481747e+01   2.0689642e+01
   1.7184428e+01   2.0864921e+01   1.9649707e+01
   1.9494773e+01   2.2857799e+01   2.2201287e+01
   2.1381412e+01   2.5933654e+01   2.3267156e+01
   1.9304725e+01   2.6092365e+01   2.0336511e+01
   1.7264220e+01   2.6061638e+01   1.7889285e+01
   2.2111990e+01   2.8191705e+01   2.3348431e+01
   1.6802078e+01   2.1427829e+01   1.8668739e+01
   1.4495602e+01   1.6728663e+01   1.8544506e+01
   2.0547719e+01   2.5637080e+01   2.2169734e+01
   1.3386314e+01   1.6124828e+01   1.6791276e+01
   1.7618847e+01   2.6584482e+01   1.8217696e+01
   1.4589809e+01   1.6612131e+01   1.8974871e+01
   2.0571072e+01   2.4362613e+01   2.2935347e+01
   1.5544801e+01   1.8617572e+01   1.8552816e+01
   1.8410177e+01   2.4216439e+01   1.9749845e+01
   1.4378145e+01   1.6475633e+01   1.8642300e+01
   2.0894948e+01   2.6285825e+01   2.2386513e+01
   1.5031581e+01   2.4274489e+01   1.5598241e+01
   1.7267481e+01   2.4686529e+01   1.8150299e+01
   1.7535226e+01   2.1729414e+01   1.9645271e+01
   1.8733760e+01   2.1710965e+01   2.1806598e+01
   1.9529795e+01   2.3596019e+01   2.1710283e+01
   1.9983350e+01   2.2078718e+01   2.4181060e+01
   2.1913935e+01   2.3882115e+01   2.6315846e+01
   2.0344454e+01   2.2278688e+01   2.4814113e+01
   2.2136461e+01   2.7295136e+01   2.3723967e+01
   1.9866251e+01   2.1529129e+01   2.4870866e+01
   2.0977091e+01   2.4566712e+01   2.3491479e+01
   1.8288507e+01   1.9682305e+01   2.3949107e+01
   1.7646567e+01   2.1519783e+01   1.9967813e+01
   1.6679379e+01   1.9567176e+01   1.9863454e+01
   2.0902561e+01   2.4269060e+01   2.3599896e+01
   2.0003434e+01   2.2013331e+01   2.4343032e+01
   1.9795476e+01   2.2400006e+01   2.3278322e+01
   1.6716077e+01   1.8010386e+01   2.2672763e+01
   2.0519952e+01   2.5106661e+01   2.2389522e+01
   2.0586845e+01   2.3574522e+01   2.3638914e+01
   2.1272966e+01   2.4925528e+01   2.3737812e+01
   1.9201601e+01   2.2021647e+01   2.2438053e+01
   2.1432781e+01   2.4090716e+01   2.4843478e+01
   1.9453063e+01   2.5195411e+01   2.0812418e+01
   2.1749984e+01   2.6676817e+01   2.3444453e+01
   1.9558085e+01   2.3943332e+01   2.1543137e+01
   1.7525588e+01   2.0237986e+01   2.0896659e+01
   2.0443149e+01   2.4134005e+01   2.2881964e+01
   1.8451909e+01   1.9686417e+01   2.4563886e+01
   2.2065578e+01   2.7318834e+01   2.3612197e+01
   2.0093545e+01   2.2861938e+01   2.3382437e+01
   1.8257764e+01   2.3438089e+01   1.9847352e+01
   2.0944325e+01   2.3403179e+01   2.4606207e+01
   2.1685947e+01   2.5331408e+01   2.4154943e+01
   1.9748665e+01   2.2860821e+01   2.2681861e+01
   2.0932110e+01   2.4638773e+01   2.3357328e+01
   2.0407185e+01   2.6356045e+01   2.1690790e+01
   1.6478461e+01   2.1820515e+01   1.8008293e+01
   2.1969766e+01   2.4151652e+01   2.6021319e+01
   2.1446523e+01   2.4791816e+01   2.4160213e+01
   1.9915488e+01   2.2825622e+01   2.3050918e+01
   1.6338160e+01   2.1613153e+01   1.7897379e+01
   2.1051433e+01   2.4950640e+01   2.3338085e+01
   1.9523871e+01   2.1425680e+01   2.4057470e+01
   1.4885904e+01   1.8650813e+01   1.7312359e+01
   1.9724906e+01   2.4302088e+01   2.1602283e+01
