   2.1397527e+01   2.7656763e+01   2.2577640e+01
   1.9624058e+01   2.3079857e+01   2.2251653e+01
   1.9522735e+01   2.6805537e+01   2.0430602e+01
   1.4243705e+01   1.7699732e+01   1.6922935e+01
   1.6223186e+01   2.3803273e+01   1.7074482e+01
   2.3062026e+01   2.5678663e+01   2.6516994e+01
   1.6068198e+01   2.5123146e+01   1.6658022e+01
   2.3515604e+01   2.6848248e+01   2.6234806e+01
   2.1114305e+01   2.5581242e+01   2.3047739e+01
   2.1902237e+01   2.3072394e+01   2.8190939e+01
   2.2540869e+01   2.6412480e+01   2.4842641e+01
   1.9305481e+01   2.1605566e+01   2.3195193e+01
   2.1896781e+01   2.5255463e+01   2.4597511e+01
   2.0458195e+01   2.2840626e+01   2.4225251e+01
   2.2880439e+01   2.6456040e+01   2.5400428e+01
   1.7135176e+01   1.9863868e+01   2.0491201e+01
   1.5323965e+01   2.2039665e+01   1.6391422e+01
   2.0800297e+01   2.7252528e+01   2.1923009e+01
   1.9907756e+01   2.3485569e+01   2.2435625e+01
   2.1345898e+01   2.2961407e+01   2.6445296e+01
   1.8780999e+01   2.0431637e+01   2.3820680e+01
   2.1722597e+01   2.5604214e+01   2.4019453e+01
   1.9134788e+01   2.4097474e+01   2.0819912e+01
   2.1573243e+01   2.5399775e+01   2.3909225e+01
   2.1467330e+01   2.3640992e+01   2.5533588e+01
   1.6422453e+01   1.7867898e+01   2.1973359e+01
   1.8843298e+01   2.2972592e+01   2.0986505e+01
   1.7724032e+01   2.1289878e+01   2.0274009e+01
   2.0036331e+01   2.3564776e+01   2.2602838e+01
   2.2015682e+01   2.6409994e+01   2.3987980e+01
   2.0688892e+01   2.6407829e+01   2.2053597e+01
   1.7397806e+01   2.6463073e+01   1.7982633e+01
   2.2754336e+01   2.9141882e+01   2.3893278e+01
   1.7412737e+01   2.1859811e+01   1.9373476e+01
   1.5811119e+01   1.8319640e+01   1.9452321e+01
   2.1289716e+01   2.6547911e+01   2.2835799e+01
   1.4820640e+01   1.7932612e+01   1.7800944e+01
   1.8325202e+01   2.7638804e+01   1.8873670e+01
   1.5745136e+01   1.8079661e+01   1.9623153e+01
   2.1102270e+01   2.5468462e+01   2.3093110e+01
   1.5954082e+01   1.9219714e+01   1.8774900e+01
   1.8705827e+01   2.4730148e+01   1.9968564e+01
   1.4880341e+01   1.7117161e+01   1.8915926e+01
   2.1335062e+01   2.6821109e+01   2.2787347e+01
   1.6643119e+01   2.5231431e+01   1.7303116e+01
   1.7502096e+01   2.5033076e+01   1.8359405e+01
   1.7927226e+01   2.2202126e+01   1.9985402e+01
   1.9230910e+01   2.1996822e+01   2.2527510e+01
   1.9795269e+01   2.3844836e+01   2.1985482e+01
   2.0033839e+01   2.2280439e+01   2.3997021e+01
   2.2070567e+01   2.4120029e+01   2.6333304e+01
   2.0831865e+01   2.2797837e+01   2.5242645e+01
   2.2604154e+01   2.7555917e+01   2.4285148e+01
   2.0281948e+01   2.2098518e+01   2.4970646e+01
   2.1523895e+01   2.5283853e+01   2.3907936e+01
   1.8582467e+01   1.9936677e+01   2.4346819e+01
   1.7921079e+01   2.1797815e+01   2.0237997e+01
   1.6629826e+01   1.9068037e+01   2.0352669e+01
   2.1476373e+01   2.4883568e+01   2.4137116e+01
   2.0411349e+01   2.2179405e+01   2.5194525e+01
   2.0038770e+01   2.2681066e+01   2.3474530e+01
   1.8015220e+01   1.9552233e+01   2.3320032e+01
   2.1299707e+01   2.5318153e+01   2.3505103e+01
   2.1793047e+01   2.4619275e+01   2.5010532e+01
   2.1784899e+01   2.5618998e+01   2.4114920e+01
   1.9629680e+01   2.2315224e+01   2.3016405e+01
   2.1900026e+01   2.4486758e+01   2.5395143e+01
   1.8419374e+01   2.2525813e+01   2.0579397e+01
   2.2471992e+01   2.7380720e+01   2.4173677e+01
   2.0360753e+01   2.4274924e+01   2.2639476e+01
   1.7577143e+01   2.0279784e+01   2.0959101e+01
   2.0825935e+01   2.4538976e+01   2.3246772e+01
   1.8565056e+01   1.9756383e+01   2.4810340e+01
   2.2715101e+01   2.8026475e+01   2.4236038e+01
   2.0215217e+01   2.2911953e+01   2.3585651e+01
   1.8101379e+01   2.2176730e+01   2.0283287e+01
   2.1144927e+01   2.3472295e+01   2.4985440e+01
   2.1920355e+01   2.5616296e+01   2.4350545e+01
   2.0070952e+01   2.3385952e+01   2.2816405e+01
   2.1091302e+01   2.4939873e+01   2.3413154e+01
   2.1484416e+01   2.6874205e+01   2.2975132e+01
   1.6922611e+01   2.1470103e+01   1.8830708e+01
   2.2229576e+01   2.4281174e+01   2.6488164e+01
   2.1604604e+01   2.5254604e+01   2.4070377e+01
   2.0281037e+01   2.2848072e+01   2.3807523e+01
   1.6572784e+01   2.1009210e+01   1.8545581e+01
   2.1290405e+01   2.5293374e+01   2.3506069e+01
   1.9867870e+01   2.1747654e+01   2.4439622e+01
   1.5576821e+01   1.8976323e+01   1.8284576e+01
   2.0527145e+01   2.4634829e+01   2.2677082e+01
