   2.1380263e+01   2.7490223e+01   2.2608001e+01
   1.9586423e+01   2.3081287e+01   2.2182148e+01
   1.9548234e+01   2.6847575e+01   2.0452220e+01
   1.4182797e+01   1.7656089e+01   1.6848614e+01
   1.6223779e+01   2.3802020e+01   1.7075471e+01
   2.2907111e+01   2.5612568e+01   2.6257188e+01
   1.6041075e+01   2.5008180e+01   1.6643872e+01
   2.3485270e+01   2.6858816e+01   2.6169318e+01
   2.1117824e+01   2.5596017e+01   2.3044966e+01
   2.1385050e+01   2.2527084e+01   2.7768818e+01
   2.2503984e+01   2.6369504e+01   2.4810092e+01
   1.9273171e+01   2.1590653e+01   2.3138191e+01
   2.1886191e+01   2.5269580e+01   2.4565821e+01
   2.0294278e+01   2.2639672e+01   2.4113596e+01
   2.2833315e+01   2.6398159e+01   2.5361871e+01
   1.7061095e+01   1.9786484e+01   2.0421699e+01
   1.5325474e+01   2.2044333e+01   1.6392048e+01
   2.0718111e+01   2.7168470e+01   2.1841530e+01
   1.9926319e+01   2.3500837e+01   2.2456698e+01
   2.1169974e+01   2.2769657e+01   2.6305688e+01
   1.8789522e+01   2.0439207e+01   2.3831193e+01
   2.1527395e+01   2.5258901e+01   2.3932291e+01
   1.9137084e+01   2.4088977e+01   2.0827306e+01
   2.1571602e+01   2.5368016e+01   2.3929109e+01
   2.1473802e+01   2.3643306e+01   2.5546457e+01
   1.5500405e+01   1.6756731e+01   2.1590946e+01
   1.8842799e+01   2.2970773e+01   2.0986846e+01
   1.7697851e+01   2.1207681e+01   2.0292958e+01
   2.0034556e+01   2.3573309e+01   2.2592818e+01
   2.1855364e+01   2.6125890e+01   2.3900658e+01
   2.0667751e+01   2.6384873e+01   2.2033173e+01
   1.7411383e+01   2.6416457e+01   1.8004904e+01
   2.2763821e+01   2.9157168e+01   2.3901015e+01
   1.7372623e+01   2.1737106e+01   1.9381153e+01
   1.5823009e+01   1.8336523e+01   1.9457587e+01
   2.1258827e+01   2.6563464e+01   2.2785312e+01
   1.4812256e+01   1.7927554e+01   1.7789468e+01
   1.8379203e+01   2.7668149e+01   1.8930903e+01
   1.5758174e+01   1.8099176e+01   1.9626811e+01
   2.0755384e+01   2.4648028e+01   2.3047554e+01
   1.5969583e+01   1.9260982e+01   1.8767060e+01
   1.8698066e+01   2.4622808e+01   1.9994836e+01
   1.4884914e+01   1.7137548e+01   1.8896742e+01
   2.1272103e+01   2.6589080e+01   2.2793384e+01
   1.6631573e+01   2.5224943e+01   1.7290777e+01
   1.7562772e+01   2.5039300e+01   1.8431827e+01
   1.7937822e+01   2.2219910e+01   1.9991608e+01
   1.9249984e+01   2.1995416e+01   2.2569705e+01
   1.9677025e+01   2.3729094e+01   2.1866098e+01
   2.0039342e+01   2.2250003e+01   2.4056302e+01
   2.2028594e+01   2.4085628e+01   2.6278939e+01
   2.0632271e+01   2.2584394e+01   2.5068492e+01
   2.2569907e+01   2.7582754e+01   2.4222435e+01
   2.0279414e+01   2.2087158e+01   2.4985225e+01
   2.1528187e+01   2.5307715e+01   2.3897998e+01
   1.8534110e+01   1.9882315e+01   2.4315463e+01
   1.7906187e+01   2.1758797e+01   2.0240176e+01
   1.6578214e+01   1.9007229e+01   2.0314045e+01
   2.1428312e+01   2.4852321e+01   2.4075094e+01
   2.0347572e+01   2.2157128e+01   2.5049452e+01
   2.0036590e+01   2.2684083e+01   2.3466136e+01
   1.6901145e+01   1.8281882e+01   2.2614003e+01
   2.1306325e+01   2.5329818e+01   2.3508374e+01
   2.1534646e+01   2.4377100e+01   2.4735363e+01
   2.1802833e+01   2.5653958e+01   2.4120790e+01
   1.9490885e+01   2.2135401e+01   2.2927113e+01
   2.1906756e+01   2.4498943e+01   2.5395138e+01
   1.8357482e+01   2.2403880e+01   2.0556769e+01
   2.2476830e+01   2.7389971e+01   2.4176394e+01
   2.0149523e+01   2.3988407e+01   2.2481580e+01
   1.7155208e+01   1.9615676e+01   2.0842371e+01
   2.0745459e+01   2.4419242e+01   2.3196003e+01
   1.8254588e+01   1.9437878e+01   2.4528891e+01
   2.2535918e+01   2.7672692e+01   2.4132393e+01
   1.9846500e+01   2.2410617e+01   2.3378986e+01
   1.8012647e+01   2.2103058e+01   2.0185350e+01
   2.0883440e+01   2.3123559e+01   2.4851699e+01
   2.1893383e+01   2.5619742e+01   2.4301036e+01
   2.0061005e+01   2.3381528e+01   2.2801661e+01
   2.1065148e+01   2.4836920e+01   2.3442019e+01
   2.1352318e+01   2.6470185e+01   2.2959535e+01
   1.6843353e+01   2.1439559e+01   1.8725552e+01
   2.2146006e+01   2.4187164e+01   2.6422294e+01
   2.1600907e+01   2.5182773e+01   2.4119339e+01
   2.0198937e+01   2.2706172e+01   2.3801530e+01
   1.6534654e+01   2.1007550e+01   1.8487080e+01
   2.1245235e+01   2.5187872e+01   2.3501537e+01
   1.9845434e+01   2.1739807e+01   2.4390431e+01
   1.5570992e+01   1.8971180e+01   1.8278233e+01
   2.0465025e+01   2.4599284e+01   2.2598294e+01
