   2.1168699e+01   2.7273418e+01   2.2398533e+01
   1.9519495e+01   2.2992945e+01   2.2133058e+01
   1.9262297e+01   2.6224568e+01   2.0248628e+01
   1.4001411e+01   1.7450519e+01   1.6690620e+01
   1.6209249e+01   2.3747139e+01   1.7069758e+01
   2.2829806e+01   2.5396852e+01   2.6346313e+01
   1.6029463e+01   2.4958391e+01   1.6637991e+01
   2.3343185e+01   2.6676086e+01   2.6062524e+01
   2.0986863e+01   2.5315486e+01   2.2999973e+01
   2.2633964e+01   2.4006593e+01   2.8321756e+01
   2.2377572e+01   2.6227253e+01   2.4695084e+01
   1.9230476e+01   2.1543868e+01   2.3101630e+01
   2.1652776e+01   2.4903014e+01   2.4449723e+01
   2.0309119e+01   2.2669734e+01   2.4107108e+01
   2.2610979e+01   2.6105315e+01   2.5196456e+01
   1.6993755e+01   1.9732271e+01   2.0339937e+01
   1.5262088e+01   2.1839288e+01   1.6369082e+01
   2.0698207e+01   2.7201825e+01   2.1806095e+01
   1.9783402e+01   2.3386301e+01   2.2292209e+01
   2.1243051e+01   2.2793021e+01   2.6492389e+01
   1.8695216e+01   2.0340777e+01   2.3746717e+01
   2.1706459e+01   2.5873850e+01   2.3815208e+01
   1.9060596e+01   2.3976640e+01   2.0768213e+01
   2.1588757e+01   2.5346751e+01   2.3974040e+01
   2.1356622e+01   2.3528614e+01   2.5425942e+01
   1.8725238e+01   2.1042296e+01   2.2594884e+01
   1.8790336e+01   2.2902530e+01   2.0944701e+01
   1.7664871e+01   2.1151747e+01   2.0278945e+01
   1.9956696e+01   2.3462706e+01   2.2541637e+01
   2.1884772e+01   2.6209752e+01   2.3897645e+01
   2.0562992e+01   2.6285815e+01   2.1926558e+01
   1.7415705e+01   2.6444690e+01   1.8005734e+01
   2.2610241e+01   2.8862153e+01   2.3790824e+01
   1.7371013e+01   2.1842967e+01   1.9317979e+01
   1.5722664e+01   1.8206211e+01   1.9397689e+01
   2.1062238e+01   2.6213663e+01   2.2655213e+01
   1.4693552e+01   1.7780529e+01   1.7700306e+01
   1.8219241e+01   2.7192091e+01   1.8815799e+01
   1.5664996e+01   1.7968637e+01   1.9588500e+01
   2.1711352e+01   2.6501582e+01   2.3472495e+01
   1.5922389e+01   1.9206493e+01   1.8726954e+01
   1.8729318e+01   2.4582690e+01   2.0051002e+01
   1.4820341e+01   1.7057617e+01   1.8856389e+01
   2.1413137e+01   2.6648459e+01   2.2968744e+01
   1.6460602e+01   2.5322927e+01   1.7077877e+01
   1.7586387e+01   2.4983578e+01   1.8473084e+01
   1.7924848e+01   2.2190811e+01   1.9988432e+01
   1.9297229e+01   2.1966541e+01   2.2705115e+01
   1.9616418e+01   2.3675492e+01   2.1801181e+01
   2.0030371e+01   2.2177245e+01   2.4145681e+01
   2.2003430e+01   2.4034549e+01   2.6297089e+01
   2.1110710e+01   2.3215065e+01   2.5287804e+01
   2.2442475e+01   2.7533514e+01   2.4059550e+01
   2.0235662e+01   2.1976468e+01   2.5074831e+01
   2.1361665e+01   2.5098741e+01   2.3762959e+01
   1.8513999e+01   1.9831995e+01   2.4379955e+01
   1.7853626e+01   2.1715016e+01   2.0181770e+01
   1.6535825e+01   1.8965692e+01   2.0271040e+01
   2.1317979e+01   2.4653945e+01   2.4040186e+01
   2.0345240e+01   2.2157974e+01   2.5040973e+01
   1.9976005e+01   2.2595546e+01   2.3439556e+01
   1.9835907e+01   2.2180861e+01   2.3658459e+01
   2.1195981e+01   2.5259404e+01   2.3372261e+01
   2.1604224e+01   2.4425848e+01   2.4827417e+01
   2.1520929e+01   2.5247051e+01   2.3929821e+01
   1.9530352e+01   2.2175941e+01   2.2965056e+01
   2.1759739e+01   2.4342199e+01   2.5260629e+01
   1.8366098e+01   2.2426707e+01   2.0556045e+01
   2.2287731e+01   2.7105860e+01   2.4033823e+01
   2.0200180e+01   2.4095789e+01   2.2492320e+01
   1.7469673e+01   2.0136604e+01   2.0894721e+01
   2.0718581e+01   2.4417942e+01   2.3149999e+01
   1.8487050e+01   1.9697613e+01   2.4672562e+01
   2.2488626e+01   2.7814859e+01   2.4003720e+01
   2.0135572e+01   2.2835249e+01   2.3502984e+01
   1.7916110e+01   2.2043269e+01   2.0065859e+01
   2.1087069e+01   2.3402249e+01   2.4945147e+01
   2.1885724e+01   2.5557125e+01   2.4334454e+01
   1.9913573e+01   2.3144942e+01   2.2734515e+01
   2.1059805e+01   2.4822787e+01   2.3443088e+01
   2.1416333e+01   2.6834669e+01   2.2895575e+01
   1.6752820e+01   2.1389930e+01   1.8613791e+01
   2.2141018e+01   2.4175393e+01   2.6428677e+01
   2.1781410e+01   2.5396126e+01   2.4273745e+01
   2.0332513e+01   2.3007405e+01   2.3727985e+01
   1.6454489e+01   2.0967366e+01   1.8385189e+01
   2.1205256e+01   2.5110245e+01   2.3487438e+01
   1.9820122e+01   2.1688840e+01   2.4412771e+01
   1.5468810e+01   1.8868605e+01   1.8177681e+01
   2.0404341e+01   2.4509144e+01   2.2556544e+01
