   2.1379861e+01   2.7597454e+01   2.2573066e+01
   1.9613685e+01   2.3087150e+01   2.2226771e+01
   1.9530590e+01   2.6830678e+01   2.0434439e+01
   1.4215615e+01   1.7679936e+01   1.6888368e+01
   1.6223758e+01   2.3809282e+01   1.7073880e+01
   2.3016576e+01   2.5651175e+01   2.6449987e+01
   1.6058557e+01   2.5078874e+01   1.6653456e+01
   2.3506870e+01   2.6861993e+01   2.6206658e+01
   2.1117952e+01   2.5593235e+01   2.3046715e+01
   2.1697683e+01   2.2841753e+01   2.8072997e+01
   2.2535828e+01   2.6411279e+01   2.4834935e+01
   1.9291519e+01   2.1598869e+01   2.3170893e+01
   2.1889476e+01   2.5268700e+01   2.4572642e+01
   2.0377802e+01   2.2742700e+01   2.4169479e+01
   2.2864800e+01   2.6445528e+01   2.5380805e+01
   1.7088099e+01   1.9801449e+01   2.0462377e+01
   1.5326230e+01   2.2045127e+01   1.6392789e+01
   2.0761913e+01   2.7224206e+01   2.1881739e+01
   1.9923516e+01   2.3495832e+01   2.2455642e+01
   2.1289097e+01   2.2884916e+01   2.6432902e+01
   1.8777397e+01   2.0430536e+01   2.3811680e+01
   2.1665314e+01   2.5468020e+01   2.4018034e+01
   1.9138896e+01   2.4095430e+01   2.0826913e+01
   2.1580421e+01   2.5386618e+01   2.3930883e+01
   2.1472638e+01   2.3642863e+01   2.5544184e+01
   1.5957109e+01   1.7297656e+01   2.1795346e+01
   1.8847600e+01   2.2974663e+01   2.0992201e+01
   1.7723607e+01   2.1264702e+01   2.0293314e+01
   2.0042245e+01   2.3578708e+01   2.2602303e+01
   2.1944491e+01   2.6283411e+01   2.3949043e+01
   2.0679152e+01   2.6404701e+01   2.2041446e+01
   1.7425849e+01   2.6450950e+01   1.8016420e+01
   2.2762561e+01   2.9157485e+01   2.3899285e+01
   1.7406082e+01   2.1825762e+01   1.9382471e+01
   1.5817487e+01   1.8332233e+01   1.9450557e+01
   2.1290835e+01   2.6568401e+01   2.2828676e+01
   1.4824599e+01   1.7940227e+01   1.7801295e+01
   1.8362437e+01   2.7667833e+01   1.8911946e+01
   1.5751696e+01   1.8088980e+01   1.9625697e+01
   2.0977647e+01   2.5132473e+01   2.3096302e+01
   1.5964739e+01   1.9244465e+01   1.8772733e+01
   1.8703531e+01   2.4684878e+01   1.9980824e+01
   1.4887347e+01   1.7134403e+01   1.8907453e+01
   2.1315943e+01   2.6716984e+01   2.2802420e+01
   1.6646843e+01   2.5275081e+01   1.7300331e+01
   1.7546722e+01   2.5040868e+01   1.8411946e+01
   1.7939182e+01   2.2220421e+01   1.9993470e+01
   1.9251278e+01   2.2006558e+01   2.2559787e+01
   1.9753948e+01   2.3807761e+01   2.1941560e+01
   2.0042881e+01   2.2270011e+01   2.4035024e+01
   2.2057085e+01   2.4106140e+01   2.6320551e+01
   2.0757224e+01   2.2712912e+01   2.5186475e+01
   2.2607121e+01   2.7606487e+01   2.4265829e+01
   2.0285554e+01   2.2095852e+01   2.4986371e+01
   2.1547136e+01   2.5340333e+01   2.3907028e+01
   1.8559242e+01   1.9908400e+01   2.4337717e+01
   1.7923164e+01   2.1791453e+01   2.0245992e+01
   1.6600808e+01   1.9015890e+01   2.0355195e+01
   2.1460599e+01   2.4876975e+01   2.4113673e+01
   2.0386436e+01   2.2174882e+01   2.5129343e+01
   2.0039252e+01   2.2682672e+01   2.3473663e+01
   1.7515630e+01   1.8966181e+01   2.3038007e+01
   2.1305601e+01   2.5330247e+01   2.3506893e+01
   2.1713212e+01   2.4551602e+01   2.4917709e+01
   2.1801084e+01   2.5645471e+01   2.4123791e+01
   1.9570358e+01   2.2235905e+01   2.2981032e+01
   2.1902924e+01   2.4493405e+01   2.5393417e+01
   1.8388668e+01   2.2433658e+01   2.0588700e+01
   2.2480624e+01   2.7391221e+01   2.4181398e+01
   2.0288633e+01   2.4188805e+01   2.2577277e+01
   1.7411083e+01   2.0010924e+01   2.0917829e+01
   2.0794392e+01   2.4487160e+01   2.3230476e+01
   1.8457073e+01   1.9649263e+01   2.4700761e+01
   2.2632262e+01   2.7863151e+01   2.4187479e+01
   2.0064128e+01   2.2716100e+01   2.3488175e+01
   1.8043934e+01   2.2106017e+01   2.0234821e+01
   2.1043703e+01   2.3335357e+01   2.4935715e+01
   2.1909044e+01   2.5621543e+01   2.4326923e+01
   2.0066009e+01   2.3384496e+01   2.2808427e+01
   2.1083764e+01   2.4890689e+01   2.3435223e+01
   2.1431449e+01   2.6692276e+01   2.2976102e+01
   1.6885063e+01   2.1453434e+01   1.8782030e+01
   2.2193556e+01   2.4241274e+01   2.6458728e+01
   2.1626267e+01   2.5246750e+01   2.4114605e+01
   2.0243830e+01   2.2783423e+01   2.3804944e+01
   1.6545298e+01   2.0992900e+01   1.8511950e+01
   2.1266959e+01   2.5242726e+01   2.3500838e+01
   1.9862448e+01   2.1758164e+01   2.4404866e+01
   1.5566221e+01   1.8967641e+01   1.8272470e+01
   2.0516754e+01   2.4655271e+01   2.2647156e+01
