   2.0987162e+01   2.7099557e+01   2.2214838e+01
   1.8896769e+01   2.2391712e+01   2.1496088e+01
   1.8878246e+01   2.5822100e+01   1.9870234e+01
   1.2994784e+01   1.6358278e+01   1.5777773e+01
   1.6174065e+01   2.3612274e+01   1.7056782e+01
   2.2502718e+01   2.5165494e+01   2.5903990e+01
   1.6000864e+01   2.4871372e+01   1.6618312e+01
   2.2966233e+01   2.6342000e+01   2.5649519e+01
   2.0887550e+01   2.5135918e+01   2.2948846e+01
   2.0703191e+01   2.1850334e+01   2.7074083e+01
   2.2124564e+01   2.6011410e+01   2.4416735e+01
   1.8877010e+01   2.1287039e+01   2.2616233e+01
   2.1507518e+01   2.4671828e+01   2.4383868e+01
   1.9758272e+01   2.2299447e+01   2.3320079e+01
   2.2284830e+01   2.5816009e+01   2.4841454e+01
   1.6943610e+01   2.0081569e+01   1.9872311e+01
   1.5178465e+01   2.1702719e+01   1.6301406e+01
   2.0047872e+01   2.6815875e+01   2.1083242e+01
   1.9501983e+01   2.3175379e+01   2.1958002e+01
   2.0661890e+01   2.2296556e+01   2.5722685e+01
   1.8265552e+01   1.9965812e+01   2.3204225e+01
   2.1044464e+01   2.4706502e+01   2.3502858e+01
   1.8461571e+01   2.3370593e+01   2.0175125e+01
   2.1520939e+01   2.5253474e+01   2.3925097e+01
   2.0768238e+01   2.2863049e+01   2.4962424e+01
   1.4827054e+01   1.5956795e+01   2.1336544e+01
   1.8555869e+01   2.2576114e+01   2.0771271e+01
   1.7274651e+01   2.0814570e+01   1.9848809e+01
   1.9597571e+01   2.2986980e+01   2.2280992e+01
   2.1253950e+01   2.5767189e+01   2.3161328e+01
   1.9660699e+01   2.6109395e+01   2.0786903e+01
   1.7513816e+01   2.6149983e+01   1.8163698e+01
   2.2193845e+01   2.8275491e+01   2.3429528e+01
   1.6906799e+01   2.1358042e+01   1.8868647e+01
   1.4852311e+01   1.7151926e+01   1.8795670e+01
   2.0585706e+01   2.5621104e+01   2.2232205e+01
   1.3702753e+01   1.6529073e+01   1.7000692e+01
   1.7824630e+01   2.6574932e+01   1.8455703e+01
   1.4912249e+01   1.7005352e+01   1.9172483e+01
   2.0604987e+01   2.4057314e+01   2.3231152e+01
   1.5677457e+01   1.8769915e+01   1.8664395e+01
   1.8491801e+01   2.4161378e+01   1.9881423e+01
   1.4507189e+01   1.6587678e+01   1.8796427e+01
   2.1012155e+01   2.6248957e+01   2.2568034e+01
   1.5208241e+01   2.4547909e+01   1.5761003e+01
   1.7432256e+01   2.4761767e+01   1.8334885e+01
   1.7702532e+01   2.1849068e+01   1.9841345e+01
   1.8989262e+01   2.1782829e+01   2.2256395e+01
   1.9526512e+01   2.3598532e+01   2.1703256e+01
   2.0002146e+01   2.2010032e+01   2.4345183e+01
   2.1946118e+01   2.3914964e+01   2.6346735e+01
   2.0209558e+01   2.2134179e+01   2.4697266e+01
   2.2243477e+01   2.7386623e+01   2.3837643e+01
   1.9933757e+01   2.1538236e+01   2.5066199e+01
   2.1094277e+01   2.4741191e+01   2.3564015e+01
   1.8259565e+01   1.9593018e+01   2.4084747e+01
   1.7711487e+01   2.1540662e+01   2.0063444e+01
   1.6438495e+01   1.9140300e+01   1.9833508e+01
   2.1029509e+01   2.4366994e+01   2.3751416e+01
   1.9963224e+01   2.2022880e+01   2.4219498e+01
   1.9831248e+01   2.2434520e+01   2.3315428e+01
   1.6355912e+01   1.7618261e+01   2.2412370e+01
   2.0523939e+01   2.4927228e+01   2.2495147e+01
   2.0605628e+01   2.3605596e+01   2.3645177e+01
   2.1331839e+01   2.4993638e+01   2.3789478e+01
   1.9129828e+01   2.1910249e+01   2.2410742e+01
   2.1521487e+01   2.4146207e+01   2.4971649e+01
   1.8810239e+01   2.3590764e+01   2.0585460e+01
   2.1962280e+01   2.6819752e+01   2.3689720e+01
   1.9662591e+01   2.3939204e+01   2.1711166e+01
   1.7548339e+01   2.0277963e+01   2.0899262e+01
   2.0366597e+01   2.4112491e+01   2.2764850e+01
   1.8532218e+01   1.9769483e+01   2.4634946e+01
   2.1865843e+01   2.7165735e+01   2.3393075e+01
   2.0135096e+01   2.2898985e+01   2.3428856e+01
   1.7783290e+01   2.2581813e+01   1.9554512e+01
   2.1016040e+01   2.3442845e+01   2.4720192e+01
   2.1640018e+01   2.5314127e+01   2.4087404e+01
   1.9769944e+01   2.2913420e+01   2.2673180e+01
   2.0936801e+01   2.4566374e+01   2.3420361e+01
   2.0702179e+01   2.6376524e+01   2.2083395e+01
   1.6343212e+01   2.1563609e+01   1.7926026e+01
   2.1986209e+01   2.4107325e+01   2.6132720e+01
   2.1529536e+01   2.4709870e+01   2.4390866e+01
   2.0010129e+01   2.2836586e+01   2.3234943e+01
   1.6293491e+01   2.1415889e+01   1.7920151e+01
   2.1078947e+01   2.4941041e+01   2.3391335e+01
   1.9509681e+01   2.1380989e+01   2.4099666e+01
   1.4991182e+01   1.8601725e+01   1.7533731e+01
   1.9800111e+01   2.4243568e+01   2.1750985e+01
