   2.1076733e+01   2.7185198e+01   2.2305519e+01
   1.9010399e+01   2.2515209e+01   2.1601053e+01
   1.9012553e+01   2.5948663e+01   2.0006180e+01
   1.3152329e+01   1.6582847e+01   1.5873865e+01
   1.6184236e+01   2.3652248e+01   1.7060249e+01
   2.2497875e+01   2.5242628e+01   2.5803990e+01
   1.6007404e+01   2.4902344e+01   1.6621122e+01
   2.3008837e+01   2.6371729e+01   2.5703036e+01
   2.0906161e+01   2.5166573e+01   2.2960123e+01
   2.0937652e+01   2.2147662e+01   2.7104980e+01
   2.2253078e+01   2.6160993e+01   2.4530384e+01
   1.9009069e+01   2.1365099e+01   2.2821593e+01
   2.1544265e+01   2.4756420e+01   2.4376177e+01
   2.0040228e+01   2.2425572e+01   2.3805554e+01
   2.2381134e+01   2.5868122e+01   2.4973162e+01
   1.6822733e+01   1.9826882e+01   1.9884155e+01
   1.5208240e+01   2.1731754e+01   1.6331199e+01
   2.0309330e+01   2.6990304e+01   2.1367843e+01
   1.9601727e+01   2.3258492e+01   2.2069901e+01
   2.0378181e+01   2.1899436e+01   2.5700407e+01
   1.8529183e+01   2.0165497e+01   2.3602463e+01
   2.1181783e+01   2.4847084e+01   2.3637249e+01
   1.8762711e+01   2.3667725e+01   2.0476862e+01
   2.1573087e+01   2.5267136e+01   2.4005683e+01
   2.1076519e+01   2.3209319e+01   2.5208399e+01
   1.5066398e+01   1.6197459e+01   2.1565652e+01
   1.8625838e+01   2.2689462e+01   2.0812387e+01
   1.7393668e+01   2.0831015e+01   2.0050898e+01
   1.9685230e+01   2.3100422e+01   2.2346404e+01
   2.1381463e+01   2.5767962e+01   2.3359809e+01
   2.0013037e+01   2.6138885e+01   2.1238454e+01
   1.7330777e+01   2.6135430e+01   1.7954562e+01
   2.2319595e+01   2.8493210e+01   2.3525292e+01
   1.7031793e+01   2.1407795e+01   1.9035964e+01
   1.5307110e+01   1.7666304e+01   1.9157344e+01
   2.0724142e+01   2.5700823e+01   2.2397525e+01
   1.4142605e+01   1.7082553e+01   1.7308616e+01
   1.8019304e+01   2.6671446e+01   1.8665468e+01
   1.5295023e+01   1.7465629e+01   1.9424403e+01
   2.0764869e+01   2.4311941e+01   2.3313564e+01
   1.5837713e+01   1.9010758e+01   1.8745347e+01
   1.8746800e+01   2.4197866e+01   2.0220421e+01
   1.4694790e+01   1.6782875e+01   1.8967596e+01
   2.1220410e+01   2.6309106e+01   2.2841028e+01
   1.5632776e+01   2.5055899e+01   1.6172984e+01
   1.7473234e+01   2.4816010e+01   1.8372680e+01
   1.7874400e+01   2.2035532e+01   2.0002918e+01
   1.9445750e+01   2.1825606e+01   2.3222241e+01
   1.9543593e+01   2.3661894e+01   2.1690538e+01
   1.9979260e+01   2.1982448e+01   2.4330477e+01
   2.1938972e+01   2.3938747e+01   2.6286090e+01
   2.0286494e+01   2.2254104e+01   2.4697440e+01
   2.2349237e+01   2.7615297e+01   2.3889895e+01
   2.0024003e+01   2.1641593e+01   2.5126540e+01
   2.1259074e+01   2.5008901e+01   2.3651325e+01
   1.8378424e+01   1.9658287e+01   2.4355593e+01
   1.7770159e+01   2.1629378e+01   2.0100397e+01
   1.6370146e+01   1.9019798e+01   1.9827866e+01
   2.1130895e+01   2.4471154e+01   2.3850028e+01
   2.0066273e+01   2.2040047e+01   2.4467784e+01
   1.9873022e+01   2.2489091e+01   2.3341360e+01
   1.6564927e+01   1.7870806e+01   2.2490669e+01
   2.0928475e+01   2.5229828e+01   2.2957872e+01
   2.0882380e+01   2.3725195e+01   2.4085265e+01
   2.1391617e+01   2.5081691e+01   2.3827741e+01
   1.9259462e+01   2.1966207e+01   2.2623668e+01
   2.1578019e+01   2.4179244e+01   2.5056530e+01
   1.8493875e+01   2.2953906e+01   2.0441102e+01
   2.2084595e+01   2.6892317e+01   2.3836241e+01
   1.9945070e+01   2.3988134e+01   2.2138931e+01
   1.7994477e+01   2.1072431e+01   2.0971956e+01
   2.0425785e+01   2.4164029e+01   2.2829437e+01
   1.9120873e+01   2.0474720e+01   2.4881132e+01
   2.1969548e+01   2.7268333e+01   2.3497048e+01
   2.0478527e+01   2.3504045e+01   2.3493001e+01
   1.7700406e+01   2.2290019e+01   1.9580604e+01
   2.1281230e+01   2.3793471e+01   2.4872291e+01
   2.1657687e+01   2.5289461e+01   2.4137243e+01
   1.9828427e+01   2.3028095e+01   2.2678844e+01
   2.0944620e+01   2.4600189e+01   2.3408271e+01
   2.0991217e+01   2.6459177e+01   2.2451436e+01
   1.6301859e+01   2.1357639e+01   1.7958843e+01
   2.2015545e+01   2.4061586e+01   2.6284189e+01
   2.1517585e+01   2.4760594e+01   2.4321501e+01
   2.0126102e+01   2.2859951e+01   2.3454076e+01
   1.6217545e+01   2.1172412e+01   1.7922491e+01
   2.1132680e+01   2.4957771e+01   2.3471019e+01
   1.9584742e+01   2.1423474e+01   2.4235557e+01
   1.5181857e+01   1.8680987e+01   1.7811270e+01
   1.9958897e+01   2.4235939e+01   2.2006063e+01
