   2.1215151e+01   2.7350630e+01   2.2434897e+01
   1.9475614e+01   2.2976919e+01   2.2066653e+01
   1.9313175e+01   2.6314143e+01   2.0289598e+01
   1.3904677e+01   1.7393426e+01   1.6562482e+01
   1.6211453e+01   2.3760579e+01   1.7069505e+01
   2.2765211e+01   2.5479658e+01   2.6105282e+01
   1.6033609e+01   2.4992339e+01   1.6637673e+01
   2.3330264e+01   2.6685211e+01   2.6030575e+01
   2.1002043e+01   2.5353027e+01   2.3002015e+01
   2.2554925e+01   2.4006073e+01   2.8038272e+01
   2.2383861e+01   2.6257906e+01   2.4684301e+01
   1.9208079e+01   2.1558175e+01   2.3027485e+01
   2.1676701e+01   2.4950162e+01   2.4452749e+01
   2.0272085e+01   2.2672955e+01   2.4014919e+01
   2.2641361e+01   2.6157210e+01   2.5209382e+01
   1.6925997e+01   1.9704383e+01   2.0227540e+01
   1.5269847e+01   2.1867101e+01   1.6371024e+01
   2.0700090e+01   2.7308489e+01   2.1778049e+01
   1.9801416e+01   2.3410253e+01   2.2305524e+01
   2.1010062e+01   2.2549461e+01   2.6285459e+01
   1.8729134e+01   2.0371901e+01   2.3786424e+01
   2.1718120e+01   2.6004284e+01   2.3754395e+01
   1.9092415e+01   2.4024171e+01   2.0792387e+01
   2.1591421e+01   2.5354308e+01   2.3973129e+01
   2.1387539e+01   2.3564076e+01   2.5449707e+01
   2.0511626e+01   2.3398634e+01   2.3668631e+01
   1.8796096e+01   2.2926501e+01   2.0938834e+01
   1.7682203e+01   2.1142828e+01   2.0317770e+01
   1.9969884e+01   2.3486550e+01   2.2546157e+01
   2.1855033e+01   2.6253519e+01   2.3825313e+01
   2.0597661e+01   2.6311540e+01   2.1964442e+01
   1.7345676e+01   2.6501376e+01   1.7917765e+01
   2.2640829e+01   2.8938512e+01   2.3807192e+01
   1.7420499e+01   2.1953879e+01   1.9333004e+01
   1.5767617e+01   1.8255097e+01   1.9436827e+01
   2.1031345e+01   2.6250127e+01   2.2594946e+01
   1.4740219e+01   1.7836378e+01   1.7737216e+01
   1.8311860e+01   2.7223817e+01   1.8917262e+01
   1.5711108e+01   1.8023783e+01   1.9620871e+01
   2.1802787e+01   2.6899767e+01   2.3418402e+01
   1.5937972e+01   1.9236712e+01   1.8729270e+01
   1.8724255e+01   2.4575009e+01   2.0046886e+01
   1.4827863e+01   1.7071007e+01   1.8854962e+01
   2.1379872e+01   2.6684406e+01   2.2906138e+01
   1.6520246e+01   2.5311119e+01   1.7148329e+01
   1.7567117e+01   2.4992147e+01   1.8447613e+01
   1.7934261e+01   2.2205667e+01   1.9994501e+01
   1.9297868e+01   2.1995582e+01   2.2672353e+01
   1.9623276e+01   2.3719181e+01   2.1784199e+01
   2.0029362e+01   2.2153482e+01   2.4180644e+01
   2.1992294e+01   2.4063561e+01   2.6219333e+01
   2.1019810e+01   2.3184539e+01   2.5101927e+01
   2.2449410e+01   2.7604699e+01   2.4037845e+01
   2.0233301e+01   2.1970514e+01   2.5079805e+01
   2.1396626e+01   2.5167495e+01   2.3773108e+01
   1.8504180e+01   1.9830719e+01   2.4346147e+01
   1.7879636e+01   2.1766686e+01   2.0189618e+01
   1.6490561e+01   1.8975753e+01   2.0152943e+01
   2.1342227e+01   2.4716534e+01   2.4031319e+01
   2.0320314e+01   2.2175745e+01   2.4934680e+01
   1.9983287e+01   2.2611541e+01   2.3436249e+01
   2.0578944e+01   2.3168293e+01   2.4076308e+01
   2.1219404e+01   2.5271661e+01   2.3402872e+01
   2.1608807e+01   2.4467782e+01   2.4791392e+01
   2.1562013e+01   2.5300663e+01   2.3961546e+01
   1.9531833e+01   2.2192854e+01   2.2948113e+01
   2.1765512e+01   2.4360646e+01   2.5250785e+01
   1.8299171e+01   2.2405899e+01   2.0459687e+01
   2.2318932e+01   2.7149504e+01   2.4058831e+01
   2.0353385e+01   2.4354498e+01   2.2573363e+01
   1.7593932e+01   2.0362629e+01   2.0899838e+01
   2.0691282e+01   2.4431692e+01   2.3092356e+01
   1.8676011e+01   1.9933314e+01   2.4716830e+01
   2.2438143e+01   2.7809590e+01   2.3934614e+01
   2.0250179e+01   2.3042522e+01   2.3511457e+01
   1.7848679e+01   2.2048761e+01   1.9953050e+01
   2.1156774e+01   2.3527789e+01   2.4936212e+01
   2.1857004e+01   2.5558339e+01   2.4283340e+01
   1.9934824e+01   2.3191161e+01   2.2733060e+01
   2.1060791e+01   2.4822570e+01   2.3444947e+01
   2.1457790e+01   2.6971125e+01   2.2899060e+01
   1.6713563e+01   2.1400800e+01   1.8548423e+01
   2.2171618e+01   2.4208906e+01   2.6454278e+01
   2.1760866e+01   2.5400980e+01   2.4233731e+01
   2.0350495e+01   2.3038044e+01   2.3730993e+01
   1.6441530e+01   2.1002653e+01   1.8345766e+01
   2.1255292e+01   2.5192931e+01   2.3514963e+01
   1.9846268e+01   2.1731403e+01   2.4408265e+01
   1.5495964e+01   1.8896583e+01   1.8203784e+01
   2.0427514e+01   2.4605906e+01   2.2533244e+01
