   2.1363158e+01   2.7680613e+01   2.2525339e+01
   1.9610999e+01   2.3039248e+01   2.2261581e+01
   1.9452888e+01   2.6658016e+01   2.0379126e+01
   1.4297353e+01   1.7747051e+01   1.6981008e+01
   1.6218523e+01   2.3813116e+01   1.7066717e+01
   2.3053520e+01   2.5626701e+01   2.6561783e+01
   1.6076287e+01   2.5169736e+01   1.6660531e+01
   2.3487578e+01   2.6785496e+01   2.6237224e+01
   2.1090320e+01   2.5534398e+01   2.3036656e+01
   2.2027026e+01   2.3232050e+01   2.8204084e+01
   2.2532986e+01   2.6415491e+01   2.4827196e+01
   1.9304365e+01   2.1586969e+01   2.3219364e+01
   2.1824222e+01   2.5168906e+01   2.4537242e+01
   2.0525745e+01   2.2954868e+01   2.4229130e+01
   2.2835316e+01   2.6419000e+01   2.5349075e+01
   1.7181367e+01   1.9904663e+01   2.0543156e+01
   1.5312577e+01   2.2000564e+01   1.6387811e+01
   2.0788819e+01   2.7248911e+01   2.1909241e+01
   1.9889884e+01   2.3472342e+01   2.2414184e+01
   2.1416605e+01   2.3072430e+01   2.6427298e+01
   1.8764593e+01   2.0418874e+01   2.3796519e+01
   2.1645315e+01   2.5607433e+01   2.3887287e+01
   1.9125282e+01   2.4088015e+01   2.0810420e+01
   2.1546372e+01   2.5392022e+01   2.3868900e+01
   2.1459618e+01   2.3638684e+01   2.5517578e+01
   1.6810372e+01   1.8405824e+01   2.1994952e+01
   1.8840073e+01   2.2973267e+01   2.0980821e+01
   1.7687649e+01   2.1271447e+01   2.0223712e+01
   2.0029301e+01   2.3552023e+01   2.2600435e+01
   2.2052380e+01   2.6482597e+01   2.4004137e+01
   2.0661694e+01   2.6393326e+01   2.2021794e+01
   1.7426264e+01   2.6422781e+01   1.8021004e+01
   2.2739743e+01   2.9102945e+01   2.3886020e+01
   1.7352721e+01   2.1805842e+01   1.9310427e+01
   1.5806618e+01   1.8313707e+01   1.9449738e+01
   2.1180601e+01   2.6380794e+01   2.2751915e+01
   1.4825105e+01   1.7937982e+01   1.7804461e+01
   1.8245597e+01   2.7472170e+01   1.8806035e+01
   1.5738618e+01   1.8067755e+01   1.9624399e+01
   2.1104322e+01   2.5677567e+01   2.2979442e+01
   1.5945988e+01   1.9210497e+01   1.8767917e+01
   1.8685480e+01   2.4739526e+01   1.9938334e+01
   1.4877569e+01   1.7108804e+01   1.8921614e+01
   2.1327680e+01   2.6889664e+01   2.2750251e+01
   1.6613177e+01   2.5252437e+01   1.7264982e+01
   1.7470423e+01   2.4998171e+01   1.8328536e+01
   1.7950701e+01   2.2223606e+01   2.0009939e+01
   1.9155973e+01   2.1943855e+01   2.2428370e+01
   1.9798795e+01   2.3889115e+01   2.1962580e+01
   2.0015688e+01   2.2297190e+01   2.3927764e+01
   2.2081531e+01   2.4133257e+01   2.6340465e+01
   2.0847186e+01   2.2817074e+01   2.5251034e+01
   2.2606833e+01   2.7624869e+01   2.4256901e+01
   2.0230802e+01   2.2058970e+01   2.4897497e+01
   2.1521293e+01   2.5309955e+01   2.3884526e+01
   1.8607390e+01   1.9958801e+01   2.4379177e+01
   1.7938623e+01   2.1845183e+01   2.0234662e+01
   1.6656337e+01   1.9069384e+01   2.0412802e+01
   2.1485107e+01   2.4897792e+01   2.4141201e+01
   2.0388879e+01   2.2140811e+01   2.5204555e+01
   2.0037872e+01   2.2672676e+01   2.3482639e+01
   1.8350692e+01   1.9990462e+01   2.3418132e+01
   2.1285304e+01   2.5316195e+01   2.3482551e+01
   2.1657608e+01   2.4443004e+01   2.4920682e+01
   2.1723529e+01   2.5530672e+01   2.4072909e+01
   1.9643220e+01   2.2357859e+01   2.2995950e+01
   2.1869453e+01   2.4458230e+01   2.5362160e+01
   1.8464023e+01   2.2574427e+01   2.0621261e+01
   2.2447291e+01   2.7347303e+01   2.4153201e+01
   2.0314251e+01   2.4236189e+01   2.2587816e+01
   1.7911983e+01   2.0868766e+01   2.1011879e+01
   2.0854984e+01   2.4580954e+01   2.3266131e+01
   1.8933916e+01   2.0188697e+01   2.4979759e+01
   2.2760727e+01   2.8129528e+01   2.4257772e+01
   2.0473550e+01   2.3368690e+01   2.3622095e+01
   1.8154218e+01   2.2190386e+01   2.0361416e+01
   2.1347482e+01   2.3779233e+01   2.5043576e+01
   2.1847972e+01   2.5527694e+01   2.4290533e+01
   2.0047223e+01   2.3354874e+01   2.2799246e+01
   2.1079360e+01   2.4970827e+01   2.3371279e+01
   2.1592351e+01   2.7215864e+01   2.2990838e+01
   1.6951353e+01   2.1464384e+01   1.8878239e+01
   2.2284497e+01   2.4340646e+01   2.6535339e+01
   2.1501934e+01   2.5166782e+01   2.3956734e+01
   2.0373417e+01   2.3017782e+01   2.3804970e+01
   1.6573333e+01   2.0965258e+01   1.8571717e+01
   2.1336107e+01   2.5395333e+01   2.3514702e+01
   1.9791218e+01   2.1677878e+01   2.4350770e+01
   1.5574872e+01   1.8976491e+01   1.8280843e+01
   2.0458042e+01   2.4455936e+01   2.2679783e+01
