   7.6117095e+00   8.2060269e+00   1.7154443e+01
   8.4330130e+00   9.2369161e+00   1.6643683e+01
   8.0979663e+00   8.3176133e+00   2.1764734e+01
   9.3197812e+00   9.9315105e+00   1.8554505e+01
   8.7868068e+00   1.0298720e+01   1.4491034e+01
   9.5935668e+00   1.0280640e+01   1.8329537e+01
   8.4081267e+00   9.9826994e+00   1.3993371e+01
   1.0168864e+01   1.0830080e+01   1.9014381e+01
   9.1219422e+00   9.7939018e+00   1.7991075e+01
   1.0441150e+01   1.0999099e+01   1.9961059e+01
   9.4363055e+00   9.9167740e+00   1.9657078e+01
   9.6726404e+00   1.0291925e+01   1.8825730e+01
   9.9896097e+00   1.0460416e+01   2.0246341e+01
   9.5316654e+00   1.0034990e+01   1.9551020e+01
   8.1495739e+00   8.4012381e+00   2.1230596e+01
   9.6794246e+00   1.0009037e+01   2.1454109e+01
   7.2977857e+00   8.6834148e+00   1.3485105e+01
   9.4553137e+00   1.0051267e+01   1.8784896e+01
   7.3928532e+00   7.4851237e+00   2.4879190e+01
   7.7739799e+00   7.8967091e+00   2.3976763e+01
   9.7248682e+00   1.0129645e+01   2.0633676e+01
   7.9496173e+00   8.1488721e+00   2.2051472e+01
   9.6770257e+00   1.0163363e+01   1.9825720e+01
   8.8082004e+00   8.9974042e+00   2.3026262e+01
   9.3629695e+00   9.6168421e+00   2.2271164e+01
   9.0662047e+00   9.2455669e+00   2.3484302e+01
   8.7215780e+00   9.0093319e+00   2.1166220e+01
   8.9583704e+00   9.1422979e+00   2.3280674e+01
   9.3703817e+00   9.7891645e+00   2.0169567e+01
   8.7840733e+00   8.9378205e+00   2.3892458e+01
   7.7358649e+00   7.8723148e+00   2.3488635e+01
   8.3553915e+00   8.4883918e+00   2.4136299e+01
   8.6664610e+00   8.8906206e+00   2.2177666e+01
   8.3375356e+00   8.4577499e+00   2.4554860e+01
   1.0707871e+01   1.1206110e+01   2.0675192e+01
   7.2826850e+00   7.3715767e+00   2.4946738e+01
   9.9017161e+00   1.0363033e+01   2.0250334e+01
   7.8069627e+00   7.8745272e+00   2.6577655e+01
   9.4667103e+00   9.7798057e+00   2.1477806e+01
   7.7388324e+00   7.8320469e+00   2.5130647e+01
   8.1184140e+00   8.5890986e+00   1.8565067e+01
   7.6549716e+00   7.7757220e+00   2.3944461e+01
   9.4631162e+00   9.8321330e+00   2.0783158e+01
   7.6416150e+00   7.7270906e+00   2.5420991e+01
   7.6120911e+00   7.7938922e+00   2.2152253e+01
   7.6181344e+00   7.6865927e+00   2.6359060e+01
   8.4470213e+00   8.7159858e+00   2.1209368e+01
   7.7278894e+00   7.8032905e+00   2.6035966e+01
   1.0685617e+01   1.1143579e+01   2.1003687e+01
   1.0002778e+01   1.0214813e+01   2.3616951e+01
   9.7019668e+00   1.0070715e+01   2.1003128e+01
   1.0386938e+01   1.0636796e+01   2.3271917e+01
   9.0852602e+00   9.3409425e+00   2.1991459e+01
   9.9390709e+00   1.0181093e+01   2.2996586e+01
   9.7033606e+00   1.0059468e+01   2.1150786e+01
   9.0185321e+00   9.1950515e+00   2.3510000e+01
   8.3945875e+00   8.6088000e+00   2.2131151e+01
   9.3475404e+00   9.5239463e+00   2.3807583e+01
   9.0260735e+00   9.3343414e+00   2.1146693e+01
   9.4412765e+00   9.6465410e+00   2.3245484e+01
   9.4442363e+00   9.6992579e+00   2.2325340e+01
   9.2705323e+00   9.4088880e+00   2.4778512e+01
   9.0281877e+00   9.1858882e+00   2.4000888e+01
   9.0010555e+00   9.1296600e+00   2.4851145e+01
   9.1565888e+00   9.3402346e+00   2.3464344e+01
   8.8858196e+00   8.9697420e+00   2.6585143e+01
   7.6840872e+00   7.8038647e+00   2.4004211e+01
   8.8125768e+00   8.9133972e+00   2.5729986e+01
   8.6001726e+00   8.7421435e+00   2.4071387e+01
   9.0119494e+00   9.1240716e+00   2.5450087e+01
   8.5163663e+00   8.8503516e+00   2.0354819e+01
   8.4120127e+00   8.5093697e+00   2.5527438e+01
   9.2866791e+00   9.4708565e+00   2.3568707e+01
   8.3071320e+00   8.3805927e+00   2.6649887e+01
   7.8645702e+00   7.9738651e+00   2.4553455e+01
   8.4004600e+00   8.4703267e+00   2.6947997e+01
   8.8427742e+00   9.0296099e+00   2.3110770e+01
   8.2851259e+00   8.3926625e+00   2.4988317e+01
   9.2842241e+00   9.5198599e+00   2.2516777e+01
   7.4145597e+00   7.5039206e+00   2.5035759e+01
   7.5900154e+00   7.6977323e+00   2.4380300e+01
   7.5773069e+00   7.6697564e+00   2.5027857e+01
   8.2354285e+00   8.3892221e+00   2.3408247e+01
   7.8645333e+00   7.9420630e+00   2.6033293e+01
   7.4196176e+00   7.5077634e+00   2.5099088e+01
   8.4893360e+00   8.5519904e+00   2.7496370e+01
   8.0441457e+00   8.1682248e+00   2.4163181e+01
   8.4458361e+00   8.5445563e+00   2.5497219e+01
   8.1759099e+00   8.2915074e+00   2.4582115e+01
   7.1512018e+00   7.1994698e+00   2.7474102e+01
