   1.3809257e+01   1.5992649e+01   1.7949760e+01
   1.3280266e+01   1.5625324e+01   1.7193789e+01
   1.6014156e+01   1.8627215e+01   1.9520895e+01
   1.4203733e+01   1.6126557e+01   1.8772863e+01
   1.1885174e+01   1.6697671e+01   1.3717512e+01
   1.3687177e+01   1.6044263e+01   1.7573299e+01
   1.0966293e+01   1.5347009e+01   1.3061437e+01
   1.4145661e+01   1.6222515e+01   1.8448992e+01
   1.3824330e+01   1.6988889e+01   1.6771680e+01
   1.6040730e+01   1.8877969e+01   1.9287147e+01
   1.3627448e+01   1.5986812e+01   1.7511813e+01
   1.3409483e+01   1.4857180e+01   1.9023967e+01
   1.5063094e+01   1.7769072e+01   1.8472648e+01
   1.3033089e+01   1.4598007e+01   1.8373107e+01
   1.2285415e+01   1.3486462e+01   1.8644714e+01
   1.4583699e+01   1.6516060e+01   1.9126876e+01
   1.0528203e+01   1.5116888e+01   1.2515011e+01
   1.4018173e+01   1.6902109e+01   1.7246360e+01
   1.3088348e+01   1.4216491e+01   1.9655869e+01
   1.2821678e+01   1.3778706e+01   2.0038232e+01
   1.4164930e+01   1.5905842e+01   1.9086496e+01
   1.2266011e+01   1.3728833e+01   1.7883081e+01
   1.4976419e+01   1.7236910e+01   1.8974853e+01
   1.4569548e+01   1.6405520e+01   1.9292670e+01
   1.4349192e+01   1.5650139e+01   2.0335350e+01
   1.4884429e+01   1.6447262e+01   2.0178471e+01
   1.3013143e+01   1.4268258e+01   1.9176176e+01
   1.2915447e+01   1.4168213e+01   1.9089146e+01
   1.3749737e+01   1.5636172e+01   1.8397321e+01
   1.2792207e+01   1.3376125e+01   2.1990375e+01
   1.1846205e+01   1.2610731e+01   1.9998557e+01
   1.2797477e+01   1.3446504e+01   2.1565247e+01
   1.3291419e+01   1.4413029e+01   1.9874014e+01
   1.4207937e+01   1.5052699e+01   2.1867577e+01
   1.4800983e+01   1.6181250e+01   2.0554457e+01
   1.2609488e+01   1.3207526e+01   2.1718336e+01
   1.4017624e+01   1.5839928e+01   1.8780333e+01
   1.4467479e+01   1.5099067e+01   2.3285156e+01
   1.2694438e+01   1.3671125e+01   1.9836525e+01
   1.3429671e+01   1.4053981e+01   2.2329417e+01
   1.1559633e+01   1.2808766e+01   1.7802702e+01
   1.2062693e+01   1.2692017e+01   2.0990246e+01
   1.3059114e+01   1.4193740e+01   1.9605682e+01
   1.1520583e+01   1.2030286e+01   2.1341549e+01
   1.0557491e+01   1.1186022e+01   1.9581084e+01
   1.1203549e+01   1.1628073e+01   2.1801612e+01
   1.2454363e+01   1.3237394e+01   2.0481393e+01
   1.3559732e+01   1.4067647e+01   2.3298114e+01
   1.4265169e+01   1.5992931e+01   1.9211367e+01
   1.3826900e+01   1.4746290e+01   2.1164543e+01
   1.3823846e+01   1.5063267e+01   2.0007767e+01
   1.5075072e+01   1.6188864e+01   2.1633086e+01
   1.4503556e+01   1.5683958e+01   2.0853709e+01
   1.3787481e+01   1.4754141e+01   2.0929908e+01
   1.3793635e+01   1.5123936e+01   1.9711626e+01
   1.2650706e+01   1.3320171e+01   2.1299330e+01
   1.1891896e+01   1.2754319e+01   1.9561042e+01
   1.3302391e+01   1.3989045e+01   2.1821617e+01
   1.3627288e+01   1.4688756e+01   2.0411081e+01
   1.2654216e+01   1.3580004e+01   2.0008012e+01
   1.3748211e+01   1.4875983e+01   2.0294594e+01
   1.4248928e+01   1.5203724e+01   2.1425426e+01
   1.5246972e+01   1.6165236e+01   2.2549952e+01
   1.3975004e+01   1.4600046e+01   2.2850559e+01
   1.3727227e+01   1.4756659e+01   2.0626524e+01
   1.2926873e+01   1.3496472e+01   2.2220647e+01
   1.1897513e+01   1.2470215e+01   2.1218473e+01
   1.3844728e+01   1.4528184e+01   2.2363169e+01
   1.3794702e+01   1.4654786e+01   2.1396292e+01
   1.5006772e+01   1.5745139e+01   2.3180015e+01
   1.3921800e+01   1.5286513e+01   1.9740435e+01
   1.2733922e+01   1.3143124e+01   2.3401038e+01
   1.4997992e+01   1.6028984e+01   2.1855618e+01
   1.2471034e+01   1.2809340e+01   2.3945507e+01
   1.2057150e+01   1.2742505e+01   2.0639038e+01
   1.2796208e+01   1.3209005e+01   2.3424077e+01
   1.3663745e+01   1.4510061e+01   2.1333628e+01
   1.3389776e+01   1.3929844e+01   2.2882626e+01
   1.4301846e+01   1.5523176e+01   2.0527796e+01
   1.1696993e+01   1.2070135e+01   2.2802918e+01
   1.1735749e+01   1.2335621e+01   2.0876006e+01
   1.2974909e+01   1.3523299e+01   2.2421959e+01
   1.2175449e+01   1.2688126e+01   2.1936453e+01
   1.3954151e+01   1.4362874e+01   2.4576665e+01
   1.1223705e+01   1.1709235e+01   2.1263423e+01
   1.3993872e+01   1.4495328e+01   2.3769286e+01
   1.2207115e+01   1.2761108e+01   2.1648061e+01
   1.4307328e+01   1.4920524e+01   2.3249836e+01
   1.2716252e+01   1.3215714e+01   2.2558737e+01
   1.2094733e+01   1.2335126e+01   2.5029528e+01
