   1.4788434e+01   1.7483541e+01   1.8215444e+01
   1.3938690e+01   1.6652005e+01   1.7360668e+01
   1.7167894e+01   2.1078889e+01   1.9466335e+01
   1.4762660e+01   1.6976715e+01   1.8834973e+01
   1.2276337e+01   1.8138311e+01   1.3646080e+01
   1.4457773e+01   1.7378715e+01   1.7638007e+01
   1.1258152e+01   1.6287597e+01   1.2996405e+01
   1.4288943e+01   1.6579944e+01   1.8256212e+01
   1.4421602e+01   1.8528593e+01   1.6617585e+01
   1.6828042e+01   2.0310578e+01   1.9452702e+01
   1.3757915e+01   1.7042531e+01   1.6595173e+01
   1.3724760e+01   1.5391002e+01   1.8815473e+01
   1.5847780e+01   1.9437153e+01   1.8396373e+01
   1.3579254e+01   1.5508016e+01   1.8153547e+01
   1.3153649e+01   1.4730228e+01   1.8462534e+01
   1.5360683e+01   1.7374155e+01   1.9745762e+01
   1.0807562e+01   1.6433992e+01   1.2294322e+01
   1.4688549e+01   1.7893418e+01   1.7582597e+01
   1.3984216e+01   1.6148667e+01   1.8150113e+01
   1.4140975e+01   1.5364232e+01   2.0365409e+01
   1.4670843e+01   1.6755988e+01   1.8948969e+01
   1.3342988e+01   1.5231244e+01   1.7998497e+01
   1.5499680e+01   1.7963781e+01   1.9203749e+01
   1.5620570e+01   1.7754130e+01   1.9802794e+01
   1.5226076e+01   1.6959017e+01   2.0140381e+01
   1.5670843e+01   1.7500853e+01   2.0383609e+01
   1.3588253e+01   1.5069802e+01   1.9111755e+01
   1.3408842e+01   1.4649121e+01   1.9603278e+01
   1.4609811e+01   1.6937833e+01   1.8516947e+01
   1.3322342e+01   1.4063296e+01   2.1534620e+01
   1.2741089e+01   1.3662676e+01   2.0109172e+01
   1.3980876e+01   1.4881867e+01   2.1393101e+01
   1.4486917e+01   1.5918652e+01   2.0112105e+01
   1.5248880e+01   1.6301442e+01   2.2020504e+01
   1.5139778e+01   1.6528637e+01   2.0862507e+01
   1.3336781e+01   1.3937402e+01   2.2397428e+01
   1.4513784e+01   1.6387908e+01   1.9165702e+01
   1.5649000e+01   1.6407586e+01   2.3698763e+01
   1.3045010e+01   1.4144125e+01   1.9714506e+01
   1.4183458e+01   1.4818590e+01   2.2987243e+01
   1.2381771e+01   1.3769038e+01   1.8191815e+01
   1.2876676e+01   1.3499153e+01   2.1810622e+01
   1.3264185e+01   1.4485441e+01   1.9522212e+01
   1.2335619e+01   1.2867269e+01   2.1939129e+01
   1.0983790e+01   1.1719632e+01   1.9339395e+01
   1.1948089e+01   1.2399969e+01   2.2242672e+01
   1.3071515e+01   1.3946049e+01   2.0633145e+01
   1.4493995e+01   1.5117194e+01   2.3365107e+01
   1.4697966e+01   1.6332198e+01   1.9834093e+01
   1.4209724e+01   1.5130573e+01   2.1529238e+01
   1.4104536e+01   1.5358747e+01   2.0235338e+01
   1.5424463e+01   1.6485356e+01   2.2161721e+01
   1.5046348e+01   1.6369046e+01   2.0953224e+01
   1.4390825e+01   1.5213877e+01   2.2148232e+01
   1.4415543e+01   1.5877667e+01   1.9964897e+01
   1.3068114e+01   1.3734422e+01   2.1718122e+01
   1.2155396e+01   1.3091874e+01   1.9486138e+01
   1.3825889e+01   1.4518603e+01   2.2290733e+01
   1.4431100e+01   1.5493652e+01   2.1186770e+01
   1.3853819e+01   1.4615138e+01   2.1938618e+01
   1.4225683e+01   1.5444812e+01   2.0460575e+01
   1.4864705e+01   1.5769400e+01   2.2235565e+01
   1.6134607e+01   1.7228288e+01   2.2740361e+01
   1.4762467e+01   1.5414224e+01   2.3444344e+01
   1.4632374e+01   1.5700633e+01   2.1361965e+01
   1.3735310e+01   1.4281859e+01   2.3166350e+01
   1.2706507e+01   1.3360868e+01   2.1445076e+01
   1.4681910e+01   1.5565582e+01   2.2150109e+01
   1.4648240e+01   1.5618160e+01   2.1752174e+01
   1.6108360e+01   1.6888794e+01   2.4035218e+01
   1.4618809e+01   1.6174739e+01   1.9935058e+01
   1.3437688e+01   1.3848894e+01   2.4054344e+01
   1.5976167e+01   1.7092436e+01   2.2506519e+01
   1.3122577e+01   1.3467407e+01   2.4486825e+01
   1.3094330e+01   1.3810472e+01   2.1452284e+01
   1.3830018e+01   1.4248877e+01   2.4355205e+01
   1.4582845e+01   1.5444795e+01   2.2151944e+01
   1.4128685e+01   1.4641665e+01   2.3806135e+01
   1.4849087e+01   1.6017834e+01   2.1228308e+01
   1.2431781e+01   1.2849439e+01   2.3028255e+01
   1.2738845e+01   1.3420737e+01   2.1309223e+01
   1.4236584e+01   1.4957879e+01   2.2525462e+01
   1.2925719e+01   1.3499953e+01   2.2186412e+01
   1.5177076e+01   1.5670967e+01   2.4979322e+01
   1.2190017e+01   1.2706028e+01   2.1923598e+01
   1.4801773e+01   1.5325561e+01   2.4372902e+01
   1.2914453e+01   1.3519480e+01   2.1962505e+01
   1.5325939e+01   1.5922135e+01   2.4354246e+01
   1.3588571e+01   1.4080382e+01   2.3458511e+01
   1.3112062e+01   1.3383360e+01   2.5485222e+01
