   1.3532120e+01   1.5599250e+01   1.7866947e+01
   1.3184629e+01   1.5467763e+01   1.7190422e+01
   1.6382342e+01   1.9323463e+01   1.9513396e+01
   1.4566773e+01   1.6512152e+01   1.9086902e+01
   1.2097942e+01   1.7447649e+01   1.3673624e+01
   1.4057079e+01   1.6618143e+01   1.7662105e+01
   1.0925354e+01   1.5223154e+01   1.3072383e+01
   1.3894801e+01   1.5842682e+01   1.8426285e+01
   1.3786156e+01   1.7057218e+01   1.6635156e+01
   1.6156244e+01   1.9014123e+01   1.9378666e+01
   1.3602542e+01   1.6154678e+01   1.7229121e+01
   1.3480892e+01   1.4952337e+01   1.9032942e+01
   1.4848837e+01   1.7580909e+01   1.8231566e+01
   1.3032025e+01   1.4531079e+01   1.8530047e+01
   1.2184435e+01   1.3411849e+01   1.8465220e+01
   1.4556823e+01   1.6453648e+01   1.9165515e+01
   1.0447716e+01   1.5049240e+01   1.2429734e+01
   1.3939294e+01   1.6731548e+01   1.7270383e+01
   1.3013297e+01   1.4248502e+01   1.9237009e+01
   1.3115558e+01   1.4064203e+01   2.0355161e+01
   1.4328751e+01   1.6202231e+01   1.8986119e+01
   1.2491291e+01   1.4029443e+01   1.7913959e+01
   1.4905060e+01   1.7239697e+01   1.8797097e+01
   1.4702765e+01   1.6476562e+01   1.9544993e+01
   1.4449823e+01   1.5882694e+01   2.0073005e+01
   1.4880576e+01   1.6456201e+01   2.0145028e+01
   1.2988807e+01   1.4361063e+01   1.8816634e+01
   1.2752332e+01   1.4048243e+01   1.8803984e+01
   1.3779136e+01   1.5744357e+01   1.8282674e+01
   1.2812462e+01   1.3397493e+01   2.2001970e+01
   1.2000614e+01   1.2805757e+01   1.9937932e+01
   1.3003879e+01   1.3685516e+01   2.1564561e+01
   1.3482994e+01   1.4637988e+01   1.9946513e+01
   1.4165945e+01   1.4990616e+01   2.1922292e+01
   1.4694373e+01   1.6084597e+01   2.0423641e+01
   1.2611437e+01   1.3186470e+01   2.1880360e+01
   1.4079343e+01   1.5973658e+01   1.8703837e+01
   1.4408956e+01   1.5067995e+01   2.3056182e+01
   1.2535406e+01   1.3582031e+01   1.9414454e+01
   1.3334384e+01   1.3950394e+01   2.2292167e+01
   1.1486150e+01   1.2833421e+01   1.7446161e+01
   1.2027251e+01   1.2627390e+01   2.1150105e+01
   1.3007463e+01   1.4194933e+01   1.9381533e+01
   1.1421218e+01   1.1909333e+01   2.1426763e+01
   1.0547403e+01   1.1189138e+01   1.9486920e+01
   1.1304609e+01   1.1740778e+01   2.1783720e+01
   1.2308216e+01   1.3134157e+01   2.0129068e+01
   1.3490203e+01   1.4000540e+01   2.3211665e+01
   1.4260692e+01   1.6173951e+01   1.8845926e+01
   1.3565535e+01   1.4562640e+01   2.0594281e+01
   1.3830927e+01   1.5150783e+01   1.9777394e+01
   1.4941013e+01   1.6138790e+01   2.1224623e+01
   1.4542840e+01   1.5766888e+01   2.0753963e+01
   1.3642109e+01   1.4573059e+01   2.0936793e+01
   1.4012668e+01   1.5498300e+01   1.9513815e+01
   1.2332739e+01   1.3031360e+01   2.0823688e+01
   1.1829359e+01   1.2792683e+01   1.9064749e+01
   1.3179518e+01   1.3875461e+01   2.1649329e+01
   1.3838674e+01   1.5114220e+01   1.9913484e+01
   1.2730236e+01   1.3706110e+01   1.9874115e+01
   1.3658779e+01   1.4839405e+01   2.0032668e+01
   1.4125019e+01   1.5150070e+01   2.1028544e+01
   1.5314465e+01   1.6296733e+01   2.2352595e+01
   1.3878619e+01   1.4489727e+01   2.2849023e+01
   1.3905274e+01   1.5044313e+01   2.0408667e+01
   1.2925463e+01   1.3451776e+01   2.2543223e+01
   1.2174439e+01   1.2805268e+01   2.1086637e+01
   1.3792328e+01   1.4453424e+01   2.2446911e+01
   1.3995994e+01   1.4974688e+01   2.1083514e+01
   1.4984205e+01   1.5750206e+01   2.3011167e+01
   1.4057823e+01   1.5532394e+01   1.9585275e+01
   1.2673791e+01   1.3110307e+01   2.3075245e+01
   1.5064802e+01   1.6150208e+01   2.1722252e+01
   1.2336580e+01   1.2697157e+01   2.3550812e+01
   1.2046590e+01   1.2751997e+01   2.0512519e+01
   1.2953941e+01   1.3307424e+01   2.4221837e+01
   1.4080453e+01   1.4995211e+01   2.1429941e+01
   1.3550321e+01   1.4109122e+01   2.2897418e+01
   1.4397933e+01   1.5849159e+01   1.9975354e+01
   1.1612947e+01   1.2037743e+01   2.2183147e+01
   1.1713616e+01   1.2423939e+01   2.0168908e+01
   1.3113086e+01   1.3700526e+01   2.2273096e+01
   1.2246120e+01   1.2788554e+01   2.1771602e+01
   1.3949034e+01   1.4380170e+01   2.4350096e+01
   1.1160660e+01   1.1800113e+01   2.0074068e+01
   1.4150070e+01   1.4670545e+01   2.3767234e+01
   1.2248467e+01   1.2911902e+01   2.0952450e+01
   1.4388652e+01   1.5045965e+01   2.3047088e+01
   1.2693728e+01   1.3227970e+01   2.2260345e+01
   1.2106094e+01   1.2349632e+01   2.4985212e+01
