   8.5449574e+00   9.2530012e+00   1.7258813e+01
   9.0963345e+00   1.0085562e+01   1.6412661e+01
   9.2855645e+00   9.6041062e+00   2.1241488e+01
   1.0467083e+01   1.1273469e+01   1.8488858e+01
   9.8183474e+00   1.1998898e+01   1.4121071e+01
   1.0910781e+01   1.1838998e+01   1.8343419e+01
   8.8575191e+00   1.0745388e+01   1.3736648e+01
   1.1004615e+01   1.1854985e+01   1.8779094e+01
   9.7904314e+00   1.0631554e+01   1.7693620e+01
   1.1319922e+01   1.2031452e+01   1.9790602e+01
   1.0414457e+01   1.1052504e+01   1.9387006e+01
   1.0522439e+01   1.1349646e+01   1.8438340e+01
   1.0952516e+01   1.1618018e+01   1.9716729e+01
   1.0536379e+01   1.1204075e+01   1.9315269e+01
   8.7950126e+00   9.1644058e+00   2.0178246e+01
   1.0628255e+01   1.1097185e+01   2.0852257e+01
   8.0683204e+00   9.8378315e+00   1.3251309e+01
   1.0293738e+01   1.1068999e+01   1.8485885e+01
   8.1804933e+00   8.2963623e+00   2.4576022e+01
   8.5491510e+00   8.7263494e+00   2.3077131e+01
   1.0864071e+01   1.1476892e+01   1.9969981e+01
   9.0629593e+00   9.3514620e+00   2.1459810e+01
   1.0547775e+01   1.1201780e+01   1.9410128e+01
   9.7616692e+00   1.0032674e+01   2.2355507e+01
   1.0214468e+01   1.0571500e+01   2.1607506e+01
   1.0104046e+01   1.0371327e+01   2.2726605e+01
   9.4930074e+00   9.8740471e+00   2.0675804e+01
   9.5549882e+00   9.8710573e+00   2.1517895e+01
   1.0080305e+01   1.0595994e+01   1.9952559e+01
   9.5745297e+00   9.7703119e+00   2.3567481e+01
   8.5511796e+00   8.7336123e+00   2.2954473e+01
   9.2709386e+00   9.4352317e+00   2.4042888e+01
   9.5215869e+00   9.8224809e+00   2.1695241e+01
   9.2711747e+00   9.4406912e+00   2.3909237e+01
   1.1489450e+01   1.2176512e+01   2.0091782e+01
   8.1953284e+00   8.3085709e+00   2.4687552e+01
   1.0571964e+01   1.1115750e+01   2.0188123e+01
   8.6858642e+00   8.7813518e+00   2.5851867e+01
   1.0105818e+01   1.0512700e+01   2.0960574e+01
   8.5849955e+00   8.7177035e+00   2.4347511e+01
   8.6979534e+00   9.2841938e+00   1.8168963e+01
   8.4323653e+00   8.5979226e+00   2.3265062e+01
   1.0256633e+01   1.0736047e+01   2.0416810e+01
   8.3771730e+00   8.5075018e+00   2.4242510e+01
   8.0833345e+00   8.3294398e+00   2.1267739e+01
   8.3169383e+00   8.4193455e+00   2.5226466e+01
   9.0721876e+00   9.4003726e+00   2.0923894e+01
   8.4841945e+00   8.5775334e+00   2.5772299e+01
   1.1212002e+01   1.1845756e+01   2.0158693e+01
   1.0758825e+01   1.1050913e+01   2.2954999e+01
   1.0449148e+01   1.0879995e+01   2.1038304e+01
   1.1324761e+01   1.1678123e+01   2.2681399e+01
   1.0043911e+01   1.0378503e+01   2.1723668e+01
   1.0579678e+01   1.0918892e+01   2.2159264e+01
   1.0535889e+01   1.0986995e+01   2.0927462e+01
   9.8746935e+00   1.0105251e+01   2.3143970e+01
   9.2945380e+00   9.5728503e+00   2.1820013e+01
   1.0136476e+01   1.0402036e+01   2.2783681e+01
   1.0055004e+01   1.0496368e+01   2.0574767e+01
   1.0327199e+01   1.0612690e+01   2.2652741e+01
   1.0347825e+01   1.0720127e+01   2.1554703e+01
   1.0144373e+01   1.0346037e+01   2.3959948e+01
   1.0172942e+01   1.0388934e+01   2.3693932e+01
   9.8301180e+00   1.0004635e+01   2.4290043e+01
   1.0135534e+01   1.0396580e+01   2.2855412e+01
   9.6307417e+00   9.7423648e+00   2.6024726e+01
   8.5949082e+00   8.7503773e+00   2.3677416e+01
   9.5511642e+00   9.6910339e+00   2.4984458e+01
   9.6748682e+00   9.8729353e+00   2.3608879e+01
   1.0000680e+01   1.0158192e+01   2.4883686e+01
   9.5224407e+00   9.9592634e+00   2.0131458e+01
   9.3152323e+00   9.4460114e+00   2.5060228e+01
   1.0406917e+01   1.0665626e+01   2.3142805e+01
   9.0992102e+00   9.1951125e+00   2.6200208e+01
   8.7728593e+00   8.9199533e+00   2.4072085e+01
   9.2019272e+00   9.2897180e+00   2.6672619e+01
   9.8955186e+00   1.0143619e+01   2.2851609e+01
   9.1817901e+00   9.3062805e+00   2.5152145e+01
   1.0412886e+01   1.0737898e+01   2.2185025e+01
   8.2452168e+00   8.3511839e+00   2.5016746e+01
   8.5226520e+00   8.6713925e+00   2.3803333e+01
   8.5502445e+00   8.6641685e+00   2.4972611e+01
   9.1545477e+00   9.3602895e+00   2.2977767e+01
   8.9068456e+00   9.0058769e+00   2.5890698e+01
   8.2233352e+00   8.3574028e+00   2.3986529e+01
   9.5745914e+00   9.6675186e+00   2.6762614e+01
   8.9959371e+00   9.1549541e+00   2.3936525e+01
   9.6406760e+00   9.7688083e+00   2.5441302e+01
   9.1166440e+00   9.2656280e+00   2.4323431e+01
   8.0711521e+00   8.1341859e+00   2.7105547e+01
