   1.1805187e+01   1.3218802e+01   1.7569560e+01
   1.1825029e+01   1.3667192e+01   1.6620932e+01
   1.4028493e+01   1.5493301e+01   1.9581257e+01
   1.2985673e+01   1.4610425e+01   1.8190409e+01
   1.1415918e+01   1.5465978e+01   1.3709574e+01
   1.3252142e+01   1.5238632e+01   1.7732658e+01
   1.0378888e+01   1.3828591e+01   1.3166418e+01
   1.3344370e+01   1.5078544e+01   1.8302381e+01
   1.2388408e+01   1.4481447e+01   1.6715107e+01
   1.4978276e+01   1.7036584e+01   1.9294685e+01
   1.2947096e+01   1.4656186e+01   1.7970009e+01
   1.3075560e+01   1.4695603e+01   1.8287873e+01
   1.3804663e+01   1.6210743e+01   1.7619744e+01
   1.2327579e+01   1.3843580e+01   1.7810036e+01
   1.1707205e+01   1.2782328e+01   1.8519967e+01
   1.3389115e+01   1.5011559e+01   1.8586111e+01
   1.0075571e+01   1.3829520e+01   1.2627330e+01
   1.2853166e+01   1.5200690e+01   1.6775122e+01
   1.1744946e+01   1.2584223e+01   1.9529776e+01
   1.1803795e+01   1.2575328e+01   1.9921774e+01
   1.3477872e+01   1.5122673e+01   1.8622556e+01
   1.1709931e+01   1.3214305e+01   1.7247106e+01
   1.3617667e+01   1.5444970e+01   1.8381294e+01
   1.3167072e+01   1.4879174e+01   1.8176547e+01
   1.3238817e+01   1.4253021e+01   2.0212767e+01
   1.3840291e+01   1.5188648e+01   1.9706382e+01
   1.2366562e+01   1.3345848e+01   1.9512246e+01
   1.1683793e+01   1.2906299e+01   1.8002954e+01
   1.2751653e+01   1.4234807e+01   1.8298909e+01
   1.2006276e+01   1.2565740e+01   2.1417252e+01
   1.1002176e+01   1.1700707e+01   1.9566823e+01
   1.1870697e+01   1.2470414e+01   2.1004671e+01
   1.2199587e+01   1.3106556e+01   1.9654457e+01
   1.2759983e+01   1.3456370e+01   2.1244518e+01
   1.3831849e+01   1.5193983e+01   1.9660162e+01
   1.1714981e+01   1.2234913e+01   2.1442861e+01
   1.3087253e+01   1.4604609e+01   1.8538710e+01
   1.2847191e+01   1.3408855e+01   2.2201794e+01
   1.1751204e+01   1.2628381e+01   1.9360244e+01
   1.2127174e+01   1.2703459e+01   2.1410605e+01
   1.0599122e+01   1.1736225e+01   1.7256957e+01
   1.0686686e+01   1.1442623e+01   1.8953034e+01
   1.1990191e+01   1.3026950e+01   1.8930429e+01
   1.0509603e+01   1.1022394e+01   2.0372231e+01
   9.8303396e+00   1.0377195e+01   1.9480974e+01
   1.0513277e+01   1.0983417e+01   2.0734978e+01
   1.1429498e+01   1.2144795e+01   1.9872479e+01
   1.1855207e+01   1.2378927e+01   2.1545420e+01
   1.3495741e+01   1.5216810e+01   1.8476476e+01
   1.3070698e+01   1.4146496e+01   1.9822062e+01
   1.3040655e+01   1.4119706e+01   1.9781456e+01
   1.4194428e+01   1.5803089e+01   1.9399831e+01
   1.3277663e+01   1.4262030e+01   2.0366626e+01
   1.2603272e+01   1.3776943e+01   1.9037575e+01
   1.3030711e+01   1.4261691e+01   1.9266813e+01
   1.1352379e+01   1.2281658e+01   1.8754621e+01
   1.1311512e+01   1.2186870e+01   1.8952679e+01
   1.2440903e+01   1.3286990e+01   2.0159882e+01
   1.3011186e+01   1.4316372e+01   1.9026413e+01
   1.1648405e+01   1.2670837e+01   1.8659771e+01
   1.3151620e+01   1.4157291e+01   2.0161664e+01
   1.3114607e+01   1.4156385e+01   1.9988838e+01
   1.4436131e+01   1.5240573e+01   2.2283071e+01
   1.2607900e+01   1.3366111e+01   2.0757033e+01
   1.2800445e+01   1.3652221e+01   2.0477347e+01
   1.1545580e+01   1.2217491e+01   2.0235042e+01
   1.1457805e+01   1.1990437e+01   2.1101259e+01
   1.2735234e+01   1.3513760e+01   2.0772997e+01
   1.3007142e+01   1.3786647e+01   2.1028629e+01
   1.3822554e+01   1.4713919e+01   2.1282168e+01
   1.3040437e+01   1.4159113e+01   1.9642132e+01
   1.1450388e+01   1.1899302e+01   2.1800893e+01
   1.3842456e+01   1.4625996e+01   2.1812735e+01
   1.1071249e+01   1.1433097e+01   2.2345013e+01
   1.1346024e+01   1.1842489e+01   2.1286080e+01
   1.1535852e+01   1.2000645e+01   2.1737113e+01
   1.3033858e+01   1.3813479e+01   2.1053682e+01
   1.2384586e+01   1.2929387e+01   2.1885379e+01
   1.3723864e+01   1.4860772e+01   2.0240059e+01
   1.0612602e+01   1.1026264e+01   2.1359208e+01
   1.1063611e+01   1.1740107e+01   1.9754245e+01
   1.1805033e+01   1.2405228e+01   2.0939296e+01
   1.1621823e+01   1.2122528e+01   2.1510350e+01
   1.2603483e+01   1.3022480e+01   2.3178348e+01
   1.0398948e+01   1.0839328e+01   2.0900833e+01
   1.2636412e+01   1.3194761e+01   2.2024661e+01
   1.1430971e+01   1.1876663e+01   2.1812543e+01
   1.2765321e+01   1.3659779e+01   2.0250192e+01
   1.1702158e+01   1.2146460e+01   2.2080644e+01
   1.0859133e+01   1.1180511e+01   2.2645438e+01
