   1.5013100e+01   1.7839882e+01   1.8285852e+01
   1.4041771e+01   1.6821057e+01   1.7385441e+01
   1.8079235e+01   2.3066936e+01   1.9757200e+01
   1.5583084e+01   1.7727539e+01   1.9748629e+01
   1.2301691e+01   1.8280283e+01   1.3629226e+01
   1.4491316e+01   1.7561816e+01   1.7517718e+01
   1.1277260e+01   1.6349249e+01   1.2994763e+01
   1.4426324e+01   1.6868878e+01   1.8178316e+01
   1.4500654e+01   1.9007634e+01   1.6454205e+01
   1.7028971e+01   2.0857055e+01   1.9386853e+01
   1.3805696e+01   1.7419662e+01   1.6364058e+01
   1.3912615e+01   1.5816353e+01   1.8523876e+01
   1.5799408e+01   1.9666071e+01   1.8141362e+01
   1.3755255e+01   1.6196621e+01   1.7523449e+01
   1.3978117e+01   1.6391467e+01   1.7779256e+01
   1.5458231e+01   1.8484899e+01   1.8513350e+01
   1.0930874e+01   1.7720766e+01   1.2024184e+01
   1.4490811e+01   1.9075849e+01   1.6401290e+01
   1.4304384e+01   1.7549653e+01   1.7167465e+01
   1.5240345e+01   1.7742537e+01   1.8898602e+01
   1.4690964e+01   1.7435064e+01   1.8062545e+01
   1.4082646e+01   1.8121605e+01   1.6328297e+01
   1.5756859e+01   1.9384071e+01   1.8276838e+01
   1.6019160e+01   2.0737023e+01   1.7843492e+01
   1.6203854e+01   1.9605582e+01   1.8902406e+01
   1.6492108e+01   2.0233400e+01   1.8917875e+01
   1.3627688e+01   1.6087902e+01   1.7373603e+01
   1.3639419e+01   1.5853069e+01   1.7737489e+01
   1.4780770e+01   1.8973520e+01   1.6917296e+01
   1.3792695e+01   1.5836908e+01   1.8159177e+01
   1.3806262e+01   1.5904708e+01   1.8082287e+01
   1.4875648e+01   1.7683798e+01   1.8171373e+01
   1.4874755e+01   1.7810841e+01   1.8031866e+01
   1.5586394e+01   1.8242915e+01   1.9046472e+01
   1.5646251e+01   1.7995789e+01   1.9504561e+01
   1.4389734e+01   1.6518401e+01   1.8603198e+01
   1.5655281e+01   1.8693093e+01   1.8696528e+01
   1.6422096e+01   1.8761623e+01   2.0283416e+01
   1.3638573e+01   1.5955506e+01   1.7583204e+01
   1.4433798e+01   1.5927383e+01   1.9904289e+01
   1.2801770e+01   1.5671413e+01   1.6073534e+01
   1.2803498e+01   1.4968558e+01   1.7000470e+01
   1.3368742e+01   1.6106096e+01   1.6775473e+01
   1.1896175e+01   1.3272389e+01   1.7756873e+01
   1.1963373e+01   1.3692592e+01   1.6980396e+01
   1.1942819e+01   1.3365260e+01   1.7677778e+01
   1.3277962e+01   1.5281131e+01   1.7728639e+01
   1.5207024e+01   1.7518804e+01   1.9126362e+01
   1.4510250e+01   1.7823596e+01   1.7308377e+01
   1.3766583e+01   1.5558730e+01   1.8595102e+01
   1.3653560e+01   1.6110287e+01   1.7403520e+01
   1.5520376e+01   1.7879868e+01   1.9366690e+01
   1.5379615e+01   1.8596737e+01   1.8252080e+01
   1.4040979e+01   1.5929444e+01   1.8677289e+01
   1.3669014e+01   1.6930875e+01   1.6528693e+01
   1.2564563e+01   1.4543540e+01   1.7079917e+01
   1.1801001e+01   1.4132933e+01   1.5780132e+01
   1.3929719e+01   1.5874087e+01   1.8466624e+01
   1.4316663e+01   1.6899128e+01   1.7889392e+01
   1.5260609e+01   1.7376440e+01   1.9477432e+01
   1.3532207e+01   1.5858429e+01   1.7466122e+01
   1.5760726e+01   1.8530144e+01   1.9086555e+01
   1.6467983e+01   1.9524331e+01   1.9480906e+01
   1.5619119e+01   1.7897089e+01   1.9580713e+01
   1.5071185e+01   1.8753934e+01   1.7556810e+01
   1.3683529e+01   1.5773625e+01   1.7976359e+01
   1.3907691e+01   1.6122067e+01   1.7998057e+01
   1.5292268e+01   1.7972242e+01   1.8728829e+01
   1.4651911e+01   1.7244121e+01   1.8206034e+01
   1.6367967e+01   1.9048802e+01   1.9788522e+01
   1.5383703e+01   1.9081110e+01   1.7854234e+01
   1.3896801e+01   1.5663733e+01   1.8772299e+01
   1.5999430e+01   1.9351624e+01   1.8742930e+01
   1.2025794e+01   1.3180652e+01   1.8546921e+01
   1.3204260e+01   1.5239532e+01   1.7601906e+01
   1.3533207e+01   1.5286421e+01   1.8446562e+01
   1.4440971e+01   1.7141059e+01   1.7868440e+01
   1.4196091e+01   1.6375106e+01   1.8334307e+01
   1.4093076e+01   1.7039993e+01   1.7252719e+01
   1.2650572e+01   1.4625755e+01   1.7169740e+01
   1.2663643e+01   1.4865331e+01   1.6807765e+01
   1.3825507e+01   1.6497215e+01   1.7299261e+01
   1.2909901e+01   1.4350607e+01   1.8559076e+01
   1.5848000e+01   1.7809612e+01   2.0314989e+01
   1.1611427e+01   1.3241666e+01   1.6857561e+01
   1.4156044e+01   1.6213184e+01   1.8491937e+01
   1.2104928e+01   1.4312211e+01   1.6259184e+01
   1.6004471e+01   1.8852762e+01   1.9239254e+01
   1.2694514e+01   1.4123754e+01   1.8381214e+01
   1.3797536e+01   1.5212241e+01   1.9485746e+01
