   4.1223401e-01   4.4635710e-01   2.4269497e+01
   7.2420791e-01   7.7193401e-01   2.2979794e+01
   1.1245873e+00   1.1366094e+00   2.9187720e+01
   1.0728636e+00   1.0852587e+00   2.9025860e+01
   1.2630838e+00   1.4408162e+00   1.7581194e+01
   1.6235345e+00   1.7586325e+00   1.8981662e+01
   1.0198221e+00   1.1959581e+00   1.7480313e+01
   1.8350276e+00   1.9845612e+00   1.8670440e+01
   2.0343059e+00   2.1063126e+00   2.1957982e+01
   1.5083087e+00   1.5446095e+00   2.4611439e+01
   1.3302068e+00   1.3547997e+00   2.6197745e+01
   1.5121591e+00   1.5316291e+00   2.7317732e+01
   1.5078593e+00   1.5131643e+00   3.2960718e+01
   1.5721848e+00   1.5775080e+00   3.2983770e+01
   1.1718230e+00   1.1765425e+00   3.3274827e+01
   1.4802279e+00   1.4855002e+00   3.2971466e+01
   9.1612439e-01   1.1531857e+00   1.6135223e+01
   1.8520969e+00   2.0533234e+00   1.7397187e+01
   1.2095728e+00   1.2190942e+00   3.0248560e+01
   1.0471584e+00   1.0528342e+00   3.2403285e+01
   1.7183574e+00   1.7281880e+00   3.0406927e+01
   1.0761753e+00   1.0811816e+00   3.2964654e+01
   1.4639866e+00   1.4684784e+00   3.3657761e+01
   1.2584949e+00   1.2618053e+00   3.4864253e+01
   2.1622279e+00   2.1791650e+00   2.8316123e+01
   1.1736045e+00   1.1770248e+00   3.4674023e+01
   1.4406201e+00   1.4593285e+00   2.7449086e+01
   1.2168711e+00   1.2301363e+00   2.8812848e+01
   1.2395631e+00   1.2649702e+00   2.6004275e+01
   1.0857781e+00   1.1062549e+00   2.6853545e+01
   9.7463805e-01   9.7919760e-01   3.3313780e+01
   9.9383402e-01   9.9758698e-01   3.4169899e+01
   1.3449547e+00   1.3548124e+00   3.0175513e+01
   1.1189454e+00   1.1228529e+00   3.4064779e+01
   1.6880740e+00   1.7024609e+00   2.8735393e+01
   1.1696962e+00   1.1809994e+00   2.9480972e+01
   1.3570687e+00   1.3657705e+00   3.0724056e+01
   1.2792877e+00   1.2873538e+00   3.1008637e+01
   2.1721014e+00   2.1927646e+00   2.7459157e+01
   1.3542850e+00   1.3612419e+00   3.1694213e+01
   1.4046588e+00   1.4148707e+00   3.0056756e+01
   1.2786088e+00   1.2873220e+00   3.0673243e+01
   1.1627734e+00   1.1686845e+00   3.2291992e+01
   1.0423785e+00   1.0473409e+00   3.2983956e+01
   1.1500667e+00   1.1559047e+00   3.2338869e+01
   1.2744864e+00   1.2815469e+00   3.1584159e+01
   1.4794338e+00   1.4950055e+00   2.8268503e+01
   1.3744441e+00   1.3859324e+00   2.9527839e+01
   1.4150202e+00   1.4194109e+00   3.3728009e+01
   1.8201956e+00   1.8250900e+00   3.3496392e+01
   2.2303154e+00   2.2551730e+00   2.6693469e+01
   1.8658251e+00   1.8732170e+00   3.1733753e+01
   1.5308508e+00   1.5355893e+00   3.3464660e+01
   1.8457869e+00   1.8519238e+00   3.2529536e+01
   1.4538316e+00   1.4582327e+00   3.3740456e+01
   1.8110411e+00   1.8153341e+00   3.4060171e+01
   1.1601304e+00   1.1648955e+00   3.3226430e+01
   1.7571646e+00   1.7641371e+00   3.1921808e+01
   1.5103130e+00   1.5185489e+00   3.1052214e+01
   1.8325154e+00   1.8399688e+00   3.1677586e+01
   2.2537600e+00   2.2740886e+00   2.7581132e+01
   1.3756571e+00   1.3792647e+00   3.4558286e+01
   1.4977451e+00   1.5004845e+00   3.5824961e+01
   1.3230896e+00   1.3257177e+00   3.5903662e+01
   1.5140852e+00   1.5168044e+00   3.5866601e+01
   1.3751856e+00   1.3771962e+00   3.7096769e+01
   1.2075510e+00   1.2110929e+00   3.4541687e+01
   1.3338880e+00   1.3376359e+00   3.4368448e+01
   1.4425201e+00   1.4513036e+00   3.0733061e+01
   1.3124226e+00   1.3161227e+00   3.4411955e+01
   1.3111456e+00   1.3469219e+00   2.4559764e+01
   1.9606299e+00   1.9832835e+00   2.6929306e+01
   1.3832882e+00   1.3874742e+00   3.3916965e+01
   2.0143464e+00   2.0338718e+00   2.7607295e+01
   1.0846124e+00   1.0885096e+00   3.4056954e+01
   1.9069542e+00   1.9256715e+00   2.7725050e+01
   1.4181102e+00   1.4282193e+00   3.0108524e+01
   1.9710500e+00   1.9933774e+00   2.6998676e+01
   1.3609847e+00   1.3697199e+00   3.0709681e+01
   1.3084018e+00   1.3159227e+00   3.1329291e+01
   9.4096158e-01   9.4571704e-01   3.3112389e+01
   1.1484953e+00   1.1540524e+00   3.2552122e+01
   1.3487717e+00   1.3570573e+00   3.0932101e+01
   1.3186457e+00   1.3223043e+00   3.4464526e+01
   1.3083559e+00   1.3111289e+00   3.5662122e+01
   1.4992566e+00   1.5019167e+00   3.5953509e+01
   1.2307234e+00   1.2391556e+00   3.0788158e+01
   1.1644476e+00   1.1679209e+00   3.4602066e+01
   1.1770339e+00   1.1878135e+00   2.9691133e+01
   9.0932484e-01   9.1394981e-01   3.3215716e+01
