   1.1454618e+01   1.2786310e+01   1.7460094e+01
   1.1622019e+01   1.3359784e+01   1.6635775e+01
   1.3735396e+01   1.5111815e+01   1.9527603e+01
   1.3197250e+01   1.4821329e+01   1.8396580e+01
   1.1279383e+01   1.4994859e+01   1.3818540e+01
   1.3153759e+01   1.4922581e+01   1.8046798e+01
   1.0138760e+01   1.3312597e+01   1.3189424e+01
   1.2961741e+01   1.4457020e+01   1.8471474e+01
   1.2195689e+01   1.4085113e+01   1.6887069e+01
   1.4586140e+01   1.6460404e+01   1.9236181e+01
   1.2830812e+01   1.4458946e+01   1.8033254e+01
   1.3205286e+01   1.4762033e+01   1.8558795e+01
   1.3562193e+01   1.5490634e+01   1.8137535e+01
   1.2236722e+01   1.3584246e+01   1.8161770e+01
   1.1284451e+01   1.2307847e+01   1.8311564e+01
   1.3136458e+01   1.4512953e+01   1.8947618e+01
   9.7930837e+00   1.3146651e+01   1.2690768e+01
   1.2697930e+01   1.4773961e+01   1.7042494e+01
   1.1542349e+01   1.2197459e+01   2.0334740e+01
   1.1072572e+01   1.1723355e+01   1.9920025e+01
   1.3087657e+01   1.4451136e+01   1.8936039e+01
   1.1014433e+01   1.2224370e+01   1.7408304e+01
   1.3141907e+01   1.4637294e+01   1.8645265e+01
   1.2858879e+01   1.4056501e+01   1.9205975e+01
   1.2939184e+01   1.3815204e+01   2.0499301e+01
   1.3354072e+01   1.4402543e+01   2.0194843e+01
   1.2045482e+01   1.2957426e+01   1.9486064e+01
   1.1498168e+01   1.2380624e+01   1.9096880e+01
   1.2264892e+01   1.3456135e+01   1.8656415e+01
   1.1776699e+01   1.2258705e+01   2.1813584e+01
   1.0850781e+01   1.1458234e+01   1.9993517e+01
   1.1575196e+01   1.2040062e+01   2.1773476e+01
   1.1739938e+01   1.2466135e+01   2.0104690e+01
   1.2389665e+01   1.2923001e+01   2.1977530e+01
   1.3490920e+01   1.4746966e+01   1.9634796e+01
   1.1293457e+01   1.1706279e+01   2.2002164e+01
   1.2690492e+01   1.4103875e+01   1.8418892e+01
   1.2382988e+01   1.2816924e+01   2.2823034e+01
   1.1590428e+01   1.2396338e+01   1.9545314e+01
   1.1749868e+01   1.2221966e+01   2.1874162e+01
   1.0423369e+01   1.1495679e+01   1.7320487e+01
   1.0450472e+01   1.0983828e+01   2.0155239e+01
   1.1871768e+01   1.2801077e+01   1.9246471e+01
   1.0328877e+01   1.0744982e+01   2.1072322e+01
   9.5578496e+00   1.0058275e+01   1.9598773e+01
   1.0357071e+01   1.0709061e+01   2.1798458e+01
   1.1202535e+01   1.1836428e+01   2.0148922e+01
   1.1461499e+01   1.1781977e+01   2.3219596e+01
   1.3224360e+01   1.4774738e+01   1.8592270e+01
   1.2550208e+01   1.3356242e+01   2.0457333e+01
   1.2844036e+01   1.3802711e+01   2.0052953e+01
   1.3919224e+01   1.5016584e+01   2.0565411e+01
   1.3114032e+01   1.4063474e+01   2.0350397e+01
   1.2356465e+01   1.3264977e+01   1.9797438e+01
   1.2859748e+01   1.3941108e+01   1.9599168e+01
   1.1394874e+01   1.2037050e+01   2.0276847e+01
   1.1150013e+01   1.1870584e+01   1.9579903e+01
   1.1836959e+01   1.2489581e+01   2.0628573e+01
   1.2546066e+01   1.3701271e+01   1.9043489e+01
   1.1533369e+01   1.2336243e+01   1.9506471e+01
   1.2805935e+01   1.3690488e+01   2.0333122e+01
   1.2628484e+01   1.3382081e+01   2.0801183e+01
   1.3911445e+01   1.4571179e+01   2.2570292e+01
   1.2354006e+01   1.2890534e+01   2.1919100e+01
   1.2619113e+01   1.3323777e+01   2.1062170e+01
   1.1505089e+01   1.1969096e+01   2.1715189e+01
   1.1252516e+01   1.1687674e+01   2.1744548e+01
   1.2166901e+01   1.2683146e+01   2.1899793e+01
   1.2468487e+01   1.3035814e+01   2.1799254e+01
   1.3274654e+01   1.3889520e+01   2.2242324e+01
   1.2523826e+01   1.3483335e+01   1.9742600e+01
   1.1358565e+01   1.1753995e+01   2.2242647e+01
   1.3327870e+01   1.3980527e+01   2.2051394e+01
   1.0942681e+01   1.1248551e+01   2.2931340e+01
   1.0979424e+01   1.1423909e+01   2.1401183e+01
   1.1448168e+01   1.1768044e+01   2.3214990e+01
   1.2597548e+01   1.3271812e+01   2.1219656e+01
   1.1948448e+01   1.2349655e+01   2.2737404e+01
   1.3307701e+01   1.4246336e+01   2.0581810e+01
   1.0448968e+01   1.0809147e+01   2.1786759e+01
   1.0826285e+01   1.1374658e+01   2.0390124e+01
   1.1465370e+01   1.1884120e+01   2.2104044e+01
   1.1237174e+01   1.1641619e+01   2.2034919e+01
   1.2126408e+01   1.2463777e+01   2.3630329e+01
   1.0130208e+01   1.0485149e+01   2.1554743e+01
   1.2572859e+01   1.2979897e+01   2.3269623e+01
   1.1151497e+01   1.1547129e+01   2.2046698e+01
   1.2593725e+01   1.3191306e+01   2.1706403e+01
   1.1350458e+01   1.1694048e+01   2.2823055e+01
   1.0555257e+01   1.0777332e+01   2.3927410e+01
