   1.4394722e+01   1.6857378e+01   1.8120460e+01
   1.3649499e+01   1.6152546e+01   1.7338299e+01
   1.7478076e+01   2.1436623e+01   1.9741608e+01
   1.5135065e+01   1.7246927e+01   1.9360580e+01
   1.2253423e+01   1.7947964e+01   1.3686281e+01
   1.4437375e+01   1.7345527e+01   1.7631581e+01
   1.1062538e+01   1.5731298e+01   1.2990128e+01
   1.4237335e+01   1.6431443e+01   1.8351230e+01
   1.4282213e+01   1.8278279e+01   1.6553710e+01
   1.6555808e+01   1.9864678e+01   1.9331325e+01
   1.3692391e+01   1.6851524e+01   1.6647544e+01
   1.3874859e+01   1.5444201e+01   1.9178843e+01
   1.5528136e+01   1.8951982e+01   1.8215801e+01
   1.3523255e+01   1.5517510e+01   1.7982557e+01
   1.2990458e+01   1.4774301e+01   1.7858475e+01
   1.5287514e+01   1.7560781e+01   1.9261516e+01
   1.0730182e+01   1.6503314e+01   1.2161377e+01
   1.4532680e+01   1.8253160e+01   1.6997228e+01
   1.3698888e+01   1.5998911e+01   1.7666553e+01
   1.4213741e+01   1.5504640e+01   2.0232715e+01
   1.4567102e+01   1.7127516e+01   1.8162676e+01
   1.3766704e+01   1.5909545e+01   1.7972084e+01
   1.5339577e+01   1.8440066e+01   1.8323280e+01
   1.5264353e+01   1.8137440e+01   1.8482524e+01
   1.5207754e+01   1.7373267e+01   1.9346645e+01
   1.5649815e+01   1.7771185e+01   1.9851045e+01
   1.3440507e+01   1.5275470e+01   1.8194323e+01
   1.2970242e+01   1.4420776e+01   1.8592067e+01
   1.4434111e+01   1.7495122e+01   1.7470923e+01
   1.3065150e+01   1.3913603e+01   2.0746921e+01
   1.2744399e+01   1.3920562e+01   1.9164999e+01
   1.3692518e+01   1.4623928e+01   2.0983568e+01
   1.4484302e+01   1.6220269e+01   1.9408316e+01
   1.5033370e+01   1.6184085e+01   2.1467520e+01
   1.5403593e+01   1.7026030e+01   2.0551041e+01
   1.3043456e+01   1.3784378e+01   2.1266767e+01
   1.4939896e+01   1.7335261e+01   1.8746279e+01
   1.5454548e+01   1.6432185e+01   2.2507917e+01
   1.3097021e+01   1.4445863e+01   1.8985521e+01
   1.4025871e+01   1.4797309e+01   2.2052283e+01
   1.2263438e+01   1.4087690e+01   1.7076896e+01
   1.2653412e+01   1.3477087e+01   2.0469797e+01
   1.3434956e+01   1.5003371e+01   1.8753929e+01
   1.1676077e+01   1.2266810e+01   2.0882365e+01
   1.0911756e+01   1.1778036e+01   1.8618180e+01
   1.1626557e+01   1.2180398e+01   2.1099754e+01
   1.2876264e+01   1.3905411e+01   1.9806955e+01
   1.4327456e+01   1.5072056e+01   2.2486067e+01
   1.4654512e+01   1.6796931e+01   1.8840439e+01
   1.3676702e+01   1.4704457e+01   2.0583973e+01
   1.3774046e+01   1.5286974e+01   1.9214920e+01
   1.5395985e+01   1.6696841e+01   2.1357680e+01
   1.4894991e+01   1.6589369e+01   1.9896626e+01
   1.3774200e+01   1.4781078e+01   2.0758077e+01
   1.4189609e+01   1.6200562e+01   1.8603116e+01
   1.3056351e+01   1.3923510e+01   2.0652067e+01
   1.2161116e+01   1.3298625e+01   1.8734346e+01
   1.3283082e+01   1.4125111e+01   2.0986686e+01
   1.4187822e+01   1.5578719e+01   1.9928190e+01
   1.3342301e+01   1.4311913e+01   2.0487957e+01
   1.3834269e+01   1.5445206e+01   1.9044143e+01
   1.4872422e+01   1.6073821e+01   2.1146203e+01
   1.6188069e+01   1.7623250e+01   2.1769120e+01
   1.4497518e+01   1.5303484e+01   2.2335157e+01
   1.4968697e+01   1.6787541e+01   1.9716374e+01
   1.3299846e+01   1.3956954e+01   2.1996931e+01
   1.2670296e+01   1.3601925e+01   1.9998674e+01
   1.4658256e+01   1.5731119e+01   2.1370583e+01
   1.4349146e+01   1.5785858e+01   1.9964980e+01
   1.5683395e+01   1.6608351e+01   2.2948110e+01
   1.4877790e+01   1.6986710e+01   1.9112966e+01
   1.3175148e+01   1.3677343e+01   2.2975293e+01
   1.5832261e+01   1.7474802e+01   2.0927353e+01
   1.2545806e+01   1.3007853e+01   2.2717773e+01
   1.2777789e+01   1.3864401e+01   1.9501682e+01
   1.3681906e+01   1.4253750e+01   2.2929853e+01
   1.4646447e+01   1.6020203e+01   2.0421230e+01
   1.4192865e+01   1.5070649e+01   2.1701395e+01
   1.4311985e+01   1.6140714e+01   1.9055010e+01
   1.2095505e+01   1.2605869e+01   2.1879266e+01
   1.2579258e+01   1.3796203e+01   1.8876191e+01
   1.3942493e+01   1.4807328e+01   2.1517491e+01
   1.2326936e+01   1.3034900e+01   2.0764566e+01
   1.5122689e+01   1.5766330e+01   2.3845566e+01
   1.1758987e+01   1.2559491e+01   1.9731755e+01
   1.4094239e+01   1.4815539e+01   2.2387569e+01
   1.2585559e+01   1.3634866e+01   1.9452572e+01
   1.5111941e+01   1.5981014e+01   2.2634727e+01
   1.2977337e+01   1.3721726e+01   2.1184592e+01
   1.3029645e+01   1.3404205e+01   2.4052127e+01
