   1.1126330e+01   1.2357792e+01   1.7446447e+01
   1.1314219e+01   1.2894468e+01   1.6688480e+01
   1.3005704e+01   1.4186210e+01   1.9402314e+01
   1.2764790e+01   1.4256000e+01   1.8291552e+01
   1.1076792e+01   1.4539147e+01   1.3827775e+01
   1.3038406e+01   1.4740044e+01   1.8074065e+01
   1.0041726e+01   1.3042096e+01   1.3272363e+01
   1.2765748e+01   1.4116215e+01   1.8661650e+01
   1.1957643e+01   1.3716076e+01   1.6914580e+01
   1.4119399e+01   1.5780400e+01   1.9210865e+01
   1.2591874e+01   1.3932194e+01   1.8522728e+01
   1.2849717e+01   1.4140516e+01   1.8912644e+01
   1.3088700e+01   1.4900258e+01   1.7898661e+01
   1.2188750e+01   1.3500657e+01   1.8216774e+01
   1.0647111e+01   1.1597970e+01   1.8001204e+01
   1.2825200e+01   1.4040713e+01   1.9117027e+01
   9.5525756e+00   1.2674129e+01   1.2682906e+01
   1.2469431e+01   1.4262987e+01   1.7335846e+01
   1.0286554e+01   1.0886228e+01   1.9522060e+01
   1.0590428e+01   1.1117328e+01   2.0335212e+01
   1.3131329e+01   1.4408981e+01   1.9222797e+01
   1.0952709e+01   1.1951316e+01   1.8094973e+01
   1.2885933e+01   1.4278296e+01   1.8663058e+01
   1.2537656e+01   1.3433529e+01   2.0025918e+01
   1.2505248e+01   1.3278165e+01   2.0581999e+01
   1.2876695e+01   1.3720894e+01   2.0585920e+01
   1.1705752e+01   1.2532728e+01   1.9551457e+01
   1.1164606e+01   1.1967776e+01   1.9157415e+01
   1.1969151e+01   1.3093502e+01   1.8595997e+01
   1.1464864e+01   1.1854757e+01   2.2401216e+01
   1.0497726e+01   1.1061442e+01   1.9971243e+01
   1.1263587e+01   1.1660171e+01   2.2141511e+01
   1.1362435e+01   1.2039851e+01   2.0029398e+01
   1.1783483e+01   1.2164868e+01   2.2793096e+01
   1.3256963e+01   1.4408929e+01   1.9738244e+01
   1.0716329e+01   1.1054061e+01   2.2304223e+01
   1.2253381e+01   1.3554368e+01   1.8310237e+01
   1.1814969e+01   1.2114884e+01   2.3830906e+01
   1.1471362e+01   1.2214591e+01   1.9757575e+01
   1.1384222e+01   1.1759500e+01   2.2485195e+01
   1.0254175e+01   1.1259450e+01   1.7415500e+01
   1.0302595e+01   1.0703122e+01   2.1207348e+01
   1.1763291e+01   1.2619076e+01   1.9469699e+01
   1.0004666e+01   1.0319896e+01   2.1938691e+01
   9.2881931e+00   9.7316580e+00   1.9856308e+01
   9.9924269e+00   1.0217895e+01   2.3346237e+01
   1.0934224e+01   1.1569053e+01   1.9891576e+01
   1.1100432e+01   1.1350244e+01   2.3933570e+01
   1.3196449e+01   1.4644969e+01   1.8815731e+01
   1.2434675e+01   1.3126622e+01   2.0959595e+01
   1.2598368e+01   1.3481329e+01   2.0141383e+01
   1.3425292e+01   1.4226277e+01   2.1322322e+01
   1.2698492e+01   1.3585223e+01   2.0220416e+01
   1.1997017e+01   1.2714679e+01   2.0395986e+01
   1.2758771e+01   1.3825202e+01   1.9555963e+01
   1.1182927e+01   1.1711926e+01   2.0871401e+01
   1.0952717e+01   1.1593790e+01   1.9869002e+01
   1.1576171e+01   1.2083814e+01   2.1410577e+01
   1.2030563e+01   1.3031999e+01   1.9104136e+01
   1.1330242e+01   1.2030520e+01   1.9864734e+01
   1.2451050e+01   1.3261662e+01   2.0340019e+01
   1.2287806e+01   1.2796525e+01   2.2075056e+01
   1.3402496e+01   1.3959238e+01   2.2770310e+01
   1.1994119e+01   1.2382785e+01   2.2912999e+01
   1.2483851e+01   1.3170779e+01   2.1035900e+01
   1.1280269e+01   1.1631177e+01   2.2668968e+01
   1.0711009e+01   1.1126525e+01   2.1431848e+01
   1.1872127e+01   1.2285795e+01   2.2537915e+01
   1.2132526e+01   1.2687966e+01   2.1566553e+01
   1.2920083e+01   1.3398143e+01   2.2934125e+01
   1.2173145e+01   1.3048277e+01   1.9770568e+01
   1.1315579e+01   1.1624858e+01   2.3232567e+01
   1.3187174e+01   1.3810015e+01   2.2105916e+01
   1.0738248e+01   1.0984592e+01   2.3656347e+01
   1.0892659e+01   1.1309725e+01   2.1585219e+01
   1.1285334e+01   1.1526613e+01   2.4253358e+01
   1.2348072e+01   1.2932542e+01   2.1562881e+01
   1.1401132e+01   1.1728230e+01   2.3077046e+01
   1.3104374e+01   1.4009715e+01   2.0528075e+01
   1.0261329e+01   1.0524844e+01   2.2930962e+01
   1.0494260e+01   1.1018623e+01   2.0265915e+01
   1.1008502e+01   1.1317768e+01   2.2946096e+01
   1.0728277e+01   1.1102888e+01   2.1880746e+01
   1.1623952e+01   1.1874789e+01   2.4405963e+01
   9.7635369e+00   1.0090740e+01   2.1561532e+01
   1.2011849e+01   1.2299579e+01   2.4191413e+01
   1.0754564e+01   1.1163307e+01   2.1540818e+01
   1.2386933e+01   1.2817510e+01   2.2859047e+01
   1.1163600e+01   1.1528945e+01   2.2390953e+01
   1.0454451e+01   1.0641811e+01   2.4558215e+01
