   1.2505022e+01   1.4196407e+01   1.7580903e+01
   1.2416990e+01   1.4417470e+01   1.6899681e+01
   1.4965838e+01   1.6794986e+01   1.9693619e+01
   1.3626598e+01   1.5403238e+01   1.8489914e+01
   1.1686988e+01   1.6107204e+01   1.3739790e+01
   1.3584037e+01   1.5689211e+01   1.7854781e+01
   1.0370237e+01   1.4017334e+01   1.2994163e+01
   1.3648051e+01   1.5490247e+01   1.8382099e+01
   1.2827051e+01   1.5090421e+01   1.6872451e+01
   1.5480536e+01   1.7864825e+01   1.9292962e+01
   1.3188416e+01   1.5059688e+01   1.7880374e+01
   1.3647062e+01   1.5414169e+01   1.8528997e+01
   1.4690418e+01   1.7353325e+01   1.8157490e+01
   1.2729875e+01   1.4343221e+01   1.7969064e+01
   1.1779633e+01   1.2788826e+01   1.8835261e+01
   1.3700003e+01   1.5289467e+01   1.8962475e+01
   1.0147380e+01   1.4125857e+01   1.2531274e+01
   1.3296638e+01   1.5915105e+01   1.6847503e+01
   1.1790072e+01   1.2828362e+01   1.8734268e+01
   1.2023575e+01   1.3001789e+01   1.9189304e+01
   1.3657537e+01   1.5405932e+01   1.8577206e+01
   1.1848426e+01   1.3603258e+01   1.6817246e+01
   1.4104572e+01   1.5902246e+01   1.8913348e+01
   1.3659180e+01   1.5564904e+01   1.8273439e+01
   1.3572496e+01   1.4620135e+01   2.0408879e+01
   1.4074805e+01   1.5649230e+01   1.9361570e+01
   1.2469570e+01   1.3435595e+01   1.9664154e+01
   1.2363324e+01   1.3569107e+01   1.8704277e+01
   1.2918537e+01   1.4471478e+01   1.8290592e+01
   1.2222539e+01   1.2812375e+01   2.1406169e+01
   1.1392007e+01   1.2091746e+01   1.9925990e+01
   1.2272495e+01   1.2925374e+01   2.1040341e+01
   1.2482835e+01   1.3392995e+01   1.9911052e+01
   1.3414439e+01   1.4172898e+01   2.1529719e+01
   1.4069979e+01   1.5375004e+01   2.0052001e+01
   1.2141221e+01   1.2662408e+01   2.1836222e+01
   1.3299261e+01   1.4879530e+01   1.8594947e+01
   1.3463160e+01   1.4070371e+01   2.2474548e+01
   1.2004559e+01   1.2871044e+01   1.9649459e+01
   1.2738876e+01   1.3349795e+01   2.1755081e+01
   1.0841237e+01   1.2015084e+01   1.7361504e+01
   1.1180158e+01   1.1974745e+01   1.9215054e+01
   1.2261704e+01   1.3300611e+01   1.9181383e+01
   1.1044699e+01   1.1606350e+01   2.0495784e+01
   1.0137457e+01   1.0676611e+01   1.9821557e+01
   1.0988750e+01   1.1512985e+01   2.0727017e+01
   1.1780470e+01   1.2482794e+01   2.0277890e+01
   1.2503663e+01   1.3057488e+01   2.1931410e+01
   1.3812505e+01   1.5436046e+01   1.8994701e+01
   1.3585048e+01   1.4730692e+01   2.0076347e+01
   1.3329725e+01   1.4473902e+01   1.9834494e+01
   1.4965980e+01   1.6513373e+01   2.0294429e+01
   1.3686120e+01   1.4740034e+01   2.0495631e+01
   1.3353297e+01   1.4433720e+01   2.0077930e+01
   1.3502455e+01   1.4703076e+01   1.9817350e+01
   1.2263480e+01   1.3404581e+01   1.8820055e+01
   1.1552262e+01   1.2393667e+01   1.9337297e+01
   1.2971651e+01   1.3875557e+01   2.0406753e+01
   1.3036559e+01   1.4226690e+01   1.9401019e+01
   1.2685925e+01   1.3670556e+01   1.9796678e+01
   1.3274377e+01   1.4265852e+01   2.0335375e+01
   1.3634983e+01   1.4757819e+01   2.0201828e+01
   1.4614895e+01   1.5388696e+01   2.2611400e+01
   1.3374048e+01   1.4243672e+01   2.0946597e+01
   1.3152179e+01   1.3950388e+01   2.1073301e+01
   1.2023775e+01   1.2722496e+01   2.0529298e+01
   1.1636824e+01   1.2194108e+01   2.1084008e+01
   1.3364961e+01   1.4237729e+01   2.0923569e+01
   1.3204206e+01   1.3926522e+01   2.1523311e+01
   1.4447867e+01   1.5419361e+01   2.1550939e+01
   1.3135828e+01   1.4231551e+01   1.9813914e+01
   1.1992245e+01   1.2425952e+01   2.2454757e+01
   1.4087360e+01   1.4864262e+01   2.2083637e+01
   1.1595020e+01   1.1927258e+01   2.3193498e+01
   1.1703895e+01   1.2263873e+01   2.1127515e+01
   1.2057502e+01   1.2427414e+01   2.3179496e+01
   1.3420797e+01   1.4144619e+01   2.1723298e+01
   1.2409151e+01   1.2883702e+01   2.2477292e+01
   1.3866005e+01   1.4962209e+01   2.0517888e+01
   1.1063241e+01   1.1416823e+01   2.2434379e+01
   1.1329253e+01   1.1879680e+01   2.0845363e+01
   1.2326447e+01   1.2837820e+01   2.2090352e+01
   1.1832637e+01   1.2297334e+01   2.2017688e+01
   1.3139999e+01   1.3521904e+01   2.4076694e+01
   1.0696203e+01   1.1107461e+01   2.1461045e+01
   1.3204915e+01   1.3684449e+01   2.3194179e+01
   1.1721771e+01   1.2151157e+01   2.2240954e+01
   1.3621124e+01   1.4265398e+01   2.2386091e+01
   1.2099193e+01   1.2505397e+01   2.2828426e+01
   1.1306973e+01   1.1576433e+01   2.3805954e+01
