   4.9543859e+00   5.1838356e+00   1.8989422e+01
   5.5738662e+00   5.9100035e+00   1.7844972e+01
   4.9865681e+00   5.0555577e+00   2.4191051e+01
   6.6773401e+00   6.8737453e+00   2.1032841e+01
   6.6071470e+00   7.4237264e+00   1.4989321e+01
   7.2954885e+00   7.5979372e+00   1.9713334e+01
   6.2749133e+00   7.0650174e+00   1.4844328e+01
   7.6543275e+00   7.9425001e+00   2.0225764e+01
   7.0211507e+00   7.3042580e+00   1.9761212e+01
   7.5383962e+00   7.7237599e+00   2.2006111e+01
   6.3840507e+00   6.5714617e+00   2.0991687e+01
   7.1568963e+00   7.3289338e+00   2.2001323e+01
   6.9287712e+00   7.0507479e+00   2.3286387e+01
   7.2149016e+00   7.3483353e+00   2.3140693e+01
   5.7777385e+00   5.8394251e+00   2.5290429e+01
   7.3259841e+00   7.4178447e+00   2.4841709e+01
   5.2953277e+00   6.0491703e+00   1.4235236e+01
   7.3017410e+00   7.5825911e+00   2.0032956e+01
   5.0838451e+00   5.1174266e+00   2.7382844e+01
   5.7239633e+00   5.7643144e+00   2.7084990e+01
   7.3022810e+00   7.4643753e+00   2.2379456e+01
   5.7639449e+00   5.8184352e+00   2.5816103e+01
   7.0039343e+00   7.0974217e+00   2.4494950e+01
   6.1432248e+00   6.1839606e+00   2.7378574e+01
   6.7502515e+00   6.8509236e+00   2.3964493e+01
   5.9500815e+00   5.9985905e+00   2.6467447e+01
   6.0624253e+00   6.1831821e+00   2.2618458e+01
   6.2204726e+00   6.2778351e+00   2.5959543e+01
   6.3497237e+00   6.5169980e+00   2.1450900e+01
   6.0397399e+00   6.1005620e+00   2.5560570e+01
   5.4865658e+00   5.5355744e+00   2.6056705e+01
   5.9988158e+00   6.0373159e+00   2.7507038e+01
   6.1086134e+00   6.1979075e+00   2.3957011e+01
   5.9916627e+00   6.0318501e+00   2.7315535e+01
   7.9035768e+00   8.0860869e+00   2.2386731e+01
   4.8455622e+00   4.8902839e+00   2.5960484e+01
   7.3930602e+00   7.5123471e+00   2.3773439e+01
   5.0929175e+00   5.1231413e+00   2.7846404e+01
   7.0643932e+00   7.1844629e+00   2.3467748e+01
   5.0332804e+00   5.0719265e+00   2.6735523e+01
   6.2368995e+00   6.3599708e+00   2.2677879e+01
   5.0837322e+00   5.1213083e+00   2.6895703e+01
   6.4761674e+00   6.6104972e+00   2.2496637e+01
   4.9438526e+00   4.9692126e+00   2.8493595e+01
   5.6480461e+00   5.7088149e+00   2.5252704e+01
   5.1532267e+00   5.1759520e+00   2.9129015e+01
   6.1370970e+00   6.2498041e+00   2.2975878e+01
   5.1627168e+00   5.1958348e+00   2.7503527e+01
   7.6498648e+00   7.7536692e+00   2.4590806e+01
   7.8517073e+00   7.9296409e+00   2.5999821e+01
   7.1524193e+00   7.2990521e+00   2.2682821e+01
   7.9161620e+00   8.0179166e+00   2.4905716e+01
   6.3994182e+00   6.4996947e+00   2.3692727e+01
   7.7599847e+00   7.8566910e+00   2.4990353e+01
   6.7446007e+00   6.8900305e+00   2.2377006e+01
   7.4675444e+00   7.5580605e+00   2.5025409e+01
   5.8089406e+00   5.8763024e+00   2.4934631e+01
   7.6852656e+00   7.7610786e+00   2.5975916e+01
   6.3254348e+00   6.4271009e+00   2.3573040e+01
   7.6216496e+00   7.7200770e+00   2.4795752e+01
   7.1679522e+00   7.2557434e+00   2.4903695e+01
   6.8372725e+00   6.8841785e+00   2.7335841e+01
   6.3406442e+00   6.4064696e+00   2.5462041e+01
   6.6816841e+00   6.7315737e+00   2.6940259e+01
   6.5881696e+00   6.6578578e+00   2.5418133e+01
   6.6001439e+00   6.6362421e+00   2.8273916e+01
   5.6070265e+00   5.6459497e+00   2.7148897e+01
   6.6779574e+00   6.7214095e+00   2.7535101e+01
   6.1430905e+00   6.2090447e+00   2.5293509e+01
   6.5781008e+00   6.6264699e+00   2.6988923e+01
   5.9959731e+00   6.1623955e+00   2.1185754e+01
   6.3598181e+00   6.4219553e+00   2.5726913e+01
   6.4970429e+00   6.5730841e+00   2.4966448e+01
   6.3877338e+00   6.4312155e+00   2.7294266e+01
   5.5427827e+00   5.5884519e+00   2.6406238e+01
   6.4124161e+00   6.4597523e+00   2.6946723e+01
   6.1604500e+00   6.2338731e+00   2.4843905e+01
   6.3562816e+00   6.4179968e+00   2.5753501e+01
   6.3462437e+00   6.4394192e+00   2.3966081e+01
   5.4288375e+00   5.4930239e+00   2.4844167e+01
   5.2906402e+00   5.3320221e+00   2.6636879e+01
   5.3922570e+00   5.4486438e+00   2.5376163e+01
   5.8041950e+00   5.8623844e+00   2.5563870e+01
   5.5256668e+00   5.5746370e+00   2.6090688e+01
   5.4272321e+00   5.4610499e+00   2.7617449e+01
   6.0453597e+00   6.0870513e+00   2.7199436e+01
   5.7974670e+00   5.8421343e+00   2.6703115e+01
   5.8917751e+00   5.9406769e+00   2.6386003e+01
   5.8881995e+00   5.9386072e+00   2.6251875e+01
   4.9584134e+00   4.9861134e+00   2.8121951e+01
