   2.6551504e+00   2.7480872e+00   2.1247593e+01
   3.4340113e+00   3.5815276e+00   1.9775729e+01
   3.1828084e+00   3.2100211e+00   2.6921892e+01
   4.2737853e+00   4.3308130e+00   2.4482992e+01
   4.5661703e+00   4.9929073e+00   1.6049047e+01
   5.0323371e+00   5.2072456e+00   2.0213646e+01
   4.0487052e+00   4.4375662e+00   1.6056818e+01
   5.2391835e+00   5.4201278e+00   2.0227758e+01
   4.7836463e+00   4.9309324e+00   2.0763312e+01
   4.8992330e+00   4.9802587e+00   2.3429357e+01
   3.9849983e+00   4.0680967e+00   2.2644523e+01
   4.8127503e+00   4.8842470e+00   2.3904840e+01
   4.3586255e+00   4.3956862e+00   2.6412201e+01
   4.8377464e+00   4.8770329e+00   2.6515958e+01
   3.6082074e+00   3.6352239e+00   2.7245702e+01
   4.8617614e+00   4.8952571e+00   2.7225154e+01
   3.3644437e+00   3.8161562e+00   1.4926115e+01
   5.1158895e+00   5.3410124e+00   1.9195401e+01
   3.3328660e+00   3.3508176e+00   2.8828984e+01
   3.7185173e+00   3.7368302e+00   2.9009920e+01
   5.2513405e+00   5.3100944e+00   2.5088960e+01
   3.7868458e+00   3.8118066e+00   2.7714405e+01
   4.6855491e+00   4.7167811e+00   2.7396056e+01
   3.9614687e+00   3.9774129e+00   2.9783097e+01
   4.8536367e+00   4.9055245e+00   2.5322940e+01
   3.7417049e+00   3.7603597e+00   2.8945975e+01
   4.0648901e+00   4.1257075e+00   2.4052812e+01
   3.8691515e+00   3.8993150e+00   2.6951563e+01
   4.0840980e+00   4.1552164e+00   2.3389407e+01
   3.6996010e+00   3.7361217e+00   2.6002493e+01
   3.4254376e+00   3.4450196e+00   2.8515279e+01
   3.6745338e+00   3.6924346e+00   2.9077831e+01
   4.0184060e+00   4.0518725e+00   2.6607559e+01
   3.7919258e+00   3.8102410e+00   2.9061102e+01
   5.2648847e+00   5.3333182e+00   2.4439741e+01
   3.1591508e+00   3.1891906e+00   2.6477138e+01
   4.5455200e+00   4.5831612e+00   2.6482701e+01
   3.2936452e+00   3.3140080e+00   2.8255308e+01
   4.8725269e+00   4.9391454e+00   2.4255702e+01
   3.2347402e+00   3.2596875e+00   2.7334184e+01
   4.0426006e+00   4.0922324e+00   2.4916976e+01
   3.2594495e+00   3.2873147e+00   2.6871114e+01
   3.9983239e+00   4.0376397e+00   2.5894864e+01
   3.0373926e+00   3.0543395e+00   2.8879094e+01
   3.5511050e+00   3.5750912e+00   2.7722022e+01
   3.3098606e+00   3.3273220e+00   2.8933432e+01
   4.0968299e+00   4.1450224e+00   2.5083550e+01
   3.3686172e+00   3.3926096e+00   2.7594898e+01
   4.6223049e+00   4.6580871e+00   2.6759308e+01
   5.4000739e+00   5.4474642e+00   2.6134638e+01
   4.9010602e+00   4.9731780e+00   2.3934261e+01
   5.4206148e+00   5.4825032e+00   2.4995464e+01
   4.1431071e+00   4.1822888e+00   2.6013969e+01
   5.2632340e+00   5.3220027e+00   2.5097067e+01
   4.2255476e+00   4.2595632e+00   2.6686673e+01
   5.1566486e+00   5.2102360e+00   2.5414357e+01
   3.5669775e+00   3.5895284e+00   2.8000739e+01
   5.3296631e+00   5.3794270e+00   2.5868350e+01
   4.1162500e+00   4.1552081e+00   2.6019347e+01
   5.3231319e+00   5.3877457e+00   2.4733253e+01
   4.9823490e+00   5.0220976e+00   2.6574845e+01
   4.5713909e+00   4.5998338e+00   2.7716571e+01
   4.1511770e+00   4.1769547e+00   2.7835217e+01
   4.3981159e+00   4.4296456e+00   2.7141843e+01
   4.2857872e+00   4.3078021e+00   2.8617407e+01
   4.4266917e+00   4.4555069e+00   2.7553209e+01
   3.6082811e+00   3.6234816e+00   2.9741125e+01
   4.4700769e+00   4.4992448e+00   2.7532449e+01
   4.0619178e+00   4.0903641e+00   2.7343594e+01
   4.4155466e+00   4.4435033e+00   2.7676161e+01
   3.9020977e+00   3.9897314e+00   2.2355303e+01
   4.5261865e+00   4.5740017e+00   2.5431790e+01
   4.1277758e+00   4.1542764e+00   2.7698330e+01
   4.5457758e+00   4.5779815e+00   2.7158897e+01
   3.4703140e+00   3.4870799e+00   2.9219980e+01
   4.5703172e+00   4.6047426e+00   2.6888173e+01
   4.0020195e+00   4.0366401e+00   2.6448818e+01
   4.5912833e+00   4.6388763e+00   2.5500316e+01
   4.0901006e+00   4.1245348e+00   2.6535563e+01
   3.7687168e+00   3.8062823e+00   2.5928883e+01
   3.2955522e+00   3.3122144e+00   2.9127003e+01
   3.6626533e+00   3.6991353e+00   2.5981153e+01
   3.8260752e+00   3.8497747e+00   2.7967083e+01
   3.7798278e+00   3.8093704e+00   2.6978495e+01
   3.5743156e+00   3.5854686e+00   3.1061323e+01
   4.1223035e+00   4.1474409e+00   2.7923419e+01
   3.7811464e+00   3.8004982e+00   2.8814606e+01
   3.8643225e+00   3.8916600e+00   2.7374770e+01
   3.8290660e+00   3.8484525e+00   2.8840701e+01
   3.2483289e+00   3.2638792e+00   2.9394581e+01
