   1.0184545e+01   1.1239076e+01   1.7163202e+01
   1.0573854e+01   1.1939592e+01   1.6532345e+01
   1.1869634e+01   1.2630360e+01   2.0040767e+01
   1.2489710e+01   1.3830397e+01   1.8423549e+01
   1.0413766e+01   1.3157747e+01   1.3912773e+01
   1.2790496e+01   1.4383007e+01   1.8074952e+01
   9.5137452e+00   1.2050532e+01   1.3318317e+01
   1.2242875e+01   1.3433791e+01   1.8636402e+01
   1.1073384e+01   1.2475092e+01   1.6905603e+01
   1.3425152e+01   1.4834134e+01   1.9139793e+01
   1.2178488e+01   1.3351614e+01   1.8632489e+01
   1.2300543e+01   1.3485644e+01   1.8710314e+01
   1.2563201e+01   1.4007019e+01   1.8217122e+01
   1.1545813e+01   1.2640988e+01   1.8295114e+01
   1.0220876e+01   1.0922813e+01   1.8819658e+01
   1.2155611e+01   1.3283029e+01   1.8763410e+01
   9.1532089e+00   1.1850165e+01   1.2775993e+01
   1.1930154e+01   1.3559301e+01   1.7164799e+01
   1.0226814e+01   1.0555253e+01   2.1969585e+01
   1.0654061e+01   1.1332057e+01   1.9362592e+01
   1.2074750e+01   1.3271192e+01   1.8457993e+01
   1.0375563e+01   1.1400310e+01   1.7453264e+01
   1.1996489e+01   1.3216177e+01   1.8309731e+01
   1.1875028e+01   1.2864563e+01   1.9002880e+01
   1.1828263e+01   1.2445733e+01   2.0845530e+01
   1.2212367e+01   1.3055398e+01   1.9956231e+01
   1.1270079e+01   1.1951621e+01   1.9917922e+01
   1.0789610e+01   1.1553224e+01   1.9008493e+01
   1.1534157e+01   1.2510049e+01   1.8733863e+01
   1.0800509e+01   1.1179305e+01   2.1901331e+01
   1.0016218e+01   1.0485412e+01   2.0284991e+01
   1.0690590e+01   1.1086032e+01   2.1619516e+01
   1.0866765e+01   1.1484032e+01   1.9942971e+01
   1.1269254e+01   1.1646791e+01   2.2352407e+01
   1.2563788e+01   1.3604929e+01   1.9462062e+01
   1.0258807e+01   1.0592616e+01   2.1930776e+01
   1.1642387e+01   1.2731356e+01   1.8408781e+01
   1.1177531e+01   1.1487088e+01   2.3099750e+01
   1.0811117e+01   1.1414735e+01   1.9982405e+01
   1.0667561e+01   1.1037149e+01   2.1880942e+01
   9.7833798e+00   1.0705950e+01   1.7318637e+01
   9.6081446e+00   1.0028819e+01   2.0366480e+01
   1.1164852e+01   1.1934272e+01   1.9329744e+01
   9.3489109e+00   9.6606747e+00   2.1389341e+01
   8.7182514e+00   9.1511055e+00   1.9445641e+01
   9.3999867e+00   9.6102905e+00   2.3104923e+01
   1.0269611e+01   1.0827652e+01   1.9801706e+01
   1.0317509e+01   1.0538145e+01   2.3736092e+01
   1.2514522e+01   1.3682856e+01   1.8969895e+01
   1.1911662e+01   1.2581876e+01   2.0591453e+01
   1.1917463e+01   1.2702581e+01   1.9959654e+01
   1.2961862e+01   1.3738116e+01   2.1001881e+01
   1.1787062e+01   1.2502306e+01   2.0210557e+01
   1.1424430e+01   1.2163532e+01   1.9735733e+01
   1.2150649e+01   1.3031964e+01   1.9721251e+01
   1.0707356e+01   1.1218627e+01   2.0568052e+01
   1.0353927e+01   1.0952296e+01   1.9593316e+01
   1.1388773e+01   1.1904326e+01   2.1170568e+01
   1.1511590e+01   1.2446501e+01   1.8881270e+01
   1.0862879e+01   1.1593602e+01   1.9254369e+01
   1.1888958e+01   1.2606926e+01   2.0291767e+01
   1.2026699e+01   1.2640851e+01   2.1055459e+01
   1.2591687e+01   1.3034552e+01   2.2937109e+01
   1.1297672e+01   1.1734242e+01   2.1773396e+01
   1.1731252e+01   1.2364007e+01   2.0654226e+01
   1.0776372e+01   1.1151942e+01   2.1914687e+01
   1.0257965e+01   1.0644650e+01   2.1313258e+01
   1.1328481e+01   1.1779081e+01   2.1670918e+01
   1.1702247e+01   1.2158250e+01   2.1972909e+01
   1.2642613e+01   1.3157928e+01   2.2359818e+01
   1.1469595e+01   1.2192974e+01   1.9864957e+01
   1.0991091e+01   1.1331474e+01   2.2526747e+01
   1.2357555e+01   1.2862674e+01   2.2170613e+01
   1.0351881e+01   1.0610224e+01   2.3098142e+01
   1.0202410e+01   1.0576564e+01   2.1400042e+01
   1.0850961e+01   1.1115003e+01   2.3467010e+01
   1.1715704e+01   1.2223834e+01   2.1538147e+01
   1.1294363e+01   1.1667249e+01   2.2427754e+01
   1.2185469e+01   1.2876508e+01   2.0727587e+01
   9.9404038e+00   1.0217108e+01   2.2430347e+01
   9.7984743e+00   1.0162954e+01   2.1139917e+01
   1.0644551e+01   1.0986656e+01   2.2183668e+01
   1.0134807e+01   1.0449454e+01   2.2065729e+01
   1.1272503e+01   1.1531928e+01   2.3934262e+01
   9.2475351e+00   9.4990811e+00   2.2206298e+01
   1.1681961e+01   1.2006027e+01   2.3379866e+01
   1.0246526e+01   1.0556751e+01   2.2227955e+01
   1.2234590e+01   1.2792989e+01   2.1641687e+01
   1.0549805e+01   1.0878852e+01   2.2259552e+01
   1.0000523e+01   1.0219101e+01   2.3485586e+01
