   1.2142097e+01   1.3675399e+01   1.7590210e+01
   1.2052230e+01   1.3982845e+01   1.6672923e+01
   1.4146990e+01   1.5642912e+01   1.9619107e+01
   1.3484561e+01   1.5143428e+01   1.8598234e+01
   1.1548807e+01   1.5919905e+01   1.3634229e+01
   1.3170138e+01   1.5250161e+01   1.7493634e+01
   1.0330865e+01   1.3896792e+01   1.3022168e+01
   1.3482676e+01   1.5242313e+01   1.8384420e+01
   1.2803570e+01   1.5089775e+01   1.6815819e+01
   1.5303320e+01   1.7645885e+01   1.9177051e+01
   1.3248637e+01   1.5257757e+01   1.7689855e+01
   1.3180214e+01   1.4851371e+01   1.8276544e+01
   1.4123469e+01   1.6686028e+01   1.7725198e+01
   1.2402714e+01   1.4122073e+01   1.7423179e+01
   1.1912392e+01   1.3066644e+01   1.8440807e+01
   1.3460208e+01   1.5223076e+01   1.8356051e+01
   1.0175818e+01   1.4071137e+01   1.2618119e+01
   1.3108172e+01   1.5658403e+01   1.6749557e+01
   1.2378274e+01   1.3281835e+01   1.9839835e+01
   1.1969652e+01   1.2980210e+01   1.9010699e+01
   1.3673684e+01   1.5629641e+01   1.8196476e+01
   1.1937139e+01   1.3469452e+01   1.7396254e+01
   1.3922207e+01   1.5849578e+01   1.8489992e+01
   1.3390520e+01   1.5243376e+01   1.8111436e+01
   1.3447031e+01   1.4576303e+01   1.9998124e+01
   1.4035432e+01   1.5517380e+01   1.9545102e+01
   1.2449893e+01   1.3518812e+01   1.9250773e+01
   1.2049272e+01   1.3267757e+01   1.8363895e+01
   1.3054470e+01   1.4710474e+01   1.8187801e+01
   1.2107734e+01   1.2697361e+01   2.1298604e+01
   1.1294303e+01   1.2014079e+01   1.9719981e+01
   1.2148164e+01   1.2801630e+01   2.0918475e+01
   1.2645036e+01   1.3635478e+01   1.9734480e+01
   1.3147384e+01   1.3955867e+01   2.1017735e+01
   1.4144449e+01   1.5523062e+01   1.9919034e+01
   1.2060905e+01   1.2660562e+01   2.1185304e+01
   1.3451788e+01   1.5050973e+01   1.8699385e+01
   1.3307180e+01   1.3951625e+01   2.2082812e+01
   1.1823356e+01   1.2752480e+01   1.9201266e+01
   1.2507722e+01   1.3138340e+01   2.1405275e+01
   1.0859985e+01   1.2089688e+01   1.7200632e+01
   1.1056403e+01   1.1883082e+01   1.8940414e+01
   1.2263872e+01   1.3396698e+01   1.8848442e+01
   1.0939138e+01   1.1488508e+01   2.0487947e+01
   1.0078373e+01   1.0691792e+01   1.9237139e+01
   1.0695858e+01   1.1196984e+01   2.0640149e+01
   1.1877211e+01   1.2624206e+01   2.0121100e+01
   1.2396006e+01   1.2981921e+01   2.1598416e+01
   1.3742545e+01   1.5511989e+01   1.8617126e+01
   1.3394863e+01   1.4511932e+01   1.9989489e+01
   1.3277790e+01   1.4460266e+01   1.9658333e+01
   1.4547101e+01   1.6166879e+01   1.9718865e+01
   1.3597916e+01   1.4738879e+01   2.0104493e+01
   1.2871000e+01   1.4089649e+01   1.9151285e+01
   1.3332864e+01   1.4697866e+01   1.9168804e+01
   1.1834645e+01   1.2877706e+01   1.8758788e+01
   1.1461878e+01   1.2477010e+01   1.8511009e+01
   1.2792000e+01   1.3737524e+01   2.0057198e+01
   1.3446221e+01   1.4711498e+01   1.9563840e+01
   1.2226731e+01   1.3305087e+01   1.9003282e+01
   1.3274913e+01   1.4354434e+01   2.0005526e+01
   1.3590145e+01   1.4823429e+01   1.9800149e+01
   1.4679881e+01   1.5553708e+01   2.2192305e+01
   1.3247372e+01   1.4074241e+01   2.1024445e+01
   1.2932959e+01   1.3926836e+01   1.9997308e+01
   1.1611341e+01   1.2360933e+01   1.9855457e+01
   1.1630734e+01   1.2293480e+01   2.0371108e+01
   1.2967458e+01   1.3967569e+01   2.0006070e+01
   1.3387889e+01   1.4230221e+01   2.1086212e+01
   1.4202198e+01   1.5137664e+01   2.1460153e+01
   1.3528548e+01   1.4808811e+01   1.9599011e+01
   1.1878366e+01   1.2347759e+01   2.2019273e+01
   1.4097818e+01   1.5050179e+01   2.1288804e+01
   1.1413471e+01   1.1786522e+01   2.2537511e+01
   1.1586792e+01   1.2180353e+01   2.0778608e+01
   1.1654288e+01   1.2110763e+01   2.1923427e+01
   1.3252229e+01   1.4132669e+01   2.0780398e+01
   1.2493699e+01   1.3085812e+01   2.1648520e+01
   1.3933797e+01   1.5241956e+01   1.9910697e+01
   1.0965759e+01   1.1363401e+01   2.1852212e+01
   1.1243889e+01   1.2011894e+01   1.9411452e+01
   1.1917429e+01   1.2531600e+01   2.0951768e+01
   1.1716826e+01   1.2239018e+01   2.1426746e+01
   1.3052636e+01   1.3474203e+01   2.3581786e+01
   1.0595245e+01   1.1065847e+01   2.0806874e+01
   1.2862115e+01   1.3440198e+01   2.2098253e+01
   1.1860959e+01   1.2351924e+01   2.1817080e+01
   1.3371294e+01   1.4159397e+01   2.1334946e+01
   1.2077017e+01   1.2517454e+01   2.2471052e+01
   1.1049812e+01   1.1366581e+01   2.2883663e+01
