   4.0867823e+00   2.3518290e+01   4.1558447e+00
   3.5498399e+00   1.6001238e+01   3.9118223e+00
   3.6044910e+00   1.8924895e+01   3.7892457e+00
   4.5273061e+00   1.8201825e+01   4.7829871e+00
   3.9387737e+00   2.1918092e+01   4.0363243e+00
   3.3267748e+00   1.8240230e+01   3.5338282e+00
   3.8346084e+00   2.0631600e+01   3.9637607e+00
   3.3705087e+00   1.5106770e+01   3.8038822e+00
   4.1360243e+00   2.2343205e+01   4.2273962e+00
   2.4583064e+00   1.5182718e+01   2.8263723e+00
   3.9858364e+00   2.4565106e+01   4.0391637e+00
   2.0564036e+00   1.6218013e+01   2.3287916e+00
   3.8444545e+00   2.1700505e+01   3.9454541e+00
   3.1734189e+00   1.6044965e+01   3.5102559e+00
   3.7970397e+00   2.1900127e+01   3.8927312e+00
   1.9972246e+00   1.5993110e+01   2.2817380e+00
   3.5008318e+00   2.3453817e+01   3.5645198e+00
   3.3344241e+00   1.8361186e+01   3.5359880e+00
   4.5218922e+00   1.6280654e+01   4.9227558e+00
   4.3381914e+00   1.6026649e+01   4.7501367e+00
   4.9082140e+00   1.9926809e+01   5.0911069e+00
   3.2085984e+00   1.9666534e+01   3.3545418e+00
   4.6818476e+00   1.7423923e+01   4.9970899e+00
   3.1304849e+00   1.6131474e+01   3.4583072e+00
   5.0686921e+00   1.9587728e+01   5.2723806e+00
   2.5562976e+00   1.5836658e+01   2.8771216e+00
   4.6261965e+00   2.0053364e+01   4.7951745e+00
   2.0492546e+00   1.5122180e+01   2.4002620e+00
   4.5519690e+00   2.1876675e+01   4.6612337e+00
   3.2914591e+00   1.8322459e+01   3.4934447e+00
   4.6748341e+00   1.9873667e+01   4.8525292e+00
   1.9865872e+00   1.7195306e+01   2.2015544e+00
   4.5402437e+00   1.8341642e+01   4.7882711e+00
   3.2048943e+00   1.8436785e+01   3.3988843e+00
   4.3824677e+00   2.1916618e+01   4.4876204e+00
   3.0332488e+00   1.7596786e+01   3.2627012e+00
   4.3923539e+00   2.2067170e+01   4.4940756e+00
   3.1470750e+00   1.6864205e+01   3.4241395e+00
   4.2877306e+00   2.1702326e+01   4.3964645e+00
   2.6878373e+00   1.5427931e+01   3.0479984e+00
   4.0794743e+00   2.1750565e+01   4.1832882e+00
   2.2228039e+00   1.5700735e+01   2.5376241e+00
   4.2212086e+00   2.3571550e+01   4.2909813e+00
   3.1428836e+00   1.8571043e+01   3.3290786e+00
   4.0260919e+00   2.1399907e+01   4.1376843e+00
   2.0125151e+00   1.6532683e+01   2.2641097e+00
   4.2615534e+00   2.3449646e+01   4.3338098e+00
   3.2371049e+00   1.6845127e+01   3.5194609e+00
   4.6019359e+00   2.2406701e+01   4.6994164e+00
   3.4485844e+00   1.8516132e+01   3.6466428e+00
   4.4986909e+00   2.0199860e+01   4.6584317e+00
   2.5814257e+00   1.6077307e+01   2.8859411e+00
   4.3002542e+00   2.3666347e+01   4.3694319e+00
   2.2659728e+00   1.6117848e+01   2.5535486e+00
   4.1751981e+00   2.1712944e+01   4.2816187e+00
   3.6235771e+00   1.9411631e+01   3.7891082e+00
   4.2020081e+00   2.3078948e+01   4.2799431e+00
   2.4196947e+00   2.0848645e+01   2.5180789e+00
   4.1832069e+00   2.2133914e+01   4.2798768e+00
   3.5277405e+00   1.9415567e+01   3.6905559e+00
   4.5306936e+00   1.8928022e+01   4.7466463e+00
   3.0356483e+00   1.6440413e+01   3.3360787e+00
   4.3956746e+00   1.9913646e+01   4.5633905e+00
   2.3722221e+00   1.5428321e+01   2.7152773e+00
   4.6003991e+00   1.8973102e+01   4.8167161e+00
   3.5097311e+00   1.6845327e+01   3.8049101e+00
   4.4551544e+00   1.8756948e+01   4.6769547e+00
   2.4155206e+00   1.7873210e+01   2.6112107e+00
   4.5350987e+00   1.9898381e+01   4.7075191e+00
   3.5521804e+00   1.8548245e+01   3.7521115e+00
   3.8221281e+00   2.1460703e+01   3.9284990e+00
   2.1032006e+00   1.5710149e+01   2.4118030e+00
   3.5094666e+00   2.1353039e+01   3.6131028e+00
   3.3626863e+00   1.8252604e+01   3.5703438e+00
   3.5425437e+00   2.1955282e+01   3.6331877e+00
   2.3191359e+00   1.8758129e+01   2.4762987e+00
   3.6924619e+00   2.1402460e+01   3.7980074e+00
   3.3032858e+00   1.8142755e+01   3.5142834e+00
   2.6527602e+00   1.9341771e+01   2.7971030e+00
   3.2174042e+00   1.6625017e+01   3.5136856e+00
   2.4672286e+00   2.0196923e+01   2.5824118e+00
   2.2141153e+00   1.7892450e+01   2.4031998e+00
   2.4037919e+00   1.9056876e+01   2.5523106e+00
   3.3142085e+00   1.7828382e+01   3.5416032e+00
   3.7543472e+00   1.8062865e+01   3.9857659e+00
   2.3759565e+00   1.6800190e+01   2.6254609e+00
   3.7452088e+00   2.0853130e+01   3.8661065e+00
   3.2715766e+00   1.8387125e+01   3.4699180e+00
   2.6512025e+00   2.3061708e+01   2.7123021e+00
   2.6464675e+00   1.7319881e+01   2.8768751e+00
