   3.8047684e+00   2.1074447e+01   3.9207569e+00
   4.5382394e+00   2.2677845e+01   4.6287891e+00
   3.0797984e+00   1.5692782e+01   3.4400513e+00
   6.0096514e+00   2.1727622e+01   6.1567274e+00
   3.6949733e+00   2.2228447e+01   3.7821992e+00
   4.1803327e+00   1.9608768e+01   4.3538500e+00
   3.5708162e+00   2.2338253e+01   3.6541600e+00
   4.9869255e+00   1.7098417e+01   5.3464628e+00
   3.7795796e+00   2.2005809e+01   3.8726930e+00
   5.3960698e+00   2.2314395e+01   5.5106920e+00
   3.6429871e+00   2.1529928e+01   3.7446421e+00
   4.7909863e+00   1.9962614e+01   4.9686343e+00
   3.7266261e+00   2.0837237e+01   3.8476003e+00
   4.7524243e+00   2.2085539e+01   4.8602152e+00
   2.7648656e+00   1.6400832e+01   3.0554196e+00
   4.1814935e+00   2.5281499e+01   4.2281896e+00
   3.4780690e+00   1.8691873e+01   3.6691172e+00
   4.5276179e+00   2.0612149e+01   4.6735018e+00
   4.0674334e+00   1.7005842e+01   4.3797001e+00
   5.9704916e+00   1.6317769e+01   6.4913674e+00
   4.3727891e+00   2.4030514e+01   4.4371706e+00
   4.3428187e+00   1.7053233e+01   4.6667195e+00
   4.6524207e+00   1.9878644e+01   4.8292147e+00
   4.8845839e+00   1.6547461e+01   5.2864244e+00
   4.7600790e+00   2.1725425e+01   4.8774096e+00
   5.3464398e+00   1.7492164e+01   5.6965355e+00
   4.3378095e+00   2.1210797e+01   4.4607027e+00
   4.5292373e+00   1.6063708e+01   4.9516973e+00
   4.3242378e+00   2.1813442e+01   4.4308692e+00
   4.6927340e+00   1.8811412e+01   4.9210431e+00
   3.5392951e+00   1.6780234e+01   3.8404604e+00
   4.2119672e+00   1.9764370e+01   4.3802261e+00
   4.4369334e+00   2.1564881e+01   4.5520812e+00
   4.1877797e+00   1.8570672e+01   4.4089821e+00
   4.0045251e+00   2.4769319e+01   4.0555544e+00
   2.9220913e+00   1.2442719e+01   3.6770198e+00
   4.0844775e+00   2.4031342e+01   4.1457970e+00
   3.6436508e+00   1.2138071e+01   4.5635713e+00
   4.2640032e+00   2.1942323e+01   4.3664460e+00
   4.2403316e+00   1.3000052e+01   5.0727927e+00
   3.7637028e+00   1.9816575e+01   3.9179006e+00
   3.9689932e+00   1.3019966e+01   4.7574858e+00
   4.1497169e+00   2.4859147e+01   4.2009219e+00
   3.6050949e+00   1.3353115e+01   4.2877595e+00
   3.3483069e+00   1.8671412e+01   3.5362797e+00
   3.4990785e+00   1.3980104e+01   4.0766585e+00
   3.9233329e+00   2.2251951e+01   4.0134023e+00
   3.6234970e+00   1.2657051e+01   4.4324196e+00
   4.1773356e+00   2.4287240e+01   4.2360406e+00
   5.0531274e+00   1.7538157e+01   5.3812656e+00
   4.1530591e+00   2.0468318e+01   4.2945303e+00
   5.1497362e+00   2.1130024e+01   5.2940799e+00
   4.0953544e+00   2.2762715e+01   4.1777138e+00
   4.5993755e+00   1.8715272e+01   4.8290580e+00
   3.9796840e+00   2.1680997e+01   4.0834395e+00
   4.6293364e+00   2.1041261e+01   4.7637429e+00
   2.9405871e+00   1.5369104e+01   3.3205899e+00
   3.9551380e+00   2.2221534e+01   4.0463228e+00
   3.9320048e+00   2.0061136e+01   4.0818238e+00
   4.5291573e+00   2.1319025e+01   4.6530083e+00
   4.2317772e+00   2.1048318e+01   4.3571054e+00
   5.5703543e+00   2.0426869e+01   5.7538616e+00
   3.9294473e+00   2.0548347e+01   4.0632039e+00
   4.6302862e+00   1.7703473e+01   4.9228420e+00
   4.1612522e+00   1.9002774e+01   4.3603792e+00
   4.6411549e+00   2.0442519e+01   4.7959245e+00
   2.9899860e+00   1.5837728e+01   3.3332683e+00
   4.0896185e+00   2.1795900e+01   4.1925234e+00
   4.0410724e+00   2.0589113e+01   4.1760655e+00
   4.3746719e+00   1.9303586e+01   4.5672534e+00
   3.4432205e+00   2.0133517e+01   3.5792019e+00
   4.5063459e+00   1.8627213e+01   4.7370079e+00
   3.3635548e+00   2.0806198e+01   3.4784474e+00
   4.5297666e+00   2.2504016e+01   4.6238962e+00
   2.5103168e+00   1.6063101e+01   2.8125298e+00
   3.9034859e+00   2.1434090e+01   4.0119626e+00
   3.3890409e+00   1.9583461e+01   3.5421680e+00
   4.3485956e+00   2.0739355e+01   4.4859383e+00
   2.2717033e+00   2.0560456e+01   2.3745937e+00
   4.3889937e+00   1.9181862e+01   4.5875997e+00
   1.6307881e+00   1.6600174e+01   1.8653309e+00
   4.2149725e+00   2.0530181e+01   4.3558983e+00
   2.1396604e+00   1.9723759e+01   2.2621141e+00
   4.2215390e+00   1.9151759e+01   4.4158696e+00
   2.8853028e+00   1.5263031e+01   3.2714342e+00
   4.5903352e+00   2.1532008e+01   4.7094733e+00
   3.9688014e+00   2.0778612e+01   4.0964411e+00
   4.6673996e+00   2.2422739e+01   4.7656266e+00
   2.6838703e+00   2.2309838e+01   2.7569063e+00
   4.0492200e+00   2.3806788e+01   4.1134258e+00
