   3.0053708e+00   1.8887207e+01   3.1746953e+00
   3.9334857e+00   1.5136033e+01   4.4069904e+00
   2.6859389e+00   1.7211312e+01   2.9236653e+00
   3.4024607e+00   1.7258277e+01   3.6658669e+00
   2.9443341e+00   1.8552112e+01   3.1256017e+00
   3.8120123e+00   1.6486144e+01   4.1496691e+00
   3.1482088e+00   1.6345922e+01   3.4609165e+00
   3.9596789e+00   1.4621643e+01   4.4968742e+00
   2.9787180e+00   1.6603472e+01   3.2653447e+00
   2.8248165e+00   1.5017441e+01   3.2298697e+00
   2.7202670e+00   1.8161388e+01   2.9119642e+00
   1.9905140e+00   1.6553745e+01   2.2400834e+00
   3.1060609e+00   1.7546973e+01   3.3408783e+00
   3.0465224e+00   1.4595023e+01   3.5099329e+00
   2.3458272e+00   1.5367878e+01   2.6923570e+00
   2.1815211e+00   1.5542018e+01   2.5061745e+00
   2.6267301e+00   1.6000667e+01   2.9388992e+00
   2.9512264e+00   1.4943376e+01   3.3717593e+00
   3.6005791e+00   1.4768193e+01   4.0883619e+00
   3.6094619e+00   1.8017663e+01   3.8377861e+00
   3.9037724e+00   1.8070021e+01   4.1406540e+00
   3.3834868e+00   1.9759841e+01   3.5303490e+00
   4.0737120e+00   1.4600812e+01   4.6244889e+00
   3.6189151e+00   1.5644817e+01   4.0170258e+00
   4.0673546e+00   1.5590200e+01   4.5027616e+00
   2.8676616e+00   1.7215240e+01   3.1119558e+00
   3.4311505e+00   1.5401258e+01   3.8396634e+00
   2.0851147e+00   1.4774324e+01   2.4677581e+00
   3.8864061e+00   1.8411393e+01   4.1045465e+00
   3.0644312e+00   1.7668433e+01   3.2912096e+00
   3.3074523e+00   1.6041952e+01   3.6519479e+00
   2.0322581e+00   1.8016219e+01   2.2111942e+00
   3.6195518e+00   1.4640458e+01   4.1238821e+00
   2.7828755e+00   1.7646855e+01   3.0009717e+00
   3.6376633e+00   1.8188416e+01   3.8581147e+00
   3.1433233e+00   1.7453903e+01   3.3847058e+00
   3.9353388e+00   1.8766205e+01   4.1378474e+00
   2.8692589e+00   1.5992013e+01   3.1941223e+00
   3.5146051e+00   1.7011856e+01   3.7987604e+00
   2.7218922e+00   1.6194856e+01   3.0246894e+00
   3.5331893e+00   1.7721746e+01   3.7747492e+00
   1.6578936e+00   1.5625636e+01   1.9529796e+00
   3.8007753e+00   1.9960710e+01   3.9508190e+00
   2.8127033e+00   1.7425842e+01   3.0433483e+00
   3.2681980e+00   1.6513586e+01   3.5747915e+00
   1.7772036e+00   1.5882846e+01   2.0599609e+00
   3.5897913e+00   1.6941276e+01   3.8822760e+00
   2.7376008e+00   1.5250814e+01   3.1159044e+00
   3.7629084e+00   1.8674573e+01   3.9639104e+00
   3.7263360e+00   1.7603806e+01   3.9826816e+00
   3.3683705e+00   1.5396843e+01   3.7730758e+00
   2.7371604e+00   1.5229863e+01   3.1172939e+00
   3.1556669e+00   1.7709566e+01   3.3835655e+00
   2.2532189e+00   1.5765977e+01   2.5647116e+00
   3.3424736e+00   1.8097265e+01   3.5570639e+00
   3.1751658e+00   1.8048206e+01   3.3864726e+00
   2.7829537e+00   1.6087275e+01   3.0964053e+00
   2.1610221e+00   1.7601429e+01   2.3617205e+00
   3.1508161e+00   1.5553995e+01   3.5272477e+00
   3.0052287e+00   1.6341721e+01   3.3111674e+00
   3.5837601e+00   1.4908188e+01   4.0543674e+00
   3.2015783e+00   1.6269635e+01   3.5226550e+00
   3.1530673e+00   1.5569641e+01   3.5282601e+00
   2.4942260e+00   1.5964121e+01   2.8027221e+00
   3.6605578e+00   1.5732437e+01   4.0533068e+00
   3.5010222e+00   1.5003138e+01   3.9548568e+00
   2.8699770e+00   1.4140997e+01   3.3710385e+00
   2.4791927e+00   1.6254849e+01   2.7668537e+00
   3.2714553e+00   1.4621274e+01   3.7493186e+00
   3.2534889e+00   1.5811369e+01   3.6138854e+00
   2.8393564e+00   1.6690381e+01   3.1141497e+00
   2.0544279e+00   1.5040420e+01   2.4124508e+00
   2.9574327e+00   1.6499096e+01   3.2501266e+00
   3.1591468e+00   1.6125874e+01   3.4889174e+00
   2.2578134e+00   1.4860318e+01   2.6426971e+00
   2.2191614e+00   1.7224013e+01   2.4400842e+00
   2.7698074e+00   1.4738896e+01   3.1983955e+00
   2.8714336e+00   1.5163047e+01   3.2658301e+00
   2.2137204e+00   1.6189184e+01   2.4943759e+00
   2.9101261e+00   1.5496955e+01   3.2771553e+00
   1.6362679e+00   1.6187756e+01   1.8945163e+00
   1.8789675e+00   1.7791193e+01   2.0633634e+00
   1.9237287e+00   1.4323684e+01   2.3387048e+00
   2.8004677e+00   1.6218143e+01   3.1053397e+00
   2.3139870e+00   1.3779620e+01   2.8136888e+00
   2.1427416e+00   1.5636007e+01   2.4585508e+00
   2.9169247e+00   1.5775562e+01   3.2612021e+00
   2.9761891e+00   1.7118174e+01   3.2303516e+00
   2.0498128e+00   1.6593017e+01   2.2992638e+00
   2.3507488e+00   1.5771196e+01   2.6664579e+00
