   3.2131276e+00   2.0515389e+01   3.3331158e+00
   4.9723743e+00   1.8532812e+01   5.2284885e+00
   3.3264375e+00   1.7547912e+01   3.5696442e+00
   4.1726152e+00   1.7618476e+01   4.4481301e+00
   3.4510042e+00   2.0112482e+01   3.5878212e+00
   3.8675681e+00   2.1070974e+01   3.9848598e+00
   3.1717689e+00   1.9916254e+01   3.3087104e+00
   4.2671353e+00   1.6335736e+01   4.6454203e+00
   3.5980987e+00   2.2811229e+01   3.6731432e+00
   3.5530516e+00   1.9208683e+01   3.7245783e+00
   3.4956344e+00   2.3464169e+01   3.5591175e+00
   3.8642371e+00   1.6665949e+01   4.1908492e+00
   3.2403523e+00   1.9186742e+01   3.4042857e+00
   4.2882750e+00   1.8716520e+01   4.5058047e+00
   2.7522603e+00   1.8212008e+01   2.9426539e+00
   4.2035109e+00   1.7950420e+01   4.4598303e+00
   3.2096902e+00   1.8581332e+01   3.3974227e+00
   3.6900064e+00   1.7507067e+01   3.9506194e+00
   4.5639830e+00   1.7902912e+01   4.8399436e+00
   4.2129678e+00   1.3843162e+01   4.8892987e+00
   4.5564946e+00   2.1595304e+01   4.6732121e+00
   4.0932836e+00   1.9653600e+01   4.2624880e+00
   4.3145872e+00   1.9706843e+01   4.4881264e+00
   4.4663624e+00   1.7245809e+01   4.7827456e+00
   4.8588599e+00   2.1849477e+01   4.9748567e+00
   3.5418342e+00   1.6981119e+01   3.8293225e+00
   4.4506383e+00   2.0749733e+01   4.5900715e+00
   4.7506826e+00   1.6498020e+01   5.1474835e+00
   4.1954379e+00   2.1511851e+01   4.3073130e+00
   4.3950240e+00   1.7528996e+01   4.6874216e+00
   3.5999030e+00   1.8622571e+01   3.7979519e+00
   4.3047307e+00   1.7254220e+01   4.6116859e+00
   4.4093575e+00   2.1748720e+01   4.5191836e+00
   3.9247734e+00   1.6854207e+01   4.2405350e+00
   4.1288556e+00   2.3874008e+01   4.1929178e+00
   3.0535997e+00   1.3979649e+01   3.5898091e+00
   4.0124061e+00   2.3177277e+01   4.0862110e+00
   3.6248941e+00   1.3949291e+01   4.2193716e+00
   4.0506321e+00   2.3436039e+01   4.1205966e+00
   2.7048013e+00   1.4168141e+01   3.1897136e+00
   4.0925586e+00   2.3352460e+01   4.1643881e+00
   3.4572829e+00   1.4378689e+01   3.9792129e+00
   3.9108257e+00   2.3724952e+01   3.9747734e+00
   3.5972131e+00   1.5154364e+01   4.0423302e+00
   3.5637828e+00   2.1448195e+01   3.6660557e+00
   3.5973118e+00   1.5838994e+01   3.9763166e+00
   4.2190272e+00   2.3776132e+01   4.2855537e+00
   3.2170586e+00   1.2604495e+01   3.9804536e+00
   3.9636375e+00   2.1279095e+01   4.0772068e+00
   4.2037606e+00   1.8514213e+01   4.4285061e+00
   4.0679735e+00   2.3053025e+01   4.1446350e+00
   3.2192010e+00   1.7472033e+01   3.4625022e+00
   3.9719489e+00   2.5434833e+01   4.0154771e+00
   4.2034241e+00   1.6569484e+01   4.5575386e+00
   3.6699724e+00   1.9346861e+01   3.8392936e+00
   4.2106000e+00   1.9524463e+01   4.3884644e+00
   2.9801432e+00   1.7284219e+01   3.2248302e+00
   4.2656325e+00   1.8457769e+01   4.4957859e+00
   3.8830319e+00   2.0519606e+01   4.0166477e+00
   3.7693119e+00   1.7438626e+01   4.0376438e+00
   3.7545279e+00   1.9215614e+01   3.9315376e+00
   3.3970877e+00   1.8204814e+01   3.6082355e+00
   3.5657280e+00   2.0957323e+01   3.6803393e+00
   4.3170730e+00   1.9185364e+01   4.5130729e+00
   3.4339947e+00   1.8187529e+01   3.6472650e+00
   4.2098331e+00   1.6695921e+01   4.5539781e+00
   3.0668677e+00   1.6517988e+01   3.3633860e+00
   4.0174682e+00   1.7693733e+01   4.2810968e+00
   3.6298502e+00   1.8770976e+01   3.8221284e+00
   3.8356416e+00   1.6456923e+01   4.1769801e+00
   3.7266052e+00   2.4200308e+01   3.7822014e+00
   4.3158827e+00   1.6041590e+01   4.7247685e+00
   3.3160845e+00   2.0099795e+01   3.4503678e+00
   4.1816825e+00   1.9470345e+01   4.3609139e+00
   2.7510272e+00   1.8902626e+01   2.9132308e+00
   4.1397702e+00   1.8439678e+01   4.3659657e+00
   3.7196650e+00   2.0544772e+01   3.8489707e+00
   3.6656500e+00   1.7383912e+01   3.9327730e+00
   2.0675191e+00   1.9754131e+01   2.1878555e+00
   4.1274832e+00   1.7769670e+01   4.3913862e+00
   1.6546013e+00   1.8814848e+01   1.7956130e+00
   4.1849571e+00   1.6771172e+01   4.5216249e+00
   2.1454247e+00   1.9553354e+01   2.2729032e+00
   3.7220606e+00   1.7292143e+01   3.9975392e+00
   2.7780887e+00   1.6028013e+01   3.0956578e+00
   4.3396482e+00   1.7134063e+01   4.6572940e+00
   3.4469951e+00   2.3296571e+01   3.5124716e+00
   3.9176481e+00   1.7822360e+01   4.1691952e+00
   2.2851677e+00   2.2863272e+01   2.3457563e+00
   3.5285656e+00   1.9910765e+01   3.6737385e+00
