   2.2882796e+00   1.2054884e+01   3.0350646e+00
   4.1227696e+00   1.3808501e+01   4.7937417e+00
   9.8927577e-01   7.5182536e+00   2.7896876e+00
   3.7284860e+00   1.3469688e+01   4.4068767e+00
   2.5094676e+00   1.4390489e+01   2.9558678e+00
   3.9634834e+00   1.5178308e+01   4.4347314e+00
   1.8791654e+00   1.2004416e+01   2.5885058e+00
   4.0979975e+00   1.4834351e+01   4.6213420e+00
   2.4716667e+00   1.4477449e+01   2.9065228e+00
   2.9906858e+00   1.3327149e+01   3.6097534e+00
   1.6927469e+00   1.0244242e+01   2.7379683e+00
   2.9921607e+00   1.4590568e+01   3.4519869e+00
   2.2139137e+00   1.2702916e+01   2.8474383e+00
   3.6247125e+00   1.5293807e+01   4.0574701e+00
   1.6570208e+00   1.2083987e+01   2.3304300e+00
   3.7231665e+00   1.5853837e+01   4.1089372e+00
   1.9944817e+00   1.2649007e+01   2.6148621e+00
   3.1669233e+00   1.4366568e+01   3.6656276e+00
   1.9815580e+00   8.5252610e+00   3.6404040e+00
   3.5966663e+00   1.1084929e+01   4.7753448e+00
   3.3626579e+00   1.4985014e+01   3.8080276e+00
   3.3856896e+00   1.1126022e+01   4.5085913e+00
   3.0978042e+00   1.2676397e+01   3.8332185e+00
   3.2659117e+00   1.1396099e+01   4.2952351e+00
   3.6990396e+00   1.5112539e+01   4.1563862e+00
   2.6718522e+00   1.0660467e+01   3.7812703e+00
   2.5190363e+00   1.1282158e+01   3.4504004e+00
   2.8766638e+00   1.1443605e+01   3.8279153e+00
   2.8852250e+00   1.2906657e+01   3.5573100e+00
   2.8969542e+00   1.1495363e+01   3.8396983e+00
   2.5538343e+00   1.2845388e+01   3.2000800e+00
   3.0735234e+00   1.2078761e+01   3.9182103e+00
   2.9532859e+00   1.3030275e+01   3.6133339e+00
   2.9328752e+00   1.1468597e+01   3.8875239e+00
   3.4761335e+00   1.5997476e+01   3.8340266e+00
   1.6783399e+00   6.9900847e+00   3.9840341e+00
   3.0529544e+00   1.3329379e+01   3.6780928e+00
   1.9687394e+00   7.2615794e+00   4.2382593e+00
   3.4067761e+00   1.5342392e+01   3.8192995e+00
   1.3238564e+00   7.0683192e+00   3.4481417e+00
   2.4394301e+00   1.2066108e+01   3.2023659e+00
   1.3223824e+00   7.1271727e+00   3.4153574e+00
   3.0663621e+00   1.3321973e+01   3.6939904e+00
   1.5814351e+00   7.3948871e+00   3.6289796e+00
   3.0502716e+00   1.4443055e+01   3.5308188e+00
   1.6706365e+00   7.8546732e+00   3.5259752e+00
   2.9671378e+00   1.3401287e+01   3.5730990e+00
   1.8931391e+00   7.6297658e+00   3.9329393e+00
   2.6211605e+00   1.2090720e+01   3.4022725e+00
   3.9393260e+00   1.4043971e+01   4.5532954e+00
   3.0102483e+00   1.4570920e+01   3.4735547e+00
   2.9349027e+00   1.4507320e+01   3.3994893e+00
   2.0753641e+00   1.0693917e+01   3.0727515e+00
   2.9184762e+00   1.4856952e+01   3.3453636e+00
   2.5685729e+00   1.3296224e+01   3.1510347e+00
   3.3905584e+00   1.4349137e+01   3.9102762e+00
   2.0632096e+00   1.2080005e+01   2.7799386e+00
   3.3395809e+00   1.4708804e+01   3.8130221e+00
   2.6148118e+00   1.2632868e+01   3.3010146e+00
   3.1568510e+00   1.4018298e+01   3.6973049e+00
   2.7318581e+00   1.4761045e+01   3.1556802e+00
   3.0769359e+00   1.3968512e+01   3.6166174e+00
   1.9413506e+00   1.0723578e+01   2.9108943e+00
   2.8060749e+00   1.4970498e+01   3.2143868e+00
   2.3756356e+00   1.2091347e+01   3.1263338e+00
   3.4878543e+00   1.5521606e+01   3.8887553e+00
   2.0165735e+00   1.2270364e+01   2.6969823e+00
   3.5363478e+00   1.5359825e+01   3.9561564e+00
   2.3479719e+00   1.2233879e+01   3.0705997e+00
   3.1665936e+00   1.4388233e+01   3.6627344e+00
   1.9188542e+00   1.0946927e+01   2.8350616e+00
   2.6275073e+00   1.3987611e+01   3.1272533e+00
   2.2211944e+00   1.2947772e+01   2.8199504e+00
   3.2666305e+00   1.4009630e+01   3.8181556e+00
   1.8285448e+00   1.1737654e+01   2.5780817e+00
   3.4060158e+00   1.4319675e+01   3.9307194e+00
   2.1564086e+00   1.2230964e+01   2.8581315e+00
   3.0242284e+00   1.3344393e+01   3.6441971e+00
   1.3629635e+00   1.1726180e+01   2.0644603e+00
   3.0539892e+00   1.2306986e+01   3.8511848e+00
   1.1629974e+00   1.2049250e+01   1.7952148e+00
   3.1701011e+00   1.1899403e+01   4.0666278e+00
   1.2231266e+00   1.1565528e+01   1.9370308e+00
   2.8306550e+00   1.1884306e+01   3.6800111e+00
   2.0730707e+00   1.3448219e+01   2.5936255e+00
   3.2777731e+00   1.4651218e+01   3.7527781e+00
   2.1877984e+00   1.2387567e+01   2.8673955e+00
   3.0725058e+00   1.2913098e+01   3.7647306e+00
   1.5783884e+00   1.1664174e+01   2.3129322e+00
   2.2627086e+00   1.2559344e+01   2.9230036e+00
