   3.5450157e+00   2.1068338e+01   3.6563459e+00
   4.5888389e+00   2.2948629e+01   4.6746338e+00
   2.7625667e+00   1.5903754e+01   3.0886761e+00
   5.5626434e+00   2.1719923e+01   5.6982782e+00
   3.4886717e+00   2.4097642e+01   3.5434566e+00
   5.0027835e+00   1.8230741e+01   5.2791724e+00
   3.3384167e+00   2.4157588e+01   3.3911719e+00
   5.5090709e+00   1.8023504e+01   5.8274953e+00
   3.4850613e+00   2.3081262e+01   3.5542963e+00
   5.5825422e+00   2.2171512e+01   5.7051187e+00
   3.2486876e+00   2.0806308e+01   3.3614977e+00
   4.2425927e+00   1.9646624e+01   4.4164239e+00
   3.4294287e+00   2.2444806e+01   3.5089189e+00
   4.9915886e+00   2.2429409e+01   5.0953989e+00
   2.2627755e+00   1.5714307e+01   2.5784855e+00
   3.8466154e+00   2.5884617e+01   3.8850524e+00
   3.2077484e+00   1.8440119e+01   3.4016765e+00
   4.8141401e+00   2.3693036e+01   4.8892440e+00
   3.6935508e+00   1.6299108e+01   4.0393528e+00
   5.6614976e+00   1.6788465e+01   6.1001976e+00
   4.2539579e+00   2.4225968e+01   4.3142717e+00
   5.0444986e+00   1.6442626e+01   5.4686601e+00
   4.3609254e+00   2.0566985e+01   4.5041743e+00
   5.2941835e+00   1.6444846e+01   5.7382394e+00
   4.6276364e+00   2.1806007e+01   4.7401691e+00
   5.5185158e+00   1.7487530e+01   5.8804276e+00
   3.9678218e+00   2.0869960e+01   4.0927677e+00
   4.0614325e+00   1.5800807e+01   4.4753413e+00
   4.0704374e+00   2.3419604e+01   4.1409003e+00
   4.7888929e+00   1.8880150e+01   5.0174255e+00
   3.0040271e+00   1.6345596e+01   3.3096311e+00
   3.9392652e+00   1.8834159e+01   4.1387295e+00
   4.1140557e+00   2.1525714e+01   4.2240536e+00
   4.5280642e+00   1.9512067e+01   4.7164656e+00
   3.9304059e+00   2.6200973e+01   3.9666328e+00
   3.4178257e+00   1.2215918e+01   4.2852501e+00
   4.0175944e+00   2.5083811e+01   4.0651535e+00
   3.7707636e+00   1.2047539e+01   4.7328742e+00
   4.1238951e+00   2.1995491e+01   4.2227210e+00
   4.3106238e+00   1.2881115e+01   5.1786216e+00
   3.5488105e+00   1.9602587e+01   3.7052493e+00
   3.0486010e+00   1.2072639e+01   3.8909479e+00
   3.9087313e+00   2.2411243e+01   3.9953336e+00
   3.7374224e+00   1.3648851e+01   4.3884741e+00
   3.0010068e+00   1.7922357e+01   3.2126671e+00
   3.2365417e+00   1.3856106e+01   3.8055712e+00
   3.7656354e+00   2.0983929e+01   3.8833203e+00
   3.7092757e+00   1.3286122e+01   4.4156657e+00
   3.9523901e+00   2.3583829e+01   4.0189120e+00
   5.5715307e+00   1.7777143e+01   5.9129328e+00
   4.0443479e+00   2.1394165e+01   4.1564304e+00
   5.2573666e+00   2.1889907e+01   5.3807247e+00
   3.8002153e+00   2.1484204e+01   3.9056282e+00
   4.0962017e+00   1.8958618e+01   4.2951732e+00
   3.7788651e+00   2.2309073e+01   3.8656620e+00
   4.7790193e+00   2.1368738e+01   4.9068917e+00
   2.5383210e+00   1.4864281e+01   2.9397051e+00
   3.7662778e+00   2.2342197e+01   3.8522351e+00
   3.6958132e+00   1.9756232e+01   3.8504464e+00
   4.7817346e+00   2.3875518e+01   4.8533293e+00
   4.0521460e+00   2.0977380e+01   4.1757506e+00
   5.5958914e+00   2.0563547e+01   5.7744838e+00
   3.5765007e+00   1.9545697e+01   3.7357336e+00
   4.0606853e+00   1.7812750e+01   4.3189841e+00
   4.1357452e+00   2.0982711e+01   4.2609443e+00
   4.8726417e+00   2.1809699e+01   4.9899975e+00
   2.5260329e+00   1.5457134e+01   2.8748938e+00
   3.8299220e+00   2.1017564e+01   3.9479369e+00
   3.7437797e+00   1.9607542e+01   3.9051090e+00
   4.6599465e+00   2.1303332e+01   4.7871005e+00
   3.1366244e+00   1.8840176e+01   3.3113767e+00
   3.9257872e+00   1.7793269e+01   4.1793946e+00
   3.2226560e+00   2.2074301e+01   3.3064563e+00
   4.7503258e+00   2.2868848e+01   4.8402016e+00
   2.1098793e+00   1.5294807e+01   2.4501075e+00
   3.6302329e+00   2.1565233e+01   3.7308522e+00
   3.1324475e+00   1.8900375e+01   3.3046633e+00
   4.5501872e+00   2.2133282e+01   4.6531149e+00
   2.1290343e+00   2.2848368e+01   2.1884727e+00
   4.5640563e+00   1.9159193e+01   4.7698789e+00
   1.2305698e+00   1.5919314e+01   1.4904116e+00
   3.7957308e+00   2.0035933e+01   3.9430567e+00
   1.9302622e+00   1.8778590e+01   2.0780913e+00
   4.5100079e+00   1.9611575e+01   4.6935201e+00
   2.4395033e+00   1.5326897e+01   2.7943792e+00
   4.2163776e+00   2.1362337e+01   4.3326061e+00
   3.4945689e+00   1.9600151e+01   3.6497241e+00
   4.6869569e+00   2.2003537e+01   4.7955686e+00
   2.3327380e+00   2.0343492e+01   2.4418900e+00
   4.1048638e+00   2.3927575e+01   4.1678849e+00
