   3.6573704e+00   2.0388315e+01   3.7900886e+00
   4.3834894e+00   1.5196696e+01   4.8887457e+00
   3.1509543e+00   1.6164273e+01   3.4773499e+00
   3.9807355e+00   1.8222696e+01   4.2123234e+00
   3.7568170e+00   2.0292504e+01   3.8947466e+00
   4.4406307e+00   1.9281678e+01   4.6364160e+00
   3.5617790e+00   2.1080755e+01   3.6730912e+00
   5.0577578e+00   1.6695637e+01   5.4582763e+00
   3.7012898e+00   2.2085633e+01   3.7915369e+00
   3.4026249e+00   1.7838988e+01   3.6327271e+00
   3.8109496e+00   2.3394667e+01   3.8788431e+00
   4.3283553e+00   1.6673691e+01   4.6815287e+00
   3.5539454e+00   1.9491160e+01   3.7146140e+00
   4.2853148e+00   1.6943848e+01   4.6143117e+00
   3.2618863e+00   1.9985159e+01   3.3985976e+00
   4.1051818e+00   1.7291781e+01   4.3991382e+00
   3.2865326e+00   1.8222875e+01   3.4930820e+00
   3.5873832e+00   1.7493348e+01   3.8444251e+00
   4.5277936e+00   1.8873405e+01   4.7464027e+00
   3.7492186e+00   1.3977427e+01   4.3525710e+00
   4.7865985e+00   2.1583868e+01   4.9084085e+00
   4.2520863e+00   1.8297793e+01   4.4904316e+00
   4.7833161e+00   2.1276348e+01   4.9140576e+00
   5.1080517e+00   1.7268389e+01   5.4612172e+00
   5.0269265e+00   2.0650699e+01   5.1847743e+00
   3.0266800e+00   1.5879354e+01   3.3686396e+00
   4.6487133e+00   2.0900961e+01   4.7880373e+00
   4.8132332e+00   1.6995238e+01   5.1701870e+00
   4.5077793e+00   2.2444490e+01   4.6028545e+00
   4.1583393e+00   1.6525753e+01   4.5133178e+00
   4.1909552e+00   2.0552532e+01   4.3305824e+00
   3.8576767e+00   1.6581030e+01   4.1904772e+00
   4.5553350e+00   2.0365534e+01   4.7105614e+00
   3.3962071e+00   1.6274929e+01   3.7272174e+00
   4.3092793e+00   2.3486883e+01   4.3814971e+00
   3.2722456e+00   1.3543223e+01   3.8886747e+00
   4.2935858e+00   2.3495094e+01   4.3654754e+00
   4.3660048e+00   1.4201357e+01   5.0042684e+00
   4.0811709e+00   2.3225456e+01   4.1549996e+00
   2.5256361e+00   1.3786086e+01   3.0412529e+00
   4.3066277e+00   2.4787128e+01   4.3600832e+00
   3.4488639e+00   1.4413161e+01   3.9658308e+00
   4.1091427e+00   2.3833614e+01   4.1735928e+00
   3.5950819e+00   1.4699901e+01   4.0903232e+00
   3.8753255e+00   2.1969804e+01   3.9707091e+00
   3.5197063e+00   1.5000203e+01   3.9752815e+00
   4.1985590e+00   2.2344369e+01   4.2908725e+00
   2.9951883e+00   1.2359253e+01   3.7747440e+00
   4.2945845e+00   2.2281994e+01   4.3897737e+00
   4.7335646e+00   1.8478818e+01   4.9821000e+00
   4.2394687e+00   2.1450267e+01   4.3537999e+00
   3.1054090e+00   1.6668226e+01   3.3934917e+00
   4.2459954e+00   2.5859267e+01   4.2873071e+00
   4.5270199e+00   1.6898336e+01   4.8739783e+00
   3.9911802e+00   1.9044731e+01   4.1827767e+00
   4.0186972e+00   1.7316315e+01   4.3066811e+00
   3.5532623e+00   1.8548853e+01   3.7532006e+00
   3.9215531e+00   1.7818998e+01   4.1734633e+00
   3.9858444e+00   1.9721156e+01   4.1494297e+00
   3.4942157e+00   1.6817793e+01   3.7905397e+00
   3.9894765e+00   1.7907168e+01   4.2391095e+00
   3.2667821e+00   1.7585023e+01   3.5055890e+00
   3.9542898e+00   2.1555762e+01   4.0606469e+00
   4.5907193e+00   1.9595789e+01   4.7775141e+00
   3.7243493e+00   1.8216953e+01   3.9465037e+00
   4.2019124e+00   1.5311741e+01   4.6779881e+00
   3.5434249e+00   1.7329178e+01   3.8085657e+00
   3.9922428e+00   1.7432124e+01   4.2712788e+00
   3.7176647e+00   1.7404895e+01   3.9857940e+00
   3.6785946e+00   1.6386593e+01   4.0165367e+00
   4.0048737e+00   2.4810310e+01   4.0554253e+00
   4.5030152e+00   1.6471239e+01   4.8849973e+00
   3.6907043e+00   2.0371782e+01   3.8246605e+00
   4.0983956e+00   1.7400587e+01   4.3846348e+00
   3.3889034e+00   2.0439446e+01   3.5144835e+00
   3.9041715e+00   1.6431818e+01   4.2515456e+00
   3.7985624e+00   1.9996872e+01   3.9472986e+00
   3.3498945e+00   1.7124820e+01   3.6193067e+00
   2.2789737e+00   1.9375429e+01   2.4144206e+00
   4.1793717e+00   1.6464255e+01   4.5408293e+00
   2.1381243e+00   1.9462527e+01   2.2681693e+00
   3.9062485e+00   1.6037687e+01   4.2874086e+00
   2.2221474e+00   1.8722469e+01   2.3783661e+00
   3.5600487e+00   1.6806873e+01   3.8603753e+00
   3.3335973e+00   1.7011016e+01   3.6095196e+00
   4.0318108e+00   1.6198147e+01   4.4068759e+00
   3.6816609e+00   2.1588706e+01   3.7825767e+00
   3.6561671e+00   1.7046664e+01   3.9447057e+00
   2.5030762e+00   2.0287939e+01   2.6164662e+00
   3.2291715e+00   1.8979623e+01   3.4008651e+00
