   5.1349432e-01   5.9576336e+00   2.9551586e+00
   2.4505407e+00   9.3297505e+00   3.9270255e+00
  -5.2477682e-01   3.3172466e+00   3.4487585e+00
   3.1192052e+00   1.0938210e+01   4.2400912e+00
   1.6944702e+00   9.4163349e+00   2.9686611e+00
   1.3175030e+00   8.4104246e+00   2.8461863e+00
   1.1434305e+00   8.5552904e+00   2.5801217e+00
   2.1936443e+00   8.5204717e+00   3.9168668e+00
   9.9933406e-01   7.4789542e+00   2.8199001e+00
   2.0941415e+00   9.2003085e+00   3.5276316e+00
   9.8228471e-01   6.4969417e+00   3.2922437e+00
   1.6843687e+00   8.0208078e+00   3.4694619e+00
   4.8209156e-01   6.4795628e+00   2.6203219e+00
   2.3575984e+00   9.7701069e+00   3.6624653e+00
   6.4792727e-01   7.6794612e+00   2.2908259e+00
   1.4293343e+00   8.4702174e+00   2.9632519e+00
   5.5360465e-01   6.7381795e+00   2.5844384e+00
   1.9069044e+00   9.4793344e+00   3.2056943e+00
   7.1893404e-01   4.5828864e+00   4.3133677e+00
   1.9240287e+00   7.1152541e+00   4.2603835e+00
   2.5968042e+00   1.0013269e+01   3.8781806e+00
   5.3663791e-01   5.3423608e+00   3.3938843e+00
   2.1525252e+00   8.7440736e+00   3.7714865e+00
   1.6377833e+00   6.3456658e+00   4.3367150e+00
   2.3260168e+00   8.5780575e+00   4.0651560e+00
   1.3535880e+00   5.7983529e+00   4.3018813e+00
   1.7883042e+00   7.5430774e+00   3.8343856e+00
   8.4274830e-01   5.6471509e+00   3.6335637e+00
   1.1917358e+00   6.9605170e+00   3.3251054e+00
   1.5052354e+00   6.2629261e+00   4.1946293e+00
   1.5955982e+00   8.7046256e+00   3.0843840e+00
   7.1791753e-01   5.6530746e+00   3.4442573e+00
   1.6257797e+00   7.6009345e+00   3.5861508e+00
   1.2529041e+00   6.1790671e+00   3.8762324e+00
   2.6921258e+00   1.1225756e+01   3.6637079e+00
  -1.1003507e+00   2.3495218e+00   3.5033315e+00
   2.3708033e+00   1.0511357e+01   3.4640863e+00
  -1.9643708e-01   3.1498196e+00   4.2169413e+00
   2.1957780e+00   9.5120886e+00   3.5475422e+00
   7.4735361e-02   3.6477073e+00   4.1456350e+00
   2.1159164e+00   8.7903051e+00   3.7064816e+00
  -8.2166677e-01   2.6372118e+00   3.6709506e+00
   1.7009736e+00   7.9211611e+00   3.5356102e+00
  -1.0449081e-02   3.5086801e+00   4.1454913e+00
   2.1023187e+00   1.0525804e+01   3.1450579e+00
  -8.4018765e-01   2.6713794e+00   3.5976112e+00
   1.7462234e+00   8.3142594e+00   3.4247089e+00
   1.0981649e-01   3.6764758e+00   4.1770120e+00
   1.9055292e+00   8.9256002e+00   3.3904217e+00
   2.2287514e+00   8.5152429e+00   3.9649452e+00
   1.5773334e+00   7.9196604e+00   3.3745649e+00
   2.0169854e+00   8.8034429e+00   3.5758125e+00
   1.2605381e+00   7.1156908e+00   3.3375716e+00
   1.9957790e+00   8.8003941e+00   3.5501592e+00
   1.1622488e+00   7.1669234e+00   3.1797305e+00
   2.4346744e+00   9.4539898e+00   3.8629020e+00
   1.1499660e+00   8.2171444e+00   2.7097575e+00
   1.3306765e+00   7.6572658e+00   3.1701142e+00
   1.0667800e+00   7.0136574e+00   3.1288510e+00
   2.0730725e+00   9.2537934e+00   3.4830186e+00
   1.1987188e+00   7.6678200e+00   2.9942326e+00
   2.2637754e+00   9.5845185e+00   3.6072965e+00
   7.8099206e-01   6.6124637e+00   2.9523027e+00
   2.0689563e+00   9.3923408e+00   3.4313117e+00
   3.9022006e-01   6.3220662e+00   2.5800575e+00
   2.5709679e+00   9.9277824e+00   3.8734833e+00
   1.0957387e+00   8.2872330e+00   2.6165508e+00
   1.2233133e+00   8.3039364e+00   2.7685516e+00
   4.5298948e-01   6.3471279e+00   2.6510915e+00
   2.2643736e+00   9.8471505e+00   3.5250950e+00
   1.1634392e+00   7.2287649e+00   3.1508908e+00
   1.1208291e+00   6.7329499e+00   3.3510565e+00
   6.9479781e-01   6.8887061e+00   2.6967280e+00
   1.9711544e+00   7.7523186e+00   3.9770304e+00
   7.6415723e-01   8.0961291e+00   2.2776384e+00
   8.3552383e-01   6.4376234e+00   3.1227174e+00
   8.1499498e-01   6.9133221e+00   2.8434151e+00
   1.5038286e+00   7.3767456e+00   3.5332342e+00
  -1.8767695e-01   6.1211289e+00   1.9189204e+00
   1.5345508e+00   6.9529100e+00   3.8027577e+00
   5.0688588e-02   7.8475817e+00   1.4995222e+00
   4.6347738e-01   5.8581775e+00   2.9453612e+00
  -9.5498540e-02   6.3079896e+00   1.9465340e+00
   1.2091378e+00   6.4786382e+00   3.6221010e+00
   1.3324095e+00   9.3059811e+00   2.5686158e+00
   1.1303304e+00   7.4305440e+00   3.0117520e+00
   8.1668017e-01   6.8521819e+00   2.8761483e+00
   1.6164341e+00   7.6719922e+00   3.5395147e+00
   1.4128697e-01   6.5135303e+00   2.1544031e+00
   9.8707179e-01   7.8439190e+00   2.6506374e+00
