   2.2020081e+00   1.3196013e+01   2.7651983e+00
   4.6217252e+00   1.6326486e+01   5.0254249e+00
   1.3220224e+00   9.1813568e+00   2.5934993e+00
   4.6860778e+00   1.5826157e+01   5.1457313e+00
   2.6796686e+00   1.5438131e+01   3.0385159e+00
   3.8664062e+00   1.7097025e+01   4.1618009e+00
   2.1987129e+00   1.3699331e+01   2.6989943e+00
   4.3611935e+00   1.8609685e+01   4.5870305e+00
   2.4845765e+00   1.6277651e+01   2.7709507e+00
   3.5844127e+00   1.5866437e+01   3.9601746e+00
   2.4889368e+00   1.2639182e+01   3.1604374e+00
   3.6397330e+00   1.5869430e+01   4.0187289e+00
   2.5023308e+00   1.4447098e+01   2.9423699e+00
   4.1108211e+00   1.7483299e+01   4.3921781e+00
   2.0639936e+00   1.3372721e+01   2.5931039e+00
   4.0694691e+00   1.7940919e+01   4.3205327e+00
   2.2070973e+00   1.4295913e+01   2.6428055e+00
   3.8818060e+00   1.6267368e+01   4.2414621e+00
   2.3486817e+00   1.0038842e+01   3.5694076e+00
   4.5301500e+00   1.2197294e+01   5.5994630e+00
   3.3988460e+00   1.5937701e+01   3.7571786e+00
   3.4753393e+00   1.2080391e+01   4.3806455e+00
   3.2953098e+00   1.3986439e+01   3.8525281e+00
   3.7474020e+00   1.3128068e+01   4.4859342e+00
   3.7200633e+00   1.7150632e+01   4.0046982e+00
   3.1971624e+00   1.1663439e+01   4.1505301e+00
   3.0838221e+00   1.3438907e+01   3.6960916e+00
   3.3943586e+00   1.2552856e+01   4.1911562e+00
   3.2125575e+00   1.4801594e+01   3.6661586e+00
   3.5054778e+00   1.2673405e+01   4.2947124e+00
   2.7485101e+00   1.4010055e+01   3.2552668e+00
   3.6032642e+00   1.3744523e+01   4.2250296e+00
   3.1236118e+00   1.4021616e+01   3.6606884e+00
   3.6985341e+00   1.2694262e+01   4.5109769e+00
   3.4507883e+00   1.6413155e+01   3.7741642e+00
   1.6060383e+00   7.4777326e+00   3.6204052e+00
   3.1949661e+00   1.4183482e+01   3.7180625e+00
   2.1615725e+00   7.9482052e+00   4.1378791e+00
   3.3871363e+00   1.6416347e+01   3.7069105e+00
   1.9519320e+00   8.0564883e+00   3.8049263e+00
   3.0291546e+00   1.4520405e+01   3.4994297e+00
   1.9545696e+00   8.0319217e+00   3.8197703e+00
   3.3149884e+00   1.4829174e+01   3.7733388e+00
   2.3139103e+00   8.5004493e+00   4.0831309e+00
   3.0926487e+00   1.5110734e+01   3.5063377e+00
   2.4673268e+00   9.0479940e+00   4.0546307e+00
   3.2014608e+00   1.5004911e+01   3.6331294e+00
   2.6308515e+00   8.5290730e+00   4.4920446e+00
   2.7541980e+00   1.3388047e+01   3.3413638e+00
   4.1570767e+00   1.6403929e+01   4.5222746e+00
   2.9623888e+00   1.6601189e+01   3.2484280e+00
   3.2609818e+00   1.6953566e+01   3.5373543e+00
   2.7569987e+00   1.3506937e+01   3.3281992e+00
   3.5092468e+00   1.6442213e+01   3.8335471e+00
   2.8635369e+00   1.5314226e+01   3.2437575e+00
   3.9717826e+00   1.6421904e+01   4.3240094e+00
   2.1821384e+00   1.3097801e+01   2.7567041e+00
   3.9148548e+00   1.6648888e+01   4.2456055e+00
   2.7558992e+00   1.4235114e+01   3.2371412e+00
   3.9978946e+00   1.6273293e+01   4.3642558e+00
   2.6416068e+00   1.6397600e+01   2.9268796e+00
   3.5758310e+00   1.6223098e+01   3.9209795e+00
   2.4427510e+00   1.3037457e+01   3.0496107e+00
   3.5107914e+00   1.7717434e+01   3.7517079e+00
   2.6328256e+00   1.4176925e+01   3.1112668e+00
   4.0625995e+00   1.7914500e+01   4.3149200e+00
   2.1321540e+00   1.3381814e+01   2.6656189e+00
   3.9014480e+00   1.7597429e+01   4.1658232e+00
   2.3846986e+00   1.3677499e+01   2.9021217e+00
   3.8918839e+00   1.6561792e+01   4.2281345e+00
   2.5322284e+00   1.3612017e+01   3.0699104e+00
   3.4140223e+00   1.6780360e+01   3.7090371e+00
   2.5712804e+00   1.4788343e+01   2.9819456e+00
   3.8191304e+00   1.6712241e+01   4.1397667e+00
   2.0071313e+00   1.2576753e+01   2.6393409e+00
   3.7958787e+00   1.6273234e+01   4.1498376e+00
   2.4506357e+00   1.4202686e+01   2.9128560e+00
   3.9313897e+00   1.6076261e+01   4.3107422e+00
   1.5585871e+00   1.3597957e+01   2.0246372e+00
   3.4876936e+00   1.3269482e+01   4.1701005e+00
   1.2287551e+00   1.2818179e+01   1.7621365e+00
   3.5555996e+00   1.3397673e+01   4.2252912e+00
   1.3150990e+00   1.3319488e+01   1.7955097e+00
   3.5084595e+00   1.3077935e+01   4.2253113e+00
   2.3548356e+00   1.4685230e+01   2.7617158e+00
   3.9653152e+00   1.7123820e+01   4.2638286e+00
   2.5225556e+00   1.3880346e+01   3.0266515e+00
   3.8561904e+00   1.4532675e+01   4.3950210e+00
   1.7393950e+00   1.2985451e+01   2.2913273e+00
   3.0458479e+00   1.5106472e+01   3.4568272e+00
