   3.5789122e+00   2.0001642e+01   3.7222266e+00
   3.5300038e+00   1.2635879e+01   4.3297912e+00
   3.1809467e+00   1.6586734e+01   3.4781338e+00
   4.0598948e+00   1.8490314e+01   4.2804210e+00
   3.8260020e+00   2.0303193e+01   3.9651702e+00
   3.4398418e+00   1.7057722e+01   3.7175442e+00
   3.4357923e+00   2.1499437e+01   3.5347986e+00
   5.0407167e+00   1.7015988e+01   5.4109227e+00
   3.6430993e+00   2.0864196e+01   3.7616902e+00
   3.1000101e+00   1.6158370e+01   3.4241891e+00
   3.6832009e+00   2.4472206e+01   3.7350480e+00
   4.0486916e+00   1.6433020e+01   4.4046713e+00
   3.5847254e+00   1.8836582e+01   3.7726996e+00
   3.9376646e+00   1.6049128e+01   4.3198528e+00
   3.2154400e+00   1.9665233e+01   3.3615858e+00
   2.6568980e+00   1.5313155e+01   3.0250579e+00
   3.1155592e+00   1.6757989e+01   3.3981369e+00
   3.3323744e+00   1.7367189e+01   3.5862751e+00
   4.2888443e+00   1.8438384e+01   4.5209661e+00
   3.6829350e+00   1.4603432e+01   4.1972280e+00
   4.7432454e+00   2.0464753e+01   4.8999935e+00
   3.0403501e+00   1.6485636e+01   3.3378528e+00
   4.6173239e+00   2.0609711e+01   4.7655815e+00
   4.9301952e+00   1.6918387e+01   5.3014508e+00
   4.7903849e+00   1.8771622e+01   5.0248435e+00
   2.8015622e+00   1.5010920e+01   3.2057419e+00
   4.4092863e+00   2.0381734e+01   4.5600759e+00
   4.1458558e+00   1.6250646e+01   4.5237070e+00
   4.4365971e+00   2.1035001e+01   4.5667871e+00
   3.8482472e+00   1.6394500e+01   4.1953560e+00
   4.2369396e+00   1.9869104e+01   4.4018541e+00
   2.5710944e+00   1.5157348e+01   2.9478357e+00
   4.3789428e+00   1.7439163e+01   4.6767166e+00
   3.2243509e+00   1.6550765e+01   3.5261467e+00
   4.3329507e+00   2.3737810e+01   4.4013733e+00
   2.6076928e+00   1.4960741e+01   3.0043831e+00
   4.3837836e+00   2.4126896e+01   4.4468649e+00
   4.5851779e+00   1.6809431e+01   4.9431409e+00
   3.9993331e+00   2.2988280e+01   4.0762662e+00
   2.6467633e+00   1.3747174e+01   3.1771507e+00
   4.1309014e+00   2.4422576e+01   4.1873592e+00
   4.0284637e+00   1.5813470e+01   4.4387900e+00
   4.1701832e+00   2.3379312e+01   4.2425025e+00
   3.5894835e+00   1.5118470e+01   4.0377910e+00
   3.9534145e+00   2.1481763e+01   4.0615934e+00
   2.5224389e+00   1.3305954e+01   3.0993410e+00
   4.0468919e+00   2.0736254e+01   4.1774854e+00
   2.9543210e+00   1.2596532e+01   3.6860491e+00
   4.2344539e+00   2.2358357e+01   4.3270283e+00
   5.0346653e+00   1.9214539e+01   5.2555273e+00
   4.0858158e+00   2.0169305e+01   4.2357384e+00
   3.0387913e+00   1.6689975e+01   3.3223899e+00
   4.0850661e+00   2.5819652e+01   4.1256500e+00
   4.3643255e+00   1.7840240e+01   4.6347429e+00
   3.9446248e+00   1.8817373e+01   4.1450497e+00
   3.8223558e+00   1.6747368e+01   4.1405410e+00
   3.6857701e+00   1.8417097e+01   3.8964667e+00
   2.6969070e+00   1.6224488e+01   2.9964580e+00
   3.8060898e+00   1.7769450e+01   4.0560310e+00
   3.2908480e+00   1.7545456e+01   3.5327995e+00
   3.9467342e+00   1.6192232e+01   4.3168694e+00
   3.2386940e+00   1.6757443e+01   3.5269550e+00
   3.8854588e+00   2.1483595e+01   3.9923798e+00
   4.4526450e+00   1.8415065e+01   4.6927527e+00
   3.9992003e+00   1.7178661e+01   4.2956156e+00
   4.0818274e+00   1.5215033e+01   4.5587414e+00
   3.7006532e+00   1.7270816e+01   3.9765195e+00
   2.9058858e+00   1.5735456e+01   3.2527942e+00
   3.6713740e+00   1.5823697e+01   4.0565021e+00
   3.5685013e+00   1.7576232e+01   3.8198430e+00
   3.8420676e+00   2.4428424e+01   3.8958161e+00
   4.0325355e+00   1.6952081e+01   4.3468714e+00
   3.6068003e+00   1.9075671e+01   3.7852656e+00
   3.9558673e+00   1.6568840e+01   4.2952434e+00
   3.4159591e+00   2.0114348e+01   3.5519479e+00
   2.6802458e+00   1.5044141e+01   3.0737119e+00
   3.6235633e+00   1.8835469e+01   3.8127865e+00
   3.2327967e+00   1.7328561e+01   3.4849081e+00
   2.3856927e+00   1.9131405e+01   2.5312804e+00
   3.9727326e+00   1.5878030e+01   4.3730053e+00
   2.3352754e+00   1.9344279e+01   2.4728377e+00
   2.7643472e+00   1.5903646e+01   3.0905557e+00
   2.1909943e+00   1.7864404e+01   2.3806655e+00
   3.4611792e+00   1.6725177e+01   3.7623388e+00
   3.4297138e+00   1.6426197e+01   3.7509898e+00
   2.7208122e+00   1.4555964e+01   3.1647069e+00
   3.5571985e+00   1.8187098e+01   3.7748202e+00
   3.5029592e+00   1.7417477e+01   3.7609779e+00
   2.5151311e+00   1.8172827e+01   2.7004479e+00
   3.0870112e+00   1.8561294e+01   3.2719868e+00
