   3.4650579e+00   2.0246769e+01   3.5979852e+00
   3.9099643e+00   1.5217513e+01   4.3725662e+00
   3.1611052e+00   1.8828486e+01   3.3370124e+00
   3.8953686e+00   1.8065123e+01   4.1321858e+00
   3.4793448e+00   2.0317562e+01   3.6104120e+00
   3.4957153e+00   1.6797352e+01   3.7935303e+00
   3.4494830e+00   1.7867487e+01   3.6798128e+00
   4.0527602e+00   1.4020244e+01   4.6827326e+00
   3.5550254e+00   1.9060707e+01   3.7326031e+00
   2.7619221e+00   1.5744575e+01   3.1003300e+00
   3.3593684e+00   2.1342952e+01   3.4607770e+00
   1.8140793e+00   1.7023094e+01   2.0323243e+00
   3.5617196e+00   1.9032339e+01   3.7406660e+00
   3.3963302e+00   1.5273650e+01   3.8148379e+00
   2.9415060e+00   1.8209388e+01   3.1376859e+00
   2.5819756e+00   1.6090773e+01   2.8855636e+00
   3.0766156e+00   1.9062776e+01   3.2410143e+00
   3.3252868e+00   1.6665578e+01   3.6239535e+00
   4.0654802e+00   1.5980362e+01   4.4625452e+00
   4.0964353e+00   1.8311854e+01   4.3277557e+00
   4.6106749e+00   1.9027707e+01   4.8246408e+00
   3.0505584e+00   1.9211562e+01   3.2087363e+00
   4.5134589e+00   1.5522706e+01   4.9921940e+00
   3.6054920e+00   1.5301335e+01   4.0360858e+00
   4.6523504e+00   1.7500734e+01   4.9603441e+00
   2.6851147e+00   1.7481447e+01   2.9083595e+00
   4.0130363e+00   1.8286594e+01   4.2424516e+00
   1.8104930e+00   1.6216470e+01   2.0734495e+00
   4.4010334e+00   2.0710531e+01   4.5405458e+00
   3.5342178e+00   1.9347121e+01   3.6998135e+00
   3.8243765e+00   1.8361736e+01   4.0427748e+00
   2.5735752e+00   1.8654377e+01   2.7407997e+00
   4.2187465e+00   1.6920953e+01   4.5457077e+00
   3.1003374e+00   1.8882205e+01   3.2724060e+00
   4.0790669e+00   1.9556092e+01   4.2517327e+00
   2.6710155e+00   1.7587001e+01   2.8883867e+00
   4.2433259e+00   1.9903216e+01   4.4071171e+00
   3.1381641e+00   1.6126562e+01   3.4667686e+00
   3.9040584e+00   1.9315022e+01   4.0813803e+00
   2.5767131e+00   1.6675765e+01   2.8414667e+00
   3.9230720e+00   1.9470319e+01   4.0946560e+00
   1.8355024e+00   1.6846896e+01   2.0635326e+00
   3.9563359e+00   2.1227758e+01   4.0711237e+00
   3.0431909e+00   1.8927241e+01   3.2119483e+00
   3.6505073e+00   1.9019867e+01   3.8326008e+00
   2.2588985e+00   1.7065139e+01   2.4894633e+00
   3.9531160e+00   1.9493196e+01   4.1246508e+00
   3.0088885e+00   1.6784700e+01   3.2849854e+00
   4.3236014e+00   2.0441135e+01   4.4701565e+00
   3.8467699e+00   1.7376580e+01   4.1225773e+00
   3.9762627e+00   1.7638594e+01   4.2414446e+00
   2.6462887e+00   1.6401022e+01   2.9315402e+00
   3.7841013e+00   2.0353182e+01   3.9207175e+00
   2.0728189e+00   1.7057863e+01   2.2975379e+00
   3.8398276e+00   1.9618933e+01   4.0033091e+00
   3.6240422e+00   1.9175674e+01   3.7989048e+00
   3.3778726e+00   2.0102948e+01   3.5133902e+00
   2.6628651e+00   1.9672314e+01   2.7967846e+00
   3.7040591e+00   1.8328008e+01   3.9198193e+00
   3.4188541e+00   1.8526731e+01   3.6154758e+00
   4.1580919e+00   1.6508216e+01   4.5145193e+00
   3.1804210e+00   1.6951127e+01   3.4533870e+00
   3.6852352e+00   1.8072732e+01   3.9134894e+00
   2.3004154e+00   1.6035428e+01   2.5950681e+00
   4.2406035e+00   1.7219198e+01   4.5466590e+00
   3.8984892e+00   1.5800239e+01   4.3009828e+00
   3.5427873e+00   1.6290831e+01   3.8806466e+00
   2.9527007e+00   1.7042401e+01   3.2104273e+00
   3.9409956e+00   1.6588601e+01   4.2779475e+00
   3.6863577e+00   1.7164948e+01   3.9684523e+00
   3.3623057e+00   1.8458736e+01   3.5602408e+00
   2.0558343e+00   1.7104414e+01   2.2775927e+00
   3.3663833e+00   1.8299791e+01   3.5718990e+00
   3.6803144e+00   1.8143808e+01   3.9046407e+00
   2.7894442e+00   1.8374993e+01   2.9738295e+00
   2.8284115e+00   1.9604298e+01   2.9679394e+00
   3.2750837e+00   1.7253946e+01   3.5333658e+00
   3.3915872e+00   1.7468649e+01   3.6419537e+00
   2.4103563e+00   1.7388472e+01   2.6291516e+00
   3.2994924e+00   1.6344018e+01   3.6200927e+00
   1.9113472e+00   1.8027327e+01   2.0867490e+00
   2.6048163e+00   1.9388993e+01   2.7465576e+00
   2.2557401e+00   1.6058940e+01   2.5468345e+00
   3.2854749e+00   1.7555667e+01   3.5266433e+00
   2.7797540e+00   1.6285698e+01   3.0788963e+00
   2.6996313e+00   1.6750529e+01   2.9647855e+00
   3.2914464e+00   1.8088851e+01   3.5046975e+00
   3.3869168e+00   1.8599132e+01   3.5792641e+00
   2.3516828e+00   1.8971517e+01   2.5019966e+00
   2.6876660e+00   1.7106281e+01   2.9313284e+00
