  -3.6787131e+00   4.0773497e-01   1.2810632e+00
  -1.5551293e+00   4.4475921e+00   1.0328152e+00
  -3.8544824e+00  -2.5313451e-01   1.7743678e+00
  -1.0565228e+00   4.9049285e+00   1.4291035e+00
  -2.7905687e+00   2.5486130e+00   6.3230908e-01
  -1.7598668e+00   4.2872867e+00   8.5622260e-01
  -3.0465842e+00   1.6673525e+00   9.9940573e-01
  -1.4944682e+00   4.5438463e+00   1.0563849e+00
  -3.2438174e+00   1.5933408e+00   7.7078814e-01
  -1.8864508e+00   4.1929230e+00   7.4485812e-01
  -3.1117819e+00   1.9683659e+00   6.3922293e-01
  -2.2233952e+00   3.7228307e+00   5.8721475e-01
  -3.0899840e+00   1.7569137e+00   8.5366243e-01
  -1.7726787e+00   4.2906636e+00   8.3715497e-01
  -3.3583495e+00   2.0570959e+00   2.1549273e-01
  -2.6478458e+00   3.8019413e+00  -1.9859216e-02
  -3.0397808e+00   1.9721751e+00   7.4079792e-01
  -1.9599567e+00   4.2072606e+00   6.3902601e-01
  -3.0638499e+00   4.4111074e-01   2.2977566e+00
  -1.6065506e+00   2.7712478e+00   2.2073618e+00
  -2.3083898e+00   3.0434196e+00   9.3885518e-01
  -2.5648210e+00   2.0968455e+00   1.3391343e+00
  -2.6129870e+00   2.2153898e+00   1.1619849e+00
  -2.2519592e+00   2.5586368e+00   1.4061396e+00
  -2.4410747e+00   2.3007161e+00   1.3451700e+00
  -2.4406838e+00   2.0375552e+00   1.5844124e+00
  -2.6938407e+00   2.3665288e+00   9.1568065e-01
  -2.6054461e+00   2.2969319e+00   1.1032889e+00
  -2.6904548e+00   2.0189602e+00   1.2187903e+00
  -2.3363021e+00   2.3463486e+00   1.4632700e+00
  -2.8079120e+00   2.6159237e+00   5.5651431e-01
  -3.3132466e+00   1.6298325e+00   6.3561288e-01
  -2.6369385e+00   2.4526226e+00   9.2801512e-01
  -2.8484555e+00   1.9332305e+00   1.0576083e+00
  -1.5777998e+00   3.5777335e+00   1.5828791e+00
  -2.7048028e+00   1.0350966e+00   2.2045361e+00
  -1.9454839e+00   2.5836553e+00   1.8495549e+00
  -2.4186305e+00   1.3471040e+00   2.3371445e+00
  -1.7928194e+00   2.7733450e+00   1.9157084e+00
  -2.4297930e+00   1.2740630e+00   2.4024311e+00
  -1.9376423e+00   3.0065973e+00   1.5014221e+00
  -2.9488897e+00   9.0099785e-01   1.9412608e+00
  -2.0954805e+00   2.5854554e+00   1.6184781e+00
  -2.7273257e+00   1.0653066e+00   2.1305201e+00
  -2.1252179e+00   3.1826833e+00   1.0945404e+00
  -3.3712059e+00   7.2901835e-01   1.4296298e+00
  -2.0747006e+00   2.5629622e+00   1.6697611e+00
  -2.6450414e+00   1.2451690e+00   2.0661290e+00
  -2.2713087e+00   2.1159766e+00   1.7750194e+00
  -1.5288541e+00   3.6371655e+00   1.6091905e+00
  -2.1692539e+00   2.4338228e+00   1.6399274e+00
  -1.6755760e+00   3.4772498e+00   1.5171825e+00
  -2.1132950e+00   2.6643891e+00   1.5236894e+00
  -1.9750937e+00   3.2165900e+00   1.2831573e+00
  -2.2236544e+00   2.2821479e+00   1.6937409e+00
  -1.5070806e+00   3.7684156e+00   1.5446884e+00
  -2.5062835e+00   2.7057477e+00   9.1475839e-01
  -2.5195399e+00   3.1691344e+00   5.5498722e-01
  -2.2705038e+00   2.4885847e+00   1.4383550e+00
  -2.0228059e+00   3.3037356e+00   1.1502703e+00
  -1.8537723e+00   2.7194035e+00   1.8697102e+00
  -1.9480302e+00   2.5940208e+00   1.8363150e+00
  -2.0715472e+00   2.7720161e+00   1.4954391e+00
  -2.2603500e+00   2.5754042e+00   1.3794171e+00
  -2.0347604e+00   2.5901584e+00   1.7067128e+00
  -1.8568988e+00   2.9391611e+00   1.6763985e+00
  -2.1713130e+00   3.0707546e+00   1.1128819e+00
  -2.7887274e+00   2.2199580e+00   8.9879552e-01
  -2.3188941e+00   2.4289368e+00   1.4172282e+00
  -2.2379623e+00   2.7447973e+00   1.2721485e+00
  -2.4796294e+00   2.4181208e+00   1.1867792e+00
  -2.2294744e+00   2.8073723e+00   1.2340896e+00
  -2.6789263e+00   1.9579275e+00   1.2915080e+00
  -1.7331448e+00   3.4209415e+00   1.4765871e+00
  -2.6060638e+00   2.6009169e+00   8.5404037e-01
  -2.7665041e+00   2.4059379e+00   7.7873971e-01
  -2.6428769e+00   2.2491110e+00   1.0886259e+00
  -2.3023161e+00   2.8547585e+00   1.0911850e+00
  -3.4958115e+00   1.4080620e+00   5.6334558e-01
  -1.9262435e+00   3.8944284e+00   8.7761362e-01
  -3.8765584e+00   1.6101725e+00  -1.5414956e-01
  -2.8025317e+00   3.4942573e+00  -3.5927978e-02
  -3.6057727e+00   1.5235254e+00   3.0159784e-01
  -2.3909548e+00   3.5948177e+00   4.4478365e-01
  -3.3003888e+00   2.2657268e+00   1.3525983e-01
  -2.6917117e+00   3.4100664e+00   1.6265306e-01
  -3.3132327e+00   1.7786660e+00   5.0719550e-01
  -2.5062850e+00   3.2132840e+00   5.4256831e-01
  -4.6767250e+00   6.5661692e-01  -4.7736611e-01
  -2.6603859e+00   4.0140020e+00  -1.5732396e-01
