  -3.7243604e+00   9.3107606e-01   6.6528428e-01
  -2.3880102e+00   4.0536518e+00   1.6982589e-01
  -3.8792351e+00   9.6969472e-02   1.3034699e+00
  -1.6210358e+00   4.5934101e+00   8.6013750e-01
  -2.7775126e+00   3.2599279e+00   1.4556289e-01
  -2.3233022e+00   3.9413905e+00   3.1985147e-01
  -3.1335818e+00   1.5754062e+00   9.5242420e-01
  -1.5802326e+00   4.5288841e+00   9.5129451e-01
  -3.2885413e+00   1.9208814e+00   4.2400930e-01
  -2.3175329e+00   4.0110079e+00   2.8614869e-01
  -3.2569704e+00   1.8117071e+00   5.6075783e-01
  -2.5556372e+00   3.4276560e+00   3.3245894e-01
  -3.2146722e+00   1.9755765e+00   4.8486018e-01
  -2.2650550e+00   4.0777914e+00   3.1541514e-01
  -3.3864449e+00   2.5389141e+00  -1.8104792e-01
  -3.3376812e+00   3.3792354e+00  -6.5623849e-01
  -3.1228102e+00   1.9757066e+00   6.1709890e-01
  -2.0477675e+00   4.3612767e+00   4.3504914e-01
  -3.0242857e+00   8.5593872e-01   1.8649833e+00
  -2.1713506e+00   2.3527014e+00   1.7099798e+00
  -2.2749716e+00   3.7647445e+00   4.9176308e-01
  -3.1023971e+00   1.6757193e+00   9.0783327e-01
  -2.7412145e+00   2.0552568e+00   1.1102561e+00
  -2.3056677e+00   2.5627539e+00   1.3227205e+00
  -2.4257150e+00   2.6634498e+00   1.0641789e+00
  -2.8657033e+00   1.7399283e+00   1.2073222e+00
  -2.8008022e+00   2.2185294e+00   8.8235598e-01
  -2.8589525e+00   2.0690942e+00   9.2344331e-01
  -2.7482812e+00   2.3110668e+00   8.8214258e-01
  -2.8712229e+00   1.9466757e+00   1.0116664e+00
  -2.9253772e+00   3.0217759e+00   1.0586174e-01
  -3.9769820e+00   1.2572300e+00  -3.2640048e-03
  -2.5334601e+00   2.5944029e+00   9.6355751e-01
  -2.9701746e+00   1.7568303e+00   1.0331326e+00
  -1.5838354e+00   4.2482074e+00   1.1164295e+00
  -3.1659151e+00   7.5390402e-01   1.7424385e+00
  -2.0779238e+00   2.4606180e+00   1.7561473e+00
  -2.4930499e+00   1.3271341e+00   2.2321506e+00
  -1.9288581e+00   3.0164069e+00   1.5064540e+00
  -2.7820623e+00   1.1703347e+00   1.9189575e+00
  -2.1183984e+00   2.7688325e+00   1.4285495e+00
  -3.1589612e+00   7.8169650e-01   1.7225634e+00
  -2.2650294e+00   2.7916630e+00   1.1949067e+00
  -3.2127299e+00   8.1595183e-01   1.5946696e+00
  -2.3141635e+00   3.4737454e+00   6.2750196e-01
  -3.9282361e+00   4.7566768e-01   8.0765306e-01
  -1.9994382e+00   2.6510401e+00   1.7071216e+00
  -2.7069003e+00   1.1801787e+00   2.0344197e+00
  -2.4254890e+00   2.0151181e+00   1.6292532e+00
  -1.6529282e+00   3.6150930e+00   1.4479082e+00
  -2.2021768e+00   2.7607589e+00   1.3116537e+00
  -2.0976987e+00   3.3184861e+00   1.0340131e+00
  -2.3650025e+00   2.3763711e+00   1.3935708e+00
  -2.1643972e+00   3.2362220e+00   9.9991516e-01
  -2.3347498e+00   2.5260778e+00   1.3104302e+00
  -2.0260714e+00   3.4953302e+00   1.0085140e+00
  -2.5051287e+00   3.1861564e+00   5.6290476e-01
  -3.2302325e+00   2.7029662e+00  -8.5523646e-02
  -2.2930168e+00   2.5484861e+00   1.3535423e+00
  -2.1117877e+00   3.3569687e+00   9.8671609e-01
  -1.9312230e+00   3.0433435e+00   1.4814014e+00
  -2.4306287e+00   2.3303947e+00   1.3349593e+00
  -2.2740288e+00   2.5451333e+00   1.3846742e+00
  -2.5275562e+00   2.4084775e+00   1.1241576e+00
  -2.0709711e+00   2.8569590e+00   1.4262839e+00
  -2.3739766e+00   2.5246097e+00   1.2535405e+00
  -2.1557351e+00   3.5552509e+00   7.8871513e-01
  -3.4844266e+00   1.6645341e+00   3.5655471e-01
  -2.3183701e+00   2.4809778e+00   1.3731585e+00
  -2.3452540e+00   2.6734980e+00   1.1730929e+00
  -2.7216510e+00   2.1455415e+00   1.0607538e+00
  -2.3290177e+00   3.0382412e+00   9.1360128e-01
  -2.8869539e+00   2.1429323e+00   8.1986639e-01
  -2.1339360e+00   3.5611006e+00   8.1459288e-01
  -2.9015574e+00   2.8288597e+00   2.7127109e-01
  -3.2515944e+00   2.6494058e+00  -7.7024278e-02
  -2.5754101e+00   2.3597771e+00   1.0945333e+00
  -2.2660993e+00   3.0821493e+00   9.6980632e-01
  -3.5064716e+00   1.7129582e+00   2.8429743e-01
  -2.4254557e+00   3.5388793e+00   4.3461791e-01
  -3.9648415e+00   2.0208834e+00  -5.8740771e-01
  -3.4503237e+00   3.1931476e+00  -6.8936009e-01
  -3.5965511e+00   1.6135489e+00   2.3853638e-01
  -2.5241171e+00   3.5153369e+00   3.1800957e-01
  -3.1108885e+00   2.7539671e+00   3.9728863e-02
  -3.2188458e+00   2.8124542e+00  -1.4515169e-01
  -3.2533925e+00   1.9111332e+00   4.8248289e-01
  -2.6569569e+00   3.0573839e+00   4.4478643e-01
  -4.7358590e+00   6.9237219e-01  -5.9169202e-01
  -2.7802619e+00   4.0607730e+00  -3.3500042e-01
