  -4.5652926e+00  -1.0340360e+00   1.5379225e+00
  -2.9228329e+00   1.3780474e+00   1.4695438e+00
  -4.4073342e+00  -5.2548132e-01   1.1584070e+00
  -3.2310602e+00   1.1776543e+00   1.1843863e+00
  -4.0211226e+00   1.1875579e-01   1.0449098e+00
  -3.4979036e+00   7.9413362e-01   1.1553608e+00
  -4.1468450e+00  -8.6029108e-01   2.0654400e+00
  -2.3850148e+00   1.6580359e+00   2.0514824e+00
  -4.0165794e+00   2.0282223e-01   9.5904522e-01
  -3.2872612e+00   9.8580924e-01   1.2912353e+00
  -4.0408102e+00   3.4757218e-01   7.6495425e-01
  -4.2542431e+00   5.4039035e-02   7.4142312e-01
  -4.1554798e+00  -9.4462322e-02   1.0672240e+00
  -3.5194597e+00   8.4145093e-01   1.0720413e+00
  -4.2121305e+00   6.9226038e-01   1.6164209e-01
  -4.7468118e+00  -8.8755079e-02   1.2670808e-01
  -4.0078404e+00   1.0492321e-01   1.0821154e+00
  -3.3780262e+00   9.9095097e-01   1.1419230e+00
  -3.5220303e+00   2.7751308e-01   1.6943975e+00
  -3.4378785e+00   3.3172099e-01   1.7739329e+00
  -3.4530108e+00   6.5162585e-01   1.3806450e+00
  -3.9120923e+00  -1.6102848e-01   1.5571345e+00
  -3.7253047e+00  -3.7930929e-01   2.1774909e+00
  -2.6828118e+00   1.0598213e+00   2.2136481e+00
  -3.1751829e+00   9.4534472e-01   1.5150037e+00
  -3.5073594e+00   1.4768067e-01   1.8787472e+00
  -3.5901583e+00   7.5085773e-01   1.0540435e+00
  -4.1017843e+00  -6.3111085e-02   1.1196026e+00
  -3.6999815e+00   2.5774508e-01   1.4163545e+00
  -3.7826322e+00   8.4653264e-02   1.4804188e+00
  -3.7971959e+00   1.1084855e+00   3.8933967e-01
  -5.0680856e+00  -8.2547015e-01   4.2600752e-01
  -3.3643851e+00   7.1989318e-01   1.4508174e+00
  -3.8349306e+00  -7.3262450e-02   1.5821082e+00
  -2.8160059e+00   1.1383484e+00   1.8975760e+00
  -3.7925927e+00  -3.5898238e-01   2.0255167e+00
  -3.1167430e+00   4.1615356e-02   2.7399222e+00
  -2.7782947e+00   4.9966583e-01   2.7475367e+00
  -2.7228189e+00   1.2600921e+00   1.9191255e+00
  -3.2363312e+00   2.5008736e-01   2.2319846e+00
  -2.9908949e+00   1.2132079e+00   1.5299233e+00
  -4.2443815e+00  -6.0767796e-01   1.5433386e+00
  -3.2710538e+00   6.4094773e-01   1.6945938e+00
  -4.0427518e+00  -4.6292360e-01   1.7120491e+00
  -3.1979113e+00   1.5668197e+00   8.6341424e-01
  -4.8403068e+00  -8.6895348e-01   8.5002699e-01
  -2.8739210e+00   8.6957363e-01   2.1065115e+00
  -3.3904778e+00   6.5694883e-02   2.1930701e+00
  -3.4942128e+00  -4.1307711e-01   2.6681362e+00
  -2.6124248e+00   8.3880618e-01   2.6087303e+00
  -2.9628478e+00   1.0376355e+00   1.7640392e+00
  -3.2370041e+00   4.2622427e-01   2.0082369e+00
  -3.2671599e+00   8.4888053e-01   1.4691327e+00
  -3.9213603e+00  -4.1209294e-02   1.3955297e+00
  -3.3283657e+00   4.3820257e-01   1.8347575e+00
  -3.4684673e+00   2.9164359e-01   1.7695423e+00
  -3.4441917e+00   1.2438355e+00   7.9167959e-01
  -4.7902091e+00  -6.5234653e-01   6.7447053e-01
  -3.1790503e+00   7.0815672e-01   1.7726444e+00
  -3.4869155e+00   2.5536299e-01   1.7816607e+00
  -2.7212690e+00   1.2989662e+00   1.8794085e+00
  -3.5456165e+00  -1.5858121e-01   2.2083503e+00
  -3.1092471e+00   1.0780407e+00   1.4806229e+00
  -4.2218388e+00  -5.4868451e-01   1.5068099e+00
  -3.0545361e+00   7.9529310e-01   1.8833632e+00
  -3.7008430e+00  -1.4685513e-01   1.9106705e+00
  -3.0597591e+00   1.6575098e+00   9.8852321e-01
  -4.9268378e+00  -1.0999114e+00   9.9134032e-01
  -3.1316046e+00   7.0770730e-01   1.8536961e+00
  -3.6269030e+00  -7.8324168e-02   1.9541757e+00
  -3.5866909e+00   6.4671578e-01   1.1693229e+00
  -3.7742999e+00   5.9472797e-01   9.2570141e-01
  -3.8513718e+00   6.8282467e-02   1.3837006e+00
  -3.1811992e+00   1.2904209e+00   1.1504761e+00
  -3.8183611e+00   9.1085478e-01   5.4241150e-01
  -4.3964295e+00   3.3308379e-01   2.3243435e-01
  -3.4494378e+00   5.1003452e-01   1.5451515e+00
  -3.2159963e+00   9.9765287e-01   1.3931206e+00
  -4.4378122e+00  -3.3424518e-01   8.8046407e-01
  -3.5015435e+00   1.0599612e+00   8.8072370e-01
  -4.7874476e+00   1.5143489e-01  -1.7276085e-01
  -4.6613056e+00   3.9106005e-01  -2.1525604e-01
  -4.4638275e+00  -2.6513393e-01   7.5927388e-01
  -3.5138768e+00   1.0918952e+00   8.3075867e-01
  -3.9045196e+00   9.1313972e-01   4.1103993e-01
  -4.4007036e+00   1.6613083e-01   3.9415058e-01
  -4.0564266e+00   9.1126557e-02   1.0184460e+00
  -3.7752895e+00   4.2282623e-01   1.1073073e+00
  -5.5288829e+00  -1.1112725e+00   2.1631690e-02
  -3.7012030e+00   1.5316811e+00   1.5769907e-01
