  -4.2382274e+00   1.0009649e-01   7.1700501e-01
  -3.2958115e+00   1.7331680e+00   5.7134333e-01
  -4.2204861e+00   7.5099213e-03   8.4638672e-01
  -3.0117031e+00   1.9794488e+00   7.7566852e-01
  -3.5616065e+00   7.7076634e-01   1.0785522e+00
  -2.6799675e+00   1.9572808e+00   1.2905118e+00
  -4.0133322e+00  -2.8200038e-01   1.5323619e+00
  -2.1154445e+00   2.6743003e+00   1.5120566e+00
  -3.5418592e+00   1.7558172e+00   1.9849413e-01
  -3.3424694e+00   1.5449119e+00   6.6768476e-01
  -3.8657556e+00   7.2486670e-01   6.5132074e-01
  -3.3515647e+00   1.5543082e+00   6.4586422e-01
  -3.8219824e+00   1.7760085e+00  -2.0960919e-01
  -4.4687421e+00   7.8349837e-01  -2.9353976e-01
  -4.0001378e+00   1.1729138e+00   3.6309286e-02
  -4.2368853e+00   9.6949194e-01  -1.2567493e-01
  -3.6621503e+00   2.1225056e+00  -2.5373564e-01
  -4.4607965e+00   8.3639794e-01  -3.2856259e-01
  -3.5645035e+00   5.2305685e-01   1.3399865e+00
  -3.1967861e+00   9.8022298e-01   1.4425720e+00
  -3.1903724e+00   1.1736477e+00   1.2524122e+00
  -3.2926138e+00   6.8027207e-01   1.6136918e+00
  -3.3132591e+00   4.7375823e-01   1.8182651e+00
  -2.6450319e+00   1.3587705e+00   1.9411022e+00
  -2.6317555e+00   2.4965028e+00   9.0008905e-01
  -3.6443541e+00   2.6273071e-01   1.5039425e+00
  -3.1686643e+00   1.4498269e+00   1.0162793e+00
  -3.6570940e+00   5.1507589e-01   1.1978690e+00
  -3.4292385e+00   2.0618227e+00   1.1266546e-01
  -4.8445115e+00  -3.3224430e-01   2.3150206e-01
  -3.5656590e+00   1.6126812e+00   2.8355014e-01
  -4.7051545e+00  -2.1618213e-01   3.2380454e-01
  -3.2363783e+00   2.5226145e+00   3.3467464e-02
  -4.9715460e+00  -4.7508738e-01   1.8788612e-01
  -2.4631003e+00   1.7236859e+00   1.8558513e+00
  -3.2139786e+00   2.9012929e-01   2.2206301e+00
  -2.8700085e+00   7.0148600e-01   2.3170909e+00
  -2.7322045e+00   7.8000284e-01   2.4660165e+00
  -2.0846077e+00   2.9011705e+00   1.3704653e+00
  -3.4829816e+00   1.1340852e-01   1.9649657e+00
  -2.7033815e+00   1.7293357e+00   1.4683614e+00
  -3.7045032e+00   3.6233900e-02   1.6729263e+00
  -2.7575269e+00   2.7972147e+00   4.9206362e-01
  -5.2932917e+00  -1.2861700e+00   6.0763714e-01
  -2.7850354e+00   2.2818117e+00   8.5284072e-01
  -4.6158371e+00  -6.0361929e-01   9.0349713e-01
  -2.7729012e+00   2.6435491e+00   5.8474488e-01
  -4.6394648e+00  -5.0286058e-01   7.4629923e-01
  -3.2385502e+00   2.8558078e-01   2.1821877e+00
  -2.3922949e+00   1.6445367e+00   2.0537353e+00
  -2.4386217e+00   2.4756807e+00   1.1990042e+00
  -3.0701033e+00   1.1199316e+00   1.4997653e+00
  -2.8777202e+00   1.5039922e+00   1.4149636e+00
  -3.2003182e+00   1.1155997e+00   1.2957129e+00
  -3.0086917e+00   2.3310546e+00   4.9295678e-01
  -4.3455985e+00   4.0261300e-01   2.4051772e-01
  -3.2276087e+00   1.7966046e+00   6.1637004e-01
  -4.2857025e+00   4.3510403e-01   2.9882887e-01
  -2.8726205e+00   2.5778207e+00   4.9467088e-01
  -4.3663237e+00   3.2754284e-01   2.8340033e-01
  -2.2417910e+00   2.8374904e+00   1.1921956e+00
  -3.5465228e+00   2.7809458e-01   1.6517836e+00
  -2.8089866e+00   1.6009406e+00   1.4276876e+00
  -3.5080889e+00   4.8871614e-01   1.4716467e+00
  -2.8987472e+00   2.5553396e+00   4.7510389e-01
  -4.6544049e+00  -2.4222336e-01   4.3090430e-01
  -2.8677613e+00   2.1365302e+00   8.5325621e-01
  -4.4207197e+00  -1.9472460e-01   7.4957521e-01
  -2.8540028e+00   2.6045215e+00   5.0058786e-01
  -4.6941600e+00  -3.6243688e-01   4.9968322e-01
  -3.1674033e+00   1.3401091e+00   1.1233490e+00
  -3.1875086e+00   1.5226481e+00   9.1962432e-01
  -3.1540227e+00   2.2211409e+00   3.7394861e-01
  -4.2067560e+00   8.4670111e-01   2.7178494e-02
  -3.3646314e+00   1.6363965e+00   5.5450181e-01
  -4.0168155e+00   1.0208181e+00   1.4659028e-01
  -3.1945647e+00   2.4390295e+00   1.5169065e-01
  -4.3746013e+00   7.8489961e-01  -1.5998776e-01
  -4.2119567e+00   1.4001162e+00  -4.5096137e-01
  -4.4023092e+00   1.1431998e+00  -5.0605412e-01
  -4.5036448e+00   7.3087116e-01  -2.9685696e-01
  -4.2719869e+00   1.2854071e+00  -4.4154758e-01
  -4.2498219e+00   1.6003857e+00  -6.5870645e-01
  -4.5783630e+00   1.0664715e+00  -6.8641265e-01
  -3.6886605e+00   1.5425670e+00   1.6646112e-01
  -4.1357888e+00   9.0547664e-01   7.7261428e-02
  -4.0338984e+00   1.8275107e+00  -5.3815309e-01
  -4.8510657e+00   4.2755523e-01  -5.2144779e-01
  -5.2560876e+00   7.5696712e-01  -1.3558945e+00
  -4.8349994e+00   1.2311802e+00  -1.1625067e+00
