  -3.8530661e+00   3.7514595e-01   1.0339053e+00
  -2.0635795e+00   3.5197858e+00   9.3955021e-01
  -3.8505604e+00  -1.4089971e-01   1.6388558e+00
  -1.4365810e+00   3.9218273e+00   1.5358574e+00
  -3.0851559e+00   1.4704664e+00   1.1247096e+00
  -1.6614944e+00   3.6080414e+00   1.4408402e+00
  -3.4168212e+00   5.3536091e-01   1.5707705e+00
  -1.3537553e+00   4.0236021e+00   1.5818121e+00
  -3.2051261e+00   1.3529172e+00   1.0527402e+00
  -1.6690791e+00   3.6089811e+00   1.4293706e+00
  -3.4274410e+00   6.1334900e-01   1.4650411e+00
  -1.5931069e+00   3.5668742e+00   1.5689351e+00
  -3.5164832e+00   1.7147921e+00   2.6846513e-01
  -2.9024744e+00   2.9481110e+00   1.8683769e-01
  -3.5972751e+00   1.4166293e+00   4.0668735e-01
  -2.9577405e+00   2.8059198e+00   2.1089981e-01
  -3.1952382e+00   2.1594372e+00   3.6436459e-01
  -2.8204052e+00   2.8661461e+00   3.5579381e-01
  -3.0450170e+00   5.8806579e-01   2.1469226e+00
  -1.9770427e+00   2.1118549e+00   2.2514451e+00
  -2.6067554e+00   1.9526677e+00   1.4068537e+00
  -2.4467163e+00   1.7003121e+00   1.9063381e+00
  -2.9405577e+00   1.0421800e+00   1.7961030e+00
  -1.9579446e+00   2.4112214e+00   1.9887918e+00
  -2.2775990e+00   2.1424728e+00   1.7399998e+00
  -2.2362226e+00   1.6554154e+00   2.3027684e+00
  -2.6591196e+00   1.2817963e+00   2.0017352e+00
  -1.9680904e+00   2.1150619e+00   2.2628544e+00
  -3.0826368e+00   1.9895478e+00   6.6373907e-01
  -3.3970347e+00   1.2439156e+00   8.6323042e-01
  -3.2362464e+00   1.8033571e+00   5.9800420e-01
  -3.5838812e+00   1.1062174e+00   7.1048159e-01
  -2.7993107e+00   2.5495047e+00   6.1927245e-01
  -3.4840141e+00   1.0918883e+00   8.7652990e-01
  -1.9242791e+00   2.4455059e+00   2.0096298e+00
  -2.4765251e+00   1.0186164e+00   2.6284531e+00
  -2.2943377e+00   1.4905370e+00   2.3875148e+00
  -2.2370371e+00   1.3095236e+00   2.7007101e+00
  -1.7064977e+00   2.5415913e+00   2.2645109e+00
  -2.1398601e+00   1.2585993e+00   2.9405794e+00
  -2.1997408e+00   1.6200307e+00   2.4039113e+00
  -2.2641004e+00   1.1767026e+00   2.8162288e+00
  -2.5654514e+00   2.5460436e+00   9.5606522e-01
  -3.7690439e+00   2.7821913e-01   1.2782016e+00
  -2.5954567e+00   2.3048186e+00   1.1113613e+00
  -3.4956954e+00   6.0593428e-01   1.3610678e+00
  -2.2851276e+00   2.5987525e+00   1.3230015e+00
  -3.1317619e+00   8.2458173e-01   1.7197147e+00
  -2.6236199e+00   1.0709750e+00   2.3034154e+00
  -1.4520381e+00   3.0951381e+00   2.1581981e+00
  -2.1252959e+00   2.1352184e+00   1.9880210e+00
  -1.4135557e+00   3.0839388e+00   2.2274741e+00
  -2.4264598e+00   1.2997536e+00   2.3782760e+00
  -1.2832476e+00   3.1928145e+00   2.3340424e+00
  -2.5964157e+00   2.3094643e+00   1.1060039e+00
  -2.6819222e+00   2.4497896e+00   8.6527339e-01
  -2.8871335e+00   1.9215113e+00   1.0101421e+00
  -2.8278679e+00   2.4061771e+00   6.9066374e-01
  -2.4024998e+00   2.6169700e+00   1.1354303e+00
  -2.6821723e+00   2.3080523e+00   9.8107063e-01
  -1.7579175e+00   2.5398807e+00   2.1840222e+00
  -1.8753871e+00   1.9916261e+00   2.5473414e+00
  -2.3132014e+00   1.4742534e+00   2.3735621e+00
  -1.7230847e+00   2.3297056e+00   2.4469821e+00
  -2.4036097e+00   2.5869758e+00   1.1582904e+00
  -3.0291686e+00   1.6021196e+00   1.0861368e+00
  -2.5202950e+00   2.3087631e+00   1.2195472e+00
  -3.1167466e+00   1.4567364e+00   1.0892384e+00
  -2.3711203e+00   2.6136243e+00   1.1840419e+00
  -2.9832622e+00   1.5522730e+00   1.2036153e+00
  -2.8883800e+00   9.7294448e-01   1.9616635e+00
  -1.3090079e+00   3.5667441e+00   1.9838004e+00
  -2.9146115e+00   2.0359346e+00   8.6989639e-01
  -2.5722150e+00   2.8448392e+00   7.1532157e-01
  -3.0673944e+00   1.7695296e+00   8.7607436e-01
  -2.7693487e+00   2.5857585e+00   6.3372515e-01
  -2.8471451e+00   2.3283829e+00   7.2521574e-01
  -2.7198593e+00   2.6769923e+00   6.3395841e-01
  -3.8392698e+00   1.4366023e+00   4.0857573e-02
  -3.0113015e+00   2.7886157e+00   1.5028275e-01
  -4.1502019e+00   8.7715135e-01   8.1922967e-02
  -2.9994273e+00   2.8734993e+00   1.0731504e-01
  -3.9247811e+00   1.4628874e+00  -1.0195088e-01
  -2.9526096e+00   2.9610672e+00   1.1039753e-01
  -3.5727576e+00   1.4664815e+00   3.9876557e-01
  -2.8619245e+00   2.7120149e+00   4.0981078e-01
  -3.4104113e+00   1.9568824e+00   2.2173202e-01
  -3.2150135e+00   2.0766572e+00   4.0226284e-01
  -4.8204417e+00   7.7575882e-01  -7.8012395e-01
  -3.2734067e+00   3.0506092e+00  -3.7310578e-01
