  -4.5569837e+00  -7.7892708e-01   1.2183162e+00
  -3.3674476e+00   9.7659432e-01   1.1733107e+00
  -4.4291693e+00  -1.0145436e+00   1.7583925e+00
  -2.6581227e+00   1.4730245e+00   1.7980105e+00
  -4.0184310e+00  -7.1359870e-02   1.2678701e+00
  -3.4363027e+00   7.1538471e-01   1.3383313e+00
  -4.1890528e+00  -7.8461196e-01   1.8802197e+00
  -2.6828747e+00   1.3748398e+00   1.8612353e+00
  -4.0635701e+00   1.5361902e-02   1.0924336e+00
  -3.3413417e+00   8.6061561e-01   1.3361434e+00
  -4.1024040e+00  -2.2638266e-01   1.3113618e+00
  -3.6545212e+00   4.1567860e-01   1.3119029e+00
  -4.2026850e+00  -4.0117282e-01   1.3540928e+00
  -3.2653180e+00   9.4290172e-01   1.3714460e+00
  -4.2796929e+00   2.0172262e-01   5.4431771e-01
  -4.2965001e+00   1.9520844e-01   5.2500545e-01
  -4.0436063e+00  -1.9984993e-01   1.3790971e+00
  -3.1590313e+00   1.0580325e+00   1.4213692e+00
  -3.5651430e+00  -2.3166284e-01   2.2720453e+00
  -2.8578294e+00   6.9782978e-01   2.3434030e+00
  -3.5464695e+00   3.8586987e-01   1.5253267e+00
  -3.8180112e+00  -9.6951440e-02   1.6407021e+00
  -3.7531176e+00  -2.7248085e-01   1.9815189e+00
  -2.9820695e+00   7.9848643e-01   2.0036079e+00
  -3.2100236e+00   7.6929430e-01   1.6511831e+00
  -3.5374730e+00   7.6251403e-02   1.9154493e+00
  -3.6128534e+00   2.1616552e-01   1.6124233e+00
  -3.5316934e+00   2.8659420e-01   1.6669882e+00
  -3.7629152e+00  -5.3276472e-02   1.6822161e+00
  -3.5222993e+00   2.3862391e-01   1.7408214e+00
  -3.8383482e+00   6.4771579e-01   7.7098745e-01
  -4.6098958e+00  -5.0567782e-01   7.9782391e-01
  -3.4432802e+00   4.1807448e-01   1.6620169e+00
  -3.6548246e+00   3.8693832e-02   1.7562676e+00
  -2.9219466e+00   8.6245275e-01   2.0320295e+00
  -3.7123967e+00  -3.1109616e-01   2.1078488e+00
  -3.1421224e+00   1.2836463e-01   2.5692931e+00
  -3.0264991e+00   2.9137521e-01   2.5636316e+00
  -2.7367153e+00   1.1198438e+00   2.0520130e+00
  -3.3067835e+00   1.2395128e-01   2.2689815e+00
  -3.0067419e+00   7.0263986e-01   2.0747345e+00
  -3.6932853e+00  -2.7213549e-01   2.0901938e+00
  -3.3516960e+00   3.0925906e-01   1.9512704e+00
  -3.7692690e+00  -2.8753266e-01   1.9722412e+00
  -3.2345954e+00   1.1190177e+00   1.2379418e+00
  -4.4035013e+00  -5.7333072e-01   1.2238190e+00
  -2.9413631e+00   5.8762089e-01   2.3320639e+00
  -3.2130821e+00   1.6390416e-01   2.3882169e+00
  -3.5402505e+00  -3.4739304e-01   2.4823264e+00
  -2.9149335e+00   5.4738976e-01   2.4312106e+00
  -3.0104612e+00   8.6304958e-01   1.8802599e+00
  -3.3262954e+00   2.6253351e-01   2.0545778e+00
  -3.2571220e+00   3.4703734e-01   2.0710882e+00
  -3.3771355e+00   2.0368982e-01   2.0386089e+00
  -3.4037779e+00   1.1721326e-01   2.1017033e+00
  -3.2430420e+00   3.6629359e-01   2.0719364e+00
  -3.4917243e+00   7.8411261e-01   1.1757305e+00
  -4.3672649e+00  -4.1996275e-01   1.0981094e+00
  -3.2402175e+00   4.1150739e-01   2.0207331e+00
  -3.3198929e+00   2.9371941e-01   2.0266970e+00
  -2.7618106e+00   1.1057525e+00   2.0253885e+00
  -3.5684969e+00  -2.2975096e-01   2.2631542e+00
  -3.1667829e+00   5.1278531e-01   2.0252186e+00
  -3.6287912e+00  -1.6065280e-01   2.0587354e+00
  -3.1051435e+00   4.9525250e-01   2.1554621e+00
  -3.4484457e+00  -1.1935748e-02   2.1900311e+00
  -3.0768941e+00   1.2267171e+00   1.3782739e+00
  -4.4869259e+00  -8.1213712e-01   1.3825175e+00
  -3.2630403e+00   3.6953634e-01   2.0325342e+00
  -3.4315146e+00   7.6016107e-02   2.1051381e+00
  -3.6013275e+00   9.6673548e-02   1.7776603e+00
  -3.2022257e+00   8.0888430e-01   1.6199125e+00
  -3.9288544e+00  -2.5797935e-01   1.6494126e+00
  -2.9879190e+00   1.2546372e+00   1.4917233e+00
  -3.8288767e+00   4.8872412e-01   9.5075103e-01
  -4.0250447e+00   4.0223120e-01   7.3246027e-01
  -3.5103593e+00   2.0623647e-01   1.8010095e+00
  -3.0853654e+00   9.2252702e-01   1.6877163e+00
  -4.4728574e+00  -6.1955237e-01   1.1628892e+00
  -3.2632229e+00   1.1312564e+00   1.1804673e+00
  -4.8424063e+00  -3.1121816e-01   2.1237985e-01
  -4.2327884e+00   6.2936070e-01   1.9037033e-01
  -4.4649568e+00  -5.0706921e-01   1.0391626e+00
  -3.3546234e+00   1.0759109e+00   1.0927815e+00
  -3.9362477e+00   5.0398359e-01   7.6573668e-01
  -4.0165553e+00   3.8735471e-01   7.6129505e-01
  -4.1928598e+00  -2.8053903e-01   1.2237642e+00
  -3.5617217e+00   5.7240170e-01   1.2901195e+00
  -5.6240944e+00  -1.4703954e+00   2.8939454e-01
  -3.4389686e+00   1.7070453e+00   3.8612871e-01
