  -4.3131089e+00   1.7258989e-02   6.8790732e-01
  -3.5917153e+00   1.3554097e+00   4.6910188e-01
  -4.2182377e+00  -6.3671532e-03   8.6539166e-01
  -3.2155562e+00   1.6166577e+00   7.9193969e-01
  -3.4230734e+00   1.2243479e+00   8.4221300e-01
  -3.5355369e+00   9.6823619e-01   9.1864506e-01
  -3.8325244e+00   1.2996454e-01   1.3430776e+00
  -2.7408070e+00   1.8394316e+00   1.3060869e+00
  -3.5905004e+00   1.6729801e+00   1.9760967e-01
  -3.7032372e+00   1.0670982e+00   5.6755717e-01
  -3.9625420e+00  -7.3204161e-02   1.3640978e+00
  -2.8255758e+00   1.6628101e+00   1.3419658e+00
  -3.8189554e+00   1.3004984e+00   1.8632685e-01
  -4.2490846e+00   6.9835864e-01   1.0146653e-01
  -4.0125199e+00   1.1270102e+00   5.8572293e-02
  -4.4847909e+00   5.7047623e-01  -1.2480721e-01
  -3.7458034e+00   1.8642592e+00  -1.7302488e-01
  -4.6045761e+00   5.4847518e-01  -2.7797435e-01
  -3.5838150e+00   5.1875442e-01   1.3131221e+00
  -3.3865889e+00   7.4962269e-01   1.3820597e+00
  -3.1725313e+00   1.5120155e+00   9.5213590e-01
  -4.0318027e+00  -1.1187692e-02   1.1753213e+00
  -3.2914456e+00   7.9901337e-01   1.4836924e+00
  -3.2617609e+00   7.6207701e-01   1.5733077e+00
  -2.6806981e+00   2.4156181e+00   8.9467603e-01
  -3.9547902e+00  -7.3335458e-02   1.3773657e+00
  -3.3858894e+00   5.5392419e-01   1.6013542e+00
  -3.0075499e+00   1.0119160e+00   1.7181788e+00
  -3.4681279e+00   1.5690440e+00   4.6192848e-01
  -4.6113473e+00  -2.7582875e-01   5.3538510e-01
  -3.5281489e+00   1.6196879e+00   3.3156074e-01
  -4.9588337e+00  -5.7763041e-01   3.1976726e-01
  -3.2146040e+00   2.4065729e+00   1.4814597e-01
  -5.1718964e+00  -8.0350036e-01   2.3596679e-01
  -2.4839858e+00   2.0358181e+00   1.5189125e+00
  -3.9305636e+00  -3.0958766e-01   1.7122910e+00
  -2.7769721e+00   1.0541888e+00   2.0583430e+00
  -3.2551197e+00   2.9441293e-01   2.1411538e+00
  -2.2610604e+00   2.6748403e+00   1.2954282e+00
  -3.6832566e+00   1.0220579e-02   1.7420629e+00
  -2.7832584e+00   8.9110075e-01   2.2387476e+00
  -3.0561612e+00   4.0997877e-01   2.3517784e+00
  -2.8064959e+00   2.2262830e+00   8.6759155e-01
  -5.0058201e+00  -1.1440636e+00   9.1280101e-01
  -2.7166017e+00   2.2836589e+00   9.5103828e-01
  -4.7979087e+00  -8.6121227e-01   9.1150162e-01
  -2.7240581e+00   2.5325204e+00   7.3918738e-01
  -4.7781253e+00  -7.4142022e-01   7.9938738e-01
  -3.1873553e+00   5.8323575e-01   1.9045983e+00
  -2.9605174e+00   1.0503208e+00   1.7539514e+00
  -2.5637756e+00   2.3436150e+00   1.1253150e+00
  -3.4339890e+00   7.2765052e-01   1.3288164e+00
  -3.1100800e+00   5.5805797e-01   2.0692718e+00
  -2.5700565e+00   1.4611847e+00   1.9550828e+00
  -2.9579093e+00   1.8627578e+00   9.5652110e-01
  -4.1550756e+00   2.1701186e-01   7.2320381e-01
  -3.1186264e+00   1.7994623e+00   7.7377842e-01
  -4.5080594e+00  -4.2352853e-02   4.4559050e-01
  -2.9266784e+00   2.3858846e+00   5.6610585e-01
  -4.5871056e+00  -4.5674226e-02   3.2662066e-01
  -2.3036242e+00   2.7818264e+00   1.1467175e+00
  -3.9498716e+00  -1.7466537e-01   1.5087924e+00
  -2.9085333e+00   7.8208328e-01   2.1505679e+00
  -2.9432018e+00   7.0758016e-01   2.1799502e+00
  -2.8962796e+00   2.0390950e+00   8.9416508e-01
  -4.4159892e+00  -2.7613053e-01   8.4928705e-01
  -2.9799751e+00   1.9970890e+00   8.0711101e-01
  -4.6755233e+00  -5.0334961e-01   6.8830692e-01
  -2.9095488e+00   2.4191561e+00   5.6437423e-01
  -4.8806128e+00  -6.5639129e-01   5.3289108e-01
  -3.2706027e+00   5.5483322e-01   1.7953838e+00
  -2.6818764e+00   1.6516303e+00   1.5781576e+00
  -3.2094059e+00   1.7355057e+00   6.9586293e-01
  -3.9836541e+00   8.6746395e-01   3.3604091e-01
  -3.3944849e+00   1.5472951e+00   5.8879146e-01
  -4.2258369e+00   7.0930754e-01   1.2548432e-01
  -3.1796977e+00   2.2978195e+00   2.7855487e-01
  -4.5331683e+00   4.6358873e-01  -9.6093943e-02
  -4.2001211e+00   8.9919621e-01  -1.0478082e-02
  -4.1214043e+00   1.1244886e+00  -9.5346077e-02
  -4.4505820e+00   7.3871423e-01  -2.2789656e-01
  -4.5052528e+00   8.6959493e-01  -4.2012604e-01
  -4.2231950e+00   1.5096781e+00  -5.5276893e-01
  -4.7998358e+00   6.3850281e-01  -6.3484622e-01
  -3.6530081e+00   1.4899241e+00   2.6225280e-01
  -4.2915828e+00   5.9574257e-01   1.3505294e-01
  -4.0522176e+00   1.6808206e+00  -4.5188189e-01
  -5.0795931e+00   4.7841236e-02  -4.9995649e-01
  -5.3809516e+00   5.0543074e-01  -1.3209541e+00
  -5.0122798e+00   9.8335978e-01  -1.2081471e+00
