  -4.5185798e+00  -1.3178153e+00   2.0282604e+00
  -2.6838357e+00   1.2219136e+00   2.0266317e+00
  -4.5094619e+00  -1.5134314e+00   2.3477644e+00
  -2.2098827e+00   1.6359178e+00   2.3689284e+00
  -4.1518561e+00  -7.1270297e-01   1.8494137e+00
  -3.0076895e+00   8.8215144e-01   1.8631309e+00
  -4.2044937e+00  -9.0866945e-01   2.0262576e+00
  -2.6871601e+00   1.2256452e+00   2.0168696e+00
  -4.2006461e+00  -6.7654509e-01   1.7119925e+00
  -3.0257053e+00   8.9328142e-01   1.8201155e+00
  -4.1920227e+00  -5.9574841e-01   1.6204300e+00
  -3.4576976e+00   4.1297471e-01   1.6435368e+00
  -4.2174806e+00  -8.3599333e-01   1.8992553e+00
  -2.8908330e+00   1.0193559e+00   1.9048767e+00
  -4.3117299e+00  -3.9041028e-01   1.1558046e+00
  -3.7231743e+00   4.5793705e-01   1.1532271e+00
  -4.0189628e+00  -4.0213929e-01   1.6752544e+00
  -3.1741173e+00   7.9154293e-01   1.6860911e+00
  -3.7118488e+00  -7.9540357e-01   2.8205651e+00
  -2.3723290e+00   9.9447775e-01   2.8499866e+00
  -3.7118512e+00  -2.7405896e-01   2.0587817e+00
  -3.3496623e+00   2.0572389e-01   2.0850555e+00
  -3.7138703e+00  -3.1946524e-01   2.1165222e+00
  -2.9800140e+00   7.0295354e-01   2.1209986e+00
  -3.4076659e+00   3.8927628e-02   2.1970768e+00
  -3.1821103e+00   2.6621585e-01   2.3095545e+00
  -3.7153557e+00  -1.1993141e-01   1.8500547e+00
  -3.3340283e+00   3.8790371e-01   1.8856730e+00
  -3.8567027e+00  -5.7276112e-01   2.2022960e+00
  -3.0613942e+00   5.0766137e-01   2.2177957e+00
  -3.7829315e+00   1.2809098e-01   1.4284732e+00
  -4.0213206e+00  -2.1825155e-01   1.4396249e+00
  -3.6096473e+00   6.7704209e-02   1.7991260e+00
  -3.5740066e+00   9.9706557e-02   1.8216533e+00
  -3.0272872e+00   2.7391993e-01   2.5858735e+00
  -3.3208781e+00  -1.3408446e-01   2.5976811e+00
  -3.1250070e+00   3.2950801e-02   2.7363466e+00
  -3.0118381e+00   1.9399722e-01   2.7257367e+00
  -2.7844130e+00   5.2200437e-01   2.7058134e+00
  -3.0325772e+00   1.1289020e-01   2.8008572e+00
  -3.0471100e+00   4.3800539e-01   2.3320246e+00
  -3.5452983e+00  -2.6588406e-01   2.3568711e+00
  -3.3508672e+00  -1.3457449e-01   2.5408781e+00
  -3.3572374e+00  -1.4613292e-01   2.5451148e+00
  -3.1045551e+00   7.1375045e-01   1.8928184e+00
  -3.9223896e+00  -4.3354757e-01   1.8893851e+00
  -3.0661229e+00   3.0852685e-01   2.4668182e+00
  -3.1993433e+00   1.1850999e-01   2.4751996e+00
  -3.5252038e+00  -4.7970216e-01   2.7069483e+00
  -2.9250437e+00   3.4310248e-01   2.6840006e+00
  -3.1599462e+00   1.6732006e-01   2.4824014e+00
  -3.0633688e+00   2.3538908e-01   2.5706451e+00
  -3.2225831e+00   1.4861296e-01   2.3911528e+00
  -3.3147228e+00   1.3559562e-02   2.4028223e+00
  -3.4603952e+00  -3.6031019e-01   2.6561289e+00
  -2.8821945e+00   4.2839741e-01   2.6486224e+00
  -3.5502818e+00   1.8034047e-01   1.7634107e+00
  -3.8251939e+00  -1.9142110e-01   1.7470704e+00
  -3.2790459e+00   1.5659639e-01   2.2765860e+00
  -3.3456300e+00   6.5798783e-02   2.2750034e+00
  -2.8646814e+00   4.3419151e-01   2.6736595e+00
  -3.2058634e+00  -1.0525914e-01   2.7792202e+00
  -3.1847115e+00   2.5063578e-01   2.3252474e+00
  -3.4717440e+00  -1.6644382e-01   2.3566449e+00
  -3.2254912e+00  -8.1606539e-03   2.6015821e+00
  -3.0467006e+00   2.2699222e-01   2.6135583e+00
  -3.1487326e+00   6.2980076e-01   1.9158265e+00
  -3.8999385e+00  -4.2684133e-01   1.9211289e+00
  -3.3187993e+00   1.2290039e-01   2.2483924e+00
  -3.3906280e+00   1.0532098e-02   2.2661397e+00
  -3.6207156e+00  -1.6730840e-01   2.0822904e+00
  -3.2225185e+00   4.0692180e-01   2.0575974e+00
  -3.8618433e+00  -6.4913543e-01   2.3020481e+00
  -2.7492411e+00   9.2295640e-01   2.2601198e+00
  -3.5985874e+00   1.4761493e-01   1.7197454e+00
  -3.6803371e+00   7.8737465e-02   1.6626092e+00
  -3.6341329e+00  -1.0259883e-01   1.9727430e+00
  -3.2368513e+00   4.8818070e-01   1.9329535e+00
  -4.5837335e+00  -1.1392286e+00   1.6490170e+00
  -2.8611920e+00   1.2947328e+00   1.6544813e+00
  -4.8294666e+00  -8.5706922e-01   8.5363849e-01
  -3.7020220e+00   7.7639204e-01   8.5247189e-01
  -4.5439366e+00  -8.0135066e-01   1.2693515e+00
  -3.3062113e+00   9.6579354e-01   1.2818097e+00
  -4.1533335e+00  -1.0836941e-01   1.0868108e+00
  -3.5730453e+00   7.4111473e-01   1.0913281e+00
  -4.3349618e+00  -6.3179314e-01   1.4156257e+00
  -3.4867588e+00   5.5440969e-01   1.4329684e+00
  -5.6101233e+00  -1.6914432e+00   5.8717296e-01
  -3.3707570e+00   1.5641769e+00   6.0880706e-01
