  -4.5309152e+00  -1.1335458e+00   1.7379594e+00
  -2.6215448e+00   1.6431948e+00   1.6825847e+00
  -4.3655483e+00  -1.2381701e-01   7.5911061e-01
  -3.6485781e+00   9.5160333e-01   7.6095404e-01
  -4.0228315e+00   1.7612612e-01   9.7834774e-01
  -3.3861435e+00   9.9474654e-01   1.1252711e+00
  -4.0422465e+00  -2.3883255e-01   1.4290140e+00
  -3.0471156e+00   1.2818872e+00   1.3695016e+00
  -3.9424563e+00   4.2488127e-01   8.3846453e-01
  -3.3279201e+00   1.0206877e+00   1.1906612e+00
  -4.0139404e+00   5.8127494e-01   5.6709993e-01
  -4.3625639e+00   6.8912328e-02   5.5471292e-01
  -4.1157172e+00   3.6905845e-01   6.2551451e-01
  -3.9625560e+00   6.1282612e-01   6.1437319e-01
  -4.1681272e+00   1.2091835e+00  -2.3358139e-01
  -5.2316929e+00  -3.8105653e-01  -3.0494783e-01
  -3.9090366e+00   7.6556101e-01   5.4536805e-01
  -4.0202684e+00   5.6020821e-01   5.7847079e-01
  -3.5008190e+00   6.6286540e-01   1.2905198e+00
  -3.8729040e+00   4.8997223e-02   1.3702138e+00
  -3.3828009e+00   7.7495988e-01   1.3608060e+00
  -3.8358896e+00  -8.3619105e-02   1.5932081e+00
  -3.6638588e+00   2.1399271e-01   1.5282928e+00
  -3.3508791e+00   6.5242472e-01   1.5480728e+00
  -3.1298762e+00   1.1376308e+00   1.3852673e+00
  -3.5542941e+00   1.5685909e-01   1.7852740e+00
  -3.5995626e+00   9.6884028e-01   8.1926116e-01
  -4.1986000e+00  -3.0395418e-02   9.2395331e-01
  -3.6874698e+00   6.9265581e-01   9.6080465e-01
  -4.2305969e+00  -1.7567249e-01   1.0372853e+00
  -3.7595397e+00   1.6128067e+00   7.7155878e-03
  -5.5648209e+00  -1.1758338e+00   3.8497246e-02
  -3.3213204e+00   1.2952038e+00   9.2985686e-01
  -4.4183997e+00  -4.5515053e-01   1.0547236e+00
  -2.7684592e+00   1.2420259e+00   1.8629648e+00
  -3.7215288e+00  -2.7987809e-01   2.0489121e+00
  -3.0372510e+00   6.5468096e-01   2.0793129e+00
  -3.4823619e+00   4.1360206e-02   2.0585154e+00
  -2.6968080e+00   1.4180258e+00   1.7925883e+00
  -3.2554136e+00   2.9148387e-01   2.1443604e+00
  -2.9685405e+00   1.4336330e+00   1.3417320e+00
  -4.3550066e+00  -6.4066405e-01   1.3920572e+00
  -3.1902669e+00   1.1488240e+00   1.2777430e+00
  -4.5240241e+00  -8.0060550e-01   1.3029291e+00
  -3.1409203e+00   2.0910862e+00   4.9613483e-01
  -5.3410574e+00  -1.2408505e+00   4.7361143e-01
  -2.8530663e+00   1.4008324e+00   1.5577315e+00
  -3.9603350e+00  -2.9213391e-01   1.6375637e+00
  -3.4049461e+00   2.0515175e-01   1.9873657e+00
  -3.2955870e+00   4.7064664e-01   1.8524045e+00
  -2.9037313e+00   1.2259660e+00   1.6578057e+00
  -3.2324452e+00   5.1708207e-01   1.9057914e+00
  -3.2907218e+00   1.0453605e+00   1.2242747e+00
  -4.0066077e+00   4.4354460e-02   1.1529979e+00
  -3.2607196e+00   9.2872983e-01   1.3938886e+00
  -3.9086529e+00   5.8547678e-02   1.2991115e+00
  -3.4433836e+00   1.7011556e+00   3.8473780e-01
  -5.2335099e+00  -8.7114841e-01   2.1491128e-01
  -3.1400878e+00   1.2745682e+00   1.2303240e+00
  -4.0503583e+00  -4.9643206e-02   1.1891695e+00
  -2.6919706e+00   1.4893298e+00   1.7261163e+00
  -3.5959268e+00  -1.3216872e-01   2.0807046e+00
  -3.0670779e+00   1.3316084e+00   1.2881424e+00
  -4.3523958e+00  -5.9564948e-01   1.3394619e+00
  -3.0435753e+00   1.2373279e+00   1.4204976e+00
  -4.1437734e+00  -3.9501412e-01   1.4478699e+00
  -3.0790489e+00   2.0996564e+00   5.7775590e-01
  -5.3914791e+00  -1.3804432e+00   5.6118562e-01
  -3.0246922e+00   1.3159906e+00   1.3705868e+00
  -4.2137568e+00  -4.9564547e-01   1.4532762e+00
  -3.5664002e+00   9.0995226e-01   9.2891858e-01
  -3.9280187e+00   6.1658453e-01   6.6373344e-01
  -3.7635833e+00   5.7223265e-01   9.6617342e-01
  -3.6053715e+00   1.1176153e+00   6.6720079e-01
  -3.7644698e+00   1.4195913e+00   1.6211133e-01
  -4.8523089e+00   1.2208620e-01  -2.3984483e-01
  -3.4267108e+00   1.0756722e+00   9.8080808e-01
  -3.7887803e+00   7.4680601e-01   7.4784920e-01
  -4.4625961e+00   6.5379370e-02   4.0297533e-01
  -3.9375382e+00   8.8404638e-01   3.8913835e-01
  -4.7202556e+00   6.6903549e-01  -5.4959538e-01
  -5.1328188e+00   1.1038964e-01  -6.3450909e-01
  -4.4472169e+00   2.9104288e-01   1.9748237e-01
  -4.0915995e+00   7.9393374e-01   2.4471206e-01
  -3.9179306e+00   1.3526569e+00  -2.8032937e-04
  -4.8442719e+00  -6.3259308e-02  -4.6206313e-02
  -3.9766919e+00   7.0440447e-01   5.0235330e-01
  -4.3784866e+00   3.3470799e-02   5.6744647e-01
  -5.4689603e+00  -5.0092538e-01  -5.3523109e-01
  -4.3528572e+00   1.0970354e+00  -3.9892661e-01
