  -3.7447453e+00   8.3631127e-01   7.2670560e-01
  -2.3213593e+00   4.0390387e+00   2.6474806e-01
  -3.8526998e+00  -1.5382115e-01   1.6512941e+00
  -1.2110899e+00   4.8241928e+00   1.2696170e+00
  -2.8364509e+00   3.0612716e+00   1.9866892e-01
  -2.3271811e+00   3.9440767e+00   3.1317067e-01
  -3.1828431e+00   2.0523317e+00   4.6769752e-01
  -2.1960083e+00   4.1601805e+00   3.5743344e-01
  -3.3068498e+00   1.8267693e+00   4.7586795e-01
  -2.2415286e+00   4.0324167e+00   3.7279005e-01
  -3.2078993e+00   1.6541329e+00   7.6982074e-01
  -2.1528296e+00   3.7355710e+00   6.7388767e-01
  -3.1642177e+00   1.9020443e+00   6.1894569e-01
  -2.0784514e+00   4.1562040e+00   5.1336125e-01
  -3.3865649e+00   2.2629950e+00   1.8460720e-02
  -2.9969177e+00   3.6204864e+00  -3.6264490e-01
  -3.1093523e+00   1.9629665e+00   6.4728076e-01
  -2.0270729e+00   4.3031142e+00   4.9506237e-01
  -3.0367343e+00   5.6635844e-01   2.1884007e+00
  -1.7693885e+00   2.6381797e+00   2.0739694e+00
  -2.3838180e+00   3.5330826e+00   4.9424111e-01
  -3.0942166e+00   1.7490116e+00   8.5438287e-01
  -2.7773355e+00   2.5640306e+00   6.3913639e-01
  -2.9093744e+00   2.1663985e+00   7.6771648e-01
  -2.4443777e+00   2.5731108e+00   1.1100290e+00
  -2.7835790e+00   1.7986460e+00   1.2784370e+00
  -2.7574007e+00   2.0686265e+00   1.0743673e+00
  -2.5114712e+00   2.3226114e+00   1.2207898e+00
  -2.7232642e+00   2.2197133e+00   9.9498820e-01
  -2.6786861e+00   2.0966954e+00   1.1674166e+00
  -2.8832590e+00   2.7864012e+00   3.2654149e-01
  -3.6504114e+00   1.4688685e+00   2.8407066e-01
  -2.6115446e+00   2.5294843e+00   9.0280532e-01
  -2.9534063e+00   1.8233727e+00   9.9833700e-01
  -1.6880697e+00   4.0302174e+00   1.1137749e+00
  -3.1908498e+00   7.6129540e-01   1.6922154e+00
  -2.1093848e+00   2.9448888e+00   1.2994540e+00
  -3.0608959e+00   9.6271349e-01   1.6839314e+00
  -1.8980346e+00   2.9739221e+00   1.5864414e+00
  -2.7372223e+00   1.1420533e+00   2.0260268e+00
  -2.0390782e+00   2.6687320e+00   1.6316650e+00
  -2.8518807e+00   9.7605303e-01   2.0202373e+00
  -2.2067591e+00   2.7256820e+00   1.3336022e+00
  -3.0372636e+00   9.0794340e-01   1.7841819e+00
  -2.2415133e+00   3.2878396e+00   8.5515478e-01
  -3.6485853e+00   6.3022030e-01   1.0877953e+00
  -2.0666815e+00   2.6025959e+00   1.6472201e+00
  -2.7113182e+00   1.1944598e+00   2.0109592e+00
  -2.4605674e+00   2.4788284e+00   1.1640259e+00
  -2.2675534e+00   3.2467117e+00   8.4816851e-01
  -2.2286170e+00   2.6734350e+00   1.3444536e+00
  -2.0275785e+00   3.3249060e+00   1.1280434e+00
  -2.2491835e+00   2.2899348e+00   1.6471443e+00
  -1.8265693e+00   3.3625072e+00   1.3862359e+00
  -2.2805002e+00   2.4640434e+00   1.4445442e+00
  -1.8504253e+00   3.5648613e+00   1.2048662e+00
  -2.5082818e+00   2.9258745e+00   7.4484816e-01
  -2.8820111e+00   2.9516165e+00   2.1209489e-01
  -2.3183085e+00   2.5146903e+00   1.3445148e+00
  -2.1086634e+00   3.3252102e+00   1.0138016e+00
  -1.9274690e+00   2.9582638e+00   1.5556237e+00
  -2.3241967e+00   2.3925150e+00   1.4409788e+00
  -2.2022076e+00   2.4117762e+00   1.6092276e+00
  -2.1537873e+00   2.6624794e+00   1.4647471e+00
  -2.0504215e+00   2.7767582e+00   1.5229392e+00
  -2.1832840e+00   2.6811758e+00   1.4051600e+00
  -2.1474131e+00   3.3044350e+00   9.7447227e-01
  -3.1440397e+00   1.9360371e+00   6.1958837e-01
  -2.3821018e+00   2.4290012e+00   1.3224503e+00
  -2.3317723e+00   2.7271214e+00   1.1495155e+00
  -2.6110648e+00   2.0432650e+00   1.3172299e+00
  -2.0229908e+00   3.0796435e+00   1.3191577e+00
  -2.8145151e+00   2.0841635e+00   9.7610000e-01
  -2.0062055e+00   3.4495007e+00   1.0684697e+00
  -2.7826118e+00   2.6752316e+00   5.4732091e-01
  -3.0132080e+00   2.5557630e+00   3.1556931e-01
  -2.6298263e+00   2.3067862e+00   1.0589879e+00
  -2.3170563e+00   2.9476925e+00   9.9852417e-01
  -3.4943550e+00   1.6235545e+00   3.7701739e-01
  -2.2518879e+00   3.6484853e+00   5.9675432e-01
  -3.9366415e+00   1.7849416e+00  -3.7393317e-01
  -3.1367198e+00   3.3738330e+00  -3.9600795e-01
  -3.5967441e+00   1.6033422e+00   2.4683755e-01
  -2.5110390e+00   3.5000117e+00   3.4526804e-01
  -3.1674626e+00   2.5168936e+00   1.3173721e-01
  -2.9572085e+00   3.0849867e+00   2.1163673e-02
  -3.3312504e+00   1.8288719e+00   4.3896398e-01
  -2.6107655e+00   3.1577536e+00   4.3832414e-01
  -4.7647902e+00   6.3483886e-01  -5.8250996e-01
  -2.7392817e+00   4.0781083e+00  -2.9270809e-01
