  -3.7659745e+00   7.1931115e-01   8.1080487e-01
  -2.2927173e+00   3.4291339e+00   6.8674126e-01
  -3.8368821e+00  -6.1891490e-02   1.5647828e+00
  -1.4268336e+00   3.9929247e+00   1.5002644e+00
  -3.0418407e+00   1.9909599e+00   7.2188408e-01
  -2.0893079e+00   3.4012590e+00   9.8664071e-01
  -3.5547759e+00   7.1426876e-01   1.1486524e+00
  -1.6907101e+00   4.0392911e+00   1.1042841e+00
  -3.1972123e+00   1.8723800e+00   5.9610495e-01
  -2.1064611e+00   3.4341395e+00   9.3966378e-01
  -3.4546017e+00   9.3358182e-01   1.0798335e+00
  -2.0261877e+00   3.4171110e+00   1.0635437e+00
  -3.5703891e+00   2.5316155e+00  -4.2139488e-01
  -3.9062479e+00   2.3241268e+00  -7.2270709e-01
  -3.6065513e+00   1.8999686e+00  -7.9315443e-03
  -3.4039475e+00   2.6294079e+00  -2.6717999e-01
  -3.3029547e+00   2.8033139e+00  -2.5074233e-01
  -3.7195484e+00   2.3341018e+00  -4.8291779e-01
  -3.0895046e+00   5.7677869e-01   2.0824956e+00
  -1.8999999e+00   2.2613183e+00   2.2264967e+00
  -2.5675110e+00   2.4714172e+00   1.0135571e+00
  -2.8789635e+00   1.4415680e+00   1.4751913e+00
  -2.9415372e+00   1.3460750e+00   1.4721997e+00
  -2.3070717e+00   2.2302571e+00   1.6124721e+00
  -2.3036778e+00   2.6219118e+00   1.2763286e+00
  -2.6348943e+00   1.4719467e+00   1.8370549e+00
  -2.7060721e+00   1.6563101e+00   1.5352879e+00
  -2.5086274e+00   1.7937270e+00   1.7125634e+00
  -3.1739484e+00   2.7906937e+00  -7.0391665e-02
  -4.3974648e+00   5.7586235e-01  -2.2817810e-03
  -3.2162978e+00   2.3066535e+00   2.2085271e-01
  -4.0080708e+00   8.6390546e-01   3.0311631e-01
  -2.9631493e+00   3.1452327e+00  -2.6233434e-02
  -4.3386906e+00   5.7279609e-01   8.7086569e-02
  -1.8562048e+00   2.9853875e+00   1.6391736e+00
  -2.8956637e+00   7.3244482e-01   2.2333688e+00
  -2.3871107e+00   1.7155002e+00   1.9878459e+00
  -2.5789909e+00   1.1558523e+00   2.2812505e+00
  -1.6705458e+00   3.0939698e+00   1.8269205e+00
  -2.5782074e+00   9.7746941e-01   2.4966325e+00
  -2.2835183e+00   1.9163905e+00   1.9509102e+00
  -2.7254550e+00   9.1973230e-01   2.3057785e+00
  -2.5749577e+00   3.4756021e+00   2.7577219e-01
  -4.8326010e+00  -5.3913621e-01   4.7668659e-01
  -2.5227781e+00   2.8665979e+00   7.6853849e-01
  -3.9618017e+00   2.4290541e-01   1.0032688e+00
  -2.4302440e+00   3.2113592e+00   6.4812145e-01
  -4.0065302e+00   2.5186735e-01   9.2163553e-01
  -2.7178971e+00   1.3272775e+00   1.8544576e+00
  -1.8809281e+00   2.9417801e+00   1.6383367e+00
  -2.0881798e+00   2.6417402e+00   1.5808004e+00
  -1.8312483e+00   2.8679414e+00   1.7750145e+00
  -2.4599752e+00   1.6636254e+00   1.9226360e+00
  -1.8117218e+00   2.9171421e+00   1.7627088e+00
  -2.7252947e+00   3.0981442e+00   3.2368162e-01
  -3.7134537e+00   1.8761884e+00  -1.3761251e-01
  -2.8599340e+00   2.4672943e+00   5.9712972e-01
  -3.3300663e+00   2.1278306e+00   1.9976483e-01
  -2.5103153e+00   3.2503783e+00   5.1163478e-01
  -3.5665999e+00   1.7937106e+00   1.3264747e-01
  -1.8155942e+00   3.0073052e+00   1.6816149e+00
  -2.2740117e+00   1.8634232e+00   2.0199994e+00
  -2.3742409e+00   1.8008326e+00   1.9210936e+00
  -2.1984839e+00   2.1104842e+00   1.8954302e+00
  -2.5636162e+00   3.3506855e+00   3.7217873e-01
  -4.0253887e+00   1.0318516e+00   1.2422486e-01
  -2.4661047e+00   2.8389975e+00   8.6938211e-01
  -3.5401164e+00   1.2016755e+00   6.8647422e-01
  -2.4591881e+00   3.2728444e+00   5.6596175e-01
  -3.8710945e+00   9.8742392e-01   3.9140529e-01
  -2.8931612e+00   1.3489900e+00   1.5465675e+00
  -1.8553388e+00   3.1976182e+00   1.4706385e+00
  -2.9958959e+00   2.8284065e+00   1.4334054e-01
  -3.6186351e+00   2.1347071e+00  -2.0357055e-01
  -3.0095240e+00   2.3123458e+00   5.0644612e-01
  -3.2386215e+00   2.2736488e+00   2.1494648e-01
  -2.9383489e+00   2.9895587e+00   1.1021819e-01
  -3.6542226e+00   2.0277027e+00  -1.7207911e-01
  -3.9348886e+00   2.2121779e+00  -6.8328437e-01
  -4.0065830e+00   2.1543320e+00  -7.3760841e-01
  -4.1422409e+00   1.3829210e+00  -3.4064444e-01
  -3.4754739e+00   2.6094968e+00  -3.4866847e-01
  -4.0053452e+00   2.1385068e+00  -7.2491118e-01
  -3.8790366e+00   2.3438382e+00  -7.0041722e-01
  -3.5361645e+00   2.0154019e+00   1.6311275e-05
  -3.3486614e+00   2.3852954e+00  -1.9966862e-02
  -3.5238096e+00   2.6070546e+00  -4.1103381e-01
  -4.1144555e+00   1.5305618e+00  -4.2019287e-01
  -4.8834028e+00   1.4436402e+00  -1.3833485e+00
  -4.1684085e+00   2.4747034e+00  -1.1612789e+00
