  -3.9275970e+00   8.8820911e-01   4.0005208e-01
  -2.6541306e+00   3.6856042e+00   4.1154807e-02
  -3.9351273e+00   6.6297261e-01   6.0645216e-01
  -2.5055522e+00   3.7844972e+00   1.7547487e-01
  -2.7869153e+00   2.9494640e+00   3.4278770e-01
  -2.3719748e+00   3.3991112e+00   5.9901169e-01
  -3.1444264e+00   1.7909605e+00   7.4316241e-01
  -1.7776685e+00   4.1023704e+00   9.4610184e-01
  -3.2449374e+00   2.7558550e+00  -1.4153279e-01
  -2.8603196e+00   3.3778896e+00  -3.9304795e-02
  -3.3814322e+00   1.2989244e+00   8.3485082e-01
  -1.9334866e+00   3.8678525e+00   8.8496316e-01
  -3.4622453e+00   2.5052316e+00  -2.5912802e-01
  -3.4410863e+00   3.0337748e+00  -5.8003904e-01
  -3.5985319e+00   2.7739114e+00  -6.1921726e-01
  -3.9730243e+00   2.7261909e+00  -1.0704667e+00
  -3.3361922e+00   3.5784610e+00  -7.6846539e-01
  -3.9609609e+00   2.7447665e+00  -1.0666287e+00
  -3.2727298e+00   1.2304219e+00   1.0672031e+00
  -2.9339733e+00   1.9053613e+00   9.5455805e-01
  -2.4887461e+00   3.2720806e+00   5.2619766e-01
  -3.1136536e+00   1.5171317e+00   1.0368608e+00
  -2.7880638e+00   2.3266290e+00   8.1174794e-01
  -2.5809177e+00   2.1931058e+00   1.2293255e+00
  -2.3389076e+00   3.5041231e+00   5.7378337e-01
  -3.3400415e+00   1.2282172e+00   9.6548520e-01
  -2.9190584e+00   1.8188241e+00   1.0540310e+00
  -2.3384654e+00   2.4824733e+00   1.3418719e+00
  -3.1153948e+00   2.7496191e+00   3.6674484e-02
  -4.0005718e+00   1.0961198e+00   1.0304383e-01
  -3.0949153e+00   3.2912052e+00  -2.9155577e-01
  -4.6304288e+00   5.5513724e-01  -3.2115795e-01
  -2.7999948e+00   4.1091353e+00  -3.8590950e-01
  -4.7313188e+00   3.8107263e-01  -3.0750210e-01
  -1.8116094e+00   3.7588329e+00   1.1242835e+00
  -3.1509496e+00   6.9599189e-01   1.8343741e+00
  -2.1501017e+00   2.6583409e+00   1.4737444e+00
  -2.6991965e+00   1.1345514e+00   2.0991473e+00
  -1.9610481e+00   3.6890829e+00   9.6542803e-01
  -3.1479754e+00   9.2282541e-01   1.5839822e+00
  -2.2089343e+00   2.2271306e+00   1.7677387e+00
  -2.5201017e+00   1.2667450e+00   2.2546174e+00
  -2.4407287e+00   3.4471358e+00   4.7394774e-01
  -4.4521934e+00  -2.3525060e-01   7.4437443e-01
  -2.3214380e+00   3.9039015e+00   3.4477860e-01
  -4.5651723e+00  -2.0131297e-01   5.2682585e-01
  -2.3122965e+00   4.0873465e+00   2.4846584e-01
  -4.4238926e+00  -2.9353119e-02   5.6336244e-01
  -2.4996803e+00   2.2225442e+00   1.3256142e+00
  -1.9242097e+00   3.2566603e+00   1.3258443e+00
  -2.2306709e+00   3.4170941e+00   7.7996683e-01
  -2.4816947e+00   2.9720061e+00   7.4810326e-01
  -2.5684827e+00   1.8435857e+00   1.5693974e+00
  -1.5721199e+00   3.7488578e+00   1.4663887e+00
  -2.5426155e+00   3.0994198e+00   5.7207481e-01
  -3.2478425e+00   2.3901170e+00   1.1459983e-01
  -2.6654789e+00   3.4287104e+00   1.8552557e-01
  -3.8701785e+00   1.9310111e+00  -3.9387456e-01
  -2.5591837e+00   4.0099782e+00  -2.5697499e-02
  -3.8803652e+00   2.0647766e+00  -5.0605010e-01
  -1.9634255e+00   3.8768495e+00   8.3860172e-01
  -3.0210159e+00   1.7831321e+00   9.3313554e-01
  -2.3403288e+00   2.0984654e+00   1.6834461e+00
  -1.9916637e+00   2.6403070e+00   1.7283589e+00
  -2.4834669e+00   3.2540056e+00   5.4573938e-01
  -3.5450695e+00   1.6409750e+00   2.8925879e-01
  -2.5473126e+00   3.6158577e+00   2.2386442e-01
  -4.0996967e+00   1.1820822e+00  -1.1383796e-01
  -2.4934320e+00   4.0309645e+00   4.6833475e-02
  -4.1770986e+00   1.1501208e+00  -1.9638912e-01
  -2.7430039e+00   1.8562873e+00   1.2870792e+00
  -1.9437792e+00   3.2640663e+00   1.2922071e+00
  -2.9169648e+00   2.8789258e+00   2.1513283e-01
  -3.2694661e+00   2.6400568e+00  -9.4546101e-02
  -3.0072109e+00   3.1194851e+00  -6.7798994e-02
  -3.8311693e+00   2.1888549e+00  -5.2925430e-01
  -2.8057145e+00   3.9365233e+00  -2.9890700e-01
  -4.0365290e+00   1.9568384e+00  -6.3685147e-01
  -3.8058002e+00   2.1305517e+00  -4.5357829e-01
  -3.4947371e+00   2.7477385e+00  -4.6665034e-01
  -4.0103505e+00   2.3904634e+00  -9.0314319e-01
  -4.1148234e+00   2.3445660e+00  -1.0080231e+00
  -3.8609709e+00   3.1244517e+00  -1.1676063e+00
  -4.3410861e+00   2.1111448e+00  -1.1447770e+00
  -3.3046489e+00   3.0050197e+00  -3.8482124e-01
  -3.8499147e+00   2.1324820e+00  -5.1406610e-01
  -3.6037800e+00   3.3870123e+00  -9.9601611e-01
  -4.5577142e+00   1.5685390e+00  -1.0465186e+00
  -5.0060240e+00   2.1615637e+00  -2.0176464e+00
  -4.6178562e+00   2.5826056e+00  -1.7916790e+00
