  -3.6675395e+00   6.7718132e-01   1.0083229e+00
  -1.9634197e+00   4.3337340e+00   5.6052013e-01
  -3.9096569e+00   5.1927912e-01   7.9148883e-01
  -2.2928394e+00   4.1761611e+00   2.2277734e-01
  -2.7956599e+00   3.2953386e+00   9.8475588e-02
  -2.4408083e+00   3.9249618e+00   1.7626467e-01
  -3.0468038e+00   1.4457501e+00   1.2077528e+00
  -1.3201923e+00   4.6726043e+00   1.2127526e+00
  -3.2399118e+00   1.9917277e+00   4.3551421e-01
  -2.3118424e+00   4.0036531e+00   2.9789921e-01
  -3.2515300e+00   2.3528929e+00   1.3722766e-01
  -3.2619999e+00   2.9147141e+00  -2.7041908e-01
  -3.2142718e+00   2.1791806e+00   3.2202617e-01
  -2.5840084e+00   3.8692857e+00   2.3252285e-02
  -3.3880157e+00   2.9702541e+00  -4.7129004e-01
  -3.8577208e+00   2.9705956e+00  -1.0731323e+00
  -3.1254610e+00   2.2071586e+00   4.2525959e-01
  -2.3367713e+00   4.1563912e+00   1.7731330e-01
  -3.0421694e+00   1.2910053e+00   1.3681206e+00
  -2.8169958e+00   1.9138924e+00   1.1221608e+00
  -2.1941585e+00   3.8822212e+00   5.2606209e-01
  -3.2331112e+00   1.5244603e+00   8.4925673e-01
  -2.6700280e+00   1.8943866e+00   1.3636866e+00
  -2.0257716e+00   2.7571768e+00   1.5762216e+00
  -2.4042170e+00   2.7075918e+00   1.0600947e+00
  -2.8668178e+00   1.7405091e+00   1.2050771e+00
  -2.8208683e+00   2.7368073e+00   4.4848602e-01
  -3.4951123e+00   1.6381279e+00   3.6352724e-01
  -2.7374743e+00   2.5124517e+00   7.3579884e-01
  -3.1717494e+00   1.7234056e+00   7.6202276e-01
  -2.9470844e+00   3.4265776e+00  -1.8274337e-01
  -4.4802447e+00   8.6209583e-01  -3.7838801e-01
  -2.4958809e+00   2.8109185e+00   8.4852454e-01
  -3.1951647e+00   1.5645539e+00   8.6960577e-01
  -1.5046451e+00   4.3631189e+00   1.1519684e+00
  -3.2770848e+00   6.4455582e-01   1.6803090e+00
  -2.0205039e+00   2.3137561e+00   1.9822779e+00
  -2.2646089e+00   1.4776701e+00   2.4534822e+00
  -1.9186310e+00   3.0300407e+00   1.5105416e+00
  -2.7447866e+00   1.2378567e+00   1.9068660e+00
  -2.1576273e+00   3.2462437e+00   1.0021448e+00
  -3.7562033e+00   3.8362148e-01   1.1812583e+00
  -2.2371495e+00   3.0171468e+00   1.0596149e+00
  -3.5258954e+00   5.8210765e-01   1.3379166e+00
  -2.3376274e+00   3.8715425e+00   3.4305106e-01
  -4.4049143e+00   1.1821310e-01   4.3716153e-01
  -1.9723103e+00   2.8549016e+00   1.5742034e+00
  -2.9214096e+00   1.0286760e+00   1.8430792e+00
  -2.3575908e+00   1.8856831e+00   1.8624955e+00
  -1.3939419e+00   3.7794782e+00   1.6983705e+00
  -2.1539947e+00   2.8103815e+00   1.3420449e+00
  -2.0742971e+00   3.3540146e+00   1.0412772e+00
  -2.4286534e+00   2.8525576e+00   9.1222381e-01
  -2.8295264e+00   2.8898342e+00   3.2654369e-01
  -2.3190223e+00   2.7330967e+00   1.1632626e+00
  -2.3354883e+00   3.2940896e+00   7.2083643e-01
  -2.5293662e+00   3.5756728e+00   2.7274670e-01
  -3.7406903e+00   2.3386238e+00  -5.1416198e-01
  -2.2716802e+00   2.7713818e+00   1.2014547e+00
  -2.3530052e+00   3.1984865e+00   7.6381584e-01
  -1.9058606e+00   3.1039447e+00   1.4704190e+00
  -2.4549337e+00   2.3090822e+00   1.3170296e+00
  -2.2764314e+00   3.0763566e+00   9.5951534e-01
  -3.2176435e+00   1.9074176e+00   5.3707718e-01
  -2.0669880e+00   3.0537704e+00   1.2756360e+00
  -2.6983810e+00   2.2752509e+00   9.8475377e-01
  -2.1996618e+00   3.9294043e+00   4.8978760e-01
  -3.9948495e+00   1.2769032e+00  -4.5504952e-02
  -2.2101128e+00   2.7527994e+00   1.3064860e+00
  -2.5937568e+00   2.3930961e+00   1.0397638e+00
  -2.7648962e+00   2.6728751e+00   5.7387349e-01
  -3.0086889e+00   2.7080795e+00   2.1089751e-01
  -2.8521671e+00   2.3673282e+00   6.8682158e-01
  -2.4008648e+00   3.4997473e+00   4.9308018e-01
  -2.9543253e+00   3.1919877e+00  -4.4855903e-02
  -3.7041798e+00   2.4847172e+00  -5.6620652e-01
  -2.5473848e+00   2.5880691e+00   9.4852258e-01
  -2.4680025e+00   3.0433476e+00   7.1525347e-01
  -3.5290854e+00   1.8777989e+00   1.1789721e-01
  -2.7255879e+00   3.3613414e+00   1.4893554e-01
  -3.9619689e+00   2.4336833e+00  -8.6898534e-01
  -3.9419114e+00   2.8226408e+00  -1.0902811e+00
  -3.6197526e+00   1.7870305e+00   6.3220318e-02
  -2.7565576e+00   3.3871629e+00   9.1442720e-02
  -3.1325369e+00   3.1020901e+00  -2.2167962e-01
  -3.6708125e+00   2.4611033e+00  -5.0610559e-01
  -3.1734872e+00   2.1818292e+00   3.7739726e-01
  -2.9347977e+00   2.7523638e+00   2.8028264e-01
  -4.6970949e+00   9.5811015e-01  -7.6112978e-01
  -3.0764627e+00   3.7910052e+00  -5.6031286e-01
