  -4.2950649e+00   5.9243198e-02   6.7111586e-01
  -3.4493496e+00   1.5472069e+00   5.0836498e-01
  -4.2371925e+00   5.6715158e-02   7.6563883e-01
  -3.1930955e+00   1.7535331e+00   7.0413723e-01
  -3.5157410e+00   8.7015076e-01   1.0484410e+00
  -2.9294992e+00   1.5783616e+00   1.2617616e+00
  -3.9319828e+00  -2.5815525e-01   1.6441538e+00
  -2.1718400e+00   2.3998772e+00   1.6664288e+00
  -3.5823944e+00   1.7133407e+00   1.7582507e-01
  -3.4548039e+00   1.3528465e+00   6.7434609e-01
  -3.9696597e+00   2.6491574e-01   9.6653893e-01
  -3.0523825e+00   1.6561276e+00   1.0009295e+00
  -3.8264595e+00   1.3612957e+00   1.2303724e-01
  -4.1172240e+00   9.1459329e-01   9.6059943e-02
  -4.0067854e+00   1.0253288e+00   1.5715232e-01
  -4.1899205e+00   8.8588338e-01   1.6257254e-02
  -3.7345562e+00   1.7866598e+00  -9.6869581e-02
  -4.2912354e+00   9.0303493e-01  -1.4512689e-01
  -3.5993751e+00   5.6369103e-01   1.2384400e+00
  -3.3535097e+00   8.4119332e-01   1.3371908e+00
  -3.2270399e+00   1.2051289e+00   1.1632699e+00
  -3.4887858e+00   4.7360246e-01   1.5210314e+00
  -3.2663449e+00   4.9783717e-01   1.8702955e+00
  -2.7322283e+00   1.1616092e+00   2.0124692e+00
  -2.6797623e+00   2.4400206e+00   8.7626767e-01
  -3.7220559e+00   1.5293613e-01   1.5019631e+00
  -3.3042683e+00   9.7489859e-01   1.2754344e+00
  -3.3188927e+00   7.7783330e-01   1.4618763e+00
  -3.4687239e+00   1.6294338e+00   4.0906310e-01
  -4.4885359e+00  -1.2423675e-01   5.6394791e-01
  -3.5607582e+00   1.4818526e+00   4.0283343e-01
  -4.6638028e+00  -2.7202565e-01   4.4847180e-01
  -3.2499271e+00   2.2616958e+00   2.0834461e-01
  -4.8407717e+00  -4.5568642e-01   3.7100835e-01
  -2.5171730e+00   1.7450505e+00   1.7473451e+00
  -3.4041472e+00   1.1846657e-01   2.0994177e+00
  -2.8147898e+00   7.0769229e-01   2.4082627e+00
  -2.7445950e+00   6.8079902e-01   2.5700740e+00
  -2.1940237e+00   2.7795676e+00   1.3083230e+00
  -3.5099096e+00   1.1753733e-01   1.9120583e+00
  -2.7620191e+00   1.2845724e+00   1.8275807e+00
  -3.3532307e+00   2.4655811e-01   2.0268861e+00
  -2.7927444e+00   2.3247197e+00   8.0653940e-01
  -4.9055504e+00  -1.0334486e+00   9.4366296e-01
  -2.7378481e+00   2.1763029e+00   1.0103888e+00
  -4.5493502e+00  -6.2868864e-01   1.0447530e+00
  -2.7576750e+00   2.4203613e+00   7.7987043e-01
  -4.5085327e+00  -4.7177336e-01   9.2472145e-01
  -3.2105752e+00   2.6032622e-01   2.2654103e+00
  -2.4164940e+00   1.4864662e+00   2.1840670e+00
  -2.5275103e+00   2.3923885e+00   1.1377257e+00
  -3.1721287e+00   9.8849991e-01   1.4737230e+00
  -3.0246422e+00   1.0058464e+00   1.6965488e+00
  -2.8662534e+00   1.3113782e+00   1.6288558e+00
  -3.0030536e+00   1.9131933e+00   8.4533294e-01
  -3.9996716e+00   4.9596537e-01   6.7526959e-01
  -3.1985098e+00   1.6647524e+00   7.7430688e-01
  -4.2318504e+00   3.2103387e-01   4.9523394e-01
  -2.9058906e+00   2.2979770e+00   6.6541437e-01
  -4.2426805e+00   3.1244467e-01   4.8733299e-01
  -2.2894267e+00   2.8094375e+00   1.1453907e+00
  -3.6809721e+00   1.0034176e-01   1.6351962e+00
  -2.8892485e+00   1.1597451e+00   1.7524807e+00
  -3.1932503e+00   6.3673047e-01   1.8313780e+00
  -2.9233112e+00   2.1037446e+00   7.9970279e-01
  -4.2989684e+00  -7.6160476e-02   8.1305742e-01
  -2.9441434e+00   1.9348935e+00   9.1357378e-01
  -4.3871020e+00  -2.2503278e-01   8.3801336e-01
  -2.9032498e+00   2.3226136e+00   6.4946811e-01
  -4.5648040e+00  -3.3209493e-01   6.7218462e-01
  -3.2411342e+00   9.2896701e-01   1.4253257e+00
  -2.9214707e+00   1.5955333e+00   1.2577497e+00
  -3.1599983e+00   1.8297520e+00   6.8671804e-01
  -3.8607434e+00   9.8455233e-01   4.0946041e-01
  -3.3743599e+00   1.4794456e+00   6.7911026e-01
  -3.9588260e+00   9.6173983e-01   2.8529074e-01
  -3.1838734e+00   2.1999356e+00   3.4853178e-01
  -4.2268119e+00   7.8305142e-01   5.5918379e-02
  -4.2250412e+00   9.5245215e-01  -9.3719603e-02
  -3.9974356e+00   1.3357881e+00  -9.8854978e-02
  -4.4935715e+00   6.0567957e-01  -1.6982097e-01
  -4.2271195e+00   1.1942169e+00  -3.0396648e-01
  -4.2514045e+00   1.3687093e+00  -4.8022852e-01
  -4.4646069e+00   1.0260264e+00  -4.9563136e-01
  -3.6490562e+00   1.4233408e+00   3.2543168e-01
  -4.0632862e+00   8.3051177e-01   2.5247370e-01
  -4.0981775e+00   1.5344003e+00  -4.0082836e-01
  -4.7363444e+00   4.5640935e-01  -3.8370166e-01
  -5.3442664e+00   4.3279813e-01  -1.2112783e+00
  -4.6967288e+00   1.2903168e+00  -1.0232124e+00
