  -3.7623068e+00   9.7670529e-01   5.6414267e-01
  -2.5869380e+00   3.3210753e+00   3.6040814e-01
  -3.9130158e+00   2.6375923e-01   1.0591244e+00
  -2.0761394e+00   3.7029718e+00   7.9889466e-01
  -3.0102467e+00   2.5005373e+00   3.6087179e-01
  -2.3903360e+00   3.3117265e+00   6.3338623e-01
  -3.6104887e+00   8.8247626e-01   8.8796951e-01
  -1.9549883e+00   4.0215433e+00   7.5846949e-01
  -3.1588094e+00   2.5310891e+00   1.3324961e-01
  -2.5934766e+00   3.2110640e+00   4.2540413e-01
  -3.4718399e+00   1.5368751e+00   4.8451489e-01
  -2.5819206e+00   3.2104946e+00   4.4147380e-01
  -3.5715279e+00   2.9383924e+00  -6.8870372e-01
  -4.3433008e+00   2.0636202e+00  -1.1154862e+00
  -3.6236163e+00   2.3254584e+00  -3.4872916e-01
  -3.8200844e+00   2.4524038e+00  -6.9656379e-01
  -3.3587455e+00   3.2370559e+00  -5.9868881e-01
  -4.2427802e+00   2.0791559e+00  -9.9539009e-01
  -3.2149268e+00   8.2534612e-01   1.5806516e+00
  -2.4605076e+00   2.0196036e+00   1.5704682e+00
  -2.5501450e+00   2.9998468e+00   6.3256942e-01
  -3.1776842e+00   1.3265750e+00   1.1205897e+00
  -2.9312467e+00   1.5884224e+00   1.2494287e+00
  -2.5993361e+00   2.0585673e+00   1.3212214e+00
  -2.2541567e+00   3.2684875e+00   8.5131050e-01
  -3.0803564e+00   1.2202540e+00   1.3793636e+00
  -2.7651589e+00   2.2416283e+00   9.1512764e-01
  -3.1044346e+00   1.4459217e+00   1.1185041e+00
  -3.1607416e+00   3.2227032e+00  -3.3460548e-01
  -4.8479809e+00   2.6332011e-01  -3.6698519e-01
  -3.1999806e+00   2.7673485e+00  -8.9274272e-02
  -4.4223316e+00   6.0752817e-01  -6.8035958e-02
  -2.9920050e+00   3.5972932e+00  -3.4283130e-01
  -4.8710340e+00   2.1605100e-01  -3.5622237e-01
  -1.8150568e+00   3.5272899e+00   1.2815168e+00
  -3.1866035e+00   5.7965206e-01   1.9101607e+00
  -2.4363627e+00   1.8888143e+00   1.7337901e+00
  -2.8318219e+00   1.0290713e+00   1.9936791e+00
  -1.6334773e+00   3.7363661e+00   1.3885820e+00
  -3.0323055e+00   6.9577191e-01   2.0385248e+00
  -2.3085220e+00   2.5244346e+00   1.3508249e+00
  -3.2456754e+00   6.3289419e-01   1.7467284e+00
  -2.5114845e+00   3.9818247e+00   5.1702264e-02
  -5.3289415e+00  -9.7289870e-01   1.7939065e-01
  -2.4691338e+00   3.3678591e+00   4.8818898e-01
  -4.4019823e+00  -1.0404797e-01   6.7906548e-01
  -2.4839972e+00   3.6515770e+00   2.8522813e-01
  -4.5724401e+00  -1.5118876e-01   4.6118197e-01
  -2.7603801e+00   1.5251996e+00   1.5796714e+00
  -2.1953003e+00   2.8132000e+00   1.2792709e+00
  -2.0268339e+00   3.2713133e+00   1.1684352e+00
  -2.2760873e+00   2.6385313e+00   1.3032642e+00
  -2.4708465e+00   2.2949325e+00   1.3054759e+00
  -2.4191752e+00   2.6031128e+00   1.1223678e+00
  -2.7497370e+00   3.5012812e+00   2.8823099e-02
  -4.1618231e+00   1.6195393e+00  -5.5407857e-01
  -2.8388224e+00   2.9607235e+00   2.6432384e-01
  -3.8001158e+00   1.8394599e+00  -2.2867241e-01
  -2.5574543e+00   3.6812698e+00   1.7016244e-01
  -4.0950061e+00   1.5206670e+00  -3.8560882e-01
  -1.8159536e+00   3.6404713e+00   1.1998908e+00
  -2.7294664e+00   1.6793041e+00   1.4759949e+00
  -2.4089154e+00   2.3969949e+00   1.3098680e+00
  -2.7560637e+00   1.8503948e+00   1.2725461e+00
  -2.6034587e+00   3.7417148e+00   7.3441140e-02
  -4.4709019e+00   7.7977696e-01  -2.9334152e-01
  -2.4560861e+00   3.2975614e+00   5.5331497e-01
  -3.9578425e+00   9.6268335e-01   2.8587351e-01
  -2.5095314e+00   3.7064403e+00   2.1767256e-01
  -4.4141665e+00   6.6874835e-01  -1.1231311e-01
  -2.8448879e+00   2.0347254e+00   9.7384732e-01
  -2.4992054e+00   2.7484220e+00   8.9173621e-01
  -2.9432464e+00   3.3046562e+00  -1.0206395e-01
  -4.1185496e+00   1.6981813e+00  -5.5533348e-01
  -2.9850902e+00   2.7829679e+00   1.8986976e-01
  -3.6981408e+00   1.9575138e+00  -1.7904487e-01
  -2.9405571e+00   3.4889952e+00  -2.1221896e-01
  -4.2447462e+00   1.5881698e+00  -6.4253948e-01
  -3.9457393e+00   2.5855461e+00  -9.4689277e-01
  -4.4179634e+00   1.8929570e+00  -1.0950408e+00
  -4.1425959e+00   1.8494762e+00  -7.0037905e-01
  -3.9396841e+00   2.3260873e+00  -7.6787684e-01
  -4.0028557e+00   2.6340562e+00  -1.0509085e+00
  -4.4538198e+00   1.9362683e+00  -1.1717325e+00
  -3.4525816e+00   2.5572373e+00  -2.8235033e-01
  -3.8041727e+00   2.0106508e+00  -3.6365917e-01
  -3.6347221e+00   3.0054031e+00  -8.1110218e-01
  -4.6761796e+00   1.2496374e+00  -9.6445936e-01
  -4.9308339e+00   1.8759418e+00  -1.7419322e+00
  -4.7247225e+00   2.1533456e+00  -1.6615175e+00
