  -4.1247370e+00  -1.7009697e-01   1.2065171e+00
  -2.2895826e+00   2.8805440e+00   1.0894188e+00
  -4.0650381e+00   7.8519371e-02   1.0185777e+00
  -2.4915665e+00   2.7620463e+00   8.9210737e-01
  -3.2269481e+00   8.7633009e-01   1.5050755e+00
  -1.6843944e+00   3.0524030e+00   1.8407522e+00
  -3.5245272e+00   1.4789656e-01   1.8483507e+00
  -1.4525152e+00   3.2858521e+00   1.9959042e+00
  -3.4777583e+00   6.8502240e-01   1.3039217e+00
  -1.8698030e+00   2.9692271e+00   1.6322406e+00
  -3.6659086e+00   6.8202341e-01   1.0058552e+00
  -2.5127615e+00   2.5015005e+00   1.0687630e+00
  -3.7037146e+00   5.7099924e-01   1.0626719e+00
  -2.3795111e+00   2.7526295e+00   1.0601086e+00
  -3.7332117e+00   1.0076750e+00   5.7856653e-01
  -3.2287745e+00   2.0633226e+00   3.9343057e-01
  -3.4486718e+00   1.2469733e+00   7.8193861e-01
  -2.7856017e+00   2.3796265e+00   7.7241610e-01
  -3.1921244e+00   8.8634852e-01   1.5512466e+00
  -2.9677900e+00   1.1551890e+00   1.6285509e+00
  -2.7727196e+00   1.3447954e+00   1.7458203e+00
  -2.4000498e+00   1.4531901e+00   2.2488325e+00
  -3.2123096e+00   4.9530474e-01   1.9670074e+00
  -1.9565728e+00   2.1492509e+00   2.2469248e+00
  -2.5019797e+00   1.5189978e+00   2.0058853e+00
  -2.3776781e+00   1.2841444e+00   2.4817289e+00
  -2.9235456e+00   1.2613150e+00   1.5884497e+00
  -2.6464533e+00   1.4198295e+00   1.8732146e+00
  -3.2675907e+00   8.6277402e-01   1.4533953e+00
  -2.8405218e+00   1.3278254e+00   1.6533562e+00
  -3.3640180e+00   1.4184334e+00   7.5002242e-01
  -3.8188982e+00   6.4450774e-01   8.0449609e-01
  -2.9670430e+00   1.7163793e+00   1.0747950e+00
  -3.4280107e+00   7.7942815e-01   1.2828906e+00
  -2.0965814e+00   1.8358022e+00   2.3422220e+00
  -2.4059081e+00   9.0835724e-01   2.9001435e+00
  -2.4713903e+00   1.0319567e+00   2.6210753e+00
  -2.2004201e+00   1.1381368e+00   2.9831084e+00
  -2.0308761e+00   1.8258696e+00   2.4639699e+00
  -2.1982629e+00   1.1224338e+00   3.0075969e+00
  -2.3820089e+00   1.7245491e+00   1.9867984e+00
  -2.9573751e+00   5.7723932e-01   2.3164093e+00
  -2.8266104e+00   1.2895089e+00   1.7162959e+00
  -3.1333201e+00   5.9250560e-01   1.9869786e+00
  -2.7817332e+00   1.8605183e+00   1.2240439e+00
  -3.6587055e+00   3.7039095e-01   1.3560161e+00
  -2.4716064e+00   1.7830146e+00   1.7822962e+00
  -3.0184425e+00   6.8776220e-01   2.0722346e+00
  -2.7936975e+00   5.7953803e-01   2.6118624e+00
  -1.4983194e+00   2.5158145e+00   2.6292393e+00
  -2.4280799e+00   1.4818104e+00   2.1696630e+00
  -1.6623982e+00   2.5121348e+00   2.3641028e+00
  -2.6616327e+00   1.3421657e+00   1.9315259e+00
  -2.1509411e+00   2.2086244e+00   1.8763172e+00
  -2.7390256e+00   1.1865608e+00   1.9731293e+00
  -2.1879009e+00   2.1807844e+00   1.8445664e+00
  -3.0062757e+00   1.5188804e+00   1.2000231e+00
  -3.1415148e+00   1.6466716e+00   8.7548086e-01
  -2.6834639e+00   1.7330003e+00   1.4959904e+00
  -2.7198461e+00   1.8120791e+00   1.3639362e+00
  -2.0188672e+00   1.8912362e+00   2.4132665e+00
  -2.1307048e+00   1.4363449e+00   2.7374159e+00
  -2.5248726e+00   1.5431030e+00   1.9424789e+00
  -2.5600878e+00   1.4092165e+00   2.0277445e+00
  -2.5157885e+00   1.4930514e+00   2.0108052e+00
  -2.5479954e+00   1.4338526e+00   2.0211423e+00
  -2.7105846e+00   1.8756905e+00   1.3187760e+00
  -3.4237685e+00   8.7244738e-01   1.1916084e+00
  -2.6669119e+00   1.7055799e+00   1.5486906e+00
  -2.9816660e+00   1.1774254e+00   1.5823967e+00
  -3.1599193e+00   1.0037101e+00   1.4773288e+00
  -2.1439571e+00   2.7321420e+00   1.4210723e+00
  -3.0615603e+00   9.7769732e-01   1.6663819e+00
  -2.1061149e+00   2.6711478e+00   1.5287069e+00
  -3.2483658e+00   1.3427980e+00   9.9604318e-01
  -3.0597157e+00   2.0276131e+00   6.6513285e-01
  -3.1186311e+00   1.4298644e+00   1.1120245e+00
  -2.6866787e+00   2.3166780e+00   9.6729322e-01
  -3.9831316e+00   3.1800194e-01   8.8759801e-01
  -2.4049322e+00   2.8263405e+00   9.6612494e-01
  -4.2775820e+00   5.0283344e-01   2.4489305e-01
  -3.2303725e+00   2.3442362e+00   1.7294168e-01
  -4.1475206e+00   5.9694502e-01   3.4890318e-01
  -2.8536112e+00   2.6670907e+00   4.5442410e-01
  -3.6555007e+00   1.0944245e+00   6.1356614e-01
  -3.0493654e+00   2.1830155e+00   5.5265089e-01
  -3.6767509e+00   1.0472491e+00   6.2612751e-01
  -3.1717348e+00   1.7507852e+00   7.3799733e-01
  -5.1119604e+00  -1.5808494e-01  -3.4951509e-01
  -3.1922140e+00   2.7416424e+00  -6.1198597e-02
