  -3.8587378e+00   1.0512300e+00   3.5083952e-01
  -2.5649418e+00   3.8611767e+00   5.2659984e-02
  -3.9764688e+00   2.5570206e-01   9.6565545e-01
  -2.0970814e+00   4.2944338e+00   4.0896640e-01
  -3.0259789e+00   2.5653339e+00   2.9083793e-01
  -2.0168010e+00   4.1863832e+00   5.7653379e-01
  -3.2210083e+00   1.8569723e+00   5.7459938e-01
  -1.8567781e+00   4.3866287e+00   6.6958292e-01
  -3.4333522e+00   1.9942021e+00   1.5985973e-01
  -2.6496483e+00   3.7795427e+00  -9.0130484e-03
  -3.4028167e+00   2.8627529e+00  -4.2145458e-01
  -3.5974628e+00   2.9371174e+00  -7.2127520e-01
  -3.4030369e+00   2.4997182e+00  -1.7578588e-01
  -3.0810407e+00   3.4805445e+00  -3.8822454e-01
  -3.6532503e+00   3.1712272e+00  -9.3391334e-01
  -4.3495675e+00   2.5962814e+00  -1.4660856e+00
  -3.2861588e+00   2.7163735e+00  -1.6961738e-01
  -3.2393896e+00   3.3454863e+00  -5.1086652e-01
  -3.2067023e+00   9.3139148e-01   1.4786470e+00
  -2.5723647e+00   2.2204150e+00   1.2182815e+00
  -2.4677257e+00   3.1169278e+00   6.6293580e-01
  -2.8066413e+00   1.9614117e+00   1.0952470e+00
  -2.6876160e+00   2.4722328e+00   8.3906107e-01
  -2.5045682e+00   2.4298077e+00   1.1401601e+00
  -2.7230155e+00   2.6382269e+00   6.5896325e-01
  -3.1510743e+00   1.7113679e+00   8.0330545e-01
  -3.0332390e+00   3.1818515e+00  -1.4231495e-01
  -3.9155603e+00   1.5214440e+00  -1.3694355e-01
  -3.0207407e+00   2.7191443e+00   1.8654975e-01
  -3.5424851e+00   1.6414784e+00   2.9254335e-01
  -3.0865462e+00   3.7725047e+00  -5.6275438e-01
  -4.9641252e+00   4.1955627e-01  -6.7424779e-01
  -2.9326137e+00   3.1593063e+00   5.0678701e-03
  -4.0181500e+00   1.2165210e+00  -2.7152930e-02
  -1.7105499e+00   3.6948437e+00   1.3094283e+00
  -2.9701738e+00   8.4562563e-01   1.9689446e+00
  -2.0689512e+00   2.8366264e+00   1.4458852e+00
  -2.7310064e+00   1.1830968e+00   1.9904789e+00
  -1.9823541e+00   3.1742953e+00   1.3048851e+00
  -3.1397897e+00   8.4197459e-01   1.6868076e+00
  -2.2214062e+00   3.8715716e+00   4.9648344e-01
  -4.1925640e+00   7.3560913e-02   8.1845305e-01
  -2.3620156e+00   3.3914464e+00   6.1774195e-01
  -3.9880656e+00   2.1259560e-01   9.9424168e-01
  -2.3807796e+00   4.3834853e+00  -3.8311650e-03
  -5.0166997e+00  -5.1950624e-01   1.6580740e-01
  -2.3836364e+00   3.2474843e+00   6.8702780e-01
  -3.8061195e+00   5.1854785e-01   9.5531466e-01
  -2.3495797e+00   2.4010274e+00   1.3953157e+00
  -1.8451912e+00   3.4793980e+00   1.2735159e+00
  -2.3669716e+00   2.8098536e+00   1.0332704e+00
  -2.4627907e+00   3.0323237e+00   7.3048946e-01
  -2.4369835e+00   3.5669066e+00   4.0117515e-01
  -3.3917953e+00   2.3766524e+00  -7.2434552e-02
  -2.6256962e+00   2.9624475e+00   5.5489484e-01
  -2.8316360e+00   3.0728588e+00   1.9731287e-01
  -2.8473774e+00   3.8538780e+00  -3.0555457e-01
  -4.3230370e+00   1.9074263e+00  -9.8093572e-01
  -2.5223771e+00   3.2179330e+00   5.1740819e-01
  -3.2809897e+00   2.4660774e+00   1.3542117e-02
  -2.0525233e+00   3.1256622e+00   1.2411627e+00
  -2.7034658e+00   2.1845607e+00   1.0541509e+00
  -2.3208681e+00   3.7101908e+00   4.6495359e-01
  -3.6255172e+00   1.7037627e+00   1.2257371e-01
  -2.4460673e+00   3.2746397e+00   5.8264452e-01
  -3.1320742e+00   2.2675164e+00   3.6863036e-01
  -2.6135087e+00   4.0942500e+00  -1.4219261e-01
  -4.4268933e+00   1.2246691e+00  -6.0618837e-01
  -2.5304035e+00   3.1918383e+00   5.2441119e-01
  -3.4548334e+00   1.9098399e+00   1.9675423e-01
  -2.7573717e+00   3.3693188e+00   1.0172671e-01
  -3.7026752e+00   1.7838648e+00  -5.0282744e-02
  -2.9544718e+00   2.7145031e+00   2.8051500e-01
  -3.1011732e+00   2.4307474e+00   2.8695416e-01
  -2.8141688e+00   3.8318571e+00  -2.5077646e-01
  -4.5557386e+00   9.2939776e-01  -5.4169859e-01
  -2.9833605e+00   2.9254173e+00   9.3341582e-02
  -3.6115395e+00   1.9762875e+00  -7.4134751e-02
  -3.8949215e+00   2.0007197e+00  -4.7892165e-01
  -3.1293975e+00   3.2812443e+00  -3.3014703e-01
  -4.1163051e+00   2.7806782e+00  -1.2849033e+00
  -4.5200643e+00   2.2163820e+00  -1.4432844e+00
  -3.9660464e+00   2.1041321e+00  -6.4862357e-01
  -3.5429254e+00   2.9510647e+00  -6.5977562e-01
  -3.8176134e+00   3.2517353e+00  -1.1862831e+00
  -4.3760869e+00   2.4475190e+00  -1.4077292e+00
  -3.5178480e+00   2.5432076e+00  -3.5960574e-01
  -3.7407890e+00   2.3701420e+00  -5.3615116e-01
  -4.7924426e+00   1.4739517e+00  -1.2864328e+00
  -3.8770622e+00   3.0610522e+00  -1.1509084e+00
