  -3.9357171e+00   1.2082274e+00   9.8245608e-02
  -2.9993860e+00   3.3617362e+00  -2.1092247e-01
  -3.9598208e+00   6.1572988e-01   6.1566883e-01
  -2.6078258e+00   3.6257977e+00   1.3809529e-01
  -2.7963391e+00   3.2805509e+00   1.0713024e-01
  -2.8413290e+00   2.9659937e+00   2.5727521e-01
  -3.2617207e+00   1.8261280e+00   5.4164882e-01
  -2.0545740e+00   3.9125124e+00   6.9329521e-01
  -3.1991491e+00   3.1234288e+00  -3.2239921e-01
  -3.0825874e+00   3.0998158e+00  -1.5454351e-01
  -3.3510836e+00   1.5369059e+00   6.6207863e-01
  -2.1086842e+00   3.7105410e+00   7.4976848e-01
  -3.4225658e+00   2.6808889e+00  -3.2693377e-01
  -3.6673302e+00   2.7356558e+00  -6.8386837e-01
  -3.6048170e+00   2.6721786e+00  -5.6106856e-01
  -3.8989743e+00   2.6583740e+00  -9.3329155e-01
  -3.3611780e+00   3.4752630e+00  -7.4151434e-01
  -3.9925634e+00   2.6575666e+00  -1.0525520e+00
  -3.3303351e+00   1.1272714e+00   1.0794398e+00
  -2.9750324e+00   1.8712334e+00   9.2352926e-01
  -2.5762834e+00   3.5585147e+00   2.2144790e-01
  -3.5831272e+00   1.1403649e+00   6.7928357e-01
  -2.7832572e+00   2.4493573e+00   7.2017859e-01
  -2.8419974e+00   1.8828915e+00   1.1123699e+00
  -2.2671873e+00   3.8791590e+00   4.3123838e-01
  -3.5383190e+00   9.9523572e-01   8.8761301e-01
  -2.8301268e+00   2.1218858e+00   9.2080987e-01
  -2.5882412e+00   2.1526167e+00   1.2539473e+00
  -3.0653044e+00   2.9398678e+00  -2.6245160e-02
  -4.2277122e+00   8.2994568e-01   1.1887138e-02
  -3.1175645e+00   3.1885677e+00  -2.5703055e-01
  -4.5631992e+00   5.4788732e-01  -2.1775275e-01
  -2.8221578e+00   4.0249060e+00  -3.6832712e-01
  -4.7816369e+00   3.1396353e-01  -3.1810780e-01
  -1.8750422e+00   4.0640008e+00   8.3915116e-01
  -3.6123331e+00   3.1549180e-01   1.4962995e+00
  -2.2080941e+00   2.7317000e+00   1.3266987e+00
  -2.9420839e+00   9.1495935e-01   1.9368039e+00
  -1.8434273e+00   4.1223493e+00   8.4530495e-01
  -3.3848454e+00   6.3358445e-01   1.5128674e+00
  -2.1414746e+00   2.5138339e+00   1.6113560e+00
  -2.7237530e+00   1.0475234e+00   2.1572846e+00
  -2.3769196e+00   3.6689208e+00   4.1636328e-01
  -4.6955186e+00  -5.0050396e-01   6.5271018e-01
  -2.3068546e+00   3.8418547e+00   4.0168138e-01
  -4.5182066e+00  -2.3946329e-01   6.4328141e-01
  -2.3181541e+00   4.0541439e+00   2.6011305e-01
  -4.5152330e+00  -1.3776971e-01   5.3653563e-01
  -2.5753565e+00   2.2952143e+00   1.1493024e+00
  -2.2150232e+00   2.9651563e+00   1.1310088e+00
  -2.1485759e+00   3.7823824e+00   6.4959698e-01
  -2.6873996e+00   2.6815859e+00   6.7616464e-01
  -2.4800628e+00   2.1553592e+00   1.4153518e+00
  -1.8204136e+00   3.4023948e+00   1.3652783e+00
  -2.5268177e+00   3.2736252e+00   4.7340668e-01
  -3.4860126e+00   2.1382690e+00  -2.4597453e-02
  -2.6854486e+00   3.3722852e+00   1.9520264e-01
  -3.8440746e+00   1.8558090e+00  -3.0151618e-01
  -2.5200212e+00   3.9723257e+00   4.6158740e-02
  -3.9320900e+00   1.8985154e+00  -4.5350962e-01
  -1.8988112e+00   4.2567939e+00   6.9030754e-01
  -3.2347112e+00   1.5237598e+00   8.4749428e-01
  -2.2923347e+00   2.3661395e+00   1.5124808e+00
  -2.2031889e+00   2.4118774e+00   1.6076378e+00
  -2.4832387e+00   3.4104965e+00   4.4084247e-01
  -3.7783683e+00   1.4071276e+00   1.5281554e-01
  -2.5644156e+00   3.5394339e+00   2.4917081e-01
  -4.0439712e+00   1.1505006e+00  -7.1249317e-03
  -2.5157529e+00   3.9652298e+00   5.5748908e-02
  -4.2465172e+00   1.0372539e+00  -1.9828416e-01
  -2.6627509e+00   2.1571680e+00   1.1383081e+00
  -2.1709261e+00   2.9651166e+00   1.1944816e+00
  -2.7830781e+00   3.1362823e+00   2.1991031e-01
  -3.5256529e+00   2.2033381e+00  -1.2765576e-01
  -2.9828845e+00   3.0804342e+00  -9.9837161e-03
  -3.7983786e+00   2.0300716e+00  -3.7018734e-01
  -2.7798944e+00   3.9059677e+00  -2.4900517e-01
  -4.1159573e+00   1.7670322e+00  -6.0367273e-01
  -3.7916658e+00   2.2635393e+00  -5.2939231e-01
  -3.6764243e+00   2.5337555e+00  -5.6279518e-01
  -4.0443944e+00   2.2975507e+00  -8.8532748e-01
  -4.0714236e+00   2.3028026e+00  -9.2401684e-01
  -3.8658739e+00   3.0624630e+00  -1.1377021e+00
  -4.3965601e+00   2.0066243e+00  -1.1456964e+00
  -3.2726305e+00   2.9992655e+00  -3.3928402e-01
  -3.8313615e+00   2.0044763e+00  -3.9590283e-01
  -3.6832835e+00   3.2654417e+00  -1.0263591e+00
  -4.6111075e+00   1.5395656e+00  -1.0958418e+00
  -5.0190826e+00   2.0674628e+00  -1.9754088e+00
  -4.6373555e+00   2.5037934e+00  -1.7689122e+00
