  -4.5371858e+00  -8.3612499e-01   1.3257465e+00
  -3.3504353e+00   8.7225822e-01   1.3091457e+00
  -4.4682664e+00  -1.3468464e+00   2.1694122e+00
  -2.3228449e+00   1.6159806e+00   2.1999465e+00
  -4.1029512e+00  -2.4915150e-01   1.3379965e+00
  -3.4804585e+00   6.1674118e-01   1.3741025e+00
  -4.2190940e+00  -4.5467469e-01   1.3924481e+00
  -3.2868006e+00   9.0328291e-01   1.3788038e+00
  -4.1514459e+00  -2.5900743e-01   1.2677330e+00
  -3.3130616e+00   7.9268395e-01   1.4552108e+00
  -4.1570738e+00  -5.5659464e-01   1.6312458e+00
  -3.3395079e+00   5.6778664e-01   1.6634027e+00
  -4.2224354e+00  -6.0092169e-01   1.5733002e+00
  -3.1358207e+00   9.3987555e-01   1.5853736e+00
  -4.3185083e+00  -1.1792477e-01   8.2820629e-01
  -4.0152741e+00   3.3234968e-01   8.2130954e-01
  -4.0439534e+00  -3.0328371e-01   1.5058934e+00
  -3.1899844e+00   9.0627141e-01   1.5330714e+00
  -3.6478410e+00  -6.0566072e-01   2.6544907e+00
  -2.5069674e+00   9.1495940e-01   2.7042355e+00
  -3.6815918e+00   1.7283236e-01   1.5470003e+00
  -3.8321470e+00  -9.3034646e-02   1.6113177e+00
  -3.7682900e+00   9.4265410e-02   1.4933007e+00
  -3.5796463e+00   3.5155073e-01   1.5093572e+00
  -3.3063475e+00   4.9212363e-01   1.8082925e+00
  -3.4861812e+00   7.5684123e-02   2.0073981e+00
  -3.6629114e+00  -9.0618646e-02   1.9057033e+00
  -3.2285238e+00   4.7068699e-01   1.9686614e+00
  -3.8152771e+00  -2.8058590e-01   1.8800409e+00
  -3.3648801e+00   3.1830053e-01   1.9170077e+00
  -3.8420691e+00   3.6026633e-01   1.0678104e+00
  -4.3220454e+00  -3.4914301e-01   1.0891585e+00
  -3.5441283e+00   2.4922613e-01   1.6904448e+00
  -3.6577463e+00   4.3372568e-02   1.7453573e+00
  -3.0449572e+00   6.6814304e-01   2.0496554e+00
  -3.7612508e+00  -3.6121016e-01   2.0860814e+00
  -3.1595191e+00   4.7158629e-01   2.0886241e+00
  -3.6004958e+00  -1.3694702e-01   2.0787333e+00
  -2.7751771e+00   9.0065004e-01   2.2414418e+00
  -3.2976648e+00   3.4496536e-02   2.4060763e+00
  -3.0237381e+00   4.4158106e-01   2.3698466e+00
  -3.4223524e+00  -1.3630265e-01   2.4076517e+00
  -3.3671687e+00   1.1231156e-01   2.1742393e+00
  -3.6306609e+00  -2.5812723e-01   2.1865872e+00
  -3.2063370e+00   8.8220689e-01   1.5324417e+00
  -4.1626673e+00  -4.8182143e-01   1.5247940e+00
  -3.0190591e+00   4.5122262e-01   2.3658918e+00
  -3.2414770e+00   1.2091736e-01   2.3934075e+00
  -3.5678402e+00  -2.7964517e-02   1.9948029e+00
  -3.5295568e+00   5.5693133e-02   1.9556297e+00
  -3.1076945e+00   5.8909585e-01   2.0356955e+00
  -3.3280464e+00   1.6152248e-01   2.1809469e+00
  -3.2315913e+00   1.1480827e-01   2.4200369e+00
  -3.1392178e+00   2.3179732e-01   2.4339907e+00
  -3.4337295e+00  -8.3565319e-02   2.3136670e+00
  -3.1436926e+00   3.2811679e-01   2.2988035e+00
  -3.5447612e+00   4.5900448e-01   1.4444170e+00
  -4.0991837e+00  -2.9736297e-01   1.4033828e+00
  -3.2867066e+00   2.8222936e-01   2.1001718e+00
  -3.3709022e+00   1.6275728e-01   2.1020623e+00
  -2.8357607e+00   8.4188567e-01   2.2059369e+00
  -3.5146332e+00  -2.4855660e-01   2.3904759e+00
  -3.1957042e+00   2.2166629e-01   2.3433128e+00
  -3.3335655e+00  -5.7092133e-03   2.3939796e+00
  -3.1640201e+00   2.7617029e-01   2.3295457e+00
  -3.3114174e+00   5.4134812e-02   2.3538223e+00
  -3.1148087e+00   9.2208317e-01   1.6394538e+00
  -4.2018529e+00  -6.2905471e-01   1.6467269e+00
  -3.3364872e+00   2.2908077e-01   2.0788280e+00
  -3.4467088e+00   4.2801915e-02   2.1209937e+00
  -3.6210618e+00  -1.9141592e-01   2.1139042e+00
  -2.9833211e+00   7.5478172e-01   2.0531024e+00
  -3.9084573e+00  -4.2523312e-01   1.9035164e+00
  -2.9420181e+00   1.0290696e+00   1.8081939e+00
  -3.7602934e+00   2.7988804e-01   1.2907510e+00
  -3.8578771e+00   2.5169371e-01   1.1622243e+00
  -3.5850571e+00   5.5206633e-02   1.8579734e+00
  -3.1946256e+00   6.7829349e-01   1.7807098e+00
  -4.5271817e+00  -8.4196411e-01   1.3507700e+00
  -3.1338229e+00   1.1523112e+00   1.3638364e+00
  -4.8672749e+00  -6.1011501e-01   5.0150465e-01
  -3.9761384e+00   7.1360263e-01   4.9422930e-01
  -4.4899003e+00  -6.1710027e-01   1.1309374e+00
  -3.3897557e+00   9.5369116e-01   1.1615333e+00
  -4.0267927e+00   2.0578758e-01   9.3937786e-01
  -3.8030321e+00   5.3348594e-01   9.4445683e-01
  -4.3094439e+00  -4.8067924e-01   1.2697368e+00
  -3.5545435e+00   5.6465943e-01   1.3103221e+00
  -5.6757682e+00  -1.6250685e+00   3.9423278e-01
  -3.4173372e+00   1.6697347e+00   4.4905110e-01
