  -4.1769733e+00  -1.9446829e-01   1.1480680e+00
  -2.6236016e+00   2.3744808e+00   1.0115278e+00
  -4.0828315e+00  -6.1291815e-01   1.8394371e+00
  -1.7833601e+00   2.9300222e+00   1.7945960e+00
  -3.3185587e+00   1.2343795e+00   9.9256643e-01
  -2.4737718e+00   2.3033695e+00   1.2937426e+00
  -3.9320807e+00  -1.5665313e-01   1.5172457e+00
  -2.0492397e+00   2.9312084e+00   1.3981546e+00
  -3.5113708e+00   1.0899252e+00   8.3649946e-01
  -2.4591326e+00   2.3512217e+00   1.2742394e+00
  -3.6927833e+00   3.4953315e-01   1.3233095e+00
  -2.4153918e+00   2.3262340e+00   1.3614976e+00
  -3.8345523e+00   1.7582313e+00  -2.1309210e-01
  -4.2053299e+00   1.2317776e+00  -3.0468331e-01
  -3.8659236e+00   1.1336235e+00   2.6554312e-01
  -3.7257509e+00   1.5265463e+00   1.2698892e-01
  -3.5404161e+00   2.0705207e+00  -4.8132633e-02
  -4.0521762e+00   1.2434919e+00  -9.8599302e-02
  -3.3650940e+00   5.6909112e-03   2.3198186e+00
  -2.1386011e+00   1.6795816e+00   2.4419913e+00
  -2.8514094e+00   1.7012611e+00   1.2654879e+00
  -3.1296809e+00   8.2921950e-01   1.7179781e+00
  -3.3328110e+00   4.7639583e-01   1.7815917e+00
  -2.5328165e+00   1.6262035e+00   1.8427966e+00
  -2.6110943e+00   1.8522753e+00   1.4945019e+00
  -2.8691372e+00   9.0878608e-01   2.0686904e+00
  -2.9515188e+00   1.0832401e+00   1.7328172e+00
  -2.7338224e+00   1.2131522e+00   1.9523642e+00
  -3.4288521e+00   2.0345991e+00   1.3442691e-01
  -4.5936678e+00  -1.0475815e-02   2.7993944e-01
  -3.4776124e+00   1.5282825e+00   4.8358948e-01
  -4.2213227e+00   2.6268332e-01   5.7158884e-01
  -3.1930950e+00   2.4116751e+00   1.7400472e-01
  -4.5466333e+00  -2.5107818e-02   3.6759286e-01
  -2.1499905e+00   2.2226407e+00   1.8644694e+00
  -3.0865164e+00   3.7169494e-01   2.3462070e+00
  -2.7904800e+00   8.4286630e-01   2.2843276e+00
  -2.7582117e+00   8.0161383e-01   2.3923126e+00
  -2.0140157e+00   2.2978719e+00   2.0077629e+00
  -2.7622737e+00   6.2485494e-01   2.6104004e+00
  -2.5297932e+00   1.3357233e+00   2.1598997e+00
  -2.9152628e+00   5.6019435e-01   2.4141454e+00
  -2.8617684e+00   2.6678686e+00   4.4251544e-01
  -5.0035973e+00  -9.1230881e-01   6.3223406e-01
  -2.7844465e+00   2.0982303e+00   1.0084762e+00
  -4.1245418e+00  -1.1516945e-01   1.1423449e+00
  -2.6698316e+00   2.5205047e+00   8.2616192e-01
  -4.1573445e+00  -9.3120076e-02   1.0626097e+00
  -3.1375850e+00   4.3152210e-01   2.1775780e+00
  -2.2839474e+00   1.9273606e+00   1.9392127e+00
  -2.4230020e+00   1.8657285e+00   1.7777288e+00
  -2.2526244e+00   1.8498811e+00   2.0688081e+00
  -2.7035788e+00   1.0953253e+00   2.1366238e+00
  -2.2150566e+00   1.9194117e+00   2.0588253e+00
  -2.9972809e+00   2.3243752e+00   5.1433168e-01
  -4.0561094e+00   8.3618293e-01   2.5780821e-01
  -3.1499834e+00   1.6745734e+00   8.3773021e-01
  -3.6966176e+00   1.0900807e+00   5.5594424e-01
  -2.7661723e+00   2.5161734e+00   6.9203925e-01
  -3.9231566e+00   7.8167248e-01   5.0835857e-01
  -2.1439847e+00   2.2187691e+00   1.8776234e+00
  -2.6803002e+00   9.7965870e-01   2.3130321e+00
  -2.6152586e+00   1.2341512e+00   2.1290189e+00
  -2.5906580e+00   1.2199028e+00   2.1871908e+00
  -2.8420739e+00   2.5761109e+00   5.3875497e-01
  -4.3550522e+00   1.3698959e-01   4.9482238e-01
  -2.7339216e+00   2.0703766e+00   1.1078772e+00
  -3.8809506e+00   3.4113213e-01   1.0260517e+00
  -2.7185727e+00   2.5495118e+00   7.3371668e-01
  -4.2087702e+00   1.1267468e-01   7.5012035e-01
  -3.1335907e+00   7.7240229e-01   1.7757813e+00
  -2.1558472e+00   2.4527482e+00   1.6435418e+00
  -3.2651850e+00   2.0720662e+00   3.3485461e-01
  -3.8837906e+00   1.3776368e+00   2.7194657e-02
  -3.2718222e+00   1.5433532e+00   7.7409817e-01
  -3.5002072e+00   1.5469683e+00   4.3436684e-01
  -3.1735241e+00   2.2650465e+00   3.1239914e-01
  -3.9061114e+00   1.2995595e+00   6.1802216e-02
  -4.1929366e+00   1.4512456e+00  -4.6544392e-01
  -4.2225907e+00   1.4468616e+00  -5.0270242e-01
  -4.4094878e+00   6.1074177e-01  -5.2270141e-02
  -3.7023145e+00   1.8820834e+00  -1.2679127e-01
  -4.2390367e+00   1.4145881e+00  -4.9974587e-01
  -4.0878943e+00   1.6366440e+00  -4.6653570e-01
  -3.7770417e+00   1.2683587e+00   2.7526671e-01
  -3.5812276e+00   1.6439044e+00   2.3502939e-01
  -3.7784943e+00   1.8549439e+00  -2.1086476e-01
  -4.3642589e+00   7.8955587e-01  -1.4926744e-01
  -5.1260105e+00   7.0553321e-01  -1.1398854e+00
  -4.3750247e+00   1.6765799e+00  -8.8350583e-01
