  -4.5703236e+00  -7.7414466e-01   1.1893504e+00
  -3.6256269e+00   5.6977992e-01   1.1893504e+00
  -4.5559208e+00  -9.8210604e-01   1.4847116e+00
  -3.1765004e+00   9.7155970e-01   1.4847116e+00
  -4.3066427e+00  -7.5597942e-01   1.6278672e+00
  -3.2483397e+00   7.3320820e-01   1.6278672e+00
  -4.3587448e+00  -8.7459852e-01   1.6939389e+00
  -3.0097520e+00   1.0307203e+00   1.6939389e+00
  -4.3811176e+00  -5.0781283e-01   1.1811924e+00
  -3.7343317e+00   4.1592260e-01   1.1811924e+00
  -4.3260985e+00   1.1751003e-01   5.6031715e-01
  -4.7437431e+00  -4.8741662e-01   5.6031715e-01
  -4.2912837e+00  -1.0867174e-01   8.6180228e-01
  -4.1057095e+00   1.6102408e-01   8.6180228e-01
  -4.3233451e+00   7.2571962e-01  -3.2383579e-02
  -5.3302629e+00  -7.8399896e-01  -3.2383579e-02
  -4.0999182e+00   2.9775115e-01   7.2452439e-01
  -4.3550091e+00  -7.7290034e-02   7.2452439e-01
  -3.7755486e+00  -2.8309637e-01   1.9549731e+00
  -3.2869709e+00   3.9832300e-01   1.9549731e+00
  -3.8017877e+00  -2.6394825e-01   1.8824473e+00
  -3.6014622e+00   1.2927305e-02   1.8824473e+00
  -3.7617757e+00  -2.1680599e-01   1.8925779e+00
  -3.2265757e+00   5.3658993e-01   1.8925779e+00
  -3.6689447e+00   1.5146725e-01   1.5940899e+00
  -3.8522922e+00  -1.0730294e-01   1.5940899e+00
  -3.8877234e+00   5.7122461e-01   7.7223818e-01
  -4.5675691e+00  -4.2395152e-01   7.7223818e-01
  -3.9679088e+00   9.9540961e-02   1.1536699e+00
  -4.2127273e+00  -2.4971344e-01   1.1536699e+00
  -3.7656485e+00   1.2822928e+00   2.7955163e-01
  -5.6187142e+00  -1.4549977e+00   2.7955163e-01
  -3.7307849e+00   7.3328147e-01   8.5136758e-01
  -4.6949717e+00  -6.6980046e-01   8.5136758e-01
  -3.0674138e+00   3.4828202e-01   2.4117718e+00
  -3.5989942e+00  -3.7660146e-01   2.4117718e+00
  -3.2279872e+00   1.1374654e-01   2.4281880e+00
  -3.3266449e+00  -2.1183413e-02   2.4281880e+00
  -2.9580623e+00   6.9990347e-01   2.1631744e+00
  -3.7238929e+00  -3.6704154e-01   2.1631744e+00
  -3.1559819e+00   1.1516605e+00   1.3292300e+00
  -4.7843890e+00  -1.1692287e+00   1.3292300e+00
  -3.3780064e+00   6.3713630e-01   1.5202204e+00
  -4.5834323e+00  -1.0450091e+00   1.5202204e+00
  -3.0665150e+00   1.9021194e+00   7.6150765e-01
  -5.5333348e+00  -1.7254283e+00   7.6150765e-01
  -3.1954343e+00   9.6003871e-01   1.4662706e+00
  -4.3248543e+00  -6.5744585e-01   1.4662706e+00
  -3.5959598e+00  -3.8535713e-01   2.4301212e+00
  -3.2331702e+00   1.0520624e-01   2.4301212e+00
  -3.3412787e+00   3.3058194e-01   1.9431953e+00
  -3.7756613e+00  -2.7435712e-01   1.9431953e+00
  -3.3624245e+00   8.8874174e-01   1.2725196e+00
  -4.6243200e+00  -9.1240118e-01   1.2725196e+00
  -3.6190999e+00   2.8578821e-01   1.5195383e+00
  -4.0915763e+00  -3.7998710e-01   1.5195383e+00
  -3.5881092e+00   1.3133234e+00   5.1222329e-01
  -5.5123226e+00  -1.5025141e+00   5.1222329e-01
  -3.3498744e+00   8.4299647e-01   1.3411380e+00
  -4.5149688e+00  -8.1804025e-01   1.3411380e+00
  -3.0406814e+00   6.1478458e-01   2.1217923e+00
  -3.8963427e+00  -5.6842006e-01   2.1217923e+00
  -3.2560192e+00   1.0387735e+00   1.2861499e+00
  -4.7414505e+00  -1.0797309e+00   1.2861499e+00
  -3.3908414e+00   6.5206002e-01   1.4823181e+00
  -4.2199257e+00  -5.2693478e-01   1.4823181e+00
  -3.2981585e+00   1.6442891e+00   6.4511695e-01
  -5.4387853e+00  -1.5105864e+00   6.4511695e-01
  -3.3380642e+00   8.6248640e-01   1.3394404e+00
  -4.5300526e+00  -8.3709018e-01   1.3394404e+00
  -3.7095391e+00   6.2670734e-01   9.9460596e-01
  -4.6249747e+00  -6.9183316e-01   9.9460596e-01
  -3.8994347e+00   9.2152735e-02   1.2754149e+00
  -4.0541567e+00  -1.2837954e-01   1.2754149e+00
  -3.5046712e+00   1.3753072e+00   5.7972445e-01
  -5.4052209e+00  -1.4137796e+00   5.7972445e-01
  -3.7918509e+00   5.3466388e-01   9.6093119e-01
  -4.4887468e+00  -4.7470264e-01   9.6093119e-01
  -4.7956245e+00  -5.8482203e-01   5.8772013e-01
  -3.9947340e+00   5.9010034e-01   5.8772013e-01
  -4.8020610e+00   2.9584213e-01  -3.3082016e-01
  -5.3530655e+00  -5.3357033e-01  -3.3082016e-01
  -4.7230344e+00  -2.3842156e-01   3.1974412e-01
  -4.3794141e+00   2.7134873e-01   3.1974412e-01
  -4.3933657e+00   8.6033916e-01  -2.5358161e-01
  -5.1546900e+00  -3.1835556e-01  -2.5358161e-01
  -4.3491553e+00   1.2005830e-01   5.2170097e-01
  -4.6640680e+00  -3.3920213e-01   5.2170097e-01
  -5.5641147e+00  -8.9811623e-01  -2.6709045e-01
  -4.5542003e+00   6.1652678e-01  -2.6709045e-01
