  -3.6977210e+00   4.4522195e-01   1.2084540e+00
  -1.6920346e+00   4.4540485e+00   8.4719416e-01
  -3.9577764e+00   8.3521959e-01   4.0502285e-01
  -2.7901345e+00   3.8025858e+00  -2.0331095e-01
  -2.9290619e+00   3.0782764e+00   6.3126733e-02
  -2.3896093e+00   3.9991891e+00   1.9930553e-01
  -3.1083749e+00   1.9183286e+00   6.8642020e-01
  -2.1129116e+00   4.1320301e+00   4.8241501e-01
  -3.2354834e+00   2.1220678e+00   3.3710795e-01
  -2.4099589e+00   3.8918700e+00   2.3606125e-01
  -3.2799706e+00   2.5221876e+00  -2.5471343e-02
  -3.4438185e+00   2.7670631e+00  -4.1253526e-01
  -3.3052005e+00   2.4967411e+00  -4.1477731e-02
  -3.1112409e+00   3.5013276e+00  -4.3918327e-01
  -3.4807608e+00   3.3891862e+00  -8.4294564e-01
  -4.4190190e+00   2.5344340e+00  -1.5154130e+00
  -3.1712588e+00   2.7352482e+00  -2.8619107e-02
  -3.0789133e+00   3.5450047e+00  -4.2345323e-01
  -3.1100384e+00   1.5934442e+00   9.7139114e-01
  -3.3016162e+00   1.5573718e+00   7.1711719e-01
  -2.2544624e+00   3.7276928e+00   5.4251345e-01
  -3.1921709e+00   1.5100467e+00   9.2423390e-01
  -2.7629427e+00   2.3469051e+00   8.3155248e-01
  -2.7689326e+00   2.2574425e+00   8.9644153e-01
  -2.4271188e+00   2.8102076e+00   9.4688590e-01
  -2.9528694e+00   1.6688997e+00   1.1402655e+00
  -2.8890907e+00   2.8932425e+00   2.4299844e-01
  -3.6427023e+00   1.5870999e+00   1.9473206e-01
  -2.8315865e+00   2.8254599e+00   3.6948221e-01
  -3.6719373e+00   1.3877277e+00   3.2325989e-01
  -3.0371863e+00   3.8398043e+00  -5.3782091e-01
  -5.0260049e+00   4.1523478e-01  -7.5730482e-01
  -2.5682871e+00   3.2760718e+00   4.1558997e-01
  -3.8439906e+00   1.0896110e+00   3.3752620e-01
  -1.5956882e+00   4.1897996e+00   1.1371850e+00
  -3.2378900e+00   6.5645032e-01   1.7327099e+00
  -2.1121234e+00   2.7772389e+00   1.4308957e+00
  -3.0234426e+00   9.6246506e-01   1.7463872e+00
  -1.9606334e+00   3.0938749e+00   1.3985053e+00
  -2.7941926e+00   1.2271575e+00   1.8364732e+00
  -2.1922847e+00   3.3935903e+00   8.4912046e-01
  -3.9021903e+00   2.9406618e-01   1.0432729e+00
  -2.2807465e+00   3.3930933e+00   7.2769194e-01
  -4.0556453e+00   1.7852909e-01   9.2288733e-01
  -2.4131163e+00   4.3099137e+00  -5.3228638e-03
  -4.9428664e+00  -3.1024216e-01   5.7225532e-02
  -2.0753761e+00   3.2760353e+00   1.0962603e+00
  -3.5450299e+00   6.1452048e-01   1.2712794e+00
  -2.4582908e+00   2.3453008e+00   1.2806000e+00
  -2.2267216e+00   3.2483371e+00   9.0389094e-01
  -2.1628135e+00   2.9115465e+00   1.2481886e+00
  -2.1384154e+00   3.3023029e+00   9.8859300e-01
  -2.5125356e+00   2.9840605e+00   6.9625524e-01
  -2.9971301e+00   2.8564611e+00   1.2218526e-01
  -2.3719411e+00   3.0934052e+00   8.1289916e-01
  -2.8866983e+00   2.8874604e+00   2.5029128e-01
  -2.6581128e+00   3.9401754e+00  -1.1286455e-01
  -4.2837745e+00   1.9472979e+00  -9.5744691e-01
  -2.3551982e+00   3.2269401e+00   7.4065762e-01
  -3.0318237e+00   2.7479478e+00   1.5103771e-01
  -1.9468275e+00   3.2114382e+00   1.3276661e+00
  -2.5700832e+00   2.2147490e+00   1.2266378e+00
  -2.3004982e+00   3.2568330e+00   7.9526508e-01
  -3.4053991e+00   1.7451787e+00   4.0236283e-01
  -2.1712697e+00   3.3671745e+00   8.9669564e-01
  -3.2349730e+00   1.9052424e+00   5.1389603e-01
  -2.3458015e+00   4.2808949e+00   9.6250187e-02
  -4.5354566e+00   8.8249584e-01  -4.7362238e-01
  -2.2111929e+00   3.2558487e+00   9.2018342e-01
  -3.2731361e+00   1.8262108e+00   5.2504722e-01
  -2.8044158e+00   2.8799933e+00   3.6786226e-01
  -3.2317378e+00   2.6032702e+00  -1.7810222e-02
  -2.8892254e+00   2.7323739e+00   3.5729084e-01
  -2.9075001e+00   3.2154367e+00   1.9084755e-03
  -3.0401872e+00   3.5979598e+00  -4.0484090e-01
  -4.2369748e+00   2.1600120e+00  -1.0429134e+00
  -2.6498954e+00   3.0375495e+00   4.6832408e-01
  -3.1309940e+00   2.6863237e+00   5.9936827e-02
  -3.6523078e+00   2.1595575e+00  -2.6765934e-01
  -3.2437239e+00   3.0399336e+00  -3.2753978e-01
  -4.0223235e+00   2.8569724e+00  -1.2125526e+00
  -4.4849786e+00   2.3633713e+00  -1.4923770e+00
  -3.7109356e+00   2.2334265e+00  -4.0023163e-01
  -3.4219951e+00   2.9395458e+00  -4.9592997e-01
  -3.2648330e+00   3.4492256e+00  -6.0452318e-01
  -4.1902045e+00   2.0861964e+00  -9.3155970e-01
  -3.2095545e+00   2.6799183e+00  -4.1707739e-02
  -3.6358331e+00   2.1762017e+00  -2.5753191e-01
  -4.7609833e+00   1.4410726e+00  -1.2211712e+00
  -3.7879894e+00   3.2248710e+00  -1.1340999e+00
