  -4.1483183e+00   5.6003037e-01   3.8367641e-01
  -3.1874129e+00   2.4439583e+00   1.5788933e-01
  -4.1433637e+00   1.0183973e+00  -3.4414510e-02
  -3.7534996e+00   2.0428541e+00  -3.1881702e-01
  -3.2889766e+00   1.5361253e+00   7.5504332e-01
  -2.4713563e+00   2.6729887e+00   9.9064690e-01
  -3.3986633e+00   1.0525343e+00   1.0473980e+00
  -2.3138570e+00   2.7781178e+00   1.1348361e+00
  -3.6088253e+00   1.0721683e+00   7.0512808e-01
  -2.4662039e+00   2.7444305e+00   9.4197522e-01
  -3.8232964e+00   1.5889606e+00  -6.2507046e-02
  -3.7869747e+00   1.8265803e+00  -2.0062277e-01
  -3.7510701e+00   8.2517488e-01   7.2799125e-01
  -2.6792801e+00   2.7171237e+00   6.6069137e-01
  -3.8530513e+00   1.6119778e+00  -1.2279661e-01
  -4.0966482e+00   1.6057128e+00  -4.5454468e-01
  -3.5753887e+00   1.6655727e+00   2.2529891e-01
  -3.2480767e+00   2.3121110e+00   1.7263370e-01
  -3.2454121e+00   1.8426689e+00   5.5130377e-01
  -4.2034075e+00   3.1632192e-01   5.4394548e-01
  -2.8055629e+00   2.0509488e+00   1.0181069e+00
  -3.2006388e+00   9.5681524e-01   1.4612658e+00
  -3.2558528e+00   1.2512195e+00   1.0730048e+00
  -2.7868736e+00   1.7192664e+00   1.3480940e+00
  -2.6066495e+00   1.9262921e+00   1.4315766e+00
  -2.9701440e+00   9.4201709e-01   1.8585377e+00
  -3.1105551e+00   2.0755168e+00   5.5226749e-01
  -3.8687769e+00   6.5986756e-01   7.1158381e-01
  -3.3078272e+00   1.1378826e+00   1.1039867e+00
  -3.1884432e+00   1.1610486e+00   1.2682123e+00
  -3.4557175e+00   2.0664660e+00   7.2218332e-02
  -4.7115266e+00   5.3687176e-02   3.5927880e-02
  -3.0092418e+00   2.2229988e+00   5.7780736e-01
  -3.9473320e+00   4.7136973e-01   7.8218794e-01
  -2.1133903e+00   2.5451490e+00   1.6265369e+00
  -3.1984858e+00   3.8548869e-01   2.1269836e+00
  -2.4076941e+00   1.8687584e+00   1.7991477e+00
  -3.0123034e+00   6.2788466e-01   2.1556954e+00
  -2.2021076e+00   2.1659260e+00   1.8363436e+00
  -2.7439676e+00   8.5739669e-01   2.3488846e+00
  -2.4815984e+00   2.7115596e+00   9.4557398e-01
  -4.1692604e+00  -1.9978058e-01   1.1671921e+00
  -2.9051028e+00   1.5180058e+00   1.3582033e+00
  -3.4446643e+00   4.5899538e-01   1.6119239e+00
  -2.8892121e+00   2.4802764e+00   5.4574387e-01
  -4.5150431e+00  -1.9579700e-01   6.0011143e-01
  -2.4909581e+00   2.2692357e+00   1.2977130e+00
  -3.5285207e+00   3.5228960e-01   1.5946854e+00
  -2.6499431e+00   1.4555848e+00   1.8296554e+00
  -2.3293452e+00   2.0393594e+00   1.7569757e+00
  -2.5888829e+00   1.8470947e+00   1.5340980e+00
  -2.2392165e+00   2.3336167e+00   1.6227741e+00
  -2.8259591e+00   2.2176793e+00   8.4639490e-01
  -3.4069438e+00   1.5369185e+00   5.7962750e-01
  -2.7451371e+00   1.4807524e+00   1.6491977e+00
  -2.5301444e+00   2.0278568e+00   1.4551026e+00
  -3.0369224e+00   2.2127489e+00   5.4653034e-01
  -4.0696089e+00   1.0413140e+00   5.1698151e-02
  -2.7851460e+00   2.2053984e+00   9.1623224e-01
  -3.2552747e+00   1.6241382e+00   7.2624740e-01
  -2.1828994e+00   2.2590902e+00   1.7785010e+00
  -2.7163668e+00   1.1753760e+00   2.0238117e+00
  -2.7028295e+00   2.4105138e+00   8.6680257e-01
  -3.7766174e+00   7.2258311e-01   7.9098803e-01
  -2.5385269e+00   1.7573907e+00   1.7009756e+00
  -2.8598882e+00   1.2796731e+00   1.6724419e+00
  -2.8232998e+00   2.4913521e+00   6.3030808e-01
  -4.2862029e+00   3.5778543e-01   3.7483798e-01
  -2.7832785e+00   2.1414930e+00   9.7307685e-01
  -3.4835962e+00   9.9356829e-01   9.7402716e-01
  -3.3168877e+00   1.9184424e+00   3.8549047e-01
  -3.4256321e+00   2.0486614e+00   1.2794082e-01
  -3.0530936e+00   1.3249887e+00   1.3167292e+00
  -2.5040061e+00   2.4452517e+00   1.1280930e+00
  -3.3841969e+00   1.9434621e+00   2.6951452e-01
  -3.9688728e+00   1.5150699e+00  -2.0627670e-01
  -3.1779701e+00   1.9162113e+00   5.8707276e-01
  -3.2054680e+00   2.0923311e+00   4.0324655e-01
  -4.0155295e+00   5.3258754e-01   6.1354624e-01
  -2.6664079e+00   2.7314344e+00   6.6799803e-01
  -4.3596973e+00   1.1618144e+00  -4.6220476e-01
  -4.1603522e+00   1.7613079e+00  -6.5914825e-01
  -4.1791958e+00   1.0990213e+00  -1.5572763e-01
  -3.3884313e+00   2.3759629e+00  -6.7355915e-02
  -3.6950233e+00   1.7416604e+00  -5.9445835e-03
  -3.8974650e+00   1.6048122e+00  -1.7897823e-01
  -3.7676330e+00   1.5139627e+00   7.7908333e-02
  -3.7102529e+00   1.5081459e+00   1.6459285e-01
  -5.2033058e+00   2.9462876e-01  -8.9923378e-01
  -3.7244880e+00   2.5378404e+00  -6.2859955e-01
