  -4.0395954e+00   1.0528980e-01   1.0299453e+00
  -2.1147978e+00   3.4333678e+00   9.2864102e-01
  -3.9811743e+00   2.6467535e-01   9.4832768e-01
  -2.3220711e+00   3.3125347e+00   7.2648677e-01
  -3.0379025e+00   1.4301839e+00   1.2367110e+00
  -1.4715867e+00   3.6347315e+00   1.6935753e+00
  -3.3623389e+00   4.9573763e-01   1.7084566e+00
  -1.2528666e+00   3.8419997e+00   1.8558197e+00
  -3.3198487e+00   1.0653607e+00   1.1579490e+00
  -1.6810329e+00   3.5281771e+00   1.4714591e+00
  -3.5795114e+00   8.9822603e-01   9.2029454e-01
  -2.3151532e+00   3.0639342e+00   9.1411910e-01
  -3.5245252e+00   1.0625021e+00   8.4295542e-01
  -2.2011830e+00   3.3250102e+00   8.8488060e-01
  -3.6931913e+00   1.2945246e+00   3.7448033e-01
  -3.0577624e+00   2.6293936e+00   2.0034424e-01
  -3.2326689e+00   1.8429424e+00   5.6954967e-01
  -2.5949058e+00   2.9604121e+00   5.9895926e-01
  -3.1118733e+00   1.0653698e+00   1.4897566e+00
  -2.8544819e+00   1.4433125e+00   1.5123410e+00
  -2.5762362e+00   1.9049610e+00   1.4987256e+00
  -2.2679100e+00   1.7628253e+00   2.1344105e+00
  -3.0834183e+00   8.2119471e-01   1.8047359e+00
  -1.8337928e+00   2.4657274e+00   2.1338078e+00
  -2.3339660e+00   1.9034446e+00   1.8826896e+00
  -2.2530367e+00   1.5696519e+00   2.3691630e+00
  -2.8286395e+00   1.4663477e+00   1.5302387e+00
  -2.5285105e+00   1.7223802e+00   1.7519174e+00
  -3.0831640e+00   1.3520794e+00   1.2426772e+00
  -2.7244325e+00   1.6308915e+00   1.5313441e+00
  -3.3324555e+00   1.7000571e+00   5.4640770e-01
  -3.7079805e+00   9.4874321e-01   6.7311300e-01
  -2.7601757e+00   2.3028822e+00   8.7159741e-01
  -3.3125492e+00   1.0810420e+00   1.1535753e+00
  -1.8871360e+00   2.3958758e+00   2.1156544e+00
  -2.2956418e+00   1.1081662e+00   2.8453289e+00
  -2.3177689e+00   1.3679301e+00   2.4881407e+00
  -2.0945220e+00   1.3347506e+00   2.9276935e+00
  -1.8568718e+00   2.2095795e+00   2.3490786e+00
  -2.0935708e+00   1.3176011e+00   2.9510298e+00
  -2.2909735e+00   1.9501024e+00   1.9052292e+00
  -2.8540549e+00   7.7388338e-01   2.2561809e+00
  -2.6385400e+00   1.7927884e+00   1.5086050e+00
  -3.0301093e+00   8.0191560e-01   1.9173070e+00
  -2.7383844e+00   2.1478431e+00   1.0339695e+00
  -3.5680585e+00   5.6950703e-01   1.2829725e+00
  -2.2564094e+00   2.3325292e+00   1.5973759e+00
  -2.9256025e+00   8.8115573e-01   2.0039457e+00
  -2.6183743e+00   9.3550416e-01   2.4765660e+00
  -1.2681480e+00   3.0505126e+00   2.4855981e+00
  -2.2604003e+00   1.8596694e+00   2.0460304e+00
  -1.4320373e+00   3.0622098e+00   2.2179545e+00
  -2.5639005e+00   1.5567937e+00   1.8641716e+00
  -1.9353140e+00   2.7500119e+00   1.7186074e+00
  -2.5419832e+00   1.6819710e+00   1.7710351e+00
  -1.9747498e+00   2.7261384e+00   1.6794705e+00
  -2.9608776e+00   1.8155686e+00   9.9412802e-01
  -2.9415368e+00   2.1946713e+00   6.9791809e-01
  -2.4803785e+00   2.2954019e+00   1.2907683e+00
  -2.5128238e+00   2.3528650e+00   1.1929046e+00
  -1.8367402e+00   2.2819987e+00   2.3087698e+00
  -1.9171745e+00   1.8822824e+00   2.5959011e+00
  -2.4367533e+00   1.7475346e+00   1.8741663e+00
  -2.3593178e+00   1.8683456e+00   1.8770430e+00
  -2.3390380e+00   1.9759161e+00   1.8030953e+00
  -2.3548422e+00   1.8858279e+00   1.8667597e+00
  -2.6680888e+00   2.1592908e+00   1.1285036e+00
  -3.2455781e+00   1.3155803e+00   1.0264340e+00
  -2.4627848e+00   2.2623490e+00   1.3461555e+00
  -2.7938677e+00   1.6314657e+00   1.4216249e+00
  -3.0617516e+00   1.2226360e+00   1.4065607e+00
  -1.9518862e+00   3.2131021e+00   1.3191240e+00
  -2.8706599e+00   1.4699305e+00   1.4599417e+00
  -1.9120932e+00   3.1459376e+00   1.4283834e+00
  -3.2166791e+00   1.6204999e+00   7.8682076e-01
  -2.8877945e+00   2.4840868e+00   5.4480726e-01
  -2.9023331e+00   2.0086726e+00   9.1140780e-01
  -2.5098381e+00   2.7803429e+00   8.5205897e-01
  -3.8186424e+00   7.8908542e-01   6.6003391e-01
  -2.2805114e+00   3.1893870e+00   8.7117027e-01
  -4.2446995e+00   7.7500779e-01   3.7162817e-02
  -3.1135984e+00   2.7093900e+00   6.7259444e-02
  -3.9513978e+00   1.1575250e+00   1.2001094e-01
  -2.7383905e+00   3.0294073e+00   3.5319645e-01
  -3.6249278e+00   1.3642033e+00   4.1253827e-01
  -2.9286109e+00   2.5612049e+00   4.2899856e-01
  -3.4582346e+00   1.6444551e+00   4.1141414e-01
  -3.0347895e+00   2.1281939e+00   6.1802018e-01
  -4.9218148e+00   4.1361288e-01  -6.0929296e-01
  -3.0794505e+00   3.1535653e+00  -1.8494018e-01
