  -4.1938702e+00   5.8731797e-01   2.8862481e-01
  -3.1055882e+00   2.7246914e+00   6.7356354e-02
  -4.0980362e+00   1.0972778e+00  -3.8367792e-02
  -3.6756138e+00   2.3226301e+00  -4.1631040e-01
  -3.1976633e+00   2.0756401e+00   4.2773656e-01
  -2.3709259e+00   2.9678823e+00   9.0687980e-01
  -3.4070330e+00   1.1424881e+00   9.4563577e-01
  -2.2202965e+00   3.0545031e+00   1.0553799e+00
  -3.5536808e+00   1.2283387e+00   6.4125225e-01
  -2.3763748e+00   3.0273965e+00   8.5497875e-01
  -3.8524881e+00   1.5577323e+00  -7.8059922e-02
  -3.6974865e+00   2.1109580e+00  -2.9317728e-01
  -3.6996030e+00   1.0553843e+00   5.8403293e-01
  -2.5914763e+00   3.0110575e+00   5.6737484e-01
  -3.8778714e+00   1.7377728e+00  -2.5689125e-01
  -4.0159189e+00   1.8917861e+00  -5.6162775e-01
  -3.5012607e+00   1.9304446e+00   1.1508171e-01
  -3.1559745e+00   2.6102526e+00   8.0023116e-02
  -3.2086722e+00   1.9101776e+00   5.4772473e-01
  -4.1511501e+00   4.6017517e-01   4.7827364e-01
  -2.7168990e+00   2.5962949e+00   6.9978734e-01
  -3.1378026e+00   1.1121684e+00   1.3989578e+00
  -3.2772488e+00   1.3362571e+00   9.5808110e-01
  -2.7294264e+00   1.8795058e+00   1.2863965e+00
  -2.5482895e+00   2.0847721e+00   1.3752091e+00
  -2.9105008e+00   1.0849099e+00   1.7989807e+00
  -3.1274886e+00   2.0504680e+00   5.4847038e-01
  -3.8140677e+00   8.1366819e-01   6.4289439e-01
  -3.2476425e+00   1.3775371e+00   9.6409182e-01
  -3.1325809e+00   1.3130588e+00   1.2039600e+00
  -3.4824461e+00   2.1923097e+00  -6.0339021e-02
  -4.6592206e+00   2.0533452e-01  -3.5391430e-02
  -2.9152479e+00   2.5139120e+00   4.8340615e-01
  -3.8915384e+00   6.2203540e-01   7.1457086e-01
  -2.0242850e+00   3.0899813e+00   1.3092692e+00
  -3.1446980e+00   4.8897351e-01   2.0932700e+00
  -2.4178081e+00   1.9601367e+00   1.6938437e+00
  -2.9612848e+00   7.2898381e-01   2.1223223e+00
  -2.1530228e+00   2.3147885e+00   1.7732645e+00
  -2.6931178e+00   9.5812768e-01   2.3163832e+00
  -2.5175605e+00   2.6741230e+00   9.2334574e-01
  -4.1204078e+00  -9.8336519e-02   1.1296099e+00
  -2.8364619e+00   1.7695354e+00   1.2245171e+00
  -3.3927743e+00   5.6748219e-01   1.5743438e+00
  -2.9119543e+00   2.6086366e+00   4.1673844e-01
  -4.4713806e+00  -9.3464213e-02   5.5768003e-01
  -2.3951063e+00   2.5375815e+00   1.2115354e+00
  -3.4825366e+00   4.5167500e-01   1.5566716e+00
  -2.6725590e+00   1.5356043e+00   1.7098693e+00
  -2.2205712e+00   2.3104647e+00   1.6725377e+00
  -2.5359974e+00   2.0033171e+00   1.4688223e+00
  -2.1301146e+00   2.6152441e+00   1.5404131e+00
  -2.8491074e+00   2.1880136e+00   8.3736972e-01
  -3.3080034e+00   1.8144167e+00   4.8457682e-01
  -2.6801982e+00   1.7220771e+00   1.5117066e+00
  -2.4242206e+00   2.3042195e+00   1.3674856e+00
  -3.0613885e+00   2.3475698e+00   4.0588837e-01
  -3.9738991e+00   1.3177310e+00  -5.0314117e-02
  -2.7048386e+00   2.4706494e+00   8.1557175e-01
  -3.1550385e+00   1.9017321e+00   6.3254725e-01
  -2.1284382e+00   2.4130686e+00   1.7212997e+00
  -2.6153952e+00   1.3992081e+00   1.9465845e+00
  -2.7268727e+00   2.3801449e+00   8.5667885e-01
  -3.6851065e+00   9.5509188e-01   7.0178225e-01
  -2.4700454e+00   2.0017310e+00   1.5724573e+00
  -2.7656709e+00   1.5048313e+00   1.5917917e+00
  -2.8511645e+00   2.6125307e+00   4.9853455e-01
  -4.2020243e+00   5.8136707e-01   2.8214890e-01
  -2.6989963e+00   2.4087064e+00   8.7380893e-01
  -3.3935992e+00   1.2249201e+00   8.8660493e-01
  -3.3377819e+00   1.8888256e+00   3.7994582e-01
  -3.3314674e+00   2.3131043e+00   5.6822855e-02
  -2.9851884e+00   1.5681985e+00   1.1854781e+00
  -2.4033427e+00   2.6972874e+00   1.0695572e+00
  -3.4061977e+00   2.0736520e+00   1.3559409e-01
  -3.8821079e+00   1.7630316e+00  -2.8234991e-01
  -3.0823489e+00   2.1980265e+00   4.9363181e-01
  -3.1144307e+00   2.3443461e+00   3.3406139e-01
  -3.9442648e+00   7.8463807e-01   4.7363511e-01
  -2.6050902e+00   2.9137532e+00   6.1864862e-01
  -4.3737057e+00   1.2934093e+00  -5.8822517e-01
  -4.1049801e+00   1.9442584e+00  -7.1902177e-01
  -4.0764392e+00   1.3844525e+00  -2.5020801e-01
  -3.3322043e+00   2.5598398e+00  -1.2278960e-01
  -3.7129098e+00   1.8716978e+00  -1.3337880e-01
  -3.8405190e+00   1.7918874e+00  -2.4749622e-01
  -3.6743494e+00   1.8008920e+00  -2.4276967e-02
  -3.6455390e+00   1.6976270e+00   9.9281050e-02
  -5.1369113e+00   5.5782910e-01  -1.0328990e+00
  -3.6706708e+00   2.7471856e+00  -6.9561771e-01
