   1.5015214e+00   1.6934333e+01   1.7147385e+00
   1.7499380e+00   1.7749134e+01   1.9327606e+00
   1.8971069e+00   1.6314668e+01   2.1573615e+00
   1.5574883e+00   1.7878641e+01   1.7302136e+00
   1.7473541e+00   2.0289617e+01   1.8489735e+00
   2.6112276e+00   2.0867094e+01   2.7120347e+00
   1.5860448e+00   1.9405987e+01   1.7079005e+00
   2.9675390e+00   1.9720718e+01   3.1063107e+00
   1.7073946e+00   2.0612579e+01   1.8011917e+00
   1.7602610e+00   1.7682004e+01   1.9462151e+00
   1.5157757e+00   1.3686649e+01   1.9695198e+00
   2.9802627e+00   2.0789296e+01   3.0888522e+00
   1.5991580e+00   1.9358444e+01   1.7225816e+00
   8.6492460e-01   1.6707712e+01   1.0712454e+00
   1.2831670e+00   1.9256809e+01   1.4042068e+00
   1.5372260e+00   1.6877437e+01   1.7543387e+00
   1.3458220e+00   2.1697583e+01   1.4153377e+00
   1.0308501e+00   1.9602669e+01   1.1389441e+00
   2.6198995e+00   1.6253434e+01   2.9139194e+00
   1.7789563e+00   1.9939294e+01   1.8896233e+00
   2.4287853e+00   2.0099604e+01   2.5459171e+00
   2.3793637e+00   1.8946418e+01   2.5311749e+00
   2.2937626e+00   1.9792270e+01   2.4170342e+00
   2.8039700e+00   2.0200001e+01   2.9250781e+00
   2.6326623e+00   2.0960423e+01   2.7316378e+00
   2.0341060e+00   1.9514057e+01   2.1606960e+00
   1.9349198e+00   1.4296633e+01   2.3532086e+00
   2.8204587e+00   1.9373625e+01   2.9674599e+00
   2.1112845e+00   2.0342179e+01   2.2170018e+00
   1.0878144e+00   1.8863762e+01   1.2169546e+00
   1.8757546e+00   1.8640671e+01   2.0271927e+00
   1.7440386e+00   1.9263545e+01   1.8727637e+00
   2.1900005e+00   2.2715939e+01   2.2518236e+00
   8.7727961e-01   1.8610333e+01   1.0104968e+00
   2.6383052e+00   2.0486772e+01   2.7488237e+00
   2.8383520e+00   1.4902077e+01   3.2553856e+00
   2.5478562e+00   2.0223686e+01   2.6637167e+00
   3.3716771e+00   1.5175342e+01   3.7982099e+00
   2.6282874e+00   2.1092348e+01   2.7242284e+00
   2.4000881e+00   1.4607321e+01   2.8173178e+00
   2.2229820e+00   1.4454676e+01   2.6438455e+00
   3.4310028e+00   1.5095631e+01   3.8699037e+00
   2.4385164e+00   2.2219813e+01   2.5104026e+00
   1.4595089e+00   1.4767279e+01   1.8096984e+00
   2.0676824e+00   1.8886555e+01   2.2147407e+00
   2.1465853e+00   1.5413754e+01   2.4793364e+00
   2.2734909e+00   2.2342018e+01   2.3417056e+00
   1.2643576e+00   1.3836027e+01   1.6874178e+00
   2.5924798e+00   1.9756217e+01   2.7224347e+00
   3.1882991e+00   2.1647209e+01   3.2802935e+00
   2.5198200e+00   2.0017018e+01   2.6408410e+00
   2.4038823e+00   2.1673788e+01   2.4850083e+00
   2.2007748e+00   1.4374650e+01   2.6281378e+00
   3.1844786e+00   2.2540201e+01   3.2592777e+00
   2.3951590e+00   1.9670510e+01   2.5238615e+00
   1.3938550e+00   2.0792585e+01   1.4800567e+00
   2.0201776e+00   1.8548254e+01   2.1781161e+00
   2.0541944e+00   2.1711170e+01   2.1306375e+00
   2.3831359e+00   2.2558511e+01   2.4490769e+00
   1.2042820e+00   2.1136840e+01   1.2819159e+00
   2.5952630e+00   2.0489913e+01   2.7049872e+00
   2.3377294e+00   1.9451279e+01   2.4719784e+00
   2.2094651e+00   1.4292070e+01   2.6457208e+00
   3.2712794e+00   1.9992922e+01   3.4079491e+00
   2.3211867e+00   2.0017477e+01   2.4386791e+00
   1.3493525e+00   1.9775999e+01   1.4576849e+00
   2.0002093e+00   1.9596667e+01   2.1238036e+00
   2.0813632e+00   1.8818932e+01   2.2310348e+00
   2.2944667e+00   2.3070821e+01   2.3523012e+00
   1.2642240e+00   1.9027899e+01   1.3915068e+00
   1.9571113e+00   1.4177516e+01   2.3885887e+00
   3.3576362e+00   2.2239445e+01   3.4400407e+00
   2.1280615e+00   1.9413897e+01   2.2593846e+00
   1.5271944e+00   1.9301820e+01   1.6510102e+00
   1.8472368e+00   1.9659124e+01   1.9664394e+00
   2.1549474e+00   2.1268041e+01   2.2408578e+00
   2.0526802e+00   2.2265405e+01   2.1199333e+00
   1.2928489e+00   2.1085717e+01   1.3723325e+00
   1.2161606e+00   2.0135289e+01   1.3141177e+00
   1.1532984e+00   1.6524180e+01   1.3768857e+00
   8.9563557e-01   1.8787059e+01   1.0238345e+00
   1.7805726e+00   1.6565107e+01   2.0220853e+00
   1.0578040e+00   2.1956804e+01   1.1208455e+00
   8.4717810e-01   1.5633433e+01   1.1109971e+00
   1.2100234e+00   1.9000319e+01   1.3371963e+00
   2.0804539e+00   2.0678221e+01   2.1778444e+00
   1.4855998e+00   2.2533828e+01   1.5440161e+00
   1.0133736e+00   1.8777958e+01   1.1438180e+00
   6.1673602e-01   2.2696883e+01   6.6699800e-01
   6.8461890e-01   2.0854293e+01   7.6211499e-01
