   2.1455114e+00   2.0812361e+01   2.2408217e+00
   2.9863538e+00   1.8736924e+01   3.1611609e+00
   1.9817154e+00   1.7934837e+01   2.1627287e+00
   3.5970026e+00   1.9249732e+01   3.7681260e+00
   1.8218576e+00   1.6452370e+01   2.0712268e+00
   3.1147217e+00   2.0990903e+01   3.2205599e+00
   2.0353688e+00   1.6809700e+01   2.2720976e+00
   3.2379662e+00   2.0204094e+01   3.3674272e+00
   2.2363116e+00   2.1397909e+01   2.3206746e+00
   3.1906797e+00   1.8321185e+01   3.3894962e+00
   1.9522774e+00   1.6324434e+01   2.2140220e+00
   3.2324748e+00   2.0789550e+01   3.3454329e+00
   1.8505121e+00   1.8522732e+01   2.0055791e+00
   2.1020686e+00   1.7742856e+01   2.2946341e+00
   1.6071060e+00   2.3840530e+01   1.6510515e+00
   2.2760283e+00   1.7651261e+01   2.4778124e+00
   1.5784252e+00   1.6141101e+01   1.8373694e+00
   2.6227505e+00   2.0909235e+01   2.7227541e+00
   2.7030041e+00   1.7875734e+01   2.9072897e+00
   3.7700004e+00   2.1028294e+01   3.8865661e+00
   2.5758648e+00   1.6604293e+01   2.8450186e+00
   2.9420034e+00   1.9743317e+01   3.0795046e+00
   2.8796381e+00   1.7873272e+01   3.0896976e+00
   3.0973040e+00   2.0481413e+01   3.2160552e+00
   3.0752821e+00   2.1775112e+01   3.1630309e+00
   3.4169201e+00   1.9484601e+01   3.5743019e+00
   2.8185082e+00   1.6666530e+01   3.0939322e+00
   3.2078726e+00   1.9981755e+01   3.3435247e+00
   2.4565623e+00   1.9374187e+01   2.5956584e+00
   2.3508827e+00   1.9924600e+01   2.4714509e+00
   2.0779524e+00   2.3068618e+01   2.1340346e+00
   2.3631712e+00   1.9990333e+01   2.4821371e+00
   2.3192906e+00   1.6602967e+01   2.5782766e+00
   2.4413728e+00   2.0030928e+01   2.5606016e+00
   2.6947931e+00   1.7075734e+01   2.9404605e+00
   3.3933730e+00   1.5010491e+01   3.8383487e+00
   3.0616186e+00   1.7935601e+01   3.2746538e+00
   3.5213230e+00   1.5337399e+01   3.9422886e+00
   3.1235474e+00   2.2598851e+01   3.1966398e+00
   3.8967189e+00   1.5629239e+01   4.3156022e+00
   2.7409524e+00   1.6814909e+01   3.0038421e+00
   3.5724372e+00   1.4932423e+01   4.0394711e+00
   2.7246901e+00   2.0884481e+01   2.8268300e+00
   2.5871134e+00   1.5794744e+01   2.9126252e+00
   2.1986740e+00   2.3019745e+01   2.2563855e+00
   2.7945366e+00   1.5079774e+01   3.1918177e+00
   2.4559032e+00   1.7398430e+01   2.6756935e+00
   2.9801649e+00   1.5076363e+01   3.3896985e+00
   3.0921257e+00   1.6957190e+01   3.3608848e+00
   3.4668553e+00   2.1210381e+01   3.5732366e+00
   3.1344955e+00   2.1605115e+01   3.2266082e+00
   3.6718458e+00   2.3174587e+01   3.7416772e+00
   2.8836775e+00   1.6274637e+01   3.1885181e+00
   3.4886433e+00   2.2462643e+01   3.5685609e+00
   2.7525648e+00   1.8930141e+01   2.9137759e+00
   2.5904103e+00   2.1322619e+01   2.6808649e+00
   2.2394140e+00   2.3364605e+01   2.2930286e+00
   2.7371073e+00   2.1232869e+01   2.8315249e+00
   2.5548800e+00   1.6921844e+01   2.8040887e+00
   2.8540961e+00   2.2197615e+01   2.9310132e+00
   3.2994456e+00   2.2469792e+01   3.3768611e+00
   3.8768591e+00   2.0157192e+01   4.0220381e+00
   2.8928817e+00   1.6165501e+01   3.2060301e+00
   3.5346800e+00   2.0080020e+01   3.6744072e+00
   2.7495908e+00   1.9426945e+01   2.8932190e+00
   2.6119564e+00   2.0745021e+01   2.7156589e+00
   2.3242472e+00   2.3516911e+01   2.3766545e+00
   2.7656896e+00   1.8861630e+01   2.9298095e+00
   2.5821165e+00   1.7016309e+01   2.8269317e+00
   2.8946051e+00   2.0448917e+01   3.0105416e+00
   2.4794372e+00   1.6066360e+01   2.7800018e+00
   3.6267728e+00   2.0492913e+01   3.7556683e+00
   2.4302189e+00   1.8259263e+01   2.6095602e+00
   2.7871518e+00   2.0435863e+01   2.9015362e+00
   2.0105447e+00   2.3856924e+01   2.0568586e+00
   2.9274813e+00   2.1368650e+01   3.0216879e+00
   2.1920503e+00   1.6707601e+01   2.4400859e+00
   2.8825395e+00   2.1577877e+01   2.9716815e+00
   1.5025390e+00   1.9110524e+01   1.6315092e+00
   2.2649111e+00   1.7378645e+01   2.4795019e+00
   1.1815736e+00   2.3083992e+01   1.2309863e+00
   2.4673581e+00   1.6815037e+01   2.7194531e+00
   1.2640341e+00   1.6099278e+01   1.5144120e+00
   2.4639554e+00   1.6823490e+01   2.7154266e+00
   1.5860554e+00   2.3209689e+01   1.6367325e+00
   2.5867834e+00   2.1240279e+01   2.6789247e+00
   1.8040434e+00   1.6720518e+01   2.0377959e+00
   2.7167257e+00   2.0851539e+01   2.8195218e+00
   8.6000649e-01   1.6271904e+01   1.0880264e+00
   2.3212121e+00   2.2478493e+01   2.3877745e+00
