   2.0693420e+00   1.9522826e+01   2.1963181e+00
   1.5522699e+00   1.8324839e+01   1.7079608e+00
   2.0127793e+00   1.5537472e+01   2.3297714e+00
   2.3806120e+00   1.8241884e+01   2.5593482e+00
   1.7901953e+00   2.4166806e+01   1.8320006e+00
   1.8715789e+00   2.0197098e+01   1.9772190e+00
   1.7198857e+00   1.7389452e+01   1.9177312e+00
   2.6069192e+00   1.9446534e+01   2.7468303e+00
   1.9905778e+00   2.0315856e+01   2.0951125e+00
   1.5646213e+00   1.7419413e+01   1.7568830e+00
   1.7141223e+00   1.4107928e+01   2.1373496e+00
   1.3264804e+00   1.9081605e+01   1.4532494e+00
   1.9788276e+00   2.1059375e+01   2.0667279e+00
   1.8222375e+00   1.7205906e+01   2.0316812e+00
   1.7511726e+00   1.8685340e+01   1.8984412e+00
   5.7586639e-01   1.6509498e+01   7.8401960e-01
   1.7622136e+00   2.2359408e+01   1.8253821e+00
   2.0066014e+00   1.9703326e+01   2.1272980e+00
   2.8185257e+00   1.5901553e+01   3.1476767e+00
   2.7180229e+00   1.9794527e+01   2.8493051e+00
   2.6936924e+00   2.3678288e+01   2.7470302e+00
   1.8363651e+00   1.8923055e+01   1.9774455e+00
   2.5786745e+00   1.8039991e+01   2.7716305e+00
   2.4769420e+00   2.0023548e+01   2.5970086e+00
   2.9068366e+00   2.0432618e+01   3.0234307e+00
   1.8316445e+00   1.8454002e+01   1.9887743e+00
   2.4813125e+00   1.5264424e+01   2.8437078e+00
   1.4544111e+00   1.8831083e+01   1.5910752e+00
   2.6979280e+00   2.1841978e+01   2.7794684e+00
   2.0657121e+00   2.0065113e+01   2.1776779e+00
   2.4534297e+00   1.8569000e+01   2.6209384e+00
   7.3161340e-01   1.8919558e+01   8.5337705e-01
   2.7119546e+00   2.3231125e+01   2.7712520e+00
   1.8815992e+00   1.8536504e+01   2.0368572e+00
   2.8877963e+00   2.4333348e+01   2.9350247e+00
   2.2579479e+00   1.4870016e+01   2.6419701e+00
   2.7431308e+00   1.7818548e+01   2.9514256e+00
   3.0803503e+00   1.4745753e+01   3.5301137e+00
   2.8665470e+00   2.1033134e+01   2.9673990e+00
   2.3660253e+00   1.4819865e+01   2.7609921e+00
   2.6168429e+00   1.4848530e+01   3.0246548e+00
   1.8260078e+00   1.4375151e+01   2.2302151e+00
   2.8673419e+00   2.3904141e+01   2.9193230e+00
   2.4581451e+00   1.5436656e+01   2.8050450e+00
   2.4932636e+00   1.8977450e+01   2.6465718e+00
   1.1247817e+00   1.4046239e+01   1.5200539e+00
   2.8950500e+00   2.3278396e+01   2.9553603e+00
   2.4711486e+00   1.4882170e+01   2.8667346e+00
   2.6653203e+00   1.6568411e+01   2.9404843e+00
   2.7774842e+00   2.0197346e+01   2.8981766e+00
   2.8905922e+00   2.0401006e+01   3.0077481e+00
   1.9822666e+00   2.1529294e+01   2.0611721e+00
   2.5701270e+00   1.4713283e+01   2.9879867e+00
   1.6354304e+00   2.0984211e+01   1.7206666e+00
   2.8443209e+00   2.1582813e+01   2.9328411e+00
   2.2998605e+00   2.0688046e+01   2.4001758e+00
   2.5712346e+00   1.8305838e+01   2.7524565e+00
   9.5686730e-01   2.0580603e+01   1.0423169e+00
   2.7545513e+00   2.3094282e+01   2.8161465e+00
   2.1576325e+00   2.1917982e+01   2.2316052e+00
   3.0651110e+00   2.0487578e+01   3.1830972e+00
   2.2117274e+00   1.9380094e+01   2.3457020e+00
   2.7047033e+00   1.4812906e+01   3.1216258e+00
   1.7106931e+00   1.9350894e+01   1.8362608e+00
   3.0186782e+00   2.2347507e+01   3.0948855e+00
   2.3731543e+00   2.0256885e+01   2.4851781e+00
   2.7468272e+00   1.9555738e+01   2.8861782e+00
   1.0761417e+00   1.8115626e+01   1.2293816e+00
   2.8558221e+00   2.3409109e+01   2.9139903e+00
   2.2670308e+00   2.0447430e+01   2.3725707e+00
   2.3488415e+00   1.4907446e+01   2.7348075e+00
   1.8753625e+00   1.9114157e+01   2.0110962e+00
   2.3842104e+00   2.0906808e+01   2.4807738e+00
   2.5205865e+00   2.1247217e+01   2.6116737e+00
   2.2872258e+00   1.9012022e+01   2.4347269e+00
   1.2059558e+00   2.1139895e+01   1.2835522e+00
   2.5791885e+00   2.2757773e+01   2.6440236e+00
   2.3028484e+00   2.0795510e+01   2.4007474e+00
   1.6211693e+00   2.1254305e+01   1.7010998e+00
   2.0471648e+00   1.7283377e+01   2.2596482e+00
   1.2988064e+00   1.8085483e+01   1.4577598e+00
   7.6946237e-01   1.5856825e+01   1.0175008e+00
   1.5521963e+00   2.2390366e+01   1.6131262e+00
   1.8898664e+00   1.6995327e+01   2.1119112e+00
   1.9015259e+00   1.7811595e+01   2.0856456e+00
   1.1025791e+00   2.0545798e+01   1.1903644e+00
   2.1840900e+00   2.2963671e+01   2.2424296e+00
   2.0543754e+00   2.0066532e+01   2.1661222e+00
   1.1540635e+00   2.3165919e+01   1.2023773e+00
   1.6971685e+00   2.2458529e+01   1.7583549e+00
