  -1.0896429e+01   4.9787019e+00  -9.5842438e+00
  -8.0802092e+00   2.1508551e+01  -8.0448549e+00
  -9.6593506e+00   3.9593931e+00  -7.9993596e+00
  -7.0888912e+00   2.1802892e+01  -7.0547020e+00
  -8.4281535e+00   8.1899242e+00  -7.7190663e+00
  -6.8643197e+00   2.0253282e+01  -6.8151007e+00
  -1.0756224e+01   4.1336750e+00  -9.1952687e+00
  -6.7064308e+00   2.4276695e+01  -6.6867741e+00
  -9.7994826e+00   6.3545690e+00  -8.7885680e+00
  -9.5776140e+00   1.7556095e+01  -9.4936261e+00
  -1.1730087e+01  -2.8736102e+00  -6.4441023e+00
  -4.7569220e+00   2.0366226e+01  -4.7038168e+00
  -1.1072453e+01   1.4862513e+01  -1.0921876e+01
  -9.8561097e+00   1.9484212e+01  -9.8024186e+00
  -1.1877441e+01   6.1759097e+00  -1.0870433e+01
  -1.0214584e+01   1.9988899e+01  -1.0167114e+01
  -1.1219412e+01   8.9031400e+00  -1.0651077e+01
  -1.1994387e+01   1.6673771e+01  -1.1896059e+01
  -9.1469050e+00   4.4123878e+00  -7.6092882e+00
  -7.0767792e+00   2.2014575e+01  -7.0441974e+00
  -8.3323767e+00   8.1940018e+00  -7.6217619e+00
  -6.9441734e+00   1.9732616e+01  -6.8888851e+00
  -1.0772746e+01   4.1700352e+00  -9.2236483e+00
  -6.6910580e+00   2.0271235e+01  -6.6416987e+00
  -9.3954239e+00   6.7512470e+00  -8.4561800e+00
  -9.5547174e+00   2.0019454e+01  -9.5069029e+00
  -1.1474047e+01  -2.6676516e+00  -6.3152771e+00
  -4.8114763e+00   2.2241741e+01  -4.7770666e+00
  -1.0916986e+01   1.4409028e+01  -1.0749655e+01
  -9.8717800e+00   1.8502243e+01  -9.8045750e+00
  -1.1945790e+01   5.9981229e+00  -1.0901894e+01
  -1.0214321e+01   1.8571417e+01  -1.0148643e+01
  -1.0583519e+01   9.4725140e+00  -1.0075816e+01
  -1.2052631e+01   1.7580449e+01  -1.1972745e+01
  -7.8346161e+00   8.8072826e+00  -7.2025328e+00
  -6.9215229e+00   1.5779982e+01  -6.7848764e+00
  -9.7988776e+00   5.0981760e+00  -8.4859949e+00
  -6.6941083e+00   1.8532818e+01  -6.6205932e+00
  -8.9535272e+00   7.2879896e+00  -8.1055941e+00
  -9.5454296e+00   1.3025674e+01  -9.3101752e+00
  -1.0908879e+01  -1.9479787e+00  -6.2262632e+00
  -4.7084851e+00   1.8901937e+01  -4.6339656e+00
  -1.0680850e+01   1.4587483e+01  -1.0519466e+01
  -9.9159546e+00   1.5361961e+01  -9.7785026e+00
  -1.1068150e+01   6.8822692e+00  -1.0188061e+01
  -1.0193793e+01   1.6438172e+01  -1.0086834e+01
  -9.7102953e+00   1.0071847e+01  -9.2569458e+00
  -1.1933194e+01   1.1603706e+01  -1.1623635e+01
  -1.0059132e+01   4.7686305e+00  -8.6638032e+00
  -6.7064255e+00   2.5306504e+01  -6.6909137e+00
  -9.1097876e+00   7.2099193e+00  -8.2513627e+00
  -9.4882447e+00   2.0984686e+01  -9.4498662e+00
  -1.1025149e+01  -2.1719751e+00  -6.1885603e+00
  -4.7454787e+00   2.5661562e+01  -4.7297454e+00
  -1.0353659e+01   1.5473669e+01  -1.0220861e+01
  -9.8417930e+00   1.9513523e+01  -9.7884446e+00
  -1.1724042e+01   6.3400566e+00  -1.0748624e+01
  -1.0217166e+01   2.3096078e+01  -1.0193902e+01
  -1.0171598e+01   9.8348720e+00  -9.6988146e+00
  -1.1984178e+01   2.1774133e+01  -1.1953581e+01
  -9.3601449e+00   6.7756426e+00  -8.4248754e+00
  -9.5733398e+00   1.5019217e+01  -9.4236077e+00
  -1.1047953e+01  -2.2029245e+00  -6.1908522e+00
  -4.7191836e+00   2.0883832e+01  -4.6719253e+00
  -1.0582268e+01   1.5605046e+01  -1.0453945e+01
  -9.8273920e+00   2.1582262e+01  -9.7941872e+00
  -1.1847716e+01   6.1955076e+00  -1.0844349e+01
  -1.0157307e+01   1.7233994e+01  -1.0068040e+01
  -1.0680669e+01   9.1649273e+00  -1.0138597e+01
  -1.1964211e+01   1.9721097e+01  -1.1915199e+01
  -1.1329553e+01  -2.4930673e+00  -6.2878125e+00
  -4.7510198e+00   2.1977220e+01  -4.7143259e+00
  -1.1021837e+01   1.5050264e+01  -1.0877417e+01
  -9.7957770e+00   1.6487332e+01  -9.6891125e+00
  -1.1154140e+01   7.0443219e+00  -1.0305124e+01
  -1.0179085e+01   2.3005018e+01  -1.0155311e+01
  -1.0625708e+01   9.4480803e+00  -1.0115697e+01
  -1.2019195e+01   2.2320737e+01  -1.1992218e+01
  -1.1247496e+01   1.3999007e+01  -1.1064920e+01
  -9.8004469e+00   1.6398878e+01  -9.6916210e+00
  -1.2212490e+01   5.9423620e+00  -1.1160696e+01
  -1.0126988e+01   1.8102627e+01  -1.0053746e+01
  -1.0973812e+01   8.9830434e+00  -1.0412857e+01
  -1.2003918e+01   1.3327618e+01  -1.1793879e+01
  -1.2461460e+01   5.9578585e+00  -1.1416789e+01
  -1.0105135e+01   1.9480653e+01  -1.0051682e+01
  -1.1095840e+01   8.8802430e+00  -1.0523424e+01
  -1.2009184e+01   1.8767159e+01  -1.1948245e+01
  -1.1209857e+01   8.6195788e+00  -1.0605253e+01
  -1.1977650e+01   1.9092248e+01  -1.1921056e+01
