   1.8153165e+00   1.9092559e+01   1.9505757e+00
   2.9654154e+00   1.8698030e+01   3.1412298e+00
   1.8203350e+00   1.9877210e+01   1.9332541e+00
   2.6948982e+00   1.8624823e+01   2.8664044e+00
   1.9056181e+00   1.7055770e+01   2.1250715e+00
   3.6766658e+00   2.1358975e+01   3.7830042e+00
   1.6994389e+00   1.5213423e+01   2.0260651e+00
   3.7343349e+00   2.0085447e+01   3.8785121e+00
   2.1646300e+00   2.1380145e+01   2.2484632e+00
   3.2053390e+00   1.8323765e+01   3.4045010e+00
   1.6003499e+00   1.5727608e+01   1.8862098e+00
   2.5699488e+00   2.0435386e+01   2.6806427e+00
   1.8200385e+00   2.0901563e+01   1.9091759e+00
   2.9630155e+00   1.8355412e+01   3.1532989e+00
   1.3980730e+00   2.3912772e+01   1.4400857e+00
   2.1734809e+00   1.7463744e+01   2.3810631e+00
   1.4351870e+00   1.5505214e+01   1.7293042e+00
   3.0755828e+00   2.1508686e+01   3.1689083e+00
   2.5247060e+00   2.0022207e+01   2.6456703e+00
   2.8788324e+00   2.0145998e+01   3.0028816e+00
   2.6040147e+00   1.7240024e+01   2.8372149e+00
   3.4615907e+00   2.0038609e+01   3.6010073e+00
   2.3823922e+00   1.6017107e+01   2.6819767e+00
   3.5865338e+00   2.0873762e+01   3.7037786e+00
   3.0542053e+00   2.1689902e+01   3.1434056e+00
   3.4362751e+00   1.9332650e+01   3.5998114e+00
   2.4341016e+00   1.6545866e+01   2.7011157e+00
   2.6471010e+00   1.9409421e+01   2.7890797e+00
   2.4201179e+00   2.2092218e+01   2.4939516e+00
   3.1817913e+00   2.0464890e+01   3.3025909e+00
   1.8312930e+00   2.3394056e+01   1.8815367e+00
   2.2203661e+00   1.9566372e+01   2.3488561e+00
   2.1621377e+00   1.5859867e+01   2.4627982e+00
   2.8689734e+00   2.0088588e+01   2.9944904e+00
   2.7533572e+00   1.7828093e+01   2.9615188e+00
   3.9595432e+00   1.5392804e+01   4.4072345e+00
   2.6530670e+00   1.6186981e+01   2.9532017e+00
   4.0563297e+00   1.5399785e+01   4.5108596e+00
   3.0040194e+00   2.2383909e+01   3.0794173e+00
   3.9252324e+00   1.5415070e+01   4.3679483e+00
   2.4145409e+00   1.6603387e+01   2.6772335e+00
   2.9702608e+00   1.4762110e+01   3.4103900e+00
   2.6353809e+00   2.3728038e+01   2.6876499e+00
   3.4554609e+00   1.5998562e+01   3.8120411e+00
   2.0055233e+00   2.3511193e+01   2.0556443e+00
   2.6494097e+00   1.4737722e+01   3.0700630e+00
   2.3054497e+00   1.6542255e+01   2.5675695e+00
   3.4275966e+00   1.5503395e+01   3.8262017e+00
   2.7218269e+00   1.5286755e+01   3.0960407e+00
   3.9670995e+00   2.0676143e+01   4.0977695e+00
   3.0605433e+00   2.1443280e+01   3.1550684e+00
   3.6998760e+00   2.3305769e+01   3.7679324e+00
   2.5436298e+00   1.5908366e+01   2.8585279e+00
   2.8596867e+00   2.2365722e+01   2.9337387e+00
   2.7619103e+00   2.1407820e+01   2.8529303e+00
   3.4980918e+00   2.1578550e+01   3.5962806e+00
   2.0567439e+00   2.3820746e+01   2.1037539e+00
   2.6319538e+00   2.1116475e+01   2.7274142e+00
   2.3184540e+00   1.5988327e+01   2.6171586e+00
   3.2714460e+00   2.2710835e+01   3.3443455e+00
   3.2813126e+00   2.2249439e+01   3.3625378e+00
   3.8589572e+00   2.0072505e+01   4.0065764e+00
   2.5467545e+00   1.5909982e+01   2.8616851e+00
   2.8947871e+00   1.9669265e+01   3.0336465e+00
   2.7152827e+00   2.1708779e+01   2.7995914e+00
   3.5178713e+00   2.0653847e+01   3.6398757e+00
   2.0680799e+00   2.3629584e+01   2.1172878e+00
   2.6228455e+00   1.8697901e+01   2.7896330e+00
   2.3279950e+00   1.6071977e+01   2.6213670e+00
   3.3168729e+00   2.0846977e+01   3.4298426e+00
   2.1182881e+00   1.5893573e+01   2.4146738e+00
   2.9785878e+00   1.9788783e+01   3.1154249e+00
   2.4391681e+00   2.0661433e+01   2.5421974e+00
   3.6371904e+00   2.0578725e+01   3.7637641e+00
   1.7825773e+00   2.3804354e+01   1.8279771e+00
   2.7834064e+00   2.1474012e+01   2.8733390e+00
   2.0244830e+00   1.5848502e+01   2.3198854e+00
   3.2816231e+00   2.1640855e+01   3.3751196e+00
   1.4873174e+00   2.1925238e+01   1.5545486e+00
   3.1404344e+00   1.7743250e+01   3.3660076e+00
   9.4668314e-01   2.3530609e+01   9.8992458e-01
   2.3348735e+00   1.6773587e+01   2.5843825e+00
   1.1000715e+00   1.5260672e+01   1.3974176e+00
   2.8882792e+00   1.7341300e+01   3.1262850e+00
   1.3951415e+00   2.3052902e+01   1.4463418e+00
   2.4931767e+00   2.1099851e+01   2.5870332e+00
   1.6216346e+00   1.5703430e+01   1.9099643e+00
   3.1164537e+00   2.0937920e+01   3.2236257e+00
   6.6724349e-01   1.5208707e+01   9.5157781e-01
   2.7350586e+00   2.2693706e+01   2.8024206e+00
