   1.7885661e+00   1.6722924e+01   2.0216741e+00
   1.9537095e+00   1.8731043e+01   2.1036741e+00
   1.2605212e+00   1.6581925e+01   1.4843472e+00
   1.6374226e+00   1.7842328e+01   1.8135477e+00
   1.8631160e+00   1.9096710e+01   1.9991616e+00
   2.4081304e+00   2.0302988e+01   2.5195421e+00
   1.5313134e+00   1.7177283e+01   1.7337117e+00
   3.0154916e+00   2.0283048e+01   3.1382412e+00
   1.8280302e+00   1.8694415e+01   1.9765904e+00
   2.5825167e+00   1.7924089e+01   2.7808433e+00
   1.5020089e+00   1.4852730e+01   1.8473728e+00
   1.6305038e+00   2.0189739e+01   1.7328193e+00
   1.4137880e+00   1.9255847e+01   1.5370045e+00
   1.7527434e+00   1.7664645e+01   1.9392478e+00
   1.7818781e+00   1.9299478e+01   1.9102186e+00
   9.5956365e-01   1.6908916e+01   1.1589600e+00
   1.0909884e+00   1.8027879e+01   1.2476698e+00
   1.8575808e+00   2.0780153e+01   1.9497362e+00
   1.9082989e+00   1.6867762e+01   2.1376093e+00
   1.8529617e+00   1.9567048e+01   1.9748249e+00
   2.5403386e+00   1.9433638e+01   2.6792669e+00
   2.2095233e+00   1.9798649e+01   2.3311049e+00
   2.1319747e+00   1.7308094e+01   2.3458743e+00
   2.7761885e+00   2.0973980e+01   2.8770247e+00
   2.6637574e+00   1.8966613e+01   2.8214596e+00
   2.7686773e+00   1.8951421e+01   2.9294926e+00
   2.0124735e+00   1.5944069e+01   2.3008859e+00
   1.7978429e+00   1.9410275e+01   1.9232216e+00
   1.9386266e+00   1.9944151e+01   2.0516902e+00
   1.8944995e+00   2.0196738e+01   2.0004914e+00
   2.2867278e+00   1.8804217e+01   2.4414816e+00
   1.0039900e+00   1.9038515e+01   1.1266749e+00
   1.7967584e+00   1.8454925e+01   1.9530819e+00
   1.6383605e+00   1.8645183e+01   1.7846783e+00
   2.6784133e+00   1.9731000e+01   2.8108390e+00
   2.5939933e+00   1.4787823e+01   3.0061630e+00
   2.4192578e+00   1.7825891e+01   2.6172165e+00
   3.2269921e+00   1.5416206e+01   3.6206152e+00
   2.5752096e+00   1.9047149e+01   2.7279356e+00
   3.1616990e+00   1.4664784e+01   3.6262254e+00
   2.3393858e+00   1.6277699e+01   2.6195396e+00
   1.9118806e+00   1.4825097e+01   2.2804914e+00
   2.1134978e+00   2.0863586e+01   2.2072533e+00
   2.1670634e+00   1.5371570e+01   2.5041218e+00
   2.3485903e+00   1.9126726e+01   2.4935365e+00
   1.3000781e+00   1.3958817e+01   1.7132846e+00
   1.9763988e+00   1.8263401e+01   2.1440342e+00
   2.1638656e+00   1.4863307e+01   2.5430874e+00
   2.6512151e+00   1.6505221e+01   2.9298467e+00
   3.1772619e+00   2.0633004e+01   3.2933697e+00
   2.6430301e+00   1.8968897e+01   2.8001531e+00
   3.0341075e+00   2.3034724e+01   3.0992888e+00
   2.3092759e+00   1.5682636e+01   2.6295493e+00
   1.9159832e+00   2.2382897e+01   1.9801794e+00
   2.2942844e+00   2.0004172e+01   2.4116735e+00
   2.2588775e+00   2.1493682e+01   2.3416676e+00
   2.5632400e+00   1.8824700e+01   2.7237468e+00
   1.2969126e+00   2.1232212e+01   1.3737978e+00
   2.0118563e+00   1.8581437e+01   2.1683998e+00
   2.0325139e+00   2.2955440e+01   2.0897069e+00
   2.7570784e+00   1.8674587e+01   2.9282404e+00
   3.1609078e+00   1.9586491e+01   3.3084653e+00
   2.3061921e+00   1.5659719e+01   2.6280285e+00
   1.9005226e+00   1.9444935e+01   2.0267194e+00
   2.2283520e+00   1.9635498e+01   2.3549529e+00
   2.1681276e+00   1.9266585e+01   2.3047927e+00
   2.4732004e+00   1.9333430e+01   2.6139635e+00
   1.3331198e+00   1.8560881e+01   1.4762083e+00
   1.9392694e+00   1.8399059e+01   2.1008646e+00
   2.0376418e+00   2.0084542e+01   2.1486577e+00
   1.8806655e+00   1.5720015e+01   2.1787109e+00
   1.9562078e+00   1.9594134e+01   2.0790991e+00
   1.9065908e+00   1.9800574e+01   2.0229356e+00
   2.2452714e+00   1.9794004e+01   2.3676207e+00
   2.1831949e+00   1.9181205e+01   2.3228908e+00
   1.3654324e+00   2.0821523e+01   1.4507338e+00
   1.6450042e+00   1.8371674e+01   1.8010111e+00
   1.9854097e+00   2.0487933e+01   2.0857985e+00
   1.1212908e+00   1.9446923e+01   1.2346736e+00
   1.9294950e+00   1.6692747e+01   2.1690261e+00
   1.3069780e+00   1.8878526e+01   1.4394825e+00
   1.1357584e+00   1.6299643e+01   1.3707057e+00
   7.3179652e-01   1.7655248e+01   8.9478398e-01
   1.7298660e+00   1.6886339e+01   1.9524567e+00
   1.6986238e+00   1.8412230e+01   1.8543357e+00
   1.2523464e+00   2.0950614e+01   1.3339041e+00
   1.2570366e+00   1.8033740e+01   1.4170003e+00
   1.8383579e+00   1.9913813e+01   1.9506112e+00
   3.0465024e-01   1.7672664e+01   4.5859422e-01
   1.4717117e+00   2.1808028e+01   1.5406386e+00
