   2.9902506e-01   1.5849028e+01   5.3324726e-01
   3.9043201e-01   1.9776272e+01   4.8623521e-01
   5.7996693e-01   1.2884327e+01   1.0612397e+00
   5.6097455e-02   1.8193902e+01   1.8862756e-01
   3.6229314e-01   1.6653549e+01   5.5837343e-01
   3.3032690e-01   2.0892807e+01   4.0386528e-01
  -6.5302656e-01   1.4411079e+01  -3.6104972e-01
   7.3571464e-01   1.9960497e+01   8.3155064e-01
   7.2679701e-01   2.1115723e+01   8.0014984e-01
   5.9706356e-01   1.7927940e+01   7.4753643e-01
   1.8849398e-01   1.0877048e+01   9.1701310e-01
   2.0156361e+00   2.2057280e+01   2.0858248e+00
  -1.8828887e-02   1.7522497e+01   1.3451014e-01
  -1.1381357e+00   1.7311534e+01  -9.9571211e-01
  -4.4687465e-01   1.3956809e+01  -1.1519235e-01
  -1.3032673e+00   1.7513713e+01  -1.1695500e+00
   2.7110777e-01   1.7799581e+01   4.2000887e-01
  -4.4424176e-01   2.0224124e+01  -3.6579610e-01
   1.1346039e+00   1.3229149e+01   1.6130758e+00
   1.0647001e-01   2.0210252e+01   1.9026345e-01
   7.1894241e-01   1.6934549e+01   9.1109928e-01
   1.7694321e-01   1.9457997e+01   2.7742182e-01
  -4.3725512e-01   1.4830389e+01  -1.6566066e-01
   5.7477861e-01   2.0587063e+01   6.5607631e-01
   1.4876022e+00   2.1610486e+01   1.5598970e+00
   6.9399189e-01   2.0947831e+01   7.6992466e-01
   4.2426220e-01   1.1185271e+01   1.1235477e+00
   1.7076966e+00   2.0598790e+01   1.8017966e+00
   3.9991698e-01   1.8588923e+01   5.2601217e-01
  -1.0719898e+00   1.9306569e+01  -9.8135064e-01
  -4.1861589e-02   1.3944062e+01   3.0685239e-01
  -1.2459184e+00   2.0468134e+01  -1.1777347e+00
   8.7186580e-01   1.8448107e+01   1.0100659e+00
  -6.2145596e-01   1.9638268e+01  -5.3340671e-01
   9.9754910e-01   1.7358769e+01   1.1781694e+00
   3.2598227e-01   1.5117237e+01   6.0418750e-01
   1.1421850e-01   1.5643379e+01   3.5437443e-01
   7.5494218e-01   1.6307863e+01   9.7802940e-01
   1.4996998e+00   2.2323384e+01   1.5611374e+00
   9.3302244e-01   1.4990500e+01   1.2425879e+00
   7.4664459e-01   1.1730172e+01   1.3897289e+00
   2.1489810e+00   1.6057602e+01   2.4355829e+00
   8.6197990e-01   1.9997700e+01   9.5853461e-01
  -1.0052768e+00   1.4248261e+01  -7.1346278e-01
   2.5219077e-01   1.4504576e+01   5.6973416e-01
  -1.1751897e+00   1.5031200e+01  -9.3564054e-01
   8.3981708e-01   1.9104031e+01   9.5812820e-01
  -3.6090930e-01   1.5133848e+01  -1.0543137e-01
   2.6671309e-01   1.5859131e+01   4.9946996e-01
   7.6158168e-01   2.3259720e+01   8.0653783e-01
   1.5550984e+00   2.0895367e+01   1.6411447e+00
   9.4911413e-01   2.3918813e+01   9.8866851e-01
   6.6815151e-01   1.1251690e+01   1.3794000e+00
   2.2032464e+00   2.4202814e+01   2.2472075e+00
   8.0080007e-01   1.8145221e+01   9.4765589e-01
  -8.7919639e-01   2.2985808e+01  -8.3954142e-01
   2.7599522e-01   1.3941597e+01   6.3865643e-01
  -1.0755086e+00   2.1576931e+01  -1.0217633e+00
   1.0221513e+00   1.8917477e+01   1.1486090e+00
  -3.4122808e-01   2.3832337e+01  -3.0665097e-01
   1.4267097e+00   2.2561394e+01   1.4842958e+00
   8.1054524e-01   1.9640158e+01   9.1470960e-01
   6.1331528e-01   1.1138983e+01   1.3381035e+00
   2.1667447e+00   2.0847276e+01   2.2615807e+00
   6.3224984e-01   1.8224792e+01   7.7338909e-01
  -9.7481090e-01   1.9288879e+01  -8.8288933e-01
   9.8366872e-02   1.4139307e+01   4.3739994e-01
  -1.0365763e+00   1.9985579e+01  -9.5876153e-01
   9.2711422e-01   1.8913229e+01   1.0521432e+00
  -3.6122161e-01   1.9280976e+01  -2.6285556e-01
   4.2060657e-01   1.1225915e+01   1.1129937e+00
   2.2086390e+00   2.1926578e+01   2.2830120e+00
   4.3209360e-01   1.7756318e+01   5.8546714e-01
  -8.7415851e-01   1.9386386e+01  -7.8332971e-01
  -6.6409645e-02   1.4082907e+01   2.7033806e-01
  -1.0849560e+00   1.9696584e+01  -1.0022025e+00
   7.0447204e-01   1.8525730e+01   8.3735306e-01
  -3.5023145e-01   2.0472109e+01  -2.7536199e-01
  -5.7143034e-02   1.8302157e+01   7.0424498e-02
  -1.0655429e+00   1.6352996e+01  -8.8670235e-01
  -5.7638000e-01   1.3723094e+01  -2.3145395e-01
  -1.2360387e+00   1.7441553e+01  -1.0991690e+00
  -4.6066648e-02   1.8058636e+01   8.9032516e-02
  -5.6777680e-01   1.6392739e+01  -3.8090853e-01
  -3.7805126e-01   1.3339434e+01   7.2727010e-03
  -1.0765090e+00   2.2087399e+01  -1.0287247e+00
   5.0140152e-01   1.8871034e+01   6.2104152e-01
  -5.9974509e-01   1.7013240e+01  -4.3829780e-01
  -4.6794456e-01   1.8381040e+01  -3.4836729e-01
  -8.0044958e-01   1.9789337e+01  -7.1701819e-01
