   1.9199176e+00   1.7861093e+01   2.1024201e+00
   1.8276739e+00   1.8145952e+01   1.9963084e+00
   2.0624084e+00   1.5761790e+01   2.3655027e+00
   2.7834385e+00   1.8510603e+01   2.9619523e+00
   1.7661380e+00   2.0965841e+01   1.8533029e+00
   1.8151826e+00   2.0248250e+01   1.9187563e+00
   1.6214948e+00   1.7419609e+01   1.8152745e+00
   1.9359517e+00   1.9182525e+01   2.0707139e+00
   1.8287720e+00   2.0607417e+01   1.9242875e+00
   1.7765829e+00   1.7564495e+01   1.9681025e+00
   1.7177032e+00   1.4343417e+01   2.1185661e+00
   1.8415015e+00   1.9744155e+01   1.9582917e+00
   1.9533413e+00   2.0924264e+01   2.0436978e+00
   1.9866227e+00   1.7109532e+01   2.2059050e+00
   1.7546897e+00   1.8879894e+01   1.8955541e+00
   1.0519462e+00   1.6788213e+01   1.2594848e+00
   1.6732549e+00   2.1508616e+01   1.7491751e+00
   2.1533981e+00   1.9835339e+01   2.2729730e+00
   2.8722461e+00   1.6143745e+01   3.1859647e+00
   3.1373312e+00   2.0043187e+01   3.2695868e+00
   2.6425157e+00   2.0923364e+01   2.7424908e+00
   1.7451593e+00   1.8612057e+01   1.8948166e+00
   2.4549837e+00   1.7825518e+01   2.6540234e+00
   1.7905384e+00   1.9375577e+01   1.9167962e+00
   2.7490232e+00   2.0812910e+01   2.8532516e+00
   2.0622405e+00   1.8823818e+01   2.2113304e+00
   2.4792528e+00   1.5392925e+01   2.8308406e+00
   1.9547658e+00   1.9133073e+01   2.0914434e+00
   2.6680263e+00   2.1707942e+01   2.7517510e+00
   2.2239702e+00   2.0070515e+01   2.3383898e+00
   2.4720781e+00   1.8790884e+01   2.6316443e+00
   1.2277454e+00   1.9081212e+01   1.3528611e+00
   2.5587388e+00   2.2285399e+01   2.6308213e+00
   2.0102618e+00   1.8659858e+01   2.1639567e+00
   2.8259595e+00   2.1371403e+01   2.9186498e+00
   2.1527030e+00   1.4615883e+01   2.5537669e+00
   2.6781318e+00   1.7774051e+01   2.8864975e+00
   2.3450599e+00   1.4462463e+01   2.7730286e+00
   2.7460010e+00   2.1641046e+01   2.8320389e+00
   2.5661282e+00   1.4967695e+01   2.9596247e+00
   2.6251133e+00   1.5140694e+01   3.0065075e+00
   2.3091194e+00   1.4613094e+01   2.7200369e+00
   2.8434367e+00   2.3907332e+01   2.8951905e+00
   2.6302120e+00   1.5491053e+01   2.9819397e+00
   2.5434154e+00   1.9184648e+01   2.6906507e+00
   1.6225165e+00   1.4611745e+01   1.9940333e+00
   2.7446366e+00   2.2490989e+01   2.8153280e+00
   2.6016020e+00   1.4913669e+01   3.0022994e+00
   2.5953917e+00   1.6664669e+01   2.8615889e+00
   2.0632214e+00   1.9719417e+01   2.1844519e+00
   2.6867398e+00   2.0908479e+01   2.7877320e+00
   2.2140695e+00   2.1544022e+01   2.2953714e+00
   2.6090103e+00   1.4959050e+01   3.0059388e+00
   2.1440265e+00   2.1535573e+01   2.2246653e+00
   2.8092997e+00   2.1422731e+01   2.9006643e+00
   2.4458675e+00   2.0698646e+01   2.5481165e+00
   2.5298530e+00   1.8601086e+01   2.6980408e+00
   1.4643062e+00   2.0823827e+01   1.5507084e+00
   2.6189292e+00   2.2081212e+01   2.6951747e+00
   2.2859215e+00   2.1735845e+01   2.3645205e+00
   2.9282035e+00   2.0891265e+01   3.0334118e+00
   2.4453677e+00   1.9649380e+01   2.5756692e+00
   2.7254271e+00   1.5034804e+01   3.1225577e+00
   2.2526725e+00   1.9780972e+01   2.3755238e+00
   2.9648641e+00   2.2328057e+01   3.0407800e+00
   2.5619275e+00   2.0441542e+01   2.6723310e+00
   2.7497341e+00   1.9798446e+01   2.8815332e+00
   1.5733406e+00   1.8459477e+01   1.7247029e+00
   2.7015221e+00   2.2605998e+01   2.7699140e+00
   2.3948078e+00   2.0497007e+01   2.5011253e+00
   2.3793189e+00   1.5099692e+01   2.7500789e+00
   2.3587727e+00   1.9262668e+01   2.4994439e+00
   2.3433051e+00   2.0757480e+01   2.4426564e+00
   2.6592538e+00   2.1109548e+01   2.7552616e+00
   2.3271864e+00   1.9403107e+01   2.4627281e+00
   1.6699264e+00   2.1951623e+01   1.7384413e+00
   2.4137254e+00   2.1836673e+01   2.4919712e+00
   2.4272540e+00   2.0976781e+01   2.5228760e+00
   1.5668314e+00   2.1116594e+01   1.6487283e+00
   2.1974458e+00   1.7189629e+01   2.4194243e+00
   1.3134459e+00   1.8322932e+01   1.4642154e+00
   1.2486338e+00   1.6209600e+01   1.4921941e+00
   1.4681218e+00   2.1546510e+01   1.5412973e+00
   2.0311670e+00   1.7138616e+01   2.2503873e+00
   1.8411056e+00   1.8118032e+01   2.0111560e+00
   1.5461348e+00   2.0645654e+01   1.6371716e+00
   2.0481009e+00   2.2075750e+01   2.1183157e+00
   2.2186385e+00   1.9983393e+01   2.3352940e+00
   1.0625718e+00   2.2275063e+01   1.1211912e+00
   1.8436060e+00   2.2515564e+01   1.9052371e+00
