  -2.3645352e+00   1.1196985e+01  -1.8511709e+00
  -2.8598955e+00   1.8477778e+01  -2.7666342e+00
  -2.2683355e+00   1.0809925e+01  -1.7028888e+00
  -1.0447774e+00   1.7779398e+01  -9.1564708e-01
  -2.4304950e+00   1.8729553e+01  -2.3393169e+00
  -1.4480624e+00   1.8498121e+01  -1.3429246e+00
  -3.4730282e+00   8.8472320e+00  -2.6784021e+00
  -2.7920293e+00   1.8415035e+01  -2.6969016e+00
  -1.7669075e+00   1.2492239e+01  -1.3628783e+00
  -1.3741056e+00   1.8049278e+01  -1.2566976e+00
  -2.1136997e+00   8.7619862e+00  -1.2011191e+00
  -1.7262872e+00   2.0166983e+01  -1.6565206e+00
  -2.4026151e+00   1.6714305e+01  -2.2574912e+00
  -1.8193912e+00   1.8193542e+01  -1.7105366e+00
  -3.8784348e+00   1.4862743e+01  -3.6805301e+00
  -3.3589427e+00   1.7264596e+01  -3.2403822e+00
  -3.1347604e+00   1.5659916e+01  -2.9606555e+00
  -2.3986035e+00   2.0317579e+01  -2.3351244e+00
  -1.6835043e+00   1.0946021e+01  -1.1037928e+00
  -9.5663078e-01   2.0145914e+01  -8.8101436e-01
  -1.8308403e+00   1.8937720e+01  -1.7391886e+00
  -1.4405379e+00   1.9878074e+01  -1.3639241e+00
  -2.8870697e+00   9.4969264e+00  -2.1665552e+00
  -2.9181794e+00   2.1184567e+01  -2.8683245e+00
  -1.3021091e+00   1.2712098e+01  -8.9969860e-01
  -1.3323687e+00   1.8152410e+01  -1.2172375e+00
  -2.1361225e+00   9.0617712e+00  -1.2852319e+00
  -1.6228977e+00   1.9320535e+01  -1.5373170e+00
  -2.1162921e+00   1.7559521e+01  -1.9937247e+00
  -1.7621615e+00   1.9689537e+01  -1.6845611e+00
  -3.5440187e+00   1.4507982e+01  -3.3243192e+00
  -3.3760323e+00   1.9691093e+01  -3.3081644e+00
  -2.7302675e+00   1.5900992e+01  -2.5601411e+00
  -2.5580758e+00   1.9560233e+01  -2.4835343e+00
  -1.5446543e+00   1.9375855e+01  -1.4595225e+00
  -1.3616301e+00   1.5469026e+01  -1.1490240e+00
  -2.5047201e+00   9.9015547e+00  -1.8247446e+00
  -2.7682850e+00   1.4340907e+01  -2.5259788e+00
  -9.9643963e-01   1.3350567e+01  -6.3753352e-01
  -1.1531038e+00   1.4535902e+01  -8.8410808e-01
  -1.6992670e+00   8.8887272e+00  -7.7481526e-01
  -1.6478831e+00   1.5329720e+01  -1.4344312e+00
  -1.7255157e+00   1.8836899e+01  -1.6307939e+00
  -1.7524654e+00   1.5293895e+01  -1.5393852e+00
  -3.2752836e+00   1.4754925e+01  -3.0634553e+00
  -3.2992132e+00   1.4474531e+01  -3.0737911e+00
  -2.3998090e+00   1.5712007e+01  -2.2171719e+00
  -2.4000511e+00   1.5038484e+01  -2.1869710e+00
  -2.4973454e+00   9.3095828e+00  -1.7195525e+00
  -2.7327693e+00   2.0710915e+01  -2.6763562e+00
  -1.0706845e+00   1.3210212e+01  -7.0293693e-01
  -1.2353649e+00   2.2585585e+01  -1.1934303e+00
  -1.7330809e+00   9.2087734e+00  -8.7646442e-01
  -1.6142808e+00   2.2558126e+01  -1.5736014e+00
  -1.5589755e+00   1.7384259e+01  -1.4246254e+00
  -1.6177606e+00   2.2083132e+01  -1.5723989e+00
  -3.0712104e+00   1.4835447e+01  -2.8599613e+00
  -3.2512887e+00   2.2655996e+01  -3.2166331e+00
  -2.5006379e+00   1.6019131e+01  -2.3318628e+00
  -2.3672575e+00   2.3202921e+01  -2.3344738e+00
  -1.1955654e+00   1.2646021e+01  -7.8248928e-01
  -1.1258464e+00   1.9519075e+01  -1.0400017e+00
  -1.8884218e+00   8.9815594e+00  -1.0005379e+00
  -1.6226345e+00   1.8785818e+01  -1.5258605e+00
  -1.9760770e+00   1.7063032e+01  -1.8369762e+00
  -1.7516085e+00   1.9783172e+01  -1.6755860e+00
  -3.3648227e+00   1.4899596e+01  -3.1612480e+00
  -3.2146206e+00   1.8683428e+01  -3.1280626e+00
  -2.7484949e+00   1.5805928e+01  -2.5748838e+00
  -2.3949838e+00   1.9721093e+01  -2.3221572e+00
  -1.9832743e+00   9.0000866e+00  -1.1074307e+00
  -1.5988397e+00   2.0470286e+01  -1.5329878e+00
  -2.0584033e+00   1.6881127e+01  -1.9144484e+00
  -1.6538955e+00   2.0046959e+01  -1.5816884e+00
  -3.5549089e+00   1.4971933e+01  -3.3574369e+00
  -3.2022794e+00   1.9772452e+01  -3.1348046e+00
  -2.8627352e+00   1.5735452e+01  -2.6879220e+00
  -2.4122553e+00   2.1436746e+01  -2.3632318e+00
  -2.6635357e+00   1.7373792e+01  -2.5414751e+00
  -1.6519364e+00   1.8633761e+01  -1.5519990e+00
  -3.8830057e+00   1.4559636e+01  -3.6710025e+00
  -3.2673295e+00   1.6205568e+01  -3.1151972e+00
  -3.4031156e+00   1.5292276e+01  -3.2175330e+00
  -2.4579335e+00   1.7942601e+01  -2.3489559e+00
  -3.6388219e+00   1.4546390e+01  -3.4225172e+00
  -3.2514829e+00   2.1546952e+01  -3.2067639e+00
  -3.0413324e+00   1.5768483e+01  -2.8702663e+00
  -2.4579438e+00   2.0772715e+01  -2.4010547e+00
  -3.8501590e+00   1.5377317e+01  -3.6738450e+00
  -2.4096789e+00   2.2542512e+01  -2.3716538e+00
