   1.6846879e+00   1.5082260e+01   2.0207058e+00
   2.2341214e+00   1.8170364e+01   2.4119440e+00
   1.5301167e+00   1.5273034e+01   1.8446327e+00
   1.9538351e+00   1.7756760e+01   2.1417092e+00
   1.5157105e+00   1.6952931e+01   1.7284293e+00
   2.5299244e+00   2.0419575e+01   2.6403590e+00
   1.3783229e+00   1.8022460e+01   1.5413505e+00
   3.1380668e+00   1.8995473e+01   3.3066762e+00
   1.5973721e+00   2.1394463e+01   1.6745072e+00
   2.0147010e+00   1.7364124e+01   2.2222675e+00
   1.6167044e+00   1.8128467e+01   1.7810826e+00
   2.7210371e+00   1.9927811e+01   2.8483917e+00
   1.5427188e+00   1.9649023e+01   1.6572418e+00
   1.3728559e+00   1.7188294e+01   1.5703936e+00
   1.3626248e+00   2.0321243e+01   1.4583233e+00
   6.3614387e-01   1.6274098e+01   8.5759508e-01
   9.9192850e-01   2.0706559e+01   1.0753096e+00
   1.3562830e+00   1.9641060e+01   1.4681457e+00
   2.2481293e+00   1.5642812e+01   2.5684301e+00
   2.2052663e+00   1.9579682e+01   2.3330796e+00
   2.2805383e+00   1.7097659e+01   2.5101069e+00
   2.3413606e+00   1.8685342e+01   2.5017197e+00
   2.0277386e+00   1.8752810e+01   2.1785444e+00
   2.9747195e+00   2.0103496e+01   3.1018674e+00
   2.4857378e+00   2.1442481e+01   2.5723580e+00
   2.3125195e+00   1.9174343e+01   2.4551160e+00
   2.1273515e+00   2.0483975e+01   2.2299006e+00
   2.7417375e+00   1.9619464e+01   2.8789419e+00
   2.1540693e+00   2.1124196e+01   2.2428689e+00
   1.6056043e+00   1.9043151e+01   1.7384672e+00
   1.9978155e+00   1.9871518e+01   2.1137667e+00
   8.3541613e-01   1.8538163e+01   9.7014316e-01
   1.8898451e+00   2.1140945e+01   1.9750249e+00
   1.2260392e+00   1.8175408e+01   1.3802137e+00
   2.4787657e+00   1.7639131e+01   2.6873398e+00
   2.8578411e+00   1.4609403e+01   3.3058612e+00
   2.3316848e+00   1.8642724e+01   2.4934014e+00
   3.5493315e+00   1.5129662e+01   3.9934459e+00
   2.4105665e+00   2.1557676e+01   2.4939788e+00
   2.8596067e+00   1.4489800e+01   3.3205010e+00
   2.4770486e+00   1.9649111e+01   2.6079753e+00
   3.2393631e+00   1.5181969e+01   3.6560466e+00
   2.3962861e+00   2.2184342e+01   2.4683129e+00
   1.9925135e+00   1.5042980e+01   2.3470717e+00
   2.2080261e+00   2.0838883e+01   2.3036169e+00
   1.2630119e+00   1.4229305e+01   1.6490873e+00
   2.0059167e+00   2.1702623e+01   2.0819845e+00
   1.7850242e+00   1.4294082e+01   2.1944850e+00
   2.3024443e+00   1.7123223e+01   2.5314004e+00
   3.2902500e+00   2.0529324e+01   3.4113230e+00
   2.3988289e+00   2.0796812e+01   2.4980912e+00
   2.6310918e+00   2.1744382e+01   2.7136543e+00
   2.3711072e+00   1.9607152e+01   2.5012444e+00
   3.0135353e+00   2.1872244e+01   3.0985171e+00
   2.3865859e+00   2.0095425e+01   2.5030997e+00
   1.9646836e+00   2.0500073e+01   2.0644962e+00
   2.0777657e+00   1.9380028e+01   2.2091614e+00
   1.1295526e+00   2.0056568e+01   1.2281698e+00
   1.9618013e+00   2.1025680e+01   2.0501736e+00
   1.5658297e+00   2.1580102e+01   1.6394132e+00
   2.5096870e+00   2.1724828e+01   2.5911300e+00
   2.6435134e+00   1.9157512e+01   2.7939341e+00
   2.5270709e+00   1.9722107e+01   2.6567732e+00
   3.1061041e+00   1.9615571e+01   3.2514105e+00
   2.3987299e+00   2.0179327e+01   2.5132118e+00
   1.8895842e+00   1.9268379e+01   2.0208310e+00
   2.1733266e+00   2.0336207e+01   2.2801446e+00
   1.2423499e+00   1.8360271e+01   1.3904054e+00
   2.0428223e+00   2.1259220e+01   2.1275307e+00
   1.6579672e+00   1.8930456e+01   1.7953274e+00
   2.1549039e+00   2.0787427e+01   2.2508949e+00
   3.2084065e+00   2.1489553e+01   3.3041178e+00
   1.9723006e+00   1.9591082e+01   2.0955615e+00
   2.0948387e+00   2.0673036e+01   2.1925478e+00
   1.9492343e+00   2.0188591e+01   2.0562540e+00
   1.2728429e+00   2.0656958e+01   1.3603530e+00
   1.7818760e+00   2.0782985e+01   1.8729976e+00
   1.6744281e+00   2.0468300e+01   1.7709580e+00
   1.2283485e+00   2.0720577e+01   1.3140756e+00
   1.6063057e+00   1.6536882e+01   1.8434957e+00
   9.9860911e-01   2.0181641e+01   1.0927981e+00
   9.0416896e-01   1.5567133e+01   1.1740640e+00
   7.6048101e-01   2.0619524e+01   8.4306997e-01
   1.2172709e+00   1.5860646e+01   1.4801904e+00
   1.3660513e+00   1.9166561e+01   1.4910235e+00
   1.2318907e+00   1.9654185e+01   1.3415735e+00
   1.2753522e+00   2.0670775e+01   1.3626130e+00
   1.2935381e+00   1.7686608e+01   1.4677076e+00
   2.5916794e-01   2.0294559e+01   3.4285307e-01
   9.5237243e-01   2.0281073e+01   1.0438778e+00
