  -3.3813428e+00  -1.0086074e+00   3.9203132e+00
  -1.9751607e+00   7.9499405e-01   3.9203132e+00
  -3.9959929e+00  -1.5180314e+00   3.4564411e+00
  -1.6958262e+00   1.5036366e+00   3.4564411e+00
  -3.1698498e+00  -6.1343321e-01   3.6752038e+00
  -2.2820407e+00   5.3906159e-01   3.6752038e+00
  -3.0360347e+00  -6.0459590e-01   3.9654329e+00
  -1.9782978e+00   7.6229348e-01   3.9654329e+00
  -3.0581576e+00  -1.8573687e-01   3.1987042e+00
  -2.8502460e+00   8.8747123e-02   3.1987042e+00
  -3.1863360e+00  -7.8022010e-03   2.6762075e+00
  -3.4914502e+00  -4.1483969e-01   2.6762075e+00
  -3.0726324e+00  -2.1105650e-01   3.2087760e+00
  -2.7099612e+00   2.6967489e-01   3.2087760e+00
  -3.1539154e+00   9.3649719e-02   2.5951406e+00
  -3.3282146e+00  -1.4216795e-01   2.5951406e+00
  -3.1155417e+00   1.3609471e-02   2.7825737e+00
  -2.9785778e+00   1.9901060e-01   2.7825737e+00
  -2.9924076e+00  -5.7459216e-01   4.0112622e+00
  -1.9847710e+00   7.2503692e-01   4.0112622e+00
  -2.3045201e+00   1.2619604e-01   4.3224606e+00
  -2.7212109e+00  -3.9950269e-01   4.3224606e+00
  -2.0392939e+00   4.0365473e-01   4.4369333e+00
  -2.4206796e+00  -8.2520165e-02   4.4369333e+00
  -2.1209229e+00   7.8982427e-01   3.6245838e+00
  -3.2855201e+00  -7.3064226e-01   3.6245838e+00
  -2.5504649e+00   6.1866037e-01   3.0185905e+00
  -3.3735209e+00  -4.8307805e-01   3.0185905e+00
  -2.6618288e+00   1.7437453e-01   3.4538272e+00
  -3.0628532e+00  -3.4894112e-01   3.4538272e+00
  -2.3831823e+00   9.3779042e-01   2.9038613e+00
  -3.9357076e+00  -1.1315667e+00   2.9038613e+00
  -2.5000450e+00   4.8440877e-01   3.3111019e+00
  -3.1909879e+00  -4.2798125e-01   3.3111019e+00
  -1.7659457e+00   1.0613829e+00   3.9473269e+00
  -3.4393720e+00  -1.0936312e+00   3.9473269e+00
  -1.6909066e+00   1.0394358e+00   4.1402542e+00
  -3.2264623e+00  -9.3078872e-01   4.1402542e+00
  -1.5879629e+00   1.6003174e+00   3.5348042e+00
  -3.6859972e+00  -1.1797818e+00   3.5348042e+00
  -1.7585684e+00   1.9199427e+00   2.8283273e+00
  -4.5617011e+00  -1.8647505e+00   2.8283273e+00
  -2.1150722e+00   1.0023110e+00   3.3287175e+00
  -4.0212532e+00  -1.4803914e+00   3.3287175e+00
  -1.6769933e+00   1.9633675e+00   2.9218134e+00
  -4.4309058e+00  -1.7574009e+00   2.9218134e+00
  -1.9155154e+00   1.3748476e+00   3.2087480e+00
  -3.6978285e+00  -1.0119309e+00   3.2087480e+00
  -2.4262369e+00  -2.2022562e-01   4.6937534e+00
  -2.3401117e+00  -1.1310104e-01   4.6937534e+00
  -2.2691518e+00   6.0494350e-01   3.6001160e+00
  -3.1300163e+00  -5.2045677e-01   3.6001160e+00
  -2.5024022e+00   6.6781008e-01   3.0428834e+00
  -3.5375258e+00  -7.0969998e-01   3.0428834e+00
  -2.7412857e+00   2.7327086e-02   3.5216061e+00
  -2.8957184e+00  -1.7383244e-01   3.5216061e+00
  -2.6687482e+00   5.9525247e-01   2.8247211e+00
  -3.6930437e+00  -7.7382989e-01   2.8247211e+00
  -2.4549781e+00   4.8869392e-01   3.3958112e+00
  -3.1665562e+00  -4.4754071e-01   3.3958112e+00
  -2.0808983e+00   6.1898960e-01   3.9755438e+00
  -2.9848352e+00  -5.4599135e-01   3.9755438e+00
  -2.4410090e+00   6.0372631e-01   3.2540455e+00
  -3.3833445e+00  -6.4033834e-01   3.2540455e+00
  -2.5200288e+00   2.0709469e-01   3.7011946e+00
  -2.7379497e+00  -7.6966585e-02   3.7011946e+00
  -2.4481488e+00   7.5407529e-01   3.0279591e+00
  -3.4715161e+00  -6.1566334e-01   3.0279591e+00
  -2.5456984e+00   2.5733712e-01   3.5657925e+00
  -2.9177337e+00  -2.2877576e-01   3.5657925e+00
  -3.1778083e+00   1.8498500e-01   2.4252652e+00
  -3.5125947e+00  -2.7046599e-01   2.4252652e+00
  -3.1634473e+00  -2.3969850e-01   3.0669666e+00
  -2.8263153e+00   2.0846036e-01   3.0669666e+00
  -2.8928098e+00   4.2519103e-01   2.6330609e+00
  -3.5640609e+00  -4.8162086e-01   2.6330609e+00
  -3.1992701e+00  -4.6022889e-02   2.7060105e+00
  -3.0876790e+00   1.0478790e-01   2.7060105e+00
  -3.7707672e+00  -6.2328459e-01   2.4396651e+00
  -2.8364728e+00   6.5198323e-01   2.4396651e+00
  -3.7380548e+00  -1.2351586e-01   1.8143955e+00
  -3.7608622e+00  -1.5509308e-01   1.8143955e+00
  -3.7174338e+00  -4.3148299e-01   2.2650696e+00
  -3.0653861e+00   4.6456959e-01   2.2650696e+00
  -3.0218629e+00   6.4418169e-01   2.1189805e+00
  -3.5161635e+00  -5.1511594e-02   2.1189805e+00
  -3.3281764e+00  -1.9787106e-01   2.6757075e+00
  -3.2066323e+00  -3.4830833e-02   2.6757075e+00
  -3.9326119e+00  -6.6840019e-01   2.1951512e+00
  -3.1647275e+00   3.7926488e-01   2.1951512e+00
