   1.6900590e+00   1.5355548e+01   2.0056639e+00
   2.3860718e+00   1.8478216e+01   2.5554272e+00
   1.3682086e+00   1.4563923e+01   1.7306777e+00
   1.7149460e+00   1.7626017e+01   1.9021253e+00
   1.2954949e+00   1.6775010e+01   1.5105642e+00
   2.1158801e+00   2.0171942e+01   2.2259098e+00
   1.2151823e+00   1.6476733e+01   1.4431205e+00
   2.1546887e+00   1.8680411e+01   2.3108871e+00
   1.6522050e+00   2.0432731e+01   1.7492315e+00
   1.9137870e+00   1.7346400e+01   2.1191977e+00
   1.4486813e+00   1.7747033e+01   1.6240950e+00
   1.8606815e+00   1.9058801e+01   1.9978766e+00
   1.4360091e+00   1.9888055e+01   1.5428195e+00
   1.2666466e+00   1.7175849e+01   1.4619221e+00
   1.2455560e+00   2.0664620e+01   1.3325951e+00
   8.2338670e-02   1.5883165e+01   3.0871960e-01
   1.0364416e+00   2.0706361e+01   1.1203095e+00
   1.2610588e+00   1.9258902e+01   1.3816831e+00
   2.1015954e+00   1.4904769e+01   2.4736988e+00
   1.9881850e+00   1.9269063e+01   2.1212688e+00
   2.1781700e+00   1.7083587e+01   2.4050282e+00
   2.0246087e+00   1.8550810e+01   2.1825547e+00
   1.9406036e+00   1.7340676e+01   2.1470805e+00
   2.0653405e+00   1.9978283e+01   2.1795685e+00
   2.5172956e+00   2.0519373e+01   2.6250087e+00
   2.1851930e+00   1.8812054e+01   2.3373826e+00
   1.9941370e+00   1.9814965e+01   2.1115510e+00
   1.9496268e+00   1.9133074e+01   2.0862041e+00
   2.1041955e+00   2.1490052e+01   2.1852196e+00
   1.5070657e+00   1.9106809e+01   1.6362266e+00
   1.8735082e+00   2.0209220e+01   1.9788819e+00
   2.6078420e-01   1.8262667e+01   3.9444908e-01
   1.9881546e+00   2.1278624e+01   2.0718289e+00
   1.1428857e+00   1.8262901e+01   1.2923152e+00
   2.3696980e+00   1.7630197e+01   2.5753130e+00
   2.5151745e+00   1.4448481e+01   2.9559491e+00
   2.1761099e+00   1.7361587e+01   2.3887466e+00
   2.5788224e+00   1.4478863e+01   3.0208342e+00
   2.4724623e+00   2.0691857e+01   2.5752774e+00
   2.7601728e+00   1.4644272e+01   3.1976960e+00
   2.3224525e+00   1.9085037e+01   2.4682387e+00
   2.3786531e+00   1.4820384e+01   2.7743341e+00
   2.3339262e+00   2.2584629e+01   2.3989994e+00
   1.8919674e+00   1.4953086e+01   2.2487280e+00
   2.0335111e+00   2.1284975e+01   2.1176054e+00
   6.6864961e-01   1.3629634e+01   1.0783446e+00
   2.1003006e+00   2.1931548e+01   2.1734358e+00
   1.7074060e+00   1.4273001e+01   2.1142865e+00
   2.0990790e+00   1.6121218e+01   2.3794070e+00
   2.3030343e+00   1.9651422e+01   2.4305590e+00
   2.5046518e+00   2.0220374e+01   2.6198536e+00
   2.4562067e+00   2.1847025e+01   2.5347578e+00
   2.1893039e+00   1.8979961e+01   2.3357846e+00
   2.1440237e+00   2.1082197e+01   2.2335584e+00
   2.2883000e+00   2.0439505e+01   2.3943630e+00
   1.8305914e+00   2.0450647e+01   1.9296517e+00
   1.9392526e+00   1.9657761e+01   2.0600587e+00
   5.2955748e-01   1.9509185e+01   6.3319485e-01
   2.0191606e+00   2.1313628e+01   2.1025295e+00
   1.4617730e+00   2.1403830e+01   1.5373312e+00
   2.5840390e+00   2.0682100e+01   2.6888195e+00
   2.5457648e+00   1.9243938e+01   2.6910450e+00
   2.3732208e+00   1.9097688e+01   2.5196773e+00
   2.2247989e+00   1.9166589e+01   2.3658222e+00
   2.3485899e+00   2.0679090e+01   2.4498352e+00
   1.7556885e+00   1.9155827e+01   1.8878722e+00
   2.0805686e+00   2.0600573e+01   2.1797226e+00
   6.4956881e-01   1.7784221e+01   8.0614110e-01
   2.1935787e+00   2.1391667e+01   2.2775405e+00
   1.5870270e+00   1.8953925e+01   1.7223084e+00
   2.0026412e+00   2.0216799e+01   2.1097791e+00
   2.3546955e+00   2.0442525e+01   2.4617240e+00
   1.8864397e+00   1.9822655e+01   2.0018625e+00
   1.9790281e+00   2.0866906e+01   2.0709239e+00
   1.7835861e+00   2.0378653e+01   1.8836441e+00
   7.0709493e-01   2.0189909e+01   7.9766799e-01
   1.8558777e+00   2.0906157e+01   1.9453704e+00
   1.5549932e+00   2.0191117e+01   1.6562188e+00
   1.1243677e+00   2.0931523e+01   1.2049129e+00
   1.4752724e+00   1.6458076e+01   1.7124659e+00
   8.6052273e-01   2.0353552e+01   9.4945659e-01
   3.4575002e-01   1.5197194e+01   6.1953798e-01
   8.4941921e-01   2.0721224e+01   9.3101102e-01
   1.1517527e+00   1.6019582e+01   1.4029552e+00
   1.3038047e+00   1.9165689e+01   1.4277591e+00
   6.5625764e-01   1.9547610e+01   7.6061396e-01
   1.4366228e+00   2.0928114e+01   1.5206556e+00
   1.2207936e+00   1.8082663e+01   1.3781948e+00
   3.5243576e-01   2.0464633e+01   4.3381392e-01
   8.6227858e-01   2.0451866e+01   9.4923921e-01
