   1.4582222e+00   1.4424987e+01   1.8373042e+00
   2.3989362e+00   1.8022331e+01   2.5875120e+00
   1.2364004e+00   1.7639097e+01   1.4111442e+00
   3.5878029e+00   1.9144111e+01   3.7629100e+00
   1.8390043e+00   1.9658693e+01   1.9580805e+00
   3.0650569e+00   2.1314050e+01   3.1625167e+00
   1.9803167e+00   1.6490637e+01   2.2331905e+00
   2.3068434e+00   2.0158792e+01   2.4203214e+00
   1.7472257e+00   1.9836685e+01   1.8600435e+00
   2.7588801e+00   1.8172615e+01   2.9512166e+00
   2.0708395e+00   1.9143579e+01   2.2094773e+00
   3.0533998e+00   2.1297407e+01   3.1510576e+00
   1.6264877e+00   1.7202366e+01   1.8303959e+00
   1.0633876e+00   1.7095103e+01   1.2570162e+00
   1.5080904e+00   1.8538246e+01   1.6553940e+00
   1.9603334e+00   1.8148874e+01   2.1320727e+00
   1.3355844e+00   1.6917453e+01   1.5448217e+00
   1.6462493e+00   2.0390242e+01   1.7441512e+00
   1.7996843e+00   1.8401157e+01   1.9580282e+00
   3.7440760e+00   2.1148035e+01   3.8569729e+00
   2.6000148e+00   1.9849418e+01   2.7273429e+00
   2.7759600e+00   2.0205762e+01   2.8963896e+00
   2.5709973e+00   1.7347196e+01   2.7973256e+00
   2.2037545e+00   2.0158386e+01   2.3155449e+00
   2.5547944e+00   1.9992212e+01   2.6771514e+00
   2.8901302e+00   1.9806332e+01   3.0245566e+00
   2.3373423e+00   2.0009638e+01   2.4553281e+00
   3.0338095e+00   2.0237692e+01   3.1582088e+00
   2.0666711e+00   1.8043681e+01   2.2453615e+00
   1.1961444e+00   1.9544480e+01   1.3081057e+00
   1.9882684e+00   1.8224824e+01   2.1576953e+00
   1.9901044e+00   2.0349662e+01   2.0938193e+00
   1.9652386e+00   1.7203863e+01   2.1791197e+00
   1.4276638e+00   1.9880632e+01   1.5345363e+00
   2.6963458e+00   2.0066907e+01   2.8192061e+00
   3.1421508e+00   1.5136284e+01   3.5566886e+00
   2.8183279e+00   1.8065127e+01   3.0173374e+00
   2.4898638e+00   1.4882866e+01   2.8865276e+00
   2.5428908e+00   2.0062152e+01   2.6630702e+00
   3.2365079e+00   1.5188209e+01   3.6523874e+00
   2.5521418e+00   1.8940739e+01   2.7081328e+00
   3.1668626e+00   1.5144167e+01   3.5823035e+00
   2.2828823e+00   1.9378119e+01   2.4183228e+00
   1.4498669e+00   1.5140625e+01   1.7705734e+00
   2.0400725e+00   1.8584503e+01   2.1971423e+00
   2.3380318e+00   1.5253690e+01   2.6934834e+00
   2.1777324e+00   1.8243947e+01   2.3511116e+00
   1.8358628e+00   1.4541174e+01   2.2253062e+00
   3.0269574e+00   1.7628691e+01   3.2544887e+00
   2.4809174e+00   2.1547449e+01   2.5654028e+00
   2.5677886e+00   1.9251104e+01   2.7133100e+00
   3.3040208e+00   2.3181389e+01   3.3697513e+00
   2.6975752e+00   1.9584282e+01   2.8349730e+00
   3.2090509e+00   2.3169292e+01   3.2739862e+00
   2.4145651e+00   1.7580733e+01   2.6239522e+00
   1.5028389e+00   2.1513773e+01   1.5769174e+00
   2.1703479e+00   1.8593926e+01   2.3300671e+00
   2.3140674e+00   2.2560028e+01   2.3793211e+00
   2.3226013e+00   1.7608901e+01   2.5277889e+00
   1.8526212e+00   2.2897299e+01   1.9091305e+00
   2.5832664e+00   2.0030346e+01   2.7050694e+00
   3.3745477e+00   2.0274614e+01   3.5047138e+00
   2.6924809e+00   1.9305003e+01   2.8389389e+00
   3.2008915e+00   2.0349099e+01   3.3253467e+00
   2.2713622e+00   1.7880255e+01   2.4625884e+00
   1.4779057e+00   2.0359590e+01   1.5742522e+00
   2.1934823e+00   1.8482982e+01   2.3579095e+00
   2.3529145e+00   1.9112364e+01   2.4984361e+00
   2.2181994e+00   1.7715014e+01   2.4153349e+00
   1.8576074e+00   1.9958948e+01   1.9689990e+00
   2.3095881e+00   1.8783421e+01   2.4656136e+00
   3.2238643e+00   2.0963088e+01   3.3322300e+00
   2.0485316e+00   1.7072471e+01   2.2717003e+00
   1.6211524e+00   2.0514480e+01   1.7159584e+00
   1.9511570e+00   1.8929405e+01   2.0943482e+00
   2.3467767e+00   2.1683977e+01   2.4270345e+00
   1.8907074e+00   1.7370178e+01   2.0943159e+00
   1.7855021e+00   2.0902161e+01   1.8741970e+00
   1.2415091e+00   1.7905784e+01   1.4059273e+00
   1.1990196e+00   1.7051336e+01   1.3981768e+00
   1.0581431e+00   1.8365867e+01   1.2024420e+00
   2.1322286e+00   1.7055954e+01   2.3590088e+00
   9.8823664e-01   1.6883164e+01   1.1895772e+00
   1.4789246e+00   1.6754951e+01   1.7004832e+00
   1.3665400e+00   1.8741011e+01   1.5044208e+00
   2.1557016e+00   2.0711475e+01   2.2534021e+00
   1.5146857e+00   1.7248112e+01   1.7133383e+00
   1.7288431e+00   2.0947746e+01   1.8159189e+00
   5.8149133e-01   1.6921551e+01   7.7090340e-01
   1.4441927e+00   2.2451275e+01   1.5033988e+00
