   2.3135057e+01   2.5264302e+01   2.7264759e+01
   2.3532998e+01   2.6638565e+01   2.6459483e+01
   1.9098627e+01   2.2725395e+01   2.1592311e+01
   1.8546841e+01   2.4817337e+01   1.9730326e+01
   1.7458686e+01   2.7205645e+01   1.7953566e+01
   2.5686279e+01   2.6739617e+01   3.2363665e+01
   1.7021187e+01   2.6477424e+01   1.7553369e+01
   2.6394344e+01   2.6873802e+01   3.6211120e+01
   2.2005675e+01   2.5963291e+01   2.4249735e+01
   2.6132680e+01   2.6728556e+01   3.5062709e+01
   2.4569937e+01   2.5458908e+01   3.1908150e+01
   2.5669357e+01   2.6545455e+01   3.3061972e+01
   2.4576045e+01   2.6157137e+01   2.9741413e+01
   2.6046239e+01   2.6911633e+01   3.3486291e+01
   2.1924012e+01   2.3768175e+01   2.6551563e+01
   2.4344229e+01   2.6894721e+01   2.7877716e+01
   1.7156408e+01   2.5269992e+01   1.7897635e+01
   2.5542556e+01   2.6769564e+01   3.1640120e+01
   2.0231901e+01   2.3355561e+01   2.3151734e+01
   1.7542464e+01   2.4146170e+01   1.8630357e+01
   2.6124882e+01   2.7339726e+01   3.2258796e+01
   2.4010868e+01   2.5408794e+01   2.9626583e+01
   2.5900461e+01   2.6620108e+01   3.4071412e+01
   2.4747355e+01   2.5385872e+01   3.3401364e+01
   2.5568667e+01   2.6005123e+01   3.5774391e+01
   2.4837102e+01   2.5258171e+01   3.5193173e+01
   2.3923012e+01   2.5427123e+01   2.9270857e+01
   2.3767961e+01   2.5344246e+01   2.8946455e+01
   2.1851020e+01   2.6077314e+01   2.3923083e+01
   2.3860109e+01   2.5300978e+01   2.9365039e+01
   2.1421736e+01   2.3775168e+01   2.5224440e+01
   2.1574729e+01   2.5048505e+01   2.4179840e+01
   2.4407979e+01   2.5375645e+01   3.1415999e+01
   2.3874527e+01   2.5386834e+01   2.9202751e+01
   2.5643277e+01   2.7340317e+01   3.0553128e+01
   2.2663975e+01   2.3116007e+01   3.2735327e+01
   2.5320322e+01   2.6625630e+01   3.1186788e+01
   2.2837681e+01   2.3133382e+01   3.4675065e+01
   2.5163756e+01   2.6000514e+01   3.2738154e+01
   2.2654754e+01   2.3091820e+01   3.2865089e+01
   2.4294568e+01   2.5441372e+01   3.0650700e+01
   2.2734390e+01   2.3140399e+01   3.3249322e+01
   2.5184810e+01   2.6153635e+01   3.2186127e+01
   2.2666114e+01   2.3095062e+01   3.2953865e+01
   2.1916932e+01   2.3826032e+01   2.6424085e+01
   2.2207872e+01   2.3065773e+01   2.9694623e+01
   2.4095901e+01   2.5358809e+01   3.0088815e+01
   2.2654666e+01   2.3104472e+01   3.2746416e+01
   2.6107395e+01   2.6640717e+01   3.5488683e+01
   2.6752706e+01   2.7210111e+01   3.6762477e+01
   2.5534139e+01   2.6002794e+01   3.5446551e+01
   2.6487401e+01   2.7104012e+01   3.5278244e+01
   2.4933689e+01   2.5462867e+01   3.4349746e+01
   2.6532005e+01   2.7152977e+01   3.5294274e+01
   2.5516564e+01   2.6166540e+01   3.4096852e+01
   2.6512027e+01   2.7166179e+01   3.5064387e+01
   2.1954953e+01   2.3792182e+01   2.6595541e+01
   2.5208722e+01   2.7185890e+01   2.9585566e+01
   2.4817424e+01   2.5351785e+01   3.4194010e+01
   2.6388904e+01   2.7141853e+01   3.4378510e+01
   2.5709144e+01   2.6006104e+01   3.7518515e+01
   2.5983576e+01   2.6469570e+01   3.5745625e+01
   2.4458458e+01   2.5382120e+01   3.1647376e+01
   2.5161655e+01   2.6364745e+01   3.1334201e+01
   2.4791772e+01   2.6111447e+01   3.0618710e+01
   2.5409718e+01   2.6412235e+01   3.2278173e+01
   2.1662589e+01   2.3741766e+01   2.5878018e+01
   2.2674734e+01   2.6203440e+01   2.5232360e+01
   2.4685930e+01   2.5348485e+01   3.3191271e+01
   2.5236928e+01   2.6470687e+01   3.1314529e+01
   2.2475856e+01   2.5402962e+01   2.5583473e+01
   2.5668920e+01   2.6073077e+01   3.6192493e+01
   2.5630620e+01   2.6139092e+01   3.5208100e+01
   2.5667528e+01   2.6092977e+01   3.5978549e+01
   2.2895186e+01   2.3820740e+01   3.0081557e+01
   2.5069136e+01   2.6099796e+01   3.1831617e+01
   2.4874715e+01   2.5328782e+01   3.4919122e+01
   2.5535112e+01   2.6080647e+01   3.4825341e+01
   2.4562911e+01   2.6062191e+01   2.9920761e+01
   2.3712589e+01   2.5236978e+01   2.9012382e+01
   2.2182719e+01   2.3787275e+01   2.7302736e+01
   2.2271457e+01   2.4976682e+01   2.5623678e+01
   2.4506686e+01   2.5331980e+01   3.2137262e+01
   2.3896007e+01   2.5301466e+01   2.9492257e+01
   2.2193253e+01   2.3760378e+01   2.7398318e+01
   2.2841931e+01   2.5514860e+01   2.6230215e+01
   2.4606239e+01   2.5366447e+01   3.2561921e+01
   2.4097095e+01   2.5830075e+01   2.8936047e+01
   2.4096821e+01   2.5355820e+01   3.0101347e+01
   2.2115013e+01   2.3284630e+01   2.8404450e+01
