   2.2667822e+01   2.5149184e+01   2.6293780e+01
   2.3120802e+01   2.6642052e+01   2.5683386e+01
   1.9506632e+01   2.2712751e+01   2.2352756e+01
   1.9469926e+01   2.6434694e+01   2.0455140e+01
   1.7124563e+01   2.6829913e+01   1.7625148e+01
   2.3835856e+01   2.6693200e+01   2.7013987e+01
   1.6906516e+01   2.6128700e+01   1.7470361e+01
   2.5874550e+01   2.6807600e+01   3.3020571e+01
   2.1876798e+01   2.5789874e+01   2.4151506e+01
   2.6004753e+01   2.6671308e+01   3.4482585e+01
   2.3855461e+01   2.5138122e+01   2.9791028e+01
   2.5294733e+01   2.6494396e+01   3.1477742e+01
   2.3576365e+01   2.5662035e+01   2.7774709e+01
   2.5488142e+01   2.6845385e+01   3.1209340e+01
   2.1188246e+01   2.2979760e+01   2.5920709e+01
   2.4020215e+01   2.6917809e+01   2.7155045e+01
   1.6891266e+01   2.5054364e+01   1.7624167e+01
   2.4341504e+01   2.6687116e+01   2.8146235e+01
   2.0180526e+01   2.2724656e+01   2.3736249e+01
   1.8263651e+01   2.5017107e+01   1.9307535e+01
   2.4763665e+01   2.6950639e+01   2.8799524e+01
   2.2967278e+01   2.5388255e+01   2.6672156e+01
   2.5012247e+01   2.6294103e+01   3.0947055e+01
   2.4361457e+01   2.5398762e+01   3.1101081e+01
   2.5255931e+01   2.5815242e+01   3.4445262e+01
   2.4746751e+01   2.5232182e+01   3.4516775e+01
   2.3188028e+01   2.5120453e+01   2.7648626e+01
   2.3729839e+01   2.5398159e+01   2.8704890e+01
   2.1598375e+01   2.5621260e+01   2.3800000e+01
   2.4056571e+01   2.5340199e+01   2.9988719e+01
   2.1461727e+01   2.3018291e+01   2.6694583e+01
   2.2437544e+01   2.5332288e+01   2.5579262e+01
   2.3594982e+01   2.5163950e+01   2.8790782e+01
   2.3386737e+01   2.5364483e+01   2.7766897e+01
   2.4323832e+01   2.6954158e+01   2.7759316e+01
   2.2046802e+01   2.3080940e+01   2.8806988e+01
   2.4894143e+01   2.6285664e+01   3.0524492e+01
   2.2751154e+01   2.3124250e+01   3.3617110e+01
   2.4858181e+01   2.5824461e+01   3.1870521e+01
   2.2562212e+01   2.3071106e+01   3.2147106e+01
   2.3887407e+01   2.5117826e+01   2.9978760e+01
   2.2619205e+01   2.3119650e+01   3.2272427e+01
   2.4552129e+01   2.5645473e+01   3.1089435e+01
   2.2550276e+01   2.3090230e+01   3.1892997e+01
   2.1119845e+01   2.2997541e+01   2.5688234e+01
   2.2004483e+01   2.3038364e+01   2.8765829e+01
   2.3330770e+01   2.5157664e+01   2.7986179e+01
   2.2263952e+01   2.3116774e+01   2.9773785e+01
   2.5485873e+01   2.6298663e+01   3.3174161e+01
   2.6417257e+01   2.7160178e+01   3.4460185e+01
   2.5228357e+01   2.5832049e+01   3.4107721e+01
   2.6378641e+01   2.7070533e+01   3.4705972e+01
   2.4202961e+01   2.5132291e+01   3.1368788e+01
   2.6082510e+01   2.7082456e+01   3.2959463e+01
   2.4611942e+01   2.5657523e+01   3.1320304e+01
   2.6126513e+01   2.7127697e+01   3.2998599e+01
   2.1110199e+01   2.2952952e+01   2.5744166e+01
   2.4686285e+01   2.7140845e+01   2.8342403e+01
   2.3498273e+01   2.5153676e+01   2.8501757e+01
   2.5090543e+01   2.7119966e+01   2.9378352e+01
   2.5447232e+01   2.5812618e+01   3.6390340e+01
   2.5927629e+01   2.6445714e+01   3.5427762e+01
   2.3953857e+01   2.5103184e+01   3.0302651e+01
   2.4977689e+01   2.6410522e+01   3.0500226e+01
   2.4172671e+01   2.5656236e+01   2.9569928e+01
   2.5187690e+01   2.6435602e+01   3.1222574e+01
   2.1194436e+01   2.2972125e+01   2.5954140e+01
   2.3002865e+01   2.6400959e+01   2.5667112e+01
   2.3684504e+01   2.5140769e+01   2.9151024e+01
   2.4150561e+01   2.6397840e+01   2.8097073e+01
   2.2192567e+01   2.5085104e+01   2.5337359e+01
   2.5356822e+01   2.5949558e+01   3.4310073e+01
   2.4930426e+01   2.5636296e+01   3.3181020e+01
   2.5300577e+01   2.5956855e+01   3.3842552e+01
   2.1187497e+01   2.2969499e+01   2.5938700e+01
   2.4249248e+01   2.5960183e+01   2.9133172e+01
   2.4218716e+01   2.5135867e+01   3.1435948e+01
   2.4923038e+01   2.5951676e+01   3.1693447e+01
   2.4159732e+01   2.5659356e+01   2.9517792e+01
   2.3647930e+01   2.5247642e+01   2.8773641e+01
   2.1663153e+01   2.3056033e+01   2.7301137e+01
   2.2564114e+01   2.5202713e+01   2.5994018e+01
   2.3828145e+01   2.5116344e+01   2.9747699e+01
   2.3358121e+01   2.5269081e+01   2.7856838e+01
   2.1597794e+01   2.3003081e+01   2.7203396e+01
   2.3000313e+01   2.5806070e+01   2.6236660e+01
   2.3943540e+01   2.5160880e+01   3.0074942e+01
   2.3505290e+01   2.5768539e+01   2.7429893e+01
   2.3371420e+01   2.5140941e+01   2.8138741e+01
   2.1705573e+01   2.3285752e+01   2.6882847e+01
