   2.4962196e+01   2.5363364e+01   3.5518427e+01
   2.4558963e+01   2.6826503e+01   2.8474818e+01
   2.2702707e+01   2.3129896e+01   3.3007269e+01
   2.5757006e+01   2.6837805e+01   3.2335584e+01
   1.7466663e+01   2.7181062e+01   1.7965466e+01
   2.6143155e+01   2.6896256e+01   3.4132440e+01
   1.7010562e+01   2.6407981e+01   1.7550478e+01
   2.6529669e+01   2.7015678e+01   3.6290435e+01
   2.2055400e+01   2.6093015e+01   2.4246171e+01
   2.6311235e+01   2.6862406e+01   3.5557818e+01
   2.4946289e+01   2.5406501e+01   3.4935124e+01
   2.6135131e+01   2.6672327e+01   3.5486814e+01
   2.5288245e+01   2.5966417e+01   3.3698338e+01
   2.6518051e+01   2.7037808e+01   3.6003754e+01
   2.2919341e+01   2.3378906e+01   3.2921379e+01
   2.6139342e+01   2.7092234e+01   3.3202963e+01
   1.7203591e+01   2.5263710e+01   1.7954670e+01
   2.6222050e+01   2.6909972e+01   3.4572757e+01
   2.2640521e+01   2.3137056e+01   3.2325811e+01
   2.4514272e+01   2.5364548e+01   3.2027328e+01
   2.6589401e+01   2.7320287e+01   3.4697108e+01
   2.5002799e+01   2.5501572e+01   3.4660829e+01
   2.6024930e+01   2.6591016e+01   3.5163431e+01
   2.5211397e+01   2.5508444e+01   3.7020869e+01
   2.5684775e+01   2.6140376e+01   3.5713128e+01
   2.4935004e+01   2.5322519e+01   3.5635011e+01
   2.4696338e+01   2.5406136e+01   3.2925388e+01
   2.5160718e+01   2.5529815e+01   3.6062540e+01
   2.2496922e+01   2.5948822e+01   2.5117434e+01
   2.5080469e+01   2.5465049e+01   3.5811640e+01
   2.2924382e+01   2.3395028e+01   3.2828312e+01
   2.4777471e+01   2.5461359e+01   3.3155256e+01
   2.4857095e+01   2.5372178e+01   3.4383746e+01
   2.5042135e+01   2.5496454e+01   3.5083783e+01
   2.5530840e+01   2.7315682e+01   3.0262637e+01
   2.2704647e+01   2.3171505e+01   3.2642848e+01
   2.5203445e+01   2.6573086e+01   3.0891608e+01
   2.2837166e+01   2.3170111e+01   3.4177569e+01
   2.5277026e+01   2.6140206e+01   3.2728845e+01
   2.2709861e+01   2.3125778e+01   3.3125030e+01
   2.4275942e+01   2.5392011e+01   3.0735497e+01
   2.2798547e+01   2.3184617e+01   3.3522140e+01
   2.5072674e+01   2.5945976e+01   3.2479238e+01
   2.2742728e+01   2.3143487e+01   3.3311589e+01
   2.2681628e+01   2.3379253e+01   3.0987296e+01
   2.2546682e+01   2.3128142e+01   3.1587901e+01
   2.4106601e+01   2.5356957e+01   3.0136928e+01
   2.2717034e+01   2.3156581e+01   3.2903694e+01
   2.6005540e+01   2.6571986e+01   3.5141497e+01
   2.6892868e+01   2.7361311e+01   3.6804225e+01
   2.5606656e+01   2.6139520e+01   3.4992594e+01
   2.6662887e+01   2.7271274e+01   3.5507704e+01
   2.4894986e+01   2.5396414e+01   3.4531569e+01
   2.6741654e+01   2.7314847e+01   3.5827989e+01
   2.5369280e+01   2.5945464e+01   3.4437450e+01
   2.6736630e+01   2.7335899e+01   3.5642458e+01
   2.2837498e+01   2.3346872e+01   3.2417220e+01
   2.6138587e+01   2.7356854e+01   3.2261884e+01
   2.4803946e+01   2.5350234e+01   3.4090504e+01
   2.6615842e+01   2.7328911e+01   3.4822052e+01
   2.5827853e+01   2.6128878e+01   3.7579891e+01
   2.6145543e+01   2.6569280e+01   3.6472124e+01
   2.5094739e+01   2.5387779e+01   3.6961552e+01
   2.6189389e+01   2.6575097e+01   3.6905623e+01
   2.5620611e+01   2.5964885e+01   3.6811403e+01
   2.6187336e+01   2.6580361e+01   3.6825543e+01
   2.2992334e+01   2.3377808e+01   3.3721442e+01
   2.5685206e+01   2.6566804e+01   3.3053253e+01
   2.5001636e+01   2.5344649e+01   3.6209418e+01
   2.6068352e+01   2.6576270e+01   3.5649290e+01
   2.2454387e+01   2.5349937e+01   2.5595204e+01
   2.5750144e+01   2.6130245e+01   3.6528237e+01
   2.5478577e+01   2.5932611e+01   3.5521639e+01
   2.5760622e+01   2.6145460e+01   3.6487216e+01
   2.2907865e+01   2.3353410e+01   3.3037679e+01
   2.5392773e+01   2.6152057e+01   3.3351209e+01
   2.4893697e+01   2.5334155e+01   3.5063559e+01
   2.5664092e+01   2.6145756e+01   3.5463637e+01
   2.5531473e+01   2.5964661e+01   3.5768335e+01
   2.4519481e+01   2.5400642e+01   3.1892411e+01
   2.3003951e+01   2.3431055e+01   3.3307927e+01
   2.4368587e+01   2.5398180e+01   3.1136917e+01
   2.4898186e+01   2.5325508e+01   3.5193106e+01
   2.4930956e+01   2.5406797e+01   3.4782414e+01
   2.2946871e+01   2.3386833e+01   3.3128554e+01
   2.5177711e+01   2.5972687e+01   3.2954403e+01
   2.4920360e+01   2.5359938e+01   3.5098405e+01
   2.5423073e+01   2.5964346e+01   3.4745562e+01
   2.4477234e+01   2.5354704e+01   3.1866743e+01
   2.2833818e+01   2.3333506e+01   3.2492231e+01
