   2.1712509e+01   2.4342373e+01   2.5155749e+01
   2.2755687e+01   2.6576994e+01   2.5092401e+01
   1.8342409e+01   2.3827214e+01   1.9804118e+01
   1.8021557e+01   2.6143463e+01   1.8758921e+01
   1.7077903e+01   2.6429360e+01   1.7623772e+01
   2.3828230e+01   2.6638953e+01   2.7057129e+01
   1.6862213e+01   2.5688617e+01   1.7483852e+01
   2.5899458e+01   2.6817884e+01   3.3107011e+01
   2.1356696e+01   2.4789450e+01   2.3996409e+01
   2.5710992e+01   2.6689659e+01   3.2671931e+01
   2.3452958e+01   2.4661992e+01   2.9611741e+01
   2.4967004e+01   2.6513676e+01   3.0210954e+01
   2.3679119e+01   2.5823270e+01   2.7783813e+01
   2.5112680e+01   2.6817860e+01   3.0006577e+01
   2.1675016e+01   2.4292414e+01   2.5133466e+01
   2.3289129e+01   2.6875989e+01   2.5799425e+01
   1.6763126e+01   2.4189922e+01   1.7646014e+01
   2.4256680e+01   2.6712017e+01   2.7912642e+01
   1.8570893e+01   2.3852813e+01   2.0115187e+01
   1.6925222e+01   2.4677429e+01   1.7737687e+01
   2.4366614e+01   2.6596136e+01   2.8339015e+01
   2.2953522e+01   2.5313420e+01   2.6741841e+01
   2.4798285e+01   2.5900142e+01   3.1305308e+01
   2.4405159e+01   2.5394399e+01   3.1327744e+01
   2.4256513e+01   2.4836959e+01   3.3297962e+01
   2.4564121e+01   2.5256986e+01   3.2890229e+01
   2.2791635e+01   2.4688863e+01   2.7317146e+01
   2.3258915e+01   2.5397817e+01   2.7373009e+01
   2.1396807e+01   2.5799655e+01   2.3365731e+01
   2.3541905e+01   2.5297887e+01   2.8335798e+01
   2.1859705e+01   2.4370232e+01   2.5450710e+01
   2.1847249e+01   2.5296349e+01   2.4471852e+01
   2.2714434e+01   2.4309730e+01   2.7853192e+01
   2.2873425e+01   2.5317317e+01   2.6547990e+01
   2.4156921e+01   2.6602469e+01   2.7826034e+01
   2.2144719e+01   2.3115060e+01   2.9150605e+01
   2.4460978e+01   2.5833178e+01   3.0144017e+01
   2.2715824e+01   2.3138252e+01   3.3066671e+01
   2.4041518e+01   2.4827426e+01   3.1866942e+01
   2.2596882e+01   2.3110043e+01   3.2147414e+01
   2.3261361e+01   2.4640556e+01   2.8929203e+01
   2.2434122e+01   2.3127326e+01   3.0766431e+01
   2.4314181e+01   2.5836069e+01   2.9618259e+01
   2.2347301e+01   2.3055312e+01   3.0595379e+01
   2.1936446e+01   2.4372150e+01   2.5624967e+01
   2.1593013e+01   2.3022284e+01   2.7136365e+01
   2.2733989e+01   2.4301397e+01   2.7936272e+01
   2.2157987e+01   2.3065839e+01   2.9423084e+01
   2.4987506e+01   2.5876397e+01   3.2324943e+01
   2.6258225e+01   2.7215942e+01   3.3301995e+01
   2.4198884e+01   2.4837141e+01   3.2856222e+01
   2.6058592e+01   2.7065593e+01   3.2908441e+01
   2.3568908e+01   2.4688811e+01   3.0017602e+01
   2.5525553e+01   2.7130065e+01   3.0635952e+01
   2.4584876e+01   2.5870519e+01   3.0509715e+01
   2.5578909e+01   2.7053538e+01   3.0994947e+01
   2.1601995e+01   2.4312928e+01   2.4949893e+01
   2.3863536e+01   2.7143458e+01   2.6628355e+01
   2.2979357e+01   2.4269360e+01   2.8896563e+01
   2.4993122e+01   2.7085754e+01   2.9176907e+01
   2.4343253e+01   2.4843532e+01   3.3990926e+01
   2.5590559e+01   2.6462282e+01   3.3002986e+01
   2.2792876e+01   2.4653182e+01   2.7386725e+01
   2.3857488e+01   2.6428282e+01   2.7366706e+01
   2.4056719e+01   2.5841270e+01   2.8792339e+01
   2.4744954e+01   2.6414082e+01   2.9715673e+01
   2.1615263e+01   2.4295407e+01   2.4999021e+01
   2.2451620e+01   2.6362826e+01   2.4726195e+01
   2.2930877e+01   2.4280357e+01   2.8680516e+01
   2.3915078e+01   2.6420968e+01   2.7506055e+01
   2.1690746e+01   2.4618308e+01   2.4800361e+01
   2.4870828e+01   2.6032556e+01   3.1176366e+01
   2.4589535e+01   2.5812212e+01   3.0702641e+01
   2.4793991e+01   2.5968591e+01   3.1057980e+01
   2.1687228e+01   2.4331185e+01   2.5113635e+01
   2.3492190e+01   2.6042786e+01   2.7027466e+01
   2.3169909e+01   2.4256237e+01   2.9736257e+01
   2.4457608e+01   2.5997432e+01   2.9718831e+01
   2.3835661e+01   2.5791165e+01   2.8253474e+01
   2.3337952e+01   2.5262512e+01   2.7812191e+01
   2.2098691e+01   2.4344390e+01   2.6053532e+01
   2.2087877e+01   2.5161104e+01   2.5049362e+01
   2.2925056e+01   2.4254822e+01   2.8729352e+01
   2.3310502e+01   2.5246345e+01   2.7764626e+01
   2.2204198e+01   2.4360059e+01   2.6295149e+01
   2.2569363e+01   2.5702314e+01   2.5472049e+01
   2.2995069e+01   2.4302284e+01   2.8862764e+01
   2.3472646e+01   2.5759971e+01   2.7362308e+01
   2.2647422e+01   2.4287419e+01   2.7687211e+01
   2.1674878e+01   2.3243652e+01   2.6878446e+01
