   2.2911286e+01   2.4910292e+01   2.7256217e+01
   2.3561767e+01   2.6468445e+01   2.6688004e+01
   2.0704092e+01   2.2696401e+01   2.5069788e+01
   2.0551522e+01   2.4719065e+01   2.2663588e+01
   1.7253300e+01   2.7001897e+01   1.7748381e+01
   2.4533228e+01   2.6738939e+01   2.8541056e+01
   1.6992148e+01   2.6456722e+01   1.7523313e+01
   2.6241386e+01   2.6925161e+01   3.4616311e+01
   2.1876860e+01   2.5677703e+01   2.4230333e+01
   2.6218041e+01   2.6799714e+01   3.5245749e+01
   2.4337303e+01   2.5340033e+01   3.1207712e+01
   2.5736018e+01   2.6570293e+01   3.3320783e+01
   2.4124285e+01   2.5842489e+01   2.8993494e+01
   2.5989153e+01   2.6976467e+01   3.2915453e+01
   2.1727991e+01   2.3055013e+01   2.7545120e+01
   2.4748274e+01   2.6674999e+01   2.9215053e+01
   1.7014975e+01   2.5070562e+01   1.7767480e+01
   2.5060782e+01   2.6760450e+01   2.9966285e+01
   2.0979027e+01   2.2787278e+01   2.5679882e+01
   1.8540751e+01   2.3621498e+01   2.0173618e+01
   2.5617473e+01   2.7142100e+01   3.0912095e+01
   2.3743350e+01   2.5380218e+01   2.8786378e+01
   2.5645835e+01   2.6633270e+01   3.2572380e+01
   2.4709182e+01   2.5478470e+01   3.2617388e+01
   2.5314590e+01   2.5738900e+01   3.5637604e+01
   2.4907665e+01   2.5315608e+01   3.5394647e+01
   2.3575736e+01   2.5251910e+01   2.8534494e+01
   2.3950558e+01   2.5412158e+01   2.9402912e+01
   2.1740763e+01   2.5674410e+01   2.4001765e+01
   2.4067387e+01   2.5325233e+01   3.0075434e+01
   2.1999698e+01   2.3199203e+01   2.8194218e+01
   2.2799071e+01   2.5031987e+01   2.6770531e+01
   2.3988237e+01   2.5176318e+01   3.0211293e+01
   2.3763342e+01   2.5400906e+01   2.8804792e+01
   2.5327188e+01   2.7207238e+01   2.9877757e+01
   2.2549299e+01   2.3101205e+01   3.1802735e+01
   2.5243033e+01   2.6634995e+01   3.0871426e+01
   2.2741399e+01   2.3098206e+01   3.3793318e+01
   2.4901947e+01   2.5737395e+01   3.2483199e+01
   2.2600169e+01   2.3061137e+01   3.2591160e+01
   2.4233781e+01   2.5350905e+01   3.0689858e+01
   2.2708667e+01   2.3122020e+01   3.3149449e+01
   2.4972224e+01   2.5885486e+01   3.2203931e+01
   2.2644284e+01   2.3079228e+01   3.2874774e+01
   2.1383385e+01   2.3334459e+01   2.5817673e+01
   2.2309013e+01   2.3069784e+01   3.0270516e+01
   2.3954868e+01   2.5214174e+01   2.9958898e+01
   2.2619494e+01   2.3100211e+01   3.2437804e+01
   2.6062552e+01   2.6617552e+01   3.5281457e+01
   2.6731807e+01   2.7212546e+01   3.6536949e+01
   2.5245035e+01   2.5728511e+01   3.5030225e+01
   2.6499497e+01   2.7126028e+01   3.5225826e+01
   2.4784995e+01   2.5343703e+01   3.3980023e+01
   2.6567663e+01   2.7176159e+01   3.5411934e+01
   2.5179801e+01   2.5873134e+01   3.3501501e+01
   2.6516100e+01   2.7197669e+01   3.4903447e+01
   2.1555127e+01   2.3191133e+01   2.6608255e+01
   2.5400976e+01   2.7164644e+01   3.0175018e+01
   2.4038583e+01   2.5161814e+01   3.0474467e+01
   2.5747568e+01   2.7142488e+01   3.1367103e+01
   2.5431864e+01   2.5719475e+01   3.7376284e+01
   2.6170844e+01   2.6619067e+01   3.6265374e+01
   2.4503808e+01   2.5295718e+01   3.2297641e+01
   2.5673979e+01   2.6575049e+01   3.2956531e+01
   2.4725728e+01   2.5825372e+01   3.1240622e+01
   2.5707260e+01   2.6588957e+01   3.3074816e+01
   2.1653189e+01   2.3050742e+01   2.7278863e+01
   2.3517619e+01   2.6069616e+01   2.7051078e+01
   2.4174285e+01   2.5162269e+01   3.1102473e+01
   2.4870027e+01   2.6567861e+01   2.9779774e+01
   2.2445362e+01   2.5305512e+01   2.5623971e+01
   2.5402487e+01   2.5761836e+01   3.6415117e+01
   2.5425105e+01   2.5869666e+01   3.5555244e+01
   2.5370471e+01   2.5736542e+01   3.6305985e+01
   2.1749872e+01   2.3253339e+01   2.7107331e+01
   2.4672963e+01   2.5737050e+01   3.1313794e+01
   2.4725520e+01   2.5185413e+01   3.4717851e+01
   2.5276268e+01   2.5742479e+01   3.5210871e+01
   2.4406779e+01   2.5692082e+01   3.0333076e+01
   2.3849404e+01   2.5220689e+01   2.9536623e+01
   2.2225729e+01   2.3229530e+01   2.9099929e+01
   2.2901538e+01   2.4855210e+01   2.7325321e+01
   2.4359145e+01   2.5155597e+01   3.2130764e+01
   2.3910013e+01   2.5235746e+01   2.9722300e+01
   2.2475601e+01   2.3261899e+01   3.0305237e+01
   2.3623496e+01   2.5392427e+01   2.8391245e+01
   2.4476642e+01   2.5191318e+01   3.2678955e+01
   2.4172044e+01   2.5778041e+01   2.9282188e+01
   2.3913961e+01   2.5193096e+01   2.9859636e+01
   2.2065612e+01   2.3260251e+01   2.8275177e+01
