   2.2757134e+01   2.5023318e+01   2.6679595e+01
   2.3607467e+01   2.6594823e+01   2.6650336e+01
   1.9245668e+01   2.2662017e+01   2.1908122e+01
   1.9170920e+01   2.5444383e+01   2.0351569e+01
   1.7311864e+01   2.7081787e+01   1.7804267e+01
   2.4862485e+01   2.6813442e+01   2.9285910e+01
   1.7000530e+01   2.6364946e+01   1.7544846e+01
   2.6415463e+01   2.6961451e+01   3.5700343e+01
   2.2090083e+01   2.6153584e+01   2.4263912e+01
   2.6256322e+01   2.6803169e+01   3.5535119e+01
   2.4462122e+01   2.5323481e+01   3.1924415e+01
   2.5790802e+01   2.6614904e+01   3.3423831e+01
   2.4035363e+01   2.5839168e+01   2.8733345e+01
   2.6030063e+01   2.6990077e+01   3.3064976e+01
   2.1526716e+01   2.3007164e+01   2.6941520e+01
   2.4630486e+01   2.6832117e+01   2.8644292e+01
   1.7051166e+01   2.5235742e+01   1.7779656e+01
   2.5045917e+01   2.6809440e+01   2.9820959e+01
   1.9973168e+01   2.2846639e+01   2.3147239e+01
   1.8006947e+01   2.4357271e+01   1.9167660e+01
   2.5680951e+01   2.7213680e+01   3.0956229e+01
   2.3536057e+01   2.5427843e+01   2.8069218e+01
   2.5563905e+01   2.6525902e+01   3.2591790e+01
   2.4610752e+01   2.5459724e+01   3.2129569e+01
   2.5771130e+01   2.6197578e+01   3.6072210e+01
   2.4921838e+01   2.5297578e+01   3.5750135e+01
   2.3455413e+01   2.5255005e+01   2.8163217e+01
   2.3711122e+01   2.5409160e+01   2.8623363e+01
   2.1698829e+01   2.5743691e+01   2.3885774e+01
   2.3848615e+01   2.5365650e+01   2.9165569e+01
   2.1514780e+01   2.3103547e+01   2.6673417e+01
   2.2357620e+01   2.5206859e+01   2.5548260e+01
   2.4170463e+01   2.5338179e+01   3.0458405e+01
   2.3621311e+01   2.5417505e+01   2.8335267e+01
   2.5612825e+01   2.7251104e+01   3.0648380e+01
   2.2725291e+01   2.3142122e+01   3.3131296e+01
   2.5290947e+01   2.6534281e+01   3.1339392e+01
   2.2872628e+01   2.3153055e+01   3.4932685e+01
   2.5372538e+01   2.6200526e+01   3.2987959e+01
   2.2699191e+01   2.3105982e+01   3.3206324e+01
   2.4258061e+01   2.5317411e+01   3.0917172e+01
   2.2794943e+01   2.3166053e+01   3.3682888e+01
   2.5057531e+01   2.5861625e+01   3.2789398e+01
   2.2748449e+01   2.3126875e+01   3.3555413e+01
   2.1573305e+01   2.3190431e+01   2.6667994e+01
   2.2387127e+01   2.3120670e+01   3.0493441e+01
   2.4140554e+01   2.5353179e+01   3.0285991e+01
   2.2733270e+01   2.3149514e+01   3.3145067e+01
   2.6066193e+01   2.6532908e+01   3.5994426e+01
   2.6872123e+01   2.7295231e+01   3.7203378e+01
   2.5737201e+01   2.6198972e+01   3.5710025e+01
   2.6602107e+01   2.7193668e+01   3.5560656e+01
   2.4870688e+01   2.5319080e+01   3.4966960e+01
   2.6594619e+01   2.7235961e+01   3.5226487e+01
   2.5180410e+01   2.5859640e+01   3.3584528e+01
   2.6617837e+01   2.7269797e+01   3.5183512e+01
   2.1418622e+01   2.3079335e+01   2.6418767e+01
   2.5316385e+01   2.7272019e+01   2.9730672e+01
   2.4222685e+01   2.5325247e+01   3.0728846e+01
   2.5878352e+01   2.7234721e+01   3.1601165e+01
   2.5903030e+01   2.6189577e+01   3.7861829e+01
   2.6098833e+01   2.6525549e+01   3.6396546e+01
   2.4213329e+01   2.5280281e+01   3.0845140e+01
   2.5221414e+01   2.6512933e+01   3.1127702e+01
   2.4494195e+01   2.5817382e+01   3.0311996e+01
   2.5403110e+01   2.6520892e+01   3.1853961e+01
   2.1453476e+01   2.3033403e+01   2.6632535e+01
   2.3019992e+01   2.6276178e+01   2.5807808e+01
   2.4539806e+01   2.5325973e+01   3.2362376e+01
   2.5012697e+01   2.6517317e+01   3.0356557e+01
   2.2442540e+01   2.5273893e+01   2.5652353e+01
   2.5728206e+01   2.6070134e+01   3.6947271e+01
   2.5444996e+01   2.5848540e+01   3.5975422e+01
   2.5729322e+01   2.6095555e+01   3.6662078e+01
   2.1666807e+01   2.3125424e+01   2.7135248e+01
   2.4930540e+01   2.6064126e+01   3.1329047e+01
   2.4933525e+01   2.5328556e+01   3.5553785e+01
   2.5615955e+01   2.6089983e+01   3.5481288e+01
   2.4398102e+01   2.5742142e+01   3.0158086e+01
   2.3762207e+01   2.5284252e+01   2.9067439e+01
   2.1923565e+01   2.3159151e+01   2.8006767e+01
   2.2643442e+01   2.5120301e+01   2.6275340e+01
   2.4438497e+01   2.5306675e+01   3.1869892e+01
   2.3789033e+01   2.5297008e+01   2.9127934e+01
   2.1966823e+01   2.3133416e+01   2.8266775e+01
   2.3303683e+01   2.5681186e+01   2.7066696e+01
   2.4617014e+01   2.5338702e+01   3.2779896e+01
   2.4274750e+01   2.5852433e+01   2.9448654e+01
   2.4015701e+01   2.5331302e+01   2.9856217e+01
   2.2128418e+01   2.3287497e+01   2.8452111e+01
