   2.1985704e+01   2.5223423e+01   2.4792929e+01
   2.1612714e+01   2.6116196e+01   2.3524554e+01
   1.8782619e+01   2.2598606e+01   2.1137376e+01
   1.9904224e+01   2.6097225e+01   2.1108287e+01
   1.6077230e+01   2.6116353e+01   1.6541087e+01
   2.0537636e+01   2.5993825e+01   2.2003639e+01
   1.6139184e+01   2.5675420e+01   1.6663223e+01
   2.1896623e+01   2.6168070e+01   2.3941265e+01
   1.7642802e+01   2.3973990e+01   1.8810766e+01
   1.9168873e+01   2.6010586e+01   2.0186641e+01
   2.1286645e+01   2.5077603e+01   2.3648931e+01
   2.1549995e+01   2.5682692e+01   2.3680930e+01
   2.1458404e+01   2.5522588e+01   2.3633434e+01
   2.1830366e+01   2.6217547e+01   2.3807192e+01
   1.9943642e+01   2.3052188e+01   2.2879323e+01
   2.1262625e+01   2.6287879e+01   2.2912078e+01
   1.5370726e+01   2.3993593e+01   1.6029477e+01
   1.9401961e+01   2.6075264e+01   2.0464606e+01
   1.9257752e+01   2.2599094e+01   2.1984272e+01
   2.0289919e+01   2.5222600e+01   2.1985321e+01
   2.2225245e+01   2.6386738e+01   2.4336413e+01
   2.1806349e+01   2.5354517e+01   2.4350752e+01
   2.2802642e+01   2.5671896e+01   2.5970473e+01
   2.2709552e+01   2.5371597e+01   2.6111076e+01
   1.9309787e+01   2.4024294e+01   2.1116492e+01
   1.9666014e+01   2.5229938e+01   2.1091966e+01
   2.2712807e+01   2.5100878e+01   2.6463033e+01
   2.3089470e+01   2.5392715e+01   2.6957284e+01
   2.0835290e+01   2.5511606e+01   2.2656630e+01
   2.2556876e+01   2.5340196e+01   2.5819356e+01
   2.0820341e+01   2.3070315e+01   2.4774299e+01
   2.2037181e+01   2.5311997e+01   2.4810917e+01
   1.9481395e+01   2.4283182e+01   2.1243269e+01
   1.9819179e+01   2.5362631e+01   2.1252637e+01
   1.9884338e+01   2.6414101e+01   2.0986363e+01
   1.8831211e+01   2.2629702e+01   2.1198272e+01
   2.0216772e+01   2.5643703e+01   2.1695389e+01
   1.9261667e+01   2.2641695e+01   2.1954834e+01
   1.7747738e+01   2.4015889e+01   1.8934840e+01
   1.7365471e+01   2.2603491e+01   1.8934322e+01
   2.0212216e+01   2.5084586e+01   2.1936867e+01
   1.9387924e+01   2.2646415e+01   2.2187001e+01
   2.0158035e+01   2.5490375e+01   2.1675670e+01
   1.9122561e+01   2.2611396e+01   2.1725598e+01
   1.8863980e+01   2.3058081e+01   2.0966437e+01
   1.8705809e+01   2.2593397e+01   2.1010439e+01
   1.7952912e+01   2.4290190e+01   1.9117813e+01
   1.7606457e+01   2.2642857e+01   1.9264179e+01
   2.1780773e+01   2.5849268e+01   2.3952143e+01
   2.2056781e+01   2.6473747e+01   2.4016047e+01
   1.8632596e+01   2.3983593e+01   2.0147595e+01
   1.9204874e+01   2.6330431e+01   2.0150762e+01
   2.1581029e+01   2.5077400e+01   2.4167696e+01
   2.2146107e+01   2.6356917e+01   2.4226936e+01
   2.1383433e+01   2.5528533e+01   2.3507008e+01
   2.1730775e+01   2.6426354e+01   2.3539882e+01
   1.9806385e+01   2.3030884e+01   2.2634114e+01
   2.1102675e+01   2.6478070e+01   2.2600108e+01
   1.8740174e+01   2.4261581e+01   2.0185827e+01
   1.9287982e+01   2.6516720e+01   2.0208997e+01
   1.9033243e+01   2.3997407e+01   2.0718068e+01
   1.9505055e+01   2.5740096e+01   2.0696818e+01
   2.2447639e+01   2.5073320e+01   2.5893442e+01
   2.2809612e+01   2.5755513e+01   2.5896805e+01
   2.2378764e+01   2.5519582e+01   2.5274521e+01
   2.2485426e+01   2.5754235e+01   2.5263273e+01
   2.0432731e+01   2.3047633e+01   2.3899541e+01
   2.1687163e+01   2.5773228e+01   2.3847447e+01
   1.9380569e+01   2.4250039e+01   2.1109466e+01
   1.9797744e+01   2.5695906e+01   2.1100407e+01
   1.8715113e+01   2.5066792e+01   1.9873024e+01
   1.9404297e+01   2.4204480e+01   2.1167259e+01
   1.9416047e+01   2.5483494e+01   2.0662199e+01
   1.9047053e+01   2.4057735e+01   2.0710034e+01
   1.8264997e+01   2.3031027e+01   2.0050061e+01
   1.8603604e+01   2.4021303e+01   2.0091282e+01
   1.7493339e+01   2.4234815e+01   1.8543126e+01
   1.7458853e+01   2.3953872e+01   1.8578397e+01
   2.2602976e+01   2.5545546e+01   2.5694174e+01
   2.2094049e+01   2.5105545e+01   2.5116535e+01
   2.0751655e+01   2.3113236e+01   2.4546038e+01
   2.1562788e+01   2.5001030e+01   2.4197266e+01
   1.9388381e+01   2.4251310e+01   2.1120439e+01
   1.9629614e+01   2.5035753e+01   2.1118388e+01
   2.0484585e+01   2.3034509e+01   2.4031454e+01
   2.1686052e+01   2.5502379e+01   2.4028976e+01
   1.9257982e+01   2.4243929e+01   2.0931697e+01
   1.9619740e+01   2.5545095e+01   2.0913443e+01
   1.8830152e+01   2.4246853e+01   2.0317365e+01
   1.8462821e+01   2.3002697e+01   2.0365891e+01
