   2.2480781e+01   2.4422961e+01   2.6926347e+01
   2.3395150e+01   2.6102252e+01   2.6742057e+01
   1.9102570e+01   2.2135648e+01   2.2116690e+01
   1.8706164e+01   2.3436826e+01   2.0507133e+01
   1.7281139e+01   2.6803639e+01   1.7804218e+01
   2.4344314e+01   2.6656572e+01   2.8196117e+01
   1.6972085e+01   2.6128714e+01   1.7544914e+01
   2.6330234e+01   2.6841192e+01   3.5886178e+01
   2.1949749e+01   2.5894539e+01   2.4202627e+01
   2.6083481e+01   2.6708176e+01   3.4822507e+01
   2.4366070e+01   2.5157124e+01   3.2164605e+01
   2.5730006e+01   2.6504248e+01   3.3610152e+01
   2.3883906e+01   2.5547014e+01   2.8869684e+01
   2.5987820e+01   2.6844986e+01   3.3465524e+01
   2.1133129e+01   2.2517987e+01   2.6795219e+01
   2.4358748e+01   2.6352043e+01   2.8709519e+01
   1.7078796e+01   2.5077834e+01   1.7841850e+01
   2.5224878e+01   2.6708903e+01   3.0618468e+01
   2.0394756e+01   2.2599769e+01   2.4418248e+01
   1.8029396e+01   2.3274405e+01   1.9591868e+01
   2.5569617e+01   2.6855412e+01   3.1491740e+01
   2.3615589e+01   2.5253859e+01   2.8655927e+01
   2.5398228e+01   2.6286738e+01   3.2736329e+01
   2.4661740e+01   2.5395584e+01   3.2757822e+01
   2.5437098e+01   2.5923808e+01   3.5194411e+01
   2.4806234e+01   2.5244448e+01   3.4997444e+01
   2.3324900e+01   2.4953587e+01   2.8387150e+01
   2.3623158e+01   2.5233317e+01   2.8725542e+01
   2.1568532e+01   2.5276686e+01   2.3990611e+01
   2.3849021e+01   2.5178550e+01   2.9650867e+01
   2.1176565e+01   2.2759472e+01   2.6350241e+01
   2.1875049e+01   2.4848623e+01   2.4936586e+01
   2.4015164e+01   2.5094410e+01   3.0603672e+01
   2.3520049e+01   2.5193752e+01   2.8484232e+01
   2.5182020e+01   2.6985259e+01   2.9878482e+01
   2.2585381e+01   2.3131028e+01   3.1885148e+01
   2.5027974e+01   2.6286986e+01   3.1030027e+01
   2.2827361e+01   2.3125602e+01   3.4628897e+01
   2.5068511e+01   2.5925746e+01   3.2548007e+01
   2.2658312e+01   2.3093285e+01   3.2888453e+01
   2.4049081e+01   2.5139068e+01   3.0599593e+01
   2.2743939e+01   2.3140649e+01   3.3354915e+01
   2.4728817e+01   2.5618750e+01   3.2062353e+01
   2.2670938e+01   2.3101326e+01   3.2944802e+01
   2.0886522e+01   2.2962923e+01   2.5110065e+01
   2.1993917e+01   2.3063313e+01   2.8625503e+01
   2.3883213e+01   2.5189958e+01   2.9749276e+01
   2.2618889e+01   2.3125740e+01   3.2219990e+01
   2.5714336e+01   2.6299820e+01   3.4716654e+01
   2.6690533e+01   2.7184351e+01   3.6385576e+01
   2.5384447e+01   2.5940741e+01   3.4595464e+01
   2.6464621e+01   2.7118105e+01   3.5021186e+01
   2.4593793e+01   2.5156800e+01   3.3758182e+01
   2.6387611e+01   2.7138802e+01   3.4386516e+01
   2.5021571e+01   2.5631707e+01   3.3858505e+01
   2.6515486e+01   2.7172205e+01   3.5052073e+01
   2.1233128e+01   2.2764231e+01   2.6526928e+01
   2.5266894e+01   2.7067537e+01   2.9968242e+01
   2.4315807e+01   2.5183512e+01   3.1749706e+01
   2.6076426e+01   2.7174687e+01   3.2593096e+01
   2.5595673e+01   2.5922514e+01   3.7003640e+01
   2.5956375e+01   2.6448251e+01   3.5669107e+01
   2.3770372e+01   2.5022462e+01   2.9796517e+01
   2.4839144e+01   2.6342469e+01   3.0186530e+01
   2.3899178e+01   2.5407753e+01   2.9236311e+01
   2.5329951e+01   2.6341270e+01   3.2164836e+01
   2.1103235e+01   2.2516240e+01   2.6691266e+01
   2.2833418e+01   2.5747893e+01   2.5953250e+01
   2.4339597e+01   2.5148382e+01   3.2050479e+01
   2.5110427e+01   2.6429130e+01   3.0939350e+01
   2.2294706e+01   2.5101162e+01   2.5532287e+01
   2.5637464e+01   2.6055262e+01   3.6023629e+01
   2.5117088e+01   2.5606604e+01   3.4851653e+01
   2.5638373e+01   2.6076631e+01   3.5826917e+01
   2.1697806e+01   2.2937364e+01   2.7770053e+01
   2.4956040e+01   2.6064354e+01   3.1440367e+01
   2.4570537e+01   2.5163132e+01   3.3526942e+01
   2.5394527e+01   2.6076966e+01   3.3779186e+01
   2.4092744e+01   2.5266906e+01   3.0360064e+01
   2.3637263e+01   2.5034228e+01   2.9256632e+01
   2.1608337e+01   2.2824635e+01   2.7752348e+01
   2.2388262e+01   2.4693294e+01   2.6255708e+01
   2.4277265e+01   2.5095195e+01   3.1943907e+01
   2.3653720e+01   2.5075581e+01   2.9208018e+01
   2.1685204e+01   2.2842881e+01   2.8015669e+01
   2.3004529e+01   2.5256807e+01   2.6946658e+01
   2.4343420e+01   2.5114390e+01   3.2244029e+01
   2.3660229e+01   2.5553647e+01   2.8190047e+01
   2.3662002e+01   2.5091545e+01   2.9196482e+01
   2.1786320e+01   2.3139429e+01   2.7530863e+01
