   2.3145008e+01   2.5406174e+01   2.7073657e+01
   2.3794925e+01   2.6880403e+01   2.6740224e+01
   2.0510125e+01   2.3223706e+01   2.3859537e+01
   2.0730804e+01   2.6535059e+01   2.2064403e+01
   1.7321305e+01   2.7367323e+01   1.7781752e+01
   2.4909027e+01   2.6951791e+01   2.9174862e+01
   1.7008553e+01   2.6573783e+01   1.7526784e+01
   2.6442387e+01   2.7097850e+01   3.4986824e+01
   2.2086925e+01   2.6142165e+01   2.4266122e+01
   2.6413755e+01   2.6947986e+01   3.5787439e+01
   2.4200343e+01   2.5496706e+01   3.0095219e+01
   2.5768074e+01   2.6759771e+01   3.2677692e+01
   2.4161218e+01   2.6117562e+01   2.8576729e+01
   2.6069306e+01   2.7129907e+01   3.2719548e+01
   2.2009723e+01   2.3532277e+01   2.7320112e+01
   2.4924227e+01   2.7152872e+01   2.8896792e+01
   1.7025685e+01   2.5351372e+01   1.7729039e+01
   2.4991500e+01   2.6964889e+01   2.9375339e+01
   2.1041417e+01   2.3268841e+01   2.5027857e+01
   1.8632018e+01   2.5002066e+01   1.9784609e+01
   2.5806610e+01   2.7518261e+01   3.0685737e+01
   2.3621128e+01   2.5509529e+01   2.8160267e+01
   2.5645771e+01   2.6756575e+01   3.2119963e+01
   2.4636931e+01   2.5546580e+01   3.1885015e+01
   2.5767545e+01   2.6196871e+01   3.6040827e+01
   2.4998233e+01   2.5364539e+01   3.5932107e+01
   2.3615543e+01   2.5494416e+01   2.8172271e+01
   2.3941406e+01   2.5556857e+01   2.9031092e+01
   2.1819921e+01   2.6098907e+01   2.3860233e+01
   2.4050346e+01   2.5481909e+01   2.9578497e+01
   2.1981476e+01   2.3564474e+01   2.7151069e+01
   2.2492457e+01   2.5450710e+01   2.5567797e+01
   2.4103006e+01   2.5457630e+01   2.9834726e+01
   2.3477406e+01   2.5510384e+01   2.7763027e+01
   2.5390874e+01   2.7515601e+01   2.9522511e+01
   2.2524561e+01   2.3162881e+01   3.1188183e+01
   2.5392715e+01   2.6744288e+01   3.1129619e+01
   2.2887494e+01   2.3180470e+01   3.4763514e+01
   2.5332293e+01   2.6201104e+01   3.2758451e+01
   2.2697613e+01   2.3132404e+01   3.2929299e+01
   2.4374560e+01   2.5498544e+01   3.0806905e+01
   2.2825643e+01   2.3198047e+01   3.3698962e+01
   2.5214862e+01   2.6122718e+01   3.2469151e+01
   2.2763891e+01   2.3157851e+01   3.3403638e+01
   2.1473721e+01   2.3561005e+01   2.5676758e+01
   2.2342355e+01   2.3135326e+01   3.0139128e+01
   2.4093235e+01   2.5455843e+01   2.9803221e+01
   2.2689938e+01   2.3169306e+01   3.2519447e+01
   2.6164748e+01   2.6736845e+01   3.5259999e+01
   2.7025529e+01   2.7452789e+01   3.7316131e+01
   2.5664983e+01   2.6186566e+01   3.5138212e+01
   2.6792837e+01   2.7357847e+01   3.5937535e+01
   2.4905736e+01   2.5495553e+01   3.3880210e+01
   2.6759001e+01   2.7399711e+01   3.5394539e+01
   2.5434088e+01   2.6114985e+01   3.3827727e+01
   2.6798156e+01   2.7415145e+01   3.5585936e+01
   2.1713752e+01   2.3491428e+01   2.6471026e+01
   2.5430925e+01   2.7427358e+01   2.9774111e+01
   2.4219566e+01   2.5434505e+01   3.0357591e+01
   2.5963716e+01   2.7403397e+01   3.1466760e+01
   2.5902019e+01   2.6179299e+01   3.7999028e+01
   2.6236065e+01   2.6648102e+01   3.6678323e+01
   2.4537773e+01   2.5478613e+01   3.1654673e+01
   2.5517092e+01   2.6642733e+01   3.1941004e+01
   2.4675633e+01   2.6114408e+01   3.0183704e+01
   2.5614140e+01   2.6648290e+01   3.2362351e+01
   2.1936078e+01   2.3528553e+01   2.7084358e+01
   2.3784580e+01   2.6579339e+01   2.7031216e+01
   2.4490064e+01   2.5430817e+01   3.1607459e+01
   2.4985758e+01   2.6622431e+01   3.0026090e+01
   2.2519419e+01   2.5451925e+01   2.5621291e+01
   2.5809944e+01   2.6152908e+01   3.7016174e+01
   2.5609558e+01   2.6108434e+01   3.5265152e+01
   2.5797056e+01   2.6161699e+01   3.6747764e+01
   2.1901486e+01   2.3529026e+01   2.6971624e+01
   2.4992161e+01   2.6162176e+01   3.1270467e+01
   2.4867299e+01   2.5434576e+01   3.4000151e+01
   2.5579055e+01   2.6152960e+01   3.4662807e+01
   2.4684354e+01   2.6112742e+01   3.0218989e+01
   2.4027252e+01   2.5414422e+01   2.9671402e+01
   2.2390876e+01   2.3599912e+01   2.8553745e+01
   2.3159187e+01   2.5373201e+01   2.7157891e+01
   2.4502170e+01   2.5414347e+01   3.1739795e+01
   2.3894115e+01   2.5389261e+01   2.9263807e+01
   2.2402771e+01   2.3575191e+01   2.8681838e+01
   2.3692649e+01   2.5919990e+01   2.7669899e+01
   2.4678006e+01   2.5450332e+01   3.2570648e+01
   2.4364351e+01   2.5907525e+01   2.9617937e+01
   2.3983028e+01   2.5445709e+01   2.9432585e+01
   2.1905890e+01   2.3331494e+01   2.7457185e+01
