   2.2616125e+01   2.4973805e+01   2.6408555e+01
   2.3196421e+01   2.6594603e+01   2.5860163e+01
   1.9376786e+01   2.2449334e+01   2.2350356e+01
   1.9403684e+01   2.6297078e+01   2.0407374e+01
   1.7100489e+01   2.6597840e+01   1.7627178e+01
   2.3800052e+01   2.6699266e+01   2.6933631e+01
   1.6846372e+01   2.5953822e+01   1.7426476e+01
   2.5687134e+01   2.6819751e+01   3.2087176e+01
   2.1825165e+01   2.5643497e+01   2.4166274e+01
   2.5969383e+01   2.6674319e+01   3.4222759e+01
   2.3681775e+01   2.4960642e+01   2.9628953e+01
   2.5339488e+01   2.6476265e+01   3.1726339e+01
   2.3382220e+01   2.5398191e+01   2.7696796e+01
   2.5615052e+01   2.6840888e+01   3.1716061e+01
   2.1133595e+01   2.2609660e+01   2.6561279e+01
   2.4320059e+01   2.6898201e+01   2.7819183e+01
   1.6882192e+01   2.4901498e+01   1.7641995e+01
   2.4396914e+01   2.6669977e+01   2.8305054e+01
   2.0096174e+01   2.2463967e+01   2.3885376e+01
   1.8244234e+01   2.4932974e+01   1.9305875e+01
   2.4877426e+01   2.6717013e+01   2.9504679e+01
   2.3116354e+01   2.5355097e+01   2.7078183e+01
   2.4866454e+01   2.6120183e+01   3.0884652e+01
   2.4219238e+01   2.5394902e+01   3.0481350e+01
   2.5190278e+01   2.5668949e+01   3.5016641e+01
   2.4763447e+01   2.5229910e+01   3.4697261e+01
   2.3037969e+01   2.4930764e+01   2.7570787e+01
   2.3587757e+01   2.5384700e+01   2.8300346e+01
   2.1513007e+01   2.5348740e+01   2.3842638e+01
   2.4005170e+01   2.5343572e+01   2.9781845e+01
   2.1278278e+01   2.2642753e+01   2.6994422e+01
   2.2580456e+01   2.5337429e+01   2.5872468e+01
   2.3596736e+01   2.5016341e+01   2.9157049e+01
   2.3209394e+01   2.5333328e+01   2.7347301e+01
   2.4499738e+01   2.6741936e+01   2.8453001e+01
   2.2230016e+01   2.3101316e+01   2.9655762e+01
   2.4880712e+01   2.6121470e+01   3.0937901e+01
   2.2811720e+01   2.3126699e+01   3.4384363e+01
   2.4782230e+01   2.5678653e+01   3.2087176e+01
   2.2588644e+01   2.3074880e+01   3.2360210e+01
   2.3791312e+01   2.4947250e+01   3.0118847e+01
   2.2648541e+01   2.3120381e+01   3.2543341e+01
   2.4450612e+01   2.5394698e+01   3.1554359e+01
   2.2603724e+01   2.3085071e+01   3.2416725e+01
   2.0393141e+01   2.2616941e+01   2.4388292e+01
   2.2044079e+01   2.3074827e+01   2.8816922e+01
   2.3221246e+01   2.5019582e+01   2.7932217e+01
   2.2316037e+01   2.3110465e+01   3.0105667e+01
   2.5416371e+01   2.6132410e+01   3.3608519e+01
   2.6531551e+01   2.7126768e+01   3.5465258e+01
   2.5151473e+01   2.5687505e+01   3.4514377e+01
   2.6406172e+01   2.7076987e+01   3.4857583e+01
   2.4140494e+01   2.4956402e+01   3.1817345e+01
   2.6181820e+01   2.7075342e+01   3.3496223e+01
   2.4264626e+01   2.5399321e+01   3.0661189e+01
   2.6215928e+01   2.7122841e+01   3.3472097e+01
   2.1056958e+01   2.2572705e+01   2.6388338e+01
   2.4937777e+01   2.7156578e+01   2.8925057e+01
   2.3419168e+01   2.5013377e+01   2.8557975e+01
   2.5194817e+01   2.7128409e+01   2.9648401e+01
   2.5342857e+01   2.5667758e+01   3.6776394e+01
   2.5901111e+01   2.6427242e+01   3.5338306e+01
   2.3736988e+01   2.4924996e+01   2.9961062e+01
   2.4971476e+01   2.6408511e+01   3.0483286e+01
   2.4026939e+01   2.5391190e+01   2.9732656e+01
   2.5228968e+01   2.6429160e+01   3.1410459e+01
   2.1087020e+01   2.2604350e+01   2.6414439e+01
   2.3234650e+01   2.6424405e+01   2.6082498e+01
   2.3710259e+01   2.4993157e+01   2.9645587e+01
   2.4319212e+01   2.6394738e+01   2.8532236e+01
   2.2134847e+01   2.4911370e+01   2.5406221e+01
   2.5421722e+01   2.5956793e+01   3.4791246e+01
   2.4830247e+01   2.5386244e+01   3.4044948e+01
   2.5463210e+01   2.5993357e+01   3.4870377e+01
   2.1014953e+01   2.2595578e+01   2.6194700e+01
   2.4428550e+01   2.5977371e+01   2.9668755e+01
   2.4188987e+01   2.5001554e+01   3.1881899e+01
   2.5080285e+01   2.5978573e+01   3.2376324e+01
   2.4058366e+01   2.5398497e+01   2.9830096e+01
   2.3707493e+01   2.5242876e+01   2.8981233e+01
   2.1479413e+01   2.2688128e+01   2.7647691e+01
   2.2770407e+01   2.5217233e+01   2.6441389e+01
   2.3846226e+01   2.4972682e+01   3.0271786e+01
   2.3456983e+01   2.5219889e+01   2.8237248e+01
   2.1469493e+01   2.2639018e+01   2.7762477e+01
   2.3174625e+01   2.5769555e+01   2.6655751e+01
   2.3996597e+01   2.5022739e+01   3.0778980e+01
   2.3785070e+01   2.5747731e+01   2.8190441e+01
   2.3496098e+01   2.4993784e+01   2.8860810e+01
   2.1783889e+01   2.3252842e+01   2.7225933e+01
