  -8.0966079e-02  -7.5551947e-02   3.2012536e+01
  -9.7541688e-02  -9.2137779e-02   3.2012536e+01
  -3.9256876e-03  -2.9830555e-03   3.9642758e+01
  -1.6888175e-02  -1.5946947e-02   3.9642758e+01
  -2.6963657e-01  -2.0373291e-01   2.1065382e+01
   1.0040991e-01   1.6917601e-01   2.1065382e+01
  -2.3762998e-01  -1.6611275e-01   2.0725966e+01
   2.1875885e-01   2.9416369e-01   2.0725966e+01
  -8.5952888e-02  -7.0203608e-02   2.7372699e+01
  -1.8831779e-02  -2.9608410e-03   2.7372699e+01
  -1.8229633e-01  -1.8189737e-01   4.3288722e+01
  -1.7361209e-01  -1.7321274e-01   4.3288722e+01
   2.9294807e-02   3.0219385e-02   3.9743383e+01
   3.3253717e-02   3.4178717e-02   3.9743383e+01
  -1.6792969e-02  -1.6268222e-02   4.2180251e+01
  -1.4322547e-02  -1.3797651e-02   4.2180251e+01
  -1.1815132e-01  -5.1649751e-02   2.1100783e+01
   1.4664592e-01   2.1522586e-01   2.1100783e+01
   5.9565865e-02   6.0732341e-02   3.8749273e+01
   3.9526379e-02   4.0690152e-02   3.8749273e+01
  -8.9632576e-02  -8.8514491e-02   3.8858806e+01
  -9.8795005e-02  -9.7678086e-02   3.8858806e+01
   1.1302219e-01   1.1373272e-01   4.0929175e+01
   1.1601790e-01   1.1672869e-01   4.0929175e+01
   6.1792073e-02   6.2440107e-02   4.1303173e+01
   2.9719077e-02   3.0364710e-02   4.1303173e+01
   8.1770061e-02   8.3154870e-02   3.8015328e+01
   9.0908643e-02   9.2294924e-02   3.8015328e+01
  -9.8943316e-02  -8.6517191e-02   2.8395528e+01
  -3.8263628e-02  -2.5750956e-02   2.8395528e+01
  -8.9741211e-02  -8.9200653e-02   4.2015077e+01
  -9.0742955e-02  -9.0202459e-02   4.2015077e+01
   2.3022235e-02   2.3805050e-02   4.0463074e+01
   1.2011871e-02   1.2793693e-02   4.0463074e+01
  -5.9034140e-02  -5.6044872e-02   3.4603067e+01
  -4.8178008e-02  -4.5185022e-02   3.4603067e+01
   4.4814419e-02   4.7000894e-02   3.6013168e+01
   6.9230303e-02   7.1422975e-02   3.6013168e+01
   1.5701123e-01   1.5800761e-01   3.9483133e+01
   1.5157746e-01   1.5257320e-01   3.9483133e+01
   3.2194959e-03   5.3239537e-03   3.6158351e+01
   2.1281689e-02   2.3390535e-02   3.6158351e+01
  -2.3291167e-01  -2.3222544e-01   4.0908546e+01
  -2.1962241e-01  -2.1893516e-01   4.0908546e+01
   7.9622150e-02   8.0579844e-02   3.9615871e+01
   9.7090257e-02   9.8049899e-02   3.9615871e+01
   1.3888643e-01   1.4155830e-01   3.5189996e+01
   1.5257319e-01   1.5524936e-01   3.5189996e+01
  -1.4730433e-01  -1.4663580e-01   4.1063902e+01
  -1.4080640e-01  -1.4013738e-01   4.1063902e+01
   2.1833980e-02   2.2876090e-02   3.9219937e+01
   9.4917461e-03   1.0532374e-02   3.9219937e+01
  -2.5941899e-02  -2.5268363e-02   4.1091582e+01
  -1.4322280e-02  -1.3647844e-02   4.1091582e+01
  -6.5316704e-02  -6.4595094e-02   4.0772579e+01
  -5.4598148e-02  -5.3875653e-02   4.0772579e+01
  -8.6255173e-02  -8.5015982e-02   3.8413842e+01
  -6.5291346e-02  -6.4049186e-02   3.8413842e+01
   1.4682662e-02   1.5540558e-02   4.0061148e+01
   2.1322789e-02   2.2181342e-02   4.0061148e+01
   4.8236749e-02   4.8676182e-02   4.2983400e+01
   2.2226683e-02   2.2664797e-02   4.2983400e+01
  -2.2160556e-02  -2.1941852e-02   4.5978500e+01
  -2.5430992e-02  -2.5212369e-02   4.5978500e+01
   5.9448525e-02   5.9657672e-02   4.6213460e+01
   5.5454651e-02   5.5663701e-02   4.6213460e+01
   4.2555292e-02   4.3093718e-02   4.2098214e+01
   4.2157959e-02   4.2696360e-02   4.2098214e+01
   7.5157994e-03   7.8723201e-03   4.3871055e+01
   6.3446144e-03   6.7010870e-03   4.3871055e+01
  -1.0930854e-01  -9.8090385e-02   2.8834552e+01
  -8.9004099e-03   2.4474509e-03   2.8834552e+01
  -2.6237955e-02  -2.5825803e-02   4.3224472e+01
   1.1228338e-03   1.5362841e-03   4.3224472e+01
  -6.2379654e-02  -6.1839678e-02   4.2033321e+01
  -3.2579955e-02  -3.2038134e-02   4.2033321e+01
   2.3895818e-02   2.4564304e-02   4.1149187e+01
   4.5773429e-02   4.6443607e-02   4.1149187e+01
   1.4844085e-02   1.6742451e-02   3.6611773e+01
   1.0064533e-02   1.1961853e-02   3.6611773e+01
  -1.3233897e-01  -1.3078237e-01   3.7400699e+01
  -1.3709881e-01  -1.3554305e-01   3.7400699e+01
   3.1365083e-02   3.1739325e-02   4.3672318e+01
   2.7010426e-02   2.7384481e-02   4.3672318e+01
   2.7164330e-01   2.7193426e-01   4.4887775e+01
   2.7782766e-01   2.7811884e-01   4.4887775e+01
  -1.0808649e-01  -1.0766143e-01   4.3049902e+01
  -1.0797061e-01  -1.0754554e-01   4.3049902e+01
  -1.3886800e-01  -1.3793326e-01   3.9612339e+01
  -1.3261223e-01  -1.3167683e-01   3.9612339e+01
