   2.2190776e+01   2.5261431e+01   2.5154460e+01
   2.2615351e+01   2.6585023e+01   2.4849859e+01
   1.9620506e+01   2.3737282e+01   2.1768095e+01
   1.9167251e+01   2.6396370e+01   2.0088449e+01
   1.7076740e+01   2.7080698e+01   1.7542373e+01
   2.3591872e+01   2.6698193e+01   2.6517506e+01
   1.6954989e+01   2.6430523e+01   1.7484816e+01
   2.5915803e+01   2.6811707e+01   3.3220324e+01
   2.1758028e+01   2.5743852e+01   2.3983794e+01
   2.5773160e+01   2.6691337e+01   3.2982037e+01
   2.4043648e+01   2.5396359e+01   2.9780775e+01
   2.5039494e+01   2.6474009e+01   3.0557588e+01
   2.4001390e+01   2.6126448e+01   2.8135398e+01
   2.5240271e+01   2.6840777e+01   3.0360226e+01
   2.1534532e+01   2.4067735e+01   2.5097873e+01
   2.3344570e+01   2.6878643e+01   2.5896424e+01
   1.6872602e+01   2.5096031e+01   1.7594594e+01
   2.4110617e+01   2.6734775e+01   2.7553974e+01
   2.0005100e+01   2.3744694e+01   2.2409444e+01
   1.7825678e+01   2.4933055e+01   1.8779775e+01
   2.4409747e+01   2.7210990e+01   2.7647925e+01
   2.2729107e+01   2.5393934e+01   2.6127280e+01
   2.5155227e+01   2.6610246e+01   3.0621068e+01
   2.4292849e+01   2.5384911e+01   3.0835365e+01
   2.5042275e+01   2.5777326e+01   3.3130754e+01
   2.4599553e+01   2.5243526e+01   3.3219691e+01
   2.3171105e+01   2.5398077e+01   2.7150321e+01
   2.3340219e+01   2.5392770e+01   2.7593581e+01
   2.1486463e+01   2.6089900e+01   2.3344430e+01
   2.3428301e+01   2.5329202e+01   2.7945101e+01
   2.1671080e+01   2.4116253e+01   2.5348002e+01
   2.1698720e+01   2.5274893e+01   2.4221323e+01
   2.3217606e+01   2.5199829e+01   2.7590500e+01
   2.2931725e+01   2.5350784e+01   2.6639284e+01
   2.4078429e+01   2.7224374e+01   2.6965413e+01
   2.1883777e+01   2.3122099e+01   2.7958857e+01
   2.4904179e+01   2.6572522e+01   2.9876218e+01
   2.2630879e+01   2.3110496e+01   3.2458548e+01
   2.4672458e+01   2.5778686e+01   3.1164699e+01
   2.2492488e+01   2.3092193e+01   3.1408616e+01
   2.3798537e+01   2.5371684e+01   2.8984132e+01
   2.2448654e+01   2.3136802e+01   3.0810249e+01
   2.4571753e+01   2.6114560e+01   2.9825684e+01
   2.2341264e+01   2.3087409e+01   3.0379884e+01
   2.1582021e+01   2.4101284e+01   2.5162899e+01
   2.1570770e+01   2.3102274e+01   2.6861912e+01
   2.3233605e+01   2.5193398e+01   2.7645573e+01
   2.2061033e+01   2.3043597e+01   2.9018787e+01
   2.5584412e+01   2.6599823e+01   3.2403145e+01
   2.6190659e+01   2.7113271e+01   3.3379886e+01
   2.5041184e+01   2.5789525e+01   3.3058264e+01
   2.6187653e+01   2.7068826e+01   3.3556542e+01
   2.4384651e+01   2.5410806e+01   3.1165821e+01
   2.5765093e+01   2.7078222e+01   3.1608398e+01
   2.4771268e+01   2.6136588e+01   3.0472115e+01
   2.5706169e+01   2.7062612e+01   3.1429113e+01
   2.1330982e+01   2.4035493e+01   2.4687358e+01
   2.3871764e+01   2.7133068e+01   2.6653174e+01
   2.3041012e+01   2.5175083e+01   2.7163365e+01
   2.4484149e+01   2.7076457e+01   2.7965504e+01
   2.5198949e+01   2.5782935e+01   3.4212948e+01
   2.5658474e+01   2.6412086e+01   3.3646107e+01
   2.4065969e+01   2.5371681e+01   2.9934441e+01
   2.4883739e+01   2.6440603e+01   3.0104124e+01
   2.4231224e+01   2.6125672e+01   2.8757672e+01
   2.4837898e+01   2.6401461e+01   3.0042875e+01
   2.1468657e+01   2.4058258e+01   2.4961848e+01
   2.2516189e+01   2.6400936e+01   2.4808880e+01
   2.3574598e+01   2.5172425e+01   2.8704768e+01
   2.3957529e+01   2.6424157e+01   2.7599316e+01
   2.2160125e+01   2.5342331e+01   2.5017740e+01
   2.5050533e+01   2.5950317e+01   3.2340141e+01
   2.4962280e+01   2.6101289e+01   3.1342557e+01
   2.4964561e+01   2.5980226e+01   3.1783783e+01
   2.1462448e+01   2.4063324e+01   2.4941830e+01
   2.3483762e+01   2.5981286e+01   2.7086534e+01
   2.3746448e+01   2.5163422e+01   2.9313118e+01
   2.4362454e+01   2.5960849e+01   2.9489164e+01
   2.4151760e+01   2.6112410e+01   2.8559727e+01
   2.3426499e+01   2.5236836e+01   2.8113504e+01
   2.1882095e+01   2.4124480e+01   2.5842661e+01
   2.2072164e+01   2.5222287e+01   2.4960031e+01
   2.3467692e+01   2.5146303e+01   2.8421597e+01
   2.3074532e+01   2.5188407e+01   2.7228863e+01
   2.2033963e+01   2.4105793e+01   2.6259916e+01
   2.2605742e+01   2.5751791e+01   2.5495943e+01
   2.3614542e+01   2.5194250e+01   2.8785669e+01
   2.3396577e+01   2.5767423e+01   2.7168511e+01
   2.3103809e+01   2.5171638e+01   2.7332655e+01
   2.1467992e+01   2.3197735e+01   2.6322970e+01
