   2.2775326e+01   2.4740087e+01   2.7180036e+01
   2.3307448e+01   2.6442883e+01   2.6205958e+01
   1.9266232e+01   2.2255542e+01   2.2323384e+01
   1.9063342e+01   2.5285731e+01   2.0260338e+01
   1.7091266e+01   2.6430196e+01   1.7638781e+01
   2.3656314e+01   2.6495784e+01   2.6854161e+01
   1.6889010e+01   2.5897166e+01   1.7483344e+01
   2.6006113e+01   2.6826499e+01   3.3656519e+01
   2.1841424e+01   2.5614115e+01   2.4215301e+01
   2.6071720e+01   2.6694324e+01   3.4824315e+01
   2.3754926e+01   2.4907903e+01   3.0092311e+01
   2.5489212e+01   2.6482548e+01   3.2393049e+01
   2.3156858e+01   2.5242544e+01   2.7356369e+01
   2.5625094e+01   2.6830290e+01   3.1790034e+01
   2.1061974e+01   2.2436116e+01   2.6753185e+01
   2.4396501e+01   2.6750084e+01   2.8189994e+01
   1.6826421e+01   2.4742951e+01   1.7606273e+01
   2.4184383e+01   2.6512470e+01   2.8014084e+01
   2.0144755e+01   2.2318633e+01   2.4217328e+01
   1.7960413e+01   2.4144000e+01   1.9173496e+01
   2.4854556e+01   2.6575453e+01   2.9716468e+01
   2.2894927e+01   2.5233580e+01   2.6713088e+01
   2.4866020e+01   2.6066117e+01   3.1048670e+01
   2.4128785e+01   2.5393826e+01   3.0115286e+01
   2.5223853e+01   2.5639104e+01   3.5636398e+01
   2.4811428e+01   2.5234102e+01   3.5151831e+01
   2.2937492e+01   2.4827443e+01   2.7475857e+01
   2.3390992e+01   2.5331546e+01   2.7836493e+01
   2.1486313e+01   2.5170144e+01   2.3926834e+01
   2.4064894e+01   2.5302005e+01   3.0135323e+01
   2.1080100e+01   2.2503426e+01   2.6641477e+01
   2.2367268e+01   2.5184728e+01   2.5592512e+01
   2.3649827e+01   2.4892861e+01   2.9703595e+01
   2.3070426e+01   2.5224481e+01   2.7161325e+01
   2.4228668e+01   2.6687995e+01   2.7879440e+01
   2.2251087e+01   2.3099085e+01   2.9783308e+01
   2.4871120e+01   2.6067218e+01   3.1066356e+01
   2.2824570e+01   2.3124250e+01   3.4605918e+01
   2.4816397e+01   2.5647913e+01   3.2416474e+01
   2.2630025e+01   2.3081005e+01   3.2711141e+01
   2.3838917e+01   2.4917330e+01   3.0430936e+01
   2.2703319e+01   2.3132452e+01   3.2989099e+01
   2.4431720e+01   2.5303326e+01   3.1847669e+01
   2.2654405e+01   2.3105402e+01   3.2735251e+01
   2.0049837e+01   2.2523574e+01   2.3696684e+01
   2.2064139e+01   2.3082409e+01   2.8883848e+01
   2.3447425e+01   2.4970641e+01   2.8750829e+01
   2.2496686e+01   2.3110525e+01   3.1318459e+01
   2.5505887e+01   2.6076958e+01   3.4609937e+01
   2.6621639e+01   2.7138779e+01   3.6127786e+01
   2.5177805e+01   2.5658558e+01   3.4986375e+01
   2.6469336e+01   2.7101978e+01   3.5156534e+01
   2.4122410e+01   2.4922668e+01   3.1875900e+01
   2.6311336e+01   2.7095161e+01   3.4141478e+01
   2.4526853e+01   2.5312745e+01   3.2350853e+01
   2.6416507e+01   2.7158099e+01   3.4466567e+01
   2.0877970e+01   2.2414176e+01   2.6161641e+01
   2.5103094e+01   2.7101978e+01   2.9442692e+01
   2.3315002e+01   2.4905750e+01   2.8461969e+01
   2.5088847e+01   2.7043666e+01   2.9505004e+01
   2.5349062e+01   2.5636963e+01   3.7289462e+01
   2.5944391e+01   2.6435096e+01   3.5666933e+01
   2.3548023e+01   2.4826244e+01   2.9497525e+01
   2.4877962e+01   2.6357623e+01   3.0283063e+01
   2.3744004e+01   2.5231137e+01   2.9133722e+01
   2.5269294e+01   2.6385171e+01   3.1726944e+01
   2.1062177e+01   2.2441205e+01   2.6740259e+01
   2.3282464e+01   2.6282034e+01   2.6313732e+01
   2.3946979e+01   2.4897426e+01   3.1026139e+01
   2.4529823e+01   2.6265440e+01   2.9362325e+01
   2.2165237e+01   2.4875436e+01   2.5512034e+01
   2.5531550e+01   2.5960785e+01   3.5806285e+01
   2.4797974e+01   2.5294443e+01   3.4475577e+01
   2.5525979e+01   2.6010887e+01   3.5298298e+01
   2.1275820e+01   2.2520144e+01   2.7335888e+01
   2.4743214e+01   2.5978048e+01   3.0818722e+01
   2.4421794e+01   2.4953654e+01   3.3818739e+01
   2.5349601e+01   2.6002099e+01   3.3914706e+01
   2.3959640e+01   2.5226707e+01   2.9940643e+01
   2.3683412e+01   2.5174061e+01   2.9064704e+01
   2.1470779e+01   2.2560616e+01   2.8032554e+01
   2.2772201e+01   2.5105075e+01   2.6598863e+01
   2.3978028e+01   2.4878983e+01   3.1265631e+01
   2.3392523e+01   2.5064291e+01   2.8361222e+01
   2.1461281e+01   2.2526277e+01   2.8111473e+01
   2.3309275e+01   2.5647604e+01   2.7126709e+01
   2.4132449e+01   2.4924752e+01   3.1925461e+01
   2.3841786e+01   2.5590520e+01   2.8649429e+01
   2.3351231e+01   2.4895907e+01   2.8604214e+01
   2.1415537e+01   2.3134899e+01   2.6292113e+01
