   2.3403643e+01   2.5417079e+01   2.7722460e+01
   2.3786661e+01   2.6879579e+01   2.6724785e+01
   2.0217524e+01   2.3298383e+01   2.3178667e+01
   2.0450725e+01   2.6620273e+01   2.1661024e+01
   1.7258723e+01   2.7347259e+01   1.7714563e+01
   2.4445306e+01   2.6939382e+01   2.8050353e+01
   1.6971362e+01   2.6572749e+01   1.7485124e+01
   2.6189292e+01   2.7087641e+01   3.3482605e+01
   2.2085439e+01   2.6138621e+01   2.4265979e+01
   2.6413951e+01   2.6938394e+01   3.5863174e+01
   2.4522154e+01   2.5503399e+01   3.1475823e+01
   2.5839449e+01   2.6754325e+01   3.3062243e+01
   2.4082675e+01   2.6146818e+01   2.8314927e+01
   2.5998761e+01   2.7121706e+01   3.2430817e+01
   2.1991588e+01   2.3616468e+01   2.7067204e+01
   2.4892706e+01   2.7157285e+01   2.8812222e+01
   1.6994572e+01   2.5329521e+01   1.7696395e+01
   2.4913139e+01   2.6958164e+01   2.9175201e+01
   2.0956529e+01   2.3350951e+01   2.4704741e+01
   1.8784308e+01   2.5086018e+01   1.9957338e+01
   2.5736655e+01   2.7499623e+01   3.0511476e+01
   2.3489867e+01   2.5507507e+01   2.7801309e+01
   2.5416291e+01   2.6753023e+01   3.1194090e+01
   2.4526004e+01   2.5538622e+01   3.1357983e+01
   2.5762539e+01   2.6191676e+01   3.6037650e+01
   2.5004799e+01   2.5360696e+01   3.6058752e+01
   2.3599011e+01   2.5498857e+01   2.8117244e+01
   2.4097543e+01   2.5552626e+01   2.9565832e+01
   2.1897434e+01   2.6132950e+01   2.3963768e+01
   2.4387134e+01   2.5482536e+01   3.0917710e+01
   2.2108531e+01   2.3652220e+01   2.7368474e+01
   2.2882089e+01   2.5457496e+01   2.6388071e+01
   2.4139403e+01   2.5443669e+01   3.0011792e+01
   2.3503290e+01   2.5505671e+01   2.7840665e+01
   2.5230376e+01   2.7504986e+01   2.9134637e+01
   2.2432107e+01   2.3163425e+01   3.0550332e+01
   2.5393264e+01   2.6744874e+01   3.1130066e+01
   2.2888826e+01   2.3175199e+01   3.4860606e+01
   2.5361160e+01   2.6195404e+01   3.2946936e+01
   2.2744733e+01   2.3132747e+01   3.3447725e+01
   2.4373190e+01   2.5505866e+01   3.0776221e+01
   2.2823120e+01   2.3196054e+01   3.3690533e+01
   2.5231038e+01   2.6152148e+01   3.2428708e+01
   2.2760051e+01   2.3154797e+01   3.3391540e+01
   2.1961906e+01   2.3650729e+01   2.6899687e+01
   2.2436782e+01   2.3140943e+01   3.0706254e+01
   2.3609886e+01   2.5432590e+01   2.8272504e+01
   2.2514957e+01   2.3162789e+01   3.1118980e+01
   2.6152469e+01   2.6737525e+01   3.5156776e+01
   2.7012458e+01   2.7438699e+01   3.7312951e+01
   2.5664444e+01   2.6181036e+01   3.5176995e+01
   2.6789871e+01   2.7350349e+01   3.5967338e+01
   2.4604191e+01   2.5502687e+01   3.1900592e+01
   2.6665974e+01   2.7389797e+01   3.4812295e+01
   2.5244597e+01   2.6144605e+01   3.2532750e+01
   2.6678654e+01   2.7402391e+01   3.4825428e+01
   2.1787730e+01   2.3585374e+01   2.6505380e+01
   2.5529491e+01   2.7423085e+01   3.0054769e+01
   2.3912858e+01   2.5413027e+01   2.9270282e+01
   2.5703804e+01   2.7390246e+01   3.0635817e+01
   2.5895930e+01   2.6178035e+01   3.7920402e+01
   2.6219705e+01   2.6631357e+01   3.6665868e+01
   2.4515923e+01   2.5488019e+01   3.1505917e+01
   2.5575479e+01   2.6638209e+01   3.2219036e+01
   2.4539220e+01   2.6147566e+01   2.9643185e+01
   2.5508051e+01   2.6634407e+01   3.1929567e+01
   2.1925374e+01   2.3612410e+01   2.6867081e+01
   2.3676145e+01   2.6589930e+01   2.6794666e+01
   2.4202963e+01   2.5413411e+01   3.0354990e+01
   2.4619642e+01   2.6625869e+01   2.8947685e+01
   2.2519211e+01   2.5459111e+01   2.5613410e+01
   2.5815222e+01   2.6162629e+01   3.6967723e+01
   2.5627796e+01   2.6138858e+01   3.5184485e+01
   2.5805913e+01   2.6175637e+01   3.6698999e+01
   2.1992967e+01   2.3600821e+01   2.7106408e+01
   2.4962816e+01   2.6178841e+01   3.1095526e+01
   2.4988220e+01   2.5416297e+01   3.5275591e+01
   2.5720685e+01   2.6166505e+01   3.5838420e+01
   2.4699599e+01   2.6145102e+01   3.0190514e+01
   2.3989261e+01   2.5423222e+01   2.9511441e+01
   2.2429404e+01   2.3686662e+01   2.8445024e+01
   2.3157066e+01   2.5394463e+01   2.7120780e+01
   2.4464266e+01   2.5395917e+01   3.1619598e+01
   2.3911794e+01   2.5403496e+01   2.9289835e+01
   2.2403158e+01   2.3653722e+01   2.8438915e+01
   2.3602684e+01   2.5951225e+01   2.7405045e+01
   2.4623106e+01   2.5433394e+01   3.2325815e+01
   2.4073644e+01   2.5948668e+01   2.8636276e+01
   2.4081642e+01   2.5428711e+01   2.9834149e+01
   2.2111148e+01   2.3325248e+01   2.8259513e+01
