   2.3269546e+01   2.5352846e+01   2.7472603e+01
   2.3660502e+01   2.6849139e+01   2.6508463e+01
   1.9719956e+01   2.3242256e+01   2.2292839e+01
   1.9507145e+01   2.6482269e+01   2.0489648e+01
   1.7327128e+01   2.7300588e+01   1.7795740e+01
   2.4664996e+01   2.6929366e+01   2.8585268e+01
   1.6998496e+01   2.6540491e+01   1.7519697e+01
   2.6360614e+01   2.7073679e+01   3.4567333e+01
   2.2064803e+01   2.6082478e+01   2.4268650e+01
   2.6342312e+01   2.6924318e+01   3.5367441e+01
   2.4265214e+01   2.5474933e+01   3.0419335e+01
   2.5778250e+01   2.6740469e+01   3.2804777e+01
   2.3997470e+01   2.6109569e+01   2.8152128e+01
   2.5999660e+01   2.7104587e+01   3.2493374e+01
   2.1999890e+01   2.3576644e+01   2.7183663e+01
   2.4786420e+01   2.7109829e+01   2.8621484e+01
   1.7063472e+01   2.5307383e+01   1.7781208e+01
   2.5141400e+01   2.6952154e+01   2.9823368e+01
   2.0912201e+01   2.3326801e+01   2.4633242e+01
   1.8380353e+01   2.4963524e+01   1.9471150e+01
   2.5849220e+01   2.7444273e+01   3.0980274e+01
   2.3572820e+01   2.5507594e+01   2.8028096e+01
   2.5542110e+01   2.6721427e+01   3.1789203e+01
   2.4352396e+01   2.5525495e+01   3.0622399e+01
   2.5716996e+01   2.6134203e+01   3.6108816e+01
   2.4952210e+01   2.5351171e+01   3.5531352e+01
   2.3404656e+01   2.5461129e+01   2.7651340e+01
   2.3543296e+01   2.5517643e+01   2.7928918e+01
   2.1872610e+01   2.6073018e+01   2.3960483e+01
   2.4208360e+01   2.5454577e+01   3.0250835e+01
   2.1912088e+01   2.3613598e+01   2.6823458e+01
   2.2566734e+01   2.5388799e+01   2.5786338e+01
   2.4213505e+01   2.5415172e+01   3.0392959e+01
   2.3524060e+01   2.5499218e+01   2.7908324e+01
   2.4697198e+01   2.7432206e+01   2.8009265e+01
   2.2486161e+01   2.3167954e+01   3.0884809e+01
   2.5373782e+01   2.6707947e+01   3.1158803e+01
   2.2902801e+01   2.3184045e+01   3.4950489e+01
   2.5263076e+01   2.6136612e+01   3.2668120e+01
   2.2705043e+01   2.3141211e+01   3.2923628e+01
   2.4337568e+01   2.5474083e+01   3.0727826e+01
   2.2820927e+01   2.3199018e+01   3.3631226e+01
   2.5196373e+01   2.6113776e+01   3.2409860e+01
   2.2763125e+01   2.3155589e+01   3.3418669e+01
   2.1524941e+01   2.3616773e+01   2.5720376e+01
   2.2249545e+01   2.3130874e+01   2.9630289e+01
   2.4189827e+01   2.5406978e+01   3.0321086e+01
   2.2769049e+01   2.3174662e+01   3.3287856e+01
   2.6039683e+01   2.6704287e+01   3.4529226e+01
   2.6896231e+01   2.7442970e+01   3.6174599e+01
   2.5622160e+01   2.6126279e+01   3.5234881e+01
   2.6725250e+01   2.7349003e+01   3.5469098e+01
   2.4854993e+01   2.5476515e+01   3.3617612e+01
   2.6681327e+01   2.7394507e+01   3.4886791e+01
   2.5338524e+01   2.6110111e+01   3.3233225e+01
   2.6740752e+01   2.7412949e+01   3.5183266e+01
   2.1841870e+01   2.3573658e+01   2.6690954e+01
   2.5519308e+01   2.7428559e+01   3.0016072e+01
   2.4309290e+01   2.5389730e+01   3.0892691e+01
   2.6067227e+01   2.7388983e+01   3.1885601e+01
   2.5845594e+01   2.6123371e+01   3.7935221e+01
   2.6148861e+01   2.6617388e+01   3.6060976e+01
   2.4408297e+01   2.5457053e+01   3.1105572e+01
   2.5443478e+01   2.6611607e+01   3.1726861e+01
   2.4834842e+01   2.6112089e+01   3.0783539e+01
   2.5637374e+01   2.6607103e+01   3.2634032e+01
   2.1908621e+01   2.3579175e+01   2.6885399e+01
   2.3384718e+01   2.6541231e+01   2.6263189e+01
   2.4532384e+01   2.5391157e+01   3.2006292e+01
   2.5043523e+01   2.6616418e+01   3.0226562e+01
   2.2501446e+01   2.5427982e+01   2.5609584e+01
   2.5823589e+01   2.6182318e+01   3.6842340e+01
   2.5600438e+01   2.6100474e+01   3.5246532e+01
   2.5834725e+01   2.6199176e+01   3.6787533e+01
   2.2237110e+01   2.3597264e+01   2.7960344e+01
   2.5149796e+01   2.6196620e+01   3.1852223e+01
   2.4969972e+01   2.5382601e+01   3.5409456e+01
   2.5719703e+01   2.6195344e+01   3.5570815e+01
   2.4647472e+01   2.6092363e+01   3.0140064e+01
   2.3931133e+01   2.5418114e+01   2.9320673e+01
   2.2393834e+01   2.3652634e+01   2.8405007e+01
   2.2978013e+01   2.5358350e+01   2.6738044e+01
   2.4524629e+01   2.5373281e+01   3.2045180e+01
   2.4003510e+01   2.5424249e+01   2.9559670e+01
   2.2376965e+01   2.3617732e+01   2.8442372e+01
   2.3580200e+01   2.5903132e+01   2.7418640e+01
   2.4667903e+01   2.5409905e+01   3.2719895e+01
   2.4154140e+01   2.5967568e+01   2.8833167e+01
   2.4051690e+01   2.5401901e+01   2.9795645e+01
   2.1965210e+01   2.3331567e+01   2.7672813e+01
