   2.3209022e+01   2.5407094e+01   2.7231715e+01
   2.3839557e+01   2.6881403e+01   2.6827435e+01
   2.0573645e+01   2.3204737e+01   2.4020172e+01
   2.0735959e+01   2.6655695e+01   2.2028866e+01
   1.7325716e+01   2.7343198e+01   1.7789352e+01
   2.4779138e+01   2.6953952e+01   2.8833631e+01
   1.7001723e+01   2.6562153e+01   1.7520577e+01
   2.6426488e+01   2.7095860e+01   3.4886509e+01
   2.2074952e+01   2.6118344e+01   2.4261899e+01
   2.6359055e+01   2.6943961e+01   3.5363977e+01
   2.4641980e+01   2.5478487e+01   3.2218955e+01
   2.6012999e+01   2.6757181e+01   3.4049985e+01
   2.4453255e+01   2.6076192e+01   2.9525016e+01
   2.6229521e+01   2.7122708e+01   3.3545298e+01
   2.1978317e+01   2.3488911e+01   2.7317514e+01
   2.4945131e+01   2.7167818e+01   2.8926567e+01
   1.7077286e+01   2.5345035e+01   1.7790725e+01
   2.5186040e+01   2.6958120e+01   2.9943745e+01
   2.1004314e+01   2.3237478e+01   2.4982351e+01
   1.8496024e+01   2.5080804e+01   1.9586001e+01
   2.5905044e+01   2.7493107e+01   3.1051803e+01
   2.3746822e+01   2.5516651e+01   2.8512434e+01
   2.5595871e+01   2.6742428e+01   3.1949617e+01
   2.4624347e+01   2.5544760e+01   3.1826543e+01
   2.5742195e+01   2.6173917e+01   3.5992531e+01
   2.4959699e+01   2.5362007e+01   3.5504172e+01
   2.3556124e+01   2.5471555e+01   2.8046178e+01
   2.3941293e+01   2.5553795e+01   2.9037541e+01
   2.1844062e+01   2.6055286e+01   2.3925359e+01
   2.4138517e+01   2.5486830e+01   2.9887441e+01
   2.2155537e+01   2.3523539e+01   2.7857827e+01
   2.2986272e+01   2.5465741e+01   2.6613759e+01
   2.4161629e+01   2.5454097e+01   3.0067847e+01
   2.3566732e+01   2.5515678e+01   2.7996847e+01
   2.5704579e+01   2.7490136e+01   3.0434652e+01
   2.2691236e+01   2.3166076e+01   3.2559760e+01
   2.5383358e+01   2.6738018e+01   3.1111833e+01
   2.2874673e+01   2.3180345e+01   3.4572727e+01
   2.5324066e+01   2.6177578e+01   3.2820043e+01
   2.2704423e+01   2.3131676e+01   3.3008362e+01
   2.4351887e+01   2.5475360e+01   3.0786028e+01
   2.2815783e+01   2.3192426e+01   3.3642061e+01
   2.5180870e+01   2.6072518e+01   3.2505695e+01
   2.2765432e+01   2.3156534e+01   3.3435398e+01
   2.2113764e+01   2.3518739e+01   2.7717758e+01
   2.2448315e+01   2.3136233e+01   3.0811259e+01
   2.4032027e+01   2.5446401e+01   2.9604612e+01
   2.2694950e+01   2.3167589e+01   3.2582571e+01
   2.6146181e+01   2.6725102e+01   3.5193301e+01
   2.6995137e+01   2.7437373e+01   3.7143512e+01
   2.5645100e+01   2.6163296e+01   3.5145018e+01
   2.6733422e+01   2.7352207e+01   3.5509566e+01
   2.4964871e+01   2.5472704e+01   3.4549248e+01
   2.6838412e+01   2.7394632e+01   3.6046830e+01
   2.5395248e+01   2.6063212e+01   3.3865997e+01
   2.6796257e+01   2.7421298e+01   3.5531647e+01
   2.1699178e+01   2.3460573e+01   2.6488959e+01
   2.5510166e+01   2.7430309e+01   2.9987269e+01
   2.4126343e+01   2.5426917e+01   3.0009335e+01
   2.5851513e+01   2.7401305e+01   3.1086391e+01
   2.5881618e+01   2.6155404e+01   3.8032028e+01
   2.6195252e+01   2.6648641e+01   3.6242496e+01
   2.4475212e+01   2.5455944e+01   3.1431039e+01
   2.5439345e+01   2.6647307e+01   3.1596033e+01
   2.4745558e+01   2.6072312e+01   3.0552713e+01
   2.5694452e+01   2.6656851e+01   3.2720427e+01
   2.1868304e+01   2.3491401e+01   2.6948400e+01
   2.3484215e+01   2.6598386e+01   2.6402564e+01
   2.4577356e+01   2.5427691e+01   3.2089962e+01
   2.5074639e+01   2.6643037e+01   3.0267942e+01
   2.2506148e+01   2.5428434e+01   2.5618709e+01
   2.5777842e+01   2.6136085e+01   3.6802361e+01
   2.5610552e+01   2.6057590e+01   3.5717301e+01
   2.5803624e+01   2.6153013e+01   3.6932412e+01
   2.1813804e+01   2.3485057e+01   2.6789508e+01
   2.4969406e+01   2.6143291e+01   3.1235263e+01
   2.4864516e+01   2.5425290e+01   3.4044283e+01
   2.5548058e+01   2.6142033e+01   3.4492367e+01
   2.4687693e+01   2.6068858e+01   3.0346100e+01
   2.4056041e+01   2.5407021e+01   2.9797876e+01
   2.2449415e+01   2.3560345e+01   2.8933111e+01
   2.3209206e+01   2.5391712e+01   2.7255675e+01
   2.4536166e+01   2.5405412e+01   3.1962448e+01
   2.4061115e+01   2.5392645e+01   2.9856746e+01
   2.2361291e+01   2.3530222e+01   2.8651833e+01
   2.3679441e+01   2.5926130e+01   2.7627962e+01
   2.4663349e+01   2.5445063e+01   3.2508084e+01
   2.4325753e+01   2.5929286e+01   2.9441016e+01
   2.4056722e+01   2.5436360e+01   2.9720888e+01
   2.2107787e+01   2.3325908e+01   2.8243707e+01
