   1.5650808e+01   2.2924974e+01   1.6573700e+01
   1.6092666e+01   2.6196670e+01   1.6549251e+01
   1.1643478e+01   2.2674330e+01   1.2023670e+01
   1.1546915e+01   2.4524293e+01   1.1786715e+01
   1.5888499e+01   2.5278355e+01   1.6432340e+01
   2.0468169e+01   2.6895609e+01   2.1598860e+01
   1.6255916e+01   2.4606785e+01   1.6957305e+01
   2.3289468e+01   2.6882813e+01   2.5794707e+01
   2.0228011e+01   2.3648897e+01   2.2881916e+01
   2.4123463e+01   2.6716259e+01   2.7604955e+01
   2.1080947e+01   2.3446226e+01   2.4868661e+01
   2.2347199e+01   2.6508087e+01   2.4458468e+01
   2.2185249e+01   2.4518585e+01   2.6013193e+01
   2.3349023e+01   2.6675203e+01   2.6074197e+01
   1.8428236e+01   2.2885216e+01   2.0377516e+01
   1.8936228e+01   2.6142390e+01   1.9863401e+01
   1.5782283e+01   2.2739054e+01   1.6782708e+01
   2.0923196e+01   2.6704240e+01   2.2264731e+01
   1.1439867e+01   2.2787650e+01   1.1793366e+01
   1.0967962e+01   2.2949174e+01   1.1274245e+01
   2.0152023e+01   2.5472712e+01   2.1674543e+01
   1.9770359e+01   2.5328160e+01   2.1198376e+01
   2.2235454e+01   2.4831712e+01   2.5717722e+01
   2.2487929e+01   2.5400330e+01   2.5610892e+01
   2.2367339e+01   2.3703601e+01   2.8155750e+01
   2.3298909e+01   2.5240924e+01   2.7742084e+01
   2.1041899e+01   2.3479251e+01   2.4731836e+01
   2.1779483e+01   2.5627920e+01   2.4099394e+01
   2.0474586e+01   2.4429635e+01   2.2725016e+01
   2.2187576e+01   2.5255050e+01   2.5154375e+01
   1.8678370e+01   2.3020233e+01   2.0692612e+01
   1.8345827e+01   2.4683164e+01   1.9509317e+01
   1.9824261e+01   2.2837047e+01   2.2854616e+01
   2.0368495e+01   2.5456582e+01   2.1991585e+01
   1.9973033e+01   2.5473460e+01   2.1422941e+01
   1.9231105e+01   2.3039952e+01   2.1588646e+01
   2.1969724e+01   2.4762855e+01   2.5223106e+01
   2.1357032e+01   2.3245932e+01   2.5903578e+01
   2.2675201e+01   2.3695121e+01   2.9485871e+01
   2.2215586e+01   2.3163668e+01   2.9311299e+01
   2.1803768e+01   2.3452747e+01   2.6827460e+01
   2.1521665e+01   2.3205424e+01   2.6472134e+01
   2.2637581e+01   2.4597278e+01   2.7051641e+01
   2.1385051e+01   2.3090664e+01   2.6290286e+01
   1.8537377e+01   2.3236462e+01   2.0355371e+01
   1.8299924e+01   2.3175521e+01   2.0030425e+01
   1.9694588e+01   2.2852054e+01   2.2585009e+01
   1.9661265e+01   2.2955239e+01   2.2427225e+01
   2.2499708e+01   2.4795119e+01   2.6380591e+01
   2.3974464e+01   2.7251042e+01   2.6742044e+01
   2.2268440e+01   2.3703028e+01   2.7795052e+01
   2.4450876e+01   2.7101846e+01   2.7861396e+01
   2.1173458e+01   2.3471502e+01   2.5055674e+01
   2.2639959e+01   2.7138907e+01   2.4552068e+01
   2.2578596e+01   2.4617542e+01   2.6857014e+01
   2.3716444e+01   2.7171126e+01   2.6331964e+01
   1.8504924e+01   2.3057114e+01   2.0401063e+01
   1.9340562e+01   2.7018941e+01   2.0161917e+01
   1.9888983e+01   2.2858912e+01   2.2962461e+01
   2.1159976e+01   2.6905472e+01   2.2513926e+01
   2.2382497e+01   2.3709906e+01   2.8195549e+01
   2.4062324e+01   2.6484916e+01   2.7762243e+01
   1.9064469e+01   2.3430958e+01   2.1062492e+01
   1.9718099e+01   2.6341467e+01   2.0793895e+01
   2.2286985e+01   2.4505788e+01   2.6281272e+01
   2.3116424e+01   2.6322699e+01   2.5949327e+01
   1.5519065e+01   2.2915334e+01   1.6414342e+01
   1.5616231e+01   2.5872514e+01   1.6057461e+01
   1.6921165e+01   2.2842796e+01   1.8226560e+01
   1.7334781e+01   2.6194921e+01   1.7950070e+01
   2.0527195e+01   2.3420231e+01   2.3677728e+01
   2.3163137e+01   2.5915568e+01   2.6458698e+01
   2.2606648e+01   2.4558368e+01   2.7034869e+01
   2.3099255e+01   2.5923858e+01   2.6314635e+01
   1.8635694e+01   2.3208223e+01   2.0520162e+01
   1.9089310e+01   2.5802631e+01   2.0141745e+01
   1.6903559e+01   2.2801420e+01   1.8217367e+01
   1.7394834e+01   2.6002310e+01   1.8049649e+01
   2.1717129e+01   2.4323693e+01   2.5188599e+01
   2.1937555e+01   2.4993440e+01   2.4916477e+01
   1.8670651e+01   2.3006115e+01   2.0688693e+01
   1.8530780e+01   2.4482362e+01   1.9818864e+01
   1.6801234e+01   2.2805956e+01   1.8078629e+01
   1.7150863e+01   2.5012486e+01   1.7940501e+01
   1.9807139e+01   2.3121702e+01   2.2554217e+01
   1.9736877e+01   2.4852916e+01   2.1349312e+01
   2.0679790e+01   2.2843028e+01   2.4765913e+01
   2.1531465e+01   2.5522522e+01   2.3754358e+01
   1.8872865e+01   2.2806075e+01   2.1145122e+01
   1.9301380e+01   2.3390680e+01   2.1467965e+01
