   2.4887710e+01   2.5291432e+01   3.5417846e+01
   2.4458776e+01   2.6678571e+01   2.8445536e+01
   2.2678218e+01   2.3105739e+01   3.2979681e+01
   2.5613368e+01   2.6686946e+01   3.2217912e+01
   1.7449305e+01   2.7038477e+01   1.7963602e+01
   2.5998247e+01   2.6764556e+01   3.3918708e+01
   1.6996031e+01   2.6294769e+01   1.7549183e+01
   2.6390964e+01   2.6870003e+01   3.6211330e+01
   2.2035004e+01   2.6057472e+01   2.4235768e+01
   2.6159437e+01   2.6717613e+01   3.5354902e+01
   2.4840551e+01   2.5301556e+01   3.4822594e+01
   2.6009569e+01   2.6534865e+01   3.5453009e+01
   2.5180624e+01   2.5852190e+01   3.3630311e+01
   2.6384401e+01   2.6889671e+01   3.5986078e+01
   2.2874757e+01   2.3334895e+01   3.2871857e+01
   2.6023745e+01   2.6950923e+01   3.3194057e+01
   1.7189518e+01   2.5181345e+01   1.7953615e+01
   2.6088893e+01   2.6771986e+01   3.4468131e+01
   2.2596984e+01   2.3092473e+01   3.2291138e+01
   2.4425457e+01   2.5277046e+01   3.1932706e+01
   2.6439737e+01   2.7157891e+01   3.4617883e+01
   2.4913546e+01   2.5426618e+01   3.4456046e+01
   2.5900874e+01   2.6467366e+01   3.5036733e+01
   2.5128196e+01   2.5423244e+01   3.6966248e+01
   2.5625276e+01   2.6088649e+01   3.5584114e+01
   2.4852996e+01   2.5248770e+01   3.5465700e+01
   2.4589620e+01   2.5295680e+01   3.2840106e+01
   2.5075655e+01   2.5442186e+01   3.6006758e+01
   2.2431322e+01   2.5820537e+01   2.5104485e+01
   2.5001872e+01   2.5380954e+01   3.5793112e+01
   2.2880835e+01   2.3354467e+01   3.2758945e+01
   2.4697407e+01   2.5369745e+01   3.3143802e+01
   2.4771031e+01   2.5287792e+01   3.4284627e+01
   2.4949244e+01   2.5403181e+01   3.4994625e+01
   2.5413104e+01   2.7169264e+01   3.0202163e+01
   2.2663449e+01   2.3141387e+01   3.2505376e+01
   2.5089900e+01   2.6444988e+01   3.0817844e+01
   2.2812318e+01   2.3142828e+01   3.4183533e+01
   2.5212300e+01   2.6086782e+01   3.2613220e+01
   2.2677724e+01   2.3098570e+01   3.3044286e+01
   2.4165591e+01   2.5272597e+01   3.0656565e+01
   2.2768724e+01   2.3153502e+01   3.3506395e+01
   2.4952718e+01   2.5823155e+01   3.2372486e+01
   2.2714352e+01   2.3111260e+01   3.3323412e+01
   2.2630800e+01   2.3333149e+01   3.0909668e+01
   2.2515283e+01   2.3092256e+01   3.1588118e+01
   2.4030926e+01   2.5277981e+01   3.0071394e+01
   2.2675266e+01   2.3114873e+01   3.2861561e+01
   2.5881232e+01   2.6460814e+01   3.4924297e+01
   2.6752059e+01   2.7208264e+01   3.6772663e+01
   2.5541673e+01   2.6101577e+01   3.4725972e+01
   2.6516448e+01   2.7127565e+01   3.5343432e+01
   2.4783756e+01   2.5295628e+01   3.4336221e+01
   2.6603705e+01   2.7159165e+01   3.5818139e+01
   2.5255785e+01   2.5836916e+01   3.4289530e+01
   2.6603630e+01   2.7180452e+01   3.5664575e+01
   2.2789556e+01   2.3305196e+01   3.2319443e+01
   2.6029782e+01   2.7211204e+01   3.2269146e+01
   2.4716177e+01   2.5276075e+01   3.3902742e+01
   2.6479585e+01   2.7179402e+01   3.4761096e+01
   2.5785989e+01   2.6087156e+01   3.7536154e+01
   2.6021701e+01   2.6453528e+01   3.6270381e+01
   2.4984157e+01   2.5274469e+01   3.6890573e+01
   2.6074442e+01   2.6456653e+01   3.6828771e+01
   2.5507649e+01   2.5847459e+01   3.6753219e+01
   2.6074244e+01   2.6459143e+01   3.6799452e+01
   2.2944217e+01   2.3327967e+01   3.3692178e+01
   2.5593409e+01   2.6457798e+01   3.3038996e+01
   2.4923450e+01   2.5262810e+01   3.6176164e+01
   2.5948029e+01   2.6454172e+01   3.5543568e+01
   2.2388340e+01   2.5238772e+01   2.5577599e+01
   2.5702658e+01   2.6081644e+01   3.6493078e+01
   2.5355296e+01   2.5810666e+01   3.5386573e+01
   2.5725250e+01   2.6105897e+01   3.6497432e+01
   2.2860503e+01   2.3309279e+01   3.2960724e+01
   2.5360110e+01   2.6112753e+01   3.3353569e+01
   2.4804224e+01   2.5250729e+01   3.4918091e+01
   2.5617834e+01   2.6103895e+01   3.5380170e+01
   2.5417507e+01   2.5847114e+01   3.5688949e+01
   2.4419867e+01   2.5282241e+01   3.1877657e+01
   2.2963373e+01   2.3388490e+01   3.3286811e+01
   2.4276034e+01   2.5283605e+01   3.1128016e+01
   2.4818703e+01   2.5242827e+01   3.5144915e+01
   2.4815692e+01   2.5290522e+01   3.4676235e+01
   2.2903409e+01   2.3338601e+01   3.3130303e+01
   2.5073932e+01   2.5851701e+01   3.2937625e+01
   2.4844752e+01   2.5277608e+01   3.5086649e+01
   2.5296388e+01   2.5831879e+01   3.4663026e+01
   2.4404175e+01   2.5265721e+01   3.1865786e+01
   2.2790563e+01   2.3288982e+01   3.2459609e+01
