   2.5076949e+01   2.5463323e+01   3.5788803e+01
   2.4653789e+01   2.6902447e+01   2.8597175e+01
   2.2969216e+01   2.3356653e+01   3.3677331e+01
   2.5890667e+01   2.6891935e+01   3.2762903e+01
   1.7499662e+01   2.7389003e+01   1.7977624e+01
   2.6403258e+01   2.6987817e+01   3.5410502e+01
   1.7033948e+01   2.6585979e+01   1.7553795e+01
   2.6659170e+01   2.7097226e+01   3.6847370e+01
   2.2091064e+01   2.6153359e+01   2.4265672e+01
   2.6479420e+01   2.6941544e+01   3.6447466e+01
   2.5046682e+01   2.5502350e+01   3.5076095e+01
   2.6256033e+01   2.6761662e+01   3.5855062e+01
   2.5442708e+01   2.6158331e+01   3.3637111e+01
   2.6593969e+01   2.7125502e+01   3.5987976e+01
   2.3086135e+01   2.3627495e+01   3.2415784e+01
   2.6135904e+01   2.7173617e+01   3.2869824e+01
   1.7223599e+01   2.5367373e+01   1.7959050e+01
   2.6348580e+01   2.6979699e+01   3.5045745e+01
   2.2947985e+01   2.3371982e+01   3.3282411e+01
   2.4650919e+01   2.5401453e+01   3.2657426e+01
   2.6858009e+01   2.7535831e+01   3.5266852e+01
   2.5174410e+01   2.5546632e+01   3.6041117e+01
   2.6214629e+01   2.6767004e+01   3.5452526e+01
   2.5289008e+01   2.5549606e+01   3.7648860e+01
   2.5769184e+01   2.6207224e+01   3.5959461e+01
   2.5039525e+01   2.5361999e+01   3.6505267e+01
   2.4781125e+01   2.5507454e+01   3.2917939e+01
   2.5218611e+01   2.5577209e+01   3.6240444e+01
   2.2575366e+01   2.6145656e+01   2.5100242e+01
   2.5100726e+01   2.5496333e+01   3.5714465e+01
   2.3085405e+01   2.3645184e+01   3.2278684e+01
   2.4755759e+01   2.5507764e+01   3.2754177e+01
   2.4967131e+01   2.5475775e+01   3.4544967e+01
   2.5132845e+01   2.5544409e+01   3.5582576e+01
   2.5798463e+01   2.7523967e+01   3.0649045e+01
   2.2803250e+01   2.3168129e+01   3.3761658e+01
   2.5420047e+01   2.6752910e+01   3.1208599e+01
   2.2898299e+01   2.3174481e+01   3.5022396e+01
   2.5371216e+01   2.6210863e+01   3.2931535e+01
   2.2760537e+01   2.3129693e+01   3.3670622e+01
   2.4367835e+01   2.5494206e+01   3.0792121e+01
   2.2822485e+01   2.3192665e+01   3.3720746e+01
   2.5213818e+01   2.6142793e+01   3.2378379e+01
   2.2752568e+01   2.3156176e+01   3.3292003e+01
   2.2902762e+01   2.3632156e+01   3.1029353e+01
   2.2544853e+01   2.3133710e+01   3.1534752e+01
   2.4240674e+01   2.5458075e+01   3.0371012e+01
   2.2781471e+01   2.3169156e+01   3.3487805e+01
   2.6174497e+01   2.6744659e+01   3.5283503e+01
   2.7025759e+01   2.7440786e+01   3.7436519e+01
   2.5673419e+01   2.6197383e+01   3.5128003e+01
   2.6847953e+01   2.7355892e+01   3.6427149e+01
   2.4973016e+01   2.5494611e+01   3.4447954e+01
   2.6847239e+01   2.7394394e+01   3.6122588e+01
   2.5518012e+01   2.6137385e+01   3.4292892e+01
   2.6805382e+01   2.7413862e+01   3.5649318e+01
   2.3060604e+01   2.3594740e+01   3.2445201e+01
   2.6212838e+01   2.7433028e+01   3.2330065e+01
   2.4907720e+01   2.5449259e+01   3.4229591e+01
   2.6764732e+01   2.7401734e+01   3.5423670e+01
   2.5907044e+01   2.6190818e+01   3.7906711e+01
   2.6301808e+01   2.6639383e+01   3.7573049e+01
   2.5192599e+01   2.5486134e+01   3.7052033e+01
   2.6280603e+01   2.6646217e+01   3.7219136e+01
   2.5756304e+01   2.6156313e+01   3.6322428e+01
   2.6220419e+01   2.6642559e+01   3.6562456e+01
   2.3185556e+01   2.3626488e+01   3.3357091e+01
   2.5642529e+01   2.6629308e+01   3.2571650e+01
   2.5133152e+01   2.5447335e+01   3.6707685e+01
   2.6214124e+01   2.6650319e+01   3.6420815e+01
   2.2511565e+01   2.5447755e+01   2.5609633e+01
   2.5801964e+01   2.6148323e+01   3.6967105e+01
   2.5650364e+01   2.6129127e+01   3.5474763e+01
   2.5791313e+01   2.6163936e+01   3.6651933e+01
   2.3136292e+01   2.3603845e+01   3.3066401e+01
   2.5421628e+01   2.6175911e+01   3.3406275e+01
   2.5010266e+01   2.5437828e+01   3.5302549e+01
   2.5745134e+01   2.6165297e+01   3.6107675e+01
   2.5708300e+01   2.6159051e+01   3.5780704e+01
   2.4551740e+01   2.5432873e+01   3.1924700e+01
   2.3143477e+01   2.3677663e+01   3.2527336e+01
   2.4273934e+01   2.5443779e+01   3.0554677e+01
   2.5029805e+01   2.5430366e+01   3.5592130e+01
   2.5019781e+01   2.5436613e+01   3.5417166e+01
   2.3006613e+01   2.3637375e+01   3.1716118e+01
   2.4853290e+01   2.5997130e+01   3.1217757e+01
   2.5039746e+01   2.5460619e+01   3.5397145e+01
   2.5509782e+01   2.5991692e+01   3.5307611e+01
   2.4605053e+01   2.5459673e+01   3.2097805e+01
   2.2905310e+01   2.3362970e+01   3.2924518e+01
