   2.4923886e+01   2.5313614e+01   3.5600279e+01
   2.4476346e+01   2.6624339e+01   2.8573120e+01
   2.2881550e+01   2.3263239e+01   3.3652180e+01
   2.5650700e+01   2.6621633e+01   3.2642519e+01
   1.7458784e+01   2.7020971e+01   1.7976460e+01
   2.6148371e+01   2.6725578e+01   3.5207529e+01
   1.7006744e+01   2.6348977e+01   1.7554010e+01
   2.6387138e+01   2.6806924e+01   3.6751949e+01
   2.1971494e+01   2.5866455e+01   2.4258435e+01
   2.6239909e+01   2.6677517e+01   3.6433186e+01
   2.4888739e+01   2.5329945e+01   3.5051618e+01
   2.6008761e+01   2.6486017e+01   3.5845271e+01
   2.5260986e+01   2.5947889e+01   3.3619825e+01
   2.6335620e+01   2.6837951e+01   3.5961293e+01
   2.2969260e+01   2.3530002e+01   3.2156051e+01
   2.5864358e+01   2.6899939e+01   3.2606725e+01
   1.7195419e+01   2.5180054e+01   1.7960879e+01
   2.6087849e+01   2.6714730e+01   3.4812759e+01
   2.2821650e+01   2.3234850e+01   3.3263416e+01
   2.4466785e+01   2.5245560e+01   3.2327034e+01
   2.6508870e+01   2.7136407e+01   3.5228704e+01
   2.5031074e+01   2.5416581e+01   3.5752381e+01
   2.5988366e+01   2.6518022e+01   3.5398074e+01
   2.5145057e+01   2.5398314e+01   3.7625807e+01
   2.5478030e+01   2.5894503e+01   3.5877731e+01
   2.4922432e+01   2.5234321e+01   3.6528273e+01
   2.4620550e+01   2.5325661e+01   3.2876329e+01
   2.5067563e+01   2.5417271e+01   3.6194489e+01
   2.2466172e+01   2.5910939e+01   2.5092664e+01
   2.4959621e+01   2.5344474e+01   3.5688193e+01
   2.2955800e+01   2.3555044e+01   3.1872896e+01
   2.4537169e+01   2.5344522e+01   3.2254471e+01
   2.4793113e+01   2.5283172e+01   3.4524043e+01
   2.4964300e+01   2.5377914e+01   3.5393920e+01
   2.5536405e+01   2.7158668e+01   3.0607294e+01
   2.2748087e+01   2.3105087e+01   3.3797716e+01
   2.5214767e+01   2.6497349e+01   3.1146996e+01
   2.2843193e+01   2.3114819e+01   3.5037567e+01
   2.5100416e+01   2.5900055e+01   3.2854151e+01
   2.2717476e+01   2.3076118e+01   3.3748138e+01
   2.4208854e+01   2.5301633e+01   3.0749104e+01
   2.2759594e+01   2.3122156e+01   3.3744746e+01
   2.5017647e+01   2.5919375e+01   3.2298899e+01
   2.2693856e+01   2.3089450e+01   3.3316771e+01
   2.2813634e+01   2.3535441e+01   3.0982373e+01
   2.2479676e+01   2.3058296e+01   3.1541108e+01
   2.4095164e+01   2.5277938e+01   3.0334824e+01
   2.2710406e+01   2.3088737e+01   3.3518595e+01
   2.5968767e+01   2.6515760e+01   3.5247094e+01
   2.6738884e+01   2.7133730e+01   3.7356771e+01
   2.5421207e+01   2.5911149e+01   3.5151391e+01
   2.6595572e+01   2.7072065e+01   3.6437437e+01
   2.4826001e+01   2.5330317e+01   3.4439241e+01
   2.6562163e+01   2.7074739e+01   3.6104700e+01
   2.5343127e+01   2.5937864e+01   3.4282750e+01
   2.6530227e+01   2.7101106e+01   3.5633404e+01
   2.2979269e+01   2.3501982e+01   3.2452563e+01
   2.5982582e+01   2.7133268e+01   3.2321898e+01
   2.4750253e+01   2.5274810e+01   3.4202673e+01
   2.6462034e+01   2.7096834e+01   3.5135509e+01
   2.5623140e+01   2.5894349e+01   3.7814008e+01
   2.6043463e+01   2.6419722e+01   3.6863098e+01
   2.4996510e+01   2.5300133e+01   3.6714722e+01
   2.5985232e+01   2.6424198e+01   3.6166284e+01
   2.5565413e+01   2.5941209e+01   3.6391327e+01
   2.6018205e+01   2.6417551e+01   3.6590587e+01
   2.3103096e+01   2.3519672e+01   3.3509892e+01
   2.5507577e+01   2.6423288e+01   3.2727531e+01
   2.4958482e+01   2.5259284e+01   3.6715968e+01
   2.6008393e+01   2.6426560e+01   3.6390029e+01
   2.2414512e+01   2.5272470e+01   2.5595572e+01
   2.5603736e+01   2.5937406e+01   3.6925223e+01
   2.5455040e+01   2.5908937e+01   3.5499412e+01
   2.5601164e+01   2.5961266e+01   3.6604554e+01
   2.3055860e+01   2.3511736e+01   3.3090480e+01
   2.5243260e+01   2.5969021e+01   3.3381970e+01
   2.4847830e+01   2.5254754e+01   3.5345348e+01
   2.5550925e+01   2.5956318e+01   3.6062139e+01
   2.5474306e+01   2.5941376e+01   3.5400820e+01
   2.4362478e+01   2.5248464e+01   3.1714467e+01
   2.2997091e+01   2.3580543e+01   3.2022342e+01
   2.4083968e+01   2.5263797e+01   3.0333092e+01
   2.4853177e+01   2.5238174e+01   3.5580504e+01
   2.4855663e+01   2.5261144e+01   3.5367880e+01
   2.2874130e+01   2.3531578e+01   3.1417157e+01
   2.4515292e+01   2.5819878e+01   3.0385740e+01
   2.4865827e+01   2.5271188e+01   3.5379234e+01
   2.5336146e+01   2.5801938e+01   3.5274284e+01
   2.4440734e+01   2.5258968e+01   3.2105416e+01
   2.2831213e+01   2.3278808e+01   3.2942442e+01
