   2.2908197e+01   2.4917959e+01   2.7234766e+01
   2.3530288e+01   2.6412718e+01   2.6682247e+01
   1.9173316e+01   2.2094473e+01   2.2301358e+01
   1.8753858e+01   2.3405392e+01   2.0595651e+01
   1.7396883e+01   2.7100738e+01   1.7897103e+01
   2.5158201e+01   2.6781913e+01   3.0226649e+01
   1.7006110e+01   2.6385740e+01   1.7548390e+01
   2.6390159e+01   2.6874594e+01   3.6164526e+01
   2.2047853e+01   2.6098520e+01   2.4230121e+01
   2.6135726e+01   2.6725335e+01   3.5108623e+01
   2.4398620e+01   2.5380645e+01   3.1349562e+01
   2.5665284e+01   2.6547181e+01   3.3032046e+01
   2.4592560e+01   2.5997731e+01   3.0187670e+01
   2.6078031e+01   2.6895878e+01   3.3740528e+01
   2.1751179e+01   2.3197477e+01   2.7250294e+01
   2.4504833e+01   2.6453330e+01   2.8933378e+01
   1.7132127e+01   2.5222710e+01   1.7877707e+01
   2.5461582e+01   2.6758497e+01   3.1351795e+01
   2.0526972e+01   2.3099359e+01   2.4045566e+01
   1.8062119e+01   2.3753172e+01   1.9445419e+01
   2.6023026e+01   2.7218920e+01   3.2216408e+01
   2.4212991e+01   2.5417245e+01   3.0384336e+01
   2.5802768e+01   2.6528352e+01   3.3941128e+01
   2.4748063e+01   2.5379359e+01   3.3447966e+01
   2.5667331e+01   2.6136173e+01   3.5577778e+01
   2.4845806e+01   2.5250834e+01   3.5362680e+01
   2.3702573e+01   2.5280728e+01   2.8876984e+01
   2.3644817e+01   2.5240825e+01   2.8778875e+01
   2.1765716e+01   2.5748021e+01   2.3993812e+01
   2.3945589e+01   2.5207191e+01   2.9942824e+01
   2.1766134e+01   2.3425570e+01   2.6767394e+01
   2.1996725e+01   2.4840454e+01   2.5194465e+01
   2.4282895e+01   2.5327172e+01   3.0996981e+01
   2.4034058e+01   2.5397539e+01   2.9741845e+01
   2.5486366e+01   2.7238723e+01   3.0282933e+01
   2.2662763e+01   2.3135084e+01   3.2553304e+01
   2.5234522e+01   2.6534797e+01   3.1115577e+01
   2.2858234e+01   2.3145471e+01   3.4817500e+01
   2.5221175e+01   2.6131265e+01   3.2465844e+01
   2.2664057e+01   2.3106780e+01   3.2821252e+01
   2.4200538e+01   2.5365761e+01   3.0496489e+01
   2.2749922e+01   2.3163179e+01   3.3191464e+01
   2.5008959e+01   2.5983062e+01   3.1989646e+01
   2.2681861e+01   2.3110870e+01   3.2968950e+01
   2.1770968e+01   2.3573965e+01   2.6478245e+01
   2.2127727e+01   2.3104673e+01   2.9107379e+01
   2.4027266e+01   2.5316869e+01   2.9942154e+01
   2.2661129e+01   2.3115497e+01   3.2711237e+01
   2.5965849e+01   2.6552557e+01   3.4959122e+01
   2.6763353e+01   2.7223458e+01   3.6748867e+01
   2.5571450e+01   2.6146252e+01   3.4648875e+01
   2.6495216e+01   2.7137281e+01   3.5122733e+01
   2.4829130e+01   2.5388048e+01   3.4022495e+01
   2.6472560e+01   2.7169701e+01   3.4769432e+01
   2.5332733e+01   2.5997881e+01   3.3820624e+01
   2.6522365e+01   2.7186801e+01   3.5011955e+01
   2.1624645e+01   2.3485020e+01   2.6222937e+01
   2.5212076e+01   2.7177203e+01   2.9609901e+01
   2.4571370e+01   2.5314148e+01   3.2619480e+01
   2.6286755e+01   2.7168581e+01   3.3652554e+01
   2.5810634e+01   2.6133487e+01   3.7269421e+01
   2.5981496e+01   2.6457084e+01   3.5832468e+01
   2.4392039e+01   2.5254284e+01   3.1850501e+01
   2.5125393e+01   2.6299076e+01   3.1391530e+01
   2.4606138e+01   2.5890097e+01   3.0535819e+01
   2.5451572e+01   2.6376123e+01   3.2634177e+01
   2.1573515e+01   2.3199927e+01   2.6647646e+01
   2.2678108e+01   2.5593104e+01   2.5797813e+01
   2.4616549e+01   2.5302957e+01   3.2980043e+01
   2.5255047e+01   2.6460568e+01   3.1419769e+01
   2.2420783e+01   2.5331150e+01   2.5546077e+01
   2.5692231e+01   2.6094185e+01   3.6238404e+01
   2.5423089e+01   2.5970046e+01   3.4702974e+01
   2.5657195e+01   2.6117630e+01   3.5642144e+01
   2.2110096e+01   2.3554355e+01   2.7612740e+01
   2.4912520e+01   2.6128586e+01   3.1045226e+01
   2.4777923e+01   2.5287652e+01   3.4347581e+01
   2.5542477e+01   2.6119444e+01   3.4604702e+01
   2.4407234e+01   2.5651728e+01   3.0454354e+01
   2.3716683e+01   2.5061005e+01   2.9477850e+01
   2.2069567e+01   2.3395880e+01   2.7887066e+01
   2.2418420e+01   2.4630963e+01   2.6421679e+01
   2.4464787e+01   2.5272271e+01   3.2181657e+01
   2.3994388e+01   2.5243776e+01   3.0027950e+01
   2.2198366e+01   2.3420652e+01   2.8321014e+01
   2.3006496e+01   2.5153727e+01   2.7108258e+01
   2.4569782e+01   2.5324741e+01   3.2553130e+01
   2.4188414e+01   2.5805163e+01   2.9274553e+01
   2.4090889e+01   2.5295905e+01   3.0260201e+01
   2.2136511e+01   2.3247261e+01   2.8622250e+01
