   2.2804840e+01   2.5231563e+01   2.6502490e+01
   2.3754948e+01   2.6780224e+01   2.6759430e+01
   2.0371182e+01   2.2981115e+01   2.3844347e+01
   2.0642469e+01   2.6119970e+01   2.2099707e+01
   1.7314642e+01   2.7211417e+01   1.7792085e+01
   2.4864685e+01   2.6905809e+01   2.9133346e+01
   1.6979982e+01   2.6546040e+01   1.7498172e+01
   2.6310205e+01   2.7041415e+01   3.4416679e+01
   2.1996221e+01   2.5952156e+01   2.4241439e+01
   2.6277500e+01   2.6888985e+01   3.5102523e+01
   2.4527316e+01   2.5394888e+01   3.1961191e+01
   2.5888024e+01   2.6690162e+01   3.3627569e+01
   2.4084881e+01   2.5955120e+01   2.8656376e+01
   2.6025164e+01   2.7083622e+01   3.2683250e+01
   2.1870928e+01   2.3306919e+01   2.7395717e+01
   2.4874101e+01   2.7024592e+01   2.8966142e+01
   1.7033322e+01   2.5264042e+01   1.7753515e+01
   2.5163415e+01   2.6897556e+01   2.9997534e+01
   2.0823603e+01   2.3006456e+01   2.4878689e+01
   1.8553162e+01   2.4575999e+01   1.9816919e+01
   2.5876251e+01   2.7363764e+01   3.1259996e+01
   2.3866322e+01   2.5505866e+01   2.8903154e+01
   2.5566213e+01   2.6727262e+01   3.1872365e+01
   2.4588701e+01   2.5519130e+01   3.1748791e+01
   2.5569069e+01   2.6010017e+01   3.5732518e+01
   2.4925310e+01   2.5350137e+01   3.5244363e+01
   2.3573962e+01   2.5373947e+01   2.8280650e+01
   2.3874583e+01   2.5502730e+01   2.8936376e+01
   2.1796144e+01   2.5907522e+01   2.3939953e+01
   2.4212120e+01   2.5450147e+01   3.0279346e+01
   2.1934745e+01   2.3362377e+01   2.7480682e+01
   2.2483812e+01   2.5324294e+01   2.5683569e+01
   2.4099626e+01   2.5378222e+01   3.0046332e+01
   2.3554392e+01   2.5491820e+01   2.8004986e+01
   2.5592640e+01   2.7371803e+01   3.0335529e+01
   2.2657835e+01   2.3144003e+01   3.2429639e+01
   2.5343460e+01   2.6723054e+01   3.1004569e+01
   2.2819160e+01   2.3151550e+01   3.4166615e+01
   2.5189227e+01   2.6010162e+01   3.2838856e+01
   2.2671880e+01   2.3110478e+01   3.2867674e+01
   2.4285895e+01   2.5394507e+01   3.0770986e+01
   2.2786254e+01   2.3174000e+01   3.3491918e+01
   2.5114496e+01   2.5962277e+01   3.2637489e+01
   2.2733430e+01   2.3129337e+01   3.3352868e+01
   2.1605173e+01   2.3392720e+01   2.6343441e+01
   2.2355807e+01   2.3121920e+01   3.0289262e+01
   2.4128120e+01   2.5377605e+01   3.0161000e+01
   2.2703559e+01   2.3148642e+01   3.2838619e+01
   2.6154688e+01   2.6707720e+01   3.5387865e+01
   2.6906284e+01   2.7355486e+01   3.6990350e+01
   2.5510680e+01   2.5999559e+01   3.5249554e+01
   2.6632444e+01   2.7263855e+01   3.5327190e+01
   2.4750949e+01   2.5386379e+01   3.3424502e+01
   2.6664294e+01   2.7312373e+01   3.5253920e+01
   2.5229000e+01   2.5951655e+01   3.3384867e+01
   2.6647880e+01   2.7336255e+01   3.4995128e+01
   2.1615632e+01   2.3324063e+01   2.6513904e+01
   2.5456381e+01   2.7333801e+01   3.0011571e+01
   2.4033912e+01   2.5351208e+01   2.9869584e+01
   2.5632709e+01   2.7302747e+01   3.0599656e+01
   2.5716349e+01   2.5989477e+01   3.7877292e+01
   2.6179248e+01   2.6637356e+01   3.6183864e+01
   2.4298818e+01   2.5362465e+01   3.0942277e+01
   2.5404548e+01   2.6625753e+01   3.1520244e+01
   2.4795200e+01   2.5949469e+01   3.1125353e+01
   2.5744088e+01   2.6645320e+01   3.3025784e+01
   2.1727676e+01   2.3299813e+01   2.6923264e+01
   2.3489740e+01   2.6420352e+01   2.6591110e+01
   2.4366437e+01   2.5354541e+01   3.1293579e+01
   2.4880765e+01   2.6641724e+01   2.9661283e+01
   2.2469050e+01   2.5348057e+01   2.5627393e+01
   2.5650927e+01   2.6008231e+01   3.6686692e+01
   2.5511333e+01   2.5946032e+01   3.5733862e+01
   2.5661892e+01   2.6013742e+01   3.6761765e+01
   2.1840738e+01   2.3355982e+01   2.7169380e+01
   2.4908699e+01   2.5999810e+01   3.1452887e+01
   2.4949176e+01   2.5351437e+01   3.5494173e+01
   2.5565404e+01   2.6007250e+01   3.5720460e+01
   2.4546065e+01   2.5921659e+01   3.0219754e+01
   2.3954203e+01   2.5344044e+01   2.9591469e+01
   2.2279040e+01   2.3397433e+01   2.8737959e+01
   2.3110831e+01   2.5213760e+01   2.7282603e+01
   2.4490841e+01   2.5337648e+01   3.2020056e+01
   2.4027638e+01   2.5355514e+01   2.9833575e+01
   2.2316342e+01   2.3369908e+01   2.9003648e+01
   2.3688570e+01   2.5739155e+01   2.7944229e+01
   2.4629793e+01   2.5375251e+01   3.2663380e+01
   2.4329202e+01   2.5908840e+01   2.9498502e+01
   2.4034582e+01   2.5366599e+01   2.9828929e+01
   2.2268669e+01   2.3329734e+01   2.8928955e+01
