   2.2520119e+01   2.4461217e+01   2.6967466e+01
   2.3347924e+01   2.6163901e+01   2.6572143e+01
   1.8838439e+01   2.2012537e+01   2.1718131e+01
   1.8553589e+01   2.4012565e+01   2.0024778e+01
   1.7203429e+01   2.6463064e+01   1.7761428e+01
   2.4150293e+01   2.6513063e+01   2.7931560e+01
   1.6939852e+01   2.6002636e+01   1.7526124e+01
   2.6217867e+01   2.6836510e+01   3.4995952e+01
   2.1881355e+01   2.5716247e+01   2.4210554e+01
   2.6055921e+01   2.6683878e+01   3.4773967e+01
   2.4045306e+01   2.4970503e+01   3.1229002e+01
   2.5569675e+01   2.6476248e+01   3.2828661e+01
   2.3675062e+01   2.5371413e+01   2.8590939e+01
   2.5858933e+01   2.6812815e+01   3.2919081e+01
   2.1071423e+01   2.2372360e+01   2.6966024e+01
   2.4416086e+01   2.6530382e+01   2.8566261e+01
   1.6993335e+01   2.4898254e+01   1.7774917e+01
   2.4946088e+01   2.6589771e+01   2.9971216e+01
   1.9982025e+01   2.2255473e+01   2.3906027e+01
   1.8002178e+01   2.3361145e+01   1.9516562e+01
   2.5179880e+01   2.6570698e+01   3.0811442e+01
   2.3026106e+01   2.5066881e+01   2.7300004e+01
   2.5021600e+01   2.6164623e+01   3.1388365e+01
   2.4304282e+01   2.5404729e+01   3.0817540e+01
   2.5289729e+01   2.5742574e+01   3.5344094e+01
   2.4800837e+01   2.5238962e+01   3.4992891e+01
   2.3176119e+01   2.4786580e+01   2.8279236e+01
   2.3714289e+01   2.5252254e+01   2.8981921e+01
   2.1479458e+01   2.5162904e+01   2.3920290e+01
   2.3876645e+01   2.5219182e+01   2.9642253e+01
   2.1150658e+01   2.2516431e+01   2.6863981e+01
   2.2288939e+01   2.5014332e+01   2.5617823e+01
   2.3727456e+01   2.4919472e+01   2.9938833e+01
   2.2912510e+01   2.5086000e+01   2.6973736e+01
   2.5075050e+01   2.6802611e+01   2.9922803e+01
   2.2577127e+01   2.3121663e+01   3.1885245e+01
   2.4919289e+01   2.6168025e+01   3.0952326e+01
   2.2818695e+01   2.3134442e+01   3.4381126e+01
   2.4937101e+01   2.5747942e+01   3.2636247e+01
   2.2653470e+01   2.3087387e+01   3.2893680e+01
   2.3881790e+01   2.4981825e+01   3.0397754e+01
   2.2700302e+01   2.3135632e+01   3.2926851e+01
   2.4601461e+01   2.5451741e+01   3.2114251e+01
   2.2679210e+01   2.3102720e+01   3.3019662e+01
   2.0245515e+01   2.2659478e+01   2.3970747e+01
   2.1890595e+01   2.3081576e+01   2.8112591e+01
   2.3666198e+01   2.5081903e+01   2.9236411e+01
   2.2549834e+01   2.3130225e+01   3.1598508e+01
   2.5616203e+01   2.6179389e+01   3.4776528e+01
   2.6691169e+01   2.7187965e+01   3.6361554e+01
   2.5238257e+01   2.5761757e+01   3.4697560e+01
   2.6445199e+01   2.7106753e+01   3.4952413e+01
   2.4443947e+01   2.4994321e+01   3.3701226e+01
   2.6349863e+01   2.7112225e+01   3.4290138e+01
   2.4564558e+01   2.5449887e+01   3.1918869e+01
   2.6388340e+01   2.7149235e+01   3.4336193e+01
   2.1031044e+01   2.2425987e+01   2.6666912e+01
   2.5278518e+01   2.7029342e+01   3.0078576e+01
   2.3957296e+01   2.4997359e+01   3.0687921e+01
   2.5760481e+01   2.7041262e+01   3.1696814e+01
   2.5438008e+01   2.5741897e+01   3.7151325e+01
   2.5940182e+01   2.6436476e+01   3.5616273e+01
   2.3749089e+01   2.4893205e+01   3.0115792e+01
   2.5020623e+01   2.6361586e+01   3.0787568e+01
   2.3825438e+01   2.5286818e+01   2.9278706e+01
   2.5319078e+01   2.6356362e+01   3.2056308e+01
   2.0972571e+01   2.2400660e+01   2.6522274e+01
   2.2891075e+01   2.6017688e+01   2.5798947e+01
   2.3931341e+01   2.4875258e+01   3.1037371e+01
   2.4496103e+01   2.6135977e+01   2.9530567e+01
   2.2197860e+01   2.4942679e+01   2.5504825e+01
   2.5570848e+01   2.6014762e+01   3.5706623e+01
   2.4940377e+01   2.5441902e+01   3.4576031e+01
   2.5588400e+01   2.6063142e+01   3.5447610e+01
   2.1233564e+01   2.2593159e+01   2.6963227e+01
   2.4854526e+01   2.5974494e+01   3.1299230e+01
   2.4517127e+01   2.5061049e+01   3.3822253e+01
   2.5403349e+01   2.6062424e+01   3.3927959e+01
   2.4063556e+01   2.5212526e+01   3.0413199e+01
   2.3718106e+01   2.5072699e+01   2.9451050e+01
   2.1569711e+01   2.2609036e+01   2.8313097e+01
   2.2674515e+01   2.4891695e+01   2.6669933e+01
   2.4089886e+01   2.4953650e+01   3.1542362e+01
   2.3488551e+01   2.4925346e+01   2.9005004e+01
   2.1461102e+01   2.2587772e+01   2.7896009e+01
   2.3103301e+01   2.5418157e+01   2.6954497e+01
   2.4234183e+01   2.4986626e+01   3.2231835e+01
   2.3536851e+01   2.5467945e+01   2.7998802e+01
   2.3423719e+01   2.4946819e+01   2.8727475e+01
   2.1389728e+01   2.3059871e+01   2.6369791e+01
