   2.3178915e+01   2.5338427e+01   2.7260995e+01
   2.3632539e+01   2.6734806e+01   2.6561981e+01
   1.9440371e+01   2.3068887e+01   2.1930962e+01
   1.9401544e+01   2.6506180e+01   2.0352077e+01
   1.7323462e+01   2.7172694e+01   1.7806436e+01
   2.4842004e+01   2.6793654e+01   2.9264249e+01
   1.7001544e+01   2.6415459e+01   1.7539306e+01
   2.6409760e+01   2.6922561e+01   3.5950804e+01
   2.2046725e+01   2.6048504e+01   2.4261131e+01
   2.6289721e+01   2.6781489e+01   3.6002627e+01
   2.4353849e+01   2.5390164e+01   3.1097170e+01
   2.5756649e+01   2.6595471e+01   3.3319960e+01
   2.4343201e+01   2.5987421e+01   2.9368574e+01
   2.6038680e+01   2.6956212e+01   3.3249746e+01
   2.1836241e+01   2.3400597e+01   2.7049258e+01
   2.4699923e+01   2.7005269e+01   2.8560854e+01
   1.7034865e+01   2.5253766e+01   1.7757182e+01
   2.4971529e+01   2.6804082e+01   2.9611968e+01
   2.0244222e+01   2.3114207e+01   2.3420673e+01
   1.8020144e+01   2.5000308e+01   1.9005343e+01
   2.5890637e+01   2.7304156e+01   3.1461143e+01
   2.3999772e+01   2.5450964e+01   2.9478138e+01
   2.5561310e+01   2.6584372e+01   3.2351156e+01
   2.4665156e+01   2.5459140e+01   3.2448163e+01
   2.5658938e+01   2.6092145e+01   3.5895292e+01
   2.4938206e+01   2.5286278e+01   3.6085068e+01
   2.3515196e+01   2.5376592e+01   2.8104734e+01
   2.3771360e+01   2.5461596e+01   2.8699803e+01
   2.1826885e+01   2.5955659e+01   2.3959577e+01
   2.4119359e+01   2.5401279e+01   3.0056301e+01
   2.1718335e+01   2.3427740e+01   2.6614114e+01
   2.2336519e+01   2.5372965e+01   2.5333414e+01
   2.4138009e+01   2.5360049e+01   3.0254322e+01
   2.3791318e+01   2.5444003e+01   2.8799811e+01
   2.5623568e+01   2.7304064e+01   3.0568296e+01
   2.2731673e+01   2.3132628e+01   3.3298551e+01
   2.5299161e+01   2.6576106e+01   3.1247666e+01
   2.2883657e+01   2.3156054e+01   3.5065901e+01
   2.5260449e+01   2.6093064e+01   3.2854170e+01
   2.2719842e+01   2.3106729e+01   3.3435036e+01
   2.4285277e+01   2.5375741e+01   3.0833410e+01
   2.2801432e+01   2.3165451e+01   3.3769679e+01
   2.5072048e+01   2.5975771e+01   3.2344525e+01
   2.2729055e+01   2.3129792e+01   3.3298212e+01
   2.1516652e+01   2.3414981e+01   2.6045163e+01
   2.2248471e+01   2.3097749e+01   2.9774764e+01
   2.4092818e+01   2.5346648e+01   3.0112779e+01
   2.2702265e+01   2.3142859e+01   3.2879162e+01
   2.6028451e+01   2.6581921e+01   3.5258679e+01
   2.6858843e+01   2.7271530e+01   3.7293321e+01
   2.5584483e+01   2.6090054e+01   3.5185511e+01
   2.6664066e+01   2.7178742e+01   3.6189679e+01
   2.4866267e+01   2.5383160e+01   3.4378548e+01
   2.6580699e+01   2.7209449e+01   3.5292592e+01
   2.5297269e+01   2.5979622e+01   3.3682680e+01
   2.6621694e+01   2.7237249e+01   3.5419208e+01
   2.1809648e+01   2.3377343e+01   2.7015080e+01
   2.5441128e+01   2.7251995e+01   3.0122291e+01
   2.4124243e+01   2.5334610e+01   3.0276751e+01
   2.5821730e+01   2.7224077e+01   3.1421563e+01
   2.5809550e+01   2.6085686e+01   3.7924182e+01
   2.6118600e+01   2.6509277e+01   3.6781825e+01
   2.4311273e+01   2.5362762e+01   3.0998828e+01
   2.5208248e+01   2.6500487e+01   3.1112484e+01
   2.4757158e+01   2.5982219e+01   3.0862506e+01
   2.5496197e+01   2.6510469e+01   3.2319455e+01
   2.1804166e+01   2.3393376e+01   2.6960436e+01
   2.3318985e+01   2.6467985e+01   2.6204661e+01
   2.4489836e+01   2.5336109e+01   3.2021539e+01
   2.4911420e+01   2.6502445e+01   3.0053454e+01
   2.2454064e+01   2.5334251e+01   2.5611194e+01
   2.5716724e+01   2.6043385e+01   3.7126696e+01
   2.5491551e+01   2.5962944e+01   3.5380121e+01
   2.5677959e+01   2.6051382e+01   3.6529938e+01
   2.1712430e+01   2.3388460e+01   2.6678409e+01
   2.4850495e+01   2.6050438e+01   3.1033667e+01
   2.4715215e+01   2.5324425e+01   3.3559164e+01
   2.5416842e+01   2.6043354e+01   3.4145668e+01
   2.4578821e+01   2.5980721e+01   3.0182546e+01
   2.3893563e+01   2.5324974e+01   2.9422552e+01
   2.2232062e+01   2.3468090e+01   2.8312487e+01
   2.2924203e+01   2.5293632e+01   2.6699409e+01
   2.4414965e+01   2.5308634e+01   3.1732989e+01
   2.3877173e+01   2.5331294e+01   2.9348511e+01
   2.2266502e+01   2.3427081e+01   2.8584653e+01
   2.3511425e+01   2.5868347e+01   2.7302342e+01
   2.4593598e+01   2.5353579e+01   3.2550504e+01
   2.4255964e+01   2.5869749e+01   2.9348511e+01
   2.3988328e+01   2.5337354e+01   2.9735723e+01
   2.2045262e+01   2.3299837e+01   2.8070604e+01
