   2.3171284e+01   2.5359515e+01   2.7209093e+01
   2.3573603e+01   2.6693096e+01   2.6486678e+01
   1.9647581e+01   2.3291260e+01   2.2125533e+01
   1.9422084e+01   2.6320371e+01   2.0424462e+01
   1.7396089e+01   2.7184485e+01   1.7886122e+01
   2.5176669e+01   2.6781973e+01   3.0285996e+01
   1.7022219e+01   2.6483458e+01   1.7553749e+01
   2.6460609e+01   2.6903597e+01   3.6602996e+01
   2.1961632e+01   2.5860211e+01   2.4246099e+01
   2.6251032e+01   2.6771817e+01   3.5729202e+01
   2.4609593e+01   2.5463591e+01   3.2105199e+01
   2.5774290e+01   2.6568553e+01   3.3553135e+01
   2.4619259e+01   2.6113294e+01   2.9989733e+01
   2.6071716e+01   2.6932097e+01   3.3534531e+01
   2.2000760e+01   2.3689938e+01   2.6937626e+01
   2.4552580e+01   2.6976579e+01   2.8249574e+01
   1.7121167e+01   2.5255330e+01   1.7858690e+01
   2.5355931e+01   2.6801995e+01   3.0843947e+01
   2.0524724e+01   2.3360773e+01   2.3736544e+01
   1.7897190e+01   2.4675704e+01   1.8935504e+01
   2.5992345e+01   2.7310216e+01   3.1821804e+01
   2.4048696e+01   2.5438844e+01   2.9684874e+01
   2.5803946e+01   2.6640286e+01   3.3378827e+01
   2.4794911e+01   2.5429119e+01   3.3476103e+01
   2.5482203e+01   2.5903851e+01   3.5830808e+01
   2.4930848e+01   2.5287100e+01   3.5980857e+01
   2.3801309e+01   2.5450784e+01   2.8816720e+01
   2.3875016e+01   2.5430278e+01   2.9101693e+01
   2.1838841e+01   2.6076542e+01   2.3903991e+01
   2.4129773e+01   2.5374139e+01   3.0178055e+01
   2.1703417e+01   2.3711535e+01   2.6037245e+01
   2.1976822e+01   2.5293180e+01   2.4714039e+01
   2.4232386e+01   2.5358400e+01   3.0658267e+01
   2.3793325e+01   2.5422884e+01   2.8852243e+01
   2.5636950e+01   2.7320986e+01   3.0574165e+01
   2.2735534e+01   2.3137411e+01   3.3292875e+01
   2.5335546e+01   2.6636845e+01   3.1213446e+01
   2.2868098e+01   2.3144488e+01   3.4989171e+01
   2.5101169e+01   2.5901475e+01   3.2851607e+01
   2.2724375e+01   2.3112751e+01   3.3423590e+01
   2.4317469e+01   2.5447304e+01   3.0730211e+01
   2.2783131e+01   2.3161509e+01   3.3590452e+01
   2.5148128e+01   2.6104633e+01   3.2199213e+01
   2.2704771e+01   2.3121368e+01   3.3113206e+01
   2.2058433e+01   2.3716485e+01   2.7061393e+01
   2.2286208e+01   2.3107266e+01   2.9945556e+01
   2.4083388e+01   2.5347378e+01   3.0073131e+01
   2.2671120e+01   2.3116985e+01   3.2799086e+01
   2.6081708e+01   2.6647000e+01   3.5225793e+01
   2.6806486e+01   2.7235447e+01   3.7081065e+01
   2.5413510e+01   2.5899499e+01   3.5176974e+01
   2.6623897e+01   2.7162053e+01   3.5967297e+01
   2.4927857e+01   2.5464641e+01   3.4285657e+01
   2.6532831e+01   2.7182154e+01   3.5114981e+01
   2.5479508e+01   2.6114400e+01   3.4154548e+01
   2.6581553e+01   2.7192235e+01   3.5411287e+01
   2.2091611e+01   2.3666243e+01   2.7279847e+01
   2.5425867e+01   2.7219212e+01   3.0141164e+01
   2.4704864e+01   2.5340695e+01   3.3376008e+01
   2.6364139e+01   2.7190348e+01   3.3985926e+01
   2.5612002e+01   2.5902337e+01   3.7516355e+01
   2.6085200e+01   2.6490263e+01   3.6598508e+01
   2.4463750e+01   2.5434299e+01   3.1460070e+01
   2.5329234e+01   2.6480472e+01   3.1668092e+01
   2.4815927e+01   2.6109845e+01   3.0716232e+01
   2.5473445e+01   2.6476730e+01   3.2338799e+01
   2.1878686e+01   2.3673916e+01   2.6600665e+01
   2.2959528e+01   2.6405717e+01   2.5583650e+01
   2.4620023e+01   2.5336312e+01   3.2812901e+01
   2.5104637e+01   2.6493057e+01   3.0742730e+01
   2.2476020e+01   2.5409058e+01   2.5577463e+01
   2.5672983e+01   2.6050062e+01   3.6484448e+01
   2.5586812e+01   2.6090956e+01   3.5199412e+01
   2.5671654e+01   2.6069869e+01   3.6256629e+01
   2.1993759e+01   2.3681993e+01   2.6932644e+01
   2.4826361e+01   2.6070090e+01   3.0874701e+01
   2.4695462e+01   2.5322425e+01   3.3423330e+01
   2.5402955e+01   2.6059113e+01   3.3945413e+01
   2.4628612e+01   2.6099498e+01   3.0056022e+01
   2.3806441e+01   2.5298234e+01   2.9184568e+01
   2.2398402e+01   2.3752213e+01   2.8138267e+01
   2.2709167e+01   2.5250566e+01   2.6258136e+01
   2.4453946e+01   2.5306132e+01   3.1958356e+01
   2.3967021e+01   2.5296879e+01   2.9767595e+01
   2.2346887e+01   2.3708990e+01   2.8064343e+01
   2.3243872e+01   2.5795974e+01   2.6777895e+01
   2.4556001e+01   2.5349128e+01   3.2343599e+01
   2.4180947e+01   2.5849028e+01   2.9155278e+01
   2.4053903e+01   2.5335615e+01   2.9991644e+01
   2.2076099e+01   2.3274690e+01   2.8273136e+01
