   1.8997470e+01   2.3600855e+01   2.0863705e+01
   1.9882124e+01   2.6492730e+01   2.0961131e+01
   1.6056363e+01   2.3368123e+01   1.6968498e+01
   1.5879705e+01   2.5550975e+01   1.6387470e+01
   1.6824201e+01   2.5984089e+01   1.7396938e+01
   2.2918249e+01   2.6690236e+01   2.5290024e+01
   1.6700984e+01   2.5258541e+01   1.7365861e+01
   2.5245924e+01   2.6847529e+01   3.0363398e+01
   2.0820115e+01   2.4071152e+01   2.3619300e+01
   2.5210752e+01   2.6749524e+01   3.0472718e+01
   2.2476816e+01   2.3986790e+01   2.7815405e+01
   2.4405923e+01   2.6545444e+01   2.8516142e+01
   2.3061181e+01   2.5071889e+01   2.7385655e+01
   2.4883046e+01   2.6882989e+01   2.9221272e+01
   2.0382120e+01   2.3938327e+01   2.2925037e+01
   2.1772277e+01   2.6763851e+01   2.3436205e+01
   1.6477282e+01   2.3496997e+01   1.7458280e+01
   2.3459252e+01   2.6698669e+01   2.6261198e+01
   1.6127755e+01   2.3399243e+01   1.7048984e+01
   1.5091004e+01   2.4008461e+01   1.5704596e+01
   2.3050019e+01   2.6152261e+01   2.5980803e+01
   2.2033547e+01   2.5299285e+01   2.4815402e+01
   2.4084213e+01   2.5483667e+01   2.9695692e+01
   2.3940979e+01   2.5331956e+01   2.9575268e+01
   2.3279790e+01   2.4120202e+01   3.0842923e+01
   2.4186120e+01   2.5300987e+01   3.0650041e+01
   2.2129879e+01   2.4014960e+01   2.6680120e+01
   2.2933077e+01   2.5383275e+01   2.6599118e+01
   2.0997943e+01   2.5034890e+01   2.3192087e+01
   2.3255202e+01   2.5273036e+01   2.7566991e+01
   2.0617204e+01   2.4075331e+01   2.3238528e+01
   2.0578824e+01   2.5134925e+01   2.2464718e+01
   2.1718851e+01   2.3625171e+01   2.6231895e+01
   2.2451024e+01   2.5275947e+01   2.5667837e+01
   2.2945946e+01   2.6163050e+01   2.5769337e+01
   2.1433200e+01   2.3094261e+01   2.6432524e+01
   2.3726036e+01   2.5412188e+01   2.8663217e+01
   2.2388751e+01   2.3124487e+01   3.0483146e+01
   2.3334394e+01   2.4108402e+01   3.1222870e+01
   2.2550964e+01   2.3151356e+01   3.1462167e+01
   2.2421193e+01   2.3967297e+01   2.7674178e+01
   2.2152352e+01   2.3180663e+01   2.8933795e+01
   2.3710965e+01   2.5100721e+01   2.9349185e+01
   2.2235453e+01   2.3081758e+01   2.9775620e+01
   2.0588146e+01   2.4154556e+01   2.3122183e+01
   2.0534639e+01   2.3079281e+01   2.4087908e+01
   2.1651885e+01   2.3612913e+01   2.6067431e+01
   2.1527329e+01   2.3000783e+01   2.6959429e+01
   2.4151431e+01   2.5456603e+01   3.0021200e+01
   2.5507020e+01   2.7126887e+01   3.0583265e+01
   2.3249630e+01   2.4117177e+01   3.0687892e+01
   2.5543228e+01   2.7102049e+01   3.0757687e+01
   2.2660228e+01   2.4020989e+01   2.8380056e+01
   2.4940821e+01   2.7192180e+01   2.8879658e+01
   2.3772455e+01   2.5131868e+01   2.9492079e+01
   2.5266280e+01   2.7109529e+01   2.9885802e+01
   2.0391091e+01   2.4067071e+01   2.2841305e+01
   2.2279563e+01   2.7141520e+01   2.4004184e+01
   2.1933077e+01   2.3586257e+01   2.6947096e+01
   2.4018993e+01   2.7053989e+01   2.7013286e+01
   2.3379916e+01   2.4127550e+01   3.1406080e+01
   2.5114847e+01   2.6458092e+01   3.0875268e+01
   2.1358838e+01   2.3973134e+01   2.4822270e+01
   2.2557510e+01   2.6413635e+01   2.4870075e+01
   2.3325026e+01   2.5087076e+01   2.8107404e+01
   2.4442510e+01   2.6345249e+01   2.8953317e+01
   1.8959007e+01   2.3943141e+01   2.0634732e+01
   1.9489591e+01   2.6214713e+01   2.0537804e+01
   2.0501278e+01   2.3600247e+01   2.3443598e+01
   2.1414621e+01   2.6402911e+01   2.3080864e+01
   2.0446156e+01   2.3955384e+01   2.3026418e+01
   2.3105388e+01   2.6024023e+01   2.6220166e+01
   2.3802459e+01   2.5071361e+01   2.9778524e+01
   2.4498745e+01   2.5927450e+01   3.0033027e+01
   2.0460153e+01   2.4095543e+01   2.2940997e+01
   2.1997684e+01   2.6120225e+01   2.4133899e+01
   2.0586060e+01   2.3576792e+01   2.3635035e+01
   2.1585449e+01   2.5890555e+01   2.3610797e+01
   2.3076342e+01   2.5004502e+01   2.7544920e+01
   2.3037035e+01   2.5152633e+01   2.7188728e+01
   2.0782852e+01   2.4037987e+01   2.3578492e+01
   2.0941041e+01   2.5027942e+01   2.3102936e+01
   2.0509804e+01   2.3574603e+01   2.3485308e+01
   2.1024006e+01   2.5238308e+01   2.3105647e+01
   2.1456732e+01   2.4091059e+01   2.4895563e+01
   2.1875592e+01   2.5569261e+01   2.4307606e+01
   2.2202461e+01   2.3623840e+01   2.7763340e+01
   2.2940035e+01   2.5713834e+01   2.6212097e+01
   2.1547483e+01   2.3600807e+01   2.5805951e+01
   2.0950381e+01   2.3094339e+01   2.5065276e+01
