   2.3044113e+01   2.4833973e+01   2.7772248e+01
   2.3637562e+01   2.6458582e+01   2.6855575e+01
   1.9273271e+01   2.2601756e+01   2.2010906e+01
   1.9123718e+01   2.4715073e+01   2.0540802e+01
   1.7342164e+01   2.7136328e+01   1.7831613e+01
   2.4808738e+01   2.6841182e+01   2.9092037e+01
   1.7001869e+01   2.6354296e+01   1.7547782e+01
   2.6483303e+01   2.6974919e+01   3.6197084e+01
   2.2074085e+01   2.6129711e+01   2.4253063e+01
   2.6297591e+01   2.6834692e+01   3.5649649e+01
   2.4579529e+01   2.5359690e+01   3.2432397e+01
   2.5842350e+01   2.6629571e+01   3.3656319e+01
   2.4421926e+01   2.5871991e+01   2.9901995e+01
   2.6200083e+01   2.7010514e+01   3.3898321e+01
   2.1587512e+01   2.2915689e+01   2.7402112e+01
   2.4684058e+01   2.6631694e+01   2.9113730e+01
   1.7099519e+01   2.5249693e+01   1.7834158e+01
   2.5370569e+01   2.6840747e+01   3.0798066e+01
   2.0647928e+01   2.2917607e+01   2.4573782e+01
   1.8364349e+01   2.3997070e+01   1.9768397e+01
   2.5839545e+01   2.7224146e+01   3.1486285e+01
   2.3878694e+01   2.5414853e+01   2.9150104e+01
   2.5576766e+01   2.6518964e+01   3.2685445e+01
   2.4694219e+01   2.5470118e+01   3.2568489e+01
   2.5732507e+01   2.6175817e+01   3.5873505e+01
   2.4934885e+01   2.5306166e+01   3.5812794e+01
   2.3360198e+01   2.5226392e+01   2.7941224e+01
   2.3513113e+01   2.5335901e+01   2.8175850e+01
   2.1759139e+01   2.5641663e+01   2.4055264e+01
   2.4059256e+01   2.5300111e+01   3.0118352e+01
   2.1867002e+01   2.3114086e+01   2.7915668e+01
   2.2339577e+01   2.5044672e+01   2.5691735e+01
   2.4298365e+01   2.5334599e+01   3.1042148e+01
   2.4097846e+01   2.5418982e+01   2.9922502e+01
   2.5585500e+01   2.7273747e+01   3.0513926e+01
   2.2731363e+01   2.3153188e+01   3.3088053e+01
   2.5283476e+01   2.6523742e+01   3.1341216e+01
   2.2879357e+01   2.3152513e+01   3.5049923e+01
   2.5329272e+01   2.6177743e+01   3.2848533e+01
   2.2706875e+01   2.3114255e+01   3.3207967e+01
   2.4283069e+01   2.5357901e+01   3.0886474e+01
   2.2801693e+01   2.3171145e+01   3.3708253e+01
   2.5023979e+01   2.5889317e+01   3.2466625e+01
   2.2739310e+01   2.3130498e+01   3.3408494e+01
   2.1599659e+01   2.3263310e+01   2.6592622e+01
   2.2279112e+01   2.3115586e+01   2.9865097e+01
   2.4134730e+01   2.5362017e+01   3.0234930e+01
   2.2734604e+01   2.3154210e+01   3.3113105e+01
   2.6009461e+01   2.6521916e+01   3.5554124e+01
   2.6871218e+01   2.7306849e+01   3.7081929e+01
   2.5691317e+01   2.6176710e+01   3.5459120e+01
   2.6634846e+01   2.7223103e+01   3.5616057e+01
   2.4817266e+01   2.5358751e+01   3.4139801e+01
   2.6580250e+01   2.7267749e+01   3.4932727e+01
   2.5361667e+01   2.5889572e+01   3.4786408e+01
   2.6710929e+01   2.7295763e+01   3.5715666e+01
   2.1486517e+01   2.3140597e+01   2.6500641e+01
   2.5480317e+01   2.7279709e+01   3.0183696e+01
   2.4416058e+01   2.5334103e+01   3.1628900e+01
   2.6065498e+01   2.7267503e+01   3.2239571e+01
   2.5866875e+01   2.6165392e+01   3.7653927e+01
   2.6135133e+01   2.6549049e+01   3.6558772e+01
   2.4283335e+01   2.5308471e+01   3.1068626e+01
   2.5353578e+01   2.6513539e+01   3.1663747e+01
   2.4737199e+01   2.5829990e+01   3.1275947e+01
   2.5660167e+01   2.6514491e+01   3.3151629e+01
   2.1539091e+01   2.2949786e+01   2.7130838e+01
   2.3249337e+01   2.6035859e+01   2.6506381e+01
   2.4543556e+01   2.5331658e+01   3.2356378e+01
   2.5072688e+01   2.6543759e+01   3.0498604e+01
   2.2456055e+01   2.5313444e+01   2.5637605e+01
   2.5751686e+01   2.6097193e+01   3.6927219e+01
   2.5462659e+01   2.5875598e+01   3.5897684e+01
   2.5744024e+01   2.6108515e+01   3.6696597e+01
   2.1910471e+01   2.3231488e+01   2.7743599e+01
   2.5104196e+01   2.6115254e+01   3.1940613e+01
   2.4909364e+01   2.5334079e+01   3.5229556e+01
   2.5631420e+01   2.6112088e+01   3.5439547e+01
   2.4417597e+01   2.5635722e+01   3.0545206e+01
   2.3886089e+01   2.5224960e+01   2.9661820e+01
   2.1988140e+01   2.3155357e+01   2.8285962e+01
   2.2617132e+01   2.4942451e+01   2.6454952e+01
   2.4502382e+01   2.5304343e+01   3.2246285e+01
   2.4009004e+01   2.5300765e+01   2.9917707e+01
   2.2049495e+01   2.3170651e+01   2.8500079e+01
   2.3194197e+01   2.5507914e+01   2.7046759e+01
   2.4635796e+01   2.5341820e+01   3.2886353e+01
   2.4272730e+01   2.5860244e+01   2.9424255e+01
   2.4116781e+01   2.5329463e+01   3.0262106e+01
   2.2176650e+01   2.3276050e+01   2.8701423e+01
