   2.3206957e+01   2.5369771e+01   2.7283822e+01
   2.3809348e+01   2.6871856e+01   2.6776977e+01
   2.0545189e+01   2.3152410e+01   2.4020807e+01
   2.0654114e+01   2.6638297e+01   2.1925116e+01
   1.7312106e+01   2.7302788e+01   1.7778792e+01
   2.4576565e+01   2.6935199e+01   2.8362663e+01
   1.6988961e+01   2.6538704e+01   1.7509198e+01
   2.6333998e+01   2.7081104e+01   3.4354717e+01
   2.2048652e+01   2.6066848e+01   2.4252196e+01
   2.6320217e+01   2.6930216e+01   3.5154996e+01
   2.4500480e+01   2.5446430e+01   3.1596410e+01
   2.5900820e+01   2.6735568e+01   3.3483004e+01
   2.4434514e+01   2.6026312e+01   2.9575922e+01
   2.6205948e+01   2.7122865e+01   3.3419302e+01
   2.1917756e+01   2.3434772e+01   2.7241798e+01
   2.4879897e+01   2.7135929e+01   2.8811972e+01
   1.7056731e+01   2.5327438e+01   1.7769703e+01
   2.5107189e+01   2.6956919e+01   2.9714781e+01
   2.1109304e+01   2.3195764e+01   2.5315346e+01
   1.8602067e+01   2.5048654e+01   1.9731823e+01
   2.5839686e+01   2.7455728e+01   3.0923792e+01
   2.3703665e+01   2.5523140e+01   2.8372228e+01
   2.5558535e+01   2.6721352e+01   3.1858936e+01
   2.4590902e+01   2.5538732e+01   3.1678853e+01
   2.5614218e+01   2.6122915e+01   3.5189931e+01
   2.4879096e+01   2.5354750e+01   3.4732324e+01
   2.3616909e+01   2.5438013e+01   2.8282585e+01
   2.3904782e+01   2.5539006e+01   2.8953142e+01
   2.1813362e+01   2.5998924e+01   2.3910550e+01
   2.4170729e+01   2.5475246e+01   3.0042312e+01
   2.2057891e+01   2.3468135e+01   2.7648349e+01
   2.2692719e+01   2.5423194e+01   2.6014563e+01
   2.4212743e+01   2.5436468e+01   3.0323655e+01
   2.3889816e+01   2.5520150e+01   2.8946753e+01
   2.5197060e+01   2.7451678e+01   2.9130625e+01
   2.2447257e+01   2.3155882e+01   3.0691381e+01
   2.5341497e+01   2.6714759e+01   3.1019604e+01
   2.2858399e+01   2.3172769e+01   3.4438939e+01
   2.5259857e+01   2.6127055e+01   3.2693486e+01
   2.2678432e+01   2.3125066e+01   3.2799262e+01
   2.4327640e+01   2.5446856e+01   3.0776314e+01
   2.2803937e+01   2.3188252e+01   3.3546439e+01
   2.5138530e+01   2.6023613e+01   3.2492396e+01
   2.2751457e+01   2.3149282e+01   3.3350750e+01
   2.1893336e+01   2.3468219e+01   2.7081868e+01
   2.2402985e+01   2.3125378e+01   3.0570378e+01
   2.3892027e+01   2.5430283e+01   2.9158453e+01
   2.2632170e+01   2.3165386e+01   3.2025767e+01
   2.6131460e+01   2.6700208e+01   3.5250654e+01
   2.6965378e+01   2.7414067e+01   3.7054056e+01
   2.5614558e+01   2.6112888e+01   3.5274636e+01
   2.6701185e+01   2.7328207e+01   3.5423967e+01
   2.4790444e+01   2.5439625e+01   3.3377571e+01
   2.6674121e+01   2.7371355e+01   3.4970077e+01
   2.5359387e+01   2.6013768e+01   3.3912868e+01
   2.6776305e+01   2.7399152e+01   3.5525934e+01
   2.1705154e+01   2.3410794e+01   2.6608824e+01
   2.5360004e+01   2.7401220e+01   2.9627556e+01
   2.4146420e+01   2.5412629e+01   3.0129411e+01
   2.5880293e+01   2.7375735e+01   3.1244667e+01
   2.5832505e+01   2.6103723e+01   3.8022706e+01
   2.6187617e+01   2.6650166e+01   3.6152484e+01
   2.4462968e+01   2.5425371e+01   3.1491992e+01
   2.5488036e+01   2.6653454e+01   3.1780120e+01
   2.4810039e+01   2.6023331e+01   3.0951596e+01
   2.5643522e+01   2.6653924e+01   3.2481208e+01
   2.1885702e+01   2.3439822e+01   2.7122239e+01
   2.3452010e+01   2.6599013e+01   2.6339273e+01
   2.4686186e+01   2.5412848e+01   3.2821437e+01
   2.5216330e+01   2.6650473e+01   3.0734987e+01
   2.2498785e+01   2.5399964e+01   2.5633527e+01
   2.5748133e+01   2.6099286e+01   3.6856060e+01
   2.5573331e+01   2.6008045e+01   3.5795557e+01
   2.5767712e+01   2.6114686e+01   3.6925536e+01
   2.1904876e+01   2.3438743e+01   2.7188857e+01
   2.4981428e+01   2.6103644e+01   3.1418175e+01
   2.5004162e+01   2.5409045e+01   3.5522053e+01
   2.5664737e+01   2.6108130e+01   3.5805135e+01
   2.4644420e+01   2.6013239e+01   3.0336114e+01
   2.4014348e+01   2.5392318e+01   2.9683107e+01
   2.2435694e+01   2.3507360e+01   2.9057086e+01
   2.3182725e+01   2.5356019e+01   2.7243444e+01
   2.4554952e+01   2.5392939e+01   3.2125209e+01
   2.3981416e+01   2.5391598e+01   2.9565068e+01
   2.2368452e+01   2.3472266e+01   2.8877038e+01
   2.3707911e+01   2.5880379e+01   2.7768466e+01
   2.4689580e+01   2.5429498e+01   3.2752722e+01
   2.4328291e+01   2.5925199e+01   2.9458433e+01
   2.3894363e+01   2.5420643e+01   2.9189125e+01
   2.2043292e+01   2.3338625e+01   2.7948988e+01
