   2.2827951e+01   2.4933452e+01   2.6996464e+01
   2.3608437e+01   2.6550712e+01   2.6697443e+01
   1.9510382e+01   2.2792039e+01   2.2288062e+01
   1.9229343e+01   2.5067709e+01   2.0554715e+01
   1.7306576e+01   2.7176353e+01   1.7787177e+01
   2.4612891e+01   2.6884300e+01   2.8522990e+01
   1.7016983e+01   2.6443236e+01   1.7553090e+01
   2.6586325e+01   2.7037605e+01   3.6651980e+01
   2.2051679e+01   2.6066813e+01   2.4257236e+01
   2.6322427e+01   2.6891313e+01   3.5440231e+01
   2.4278993e+01   2.5416355e+01   3.0666585e+01
   2.5830317e+01   2.6693771e+01   3.3279633e+01
   2.4181547e+01   2.5968283e+01   2.8912544e+01
   2.6126643e+01   2.7047691e+01   3.3322615e+01
   2.1777149e+01   2.3146515e+01   2.7477498e+01
   2.4730816e+01   2.6723957e+01   2.9081026e+01
   1.7094160e+01   2.5262325e+01   1.7825517e+01
   2.5494121e+01   2.6904176e+01   3.1074423e+01
   2.0621210e+01   2.3089027e+01   2.4272831e+01
   1.8170139e+01   2.4019952e+01   1.9495157e+01
   2.5914914e+01   2.7295102e+01   3.1573296e+01
   2.3694130e+01   2.5424419e+01   2.8539682e+01
   2.5704838e+01   2.6613130e+01   3.2956124e+01
   2.4771205e+01   2.5500166e+01   3.2893607e+01
   2.5685055e+01   2.6117769e+01   3.5926052e+01
   2.4950871e+01   2.5336434e+01   3.5671807e+01
   2.3505848e+01   2.5296623e+01   2.8230751e+01
   2.3700178e+01   2.5384532e+01   2.8641232e+01
   2.1773250e+01   2.5740283e+01   2.4011567e+01
   2.3961755e+01   2.5317853e+01   2.9689852e+01
   2.1849661e+01   2.3309269e+01   2.7314750e+01
   2.2226872e+01   2.5042876e+01   2.5454146e+01
   2.4209564e+01   2.5330851e+01   3.0651538e+01
   2.3725124e+01   2.5404141e+01   2.8677409e+01
   2.5368564e+01   2.7336268e+01   2.9761592e+01
   2.2615434e+01   2.3173878e+01   3.1820575e+01
   2.5321920e+01   2.6610565e+01   3.1236302e+01
   2.2902402e+01   2.3176301e+01   3.5061411e+01
   2.5258992e+01   2.6116952e+01   3.2734689e+01
   2.2719561e+01   2.3142711e+01   3.3063333e+01
   2.4307402e+01   2.5426589e+01   3.0756232e+01
   2.2821333e+01   2.3199393e+01   3.3631967e+01
   2.5121698e+01   2.6005017e+01   3.2483421e+01
   2.2758125e+01   2.3150604e+01   3.3413546e+01
   2.1284886e+01   2.3450704e+01   2.5364084e+01
   2.2255972e+01   2.3139442e+01   2.9627177e+01
   2.4149048e+01   2.5366725e+01   3.0278793e+01
   2.2759501e+01   2.3170822e+01   3.3220453e+01
   2.5963037e+01   2.6606911e+01   3.4580307e+01
   2.6880947e+01   2.7405492e+01   3.6328480e+01
   2.5573908e+01   2.6113665e+01   3.4907472e+01
   2.6703984e+01   2.7323647e+01   3.5474451e+01
   2.4768209e+01   2.5426581e+01   3.3298800e+01
   2.6655235e+01   2.7356899e+01   3.4925870e+01
   2.4996602e+01   2.5985325e+01   3.1919619e+01
   2.6630480e+01   2.7372554e+01   3.4677551e+01
   2.1817750e+01   2.3345107e+01   2.7117564e+01
   2.5585764e+01   2.7357949e+01   3.0342491e+01
   2.4159373e+01   2.5348769e+01   3.0377738e+01
   2.5978003e+01   2.7353730e+01   3.1648224e+01
   2.5821910e+01   2.6105475e+01   3.7824866e+01
   2.6141352e+01   2.6586930e+01   3.6260362e+01
   2.4183977e+01   2.5381070e+01   3.0377910e+01
   2.5228607e+01   2.6529968e+01   3.1106560e+01
   2.4617162e+01   2.5926333e+01   3.0474276e+01
   2.5546776e+01   2.6535734e+01   3.2467574e+01
   2.1665813e+01   2.3190875e+01   2.6971799e+01
   2.3305580e+01   2.6041813e+01   2.6619205e+01
   2.4461293e+01   2.5341323e+01   3.1839429e+01
   2.5010294e+01   2.6574229e+01   3.0214024e+01
   2.2475511e+01   2.5382144e+01   2.5604573e+01
   2.5808020e+01   2.6162559e+01   3.6875783e+01
   2.5524721e+01   2.5991762e+01   3.5451358e+01
   2.5811226e+01   2.6176720e+01   3.6752187e+01
   2.1920302e+01   2.3418981e+01   2.7288589e+01
   2.5040247e+01   2.6181302e+01   3.1413518e+01
   2.4910230e+01   2.5343440e+01   3.5148564e+01
   2.5716594e+01   2.6183567e+01   3.5643353e+01
   2.4473345e+01   2.5740026e+01   3.0454040e+01
   2.3850314e+01   2.5244258e+01   2.9477013e+01
   2.2053136e+01   2.3350585e+01   2.7952696e+01
   2.2593140e+01   2.4953037e+01   2.6382562e+01
   2.4542042e+01   2.5317529e+01   3.2418864e+01
   2.4034552e+01   2.5345908e+01   2.9887043e+01
   2.2164019e+01   2.3360262e+01   2.8368056e+01
   2.3263759e+01   2.5504174e+01   2.7222685e+01
   2.4633889e+01   2.5356724e+01   3.2790377e+01
   2.4219541e+01   2.5882821e+01   2.9204051e+01
   2.3994313e+01   2.5340360e+01   2.9749887e+01
   2.2083838e+01   2.3278649e+01   2.8292774e+01
