   2.3146097e+01   2.5174584e+01   2.7440226e+01
   2.3606446e+01   2.6723783e+01   2.6521509e+01
   1.9311490e+01   2.2984646e+01   2.1768624e+01
   1.9115382e+01   2.5727940e+01   2.0195715e+01
   1.7296121e+01   2.7249665e+01   1.7767062e+01
   2.4421396e+01   2.6926147e+01   2.8012749e+01
   1.7010879e+01   2.6529818e+01   1.7534995e+01
   2.6508256e+01   2.7062526e+01   3.5731605e+01
   2.2047766e+01   2.6056075e+01   2.4257843e+01
   2.6317853e+01   2.6908006e+01   3.5286630e+01
   2.4250604e+01   2.5447684e+01   3.0444387e+01
   2.5851068e+01   2.6726375e+01   3.3246832e+01
   2.4033808e+01   2.6042558e+01   2.8358910e+01
   2.6085342e+01   2.7083831e+01   3.2967924e+01
   2.1869259e+01   2.3371576e+01   2.7228949e+01
   2.4722648e+01   2.6950061e+01   2.8697452e+01
   1.7057868e+01   2.5283645e+01   1.7778878e+01
   2.5235543e+01   2.6926244e+01   3.0159483e+01
   2.0569589e+01   2.3212611e+01   2.4001797e+01
   1.8209664e+01   2.4438564e+01   1.9407381e+01
   2.5743847e+01   2.7374903e+01   3.0794976e+01
   2.3343542e+01   2.5469248e+01   2.7478250e+01
   2.5488421e+01   2.6704523e+01   3.1619703e+01
   2.4486555e+01   2.5512781e+01   3.1267170e+01
   2.5675479e+01   2.6107967e+01   3.5918651e+01
   2.4950242e+01   2.5354506e+01   3.5474629e+01
   2.3575697e+01   2.5367212e+01   2.8298946e+01
   2.3801220e+01   2.5449605e+01   2.8818996e+01
   2.1805815e+01   2.5935754e+01   2.3937823e+01
   2.3993146e+01   2.5403217e+01   2.9577055e+01
   2.1837965e+01   2.3460265e+01   2.6919958e+01
   2.2381683e+01   2.5251216e+01   2.5550409e+01
   2.4221800e+01   2.5376154e+01   3.0553231e+01
   2.3672847e+01   2.5469860e+01   2.8385055e+01
   2.5362102e+01   2.7392074e+01   2.9648477e+01
   2.2665353e+01   2.3171685e+01   3.2270421e+01
   2.5385982e+01   2.6697559e+01   3.1234463e+01
   2.2906051e+01   2.3182904e+01   3.5019902e+01
   2.5261734e+01   2.6107570e+01   3.2793401e+01
   2.2722686e+01   2.3149164e+01   3.3034037e+01
   2.4327582e+01   2.5443821e+01   3.0786407e+01
   2.2839806e+01   2.3206677e+01   3.3775369e+01
   2.5186138e+01   2.6058893e+01   3.2594881e+01
   2.2778792e+01   2.3158567e+01   3.3570805e+01
   2.0461137e+01   2.3485943e+01   2.3476397e+01
   2.1969070e+01   2.3138361e+01   2.8260256e+01
   2.4167983e+01   2.5384377e+01   3.0301645e+01
   2.2759697e+01   2.3171838e+01   3.3212392e+01
   2.6135179e+01   2.6694255e+01   3.5324137e+01
   2.7008596e+01   2.7433310e+01   3.7323933e+01
   2.5567307e+01   2.6102062e+01   3.4938880e+01
   2.6709705e+01   2.7346607e+01   3.5369370e+01
   2.4781457e+01   2.5444492e+01   3.3283612e+01
   2.6695799e+01   2.7387702e+01   3.5022467e+01
   2.5032189e+01   2.6046686e+01   3.1855681e+01
   2.6656482e+01   2.7404889e+01   3.4669663e+01
   2.1761942e+01   2.3449506e+01   2.6703259e+01
   2.5561844e+01   2.7398704e+01   3.0192932e+01
   2.4050816e+01   2.5362177e+01   2.9903247e+01
   2.5785347e+01   2.7368781e+01   3.0942831e+01
   2.5812843e+01   2.6096531e+01   3.7814006e+01
   2.6132483e+01   2.6600718e+01   3.6047192e+01
   2.4240993e+01   2.5416240e+01   3.0504385e+01
   2.5294020e+01   2.6575071e+01   3.1230536e+01
   2.4422864e+01   2.6012791e+01   2.9568537e+01
   2.5467762e+01   2.6574440e+01   3.1956536e+01
   2.1705942e+01   2.3403157e+01   2.6627212e+01
   2.3214889e+01   2.6314920e+01   2.6147408e+01
   2.4346587e+01   2.5364060e+01   3.1160620e+01
   2.4707408e+01   2.6591359e+01   2.9252042e+01
   2.2481125e+01   2.5399870e+01   2.5597460e+01
   2.5820405e+01   2.6183830e+01   3.6784991e+01
   2.5582898e+01   2.6045595e+01   3.5547845e+01
   2.5834283e+01   2.6197202e+01   3.6804631e+01
   2.2094588e+01   2.3499444e+01   2.7698980e+01
   2.5083879e+01   2.6191088e+01   3.1571703e+01
   2.4926909e+01   2.5360345e+01   3.5163036e+01
   2.5704991e+01   2.6194096e+01   3.5441496e+01
   2.4577781e+01   2.5963788e+01   3.0223545e+01
   2.3878308e+01   2.5353150e+01   2.9297912e+01
   2.2293541e+01   2.3509242e+01   2.8436109e+01
   2.2941760e+01   2.5181473e+01   2.6902667e+01
   2.4463885e+01   2.5347881e+01   3.1824390e+01
   2.3721303e+01   2.5385962e+01   2.8704218e+01
   2.2177831e+01   2.3480066e+01   2.8063086e+01
   2.3344772e+01   2.5710788e+01   2.7123515e+01
   2.4627273e+01   2.5385416e+01   3.2593713e+01
   2.4055523e+01   2.5945931e+01   2.8589814e+01
   2.4051348e+01   2.5368337e+01   2.9887836e+01
   2.1865172e+01   2.3296568e+01   2.7401758e+01
