   8.7855490e+00   8.9146072e+00   2.4644505e+01
   9.0429421e+00   9.3130811e+00   2.1720344e+01
   6.4213000e+00   6.5553336e+00   2.2461139e+01
   8.4727484e+00   8.7387696e+00   2.1278733e+01
   1.0658783e+01   1.1712015e+01   1.7610726e+01
   1.0388089e+01   1.0595820e+01   2.4057378e+01
   9.8235209e+00   1.0799512e+01   1.7132797e+01
   1.0256100e+01   1.0496542e+01   2.3314561e+01
   9.2935747e+00   9.4714523e+00   2.3723565e+01
   9.6801987e+00   9.8898705e+00   2.3371110e+01
   8.6068594e+00   8.7158871e+00   2.5211413e+01
   8.9814948e+00   9.1551108e+00   2.3547859e+01
   9.3378330e+00   9.4463766e+00   2.5881067e+01
   9.5499604e+00   9.7964156e+00   2.2565902e+01
   8.1035825e+00   8.1689772e+00   2.6974844e+01
   9.6356231e+00   9.9560776e+00   2.1532982e+01
   7.6883046e+00   8.2703465e+00   1.7307291e+01
   9.0907634e+00   9.3803157e+00   2.1469368e+01
   6.6815768e+00   6.7897152e+00   2.3599364e+01
   7.6570115e+00   7.7222256e+00   2.6601992e+01
   1.1491237e+01   1.1661968e+01   2.5917580e+01
   8.9104876e+00   9.0481635e+00   2.4478017e+01
   1.0799183e+01   1.0957431e+01   2.5597639e+01
   8.7933850e+00   8.9887727e+00   2.2875810e+01
   9.7001873e+00   9.7784594e+00   2.7615576e+01
   8.0455774e+00   8.1406514e+00   2.5310198e+01
   8.4535913e+00   8.5883096e+00   2.4167342e+01
   8.2731005e+00   8.4971879e+00   2.1832502e+01
   9.1076862e+00   9.2898551e+00   2.3455056e+01
   8.3593110e+00   8.5657210e+00   2.2258383e+01
   7.8372670e+00   7.9317286e+00   2.5158025e+01
   8.5424038e+00   8.6728632e+00   2.4383358e+01
   8.5258419e+00   8.6364531e+00   2.5078046e+01
   8.3304618e+00   8.5369217e+00   2.2232038e+01
   1.1276897e+01   1.1446109e+01   2.5755409e+01
   6.4479464e+00   6.6187228e+00   2.1442503e+01
   1.0097806e+01   1.0298714e+01   2.3933354e+01
   6.4333802e+00   6.6356882e+00   2.0704708e+01
   9.2302438e+00   9.3272207e+00   2.6269384e+01
   6.4987535e+00   6.6301227e+00   2.2611028e+01
   8.2514423e+00   8.4720846e+00   2.1879539e+01
   6.4675790e+00   6.6231032e+00   2.1860074e+01
   8.9658786e+00   9.0900702e+00   2.4969740e+01
   6.0016922e+00   6.1435236e+00   2.1877324e+01
   7.9202535e+00   8.0016725e+00   2.5870178e+01
   6.4627770e+00   6.6131580e+00   2.2000544e+01
   8.5413196e+00   8.6692060e+00   2.4467938e+01
   6.5292719e+00   6.6473420e+00   2.3095399e+01
   1.0718945e+01   1.0856354e+01   2.6127835e+01
   1.0562885e+01   1.0820467e+01   2.3305160e+01
   9.5473451e+00   9.6115700e+00   2.8330936e+01
   1.0207227e+01   1.0353408e+01   2.5392015e+01
   8.6967879e+00   8.8400078e+00   2.4119163e+01
   9.5245673e+00   9.6919715e+00   2.4191031e+01
   9.4713022e+00   9.5776835e+00   2.6087638e+01
   9.8012569e+00   1.0006621e+01   2.3569457e+01
   7.6386949e+00   7.8476084e+00   2.1580997e+01
   9.6405095e+00   9.8157162e+00   2.4101163e+01
   8.5534994e+00   8.6776896e+00   2.4604638e+01
   9.5694679e+00   9.7412530e+00   2.4121164e+01
   9.3120676e+00   9.4470951e+00   2.4920230e+01
   9.2628919e+00   9.4928283e+00   2.2601679e+01
   8.4903504e+00   8.6510142e+00   2.3444512e+01
   9.0070707e+00   9.2163961e+00   2.2772238e+01
   9.2247957e+00   9.3528469e+00   2.5069580e+01
   9.4452765e+00   9.6673311e+00   2.2914320e+01
   7.9606610e+00   8.0469157e+00   2.5656263e+01
   9.2491228e+00   9.5276624e+00   2.1775675e+01
   8.6228094e+00   8.7214813e+00   2.5654975e+01
   9.1941592e+00   9.4751204e+00   2.1689615e+01
   8.2943960e+00   8.4814761e+00   2.2621286e+01
   8.5515899e+00   8.7355277e+00   2.2919722e+01
   9.1246355e+00   9.2094498e+00   2.6752169e+01
   8.4923084e+00   8.6590598e+00   2.3287015e+01
   7.9240456e+00   7.9922638e+00   2.6636929e+01
   8.2869874e+00   8.4532613e+00   2.3119097e+01
   8.4923057e+00   8.5694812e+00   2.6599166e+01
   8.6558387e+00   8.8096048e+00   2.3778412e+01
   9.2213856e+00   9.3341070e+00   2.5614267e+01
   8.2441882e+00   8.4223728e+00   2.2785621e+01
   8.0805581e+00   8.1572684e+00   2.6265903e+01
   8.1719738e+00   8.3463166e+00   2.2815797e+01
   8.6105403e+00   8.6783845e+00   2.7259276e+01
   8.3487582e+00   8.5059018e+00   2.3415064e+01
   8.1786716e+00   8.2747006e+00   2.5382764e+01
   8.4951497e+00   8.6797886e+00   2.2853722e+01
   8.8152869e+00   8.8948650e+00   2.6751776e+01
   8.5480664e+00   8.6364855e+00   2.6061746e+01
   8.5445259e+00   8.6358355e+00   2.5920019e+01
   7.7167046e+00   7.8453852e+00   2.3723998e+01
