   2.1179512e+01   2.7283070e+01   2.2409706e+01
   1.9404302e+01   2.2605873e+01   2.2255169e+01
   1.9089942e+01   2.5911521e+01   2.0113228e+01
   1.5792133e+01   1.8758608e+01   1.8904122e+01
   1.6133512e+01   2.3206627e+01   1.7102712e+01
   2.2524995e+01   2.5120032e+01   2.6007842e+01
   1.5995819e+01   2.4815903e+01   1.6621013e+01
   2.3146039e+01   2.6319721e+01   2.6009003e+01
   2.0798665e+01   2.4935328e+01   2.2929305e+01
   2.2447531e+01   2.3961387e+01   2.7776902e+01
   2.2048525e+01   2.5718121e+01   2.4498175e+01
   1.9161773e+01   2.1367428e+01   2.3192076e+01
   2.1346994e+01   2.4170082e+01   2.4569535e+01
   2.0399776e+01   2.2928625e+01   2.3973704e+01
   2.0476069e+01   2.2526898e+01   2.4743961e+01
   1.8668342e+01   2.1669206e+01   2.1717569e+01
   1.5153313e+01   2.1560816e+01   1.6311243e+01
   2.0840829e+01   2.6611467e+01   2.2186306e+01
   1.9609736e+01   2.3244332e+01   2.2094833e+01
   2.1348593e+01   2.3159530e+01   2.6042385e+01
   1.8490732e+01   2.0052857e+01   2.3731785e+01
   2.1713090e+01   2.5806941e+01   2.3868308e+01
   1.9511475e+01   2.3896529e+01   2.1496827e+01
   2.1569580e+01   2.5451349e+01   2.3866756e+01
   2.1030556e+01   2.3076876e+01   2.5303055e+01
   2.1827059e+01   2.6022181e+01   2.3918304e+01
   1.8555522e+01   2.2303486e+01   2.0960927e+01
   1.7837578e+01   2.1119406e+01   2.0625764e+01
   1.9590374e+01   2.2729269e+01   2.2498883e+01
   2.2569600e+01   2.6189684e+01   2.5055717e+01
   1.9326402e+01   2.2414989e+01   2.2284636e+01
   2.1705928e+01   2.6168532e+01   2.3640259e+01
   2.2045913e+01   2.7506272e+01   2.3507052e+01
   1.7973697e+01   2.1882412e+01   2.0268018e+01
   1.7081858e+01   1.9052218e+01   2.1515929e+01
   2.0885516e+01   2.5800633e+01   2.2587632e+01
   1.6269624e+01   1.8713853e+01   1.9989003e+01
   1.7849112e+01   2.6182337e+01   1.8548968e+01
   1.6981908e+01   1.8899904e+01   2.1510628e+01
   2.1738716e+01   2.7002630e+01   2.3281419e+01
   1.5844697e+01   1.8722356e+01   1.9049713e+01
   1.8813652e+01   2.4527955e+01   2.0185417e+01
   1.5010482e+01   1.6800379e+01   1.9814095e+01
   2.1390575e+01   2.6396290e+01   2.3048767e+01
   1.8626769e+01   2.2576687e+01   2.0888952e+01
   1.8883696e+01   2.4023697e+01   2.0488491e+01
   1.8679555e+01   2.2004931e+01   2.1423386e+01
   1.9258529e+01   2.1754853e+01   2.2880799e+01
   1.9455560e+01   2.3523346e+01   2.1635359e+01
   1.9800370e+01   2.2004072e+01   2.3829334e+01
   2.1762212e+01   2.3845066e+01   2.5971232e+01
   2.0951777e+01   2.3108072e+01   2.5047348e+01
   2.2111906e+01   2.7196494e+01   2.3732497e+01
   2.0005546e+01   2.1605555e+01   2.5147542e+01
   2.1115595e+01   2.4511187e+01   2.3787359e+01
   1.8479776e+01   1.9710514e+01   2.4602987e+01
   1.6987442e+01   1.9905645e+01   2.0135993e+01
   1.8053151e+01   2.0514711e+01   2.1730095e+01
   2.0851706e+01   2.3825276e+01   2.3917011e+01
   2.0093895e+01   2.1746100e+01   2.5119999e+01
   1.9884743e+01   2.2516201e+01   2.3334381e+01
   2.1268724e+01   2.4270185e+01   2.4304098e+01
   2.0856950e+01   2.4864022e+01   2.3071234e+01
   2.1410673e+01   2.3801803e+01   2.5161391e+01
   2.1198764e+01   2.4494498e+01   2.3956640e+01
   1.9635780e+01   2.2236222e+01   2.3124562e+01
   1.9805849e+01   2.1685218e+01   2.4378784e+01
   2.0102624e+01   2.3803492e+01   2.2535299e+01
   2.1829033e+01   2.6438911e+01   2.3682767e+01
   2.0742934e+01   2.4155889e+01   2.3401412e+01
   1.8610794e+01   2.2413012e+01   2.0976396e+01
   2.0630165e+01   2.4070461e+01   2.3266212e+01
   1.9827656e+01   2.1325250e+01   2.5210749e+01
   2.2478383e+01   2.7662360e+01   2.4054183e+01
   1.9456843e+01   2.1939494e+01   2.3095580e+01
   1.9819206e+01   2.3586585e+01   2.2203993e+01
   2.1291900e+01   2.4126311e+01   2.4502276e+01
   2.1585205e+01   2.5043471e+01   2.4203030e+01
   1.9746199e+01   2.2768351e+01   2.2767577e+01
   2.0755376e+01   2.4511392e+01   2.3144778e+01
   1.9922228e+01   2.3180889e+01   2.2718432e+01
   1.9338366e+01   2.2952457e+01   2.1840615e+01
   2.1746377e+01   2.3763234e+01   2.6065161e+01
   2.1258454e+01   2.4848277e+01   2.3771737e+01
   1.8967886e+01   2.1132706e+01   2.3062383e+01
   1.9424468e+01   2.2413602e+01   2.2480880e+01
   2.0858641e+01   2.4716614e+01   2.3174642e+01
   1.9529621e+01   2.1448094e+01   2.4032895e+01
   1.7807936e+01   2.0607224e+01   2.1077625e+01
   1.9033660e+01   2.2518160e+01   2.1640731e+01
