   2.1453331e+01   2.7678161e+01   2.2644128e+01
   1.9630906e+01   2.3053385e+01   2.2286225e+01
   1.9510758e+01   2.6709021e+01   2.0438501e+01
   1.4578874e+01   1.7952861e+01   1.7322633e+01
   1.6228367e+01   2.3811280e+01   1.7079033e+01
   2.3107005e+01   2.5668793e+01   2.6629286e+01
   1.6079804e+01   2.5164570e+01   1.6665286e+01
   2.3519065e+01   2.6812019e+01   2.6273028e+01
   2.1103610e+01   2.5540349e+01   2.3054052e+01
   2.2080171e+01   2.3278581e+01   2.8277762e+01
   2.2546461e+01   2.6370214e+01   2.4881907e+01
   1.9365625e+01   2.1584846e+01   2.3373973e+01
   2.1837529e+01   2.5082324e+01   2.4638805e+01
   2.0676866e+01   2.2947801e+01   2.4600738e+01
   2.2874074e+01   2.6428021e+01   2.5411145e+01
   1.7539290e+01   2.0031237e+01   2.1181210e+01
   1.5322334e+01   2.2013948e+01   1.6396494e+01
   2.0840010e+01   2.7240099e+01   2.1978121e+01
   1.9923973e+01   2.3469983e+01   2.2476937e+01
   2.1498444e+01   2.3103301e+01   2.6620873e+01
   1.8786255e+01   2.0426890e+01   2.3847687e+01
   2.1889531e+01   2.5702560e+01   2.4234249e+01
   1.9131177e+01   2.4088551e+01   2.0818826e+01
   2.1604182e+01   2.5402503e+01   2.3960224e+01
   2.1467776e+01   2.3633244e+01   2.5546712e+01
   1.7316868e+01   1.8875632e+01   2.2578904e+01
   1.8844852e+01   2.2940037e+01   2.1009842e+01
   1.7984005e+01   2.1264373e+01   2.0772392e+01
   2.0023638e+01   2.3456143e+01   2.2668718e+01
   2.2762926e+01   2.6479599e+01   2.5175589e+01
   2.1009839e+01   2.6401311e+01   2.2500894e+01
   2.0105730e+01   2.6452840e+01   2.1261334e+01
   2.2770187e+01   2.9098334e+01   2.3927057e+01
   1.7707709e+01   2.1814997e+01   1.9871484e+01
   1.5818615e+01   1.8313964e+01   1.9476807e+01
   2.1275730e+01   2.6448920e+01   2.2858623e+01
   1.4964471e+01   1.7960053e+01   1.8058458e+01
   1.8265469e+01   2.7535515e+01   1.8819928e+01
   1.5742394e+01   1.8065958e+01   1.9636069e+01
   2.1166665e+01   2.5746486e+01   2.3038082e+01
   1.5948561e+01   1.9161475e+01   1.8817642e+01
   1.8890481e+01   2.4727103e+01   2.0217568e+01
   1.4875951e+01   1.7015417e+01   1.9062145e+01
   2.1605926e+01   2.6897570e+01   2.3137147e+01
   1.9485210e+01   2.5228095e+01   2.0844272e+01
   1.8368194e+01   2.5009805e+01   1.9442538e+01
   1.7950451e+01   2.2183984e+01   2.0033605e+01
   1.9474976e+01   2.1960293e+01   2.3110125e+01
   1.9812680e+01   2.3873987e+01   2.1995171e+01
   2.0028429e+01   2.2297370e+01   2.3958744e+01
   2.2089318e+01   2.4128334e+01   2.6369403e+01
   2.0882360e+01   2.2850373e+01   2.5289306e+01
   2.2596010e+01   2.7514094e+01   2.4293000e+01
   2.0309159e+01   2.2064360e+01   2.5118734e+01
   2.1508826e+01   2.5186907e+01   2.3953607e+01
   1.8670856e+01   1.9945224e+01   2.4661124e+01
   1.7932002e+01   2.1815123e+01   2.0244382e+01
   1.6920102e+01   1.9261237e+01   2.0772971e+01
   2.1503961e+01   2.4881453e+01   2.4189800e+01
   2.0448417e+01   2.2153693e+01   2.5359457e+01
   2.0038062e+01   2.2671549e+01   2.3484416e+01
   1.8463408e+01   2.0121310e+01   2.3490304e+01
   2.1291269e+01   2.5287489e+01   2.3511414e+01
   2.1897220e+01   2.4515043e+01   2.5354351e+01
   2.1738016e+01   2.5479933e+01   2.4134641e+01
   1.9815800e+01   2.2365372e+01   2.3366689e+01
   2.1885524e+01   2.4467596e+01   2.5386440e+01
   1.8840109e+01   2.2638548e+01   2.1207158e+01
   2.2466321e+01   2.7339267e+01   2.4185253e+01
   2.0409007e+01   2.4268974e+01   2.2725202e+01
   1.7814357e+01   2.0685137e+01   2.1005742e+01
   2.0899246e+01   2.4575315e+01   2.3347520e+01
   1.8777814e+01   1.9984543e+01   2.4972330e+01
   2.2936367e+01   2.8161095e+01   2.4493755e+01
   2.0402285e+01   2.3220901e+01   2.3633759e+01
   1.8618013e+01   2.2462804e+01   2.0953178e+01
   2.1299021e+01   2.3684885e+01   2.5057414e+01
   2.1898845e+01   2.5560667e+01   2.4354788e+01
   2.0064120e+01   2.3367149e+01   2.2820137e+01
   2.1094092e+01   2.4979733e+01   2.3390005e+01
   2.1571325e+01   2.7137718e+01   2.2991709e+01
   1.8238483e+01   2.2155469e+01   2.0525442e+01
   2.2287703e+01   2.4326373e+01   2.6567620e+01
   2.1553584e+01   2.5215955e+01   2.4010106e+01
   2.0353054e+01   2.2965680e+01   2.3823030e+01
   1.8478239e+01   2.2012968e+01   2.1047904e+01
   2.1339538e+01   2.5370511e+01   2.3536573e+01
   1.9835361e+01   2.1710458e+01   2.4416028e+01
   1.6655540e+01   1.9625352e+01   1.9753795e+01
   2.0390264e+01   2.4436783e+01   2.2580182e+01
