   2.1236364e+01   2.7333945e+01   2.2468408e+01
   1.9469755e+01   2.2775817e+01   2.2226017e+01
   1.9180506e+01   2.6092379e+01   2.0179948e+01
   1.5838019e+01   1.8745172e+01   1.9011571e+01
   1.6183414e+01   2.3513114e+01   1.7090814e+01
   2.2728928e+01   2.5219187e+01   2.6343159e+01
   1.6025698e+01   2.5005362e+01   1.6626681e+01
   2.3391000e+01   2.6633244e+01   2.6190535e+01
   2.0934670e+01   2.5221298e+01   2.2972818e+01
   2.1942946e+01   2.3198855e+01   2.7964779e+01
   2.2210586e+01   2.5865476e+01   2.4670957e+01
   1.9305941e+01   2.1470605e+01   2.3398195e+01
   2.1416798e+01   2.4432054e+01   2.4437773e+01
   2.0693762e+01   2.3050225e+01   2.4495548e+01
   2.1303197e+01   2.3814311e+01   2.4895610e+01
   1.8726819e+01   2.1679507e+01   2.1824908e+01
   1.5210540e+01   2.1671251e+01   1.6352063e+01
   2.0803538e+01   2.6974356e+01   2.2012694e+01
   1.9746114e+01   2.3337875e+01   2.2263780e+01
   2.1483594e+01   2.3282686e+01   2.6199788e+01
   1.8629738e+01   2.0231637e+01   2.3778567e+01
   2.1393442e+01   2.5239163e+01   2.3716369e+01
   1.9513111e+01   2.4088904e+01   2.1392040e+01
   2.1542159e+01   2.5449732e+01   2.3821565e+01
   2.1251123e+01   2.3358181e+01   2.5423215e+01
   1.6997709e+01   1.8520498e+01   2.2348954e+01
   1.8659509e+01   2.2478439e+01   2.1012843e+01
   1.7868137e+01   2.1235611e+01   2.0580972e+01
   1.9738028e+01   2.2926945e+01   2.2598847e+01
   2.2769219e+01   2.6401235e+01   2.5245696e+01
   2.0145970e+01   2.3818147e+01   2.2600043e+01
   2.1370676e+01   2.6322804e+01   2.3053996e+01
   2.2368048e+01   2.8008475e+01   2.3758798e+01
   1.7900544e+01   2.1894678e+01   2.0137222e+01
   1.6790246e+01   1.8847871e+01   2.1078953e+01
   2.0970155e+01   2.6019884e+01   2.2609079e+01
   1.6153070e+01   1.8723071e+01   1.9711283e+01
   1.7886762e+01   2.6700625e+01   1.8507865e+01
   1.6760140e+01   1.8717771e+01   2.1220743e+01
   2.1215324e+01   2.5808485e+01   2.3079463e+01
   1.5827230e+01   1.8717562e+01   1.9018867e+01
   1.8811537e+01   2.4671694e+01   2.0130537e+01
   1.4785844e+01   1.6659684e+01   1.9432366e+01
   2.1466358e+01   2.6720696e+01   2.3013704e+01
   1.9043103e+01   2.3410514e+01   2.1040686e+01
   1.8818925e+01   2.4665793e+01   2.0142609e+01
   1.8482324e+01   2.1977440e+01   2.1083992e+01
   1.9234470e+01   2.1825980e+01   2.2736726e+01
   1.9597183e+01   2.3739472e+01   2.1728696e+01
   1.9914044e+01   2.2264966e+01   2.3727774e+01
   2.1929897e+01   2.3976152e+01   2.6198520e+01
   2.0951700e+01   2.2973461e+01   2.5265826e+01
   2.2221278e+01   2.7272549e+01   2.3856786e+01
   2.0171505e+01   2.1942477e+01   2.4950347e+01
   2.1170933e+01   2.4572201e+01   2.3837702e+01
   1.8654119e+01   1.9920070e+01   2.4669418e+01
   1.7276806e+01   2.0426029e+01   2.0191684e+01
   1.8028299e+01   2.0553221e+01   2.1623198e+01
   2.1108358e+01   2.4104299e+01   2.4149911e+01
   2.0353963e+01   2.1991548e+01   2.5410230e+01
   1.9948397e+01   2.2564866e+01   2.3415830e+01
   1.8614987e+01   2.0370580e+01   2.3436553e+01
   2.0993692e+01   2.4972442e+01   2.3226413e+01
   2.1746000e+01   2.4305877e+01   2.5274986e+01
   2.1302934e+01   2.4655554e+01   2.4010778e+01
   1.9798832e+01   2.2381619e+01   2.3308394e+01
   2.0606983e+01   2.2861050e+01   2.4555970e+01
   2.0203860e+01   2.4664153e+01   2.2143811e+01
   2.2049136e+01   2.6671031e+01   2.3896015e+01
   2.0731994e+01   2.4202824e+01   2.3342420e+01
   1.8475383e+01   2.2046094e+01   2.1016420e+01
   2.0839846e+01   2.4387027e+01   2.3388179e+01
   1.9567210e+01   2.0986675e+01   2.5148690e+01
   2.2941643e+01   2.8102784e+01   2.4526696e+01
   2.0281356e+01   2.3286771e+01   2.3316875e+01
   1.9842990e+01   2.3797127e+01   2.2096481e+01
   2.1426054e+01   2.4098772e+01   2.4819274e+01
   2.1757105e+01   2.5403797e+01   2.4224955e+01
   1.9831284e+01   2.2889286e+01   2.2816672e+01
   2.0851490e+01   2.4702408e+01   2.3172476e+01
   2.0998827e+01   2.5321854e+01   2.3015196e+01
   1.9110445e+01   2.2799088e+01   2.1556919e+01
   2.1956720e+01   2.3924264e+01   2.6359572e+01
   2.1343462e+01   2.5125852e+01   2.3711758e+01
   1.9528642e+01   2.1952603e+01   2.3244599e+01
   1.9282798e+01   2.2597532e+01   2.2032429e+01
   2.1046084e+01   2.4884432e+01   2.3375299e+01
   1.9617602e+01   2.1556440e+01   2.4083687e+01
   1.7571807e+01   2.0368877e+01   2.0846058e+01
   1.9733662e+01   2.3650894e+01   2.2012791e+01
