   2.1462654e+01   2.7644948e+01   2.2666917e+01
   1.9635804e+01   2.3076380e+01   2.2275976e+01
   1.9553816e+01   2.6797623e+01   2.0470715e+01
   1.4504585e+01   1.7885037e+01   1.7243927e+01
   1.6230452e+01   2.3805869e+01   1.7082726e+01
   2.3092167e+01   2.5677801e+01   2.6584937e+01
   1.6072047e+01   2.5122774e+01   1.6662471e+01
   2.3532551e+01   2.6848578e+01   2.6266201e+01
   2.1119380e+01   2.5571352e+01   2.3061192e+01
   2.1912635e+01   2.3072034e+01   2.8236319e+01
   2.2552919e+01   2.6376652e+01   2.4888365e+01
   1.9364650e+01   2.1596377e+01   2.3354233e+01
   2.1902508e+01   2.5201334e+01   2.4655355e+01
   2.0596503e+01   2.2837639e+01   2.4564686e+01
   2.2900289e+01   2.6454117e+01   2.5437394e+01
   1.7493579e+01   1.9988377e+01   2.1132245e+01
   1.5329321e+01   2.2039250e+01   1.6398344e+01
   2.0838446e+01   2.7228242e+01   2.1979642e+01
   1.9940921e+01   2.3480433e+01   2.2498991e+01
   2.1400087e+01   2.2959953e+01   2.6625583e+01
   1.8791906e+01   2.0431576e+01   2.3855400e+01
   2.1904441e+01   2.5612863e+01   2.4325363e+01
   1.9140582e+01   2.4096426e+01   2.0828918e+01
   2.1625502e+01   2.5398440e+01   2.3999804e+01
   2.1472907e+01   2.3633937e+01   2.5558713e+01
   1.7179829e+01   1.8578368e+01   2.2841282e+01
   1.8847985e+01   2.2941619e+01   2.1013957e+01
   1.8013227e+01   2.1264438e+01   2.0827619e+01
   2.0040765e+01   2.3521248e+01   2.2646112e+01
   2.2696147e+01   2.6386124e+01   2.5128856e+01
   2.1011491e+01   2.6407110e+01   2.2500850e+01
   2.0104230e+01   2.6480802e+01   2.1250917e+01
   2.2777967e+01   2.9125390e+01   2.3928968e+01
   1.7742897e+01   2.1830749e+01   1.9918957e+01
   1.5822215e+01   1.8320293e+01   1.9476801e+01
   2.1341699e+01   2.6547774e+01   2.2910095e+01
   1.4962304e+01   1.7965294e+01   1.8048760e+01
   1.8339342e+01   2.7640461e+01   1.8889466e+01
   1.5750970e+01   1.8076393e+01   1.9641856e+01
   2.1118994e+01   2.5469197e+01   2.3119086e+01
   1.5962628e+01   1.9188057e+01   1.8819999e+01
   1.8908811e+01   2.4703221e+01   2.0250971e+01
   1.4888104e+01   1.7078116e+01   1.8994856e+01
   2.1597250e+01   2.6815222e+01   2.3159946e+01
   1.9460288e+01   2.5262491e+01   2.0797893e+01
   1.8406363e+01   2.5040944e+01   1.9482556e+01
   1.7945978e+01   2.2199723e+01   2.0016840e+01
   1.9549742e+01   2.1994157e+01   2.3238220e+01
   1.9803411e+01   2.3845006e+01   2.1998806e+01
   2.0042499e+01   2.2279865e+01   2.4019351e+01
   2.2077967e+01   2.4115044e+01   2.6361339e+01
   2.0840496e+01   2.2798312e+01   2.5265559e+01
   2.2619697e+01   2.7548287e+01   2.4311640e+01
   2.0345375e+01   2.2087182e+01   2.5181828e+01
   2.1529006e+01   2.5215936e+01   2.3967070e+01
   1.8642825e+01   1.9918237e+01   2.4630303e+01
   1.7926919e+01   2.1796676e+01   2.0248692e+01
   1.6887818e+01   1.9242682e+01   2.0721759e+01
   2.1495648e+01   2.4873441e+01   2.4181257e+01
   2.0450124e+01   2.2172931e+01   2.5324819e+01
   2.0038999e+01   2.2676442e+01   2.3480586e+01
   1.8018396e+01   1.9551372e+01   2.3332742e+01
   2.1301901e+01   2.5294172e+01   2.3524645e+01
   2.1966346e+01   2.4607480e+01   2.5395139e+01
   2.1782061e+01   2.5545095e+01   2.4163120e+01
   1.9782458e+01   2.2310001e+01   2.3361407e+01
   2.1902459e+01   2.4485808e+01   2.5401739e+01
   1.8795624e+01   2.2575458e+01   2.1176375e+01
   2.2485522e+01   2.7372915e+01   2.4197434e+01
   2.0420286e+01   2.4263156e+01   2.2748480e+01
   1.7578511e+01   2.0278118e+01   2.0964001e+01
   2.0868721e+01   2.4530177e+01   2.3328162e+01
   1.8562064e+01   1.9743546e+01   2.4838820e+01
   2.2842977e+01   2.8029171e+01   2.4417211e+01
   2.0217591e+01   2.2912979e+01   2.3589585e+01
   1.8551201e+01   2.2426497e+01   2.0865272e+01
   2.1152851e+01   2.3469825e+01   2.5008077e+01
   2.1936944e+01   2.5608833e+01   2.4385164e+01
   2.0074669e+01   2.3383162e+01   2.2825824e+01
   2.1097525e+01   2.4938402e+01   2.3424786e+01
   2.1488227e+01   2.6875709e+01   2.2979878e+01
   1.8181820e+01   2.2131218e+01   2.0446930e+01
   2.2243209e+01   2.4279526e+01   2.6527228e+01
   2.1617790e+01   2.5254739e+01   2.4093496e+01
   2.0286457e+01   2.2847208e+01   2.3820758e+01
   1.8478076e+01   2.2016118e+01   2.1045086e+01
   2.1303936e+01   2.5292376e+01   2.3529229e+01
   1.9877035e+01   2.1748138e+01   2.4464859e+01
   1.6620899e+01   1.9601061e+01   1.9708895e+01
   2.0435161e+01   2.4555312e+01   2.2577474e+01
