   1.7130742e+01   1.8178070e+01   2.3886473e+01
   1.6865133e+01   1.8597456e+01   2.1753669e+01
   1.2813314e+01   1.3651416e+01   2.0553920e+01
   1.5238344e+01   1.7155424e+01   1.9795933e+01
   1.5265291e+01   1.9613915e+01   1.7301199e+01
   1.8767115e+01   2.0229765e+01   2.4245368e+01
   1.5008340e+01   2.0431634e+01   1.6515738e+01
   1.9175381e+01   2.0407828e+01   2.5286558e+01
   1.7652580e+01   1.9136432e+01   2.3090002e+01
   1.7591877e+01   1.8467058e+01   2.5040364e+01
   1.7547080e+01   1.8391413e+01   2.5137562e+01
   1.6766913e+01   1.8051459e+01   2.2751206e+01
   1.8748887e+01   1.9825750e+01   2.5377408e+01
   1.7893009e+01   1.9799540e+01   2.2432106e+01
   1.4090291e+01   1.4387200e+01   2.6044844e+01
   1.6505143e+01   1.8513586e+01   2.0880708e+01
   1.3445168e+01   1.6606291e+01   1.6403561e+01
   1.7736150e+01   1.9738603e+01   2.2107075e+01
   1.3179200e+01   1.3800353e+01   2.2109285e+01
   1.5166782e+01   1.5730332e+01   2.4428580e+01
   1.7156794e+01   1.7892511e+01   2.5300180e+01
   1.7456475e+01   1.8569566e+01   2.3973631e+01
   1.8351044e+01   2.0441347e+01   2.2569163e+01
   1.7672526e+01   1.8903667e+01   2.3803875e+01
   1.7915745e+01   1.8946113e+01   2.4723672e+01
   1.4499450e+01   1.5225256e+01   2.2755415e+01
   1.5757223e+01   1.7916963e+01   1.9895861e+01
   1.5505238e+01   1.6676964e+01   2.1859876e+01
   1.7610434e+01   1.9329969e+01   2.2515984e+01
   1.7690287e+01   1.9001866e+01   2.3583794e+01
   1.3842347e+01   1.4291821e+01   2.4074667e+01
   1.7078021e+01   1.8106894e+01   2.3903175e+01
   1.6687254e+01   1.7830160e+01   2.3114911e+01
   1.5511339e+01   1.7327322e+01   2.0254091e+01
   1.6712553e+01   1.7861285e+01   2.3120412e+01
   1.3648918e+01   1.4340788e+01   2.2124834e+01
   1.5772050e+01   1.7280177e+01   2.1178265e+01
   1.2894328e+01   1.4088458e+01   1.9251234e+01
   1.6036097e+01   1.7393234e+01   2.1827058e+01
   1.3630684e+01   1.4194850e+01   2.2935730e+01
   1.4721062e+01   1.6358199e+01   1.9850248e+01
   1.3149278e+01   1.4240566e+01   1.9842526e+01
   1.5576035e+01   1.6692131e+01   2.2115002e+01
   1.3613698e+01   1.4258668e+01   2.2374556e+01
   1.3457267e+01   1.4187892e+01   2.1720850e+01
   1.2466603e+01   1.3201957e+01   2.0744924e+01
   1.6153858e+01   1.7295384e+01   2.2595323e+01
   1.3373495e+01   1.3893225e+01   2.3024514e+01
   1.7443262e+01   1.9106432e+01   2.2469843e+01
   1.7692423e+01   1.8673867e+01   2.4691634e+01
   1.8228328e+01   1.9260184e+01   2.5026888e+01
   1.7357060e+01   1.8653646e+01   2.3297881e+01
   1.7340649e+01   1.8851217e+01   2.2716720e+01
   1.6758622e+01   1.7570374e+01   2.4517117e+01
   1.8544835e+01   1.9964858e+01   2.4133967e+01
   1.6810133e+01   1.7724873e+01   2.4097065e+01
   1.2901697e+01   1.3679687e+01   2.0935240e+01
   1.6169205e+01   1.7405040e+01   2.2308946e+01
   1.6364336e+01   1.7231901e+01   2.3867104e+01
   1.6596244e+01   1.7701249e+01   2.3154352e+01
   1.7087013e+01   1.8488993e+01   2.2740659e+01
   1.5565075e+01   1.6468838e+01   2.2923257e+01
   1.6725152e+01   1.8459167e+01   2.1612154e+01
   1.7393095e+01   1.8394174e+01   2.4319589e+01
   1.8611287e+01   1.9970305e+01   2.4362190e+01
   1.7500871e+01   1.9449309e+01   2.1968730e+01
   1.3866933e+01   1.4290174e+01   2.4347583e+01
   1.7575148e+01   1.9168951e+01   2.2753474e+01
   1.6721536e+01   1.7828016e+01   2.3272471e+01
   1.7356498e+01   1.8619524e+01   2.3395710e+01
   1.5331373e+01   1.6684673e+01   2.1146563e+01
   1.7020842e+01   1.8665630e+01   2.2092706e+01
   1.6817652e+01   1.7533750e+01   2.5074862e+01
   1.8210918e+01   2.0420341e+01   2.2243194e+01
   1.3743494e+01   1.4252603e+01   2.3465434e+01
   1.6364715e+01   1.8052795e+01   2.1352835e+01
   1.6407580e+01   1.7218819e+01   2.4174867e+01
   1.7470455e+01   1.8959019e+01   2.2898510e+01
   1.7685698e+01   1.9130848e+01   2.3219699e+01
   1.7131124e+01   1.8594973e+01   2.2624997e+01
   1.4066193e+01   1.4506230e+01   2.4378516e+01
   1.5813436e+01   1.7106570e+01   2.1789121e+01
   1.6851785e+01   1.7641987e+01   2.4715471e+01
   1.6434318e+01   1.7556879e+01   2.2934824e+01
   1.3779144e+01   1.4350519e+01   2.3026961e+01
   1.6430167e+01   1.7794578e+01   2.2194490e+01
   1.6283421e+01   1.7711709e+01   2.1880637e+01
   1.5925893e+01   1.7149314e+01   2.2108263e+01
   1.5641061e+01   1.6745808e+01   2.2217863e+01
   1.3487736e+01   1.4232826e+01   2.1671567e+01
