   2.1404115e+01   2.7606243e+01   2.2602171e+01
   1.9558715e+01   2.3001709e+01   2.2197254e+01
   1.9441932e+01   2.6540270e+01   2.0393914e+01
   1.4743337e+01   1.8041885e+01   1.7550977e+01
   1.6227715e+01   2.3818589e+01   1.7076671e+01
   2.2897394e+01   2.5551296e+01   2.6308056e+01
   1.6073178e+01   2.5146331e+01   1.6660353e+01
   2.3456286e+01   2.6760216e+01   2.6200704e+01
   2.1068025e+01   2.5470067e+01   2.3038307e+01
   2.1749802e+01   2.2957908e+01   2.7918577e+01
   2.2503537e+01   2.6309855e+01   2.4851513e+01
   1.9322902e+01   2.1553825e+01   2.3313976e+01
   2.1768317e+01   2.4994796e+01   2.4586418e+01
   2.0602803e+01   2.2892222e+01   2.4500189e+01
   2.2803054e+01   2.6352344e+01   2.5343980e+01
   1.7580739e+01   2.0070832e+01   2.1224664e+01
   1.5305393e+01   2.1950468e+01   1.6392727e+01
   2.0773802e+01   2.7205809e+01   2.1902538e+01
   1.9892215e+01   2.3441709e+01   2.2442548e+01
   2.1271220e+01   2.2846150e+01   2.6462638e+01
   1.8775595e+01   2.0413847e+01   2.3842342e+01
   2.1621609e+01   2.5385885e+01   2.4002217e+01
   1.9128000e+01   2.4074927e+01   2.0820611e+01
   2.1598303e+01   2.5378613e+01   2.3967344e+01
   2.1463323e+01   2.3628585e+01   2.5542597e+01
   1.6803519e+01   1.8182422e+01   2.2522755e+01
   1.8837152e+01   2.2900491e+01   2.1022782e+01
   1.7961863e+01   2.1197972e+01   2.0790352e+01
   2.0007913e+01   2.3437142e+01   2.2655801e+01
   2.2683342e+01   2.6382472e+01   2.5109234e+01
   2.1045199e+01   2.6381298e+01   2.2559007e+01
   2.0181420e+01   2.6382460e+01   2.1382267e+01
   2.2745285e+01   2.9025021e+01   2.3917052e+01
   1.7635567e+01   2.1711118e+01   1.9820305e+01
   1.5827445e+01   1.8318935e+01   1.9490540e+01
   2.1114318e+01   2.6259307e+01   2.2710017e+01
   1.5001745e+01   1.7981326e+01   1.8111566e+01
   1.8298301e+01   2.7387951e+01   1.8877810e+01
   1.5756505e+01   1.8075733e+01   1.9656165e+01
   2.0969127e+01   2.5297912e+01   2.2982194e+01
   1.5986242e+01   1.9201009e+01   1.8853160e+01
   1.8885633e+01   2.4667724e+01   2.0232326e+01
   1.4900070e+01   1.7047191e+01   1.9073651e+01
   2.1583783e+01   2.6833043e+01   2.3133054e+01
   1.9618017e+01   2.5452294e+01   2.0943690e+01
   1.8386971e+01   2.4967505e+01   1.9478497e+01
   1.7990720e+01   2.2219224e+01   2.0076713e+01
   1.9460206e+01   2.1931159e+01   2.3114210e+01
   1.9776713e+01   2.3900285e+01   2.1919334e+01
   2.0023763e+01   2.2264601e+01   2.3995557e+01
   2.2093134e+01   2.4128842e+01   2.6378741e+01
   2.0710254e+01   2.2680096e+01   2.5114909e+01
   2.2550971e+01   2.7687889e+01   2.4147355e+01
   2.0276078e+01   2.2005464e+01   2.5138319e+01
   2.1550849e+01   2.5269795e+01   2.3964963e+01
   1.8545385e+01   1.9871670e+01   2.4387643e+01
   1.7952436e+01   2.1879049e+01   2.0234559e+01
   1.6884017e+01   1.9227747e+01   2.0733648e+01
   2.1496469e+01   2.4857084e+01   2.4196784e+01
   2.0386356e+01   2.2127041e+01   2.5224839e+01
   2.0022512e+01   2.2653033e+01   2.3472525e+01
   1.7744342e+01   1.9237742e+01   2.3157202e+01
   2.1262766e+01   2.5251251e+01   2.3488150e+01
   2.1732056e+01   2.4356390e+01   2.5181897e+01
   2.1646520e+01   2.5293870e+01   2.4114191e+01
   1.9762996e+01   2.2302780e+01   2.3326533e+01
   2.1846501e+01   2.4436186e+01   2.5338174e+01
   1.8815689e+01   2.2581520e+01   2.1206525e+01
   2.2418726e+01   2.7269574e+01   2.4148498e+01
   2.0331232e+01   2.4162289e+01   2.2668130e+01
   1.7976452e+01   2.1006429e+01   2.1001474e+01
   2.0851752e+01   2.4529591e+01   2.3298858e+01
   1.9084837e+01   2.0372931e+01   2.5031020e+01
   2.2710968e+01   2.7928982e+01   2.4271604e+01
   2.0565342e+01   2.3554553e+01   2.3615948e+01
   1.8543869e+01   2.2408752e+01   2.0865283e+01
   2.1388519e+01   2.3844647e+01   2.5052075e+01
   2.1840524e+01   2.5495941e+01   2.4301492e+01
   2.0015304e+01   2.3307872e+01   2.2780797e+01
   2.1081127e+01   2.4923410e+01   2.3407447e+01
   2.1587988e+01   2.7257248e+01   2.2969261e+01
   1.8241863e+01   2.2153741e+01   2.0532325e+01
   2.2285157e+01   2.4320509e+01   2.6570640e+01
   2.1486337e+01   2.5090615e+01   2.3987637e+01
   2.0405194e+01   2.3073116e+01   2.3808541e+01
   1.8524904e+01   2.2026316e+01   2.1121180e+01
   2.1344704e+01   2.5374318e+01   2.3542616e+01
   1.9769780e+01   2.1633801e+01   2.4371552e+01
   1.6746178e+01   1.9683100e+01   1.9877585e+01
   2.0278304e+01   2.4295753e+01   2.2487731e+01
