   2.1242944e+01   2.7286299e+01   2.2492877e+01
   1.9534343e+01   2.2906543e+01   2.2232778e+01
   1.9213874e+01   2.6124820e+01   2.0213475e+01
   1.5522773e+01   1.8525141e+01   1.8601587e+01
   1.6205007e+01   2.3726623e+01   1.7069092e+01
   2.2902533e+01   2.5307857e+01   2.6628710e+01
   1.6035625e+01   2.4990627e+01   1.6640237e+01
   2.3431312e+01   2.6680116e+01   2.6224844e+01
   2.0960409e+01   2.5247924e+01   2.2997949e+01
   2.1214189e+01   2.2226442e+01   2.8061373e+01
   2.2280567e+01   2.5927524e+01   2.4746797e+01
   1.9343202e+01   2.1516708e+01   2.3421480e+01
   2.1524902e+01   2.4560060e+01   2.4525656e+01
   2.0657930e+01   2.2894439e+01   2.4632681e+01
   2.2300937e+01   2.5756088e+01   2.4919272e+01
   1.8290851e+01   2.0832895e+01   2.1861768e+01
   1.5227062e+01   2.1706731e+01   1.6362829e+01
   2.0758007e+01   2.7077828e+01   2.1920569e+01
   1.9752207e+01   2.3343019e+01   2.2270588e+01
   2.1499188e+01   2.3174375e+01   2.6467961e+01
   1.8681498e+01   2.0304934e+01   2.3781749e+01
   2.1272424e+01   2.4778218e+01   2.3852445e+01
   1.9162307e+01   2.3953504e+01   2.0930702e+01
   2.1563257e+01   2.5372730e+01   2.3911424e+01
   2.1307512e+01   2.3447789e+01   2.5426524e+01
   1.5804775e+01   1.6908774e+01   2.2380848e+01
   1.8732360e+01   2.2604190e+01   2.1047849e+01
   1.7909911e+01   2.1228306e+01   2.0665141e+01
   1.9857646e+01   2.3096166e+01   2.2672360e+01
   2.2716608e+01   2.6313551e+01   2.5220298e+01
   2.1153331e+01   2.6076821e+01   2.2850766e+01
   2.1219921e+01   2.6257125e+01   2.2863978e+01
   2.2513887e+01   2.8329085e+01   2.3840335e+01
   1.7772753e+01   2.1657921e+01   2.0084764e+01
   1.6521288e+01   1.8689073e+01   2.0636209e+01
   2.1111154e+01   2.6111536e+01   2.2772482e+01
   1.5869961e+01   1.8496701e+01   1.9361970e+01
   1.8047316e+01   2.7038259e+01   1.8641555e+01
   1.6320127e+01   1.8383835e+01   2.0605114e+01
   2.0622096e+01   2.4168397e+01   2.3171940e+01
   1.5870886e+01   1.8802492e+01   1.9018177e+01
   1.8855295e+01   2.4676240e+01   2.0188099e+01
   1.4809555e+01   1.6751414e+01   1.9330836e+01
   2.1534985e+01   2.6724421e+01   2.3110202e+01
   1.9756978e+01   2.5110302e+01   2.1267067e+01
   1.8436889e+01   2.4740580e+01   1.9610425e+01
   1.8363435e+01   2.2025125e+01   2.0834582e+01
   1.9349710e+01   2.1847345e+01   2.2969686e+01
   1.9665497e+01   2.3705229e+01   2.1862687e+01
   1.9980446e+01   2.2282130e+01   2.3863568e+01
   2.2002750e+01   2.4001547e+01   2.6351290e+01
   2.0707662e+01   2.2534004e+01   2.5375065e+01
   2.2349057e+01   2.7225665e+01   2.4066434e+01
   2.0252607e+01   2.1998419e+01   2.5081503e+01
   2.1235351e+01   2.4633476e+01   2.3904555e+01
   1.8643529e+01   1.9896743e+01   2.4696917e+01
   1.7727358e+01   2.1522119e+01   2.0103932e+01
   1.7617638e+01   1.9936008e+01   2.1495247e+01
   2.1237389e+01   2.4287138e+01   2.4224749e+01
   2.0407383e+01   2.2074629e+01   2.5399068e+01
   1.9962416e+01   2.2576087e+01   2.3433175e+01
   1.6526242e+01   1.7754954e+01   2.2681690e+01
   2.1061765e+01   2.5020043e+01   2.3308041e+01
   2.1884607e+01   2.4460433e+01   2.5393249e+01
   2.1363863e+01   2.4746984e+01   2.4045365e+01
   1.9784267e+01   2.2312370e+01   2.3362492e+01
   2.1466081e+01   2.4188022e+01   2.4801781e+01
   1.9670591e+01   2.3636226e+01   2.1917039e+01
   2.2138842e+01   2.6793217e+01   2.3968452e+01
   2.0458169e+01   2.3912664e+01   2.3083125e+01
   1.7873636e+01   2.0821915e+01   2.0982649e+01
   2.0895150e+01   2.4479789e+01   2.3413723e+01
   1.8820881e+01   2.0054108e+01   2.4933007e+01
   2.2952534e+01   2.8090923e+01   2.4547615e+01
   2.0223764e+01   2.3193814e+01   2.3295456e+01
   1.9479367e+01   2.3285055e+01   2.1837982e+01
   2.1206337e+01   2.3648306e+01   2.4889410e+01
   2.1853462e+01   2.5510462e+01   2.4313190e+01
   1.9872478e+01   2.2950862e+01   2.2837704e+01
   2.0942717e+01   2.4744240e+01   2.3298512e+01
   2.1284473e+01   2.6477009e+01   2.2858885e+01
   1.9000942e+01   2.2723478e+01   2.1422657e+01
   2.2021023e+01   2.3985008e+01   2.6429847e+01
   2.1466851e+01   2.5107376e+01   2.3940275e+01
   2.0136735e+01   2.2879951e+01   2.3453946e+01
   1.9118391e+01   2.2493219e+01   2.1816796e+01
   2.1126470e+01   2.4967006e+01   2.3453879e+01
   1.9688076e+01   2.1575057e+01   2.4247740e+01
   1.7372187e+01   2.0187475e+01   2.0628066e+01
   1.9994346e+01   2.3979991e+01   2.2226009e+01
