   2.0607257e+01   2.5162733e+01   2.2493402e+01
   1.9222386e+01   2.2642582e+01   2.1881731e+01
   1.8931636e+01   2.5089782e+01   2.0149558e+01
   1.3896204e+01   1.7213017e+01   1.6701936e+01
   1.5904586e+01   2.2608158e+01   1.6972021e+01
   2.1618847e+01   2.4014835e+01   2.5362097e+01
   1.5665073e+01   2.2984902e+01   1.6577206e+01
   2.2506650e+01   2.5594476e+01   2.5452744e+01
   1.9998138e+01   2.3860959e+01   2.2313935e+01
   1.8630133e+01   1.9400556e+01   2.6569779e+01
   2.1103213e+01   2.3759097e+01   2.4517680e+01
   1.8851219e+01   2.1047505e+01   2.2898125e+01
   2.0989843e+01   2.3822125e+01   2.4203746e+01
   1.9793256e+01   2.1907104e+01   2.3962405e+01
   2.1675492e+01   2.4814742e+01   2.4574869e+01
   1.6946572e+01   1.9286283e+01   2.0801143e+01
   1.4973458e+01   2.0954616e+01   1.6270792e+01
   1.9254518e+01   2.3209078e+01   2.1510339e+01
   1.9402024e+01   2.2939649e+01   2.1964165e+01
   2.0189256e+01   2.1633743e+01   2.5701918e+01
   1.8514609e+01   2.0209781e+01   2.3461550e+01
   2.0643828e+01   2.3403002e+01   2.3940464e+01
   1.8929562e+01   2.3637793e+01   2.0741064e+01
   2.1337519e+01   2.4855577e+01   2.3907435e+01
   2.0378653e+01   2.2728581e+01   2.4191172e+01
   1.7725707e+01   1.8987998e+01   2.3762305e+01
   1.8665487e+01   2.2676058e+01   2.0886707e+01
   1.7785738e+01   2.0831754e+01   2.0796325e+01
   1.9771640e+01   2.3224696e+01   2.2400795e+01
   2.1763310e+01   2.4781035e+01   2.4780619e+01
   2.0366503e+01   2.5577836e+01   2.1935030e+01
   1.9018695e+01   2.4394697e+01   2.0521878e+01
   2.1407058e+01   2.6313404e+01   2.3112086e+01
   1.6940325e+01   2.0177510e+01   1.9776498e+01
   1.5503505e+01   1.7917631e+01   1.9274629e+01
   2.0367037e+01   2.4821838e+01   2.2309528e+01
   1.4588773e+01   1.7399584e+01   1.7886494e+01
   1.8047264e+01   2.6189745e+01   1.8780778e+01
   1.5363867e+01   1.7672775e+01   1.9284663e+01
   1.8265470e+01   2.0478615e+01   2.2291621e+01
   1.5592266e+01   1.8609055e+01   1.8655502e+01
   1.8463999e+01   2.3709453e+01   2.0024342e+01
   1.4606428e+01   1.6734447e+01   1.8816319e+01
   2.0662269e+01   2.5032010e+01   2.2652363e+01
   1.8643523e+01   2.3572720e+01   2.0346583e+01
   1.7963488e+01   2.3578876e+01   1.9375816e+01
   1.7307353e+01   2.1118459e+01   1.9675212e+01
   1.8345486e+01   2.0353068e+01   2.2701642e+01
   1.8815366e+01   2.2230061e+01   2.1481650e+01
   1.9660574e+01   2.1833142e+01   2.3738158e+01
   2.0608762e+01   2.2722531e+01   2.4773272e+01
   1.8666625e+01   2.0006707e+01   2.4469126e+01
   2.1487794e+01   2.5162407e+01   2.3935254e+01
   1.9931891e+01   2.1677105e+01   2.4764090e+01
   2.0589422e+01   2.3671652e+01   2.3547572e+01
   1.8238390e+01   1.9534352e+01   2.4170267e+01
   1.7445318e+01   2.1116093e+01   1.9915912e+01
   1.6444969e+01   1.8664791e+01   2.0481033e+01
   2.0218332e+01   2.3241735e+01   2.3236107e+01
   1.9010454e+01   2.0419843e+01   2.4622891e+01
   1.9207677e+01   2.1875309e+01   2.2618125e+01
   1.6246251e+01   1.7245089e+01   2.3200132e+01
   2.0898673e+01   2.4595215e+01   2.3331565e+01
   2.0777888e+01   2.3310058e+01   2.4345764e+01
   2.1375956e+01   2.4968564e+01   2.3886685e+01
   1.9082276e+01   2.1365070e+01   2.2998567e+01
   2.1297875e+01   2.3920166e+01   2.4751857e+01
   1.8068945e+01   2.1237002e+01   2.0959560e+01
   2.1193909e+01   2.5258059e+01   2.3369723e+01
   1.8478306e+01   2.1005605e+01   2.2066442e+01
   1.5610143e+01   1.7211965e+01   2.0799917e+01
   1.9807635e+01   2.3147468e+01   2.2532640e+01
   1.6266314e+01   1.7174524e+01   2.3590939e+01
   2.1074325e+01   2.5150181e+01   2.3242925e+01
   1.7618828e+01   1.9499253e+01   2.2208917e+01
   1.7716047e+01   2.1288118e+01   2.0261153e+01
   1.8531604e+01   2.0148714e+01   2.3647314e+01
   2.0103255e+01   2.3057743e+01   2.3191518e+01
   1.9773918e+01   2.2984713e+01   2.2614361e+01
   2.0554237e+01   2.3829972e+01   2.3332338e+01
   2.0686401e+01   2.5211562e+01   2.2588833e+01
   1.7602092e+01   2.1090192e+01   2.0215644e+01
   2.0908174e+01   2.2956188e+01   2.5178462e+01
   1.9827904e+01   2.1971810e+01   2.3949128e+01
   1.9700719e+01   2.2145503e+01   2.3387775e+01
   1.7919079e+01   2.1090397e+01   2.0807774e+01
   2.0209709e+01   2.3752570e+01   2.2763944e+01
   1.8466967e+01   1.9949377e+01   2.3898987e+01
   1.6146897e+01   1.8997794e+01   1.9377034e+01
   1.8887093e+01   2.1911937e+01   2.1910771e+01
