   2.1320490e+01   2.7452685e+01   2.2541108e+01
   1.9520791e+01   2.2999800e+01   2.2129788e+01
   1.9377387e+01   2.6398270e+01   2.0348667e+01
   1.4690547e+01   1.7985791e+01   1.7501965e+01
   1.6217745e+01   2.3789960e+01   1.7070764e+01
   2.2831879e+01   2.5513034e+01   2.6210517e+01
   1.6052801e+01   2.5071777e+01   1.6647914e+01
   2.3364827e+01   2.6678372e+01   2.6101002e+01
   2.1030064e+01   2.5407211e+01   2.3014769e+01
   2.1855096e+01   2.3081410e+01   2.7966973e+01
   2.2404121e+01   2.6231115e+01   2.4737598e+01
   1.9310122e+01   2.1573714e+01   2.3252855e+01
   2.1701493e+01   2.4887330e+01   2.4557147e+01
   2.0478103e+01   2.2772813e+01   2.4368495e+01
   2.2723292e+01   2.6255283e+01   2.5278175e+01
   1.7747369e+01   2.0238234e+01   2.1388698e+01
   1.5285069e+01   2.1904260e+01   1.6379878e+01
   2.0711861e+01   2.7255202e+01   2.1808269e+01
   1.9848081e+01   2.3424300e+01   2.2377471e+01
   2.1189077e+01   2.2743756e+01   2.6427714e+01
   1.8743346e+01   2.0387627e+01   2.3797203e+01
   2.1717728e+01   2.5518102e+01   2.4071974e+01
   1.9107052e+01   2.4052289e+01   2.0800549e+01
   2.1613252e+01   2.5337642e+01   2.4023152e+01
   2.1422521e+01   2.3595504e+01   2.5490020e+01
   1.6982553e+01   1.8326712e+01   2.2794028e+01
   1.8805575e+01   2.2869585e+01   2.0990930e+01
   1.7983172e+01   2.1165017e+01   2.0861532e+01
   1.9981523e+01   2.3410437e+01   2.2629794e+01
   2.2576717e+01   2.6292452e+01   2.4990503e+01
   2.1264691e+01   2.6331058e+01   2.2895320e+01
   2.0360525e+01   2.6421364e+01   2.1606471e+01
   2.2677623e+01   2.8938167e+01   2.3855429e+01
   1.7688481e+01   2.1773042e+01   1.9867026e+01
   1.5815489e+01   1.8312110e+01   1.9472069e+01
   2.1101328e+01   2.6248168e+01   2.2696238e+01
   1.5118221e+01   1.8049077e+01   1.8276976e+01
   1.8259078e+01   2.7232275e+01   1.8855509e+01
   1.5738077e+01   1.8055286e+01   1.9640912e+01
   2.1199216e+01   2.5522848e+01   2.3214655e+01
   1.5961072e+01   1.9175980e+01   1.8828159e+01
   1.8921318e+01   2.4611615e+01   2.0301627e+01
   1.4877034e+01   1.7014649e+01   1.9066154e+01
   2.1605265e+01   2.6752185e+01   2.3199014e+01
   1.9648579e+01   2.5400128e+01   2.1003993e+01
   1.8480875e+01   2.4971827e+01   1.9597957e+01
   1.8029061e+01   2.2228186e+01   2.0132929e+01
   1.9542414e+01   2.1962546e+01   2.3263437e+01
   1.9689661e+01   2.3819658e+01   2.1828560e+01
   2.0013661e+01   2.2186377e+01   2.4088808e+01
   2.2006435e+01   2.4098968e+01   2.6198761e+01
   2.0777380e+01   2.2772968e+01   2.5137042e+01
   2.2486352e+01   2.7619855e+01   2.4084363e+01
   2.0309923e+01   2.1994879e+01   2.5264502e+01
   2.1455079e+01   2.5133982e+01   2.3899404e+01
   1.8593188e+01   1.9848486e+01   2.4640843e+01
   1.7925618e+01   2.1840462e+01   2.0216018e+01
   1.6991359e+01   1.9305833e+01   2.0881303e+01
   2.1385682e+01   2.4766020e+01   2.4069481e+01
   2.0348830e+01   2.2131842e+01   2.5102679e+01
   2.0005035e+01   2.2632929e+01   2.3458314e+01
   1.8003920e+01   1.9538063e+01   2.3315657e+01
   2.1224541e+01   2.5216425e+01   2.3447772e+01
   2.1795503e+01   2.4443463e+01   2.5216731e+01
   2.1576457e+01   2.5190532e+01   2.4069892e+01
   1.9719158e+01   2.2244349e+01   2.3301475e+01
   2.1808108e+01   2.4400842e+01   2.5296172e+01
   1.8968632e+01   2.2661512e+01   2.1412672e+01
   2.2349815e+01   2.7180555e+01   2.4089571e+01
   2.0358485e+01   2.4257300e+01   2.2647803e+01
   1.7802259e+01   2.0728839e+01   2.0934490e+01
   2.0823824e+01   2.4499469e+01   2.3272683e+01
   1.8923473e+01   2.0210314e+01   2.4874792e+01
   2.2674519e+01   2.7913310e+01   2.4226274e+01
   2.0434014e+01   2.3353725e+01   2.3556851e+01
   1.8454101e+01   2.2340018e+01   2.0761312e+01
   2.1270411e+01   2.3715167e+01   2.4949507e+01
   2.1838581e+01   2.5496358e+01   2.4297761e+01
   1.9969668e+01   2.3231995e+01   2.2762353e+01
   2.1064580e+01   2.4861170e+01   2.3423517e+01
   2.1531689e+01   2.7131296e+01   2.2939392e+01
   1.8301762e+01   2.2216208e+01   2.0590091e+01
   2.2230905e+01   2.4266689e+01   2.6515862e+01
   2.1613141e+01   2.5216596e+01   2.4114695e+01
   2.0395903e+01   2.3071395e+01   2.3790353e+01
   1.8656763e+01   2.2110997e+01   2.1290957e+01
   2.1310742e+01   2.5292064e+01   2.3540770e+01
   1.9798773e+01   2.1669736e+01   2.4387382e+01
   1.6762191e+01   1.9682604e+01   1.9910751e+01
   2.0272424e+01   2.4381740e+01   2.2422216e+01
