   2.1442687e+01   2.7478432e+01   2.2694793e+01
   1.9597681e+01   2.3077858e+01   2.2205342e+01
   1.9579761e+01   2.6841729e+01   2.0492357e+01
   1.4255361e+01   1.7701685e+01   1.6942552e+01
   1.6231030e+01   2.3804879e+01   1.7083640e+01
   2.2937968e+01   2.5612858e+01   2.6323676e+01
   1.6044763e+01   2.5007885e+01   1.6648139e+01
   2.3502789e+01   2.6859454e+01   2.6201260e+01
   2.1122778e+01   2.5585876e+01   2.3058336e+01
   2.1394490e+01   2.2527004e+01   2.7810062e+01
   2.2522264e+01   2.6359768e+01   2.4848023e+01
   1.9334126e+01   2.1581810e+01   2.3300165e+01
   2.1891815e+01   2.5216296e+01   2.4622184e+01
   2.0435954e+01   2.2637052e+01   2.4465170e+01
   2.2852116e+01   2.6395531e+01   2.5397594e+01
   1.7409037e+01   1.9906613e+01   2.1044945e+01
   1.5330931e+01   2.2044195e+01   1.6399020e+01
   2.0758145e+01   2.7145633e+01   2.1900186e+01
   1.9960840e+01   2.3496486e+01   2.2521911e+01
   2.1224072e+01   2.2767827e+01   2.6488070e+01
   1.8800416e+01   2.0439496e+01   2.3865125e+01
   2.1704644e+01   2.5265895e+01   2.4238983e+01
   1.9142578e+01   2.4088009e+01   2.0835844e+01
   2.1627361e+01   2.5366814e+01   2.4026112e+01
   2.1479135e+01   2.3635281e+01   2.5572521e+01
   1.7516056e+01   1.8783101e+01   2.3541208e+01
   1.8846561e+01   2.2939940e+01   2.1012705e+01
   1.7990154e+01   2.1182870e+01   2.0858341e+01
   2.0039171e+01   2.3530810e+01   2.2635415e+01
   2.2519073e+01   2.6104026e+01   2.5032587e+01
   2.0980371e+01   2.6383206e+01   2.2466859e+01
   1.9776014e+01   2.6433993e+01   2.0842021e+01
   2.2786701e+01   2.9142683e+01   2.3935101e+01
   1.7697379e+01   2.1708157e+01   1.9924282e+01
   1.5835278e+01   1.8338316e+01   1.9483234e+01
   2.1313671e+01   2.6564226e+01   2.2862964e+01
   1.4949890e+01   1.7958824e+01   1.8030492e+01
   1.8393804e+01   2.7669694e+01   1.8947247e+01
   1.5763849e+01   1.8095592e+01   1.9645534e+01
   2.0772212e+01   2.4648735e+01   2.3075528e+01
   1.5978004e+01   1.9229200e+01   1.8811628e+01
   1.8902756e+01   2.4596129e+01   2.0281984e+01
   1.4892269e+01   1.7098982e+01   1.8973276e+01
   2.1537557e+01   2.6584036e+01   2.3176640e+01
   1.9410172e+01   2.5256670e+01   2.0732105e+01
   1.8454447e+01   2.5047711e+01   1.9542142e+01
   1.7956581e+01   2.2217459e+01   2.0023052e+01
   1.9573049e+01   2.1993759e+01   2.3293101e+01
   1.9684080e+01   2.3729337e+01   2.1877574e+01
   2.0047961e+01   2.2249252e+01   2.4079082e+01
   2.2035711e+01   2.4079882e+01   2.6307392e+01
   2.0641177e+01   2.2584946e+01   2.5092151e+01
   2.2584503e+01   2.7574011e+01   2.4247835e+01
   2.0346508e+01   2.2075986e+01   2.5208123e+01
   2.1532800e+01   2.5241859e+01   2.3954312e+01
   1.8593037e+01   1.9864250e+01   2.4593390e+01
   1.7912620e+01   2.1757724e+01   2.0251880e+01
   1.6829047e+01   1.9175547e+01   2.0675431e+01
   2.1447171e+01   2.4844235e+01   2.4116563e+01
   2.0386278e+01   2.2150976e+01   2.5176317e+01
   2.0036892e+01   2.2679453e+01   2.3472345e+01
   1.7019337e+01   1.8380917e+01   2.2782366e+01
   2.1307721e+01   2.5305442e+01   2.3526820e+01
   2.1699601e+01   2.4366605e+01   2.5098542e+01
   2.1800081e+01   2.5581120e+01   2.4168025e+01
   1.9639121e+01   2.2131075e+01   2.3264632e+01
   2.1911026e+01   2.4497388e+01   2.5406558e+01
   1.8721329e+01   2.2448045e+01   2.1141474e+01
   2.2491027e+01   2.7383634e+01   2.4200416e+01
   2.0206797e+01   2.3978911e+01   2.2586524e+01
   1.7156133e+01   1.9614054e+01   2.0846657e+01
   2.0793661e+01   2.4410320e+01   2.3287685e+01
   1.8251716e+01   1.9426320e+01   2.4553999e+01
   2.2662071e+01   2.7674763e+01   2.4314511e+01
   1.9848813e+01   2.2411082e+01   2.3383594e+01
   1.8447323e+01   2.2344008e+01   2.0747084e+01
   2.0891854e+01   2.3122930e+01   2.4873547e+01
   2.1909341e+01   2.5611262e+01   2.4335094e+01
   2.0064542e+01   2.3378566e+01   2.2810882e+01
   2.1072036e+01   2.4835830e+01   2.3454687e+01
   2.1355809e+01   2.6470961e+01   2.2964231e+01
   1.8090648e+01   2.2089993e+01   2.0322647e+01
   2.2160651e+01   2.4185950e+01   2.6463504e+01
   2.1615691e+01   2.5181977e+01   2.4146322e+01
   2.0204482e+01   2.2704926e+01   2.3815791e+01
   1.8436896e+01   2.1989727e+01   2.0992356e+01
   2.1259556e+01   2.5187092e+01   2.3526102e+01
   1.9855604e+01   2.1740611e+01   2.4417776e+01
   1.6597543e+01   1.9584062e+01   1.9679288e+01
   2.0379126e+01   2.4528141e+01   2.2503392e+01
