   1.9414148e+01   2.1819768e+01   2.3155620e+01
   1.8307931e+01   2.1757213e+01   2.0948458e+01
   1.5448707e+01   1.7199470e+01   2.0322274e+01
   1.5794487e+01   1.9308429e+01   1.8404159e+01
   1.5783730e+01   2.1273801e+01   1.7257680e+01
   2.0797028e+01   2.3321070e+01   2.4375144e+01
   1.5583028e+01   2.2907363e+01   1.6494528e+01
   2.1132197e+01   2.3918408e+01   2.4396363e+01
   1.9549560e+01   2.2082416e+01   2.3123155e+01
   1.9316573e+01   2.1018450e+01   2.4242536e+01
   1.9850931e+01   2.1596024e+01   2.4683926e+01
   1.7925061e+01   2.0368267e+01   2.1627504e+01
   2.0103034e+01   2.1869490e+01   2.4891330e+01
   1.8946515e+01   2.2004099e+01   2.1937331e+01
   1.5815635e+01   1.6790757e+01   2.2871324e+01
   1.7779802e+01   2.1195295e+01   2.0452364e+01
   1.4716667e+01   2.0093832e+01   1.6245911e+01
   1.9602163e+01   2.3880457e+01   2.1649973e+01
   1.5780825e+01   1.6961997e+01   2.2099293e+01
   1.6562578e+01   1.7401264e+01   2.4195318e+01
   1.8004802e+01   1.9259102e+01   2.4061904e+01
   1.9308277e+01   2.1152260e+01   2.3951150e+01
   1.8886943e+01   2.2296959e+01   2.1556751e+01
   1.9669599e+01   2.1946372e+01   2.3590666e+01
   1.9824324e+01   2.1369783e+01   2.5092996e+01
   1.5070977e+01   1.5875111e+01   2.2902242e+01
   1.7640655e+01   2.0650233e+01   2.0688907e+01
   1.6771530e+01   1.8662699e+01   2.1352087e+01
   1.8748733e+01   2.1343770e+01   2.2249996e+01
   1.9669703e+01   2.1939846e+01   2.3600450e+01
   1.5540081e+01   1.6836914e+01   2.1510426e+01
   1.9182574e+01   2.0972319e+01   2.3931269e+01
   2.0251088e+01   2.3919952e+01   2.2707241e+01
   1.6904737e+01   1.9706709e+01   2.0180081e+01
   1.7173998e+01   1.8756301e+01   2.2383550e+01
   1.6342442e+01   1.7615457e+01   2.2367482e+01
   1.6297983e+01   1.8547583e+01   2.0291384e+01
   1.4834541e+01   1.7269116e+01   1.8589415e+01
   1.6771727e+01   1.8626787e+01   2.1419731e+01
   1.6321550e+01   1.7189326e+01   2.3824158e+01
   1.5647627e+01   1.8132395e+01   1.9322177e+01
   1.5701656e+01   1.7813039e+01   1.9918104e+01
   1.5663851e+01   1.7188337e+01   2.1032620e+01
   1.6537272e+01   1.7737236e+01   2.2782126e+01
   1.5155062e+01   1.6772550e+01   2.0318532e+01
   1.5301396e+01   1.6651611e+01   2.1125734e+01
   1.8401036e+01   2.0953838e+01   2.1957491e+01
   1.5918293e+01   1.6732957e+01   2.3678506e+01
   1.8587587e+01   2.1770715e+01   2.1460467e+01
   1.9121995e+01   2.0787635e+01   2.4126338e+01
   2.0227940e+01   2.1840674e+01   2.5339931e+01
   1.8870023e+01   2.0614257e+01   2.3712323e+01
   2.0302193e+01   2.3724166e+01   2.2954870e+01
   1.8654147e+01   1.9777573e+01   2.5121627e+01
   2.0005240e+01   2.2565657e+01   2.3541459e+01
   1.7664093e+01   1.8931256e+01   2.3686990e+01
   1.4520377e+01   1.6074649e+01   1.9842862e+01
   1.7436651e+01   1.9470100e+01   2.1758077e+01
   1.9559151e+01   2.1743688e+01   2.3618950e+01
   1.8639630e+01   2.0302085e+01   2.3655041e+01
   1.8672248e+01   2.0714475e+01   2.2966912e+01
   1.5881715e+01   1.7172840e+01   2.1861938e+01
   1.8872985e+01   2.1651509e+01   2.2157721e+01
   1.9515374e+01   2.1616603e+01   2.3706648e+01
   2.0097803e+01   2.2245096e+01   2.4212054e+01
   1.8433444e+01   2.1110392e+01   2.1838328e+01
   1.5951450e+01   1.7125832e+01   2.2288539e+01
   1.9375275e+01   2.2147541e+01   2.2663822e+01
   2.0204485e+01   2.3430777e+01   2.3028693e+01
   1.9435473e+01   2.2085916e+01   2.2864948e+01
   1.6602124e+01   1.8824876e+01   2.0631689e+01
   1.8716825e+01   2.1426356e+01   2.2081442e+01
   1.7831524e+01   1.8965134e+01   2.4273984e+01
   2.0132080e+01   2.4780451e+01   2.1970164e+01
   1.5614999e+01   1.6814875e+01   2.1877112e+01
   1.8278331e+01   2.1188640e+01   2.1423885e+01
   1.9471603e+01   2.1516761e+01   2.3755220e+01
   1.9720678e+01   2.2002017e+01   2.3634777e+01
   1.8939577e+01   2.1201163e+01   2.2887933e+01
   1.9200340e+01   2.2015204e+01   2.2442509e+01
   1.6196924e+01   1.7544643e+01   2.2010995e+01
   1.8089693e+01   2.0885566e+01   2.1360833e+01
   2.0186228e+01   2.1971729e+01   2.4936169e+01
   1.9459663e+01   2.1314021e+01   2.4081782e+01
   1.5298148e+01   1.6527935e+01   2.1473631e+01
   1.8665197e+01   2.0745353e+01   2.2897152e+01
   1.9551078e+01   2.2902728e+01   2.2267117e+01
   1.8164116e+01   1.9794401e+01   2.3254296e+01
   1.7527075e+01   1.9804620e+01   2.1464559e+01
   1.5504488e+01   1.7265906e+01   2.0355441e+01
