   2.1243011e+01   2.7250568e+01   2.2504927e+01
   1.9541578e+01   2.2966693e+01   2.2195131e+01
   1.9272484e+01   2.6183964e+01   2.0271805e+01
   1.5073648e+01   1.8200064e+01   1.8036096e+01
   1.6213348e+01   2.3737110e+01   1.7076929e+01
   2.2892257e+01   2.5380075e+01   2.6509169e+01
   1.6034175e+01   2.4962663e+01   1.6642754e+01
   2.3387073e+01   2.6679720e+01   2.6141586e+01
   2.0986583e+01   2.5290143e+01   2.3014498e+01
   2.2106636e+01   2.3302051e+01   2.8313556e+01
   2.2333394e+01   2.6021196e+01   2.4768601e+01
   1.9314045e+01   2.1532139e+01   2.3324447e+01
   2.1585512e+01   2.4660381e+01   2.4547014e+01
   2.0511770e+01   2.2736021e+01   2.4505609e+01
   2.2538281e+01   2.6000139e+01   2.5150479e+01
   1.8068906e+01   2.0581324e+01   2.1679469e+01
   1.5249713e+01   2.1771456e+01   1.6372915e+01
   2.0779909e+01   2.7118714e+01   2.1936630e+01
   1.9786994e+01   2.3364982e+01   2.2315272e+01
   2.1307290e+01   2.2870897e+01   2.6524594e+01
   1.8700157e+01   2.0326924e+01   2.3792864e+01
   2.1670249e+01   2.5440713e+01   2.4046220e+01
   1.9186179e+01   2.3993660e+01   2.0946350e+01
   2.1630912e+01   2.5371483e+01   2.4028832e+01
   2.1342481e+01   2.3490161e+01   2.5449704e+01
   1.6855159e+01   1.8243601e+01   2.2548059e+01
   1.8754330e+01   2.2660709e+01   2.1045660e+01
   1.7946473e+01   2.1141509e+01   2.0812839e+01
   1.9890333e+01   2.3156342e+01   2.2680092e+01
   2.2604508e+01   2.6209980e+01   2.5101839e+01
   2.1266668e+01   2.6228214e+01   2.2945791e+01
   2.0833309e+01   2.6368532e+01   2.2267350e+01
   2.2530397e+01   2.8405927e+01   2.3835503e+01
   1.7649246e+01   2.1699453e+01   1.9850428e+01
   1.6362739e+01   1.8622656e+01   2.0339958e+01
   2.1150005e+01   2.6199125e+01   2.2788768e+01
   1.5602791e+01   1.8317378e+01   1.8993933e+01
   1.8192111e+01   2.7133873e+01   1.8793310e+01
   1.5912249e+01   1.8133346e+01   1.9953980e+01
   2.1277526e+01   2.5394170e+01   2.3419393e+01
   1.5910265e+01   1.8951810e+01   1.8944479e+01
   1.8907638e+01   2.4584991e+01   2.0292831e+01
   1.4814942e+01   1.6803918e+01   1.9252813e+01
   2.1607540e+01   2.6666161e+01   2.3240928e+01
   1.9829156e+01   2.5311429e+01   2.1286675e+01
   1.8597545e+01   2.4868530e+01   1.9780712e+01
   1.8257291e+01   2.2022331e+01   2.0651974e+01
   1.9526854e+01   2.1904233e+01   2.3306236e+01
   1.9649587e+01   2.3678467e+01   2.1853977e+01
   2.0017142e+01   2.2204294e+01   2.4070037e+01
   2.2017899e+01   2.4020296e+01   2.6360213e+01
   2.0972079e+01   2.2958544e+01   2.5346472e+01
   2.2409270e+01   2.7332571e+01   2.4104109e+01
   2.0301996e+01   2.1972980e+01   2.5286338e+01
   2.1305084e+01   2.4791621e+01   2.3900633e+01
   1.8597856e+01   1.9838689e+01   2.4689062e+01
   1.7810088e+01   2.1633964e+01   2.0165151e+01
   1.7394986e+01   1.9706938e+01   2.1284069e+01
   2.1278597e+01   2.4372559e+01   2.4222655e+01
   2.0408001e+01   2.2120402e+01   2.5304466e+01
   1.9968802e+01   2.2584180e+01   2.3437447e+01
   1.7964493e+01   1.9571021e+01   2.3109656e+01
   2.1134143e+01   2.5100324e+01   2.3374865e+01
   2.1812760e+01   2.4411384e+01   2.5293583e+01
   2.1434191e+01   2.4890620e+01   2.4054013e+01
   1.9721520e+01   2.2212769e+01   2.3347449e+01
   2.1710149e+01   2.4316358e+01   2.5182078e+01
   1.9466677e+01   2.3294500e+01   2.1809529e+01
   2.2175457e+01   2.6843931e+01   2.3997638e+01
   2.0458902e+01   2.3960500e+01   2.3045289e+01
   1.7482891e+01   2.0151359e+01   2.0905986e+01
   2.0815366e+01   2.4426844e+01   2.3313321e+01
   1.8445659e+01   1.9623037e+01   2.4736853e+01
   2.2762572e+01   2.7915381e+01   2.4351577e+01
   2.0134520e+01   2.2842543e+01   2.3492232e+01
   1.9083373e+01   2.2955823e+01   2.1396586e+01
   2.1059219e+01   2.3365818e+01   2.4929679e+01
   2.1935160e+01   2.5539137e+01   2.4435378e+01
   1.9875536e+01   2.2971906e+01   2.2823290e+01
   2.1002393e+01   2.4729464e+01   2.3412224e+01
   2.1326759e+01   2.6701604e+01   2.2823927e+01
   1.8753600e+01   2.2505542e+01   2.1154950e+01
   2.2106173e+01   2.4094245e+01   2.6472764e+01
   2.1665751e+01   2.5205192e+01   2.4217514e+01
   2.0307563e+01   2.2984837e+01   2.3700350e+01
   1.8878351e+01   2.2228483e+01   2.1599411e+01
   2.1154403e+01   2.5008220e+01   2.3472362e+01
   1.9779285e+01   2.1620346e+01   2.4424311e+01
   1.7201600e+01   2.0056719e+01   2.0415487e+01
   2.0115215e+01   2.4171319e+01   2.2299899e+01
