   2.1225401e+01   2.7305313e+01   2.2463266e+01
   1.9507281e+01   2.2848471e+01   2.2232608e+01
   1.9194134e+01   2.6088894e+01   2.0197972e+01
   1.5776702e+01   1.8714886e+01   1.8918331e+01
   1.6194907e+01   2.3691168e+01   1.7064613e+01
   2.2882091e+01   2.5280576e+01   2.6617610e+01
   1.6033763e+01   2.5002713e+01   1.6636308e+01
   2.3430131e+01   2.6650023e+01   2.6249874e+01
   2.0952890e+01   2.5241934e+01   2.2989541e+01
   2.1414529e+01   2.2472923e+01   2.8088859e+01
   2.2262870e+01   2.5909709e+01   2.4729236e+01
   1.9355810e+01   2.1514756e+01   2.3456615e+01
   2.1448697e+01   2.4467108e+01   2.4466401e+01
   2.0693814e+01   2.2965363e+01   2.4616704e+01
   2.1995663e+01   2.4985723e+01   2.5040055e+01
   1.8573257e+01   2.1258221e+01   2.1967638e+01
   1.5218126e+01   2.1688452e+01   1.6356732e+01
   2.0762165e+01   2.7102253e+01   2.1918530e+01
   1.9738726e+01   2.3329918e+01   2.2256871e+01
   2.1514819e+01   2.3234920e+01   2.6389394e+01
   1.8662551e+01   2.0289230e+01   2.3755801e+01
   2.1285708e+01   2.4852888e+01   2.3816670e+01
   1.9345378e+01   2.4071428e+01   2.1146023e+01
   2.1554597e+01   2.5416383e+01   2.3865763e+01
   2.1292513e+01   2.3432112e+01   2.5412661e+01
   1.6044425e+01   1.7233891e+01   2.2331257e+01
   1.8693628e+01   2.2516010e+01   2.1044304e+01
   1.7891918e+01   2.1248942e+01   2.0613593e+01
   1.9814126e+01   2.3026789e+01   2.2652652e+01
   2.2739800e+01   2.6358437e+01   2.5226633e+01
   2.0832190e+01   2.5189727e+01   2.2828848e+01
   2.1282836e+01   2.6296372e+01   2.2937653e+01
   2.2468694e+01   2.8228641e+01   2.3815087e+01
   1.7815894e+01   2.1756461e+01   2.0089350e+01
   1.6682135e+01   1.8780967e+01   2.0904563e+01
   2.1080468e+01   2.6073097e+01   2.2745480e+01
   1.6135235e+01   1.8729972e+01   1.9662906e+01
   1.7970530e+01   2.6823816e+01   1.8585441e+01
   1.6440377e+01   1.8451237e+01   2.0812708e+01
   2.0790593e+01   2.4666424e+01   2.3094329e+01
   1.5849685e+01   1.8759692e+01   1.9020052e+01
   1.8834809e+01   2.4697070e+01   2.0152987e+01
   1.4793536e+01   1.6707406e+01   1.9365820e+01
   2.1486892e+01   2.6726796e+01   2.3040374e+01
   1.9640618e+01   2.4748330e+01   2.1257107e+01
   1.8598813e+01   2.4718408e+01   1.9830326e+01
   1.8442706e+01   2.2004356e+01   2.0991120e+01
   1.9279632e+01   2.1823026e+01   2.2841596e+01
   1.9636456e+01   2.3729779e+01   2.1798984e+01
   1.9945556e+01   2.2289019e+01   2.3769552e+01
   2.1977822e+01   2.3985073e+01   2.6312002e+01
   2.0804913e+01   2.2677236e+01   2.5384910e+01
   2.2313986e+01   2.7250823e+01   2.4002568e+01
   2.0223134e+01   2.2002526e+01   2.4984923e+01
   2.1208040e+01   2.4598059e+01   2.3884207e+01
   1.8655731e+01   1.9918495e+01   2.4680477e+01
   1.7665014e+01   2.1304717e+01   2.0157729e+01
   1.7697340e+01   2.0048482e+01   2.1527795e+01
   2.1192466e+01   2.4218276e+01   2.4203723e+01
   2.0383904e+01   2.2019012e+01   2.5445412e+01
   1.9961706e+01   2.2573325e+01   2.3434966e+01
   1.7080917e+01   1.8420959e+01   2.2902408e+01
   2.1026820e+01   2.4990902e+01   2.3269289e+01
   2.1872021e+01   2.4442408e+01   2.5387456e+01
   2.1334715e+01   2.4697326e+01   2.4033852e+01
   1.9799172e+01   2.2355719e+01   2.3341398e+01
   2.1190245e+01   2.3698205e+01   2.4787177e+01
   2.0005754e+01   2.4213453e+01   2.2094878e+01
   2.2115304e+01   2.6757544e+01   2.3951321e+01
   2.0641434e+01   2.4060672e+01   2.3295026e+01
   1.8187249e+01   2.1435257e+01   2.1003275e+01
   2.0900819e+01   2.4481126e+01   2.3422768e+01
   1.9211309e+01   2.0533070e+01   2.5059999e+01
   2.2993588e+01   2.8125428e+01   2.4591511e+01
   2.0307712e+01   2.3339015e+01   2.3317196e+01
   1.9601689e+01   2.3426763e+01   2.1945878e+01
   2.1344102e+01   2.3898238e+01   2.4881826e+01
   2.1809872e+01   2.5484959e+01   2.4256032e+01
   1.9854538e+01   2.2920265e+01   2.2832222e+01
   2.0890560e+01   2.4729872e+01   2.3219605e+01
   2.1169267e+01   2.6003859e+01   2.2909719e+01
   1.9073030e+01   2.2784396e+01   2.1502677e+01
   2.2001651e+01   2.3965641e+01   2.6410542e+01
   2.1394807e+01   2.5134130e+01   2.3794346e+01
   1.9966110e+01   2.2575239e+01   2.3442381e+01
   1.9143683e+01   2.2504873e+01   2.1853661e+01
   2.1098070e+01   2.4937192e+01   2.3426569e+01
   1.9639772e+01   2.1559465e+01   2.4140067e+01
   1.7464553e+01   2.0266210e+01   2.0734683e+01
   1.9842617e+01   2.3807164e+01   2.2089072e+01
