   1.5027455e+01   1.5509332e+01   2.4935100e+01
   1.4644702e+01   1.5538751e+01   2.2067942e+01
   1.0758052e+01   1.1278580e+01   2.0541166e+01
   1.3213665e+01   1.4174932e+01   2.0397815e+01
   1.4443595e+01   1.7723566e+01   1.7272736e+01
   1.6536945e+01   1.7178192e+01   2.5243592e+01
   1.4006273e+01   1.7563355e+01   1.6606449e+01
   1.7034451e+01   1.7599754e+01   2.6243896e+01
   1.5204221e+01   1.5985075e+01   2.3149056e+01
   1.4894925e+01   1.5457238e+01   2.4172998e+01
   1.5387470e+01   1.5836337e+01   2.5578464e+01
   1.4965642e+01   1.5487125e+01   2.4550274e+01
   1.6912247e+01   1.7585692e+01   2.5414510e+01
   1.6171918e+01   1.7123254e+01   2.3316830e+01
   1.2708366e+01   1.2887090e+01   2.6871276e+01
   1.4860731e+01   1.5902676e+01   2.1680843e+01
   1.2303052e+01   1.4429822e+01   1.6577612e+01
   1.5619153e+01   1.6524452e+01   2.2969488e+01
   1.1186981e+01   1.1608971e+01   2.1811033e+01
   1.2771640e+01   1.3056139e+01   2.4959862e+01
   1.6303358e+01   1.6860517e+01   2.5585580e+01
   1.5723558e+01   1.6436775e+01   2.4018460e+01
   1.6501330e+01   1.7649962e+01   2.2913001e+01
   1.5710459e+01   1.6363824e+01   2.4358513e+01
   1.5262056e+01   1.5647091e+01   2.6092735e+01
   1.3162990e+01   1.3728980e+01   2.2472905e+01
   1.4159956e+01   1.5372421e+01   2.0417499e+01
   1.4183912e+01   1.5020303e+01   2.1883737e+01
   1.5897843e+01   1.6942143e+01   2.2686066e+01
   1.5893498e+01   1.6447241e+01   2.5209505e+01
   1.2558919e+01   1.2829406e+01   2.4970519e+01
   1.5018476e+01   1.5549406e+01   2.4528071e+01
   1.4658824e+01   1.5273106e+01   2.3583600e+01
   1.4234178e+01   1.5269689e+01   2.1095133e+01
   1.5985941e+01   1.6660305e+01   2.4500368e+01
   1.1520090e+01   1.1984813e+01   2.1722901e+01
   1.5016374e+01   1.5980491e+01   2.2134284e+01
   1.0943391e+01   1.1671691e+01   1.9343112e+01
   1.4323691e+01   1.4766037e+01   2.4605783e+01
   1.1755081e+01   1.2181774e+01   2.2298510e+01
   1.3413123e+01   1.4352765e+01   2.0679247e+01
   1.1632575e+01   1.2270689e+01   2.0526708e+01
   1.4838678e+01   1.5561070e+01   2.3104026e+01
   1.1707409e+01   1.2087493e+01   2.2735690e+01
   1.2130861e+01   1.2465611e+01   2.3667231e+01
   1.0623509e+01   1.1077639e+01   2.0980919e+01
   1.4566385e+01   1.5028907e+01   2.4656435e+01
   1.1612173e+01   1.1958011e+01   2.3041288e+01
   1.6221443e+01   1.7097528e+01   2.3688415e+01
   1.6424805e+01   1.7204577e+01   2.4348914e+01
   1.5568025e+01   1.5957416e+01   2.6344035e+01
   1.5002121e+01   1.5675487e+01   2.3545775e+01
   1.5234842e+01   1.5918193e+01   2.3713204e+01
   1.4923398e+01   1.5237984e+01   2.6608293e+01
   1.7001272e+01   1.7912796e+01   2.4298896e+01
   1.5784664e+01   1.6354464e+01   2.4986466e+01
   1.1912784e+01   1.2475153e+01   2.1307490e+01
   1.5363753e+01   1.6064116e+01   2.3740026e+01
   1.4252869e+01   1.4680530e+01   2.4677152e+01
   1.4704063e+01   1.5102752e+01   2.5405483e+01
   1.4865335e+01   1.5564255e+01   2.3262641e+01
   1.3817943e+01   1.4515389e+01   2.2255634e+01
   1.4683882e+01   1.5595996e+01   2.2027415e+01
   1.4897165e+01   1.5559732e+01   2.3508863e+01
   1.6818277e+01   1.7609631e+01   2.4676741e+01
   1.6014636e+01   1.7004430e+01   2.3008245e+01
   1.2619175e+01   1.2859431e+01   2.5529061e+01
   1.5620938e+01   1.6531866e+01   2.2946905e+01
   1.4682318e+01   1.5245820e+01   2.3957788e+01
   1.5293961e+01   1.6010765e+01   2.3578754e+01
   1.3975493e+01   1.4839575e+01   2.1552885e+01
   1.4939870e+01   1.5650816e+01   2.3266615e+01
   1.5600657e+01   1.6213991e+01   2.4507209e+01
   1.5747794e+01   1.6523657e+01   2.3705581e+01
   1.2477895e+01   1.2762166e+01   2.4683809e+01
   1.4062082e+01   1.4690660e+01   2.2911856e+01
   1.4398100e+01   1.4773431e+01   2.5360447e+01
   1.4975499e+01   1.5469072e+01   2.4785838e+01
   1.6067489e+01   1.6980296e+01   2.3376138e+01
   1.4921034e+01   1.5679426e+01   2.2989506e+01
   1.2720823e+01   1.3006204e+01   2.4898401e+01
   1.3924339e+01   1.4656284e+01   2.2164390e+01
   1.4598769e+01   1.4952546e+01   2.5801669e+01
   1.4402614e+01   1.5055219e+01   2.3089698e+01
   1.2314241e+01   1.2678035e+01   2.3492458e+01
   1.4842556e+01   1.5886910e+01   2.1654191e+01
   1.4367755e+01   1.4992730e+01   2.3231149e+01
   1.4413517e+01   1.5195900e+01   2.2371818e+01
   1.4026522e+01   1.4652167e+01   2.2896449e+01
   1.2284610e+01   1.2783845e+01   2.2149580e+01
