   2.1204972e+01   2.7308562e+01   2.2435109e+01
   1.9449296e+01   2.2713132e+01   2.2243239e+01
   1.9137430e+01   2.6023945e+01   2.0143550e+01
   1.5822474e+01   1.8750085e+01   1.8974598e+01
   1.6155224e+01   2.3303466e+01   1.7105827e+01
   2.2554396e+01   2.5121527e+01   2.6071614e+01
   1.6001503e+01   2.4920067e+01   1.6611677e+01
   2.3326712e+01   2.6555254e+01   2.6138804e+01
   2.0868006e+01   2.5113721e+01   2.2930968e+01
   2.2366060e+01   2.3812482e+01   2.7862125e+01
   2.2087055e+01   2.5752053e+01   2.4540081e+01
   1.9194233e+01   2.1379173e+01   2.3255944e+01
   2.1363947e+01   2.4288928e+01   2.4477422e+01
   2.0588144e+01   2.2991378e+01   2.4326128e+01
   2.1008786e+01   2.3332317e+01   2.4855352e+01
   1.8717845e+01   2.1657714e+01   2.1829285e+01
   1.5181749e+01   2.1614442e+01   1.6331869e+01
   2.0952228e+01   2.6926787e+01   2.2225875e+01
   1.9678825e+01   2.3293797e+01   2.2178740e+01
   2.1491057e+01   2.3289756e+01   2.6207984e+01
   1.8588983e+01   2.0179083e+01   2.3764877e+01
   2.1577698e+01   2.5628867e+01   2.3760857e+01
   1.9481890e+01   2.3969235e+01   2.1409389e+01
   2.1548309e+01   2.5454093e+01   2.3828929e+01
   2.1189633e+01   2.3277353e+01   2.5393249e+01
   1.9823646e+01   2.2657202e+01   2.3041680e+01
   1.8605258e+01   2.2385734e+01   2.0986612e+01
   1.7841907e+01   2.1201968e+01   2.0561333e+01
   1.9668466e+01   2.2834562e+01   2.2550919e+01
   2.2688542e+01   2.6317627e+01   2.5167454e+01
   1.9837041e+01   2.3321524e+01   2.2440038e+01
   2.1536436e+01   2.6297505e+01   2.3312604e+01
   2.2263925e+01   2.7821592e+01   2.3686445e+01
   1.7954027e+01   2.1941237e+01   2.0195003e+01
   1.6939847e+01   1.8958801e+01   2.1291712e+01
   2.0913516e+01   2.5923107e+01   2.2571063e+01
   1.6162056e+01   1.8666645e+01   1.9803450e+01
   1.7948524e+01   2.6593249e+01   1.8596031e+01
   1.6896936e+01   1.8821917e+01   2.1414106e+01
   2.1608905e+01   2.6934814e+01   2.3125745e+01
   1.5830876e+01   1.8717536e+01   1.9026400e+01
   1.8793539e+01   2.4644100e+01   2.0115999e+01
   1.4871106e+01   1.6690980e+01   1.9618806e+01
   2.1441088e+01   2.6605712e+01   2.3027378e+01
   1.8907751e+01   2.3153497e+01   2.0978297e+01
   1.8865184e+01   2.4572282e+01   2.0239440e+01
   1.8497916e+01   2.1908116e+01   2.1169953e+01
   1.9241283e+01   2.1808983e+01   2.2773003e+01
   1.9512342e+01   2.3677226e+01   2.1630017e+01
   1.9903199e+01   2.2207473e+01   2.3783060e+01
   2.1812706e+01   2.3907491e+01   2.6002154e+01
   2.1027164e+01   2.3160847e+01   2.5157884e+01
   2.2090527e+01   2.7165471e+01   2.3715519e+01
   2.0101778e+01   2.1838081e+01   2.4950983e+01
   2.1085296e+01   2.4462576e+01   2.3772739e+01
   1.8588345e+01   1.9834034e+01   2.4664948e+01
   1.7160631e+01   2.0248322e+01   2.0135720e+01
   1.8040732e+01   2.0531906e+01   2.1678997e+01
   2.0977864e+01   2.3985514e+01   2.4008129e+01
   2.0246351e+01   2.1912983e+01   2.5240362e+01
   1.9919471e+01   2.2541520e+01   2.3380290e+01
   2.0740291e+01   2.3486959e+01   2.4050681e+01
   2.0926149e+01   2.4922688e+01   2.3147206e+01
   2.1619997e+01   2.4114355e+01   2.5232709e+01
   2.1259923e+01   2.4592942e+01   2.3984891e+01
   1.9706542e+01   2.2303098e+01   2.3199673e+01
   2.0388916e+01   2.2467414e+01   2.4611680e+01
   2.0216059e+01   2.4298557e+01   2.2383261e+01
   2.1943150e+01   2.6557410e+01   2.3794302e+01
   2.0734365e+01   2.4247842e+01   2.3310080e+01
   1.8591610e+01   2.2359049e+01   2.0982534e+01
   2.0783719e+01   2.4283426e+01   2.3370388e+01
   1.9734504e+01   2.1226168e+01   2.5132767e+01
   2.2791772e+01   2.7932215e+01   2.4386196e+01
   1.9748896e+01   2.2455521e+01   2.3110316e+01
   1.9923017e+01   2.3992614e+01   2.2099681e+01
   2.1368877e+01   2.4147855e+01   2.4640195e+01
   2.1649805e+01   2.5235149e+01   2.4165365e+01
   1.9784481e+01   2.2826649e+01   2.2785739e+01
   2.0820709e+01   2.4614118e+01   2.3182752e+01
   2.0288192e+01   2.3882892e+01   2.2801210e+01
   1.9302552e+01   2.2928289e+01   2.1795974e+01
   2.1883308e+01   2.3869767e+01   2.6253571e+01
   2.1288817e+01   2.5010117e+01   2.3701988e+01
   1.9389689e+01   2.1714440e+01   2.3243581e+01
   1.9329875e+01   2.2517731e+01   2.2193848e+01
   2.0942094e+01   2.4789756e+01   2.3265072e+01
   1.9544880e+01   2.1483970e+01   2.4011025e+01
   1.7687850e+01   2.0469891e+01   2.0977876e+01
   1.9559105e+01   2.3392665e+01   2.1897452e+01
