   2.1250888e+01   2.7189422e+01   2.2536267e+01
   1.9338267e+01   2.2540713e+01   2.2188691e+01
   1.9001453e+01   2.5650968e+01   2.0071738e+01
   1.5843638e+01   1.9017852e+01   1.8750097e+01
   1.6138533e+01   2.3113860e+01   1.7132386e+01
   2.2412813e+01   2.5051717e+01   2.5842814e+01
   1.5938102e+01   2.4454698e+01   1.6612273e+01
   2.2788172e+01   2.5824756e+01   2.5783689e+01
   2.0676329e+01   2.4507124e+01   2.3012146e+01
   2.1816261e+01   2.3337958e+01   2.7129567e+01
   2.1917148e+01   2.5566728e+01   2.4382345e+01
   1.9060909e+01   2.1292086e+01   2.3053478e+01
   2.1334291e+01   2.4034205e+01   2.4695999e+01
   2.0204629e+01   2.2776784e+01   2.3725144e+01
   1.9595211e+01   2.1315810e+01   2.4480151e+01
   1.8480502e+01   2.1582238e+01   2.1431317e+01
   1.5139697e+01   2.1516496e+01   1.6307082e+01
   2.0691218e+01   2.6236687e+01   2.2121599e+01
   1.9377789e+01   2.3032808e+01   2.1848373e+01
   2.0754523e+01   2.2990401e+01   2.4729727e+01
   1.8587643e+01   2.0052010e+01   2.4063321e+01
   2.1649197e+01   2.5559005e+01   2.3926764e+01
   1.9526806e+01   2.3762896e+01   2.1600448e+01
   2.1607188e+01   2.5413942e+01   2.3957174e+01
   2.1039152e+01   2.3030375e+01   2.5404995e+01
   1.8381149e+01   2.0234037e+01   2.3015012e+01
   1.8451779e+01   2.2137979e+01   2.0903807e+01
   1.7841288e+01   2.1031960e+01   2.0712519e+01
   1.9540999e+01   2.2646395e+01   2.2481790e+01
   2.2384797e+01   2.6020196e+01   2.4859598e+01
   1.8730324e+01   2.1354765e+01   2.2195814e+01
   2.1613026e+01   2.5899614e+01   2.3649314e+01
   2.1657397e+01   2.6874736e+01   2.3220242e+01
   1.7919096e+01   2.1722897e+01   2.0287833e+01
   1.7200654e+01   1.9069848e+01   2.1816554e+01
   2.0647652e+01   2.5242459e+01   2.2512497e+01
   1.6350854e+01   1.8787512e+01   2.0079304e+01
   1.7763704e+01   2.5133637e+01   1.8656026e+01
   1.7063652e+01   1.8955166e+01   2.1639778e+01
   2.1330697e+01   2.5630017e+01   2.3360152e+01
   1.5839746e+01   1.8680591e+01   1.9084835e+01
   1.8736158e+01   2.4280811e+01   2.0172713e+01
   1.5170657e+01   1.6890558e+01   2.0113041e+01
   2.1264047e+01   2.5942876e+01   2.3082938e+01
   1.8221245e+01   2.1716040e+01   2.0824872e+01
   1.8900171e+01   2.3567133e+01   2.0733222e+01
   1.8889431e+01   2.2107567e+01   2.1728038e+01
   1.9296096e+01   2.1644105e+01   2.3117821e+01
   1.9451586e+01   2.3431872e+01   2.1689144e+01
   1.9843028e+01   2.1900160e+01   2.4104241e+01
   2.1609855e+01   2.3569822e+01   2.6027449e+01
   2.0554206e+01   2.2589876e+01   2.4846981e+01
   2.2042582e+01   2.7055655e+01   2.3695980e+01
   1.9912394e+01   2.1393664e+01   2.5334892e+01
   2.1118695e+01   2.4480965e+01   2.3818874e+01
   1.8377288e+01   1.9597329e+01   2.4534525e+01
   1.6604962e+01   1.9194523e+01   2.0133143e+01
   1.8056460e+01   2.0457967e+01   2.1813935e+01
   2.0797662e+01   2.3735642e+01   2.3899843e+01
   1.9941573e+01   2.1588383e+01   2.4980419e+01
   1.9862321e+01   2.2472349e+01   2.3338074e+01
   1.9325989e+01   2.1299447e+01   2.3733062e+01
   2.0783301e+01   2.4803271e+01   2.2989297e+01
   2.1222767e+01   2.3641544e+01   2.4936792e+01
   2.1155809e+01   2.4356474e+01   2.3999637e+01
   1.9447709e+01   2.2075374e+01   2.2904489e+01
   1.9165336e+01   2.0879541e+01   2.4066821e+01
   2.0097261e+01   2.3662068e+01   2.2634553e+01
   2.1718037e+01   2.6324978e+01   2.3573587e+01
   2.0636207e+01   2.3861889e+01   2.3459115e+01
   1.8436715e+01   2.2095309e+01   2.0909769e+01
   2.0491603e+01   2.3819135e+01   2.3224262e+01
   1.9646727e+01   2.1122554e+01   2.5084661e+01
   2.2143193e+01   2.7326198e+01   2.3720013e+01
   1.8837806e+01   2.1047652e+01   2.2864189e+01
   1.9761718e+01   2.3521652e+01   2.2152190e+01
   2.1182477e+01   2.4007057e+01   2.4404021e+01
   2.1369825e+01   2.4527483e+01   2.4252888e+01
   1.9701561e+01   2.2712813e+01   2.2734102e+01
   2.0704457e+01   2.4365657e+01   2.3164681e+01
   1.9246536e+01   2.2005701e+01   2.2550670e+01
   1.9314025e+01   2.2922680e+01   2.1820615e+01
   2.1675512e+01   2.3699852e+01   2.5981931e+01
   2.1232438e+01   2.4495232e+01   2.4019520e+01
   1.8370679e+01   2.0300152e+01   2.2863556e+01
   1.9414140e+01   2.2214984e+01   2.2670514e+01
   2.0802185e+01   2.4660284e+01   2.3118290e+01
   1.9480354e+01   2.1340186e+01   2.4092025e+01
   1.7886027e+01   2.0694903e+01   2.1144400e+01
   1.8236888e+01   2.1400981e+01   2.1129997e+01
