   2.1955005e+00   2.2453884e+00   2.3649438e+01
   2.6712827e+00   2.7307570e+00   2.3191643e+01
   2.0517751e+00   2.1155051e+00   2.2498104e+01
   2.1621586e+00   2.2219912e+00   2.2840387e+01
   3.2824747e+00   3.4873178e+00   1.8255780e+01
   3.2296609e+00   3.3599225e+00   2.0171777e+01
   2.4780229e+00   2.6651588e+00   1.8106560e+01
   3.0445299e+00   3.1845534e+00   1.9733788e+01
   3.6233184e+00   3.6946044e+00   2.3051282e+01
   2.9037246e+00   2.9646199e+00   2.3242333e+01
   2.5516639e+00   2.6157700e+00   2.2788972e+01
   2.6559062e+00   2.7186804e+00   2.2947602e+01
   2.7832265e+00   2.8291417e+00   2.4386588e+01
   2.6863858e+00   2.7597291e+00   2.2293297e+01
   2.4888906e+00   2.5216690e+00   2.5657207e+01
   2.5606360e+00   2.6199050e+00   2.3134793e+01
   2.3941967e+00   2.5790817e+00   1.8104598e+01
   2.8662188e+00   3.0106989e+00   1.9478803e+01
   1.8460235e+00   1.9245141e+00   2.1468660e+01
   1.6845574e+00   1.7550889e+00   2.1834600e+01
   3.3396708e+00   3.4107664e+00   2.2866070e+01
   2.1827975e+00   2.2331302e+00   2.3603000e+01
   2.7897449e+00   2.8507234e+00   2.3161033e+01
   2.1174103e+00   2.1742748e+00   2.3033078e+01
   3.4893718e+00   3.6014321e+00   2.1001275e+01
   2.2418439e+00   2.2778126e+00   2.5097457e+01
   2.6067590e+00   2.6725685e+00   2.2711012e+01
   2.0770687e+00   2.1337015e+00   2.3025705e+01
   2.4109293e+00   2.4922568e+00   2.1667544e+01
   2.1382305e+00   2.2107847e+00   2.1989767e+01
   2.2759079e+00   2.3156413e+00   2.4687069e+01
   1.9179745e+00   1.9565641e+00   2.4591675e+01
   2.4158747e+00   2.4951890e+00   2.1779292e+01
   1.9956600e+00   2.0564303e+00   2.2669618e+01
   2.4701890e+00   2.5333344e+00   2.2801942e+01
   2.0698937e+00   2.1381157e+00   2.2214072e+01
   1.8113050e+00   1.8594533e+00   2.3566732e+01
   1.7854334e+00   1.8483680e+00   2.2389533e+01
   2.8653688e+00   2.9338168e+00   2.2710340e+01
   2.2175171e+00   2.2743503e+00   2.3098066e+01
   2.1471745e+00   2.2112987e+00   2.2530719e+01
   2.0773239e+00   2.1292373e+00   2.3403184e+01
   1.6786782e+00   1.7467707e+00   2.1983681e+01
   1.8249402e+00   1.8961520e+00   2.1877717e+01
   1.8736758e+00   1.9175177e+00   2.4011042e+01
   2.0665970e+00   2.1162541e+00   2.3589251e+01
   2.1820361e+00   2.2556927e+00   2.1951820e+01
   2.1026129e+00   2.1734866e+00   2.2069123e+01
   2.9255371e+00   2.9686862e+00   2.4750048e+01
   3.1317464e+00   3.1864616e+00   2.3858827e+01
   3.7317389e+00   3.7838059e+00   2.4488029e+01
   3.3525989e+00   3.3940617e+00   2.5211290e+01
   2.7108528e+00   2.7712819e+00   2.3148475e+01
   2.9120681e+00   2.9662362e+00   2.3755178e+01
   2.7275430e+00   2.7980010e+00   2.2494099e+01
   3.2025679e+00   3.2620514e+00   2.3544760e+01
   2.3314717e+00   2.3809408e+00   2.3771673e+01
   2.9307688e+00   2.9785808e+00   2.4308632e+01
   2.7412314e+00   2.7976224e+00   2.3468109e+01
   3.1087108e+00   3.1770870e+00   2.2877676e+01
   3.4992993e+00   3.5698834e+00   2.3007597e+01
   2.4494791e+00   2.5028648e+00   2.3516466e+01
   2.5243413e+00   2.5980813e+00   2.2164681e+01
   2.1995478e+00   2.2650883e+00   2.2468806e+01
   2.6191300e+00   2.6843328e+00   2.2759185e+01
   2.5007676e+00   2.5703915e+00   2.2398348e+01
   2.1207029e+00   2.1676859e+00   2.3862927e+01
   2.3714488e+00   2.4155100e+00   2.4299097e+01
   2.5868200e+00   2.6578725e+00   2.2365947e+01
   2.4962731e+00   2.5702645e+00   2.2131849e+01
   2.5616733e+00   2.6371842e+00   2.2085998e+01
   2.7789184e+00   2.8488986e+00   2.2557333e+01
   2.5711166e+00   2.6207560e+00   2.3910173e+01
   3.1666657e+00   3.2197369e+00   2.4014644e+01
   2.1147612e+00   2.1540057e+00   2.4639917e+01
   3.1467782e+00   3.1887484e+00   2.5018414e+01
   2.7342622e+00   2.7840317e+00   2.4004989e+01
   3.0247077e+00   3.0958476e+00   2.2649522e+01
   2.5284837e+00   2.5850308e+00   2.3317811e+01
   2.2865302e+00   2.3516311e+00   2.2552762e+01
   2.1038178e+00   2.1489161e+00   2.4030010e+01
   2.2553456e+00   2.3140245e+00   2.2983298e+01
   2.4408404e+00   2.4935283e+00   2.3567975e+01
   2.3057525e+00   2.3689049e+00   2.2696638e+01
   2.3718678e+00   2.4182506e+00   2.4076675e+01
   2.4538649e+00   2.5105189e+00   2.3261675e+01
   2.7052885e+00   2.7587692e+00   2.3674259e+01
   2.3432399e+00   2.3923913e+00   2.3807079e+01
   2.2687387e+00   2.3195121e+00   2.3619175e+01
   1.6786276e+00   1.7411687e+00   2.2352446e+01
