   2.1226580e+01   2.6617254e+01   2.2717479e+01
   1.9071687e+01   2.2376358e+01   2.1831365e+01
   1.8466788e+01   2.3707422e+01   2.0029195e+01
   1.5734035e+01   1.9102653e+01   1.8466411e+01
   1.6075583e+01   2.2701927e+01   1.7163729e+01
   2.2003383e+01   2.4651257e+01   2.5423986e+01
   1.5860458e+01   2.4055752e+01   1.6591078e+01
   2.2349283e+01   2.5334178e+01   2.5397836e+01
   2.0463891e+01   2.3916715e+01   2.3090205e+01
   2.0919964e+01   2.2421385e+01   2.6286682e+01
   2.1679871e+01   2.5058811e+01   2.4363916e+01
   1.8896109e+01   2.1178182e+01   2.2814828e+01
   2.1178497e+01   2.3729863e+01   2.4720382e+01
   1.9896399e+01   2.2591938e+01   2.3269912e+01
   1.8677789e+01   2.0210260e+01   2.3986617e+01
   1.8403140e+01   2.1569804e+01   2.1292661e+01
   1.5097642e+01   2.1433895e+01   1.6277817e+01
   2.0430494e+01   2.5756179e+01   2.1950163e+01
   1.9109986e+01   2.2246564e+01   2.2023388e+01
   2.0049731e+01   2.1819908e+01   2.4830942e+01
   1.8555960e+01   1.9963635e+01   2.4177200e+01
   2.1325692e+01   2.4917328e+01   2.3837340e+01
   1.9418353e+01   2.3399577e+01   2.1655433e+01
   2.1522638e+01   2.5216291e+01   2.3955681e+01
   2.1004469e+01   2.2851838e+01   2.5630229e+01
   1.6543377e+01   1.7781111e+01   2.2670917e+01
   1.8405556e+01   2.2044670e+01   2.0893716e+01
   1.7844299e+01   2.0908020e+01   2.0836921e+01
   1.9410250e+01   2.2468694e+01   2.2397464e+01
   2.1978444e+01   2.5678238e+01   2.4405597e+01
   1.8131529e+01   2.0365227e+01   2.2127957e+01
   2.1401263e+01   2.5379745e+01   2.3632929e+01
   2.1576598e+01   2.6741368e+01   2.3162533e+01
   1.7784407e+01   2.1480653e+01   2.0233244e+01
   1.7244578e+01   1.9022988e+01   2.2035053e+01
   2.0031871e+01   2.4141924e+01   2.2182092e+01
   1.6341951e+01   1.8739699e+01   2.0123281e+01
   1.7527710e+01   2.3960919e+01   1.8665246e+01
   1.7061323e+01   1.8924817e+01   2.1689645e+01
   2.0381767e+01   2.3553512e+01   2.3255529e+01
   1.5877414e+01   1.8703385e+01   1.9138362e+01
   1.8333992e+01   2.3309744e+01   2.0016358e+01
   1.5424721e+01   1.7081277e+01   2.0496710e+01
   2.0850184e+01   2.4936016e+01   2.3013055e+01
   1.7599785e+01   2.0639629e+01   2.0618062e+01
   1.8618104e+01   2.2545582e+01   2.0895655e+01
   1.8974741e+01   2.2119930e+01   2.1880789e+01
   1.9061951e+01   2.1189375e+01   2.3214530e+01
   1.9261139e+01   2.2994012e+01   2.1673854e+01
   1.9740170e+01   2.1658794e+01   2.4241708e+01
   2.1391767e+01   2.3263603e+01   2.5969723e+01
   2.0073112e+01   2.2040192e+01   2.4486280e+01
   2.1816181e+01   2.6592391e+01   2.3584105e+01
   1.9757649e+01   2.1058716e+01   2.5660702e+01
   2.1003803e+01   2.4319521e+01   2.3744793e+01
   1.8259614e+01   1.9478041e+01   2.4423144e+01
   1.6137669e+01   1.8464573e+01   2.0020769e+01
   1.8037440e+01   2.0405802e+01   2.1840678e+01
   2.0693181e+01   2.3602603e+01   2.3825663e+01
   1.9745364e+01   2.1442992e+01   2.4677023e+01
   1.9665268e+01   2.2163159e+01   2.3282937e+01
   1.7413604e+01   1.8894814e+01   2.2860513e+01
   2.0583853e+01   2.4534825e+01   2.2836656e+01
   2.0897911e+01   2.3270465e+01   2.4676403e+01
   2.1013777e+01   2.3980289e+01   2.4085645e+01
   1.9255150e+01   2.1874296e+01   2.2723469e+01
   1.8328262e+01   1.9911325e+01   2.3522740e+01
   2.0052155e+01   2.3455498e+01   2.2721605e+01
   2.1552250e+01   2.6176782e+01   2.3398865e+01
   2.0517475e+01   2.3623354e+01   2.3453069e+01
   1.8092683e+01   2.1406378e+01   2.0850708e+01
   2.0242317e+01   2.3436153e+01   2.3096167e+01
   1.9268707e+01   2.0679781e+01   2.4874481e+01
   2.1764072e+01   2.7010043e+01   2.3314385e+01
   1.7893250e+01   1.9778346e+01   2.2471730e+01
   1.9412032e+01   2.2997318e+01   2.1936373e+01
   2.0946826e+01   2.3759506e+01   2.4182405e+01
   2.1162370e+01   2.4180880e+01   2.4181028e+01
   1.9587138e+01   2.2505270e+01   2.2715929e+01
   2.0586394e+01   2.4168070e+01   2.3108426e+01
   1.8474279e+01   2.0866806e+01   2.2240464e+01
   1.9260662e+01   2.2886170e+01   2.1754473e+01
   2.1530425e+01   2.3598218e+01   2.5765073e+01
   2.1091554e+01   2.4075724e+01   2.4145100e+01
   1.7697418e+01   1.9493245e+01   2.2448165e+01
   1.9456495e+01   2.2172950e+01   2.2808226e+01
   2.0694889e+01   2.4559666e+01   2.3006679e+01
   1.9340827e+01   2.1129535e+01   2.4090332e+01
   1.7898047e+01   2.0704789e+01   2.1158684e+01
   1.7217960e+01   1.9973473e+01   2.0542409e+01
