   1.8407640e+01   2.0093115e+01   2.3376078e+01
   1.7852961e+01   2.0813002e+01   2.0949974e+01
   1.4205499e+01   1.5407443e+01   2.0494891e+01
   1.5741233e+01   1.8770521e+01   1.8789890e+01
   1.5571893e+01   2.0524089e+01   1.7283389e+01
   2.0146765e+01   2.2406923e+01   2.4089280e+01
   1.5395449e+01   2.2164188e+01   1.6447897e+01
   2.0498509e+01   2.2815942e+01   2.4356243e+01
   1.8887859e+01   2.0994977e+01   2.3074258e+01
   1.8919370e+01   2.0567842e+01   2.3962536e+01
   1.9046816e+01   2.0442057e+01   2.4696177e+01
   1.7625582e+01   1.9792023e+01   2.1729562e+01
   1.9508474e+01   2.0960629e+01   2.5006725e+01
   1.8649771e+01   2.1598438e+01   2.1752544e+01
   1.5039905e+01   1.5491782e+01   2.5212458e+01
   1.7187341e+01   2.0133408e+01   2.0304752e+01
   1.4266193e+01   1.8685453e+01   1.6272776e+01
   1.8944648e+01   2.2374516e+01   2.1597433e+01
   1.4448880e+01   1.5294760e+01   2.2096176e+01
   1.5829234e+01   1.6536327e+01   2.4156425e+01
   1.7721658e+01   1.8816149e+01   2.4299807e+01
   1.8518560e+01   2.0010495e+01   2.3926647e+01
   1.8625186e+01   2.1579738e+01   2.1722042e+01
   1.8648867e+01   2.0281596e+01   2.3728901e+01
   1.9153532e+01   2.0488929e+01   2.4964504e+01
   1.4888626e+01   1.5628709e+01   2.3055679e+01
   1.7002832e+01   1.9675568e+01   2.0425710e+01
   1.6360272e+01   1.7907502e+01   2.1662987e+01
   1.8221729e+01   2.0347072e+01   2.2384611e+01
   1.8792446e+01   2.0525449e+01   2.3658333e+01
   1.4998006e+01   1.5680430e+01   2.3487915e+01
   1.8298094e+01   1.9602307e+01   2.4205586e+01
   1.8724539e+01   2.0985440e+01   2.2675562e+01
   1.6399784e+01   1.8709396e+01   2.0304052e+01
   1.7042865e+01   1.8478410e+01   2.2609777e+01
   1.5032391e+01   1.5963305e+01   2.2286932e+01
   1.6165240e+01   1.8224843e+01   2.0459299e+01
   1.4033873e+01   1.5633506e+01   1.9263909e+01
   1.6491343e+01   1.8231734e+01   2.1368661e+01
   1.4903495e+01   1.5551082e+01   2.3607447e+01
   1.5428210e+01   1.7753511e+01   1.9324407e+01
   1.4422736e+01   1.5927156e+01   1.9866947e+01
   1.5642558e+01   1.6948903e+01   2.1583440e+01
   1.5016436e+01   1.5857912e+01   2.2669091e+01
   1.4299964e+01   1.5315620e+01   2.1234146e+01
   1.4091536e+01   1.5083317e+01   2.1124359e+01
   1.7692633e+01   1.9617225e+01   2.2201081e+01
   1.4641481e+01   1.5216538e+01   2.3835298e+01
   1.8202847e+01   2.1021559e+01   2.1447770e+01
   1.8671022e+01   2.0160856e+01   2.4082779e+01
   1.9569479e+01   2.0985788e+01   2.5159143e+01
   1.8457210e+01   1.9951163e+01   2.3860968e+01
   1.8984103e+01   2.1559286e+01   2.2508243e+01
   1.7965145e+01   1.8897926e+01   2.5158855e+01
   1.9253345e+01   2.1128157e+01   2.3838713e+01
   1.7285897e+01   1.8384810e+01   2.3854526e+01
   1.3622778e+01   1.4624239e+01   2.0632619e+01
   1.6763701e+01   1.8461651e+01   2.1725096e+01
   1.8002267e+01   1.9449644e+01   2.3526923e+01
   1.7653020e+01   1.9086753e+01   2.3216606e+01
   1.8202199e+01   2.0050700e+01   2.2846077e+01
   1.6007009e+01   1.7225475e+01   2.2203215e+01
   1.8210275e+01   2.0642479e+01   2.1924909e+01
   1.8927109e+01   2.0701083e+01   2.3709115e+01
   1.9421021e+01   2.1223117e+01   2.4143666e+01
   1.8080226e+01   2.0663887e+01   2.1600803e+01
   1.4838393e+01   1.5413214e+01   2.4028260e+01
   1.8403264e+01   2.0789634e+01   2.2178473e+01
   1.8328942e+01   2.0236604e+01   2.2861676e+01
   1.8676783e+01   2.0866283e+01   2.2735462e+01
   1.6178503e+01   1.8165978e+01   2.0594986e+01
   1.8155294e+01   2.0523828e+01   2.1957243e+01
   1.7375327e+01   1.8290769e+01   2.4650447e+01
   1.9477649e+01   2.3236314e+01   2.1870347e+01
   1.4658924e+01   1.5437230e+01   2.2631051e+01
   1.7566636e+01   2.0149295e+01   2.1093092e+01
   1.8026745e+01   1.9414281e+01   2.3706875e+01
   1.8723835e+01   2.0579941e+01   2.3348535e+01
   1.8521713e+01   2.0444168e+01   2.3025853e+01
   1.8404887e+01   2.0684002e+01   2.2331847e+01
   1.5140526e+01   1.5814576e+01   2.3676499e+01
   1.7116515e+01   1.9309469e+01   2.1185118e+01
   1.9052787e+01   2.0449759e+01   2.4697514e+01
   1.8357906e+01   1.9996715e+01   2.3427381e+01
   1.4721996e+01   1.5489483e+01   2.2748216e+01
   1.7466454e+01   1.9148132e+01   2.2453131e+01
   1.8075631e+01   2.0402388e+01   2.1936933e+01
   1.7146663e+01   1.8555943e+01   2.2780278e+01
   1.6577227e+01   1.8102497e+01   2.1928652e+01
   1.4660256e+01   1.5748755e+01   2.1316785e+01
