   2.1430254e+01   2.7668557e+01   2.2616855e+01
   1.9620673e+01   2.3034734e+01   2.2283117e+01
   1.9484613e+01   2.6650230e+01   2.0420207e+01
   1.4575401e+01   1.7944322e+01   1.7323614e+01
   1.6225655e+01   2.3813845e+01   1.7075196e+01
   2.3080950e+01   2.5626987e+01   2.6623021e+01
   1.6080154e+01   2.5169476e+01   1.6664980e+01
   2.3503322e+01   2.6785876e+01   2.6266527e+01
   2.1095334e+01   2.5524561e+01   2.3050053e+01
   2.2037143e+01   2.3231822e+01   2.8246714e+01
   2.2545555e+01   2.6376922e+01   2.4875602e+01
   1.9364004e+01   2.1577544e+01   2.3380933e+01
   2.1809501e+01   2.5048685e+01   2.4615937e+01
   2.0673464e+01   2.2952515e+01   2.4585524e+01
   2.2856054e+01   2.6416406e+01   2.5388102e+01
   1.7542454e+01   2.0031457e+01   2.1188173e+01
   1.5317441e+01   2.1997140e+01   1.6394960e+01
   2.0824639e+01   2.7222610e+01   2.1963412e+01
   1.9921163e+01   2.3464917e+01   2.2475936e+01
   2.1471625e+01   2.3072584e+01   2.6602938e+01
   1.8775074e+01   2.0417765e+01   2.3832115e+01
   2.1831759e+01   2.5617201e+01   2.4196436e+01
   1.9130855e+01   2.4087095e+01   2.0819042e+01
   2.1598682e+01   2.5391005e+01   2.3959053e+01
   2.1465041e+01   2.3631399e+01   2.5542607e+01
   1.7206193e+01   1.8751674e+01   2.2500760e+01
   1.8844070e+01   2.2940764e+01   2.1008095e+01
   1.7971357e+01   2.1245678e+01   2.0765248e+01
   2.0021919e+01   2.3455312e+01   2.2666265e+01
   2.2744706e+01   2.6456992e+01   2.5160665e+01
   2.1004600e+01   2.6391414e+01   2.2497573e+01
   2.0135941e+01   2.6435287e+01   2.1306109e+01
   2.2759859e+01   2.9065855e+01   2.3923518e+01
   1.7676555e+01   2.1776593e+01   1.9845193e+01
   1.5818114e+01   1.8313913e+01   1.9475725e+01
   2.1234246e+01   2.6380352e+01   2.2829171e+01
   1.4985793e+01   1.7975710e+01   1.8085243e+01
   1.8259018e+01   2.7474748e+01   1.8820925e+01
   1.5744543e+01   1.8064559e+01   1.9643257e+01
   2.1119835e+01   2.5678391e+01   2.3002843e+01
   1.5954639e+01   1.9176676e+01   1.8815227e+01
   1.8884316e+01   2.4713278e+01   2.0214155e+01
   1.4882005e+01   1.7022430e+01   1.9066558e+01
   2.1590976e+01   2.6882752e+01   2.3122171e+01
   1.9513303e+01   2.5283182e+01   2.0862435e+01
   1.8371147e+01   2.5001507e+01   1.9448635e+01
   1.7967473e+01   2.2190262e+01   2.0057112e+01
   1.9454325e+01   2.1941066e+01   2.3087754e+01
   1.9806292e+01   2.3889305e+01   2.1974752e+01
   2.0023029e+01   2.2296404e+01   2.3946897e+01
   2.2088633e+01   2.4127911e+01   2.6368282e+01
   2.0855403e+01   2.2817535e+01   2.5272797e+01
   2.2614527e+01   2.7589075e+01   2.4284794e+01
   2.0293818e+01   2.2047954e+01   2.5105631e+01
   2.1507256e+01   2.5160651e+01   2.3970737e+01
   1.8669314e+01   1.9938254e+01   2.4675608e+01
   1.7945007e+01   2.1843707e+01   2.0246454e+01
   1.6924213e+01   1.9254694e+01   2.0792115e+01
   2.1501212e+01   2.4872252e+01   2.4192573e+01
   2.0427476e+01   2.2134119e+01   2.5335794e+01
   2.0037796e+01   2.2667803e+01   2.3488346e+01
   1.8353819e+01   1.9989457e+01   2.3430290e+01
   2.1286826e+01   2.5290033e+01   2.3502341e+01
   2.1827806e+01   2.4432580e+01   2.5301058e+01
   2.1701314e+01   2.5372405e+01   2.4150801e+01
   1.9800790e+01   2.2352874e+01   2.3348606e+01
   2.1873484e+01   2.4456848e+01   2.5372847e+01
   1.8840074e+01   2.2624033e+01   2.1217589e+01
   2.2456076e+01   2.7324613e+01   2.4177166e+01
   2.0372924e+01   2.4224343e+01   2.2695264e+01
   1.7910273e+01   2.0861540e+01   2.1015889e+01
   2.0899414e+01   2.4573273e+01   2.3349357e+01
   1.8919776e+01   2.0156590e+01   2.5020005e+01
   2.2920703e+01   2.8135153e+01   2.4482548e+01
   2.0475980e+01   2.3369541e+01   2.3626188e+01
   1.8622106e+01   2.2453582e+01   2.0966700e+01
   2.1351455e+01   2.3772158e+01   2.5062342e+01
   2.1875342e+01   2.5520447e+01   2.4344067e+01
   2.0050035e+01   2.3351206e+01   2.2807758e+01
   2.1084445e+01   2.4969148e+01   2.3381041e+01
   2.1597708e+01   2.7217043e+01   2.2997770e+01
   1.8251880e+01   2.2162823e+01   2.0542926e+01
   2.2297880e+01   2.4337121e+01   2.6576802e+01
   2.1515332e+01   2.5166600e+01   2.3980408e+01
   2.0379815e+01   2.3016541e+01   2.3820502e+01
   1.8496707e+01   2.2016671e+01   2.1078134e+01
   2.1349235e+01   2.5393717e+01   2.3537396e+01
   1.9799816e+01   2.1677927e+01   2.4375126e+01
   1.6663372e+01   1.9627953e+01   1.9766937e+01
   2.0354707e+01   2.4365518e+01   2.2568244e+01
