   2.1363794e+01   2.7254419e+01   2.2665550e+01
   1.9569649e+01   2.3064203e+01   2.2165709e+01
   1.9573353e+01   2.6830683e+01   2.0487046e+01
   1.4231333e+01   1.7675541e+01   1.6920710e+01
   1.6230509e+01   2.3800824e+01   1.7083885e+01
   2.2829550e+01   2.5511868e+01   2.6206830e+01
   1.6013561e+01   2.4885640e+01   1.6630729e+01
   2.3509774e+01   2.6882096e+01   2.6194816e+01
   2.1111277e+01   2.5567853e+01   2.3050525e+01
   2.0942382e+01   2.2044642e+01   2.7463901e+01
   2.2437636e+01   2.6229245e+01   2.4796322e+01
   1.9300638e+01   2.1555007e+01   2.3257019e+01
   2.1856894e+01   2.5169754e+01   2.4597534e+01
   2.0361060e+01   2.2538054e+01   2.4427595e+01
   2.2783923e+01   2.6289068e+01   2.5360234e+01
   1.7369282e+01   1.9881634e+01   2.0986508e+01
   1.5325744e+01   2.2032233e+01   1.6395744e+01
   2.0710750e+01   2.6981737e+01   2.1888476e+01
   1.9942129e+01   2.3483498e+01   2.2498711e+01
   2.1012650e+01   2.2531237e+01   2.6337466e+01
   1.8798615e+01   2.0440958e+01   2.3856203e+01
   2.1497052e+01   2.4928736e+01   2.4137200e+01
   1.9131376e+01   2.4062671e+01   2.0831416e+01
   2.1627257e+01   2.5360600e+01   2.4030506e+01
   2.1478125e+01   2.3637346e+01   2.5566725e+01
   1.7725814e+01   1.8938863e+01   2.3912389e+01
   1.8841382e+01   2.2954917e+01   2.0994631e+01
   1.7959156e+01   2.1100255e+01   2.0876062e+01
   2.0033799e+01   2.3529204e+01   2.2627003e+01
   2.2396210e+01   2.5912783e+01   2.4964257e+01
   2.0824639e+01   2.6357204e+01   2.2259738e+01
   1.9719431e+01   2.6311913e+01   2.0803925e+01
   2.2783045e+01   2.9161352e+01   2.3924722e+01
   1.7595275e+01   2.1491754e+01   1.9900632e+01
   1.5835073e+01   1.8339311e+01   1.9481475e+01
   2.1261476e+01   2.6464644e+01   2.2831313e+01
   1.4924354e+01   1.7929100e+01   1.8009622e+01
   1.8482419e+01   2.7728198e+01   1.9039813e+01
   1.5772125e+01   1.8105056e+01   1.9651994e+01
   2.0404333e+01   2.3912099e+01   2.2985946e+01
   1.5965723e+01   1.9235716e+01   1.8782466e+01
   1.8877630e+01   2.4514338e+01   2.0278243e+01
   1.4878010e+01   1.7084306e+01   1.8959930e+01
   2.1485942e+01   2.6448317e+01   2.3164166e+01
   1.9371302e+01   2.5124389e+01   2.0726977e+01
   1.8446519e+01   2.5030511e+01   1.9536874e+01
   1.7938294e+01   2.2193161e+01   2.0008520e+01
   1.9539430e+01   2.1939538e+01   2.3287591e+01
   1.9557591e+01   2.3559607e+01   2.1780159e+01
   2.0053276e+01   2.2240016e+01   2.4106590e+01
   2.1980408e+01   2.4038011e+01   2.6230000e+01
   2.0434935e+01   2.2351618e+01   2.4935625e+01
   2.2503173e+01   2.7438366e+01   2.4192187e+01
   2.0323920e+01   2.2046017e+01   2.5200848e+01
   2.1447159e+01   2.5083379e+01   2.3923941e+01
   1.8561872e+01   1.9836223e+01   2.4553298e+01
   1.7866964e+01   2.1674159e+01   2.0233607e+01
   1.6806810e+01   1.9174890e+01   2.0623261e+01
   2.1406775e+01   2.4821936e+01   2.4061044e+01
   2.0325797e+01   2.2106201e+01   2.5084944e+01
   2.0030232e+01   2.2676505e+01   2.3461273e+01
   1.6820917e+01   1.8037984e+01   2.3007648e+01
   2.1304130e+01   2.5298320e+01   2.3525589e+01
   2.1427487e+01   2.4109132e+01   2.4810192e+01
   2.1803034e+01   2.5586631e+01   2.4169122e+01
   1.9545391e+01   2.2017386e+01   2.3197494e+01
   2.1892543e+01   2.4487435e+01   2.5377654e+01
   1.8663027e+01   2.2392417e+01   2.1081523e+01
   2.2487237e+01   2.7376967e+01   2.4198020e+01
   1.9962957e+01   2.3559242e+01   2.2476114e+01
   1.6741374e+01   1.8988088e+01   2.0733257e+01
   2.0721596e+01   2.4320685e+01   2.3229515e+01
   1.7887033e+01   1.9033889e+01   2.4284516e+01
   2.2559163e+01   2.7476144e+01   2.4256745e+01
   1.9448664e+01   2.1867060e+01   2.3172625e+01
   1.8398598e+01   2.2329886e+01   2.0674784e+01
   2.0623252e+01   2.2770585e+01   2.4734504e+01
   2.1881126e+01   2.5573163e+01   2.4314345e+01
   2.0047640e+01   2.3355704e+01   2.2799296e+01
   2.1055682e+01   2.4773323e+01   2.3472319e+01
   2.1260459e+01   2.6232934e+01   2.2934460e+01
   1.8061519e+01   2.2071375e+01   2.0286694e+01
   2.2108737e+01   2.4130940e+01   2.6417015e+01
   2.1495424e+01   2.4938790e+01   2.4125860e+01
   2.0161771e+01   2.2640621e+01   2.3801323e+01
   1.8411673e+01   2.1972734e+01   2.0960751e+01
   2.1235955e+01   2.5132795e+01   2.3523667e+01
   1.9778403e+01   2.1637744e+01   2.4388893e+01
   1.6584869e+01   1.9577706e+01   1.9660305e+01
   2.0251813e+01   2.4294965e+01   2.2444438e+01
