   2.1458403e+01   2.7664985e+01   2.2654954e+01
   1.9632366e+01   2.3062727e+01   2.2281077e+01
   1.9533779e+01   2.6762964e+01   2.0454158e+01
   1.4547936e+01   1.7939467e+01   1.7277029e+01
   1.6230850e+01   2.3816407e+01   1.7080936e+01
   2.3099306e+01   2.5684231e+01   2.6592932e+01
   1.6077277e+01   2.5149782e+01   1.6664533e+01
   2.3525034e+01   2.6840617e+01   2.6259088e+01
   2.1111287e+01   2.5556884e+01   2.3056709e+01
   2.2034313e+01   2.3223309e+01   2.8261922e+01
   2.2554892e+01   2.6371581e+01   2.4895344e+01
   1.9357491e+01   2.1580187e+01   2.3360664e+01
   2.1881740e+01   2.5172496e+01   2.4641779e+01
   2.0646174e+01   2.2906505e+01   2.4585739e+01
   2.2884050e+01   2.6446033e+01   2.5414746e+01
   1.7514823e+01   2.0006073e+01   2.1157890e+01
   1.5326506e+01   2.2026942e+01   1.6398184e+01
   2.0847137e+01   2.7244156e+01   2.1986152e+01
   1.9922400e+01   2.3474667e+01   2.2470394e+01
   2.1449422e+01   2.3057621e+01   2.6564608e+01
   1.8790699e+01   2.0433941e+01   2.3846395e+01
   2.1899979e+01   2.5683237e+01   2.4266047e+01
   1.9137874e+01   2.4094601e+01   2.0825803e+01
   2.1615344e+01   2.5407365e+01   2.3975884e+01
   2.1472246e+01   2.3635278e+01   2.5554943e+01
   1.7312488e+01   1.8807542e+01   2.2726646e+01
   1.8850076e+01   2.2946691e+01   2.1014121e+01
   1.7997131e+01   2.1269554e+01   2.0792532e+01
   2.0035186e+01   2.3506760e+01   2.2647861e+01
   2.2750434e+01   2.6464579e+01   2.5165001e+01
   2.1007414e+01   2.6399705e+01   2.2498140e+01
   2.0089686e+01   2.6465681e+01   2.1236579e+01
   2.2779781e+01   2.9114808e+01   2.3934543e+01
   1.7721077e+01   2.1836657e+01   1.9879453e+01
   1.5820068e+01   1.8319886e+01   1.9472425e+01
   2.1305054e+01   2.6502918e+01   2.2877100e+01
   1.4960942e+01   1.7958310e+01   1.8053158e+01
   1.8294963e+01   2.7593541e+01   1.8845507e+01
   1.5744672e+01   1.8069168e+01   1.9636979e+01
   2.1165031e+01   2.5672774e+01   2.3075673e+01
   1.5949138e+01   1.9161260e+01   1.8818945e+01
   1.8892298e+01   2.4722298e+01   2.0221740e+01
   1.4870653e+01   1.7012231e+01   1.9053594e+01
   2.1611145e+01   2.6881581e+01   2.3151332e+01
   1.9461925e+01   2.5205107e+01   2.0820948e+01
   1.8371757e+01   2.5018352e+01   1.9444697e+01
   1.7954522e+01   2.2199105e+01   2.0030906e+01
   1.9505320e+01   2.1985105e+01   2.3147486e+01
   1.9813622e+01   2.3857222e+01   2.2007661e+01
   2.0039137e+01   2.2295751e+01   2.3987490e+01
   2.2085310e+01   2.4123178e+01   2.6367330e+01
   2.0874773e+01   2.2843050e+01   2.5281296e+01
   2.2605897e+01   2.7522363e+01   2.4303641e+01
   2.0316108e+01   2.2065059e+01   2.5138254e+01
   2.1517541e+01   2.5183947e+01   2.3971115e+01
   1.8653333e+01   1.9938717e+01   2.4611523e+01
   1.7931294e+01   2.1805469e+01   2.0249938e+01
   1.6895170e+01   1.9243737e+01   2.0737861e+01
   2.1498205e+01   2.4872364e+01   2.4186907e+01
   2.0456673e+01   2.2176069e+01   2.5338364e+01
   2.0037207e+01   2.2672766e+01   2.3481070e+01
   1.8347620e+01   1.9964742e+01   2.3465102e+01
   2.1293169e+01   2.5287416e+01   2.3514622e+01
   2.1943385e+01   2.4572544e+01   2.5386649e+01
   2.1752822e+01   2.5503321e+01   2.4143113e+01
   1.9809338e+01   2.2351987e+01   2.3368986e+01
   2.1890421e+01   2.4470427e+01   2.5393871e+01
   1.8815123e+01   2.2601908e+01   2.1190727e+01
   2.2480015e+01   2.7364438e+01   2.4193371e+01
   2.0431257e+01   2.4290578e+01   2.2747822e+01
   1.7696145e+01   2.0476095e+01   2.0988447e+01
   2.0876194e+01   2.4541000e+01   2.3333068e+01
   1.8662637e+01   1.9852898e+01   2.4910299e+01
   2.2879629e+01   2.8116759e+01   2.4431774e+01
   2.0306973e+01   2.3054303e+01   2.3618641e+01
   1.8581595e+01   2.2442145e+01   2.0905842e+01
   2.1231482e+01   2.3581007e+01   2.5040454e+01
   2.1926322e+01   2.5597096e+01   2.4375413e+01
   2.0065735e+01   2.3373986e+01   2.2817144e+01
   2.1095404e+01   2.4964036e+01   2.3403165e+01
   2.1539214e+01   2.7033061e+01   2.2988001e+01
   1.8197693e+01   2.2134915e+01   2.0471011e+01
   2.2267125e+01   2.4303771e+01   2.6550505e+01
   2.1593551e+01   2.5245998e+01   2.4057493e+01
   2.0319889e+01   2.2910957e+01   2.3816418e+01
   1.8454263e+01   2.1996683e+01   2.1017919e+01
   2.1322342e+01   2.5340439e+01   2.3527901e+01
   1.9858032e+01   2.1734128e+01   2.4436691e+01
   1.6639302e+01   1.9615861e+01   1.9730795e+01
   2.0416475e+01   2.4506361e+01   2.2578197e+01
