   5.3366752e+00   5.3949835e+00   2.5187974e+01
   5.8767064e+00   5.9959099e+00   2.2525173e+01
   4.3738423e+00   4.4595620e+00   2.2793091e+01
   5.7270572e+00   5.8384005e+00   2.2699969e+01
   7.1367363e+00   7.5912772e+00   1.7861298e+01
   6.6611780e+00   6.8097145e+00   2.2217077e+01
   6.1961027e+00   6.5816115e+00   1.7767477e+01
   6.4506788e+00   6.6322650e+00   2.1181635e+01
   6.4081845e+00   6.5059979e+00   2.3807121e+01
   6.4393171e+00   6.5345999e+00   2.3945621e+01
   5.5687938e+00   5.6227453e+00   2.5705197e+01
   5.8633774e+00   5.9336758e+00   2.4793493e+01
   5.7690884e+00   5.8165549e+00   2.6417454e+01
   6.2516497e+00   6.3498321e+00   2.3663373e+01
   5.0588633e+00   5.0974025e+00   2.6767044e+01
   6.2601058e+00   6.3771120e+00   2.2914333e+01
   5.1673053e+00   5.4636710e+00   1.8060554e+01
   6.2319575e+00   6.3958735e+00   2.1441881e+01
   4.3329974e+00   4.3942115e+00   2.4219648e+01
   4.7286360e+00   4.7892468e+00   2.4556133e+01
   7.5675734e+00   7.6174995e+00   2.7680359e+01
   5.1984096e+00   5.2844660e+00   2.3398028e+01
   6.6311999e+00   6.6883895e+00   2.6307944e+01
   5.2862372e+00   5.3979258e+00   2.2340700e+01
   6.5057668e+00   6.5404137e+00   2.8374267e+01
   5.1296440e+00   5.1866935e+00   2.5122647e+01
   5.7218515e+00   5.7841424e+00   2.5203988e+01
   5.0567638e+00   5.1689713e+00   2.2143680e+01
   5.5802477e+00   5.6674632e+00   2.3637749e+01
   5.0591656e+00   5.1596178e+00   2.2623036e+01
   4.9644093e+00   5.0034464e+00   2.6639461e+01
   4.9096284e+00   4.9670288e+00   2.4928246e+01
   5.5965753e+00   5.6538486e+00   2.5468471e+01
   5.0796874e+00   5.1698429e+00   2.3105716e+01
   7.3829283e+00   7.4549748e+00   2.5938263e+01
   4.2200636e+00   4.3312067e+00   2.1558174e+01
   6.2242464e+00   6.2971305e+00   2.4927337e+01
   4.2508504e+00   4.3499121e+00   2.2077678e+01
   6.2293313e+00   6.2798145e+00   2.6519399e+01
   4.4932829e+00   4.5792943e+00   2.2866670e+01
   5.2534780e+00   5.3250519e+00   2.4236924e+01
   4.3448756e+00   4.4314978e+00   2.2726502e+01
   5.4194552e+00   5.4672437e+00   2.6113494e+01
   4.0222468e+00   4.1054464e+00   2.2666053e+01
   4.9095556e+00   4.9469668e+00   2.6782188e+01
   4.1704954e+00   4.2379199e+00   2.3682809e+01
   5.5252763e+00   5.5704572e+00   2.6439076e+01
   4.3510820e+00   4.4283909e+00   2.3222886e+01
   6.6335368e+00   6.6856810e+00   2.6709349e+01
   6.5323462e+00   6.6395294e+00   2.3514572e+01
   6.5555499e+00   6.5981992e+00   2.7515139e+01
   6.9343104e+00   6.9966109e+00   2.6189012e+01
   5.6583387e+00   5.7284489e+00   2.4642500e+01
   6.4947867e+00   6.5860267e+00   2.4178068e+01
   5.8641506e+00   5.9121143e+00   2.6447842e+01
   6.5451658e+00   6.6240063e+00   2.4849813e+01
   4.9144989e+00   4.9941592e+00   2.3514405e+01
   6.3408102e+00   6.4156023e+00   2.4910361e+01
   5.6649214e+00   5.7296399e+00   2.4993671e+01
   6.5757991e+00   6.6640072e+00   2.4390402e+01
   6.3241697e+00   6.3949173e+00   2.5136999e+01
   5.8385661e+00   5.9495697e+00   2.2801821e+01
   5.6353741e+00   5.7129545e+00   2.4186827e+01
   5.6021930e+00   5.6924843e+00   2.3505379e+01
   5.8219842e+00   5.8799144e+00   2.5597312e+01
   5.8857836e+00   5.9831437e+00   2.3405024e+01
   5.0469502e+00   5.0956834e+00   2.5741400e+01
   5.6283783e+00   5.7368991e+00   2.2732579e+01
   5.6728969e+00   5.7232363e+00   2.6087031e+01
   5.7620298e+00   5.8777692e+00   2.2560847e+01
   5.4682683e+00   5.5640730e+00   2.3144382e+01
   5.7629613e+00   5.8573546e+00   2.3440747e+01
   5.7596347e+00   5.8002700e+00   2.7082809e+01
   5.7699441e+00   5.8553511e+00   2.3878146e+01
   5.0309100e+00   5.0663897e+00   2.7104131e+01
   5.4188838e+00   5.4947944e+00   2.4111083e+01
   5.6123611e+00   5.6485016e+00   2.7474425e+01
   5.7350000e+00   5.8099649e+00   2.4413746e+01
   5.8571011e+00   5.9119475e+00   2.5861911e+01
   5.2380311e+00   5.3169516e+00   2.3802622e+01
   4.9150467e+00   4.9587116e+00   2.6116641e+01
   5.1355722e+00   5.2163060e+00   2.3625480e+01
   5.5355848e+00   5.5783996e+00   2.6680103e+01
   5.4175772e+00   5.4960299e+00   2.3967716e+01
   5.2309980e+00   5.2819721e+00   2.5688027e+01
   5.2896216e+00   5.3824293e+00   2.3142405e+01
   5.6333193e+00   5.6718458e+00   2.7213946e+01
   5.3110336e+00   5.3596765e+00   2.5952556e+01
   5.3644921e+00   5.4187026e+00   2.5524920e+01
   4.7306946e+00   4.7944974e+00   2.4335577e+01
