  -8.0643805e+00  -1.0241539e+00  -3.5553239e+00
  -5.1139226e+00   5.7313396e+00  -3.7123496e+00
  -8.1937627e+00  -2.0046924e+00  -2.8718068e+00
  -4.1925962e+00   6.6648385e+00  -2.9729556e+00
  -7.4020667e+00   1.2719254e+00  -4.3479433e+00
  -5.0730879e+00   5.8648083e+00  -3.7075334e+00
  -7.6222960e+00   4.7706932e-01  -4.1130422e+00
  -5.2366922e+00   5.7627404e+00  -3.8552867e+00
  -7.6292286e+00   4.8569911e-01  -4.1268974e+00
  -5.3350837e+00   5.4442829e+00  -3.8654204e+00
  -7.7352825e+00   3.2816010e-01  -4.1484058e+00
  -5.6023256e+00   5.0821947e+00  -4.0408489e+00
  -7.6544542e+00   3.0014835e-01  -4.0336288e+00
  -5.0655581e+00   5.7663366e+00  -3.6701404e+00
  -7.9361611e+00   1.3152008e+00  -4.9845453e+00
  -6.6619761e+00   4.6293735e+00  -5.0414942e+00
  -7.6999753e+00   4.8418199e-01  -4.2094456e+00
  -5.2908428e+00   6.0802075e+00  -4.0047330e+00
  -6.4932885e+00  -3.8434942e-01  -2.0662275e+00
  -4.4892928e+00   3.2886850e+00  -2.0266871e+00
  -6.2827309e+00   2.5164577e+00  -3.7368344e+00
  -5.6529651e+00   2.4564621e+00  -2.9703856e+00
  -6.6737434e+00   1.5882706e+00  -3.6835960e+00
  -5.7355245e+00   2.8451085e+00  -3.2706165e+00
  -6.0982011e+00   2.0455054e+00  -3.2684606e+00
  -5.7255420e+00   2.1560713e+00  -2.8887647e+00
  -6.7594372e+00   1.4581761e+00  -3.7077001e+00
  -5.9364630e+00   2.5804411e+00  -3.3689087e+00
  -6.6049390e+00   1.2664411e+00  -3.4077991e+00
  -5.5145578e+00   2.7504550e+00  -2.9640398e+00
  -6.8551360e+00   2.3499333e+00  -4.3071647e+00
  -7.0500350e+00   1.6368353e+00  -4.1501212e+00
  -6.3719968e+00   1.9232173e+00  -3.5217243e+00
  -5.9891488e+00   2.1233542e+00  -3.1834921e+00
  -5.8496756e+00   2.8618885e+00  -3.4112091e+00
  -5.6619476e+00   1.6316866e+00  -2.4949799e+00
  -6.1457538e+00   1.9323414e+00  -3.2601768e+00
  -5.7754360e+00   1.6236557e+00  -2.6290140e+00
  -5.8039118e+00   2.3288651e+00  -3.0789309e+00
  -5.6834051e+00   1.5528078e+00  -2.4708775e+00
  -6.0469846e+00   2.1023502e+00  -3.2400247e+00
  -6.0949093e+00   1.1595273e+00  -2.7204266e+00
  -6.2659495e+00   1.9723808e+00  -3.4248735e+00
  -5.9207713e+00   1.4836178e+00  -2.7179002e+00
  -6.2628827e+00   3.0300982e+00  -3.9648217e+00
  -7.0568364e+00   6.3862841e-01  -3.5448940e+00
  -6.0237499e+00   1.7673123e+00  -3.0179161e+00
  -5.6099513e+00   1.6585450e+00  -2.4481163e+00
  -6.4644877e+00   1.2086848e+00  -3.2028079e+00
  -5.1661792e+00   4.0774042e+00  -3.1823063e+00
  -6.0805753e+00   1.8598185e+00  -3.1406583e+00
  -5.1927997e+00   3.8651100e+00  -3.1224824e+00
  -6.2172956e+00   1.5343681e+00  -3.1089605e+00
  -5.3451411e+00   3.7107240e+00  -3.2290204e+00
  -6.2747389e+00   1.5317277e+00  -3.1762823e+00
  -5.0527587e+00   4.2781719e+00  -3.1360640e+00
  -6.5587121e+00   2.6192186e+00  -4.1041722e+00
  -6.7210266e+00   3.0436188e+00  -4.4866614e+00
  -6.2442460e+00   1.7902773e+00  -3.2945484e+00
  -5.4577440e+00   3.7661533e+00  -3.3814247e+00
  -5.5743552e+00   2.4972641e+00  -2.8995650e+00
  -5.4182116e+00   2.8527173e+00  -2.9039178e+00
  -5.9773797e+00   1.9402277e+00  -3.0646344e+00
  -5.6009697e+00   2.9475834e+00  -3.1656340e+00
  -5.7612689e+00   1.9694867e+00  -2.8229776e+00
  -5.0723458e+00   3.3491264e+00  -2.7470587e+00
  -5.9749810e+00   2.9873951e+00  -3.6166225e+00
  -6.5776051e+00   2.1285096e+00  -3.8740791e+00
  -6.1748267e+00   1.7245775e+00  -3.1731554e+00
  -5.4448710e+00   3.3352166e+00  -3.1726237e+00
  -6.8538308e+00   1.0324303e+00  -3.5579760e+00
  -5.4150197e+00   4.0838042e+00  -3.4663075e+00
  -7.1879816e+00   6.8165312e-01  -3.7307476e+00
  -4.9833060e+00   5.0261666e+00  -3.3397441e+00
  -7.2289305e+00   1.9075548e+00  -4.5034638e+00
  -6.6283453e+00   3.5312406e+00  -4.5940320e+00
  -6.8971857e+00   1.2149920e+00  -3.7234343e+00
  -5.4759941e+00   4.1692659e+00  -3.5692791e+00
  -7.9355187e+00  -1.2846108e-01  -4.0737918e+00
  -5.0260588e+00   5.1363654e+00  -3.4252247e+00
  -8.8213789e+00   1.8720105e-01  -5.3205534e+00
  -6.5327036e+00   4.8333705e+00  -4.9695150e+00
  -8.1467039e+00   5.1093417e-02  -4.4487374e+00
  -5.6046554e+00   4.8879159e+00  -3.9780110e+00
  -7.6118734e+00   1.5657839e+00  -4.7549261e+00
  -6.4919852e+00   3.9389586e+00  -4.6068829e+00
  -7.7179603e+00   6.0600444e-01  -4.3090980e+00
  -5.7735054e+00   4.3210842e+00  -3.9599461e+00
  -9.4500364e+00  -1.1100953e+00  -5.1610626e+00
  -5.7828799e+00   5.6920996e+00  -4.4252669e+00
