  -8.3450039e+00   2.9622761e-02  -4.6671650e+00
  -6.4611144e+00   4.7643817e+00  -4.8694927e+00
  -8.4646437e+00  -6.7610860e-01  -4.3127363e+00
  -6.2881278e+00   5.1932891e+00  -4.8201749e+00
  -7.8286636e+00   1.6580535e+00  -5.0502005e+00
  -6.1835429e+00   5.1021083e+00  -4.6788904e+00
  -7.8501365e+00   1.0073321e+00  -4.7090913e+00
  -5.9081488e+00   5.3071090e+00  -4.4453028e+00
  -7.9942313e+00   1.8760643e+00  -5.3492102e+00
  -7.1059304e+00   4.1878452e+00  -5.3681886e+00
  -8.1192384e+00   2.9731066e+00  -5.9943244e+00
  -8.5288462e+00   3.0705833e+00  -6.4765354e+00
  -8.0202475e+00   2.2527384e+00  -5.5635843e+00
  -7.5940788e+00   3.7613901e+00  -5.7392913e+00
  -8.1976017e+00   3.3616765e+00  -6.2362855e+00
  -9.1722185e+00   2.4739639e+00  -6.9171256e+00
  -7.9342899e+00   2.5144496e+00  -5.5912651e+00
  -7.8235304e+00   3.8909724e+00  -6.0338345e+00
  -6.8656226e+00   8.2641012e-01  -3.4389685e+00
  -6.5023368e+00   1.9742489e+00  -3.7027156e+00
  -6.5923486e+00   3.0655518e+00  -4.3524710e+00
  -6.8127444e+00   1.6135751e+00  -3.8611290e+00
  -6.6468584e+00   2.4080367e+00  -4.0992713e+00
  -6.3414584e+00   2.2682338e+00  -3.6752759e+00
  -6.6775496e+00   3.2812620e+00  -4.5429168e+00
  -7.4682690e+00   1.0805147e+00  -4.3113296e+00
  -7.1604316e+00   3.9377605e+00  -5.3361378e+00
  -8.8100916e+00   4.2686920e-01  -5.4567194e+00
  -6.9002408e+00   3.1389593e+00  -4.7285514e+00
  -7.8870374e+00   9.0145389e-01  -4.6884364e+00
  -6.9413925e+00   4.6042420e+00  -5.3342314e+00
  -9.5653501e+00  -7.2374144e-01  -5.5704732e+00
  -6.7664692e+00   3.8966664e+00  -4.8916146e+00
  -8.5088404e+00   2.5888133e-01  -5.0071996e+00
  -5.9465715e+00   3.5356798e+00  -3.8347154e+00
  -6.7573696e+00   5.5709542e-01  -3.1251242e+00
  -6.2246546e+00   2.6913976e+00  -3.7582415e+00
  -6.4315908e+00   1.0986881e+00  -3.0921320e+00
  -6.1652840e+00   3.7771152e+00  -4.1812178e+00
  -7.4434025e+00   2.2336572e-01  -3.7282199e+00
  -6.3723635e+00   4.4765155e+00  -4.6746713e+00
  -8.6733593e+00  -8.8958231e-01  -4.4041712e+00
  -6.3829136e+00   4.2402172e+00  -4.6010177e+00
  -8.4777110e+00  -7.6886649e-01  -4.2594920e+00
  -6.2417682e+00   5.5725629e+00  -4.8834449e+00
  -9.6755113e+00  -1.8783743e+00  -4.8365594e+00
  -6.3448528e+00   3.6475598e+00  -4.3277269e+00
  -8.0115301e+00  -2.0896637e-01  -4.1078758e+00
  -6.4876521e+00   2.0101702e+00  -3.7054480e+00
  -5.7958944e+00   3.6217732e+00  -3.7020200e+00
  -6.3885375e+00   3.2469113e+00  -4.2050357e+00
  -6.9611888e+00   2.4781266e+00  -4.4909561e+00
  -6.5507961e+00   4.2276637e+00  -4.7799104e+00
  -8.2916362e+00   1.3939416e+00  -5.4286609e+00
  -6.7535088e+00   3.4327620e+00  -4.6915384e+00
  -7.6067522e+00   2.4500720e+00  -5.1996492e+00
  -6.8556655e+00   4.8066983e+00  -5.3083647e+00
  -9.3782749e+00   6.9902793e-01  -6.2543698e+00
  -6.5524076e+00   3.8152114e+00  -4.6249945e+00
  -8.0342116e+00   1.6519061e+00  -5.2778993e+00
  -5.9426856e+00   4.0002021e+00  -4.0233712e+00
  -7.2623697e+00   1.5078170e+00  -4.3223919e+00
  -6.2058905e+00   4.6331691e+00  -4.5479630e+00
  -8.4487588e+00   6.4649977e-01  -5.1788871e+00
  -6.4107550e+00   3.7048931e+00  -4.4243445e+00
  -7.5824242e+00   1.7630322e+00  -4.8279980e+00
  -6.5474779e+00   4.7453809e+00  -4.9565412e+00
  -9.0048076e+00   4.6452800e-01  -5.6998153e+00
  -6.4058425e+00   3.7071110e+00  -4.4198039e+00
  -7.9049044e+00   1.3361301e+00  -4.9607740e+00
  -7.1075538e+00   3.7863330e+00  -5.2215062e+00
  -8.4517909e+00   1.3660309e+00  -5.5927205e+00
  -7.4093447e+00   2.7332227e+00  -5.1120761e+00
  -7.5892033e+00   2.5226213e+00  -5.2142469e+00
  -7.1256782e+00   4.4773235e+00  -5.4897989e+00
  -9.3756579e+00   3.2533108e-01  -6.0328721e+00
  -7.3440588e+00   3.1855394e+00  -5.2382499e+00
  -8.1919568e+00   1.8844247e+00  -5.5732831e+00
  -8.5871074e+00   1.4239843e+00  -5.7743521e+00
  -7.4181096e+00   3.6257443e+00  -5.4971305e+00
  -8.8671234e+00   2.5067644e+00  -6.6031550e+00
  -9.1326948e+00   2.3027947e+00  -6.7990816e+00
  -8.7404463e+00   1.6938934e+00  -6.0831360e+00
  -8.0565303e+00   3.2128825e+00  -6.0251377e+00
  -8.5360123e+00   3.3550947e+00  -6.5965368e+00
  -9.2224654e+00   2.3693376e+00  -6.9252549e+00
  -7.9110428e+00   2.7177338e+00  -5.6573870e+00
  -8.3405261e+00   2.1615516e+00  -5.8726784e+00
  -9.3259578e+00   1.2117205e+00  -6.4776509e+00
  -8.2937417e+00   3.1475320e+00  -6.2547034e+00
