  -8.4384836e+00  -3.2890545e-01  -4.5315463e+00
  -7.2765264e+00   2.1781006e+00  -4.6975117e+00
  -8.4744306e+00  -5.2919019e-01  -4.4316855e+00
  -6.9148519e+00   2.5620752e+00  -4.4795513e+00
  -7.9405890e+00  -4.4524903e-01  -3.8505796e+00
  -5.9066776e+00   3.1603752e+00  -3.6204368e+00
  -8.1593008e+00  -1.7570769e+00  -3.0529174e+00
  -4.9856965e+00   4.2004275e+00  -3.0282367e+00
  -7.8852581e+00   1.5734862e+00  -5.0687270e+00
  -7.3030560e+00   1.8480981e+00  -4.5562240e+00
  -8.3962860e+00   5.6494676e-01  -5.0693159e+00
  -7.7493196e+00   1.8862650e+00  -5.0805202e+00
  -8.1038034e+00   1.8718978e+00  -5.4690871e+00
  -8.7035436e+00   7.6356482e-01  -5.5372343e+00
  -8.2725686e+00   1.1976158e+00  -5.2992843e+00
  -8.5168658e+00   1.0190613e+00  -5.4739366e+00
  -8.1591331e+00   2.2902143e+00  -5.7342916e+00
  -8.8332180e+00   9.6791410e-01  -5.7997217e+00
  -7.3391328e+00   4.8771203e-01  -3.7830437e+00
  -6.9559924e+00   1.0091143e+00  -3.6649990e+00
  -6.8457203e+00   7.5336969e-01  -3.3665550e+00
  -6.4765149e+00   8.8453190e-01  -3.0049795e+00
  -6.7923615e+00  -2.2362179e-01  -2.5877717e+00
  -5.4294533e+00   1.9808408e+00  -2.4275837e+00
  -6.3169599e+00   3.0709159e+00  -4.0449224e+00
  -7.4930842e+00  -2.3013233e-01  -3.4628024e+00
  -6.8794983e+00   2.1216564e+00  -4.2175478e+00
  -7.9899573e+00  -2.7808645e-01  -4.0325129e+00
  -7.0031963e+00   2.8960337e+00  -4.7349426e+00
  -9.0479581e+00  -1.2009942e+00  -4.6169377e+00
  -7.1560719e+00   2.2071843e+00  -4.5761798e+00
  -8.7680955e+00  -8.5096422e-01  -4.5463146e+00
  -6.9377692e+00   3.5840863e+00  -4.9565431e+00
  -9.3391224e+00  -1.4168032e+00  -4.7987088e+00
  -6.2238945e+00   1.2838140e+00  -2.9595275e+00
  -6.3636107e+00   5.1120026e-01  -2.6030901e+00
  -6.5696229e+00  -1.0454234e-01  -2.3959452e+00
  -5.5460619e+00   1.4189715e+00  -2.2122623e+00
  -6.1153302e+00   3.4346850e+00  -3.9807453e+00
  -7.5256253e+00  -3.7492336e-01  -3.3940538e+00
  -6.5140500e+00   2.2027964e+00  -3.8402621e+00
  -7.8077238e+00  -5.3340334e-01  -3.6217712e+00
  -6.4713862e+00   3.9432558e+00  -4.5858928e+00
  -9.6931091e+00  -2.3509088e+00  -4.4649156e+00
  -6.6255745e+00   2.9145880e+00  -4.3207149e+00
  -8.8139690e+00  -1.2799839e+00  -4.2736340e+00
  -6.6434625e+00   3.3462063e+00  -4.5329329e+00
  -8.8383304e+00  -1.2183100e+00  -4.3514496e+00
  -6.8745614e+00  -6.5513859e-01  -2.3392647e+00
  -5.2333625e+00   2.3516014e+00  -2.4093909e+00
  -6.3534144e+00   2.6890049e+00  -3.9044648e+00
  -7.0018961e+00   9.0160676e-01  -3.6512241e+00
  -6.6425176e+00   1.9371182e+00  -3.8452657e+00
  -7.4476310e+00   6.2730065e-01  -4.0042306e+00
  -6.8453359e+00   3.0743330e+00  -4.6390699e+00
  -8.7470828e+00  -2.6517230e-01  -4.9378389e+00
  -6.8723651e+00   2.5179874e+00  -4.4101574e+00
  -8.6714539e+00  -3.5520280e-01  -4.7875873e+00
  -6.6527748e+00   3.5249336e+00  -4.6184516e+00
  -8.8315670e+00  -5.0413879e-01  -4.8714805e+00
  -6.0067045e+00   3.5410337e+00  -3.9047358e+00
  -7.5605165e+00  -2.6499155e-01  -3.5198058e+00
  -6.4360343e+00   2.2390637e+00  -3.7693249e+00
  -7.6970856e+00  -1.4692996e-01  -3.7730989e+00
  -6.5276859e+00   3.3803227e+00  -4.4187276e+00
  -8.8564964e+00  -1.0313629e+00  -4.5168300e+00
  -6.4407853e+00   2.7282501e+00  -4.0232667e+00
  -8.4316088e+00  -7.9404408e-01  -4.1849811e+00
  -6.4854816e+00   3.6449202e+00  -4.4826537e+00
  -9.0184117e+00  -1.2641410e+00  -4.5329256e+00
  -7.2344438e+00   1.4700627e+00  -4.2686529e+00
  -7.4496901e+00   1.5350059e+00  -4.5528647e+00
  -7.1732694e+00   2.7251796e+00  -4.8462156e+00
  -8.6274258e+00   4.8146275e-01  -5.2822970e+00
  -7.3853653e+00   1.9493225e+00  -4.7030586e+00
  -8.3753597e+00   8.4641989e-01  -5.2143587e+00
  -7.3081273e+00   3.1098590e+00  -5.1666270e+00
  -8.9190160e+00   4.1399145e-01  -5.5723537e+00
  -8.7555157e+00   1.0574582e+00  -5.7629775e+00
  -8.5230054e+00   1.5517732e+00  -5.7703047e+00
  -9.0108181e+00   1.9346488e-01  -5.5404674e+00
  -8.2677431e+00   1.9015122e+00  -5.6657809e+00
  -8.7079328e+00   1.7754100e+00  -6.0881926e+00
  -9.0310223e+00   1.0699516e+00  -6.0763321e+00
  -7.8305740e+00   1.6856607e+00  -5.0670190e+00
  -8.3948462e+00   7.2652223e-01  -5.1654849e+00
  -8.2402068e+00   2.3516987e+00  -5.8519599e+00
  -9.3124135e+00   7.0129254e-02  -5.8051058e+00
  -9.7546902e+00   6.9925231e-01  -6.6700128e+00
  -9.1437369e+00   1.4056067e+00  -6.3790061e+00
