  -8.3742087e+00   3.3454953e-01  -4.9000088e+00
  -6.8112047e+00   4.2618896e+00  -5.0755829e+00
  -8.2793792e+00  -2.9411904e-01  -4.3673450e+00
  -6.4011866e+00   4.5468500e+00  -4.7306544e+00
  -7.3396032e+00   3.0470966e+00  -5.1742626e+00
  -7.1198629e+00   3.2466394e+00  -5.0176119e+00
  -7.7834134e+00   1.0566353e+00  -4.6614935e+00
  -6.0827372e+00   4.7992973e+00  -4.4705782e+00
  -7.6981100e+00   3.0751080e+00  -5.5791129e+00
  -7.3309120e+00   3.3327225e+00  -5.2851084e+00
  -8.0931145e+00   1.0384796e+00  -5.0053647e+00
  -6.4331314e+00   4.5485473e+00  -4.7659687e+00
  -7.8904145e+00   3.0362899e+00  -5.7723200e+00
  -8.4584603e+00   2.4748790e+00  -6.1463971e+00
  -8.1119047e+00   2.7592669e+00  -5.8949495e+00
  -8.4137383e+00   2.7989425e+00  -6.2396517e+00
  -8.1636327e+00   3.9008443e+00  -6.4010226e+00
  -8.9202053e+00   2.8129173e+00  -6.7908727e+00
  -7.2407559e+00   7.1498959e-01  -3.8154642e+00
  -6.5913441e+00   2.1510603e+00  -3.9019930e+00
  -6.5822606e+00   3.9147426e+00  -4.6967024e+00
  -7.6481262e+00   5.4646671e-01  -4.1887599e+00
  -6.6364165e+00   2.4151344e+00  -4.0909425e+00
  -6.6219443e+00   1.6661599e+00  -3.6680894e+00
  -6.0942524e+00   4.6810267e+00  -4.4427506e+00
  -7.5934798e+00   2.9045165e-01  -3.9543626e+00
  -6.7305976e+00   2.5615440e+00  -4.2710402e+00
  -6.7922754e+00   1.6303214e+00  -3.8468627e+00
  -6.8598439e+00   3.9358126e+00  -5.0085289e+00
  -8.8751075e+00  -3.6284574e-01  -5.0202585e+00
  -6.9258396e+00   3.8327870e+00  -5.0412472e+00
  -8.7776505e+00  -2.4058663e-01  -4.9901064e+00
  -6.7315480e+00   5.5059022e+00  -5.3869988e+00
  -9.6327240e+00  -1.0843946e+00  -5.3930158e+00
  -6.0579977e+00   4.2936679e+00  -4.2640095e+00
  -7.5761495e+00  -2.0362222e-01  -3.5844020e+00
  -6.2995878e+00   2.6126797e+00  -3.8049154e+00
  -6.6989150e+00   7.3253859e-01  -3.1741155e+00
  -6.1778982e+00   4.7044445e+00  -4.5419740e+00
  -7.5606621e+00   1.1937286e-01  -3.7972428e+00
  -6.2853563e+00   2.6386503e+00  -3.8015868e+00
  -6.5871332e+00   8.6629991e-01  -3.1279076e+00
  -6.3210934e+00   5.0653288e+00  -4.8157300e+00
  -9.4854463e+00  -1.8882298e+00  -4.5995798e+00
  -6.3829885e+00   4.4579905e+00  -4.6797090e+00
  -8.7227976e+00  -9.3299053e-01  -4.4308408e+00
  -6.4155634e+00   5.0302122e+00  -4.9064506e+00
  -9.0826700e+00  -1.2283989e+00  -4.6374772e+00
  -6.6784887e+00   1.9263058e+00  -3.8810510e+00
  -6.1915420e+00   2.9921421e+00  -3.8660429e+00
  -6.2248326e+00   4.1184959e+00  -4.3817912e+00
  -6.9260218e+00   2.2876656e+00  -4.3562109e+00
  -6.5311378e+00   2.2001853e+00  -3.8586113e+00
  -6.0549848e+00   3.3003597e+00  -3.8531353e+00
  -6.6277446e+00   4.2754972e+00  -4.8811277e+00
  -8.5177267e+00   1.1447885e+00  -5.5454645e+00
  -6.6066966e+00   4.1354282e+00  -4.8069957e+00
  -8.4772378e+00   9.6707025e-01  -5.3996632e+00
  -6.5241493e+00   5.2601082e+00  -5.0939541e+00
  -8.9461367e+00   6.9700593e-01  -5.7712735e+00
  -5.8187353e+00   5.1819589e+00  -4.3090650e+00
  -7.5390586e+00   8.7537234e-01  -4.2688373e+00
  -6.1385379e+00   2.7061346e+00  -3.6666643e+00
  -6.3207932e+00   2.1342784e+00  -3.5790369e+00
  -6.3461319e+00   4.3764932e+00  -4.6104204e+00
  -8.4854242e+00   4.1977191e-01  -5.0817626e+00
  -6.3667520e+00   4.1399136e+00  -4.5459695e+00
  -8.2606100e+00   5.5040886e-01  -4.9045408e+00
  -6.4014910e+00   5.2255734e+00  -4.9519630e+00
  -9.0404837e+00  -4.5158436e-02  -5.4225204e+00
  -6.9732932e+00   2.0138930e+00  -4.2680363e+00
  -6.3204842e+00   3.3956787e+00  -4.1939811e+00
  -7.0522186e+00   3.8412387e+00  -5.1822510e+00
  -8.4035673e+00   1.7476456e+00  -5.7386742e+00
  -7.2533188e+00   3.3636630e+00  -5.2128948e+00
  -8.2380017e+00   2.0490763e+00  -5.7056778e+00
  -7.1430266e+00   4.9127410e+00  -5.6492735e+00
  -9.1042394e+00   1.2643137e+00  -6.2617593e+00
  -8.5248531e+00   2.1203476e+00  -6.0551277e+00
  -8.2675953e+00   2.6183220e+00  -6.0026231e+00
  -8.7834330e+00   1.7871588e+00  -6.1768582e+00
  -8.2717168e+00   2.7820915e+00  -6.0785613e+00
  -8.5557978e+00   3.5481545e+00  -6.6907380e+00
  -9.2990896e+00   1.5876355e+00  -6.6411003e+00
  -7.6190488e+00   3.1022632e+00  -5.5042228e+00
  -8.1573859e+00   1.8788584e+00  -5.5321267e+00
  -8.0759792e+00   4.0978226e+00  -6.3766162e+00
  -9.4918982e+00   8.9326420e-01  -6.4884909e+00
  -9.6902159e+00   2.2655458e+00  -7.3805599e+00
  -9.3399470e+00   2.3767634e+00  -7.0546200e+00
