  -8.2062365e+00  -1.2772604e+00  -3.5261046e+00
  -4.8983044e+00   5.2326336e+00  -3.3164912e+00
  -8.1928754e+00  -1.2873550e+00  -3.5009687e+00
  -5.0295244e+00   5.1453221e+00  -3.4321118e+00
  -7.6437751e+00  -3.6734701e-01  -3.5456375e+00
  -4.5120071e+00   5.4591220e+00  -2.9638591e+00
  -7.7619938e+00  -1.4388226e+00  -2.8199276e+00
  -3.9099343e+00   6.1342040e+00  -2.5106202e+00
  -7.6768597e+00  -3.0318536e-01  -3.6341358e+00
  -4.5971465e+00   5.2371620e+00  -2.9832628e+00
  -7.9440389e+00  -1.1228204e+00  -3.3238808e+00
  -4.5553604e+00   5.3689807e+00  -2.9818164e+00
  -7.9344601e+00   3.8256699e-01  -4.4190318e+00
  -5.9730765e+00   4.3547426e+00  -4.1931357e+00
  -7.9538520e+00   8.9607783e-01  -4.7621219e+00
  -6.8676963e+00   3.4455478e+00  -4.8229502e+00
  -7.6900999e+00   1.1284950e+00  -4.5963818e+00
  -6.2194047e+00   4.1394370e+00  -4.3837766e+00
  -6.6807497e+00   1.8939181e-01  -2.7646021e+00
  -5.3283904e+00   2.4185931e+00  -2.5624026e+00
  -6.4072495e+00   9.0645675e-01  -2.9348319e+00
  -5.0687336e+00   2.4208935e+00  -2.2497153e+00
  -6.7129785e+00  -2.4363885e-01  -2.4695994e+00
  -4.3822617e+00   3.5496850e+00  -2.0314655e+00
  -5.9543344e+00   1.4115118e+00  -2.7127537e+00
  -5.0097892e+00   2.1549188e+00  -2.0182137e+00
  -6.4078021e+00   5.1664489e-01  -2.6625787e+00
  -4.9291813e+00   2.6863266e+00  -2.2317819e+00
  -6.8975877e+00   1.3129751e+00  -3.7834812e+00
  -6.3698134e+00   1.7298484e+00  -3.4079869e+00
  -7.0094008e+00   1.8023385e+00  -4.1952855e+00
  -7.2623657e+00   9.5052666e-01  -3.9909261e+00
  -6.5700466e+00   2.2915872e+00  -3.9514672e+00
  -6.7098601e+00   1.2929045e+00  -3.5491933e+00
  -5.9183551e+00   1.3531721e+00  -2.6307395e+00
  -5.0989634e+00   1.7415725e+00  -1.8655239e+00
  -6.1260088e+00   2.5616871e-01  -2.1066495e+00
  -4.5785268e+00   2.3244831e+00  -1.5857270e+00
  -5.5551333e+00   1.8181798e+00  -2.4811952e+00
  -4.9970679e+00   1.7090413e+00  -1.7147686e+00
  -6.0229507e+00   5.8714983e-01  -2.2268898e+00
  -4.8836987e+00   1.8695271e+00  -1.6780448e+00
  -6.5545390e+00   2.0990140e+00  -3.8315448e+00
  -6.8561609e+00   6.6761700e-01  -3.3216064e+00
  -6.5741576e+00   2.3428137e+00  -3.9827223e+00
  -7.2415367e+00   4.4408515e-01  -3.6363582e+00
  -6.1973994e+00   2.0252430e+00  -3.3740022e+00
  -6.1795279e+00   1.1944912e+00  -2.8474266e+00
  -6.4965308e+00  -3.8210344e-01  -2.0724216e+00
  -4.0010954e+00   4.3032684e+00  -1.9355183e+00
  -6.0470957e+00   1.0529487e+00  -2.5894904e+00
  -4.3834411e+00   3.8951343e+00  -2.1990381e+00
  -6.2419825e+00   2.5288507e-01  -2.2541359e+00
  -4.3158277e+00   3.9407956e+00  -2.1407589e+00
  -6.5137743e+00   1.6715669e+00  -3.5439629e+00
  -5.9607426e+00   2.9703126e+00  -3.5920877e+00
  -6.8219209e+00   1.9214819e+00  -4.0443612e+00
  -6.9136455e+00   2.2539403e+00  -4.3249672e+00
  -6.2458336e+00   2.3286722e+00  -3.5964085e+00
  -6.1776301e+00   2.4908351e+00  -3.6023137e+00
  -5.4960661e+00   1.8749759e+00  -2.4440689e+00
  -4.8185656e+00   2.5601012e+00  -2.0252753e+00
  -6.0057911e+00   6.1889400e-01  -2.2285656e+00
  -4.6150727e+00   3.0786203e+00  -2.0672228e+00
  -6.1068553e+00   2.0118237e+00  -3.2595893e+00
  -6.0037878e+00   2.1466325e+00  -3.2138553e+00
  -6.2725398e+00   2.3051166e+00  -3.6149139e+00
  -6.8074383e+00   1.4287511e+00  -3.7467004e+00
  -6.0501298e+00   2.3204207e+00  -3.3638562e+00
  -6.2200535e+00   1.8140755e+00  -3.2797474e+00
  -7.1961824e+00  -5.5727273e-01  -2.8369028e+00
  -4.3146034e+00   5.2763811e+00  -2.6806135e+00
  -7.1746815e+00   9.6405918e-01  -3.8959530e+00
  -5.7597083e+00   4.1407055e+00  -3.8751248e+00
  -7.3307201e+00   1.4277529e+00  -4.3556157e+00
  -6.7862957e+00   3.1166685e+00  -4.5920589e+00
  -7.0962293e+00   1.6800030e+00  -4.2276459e+00
  -6.2483597e+00   3.6084762e+00  -4.2040521e+00
  -8.3534420e+00  -1.1382646e-01  -4.5801383e+00
  -5.9688346e+00   4.3000795e+00  -4.1680885e+00
  -8.8546508e+00  -2.5453828e-01  -5.0701143e+00
  -6.6874799e+00   4.0120291e+00  -4.8491222e+00
  -8.6815760e+00   4.3347896e-02  -5.0674512e+00
  -6.2651200e+00   4.4305872e+00  -4.5413103e+00
  -7.9414458e+00   8.8305755e-01  -4.7400470e+00
  -6.7241282e+00   3.2790394e+00  -4.5937375e+00
  -7.7712094e+00   1.1846386e+00  -4.7222133e+00
  -6.6063292e+00   2.9387644e+00  -4.3102485e+00
  -9.5661078e+00  -5.6554101e-01  -5.6795680e+00
  -6.6248637e+00   4.4383866e+00  -4.9358178e+00
