  -8.5878808e+00  -3.3708329e+00  -2.0189581e+00
  -4.2445628e+00   3.8552368e+00  -2.0165820e+00
  -8.4509180e+00  -1.6178919e+00  -3.5475960e+00
  -6.1222016e+00   2.4356896e+00  -3.5092824e+00
  -8.2170505e+00  -1.4352760e+00  -3.4074134e+00
  -5.7790304e+00   2.6341935e+00  -3.2133032e+00
  -8.0237940e+00  -1.7759024e+00  -2.8592016e+00
  -5.4093171e+00   2.8543604e+00  -2.8943143e+00
  -8.0467695e+00  -1.3819863e+00  -3.2364609e+00
  -5.3897404e+00   2.7490536e+00  -2.8162356e+00
  -8.1260838e+00  -7.0972206e-01  -3.8777643e+00
  -6.9244443e+00   1.3626453e+00  -3.8448471e+00
  -8.2028759e+00  -1.1236809e+00  -3.6474826e+00
  -6.3500265e+00   2.1182416e+00  -3.6043694e+00
  -8.1895911e+00   4.9557757e-01  -4.7883794e+00
  -8.2965493e+00   3.5838673e-01  -4.8253595e+00
  -8.1189739e+00  -5.4643154e-01  -3.9920290e+00
  -6.6980415e+00   1.9282982e+00  -3.9048185e+00
  -6.8813308e+00  -7.6987634e-02  -2.8156641e+00
  -6.3039099e+00   7.8360478e-01  -2.7227759e+00
  -6.7593294e+00   6.4752182e-02  -2.7697741e+00
  -6.2619767e+00   5.7035051e-01  -2.5181451e+00
  -7.0576123e+00  -6.2833849e-01  -2.6005056e+00
  -5.7930486e+00   1.4934903e+00  -2.5676527e+00
  -6.5368172e+00   1.3078730e-01  -2.5379186e+00
  -5.6650165e+00   1.0626463e+00  -2.1164624e+00
  -7.0639495e+00   4.8569193e-01  -3.4499993e+00
  -6.9865618e+00   4.2724378e-01  -3.3153889e+00
  -7.1797390e+00  -1.3520314e-01  -3.1458127e+00
  -6.6494168e+00   6.2605447e-01  -3.0403710e+00
  -7.2710552e+00   1.3247263e+00  -4.2270060e+00
  -8.4943838e+00  -9.1184440e-01  -4.1715493e+00
  -6.7041508e+00   8.5830512e-01  -3.2648526e+00
  -7.0905186e+00  -3.1463962e-02  -3.1125250e+00
  -6.4175295e+00   3.2563650e-01  -2.5340123e+00
  -6.1020727e+00   5.7793727e-01  -2.3210343e+00
  -6.5566982e+00  -1.9485004e-01  -2.3065334e+00
  -5.9507787e+00   8.2466257e-01  -2.3089073e+00
  -6.3653799e+00   2.4224372e-01  -2.4044004e+00
  -5.4481270e+00   1.3201664e+00  -2.0216777e+00
  -6.5308636e+00   7.4777674e-01  -2.9786058e+00
  -6.9257562e+00  -4.0531506e-02  -2.8995267e+00
  -6.8510700e+00   4.4324831e-01  -3.1605711e+00
  -7.1136748e+00  -9.6434529e-02  -3.0926476e+00
  -6.7196506e+00   1.8334502e+00  -3.8773540e+00
  -8.3206311e+00  -1.0279977e+00  -3.8694294e+00
  -6.4909196e+00   6.8619498e-01  -2.8866952e+00
  -6.5989503e+00   3.3531463e-01  -2.7700021e+00
  -6.9961931e+00  -8.8407768e-01  -2.3020912e+00
  -5.6551266e+00   1.5232340e+00  -2.4168129e+00
  -6.4300017e+00   5.3777764e-03  -2.3029030e+00
  -5.2781621e+00   1.6260715e+00  -2.0145026e+00
  -6.8154275e+00   2.7081652e-01  -2.9931294e+00
  -6.5650631e+00   7.5693158e-01  -3.0269066e+00
  -6.7851173e+00   1.2368087e-01  -2.8466543e+00
  -6.4135269e+00   8.4010337e-01  -2.8974467e+00
  -7.0320053e+00   1.4643537e+00  -4.0305029e+00
  -8.3451101e+00  -6.6436673e-01  -4.1776851e+00
  -6.6528170e+00   7.4527635e-01  -3.1264556e+00
  -6.8204512e+00   4.5248792e-01  -3.1294194e+00
  -6.1213628e+00   5.4454782e-01  -2.3208422e+00
  -5.7370072e+00   7.0820446e-01  -1.9497896e+00
  -6.4352209e+00   8.3687804e-01  -2.9219538e+00
  -6.9473138e+00  -1.3365579e-01  -2.8554231e+00
  -6.4270167e+00   5.0740605e-01  -2.6799836e+00
  -6.5017611e+00   3.0930670e-01  -2.6284311e+00
  -6.5177219e+00   1.8941888e+00  -3.6760413e+00
  -8.2837210e+00  -1.2101333e+00  -3.6779616e+00
  -6.3384709e+00   8.8387076e-01  -2.8348235e+00
  -6.8229236e+00  -9.0702187e-02  -2.7311080e+00
  -7.5003745e+00  -1.9904977e-01  -3.4948428e+00
  -6.6147802e+00   1.7894658e+00  -3.7303854e+00
  -7.7647277e+00  -7.5829441e-01  -3.3938245e+00
  -6.1752991e+00   2.5730158e+00  -3.6418470e+00
  -7.7641533e+00   6.6716666e-01  -4.4018846e+00
  -7.9311469e+00   1.0077280e+00  -4.8023208e+00
  -7.3065606e+00   2.0042723e-01  -3.5464552e+00
  -6.6681424e+00   1.7093197e+00  -3.7471013e+00
  -8.7315477e+00  -1.6678336e+00  -3.8569632e+00
  -6.2978985e+00   2.6143640e+00  -3.8038215e+00
  -9.1716543e+00  -7.4391047e-01  -5.1001376e+00
  -7.9211575e+00   1.6203479e+00  -5.1342569e+00
  -8.8265681e+00  -1.2105633e+00  -4.3432583e+00
  -6.8006239e+00   2.3137521e+00  -4.2267796e+00
  -7.8511747e+00   5.0434989e-01  -4.4001492e+00
  -7.7319485e+00   7.3732322e-01  -4.4082547e+00
  -7.9066356e+00  -2.5882857e-01  -3.9459388e+00
  -7.1100783e+00   9.8009037e-01  -3.8296054e+00
  -9.8146728e+00  -2.0171744e+00  -4.8910861e+00
  -7.0945098e+00   2.5767875e+00  -4.6885512e+00
