  -8.4875236e+00  -2.9431951e+00  -2.3404282e+00
  -4.9449340e+00   2.8457216e+00  -2.3384800e+00
  -8.6312978e+00  -3.0986072e+00  -2.3759994e+00
  -4.7942624e+00   3.2214279e+00  -2.3561367e+00
  -8.1512964e+00  -2.4656672e+00  -2.3684385e+00
  -5.0366381e+00   2.6635747e+00  -2.3487914e+00
  -8.1244830e+00  -2.4797166e+00  -2.3174379e+00
  -4.9327407e+00   2.8259379e+00  -2.3131067e+00
  -8.1191820e+00  -1.7757410e+00  -2.9839836e+00
  -5.7752905e+00   2.0066986e+00  -2.8617376e+00
  -8.2380195e+00  -1.4820477e+00  -3.3942289e+00
  -6.5263348e+00   1.3462791e+00  -3.3633956e+00
  -8.2306669e+00  -2.3170384e+00  -2.6234856e+00
  -5.3276720e+00   2.5062586e+00  -2.6107601e+00
  -8.3647507e+00  -1.1110021e+00  -3.8579970e+00
  -7.0315312e+00   1.1766119e+00  -3.8585173e+00
  -8.0945113e+00  -1.6598824e+00  -3.0557393e+00
  -5.9046308e+00   2.0486702e+00  -3.0407135e+00
  -6.9506598e+00  -1.5154533e+00  -1.6533926e+00
  -4.9177906e+00   1.7298271e+00  -1.6278390e+00
  -7.0274388e+00  -1.2714415e+00  -1.9937586e+00
  -5.4793704e+00   1.1833466e+00  -1.9657208e+00
  -7.0634105e+00  -1.2490238e+00  -2.0634905e+00
  -5.2969427e+00   1.6382635e+00  -2.0461480e+00
  -6.6974042e+00  -3.2540344e-01  -2.3830554e+00
  -6.0253713e+00   6.3583635e-01  -2.2661058e+00
  -7.2388455e+00  -3.3778951e-01  -3.0648207e+00
  -6.6807383e+00   5.5085112e-01  -3.0264604e+00
  -7.2082422e+00  -1.3898171e+00  -2.1287476e+00
  -5.5154752e+00   1.3218714e+00  -2.1079728e+00
  -7.2044969e+00   3.4554579e-02  -3.3025031e+00
  -7.2875151e+00  -1.2266367e-01  -3.2890561e+00
  -6.9318958e+00  -3.4060209e-01  -2.6732702e+00
  -6.4059727e+00   5.0251514e-01  -2.6500235e+00
  -6.5091666e+00  -7.9875588e-01  -1.7232406e+00
  -5.4159066e+00   9.3875156e-01  -1.7061564e+00
  -6.5868008e+00  -9.4295996e-01  -1.6968739e+00
  -5.2840059e+00   1.1524318e+00  -1.6926320e+00
  -6.2607944e+00   1.1380515e-01  -2.1695025e+00
  -5.9478021e+00   5.0704469e-01  -2.0698498e+00
  -6.5300546e+00   2.6715077e-01  -2.6326890e+00
  -6.7195801e+00  -8.6518680e-02  -2.6027739e+00
  -6.7923985e+00  -7.7309282e-01  -2.1285535e+00
  -5.9788638e+00   5.1919008e-01  -2.1191763e+00
  -6.4893525e+00   8.5365701e-01  -2.9998522e+00
  -7.3265582e+00  -5.6133214e-01  -2.9994498e+00
  -6.5075815e+00  -2.5387628e-01  -2.1941031e+00
  -5.9563061e+00   6.4569579e-01  -2.1851804e+00
  -6.9596848e+00  -1.6616992e+00  -1.5198428e+00
  -4.9581670e+00   1.5109601e+00  -1.5283525e+00
  -6.5496606e+00  -3.6498588e-01  -2.1569897e+00
  -5.7893364e+00   7.7279838e-01  -2.0653605e+00
  -6.6293314e+00  -1.0883769e-01  -2.4694980e+00
  -6.3803352e+00   2.8718667e-01  -2.4577324e+00
  -6.9612849e+00  -1.2625197e+00  -1.9118150e+00
  -5.3568239e+00   1.3349683e+00  -1.9160313e+00
  -7.0704043e+00   1.0453526e-01  -3.1880584e+00
  -7.2178989e+00  -1.2114780e-01  -3.2038580e+00
  -6.7237969e+00  -3.8830548e-01  -2.3657051e+00
  -6.1260901e+00   5.9892836e-01  -2.3670677e+00
  -6.0709091e+00   2.1448412e-01  -2.0019343e+00
  -6.0434043e+00   1.2550231e-01  -1.8943458e+00
  -6.4268926e+00   2.3516681e-01  -2.4775609e+00
  -6.6340673e+00  -1.4682471e-01  -2.4453806e+00
  -6.4786694e+00  -7.0523729e-01  -1.7664467e+00
  -5.4615866e+00   9.2093156e-01  -1.7522337e+00
  -6.4929153e+00   5.8729895e-01  -2.8195814e+00
  -7.0656840e+00  -3.7896661e-01  -2.8135007e+00
  -6.6342399e+00  -3.6044119e-01  -2.2718158e+00
  -6.0984656e+00   4.9588247e-01  -2.2552040e+00
  -7.3226803e+00  -6.9395557e-01  -2.8873215e+00
  -6.3598311e+00   9.5880944e-01  -2.9119137e+00
  -7.6731370e+00  -1.8835188e+00  -2.2905642e+00
  -5.2530500e+00   2.1673775e+00  -2.3248363e+00
  -7.4393160e+00  -2.5296262e-01  -3.3793959e+00
  -7.0524459e+00   4.9249685e-01  -3.4407039e+00
  -7.4205812e+00  -9.7006420e-01  -2.7831747e+00
  -6.0662618e+00   1.3684152e+00  -2.8218625e+00
  -8.5953336e+00  -2.7870764e+00  -2.6491149e+00
  -5.1506184e+00   2.9457921e+00  -2.6366137e+00
  -9.1993753e+00  -2.0786915e+00  -4.0895694e+00
  -6.8066748e+00   2.0314211e+00  -4.0862023e+00
  -8.7563213e+00  -2.2368168e+00  -3.3901118e+00
  -6.0268021e+00   2.3885230e+00  -3.3731490e+00
  -8.2634895e+00  -8.3877008e-01  -3.9467582e+00
  -6.9559221e+00   1.4586067e+00  -3.9384028e+00
  -8.2819752e+00  -1.6796169e+00  -3.2795847e+00
  -6.3144710e+00   1.5894508e+00  -3.2588451e+00
  -9.7992310e+00  -3.1527232e+00  -3.8732428e+00
  -6.1675193e+00   3.0092966e+00  -3.8468034e+00
