  -8.0426937e+00  -1.8443575e+00  -2.8213121e+00
  -3.8617607e+00   6.6965689e+00  -2.6199512e+00
  -8.2483787e+00  -7.6827469e-01  -3.9822866e+00
  -5.7704806e+00   5.3509329e+00  -4.3098050e+00
  -7.7609963e+00   1.2184930e+00  -4.7300347e+00
  -5.3699598e+00   5.9247367e+00  -4.0465874e+00
  -7.5701898e+00   2.0365636e-01  -3.8671770e+00
  -5.0633506e+00   5.8128089e+00  -3.6815909e+00
  -7.6608569e+00   1.8080364e-01  -3.9601358e+00
  -5.0029114e+00   5.6902686e+00  -3.5787401e+00
  -7.8010135e+00   1.0075223e+00  -4.6526870e+00
  -6.5374943e+00   4.0895260e+00  -4.7142131e+00
  -7.7953392e+00   9.5851815e-01  -4.6169277e+00
  -6.0095873e+00   5.1142550e+00  -4.4945310e+00
  -7.8821606e+00   2.6739811e+00  -5.6062652e+00
  -7.9551116e+00   3.3523282e+00  -5.9713326e+00
  -7.7974165e+00   1.3666351e+00  -4.8556712e+00
  -6.3133475e+00   5.1875127e+00  -4.8455371e+00
  -6.7138295e+00   7.4597156e-01  -3.2014017e+00
  -6.0781539e+00   2.1201116e+00  -3.2867469e+00
  -6.2598249e+00   2.8136511e+00  -3.8584973e+00
  -5.9645229e+00   1.9959833e+00  -3.0816603e+00
  -6.6563516e+00   1.3339838e+00  -3.5107988e+00
  -5.5693085e+00   2.9304230e+00  -3.1202110e+00
  -6.1703817e+00   1.7029864e+00  -3.1549588e+00
  -5.4018000e+00   2.4114904e+00  -2.6464902e+00
  -6.7571536e+00   2.2518069e+00  -4.1453559e+00
  -6.7634729e+00   1.8825566e+00  -3.9554403e+00
  -6.7504463e+00   1.9331820e+00  -3.9681721e+00
  -6.4511135e+00   2.0097629e+00  -3.6626411e+00
  -6.9227177e+00   3.4951391e+00  -4.9039466e+00
  -8.2792268e+00   4.9565664e-01  -4.8919308e+00
  -6.3668342e+00   2.7772341e+00  -3.9628445e+00
  -6.8621855e+00   1.3245856e+00  -3.7487647e+00
  -5.9087985e+00   3.0364590e+00  -3.5642949e+00
  -5.8844141e+00   1.3532603e+00  -2.5889894e+00
  -6.1789637e+00   1.7383493e+00  -3.1862822e+00
  -5.7472044e+00   1.5922576e+00  -2.5745767e+00
  -5.9775997e+00   1.7982427e+00  -2.9810585e+00
  -5.2535997e+00   2.0930478e+00  -2.2806683e+00
  -6.1905593e+00   2.4618722e+00  -3.6022551e+00
  -6.7329403e+00   7.2385036e-01  -3.2097267e+00
  -6.4032935e+00   2.7067816e+00  -3.9701076e+00
  -6.9070493e+00   7.3358981e-01  -3.4275294e+00
  -6.4061082e+00   3.9842456e+00  -4.5299206e+00
  -8.1524904e+00  -2.6640827e-01  -4.2357466e+00
  -6.1309526e+00   2.4640058e+00  -3.5342746e+00
  -6.4445666e+00   1.0788814e+00  -3.0949731e+00
  -6.6299894e+00   1.0364715e+00  -3.2918851e+00
  -5.2271112e+00   4.1434229e+00  -3.2785679e+00
  -6.0259330e+00   1.5581991e+00  -2.8928329e+00
  -4.7958868e+00   4.1937465e+00  -2.8089296e+00
  -6.4428096e+00   1.9942531e+00  -3.6443676e+00
  -6.1408964e+00   3.3539956e+00  -3.9740504e+00
  -6.3511021e+00   2.2799886e+00  -3.6927007e+00
  -6.0138163e+00   3.4885971e+00  -3.8900040e+00
  -6.6540008e+00   3.6942503e+00  -4.6887714e+00
  -7.9378851e+00   1.9552208e+00  -5.3264648e+00
  -6.2922303e+00   2.6737812e+00  -3.8269541e+00
  -6.3993337e+00   3.0403915e+00  -4.1238933e+00
  -5.7252827e+00   2.1495088e+00  -2.8846926e+00
  -5.2003075e+00   3.0658959e+00  -2.7568049e+00
  -6.0804972e+00   2.5494405e+00  -3.5201229e+00
  -6.4672545e+00   2.1950901e+00  -3.7820465e+00
  -5.9940103e+00   2.5605555e+00  -3.4255086e+00
  -6.0541432e+00   2.5962462e+00  -3.5136758e+00
  -6.1627030e+00   4.0113263e+00  -4.2718587e+00
  -7.8454752e+00   1.0428471e+00  -4.7246968e+00
  -5.9341157e+00   2.7521825e+00  -3.4539897e+00
  -6.3513717e+00   2.2012082e+00  -3.6509208e+00
  -7.1563839e+00   1.5427661e+00  -4.2198678e+00
  -6.3061967e+00   3.9519602e+00  -4.4072430e+00
  -7.3254941e+00   1.3438853e+00  -4.3012488e+00
  -5.8585703e+00   4.9523806e+00  -4.2776214e+00
  -7.4377346e+00   2.8133776e+00  -5.1796350e+00
  -7.6882554e+00   3.2814810e+00  -5.6538020e+00
  -6.9622883e+00   2.1111051e+00  -4.3066255e+00
  -6.3984009e+00   3.8127314e+00  -4.4541076e+00
  -8.3024308e+00   3.8048793e-01  -4.8462215e+00
  -6.0451092e+00   4.6145072e+00  -4.3659069e+00
  -8.8437668e+00   1.3511931e+00  -6.0202822e+00
  -7.7238974e+00   3.7437351e+00  -5.8726107e+00
  -8.4482402e+00   6.8905200e-01  -5.2038838e+00
  -6.5683439e+00   4.3419250e+00  -4.8403160e+00
  -7.5837756e+00   2.5001549e+00  -5.1977235e+00
  -7.4601774e+00   2.8397249e+00  -5.2161631e+00
  -7.5291021e+00   1.6781179e+00  -4.7220018e+00
  -6.7837378e+00   3.0517382e+00  -4.5603480e+00
  -9.4528011e+00  -1.2474319e-01  -5.8406010e+00
  -6.8796534e+00   4.6309268e+00  -5.2766899e+00
