  -8.6431581e+00  -1.6018004e+00  -3.8022429e+00
  -6.8708379e+00   1.3968204e+00  -3.8022429e+00
  -8.7126397e+00  -1.7224770e+00  -3.7872756e+00
  -6.6965289e+00   1.7215464e+00  -3.7872756e+00
  -8.3553455e+00  -1.4389808e+00  -3.5785982e+00
  -6.6607232e+00   1.4371371e+00  -3.5785982e+00
  -8.3779443e+00  -1.6686094e+00  -3.4115767e+00
  -6.3249771e+00   1.8272407e+00  -3.4115767e+00
  -8.4071639e+00  -8.0100492e-01  -4.1501715e+00
  -7.5265926e+00   7.0940714e-01  -4.1501715e+00
  -8.4633930e+00   2.8996303e-01  -4.9745979e+00
  -8.9875293e+00  -6.1722818e-01  -4.9745979e+00
  -8.3468910e+00  -2.9177021e-01  -4.4491560e+00
  -7.9788108e+00   3.4898469e-01  -4.4491560e+00
  -8.4316461e+00   9.7472013e-01  -5.3525817e+00
  -9.5691267e+00  -1.0380753e+00  -5.3525817e+00
  -8.3125631e+00   6.0636464e-02  -4.6499077e+00
  -8.2508898e+00   1.6947283e-01  -4.6499077e+00
  -7.0926212e+00  -2.0322215e-01  -2.9849801e+00
  -6.7643245e+00   3.4719275e-01  -2.9849801e+00
  -7.1476866e+00  -1.2507307e-01  -3.1134892e+00
  -7.1640021e+00  -1.5200725e-01  -3.1134892e+00
  -7.1053170e+00  -2.5218493e-01  -2.9631705e+00
  -6.6189602e+00   5.6934107e-01  -2.9631705e+00
  -7.0606958e+00   5.9932350e-01  -3.5232031e+00
  -7.7431392e+00  -5.5812520e-01  -3.5232031e+00
  -7.4484501e+00   1.4214902e+00  -4.4875859e+00
  -9.0362346e+00  -1.3499762e+00  -4.4875859e+00
  -7.2961532e+00   6.0311236e-01  -3.8083083e+00
  -8.0945678e+00  -7.5006998e-01  -3.8083083e+00
  -7.1642780e+00   2.2233140e+00  -4.5936142e+00
  -9.8245800e+00  -2.3884071e+00  -4.5936142e+00
  -7.1099786e+00   1.4608447e+00  -4.1191532e+00
  -8.7637957e+00  -1.3972264e+00  -4.1191532e+00
  -6.4844799e+00   4.3980186e-01  -2.7029062e+00
  -7.0222491e+00  -4.4773371e-01  -2.7029062e+00
  -6.7315180e+00  -1.0743282e-02  -2.6768266e+00
  -6.6710477e+00   8.9353083e-02  -2.6768266e+00
  -6.5446070e+00   1.1120638e+00  -3.2376237e+00
  -7.6657313e+00  -7.9845907e-01  -3.2376237e+00
  -6.6875110e+00   1.9081532e+00  -3.8815065e+00
  -8.9385095e+00  -1.9427534e+00  -3.8815065e+00
  -6.7845949e+00   1.4399658e+00  -3.7264897e+00
  -8.7266295e+00  -1.8142634e+00  -3.7264897e+00
  -6.4631795e+00   3.1051915e+00  -4.2253747e+00
  -9.8851430e+00  -2.8907074e+00  -4.2253747e+00
  -6.6793238e+00   1.4449208e+00  -3.6052716e+00
  -8.1924717e+00  -1.1597695e+00  -3.6052716e+00
  -7.0821516e+00  -7.2726836e-01  -2.5495688e+00
  -6.3582702e+00   4.4741320e-01  -2.5495688e+00
  -6.7774680e+00   6.3703874e-01  -3.2049298e+00
  -7.5116176e+00  -5.9644585e-01  -3.2049298e+00
  -6.8333846e+00   1.6741902e+00  -3.9198932e+00
  -8.7932127e+00  -1.6842083e+00  -3.9198932e+00
  -7.1587204e+00   7.2296775e-01  -3.7228260e+00
  -8.0640743e+00  -8.1211284e-01  -3.7228260e+00
  -7.1187803e+00   2.2933488e+00  -4.5774119e+00
  -9.8865445e+00  -2.4954425e+00  -4.5774119e+00
  -6.8759577e+00   1.4107665e+00  -3.8165485e+00
  -8.5152633e+00  -1.3926585e+00  -3.8165485e+00
  -6.3306203e+00   1.2769043e+00  -3.0845491e+00
  -7.8362251e+00  -1.2446584e+00  -3.0845491e+00
  -6.5384822e+00   2.0764399e+00  -3.8007326e+00
  -8.9974111e+00  -2.1207422e+00  -3.8007326e+00
  -6.7735819e+00   1.1794321e+00  -3.5547723e+00
  -8.0832598e+00  -1.0540306e+00  -3.5547723e+00
  -6.7764282e+00   2.4474551e+00  -4.2666456e+00
  -9.4911338e+00  -2.2924944e+00  -4.2666456e+00
  -6.7253034e+00   1.4445930e+00  -3.6593743e+00
  -8.3965009e+00  -1.4039224e+00  -3.6593743e+00
  -7.4480790e+00   1.1706543e+00  -4.3416524e+00
  -8.8404164e+00  -1.2341117e+00  -4.3416524e+00
  -7.7588790e+00   1.8185112e-01  -4.0778953e+00
  -7.9966273e+00  -2.2595707e-01  -4.0778953e+00
  -7.3381845e+00   2.0570336e+00  -4.7054520e+00
  -9.7108126e+00  -2.0910311e+00  -4.7054520e+00
  -7.6748734e+00   7.7864265e-01  -4.3674224e+00
  -8.5373521e+00  -7.2006229e-01  -4.3674224e+00
  -8.9759554e+00  -1.0958023e+00  -4.6109339e+00
  -7.7152716e+00   1.1039325e+00  -4.6109339e+00
  -9.1298491e+00   1.2314638e-01  -5.6315871e+00
  -9.3961567e+00  -3.4698080e-01  -5.6315871e+00
  -9.0409960e+00  -6.1279857e-01  -5.0402206e+00
  -8.3325967e+00   6.3673793e-01  -5.0402206e+00
  -8.6815009e+00   1.0266719e+00  -5.6630245e+00
  -9.5135337e+00  -5.0090966e-01  -5.6630245e+00
  -8.2845792e+00   2.6926465e-01  -4.7542667e+00
  -8.7278256e+00  -4.9754282e-01  -4.7542667e+00
  -9.6920494e+00  -1.1557157e+00  -5.4101565e+00
  -8.5419014e+00   8.5866042e-01  -5.4101565e+00
