  -8.0832932e+00  -5.9811670e-01  -3.9100607e+00
  -5.4383462e+00   4.8313654e+00  -3.7753038e+00
  -8.1903120e+00  -1.0345448e+00  -3.7034500e+00
  -5.2391525e+00   5.0618586e+00  -3.6352419e+00
  -7.6668529e+00   3.7939465e-01  -4.1013603e+00
  -5.2719649e+00   4.9996143e+00  -3.6501402e+00
  -7.9011201e+00  -1.3412031e+00  -3.0851119e+00
  -4.1642839e+00   6.2233904e+00  -2.8184306e+00
  -7.6794152e+00   6.5498082e-01  -4.2950632e+00
  -5.3858358e+00   4.7270602e+00  -3.6801581e+00
  -8.0429132e+00  -7.2648708e-01  -3.7630767e+00
  -5.2201309e+00   5.1214147e+00  -3.6344506e+00
  -7.9656013e+00   1.6053323e+00  -5.1762365e+00
  -7.3254167e+00   3.3069854e+00  -5.2684928e+00
  -7.9780990e+00   1.5467799e+00  -5.1589640e+00
  -7.4184995e+00   3.1601664e+00  -5.3091785e+00
  -7.7967067e+00   2.1941605e+00  -5.2877774e+00
  -7.4907570e+00   3.2057190e+00  -5.4073548e+00
  -6.8122320e+00   2.6336908e-01  -2.9837327e+00
  -5.4648316e+00   2.5084557e+00  -2.7756609e+00
  -6.3937533e+00   1.7163357e+00  -3.4284018e+00
  -5.8583298e+00   1.8280001e+00  -2.8554512e+00
  -6.6395589e+00   6.6731582e-02  -2.6195569e+00
  -4.6442324e+00   3.3400649e+00  -2.2381157e+00
  -6.0298822e+00   2.2879244e+00  -3.3225253e+00
  -5.7452048e+00   1.6793511e+00  -2.6270442e+00
  -6.4847623e+00   1.0170606e+00  -3.1033089e+00
  -5.6941281e+00   2.1521461e+00  -2.8489561e+00
  -6.9434368e+00   2.5260741e+00  -4.4943183e+00
  -7.7208748e+00   6.0806851e-01  -4.3138305e+00
  -6.9760884e+00   2.4760175e+00  -4.5067334e+00
  -7.7745335e+00   5.7348400e-01  -4.3546481e+00
  -6.7422709e+00   3.2854358e+00  -4.6166401e+00
  -7.9555511e+00   3.6924502e-01  -4.4350909e+00
  -5.8504762e+00   2.1864681e+00  -3.0547608e+00
  -5.8495335e+00   1.1126642e+00  -2.3840266e+00
  -6.2198224e+00   4.1549012e-01  -2.3498933e+00
  -4.8431096e+00   2.2054108e+00  -1.8424827e+00
  -5.5729033e+00   2.8221629e+00  -3.0695112e+00
  -5.7980444e+00   1.1080064e+00  -2.3162411e+00
  -6.1323220e+00   9.5576159e-01  -2.6288150e+00
  -5.5309000e+00   1.4496137e+00  -2.2138033e+00
  -6.5097156e+00   3.5192407e+00  -4.4575423e+00
  -8.2959741e+00  -6.3799121e-01  -4.1380280e+00
  -6.5092502e+00   3.1031927e+00  -4.2762298e+00
  -7.8135074e+00  -8.1880753e-02  -3.9602154e+00
  -6.3619411e+00   3.0060102e+00  -4.0657624e+00
  -7.4241337e+00   2.4336047e-01  -3.7188298e+00
  -6.5207069e+00  -1.0741958e-01  -2.3303607e+00
  -4.3619393e+00   4.0617986e+00  -2.2500173e+00
  -6.0221436e+00   1.9759603e+00  -3.1386409e+00
  -5.1313996e+00   3.3436441e+00  -2.8133133e+00
  -6.2968821e+00   7.2684022e-01  -2.6741784e+00
  -5.0301772e+00   3.4622900e+00  -2.7521714e+00
  -6.6478024e+00   2.8497818e+00  -4.3155589e+00
  -7.3306402e+00   2.0246385e+00  -4.6802335e+00
  -6.7598416e+00   2.6700821e+00  -4.3567414e+00
  -7.4864695e+00   1.8015551e+00  -4.7397942e+00
  -6.3621599e+00   3.4010791e+00  -4.2429436e+00
  -7.4617133e+00   1.5577172e+00  -4.5792429e+00
  -5.6319126e+00   2.7623489e+00  -3.1077734e+00
  -5.5960332e+00   2.1462515e+00  -2.7279031e+00
  -6.0751866e+00   1.0554401e+00  -2.6260515e+00
  -5.2872758e+00   2.6646614e+00  -2.6495518e+00
  -6.2868781e+00   3.1532297e+00  -4.0486020e+00
  -7.3737134e+00   1.1910500e+00  -4.2674446e+00
  -6.2150182e+00   2.9993506e+00  -3.8961217e+00
  -7.3195657e+00   1.0364424e+00  -4.1111411e+00
  -6.1124727e+00   3.4413298e+00  -3.9804320e+00
  -7.5138119e+00   7.9606699e-01  -4.1898938e+00
  -7.1719669e+00  -4.4514572e-02  -3.2040185e+00
  -5.0236513e+00   4.6379831e+00  -3.2437199e+00
  -7.2405892e+00   2.1543084e+00  -4.6448873e+00
  -7.1381360e+00   2.9898407e+00  -4.9268076e+00
  -7.2307575e+00   2.1994349e+00  -4.6566427e+00
  -7.3446162e+00   2.6024806e+00  -4.9799725e+00
  -7.1493101e+00   2.8072202e+00  -4.8572119e+00
  -7.5405908e+00   2.4816573e+00  -5.1411105e+00
  -8.5360592e+00   9.8596317e-01  -5.4767385e+00
  -7.3286203e+00   3.3200767e+00  -5.2773983e+00
  -8.8325525e+00   4.0156149e-01  -5.4667439e+00
  -7.2340177e+00   3.6104723e+00  -5.2909648e+00
  -8.6533431e+00   1.2624906e+00  -5.7615453e+00
  -7.5964545e+00   3.2237426e+00  -5.5302159e+00
  -7.8916496e+00   1.6485994e+00  -5.1160904e+00
  -7.3250784e+00   2.7477601e+00  -5.0253207e+00
  -7.8227430e+00   2.3242193e+00  -5.3793430e+00
  -7.8989765e+00   1.9183111e+00  -5.2644065e+00
  -9.5552457e+00   5.7051566e-01  -6.3770184e+00
  -7.8909821e+00   3.3780724e+00  -5.9122412e+00
