  -8.0571782e+00  -9.5845262e-01  -3.5989990e+00
  -5.0819762e+00   5.8412528e+00  -3.7102757e+00
  -8.1748183e+00  -1.7965947e+00  -3.0375365e+00
  -4.4368752e+00   6.4641402e+00  -3.1848403e+00
  -7.3895601e+00   1.6142205e+00  -4.5279924e+00
  -5.2272269e+00   5.7501815e+00  -3.8412792e+00
  -7.5443658e+00  -1.6916860e-01  -3.5708131e+00
  -4.5604776e+00   6.2581253e+00  -3.2623963e+00
  -7.6228816e+00   2.6520503e-01  -3.9723522e+00
  -5.1293739e+00   5.6587970e+00  -3.7072449e+00
  -7.7402395e+00   2.3978739e-01  -4.0950028e+00
  -5.7844097e+00   4.8251724e+00  -4.1536120e+00
  -7.7052036e+00   3.8962818e-01  -4.1535772e+00
  -5.2726076e+00   5.6889534e+00  -3.8723432e+00
  -7.8714475e+00   1.6267106e+00  -5.0816901e+00
  -6.9720128e+00   4.3113102e+00  -5.2671613e+00
  -7.7865469e+00   3.6075346e-01  -4.2306671e+00
  -5.2510689e+00   6.2800624e+00  -4.0161161e+00
  -6.4580164e+00  -1.3392043e-01  -2.2274811e+00
  -4.7556327e+00   3.0468791e+00  -2.2192542e+00
  -6.1903283e+00   2.9412231e+00  -3.8405385e+00
  -5.8311854e+00   2.2299352e+00  -3.0562870e+00
  -6.6328420e+00   8.9301768e-01  -3.2013380e+00
  -5.0533483e+00   3.3932744e+00  -2.7461844e+00
  -6.0673762e+00   1.8418893e+00  -3.1143917e+00
  -5.5223139e+00   2.3095598e+00  -2.7332328e+00
  -6.7213669e+00   1.3756201e+00  -3.6132603e+00
  -6.0549917e+00   2.4390978e+00  -3.4328887e+00
  -6.6707120e+00   1.3625653e+00  -3.5453109e+00
  -5.7499394e+00   2.5899247e+00  -3.1560663e+00
  -6.8982605e+00   2.5291906e+00  -4.4448720e+00
  -7.3310652e+00   1.4621881e+00  -4.3756554e+00
  -6.2983699e+00   1.9007171e+00  -3.4223573e+00
  -5.9018502e+00   2.1408689e+00  -3.0899758e+00
  -5.7924715e+00   3.2293798e+00  -3.5221508e+00
  -5.7911674e+00   1.5154566e+00  -2.5794713e+00
  -6.1057800e+00   1.2926024e+00  -2.8211995e+00
  -5.1527013e+00   2.0895300e+00  -2.1544958e+00
  -5.8261331e+00   2.0497323e+00  -2.9476938e+00
  -5.4510420e+00   1.8133674e+00  -2.3504059e+00
  -6.0838141e+00   1.9277241e+00  -3.1840503e+00
  -6.1936589e+00   1.1009495e+00  -2.8029357e+00
  -6.3955917e+00   2.0096241e+00  -3.5977439e+00
  -6.1370743e+00   1.4235818e+00  -2.9431305e+00
  -6.3611388e+00   3.0873756e+00  -4.1023582e+00
  -7.2682582e+00   5.5741327e-01  -3.7446937e+00
  -5.9909242e+00   1.7218075e+00  -2.9510521e+00
  -5.5327046e+00   1.7414671e+00  -2.4056272e+00
  -6.4475945e+00   5.9737599e-01  -2.7703276e+00
  -4.5443007e+00   4.5687347e+00  -2.6750904e+00
  -6.0452318e+00   1.6470201e+00  -2.9709414e+00
  -4.9904798e+00   4.0768377e+00  -2.9820746e+00
  -6.3111145e+00   1.3405256e+00  -3.1012997e+00
  -5.4718079e+00   3.7432986e+00  -3.3875195e+00
  -6.3328245e+00   1.6135132e+00  -3.2951906e+00
  -5.2650100e+00   4.1726803e+00  -3.3332840e+00
  -6.5268071e+00   2.8528355e+00  -4.1804606e+00
  -7.0172162e+00   2.7816742e+00  -4.6982437e+00
  -6.2196834e+00   1.7509815e+00  -3.2422698e+00
  -5.3902123e+00   3.8588448e+00  -3.3445149e+00
  -5.5829990e+00   2.2601980e+00  -2.7778137e+00
  -5.2360568e+00   3.0220401e+00  -2.7765893e+00
  -6.0317607e+00   1.8047237e+00  -3.0498436e+00
  -5.7633181e+00   2.8446127e+00  -3.3026189e+00
  -5.8091077e+00   2.0508332e+00  -2.9279814e+00
  -5.2834033e+00   3.1873948e+00  -2.9145499e+00
  -5.9700893e+00   3.2100298e+00  -3.7157231e+00
  -6.8742112e+00   1.8630160e+00  -4.0727354e+00
  -6.0882669e+00   1.7319652e+00  -3.0740675e+00
  -5.3827435e+00   3.3088696e+00  -3.0884637e+00
  -6.9868599e+00   8.1908918e-01  -3.5798812e+00
  -5.5349348e+00   4.2696482e+00  -3.6747814e+00
  -7.3051979e+00   7.2172687e-01  -3.8964349e+00
  -5.1705792e+00   5.2258920e+00  -3.6148010e+00
  -7.3673913e+00   1.9485862e+00  -4.6823231e+00
  -6.8188577e+00   3.8024891e+00  -4.9125723e+00
  -6.8503177e+00   1.1892829e+00  -3.6520907e+00
  -5.3670068e+00   4.3965987e+00  -3.5362400e+00
  -7.9673517e+00  -1.3210651e-02  -4.1923462e+00
  -5.2481831e+00   5.0180902e+00  -3.6302399e+00
  -8.8329613e+00   3.7499261e-01  -5.4509064e+00
  -6.7893780e+00   4.6715052e+00  -5.1929710e+00
  -8.2026412e+00  -5.3736393e-02  -4.4434684e+00
  -5.5569316e+00   4.9929578e+00  -3.9613664e+00
  -7.4566558e+00   1.7734295e+00  -4.6909750e+00
  -6.6427113e+00   3.5975668e+00  -4.6371879e+00
  -7.6320146e+00   6.2665654e-01  -4.2213860e+00
  -5.7328398e+00   4.2624562e+00  -3.8924699e+00
  -9.4687557e+00  -1.1586217e+00  -5.1472286e+00
  -5.7556284e+00   5.8018227e+00  -4.4273458e+00
