  -8.4862360e+00  -7.9760588e-01  -4.2482185e+00
  -7.0395571e+00   2.1910673e+00  -4.4359317e+00
  -8.3931381e+00  -8.4532484e-01  -4.0995409e+00
  -6.6340839e+00   2.4854665e+00  -4.1236864e+00
  -7.5379658e+00   1.0186212e+00  -4.3550666e+00
  -7.3935263e+00   1.1917205e+00  -4.2908494e+00
  -7.9428199e+00  -5.6501990e-01  -3.7635658e+00
  -6.3308858e+00   2.5759687e+00  -3.8223845e+00
  -7.7765215e+00   1.5736559e+00  -4.9459940e+00
  -7.5742284e+00   1.2794969e+00  -4.5508958e+00
  -8.3335548e+00  -7.1159945e-01  -4.1284572e+00
  -6.7007585e+00   2.3660025e+00  -4.1394707e+00
  -7.9657612e+00   1.6544936e+00  -5.2024988e+00
  -8.6738607e+00   4.1534391e-01  -5.2946156e+00
  -8.2225985e+00   1.1477908e+00  -5.2148685e+00
  -8.6431113e+00   6.3507517e-01  -5.3930359e+00
  -8.2385241e+00   2.1318060e+00  -5.7463050e+00
  -9.1484777e+00   5.0700131e-01  -5.8866859e+00
  -7.3374833e+00   1.8313411e-01  -3.5718588e+00
  -6.7405939e+00   1.1087689e+00  -3.4710214e+00
  -6.7350307e+00   1.8895107e+00  -3.9263228e+00
  -7.8566149e+00  -4.9677488e-01  -3.7095359e+00
  -6.7497043e+00   8.4406849e-01  -3.3106105e+00
  -6.7790371e+00   6.7009405e-01  -3.2294189e+00
  -6.2044359e+00   3.0893281e+00  -3.9260733e+00
  -7.7611882e+00  -6.6018296e-01  -3.4665504e+00
  -6.9249823e+00   8.5033752e-01  -3.5260205e+00
  -6.9411384e+00   6.2101458e-01  -3.3932090e+00
  -6.9481122e+00   2.5927191e+00  -4.5317739e+00
  -8.9965307e+00  -1.3137025e+00  -4.4680735e+00
  -7.0363356e+00   2.2378866e+00  -4.4561544e+00
  -8.9320493e+00  -1.2274497e+00  -4.4574438e+00
  -6.8226316e+00   3.7245385e+00  -4.8861702e+00
  -9.7823301e+00  -2.0705569e+00  -4.8086115e+00
  -6.2024774e+00   2.3456516e+00  -3.5550432e+00
  -7.7128484e+00  -7.0589064e-01  -3.3704808e+00
  -6.4405894e+00   1.0090883e+00  -3.0442572e+00
  -6.8239036e+00   2.2096850e-01  -2.9672667e+00
  -6.2601524e+00   3.1373345e+00  -4.0111857e+00
  -7.6681682e+00  -3.8639613e-01  -3.5613230e+00
  -6.5285955e+00   8.4953672e-01  -3.0451367e+00
  -6.7134396e+00   3.4320566e-01  -2.9188293e+00
  -6.4053068e+00   3.5622004e+00  -4.3594813e+00
  -9.6245318e+00  -2.4238809e+00  -4.3174144e+00
  -6.4870710e+00   2.8441151e+00  -4.1313865e+00
  -8.8348047e+00  -1.4556297e+00  -4.1590334e+00
  -6.5096416e+00   3.4414336e+00  -4.4246933e+00
  -9.1725827e+00  -1.7085493e+00  -4.3663333e+00
  -6.8478062e+00   3.1136259e-01  -3.0626514e+00
  -6.5000683e+00   1.1898968e+00  -3.2337362e+00
  -6.2946433e+00   2.6374811e+00  -3.8116531e+00
  -7.2478253e+00   4.5835846e-01  -3.6536241e+00
  -6.7880886e+00   4.7025853e-01  -3.1020990e+00
  -6.3412696e+00   1.4796399e+00  -3.2241022e+00
  -6.7143183e+00   2.8090325e+00  -4.3713595e+00
  -8.7528502e+00  -6.6559126e-01  -4.6638524e+00
  -6.7153579e+00   2.4962835e+00  -4.2215581e+00
  -8.7481289e+00  -7.7531211e-01  -4.5783521e+00
  -6.6143033e+00   3.4935277e+00  -4.5628110e+00
  -9.1992350e+00  -1.1029668e+00  -4.8710216e+00
  -5.8956719e+00   3.5924535e+00  -3.8019125e+00
  -7.8998753e+00  -8.3554518e-01  -3.5010985e+00
  -6.3564239e+00   1.0136071e+00  -2.9444204e+00
  -6.6698822e+00   4.3493353e-01  -2.9308148e+00
  -6.4333772e+00   3.0393802e+00  -4.1618237e+00
  -8.7866136e+00  -1.2657910e+00  -4.2515824e+00
  -6.4647602e+00   2.5873485e+00  -3.9813408e+00
  -8.5719748e+00  -1.0999888e+00  -4.1204913e+00
  -6.4682745e+00   3.5890376e+00  -4.4405829e+00
  -9.3387739e+00  -1.7524830e+00  -4.5324973e+00
  -7.2037103e+00   2.8733916e-01  -3.4823928e+00
  -6.5301239e+00   1.9813610e+00  -3.7390124e+00
  -7.1580199e+00   2.4325532e+00  -4.6903193e+00
  -8.6016225e+00   3.2420250e-01  -5.1552594e+00
  -7.3502648e+00   1.7734174e+00  -4.5699497e+00
  -8.3966300e+00   6.3023846e-01  -5.1095312e+00
  -7.2317991e+00   3.1412372e+00  -5.0960579e+00
  -9.2639971e+00  -1.5120968e-01  -5.6090880e+00
  -8.6407541e+00   7.6408687e-01  -5.4666814e+00
  -8.4204029e+00   1.3217615e+00  -5.5337008e+00
  -8.9048762e+00   2.1670971e-01  -5.4344620e+00
  -8.3983066e+00   1.4787121e+00  -5.5932723e+00
  -8.6228139e+00   1.8710373e+00  -6.0420270e+00
  -9.4260651e+00   3.8243111e-01  -6.1233887e+00
  -7.7156344e+00   1.5531788e+00  -4.8658860e+00
  -8.3427324e+00   5.1262241e-01  -4.9755978e+00
  -8.1578735e+00   2.3594462e+00  -5.7652768e+00
  -9.6967814e+00  -5.6411192e-01  -5.8296990e+00
  -9.7971846e+00   5.9681338e-01  -6.6591228e+00
  -9.4844344e+00   9.2747173e-01  -6.4990296e+00
