  -8.0827660e+00   8.9418615e-02  -4.3992204e+00
  -6.2284070e+00   4.2935246e+00  -4.4513096e+00
  -8.2627321e+00  -4.9945707e-01  -4.2000584e+00
  -6.1027750e+00   4.5267910e+00  -4.3980403e+00
  -7.7550824e+00   1.1002869e+00  -4.6545894e+00
  -5.8804696e+00   4.6872979e+00  -4.2111128e+00
  -7.9457500e+00  -1.0458040e+00  -3.3893129e+00
  -4.6247391e+00   6.0467373e+00  -3.2718615e+00
  -7.6581277e+00   1.8286560e+00  -4.9480801e+00
  -6.2659250e+00   4.1112969e+00  -4.4243080e+00
  -8.1650174e+00   5.9093467e-01  -4.8194834e+00
  -6.5345647e+00   4.3321701e+00  -4.8000480e+00
  -7.9749820e+00   2.5423103e+00  -5.6486800e+00
  -8.2929395e+00   2.5265824e+00  -5.9893542e+00
  -8.0452582e+00   2.1525961e+00  -5.5430945e+00
  -8.0127045e+00   2.8332271e+00  -5.8189628e+00
  -7.9297558e+00   3.1040767e+00  -5.8433396e+00
  -8.5205112e+00   2.5287278e+00  -6.2378478e+00
  -7.0111353e+00   6.3095010e-01  -3.4846191e+00
  -6.2487895e+00   2.1118077e+00  -3.4825607e+00
  -6.4668585e+00   2.5234177e+00  -3.9517596e+00
  -6.4998702e+00   1.4236378e+00  -3.3793520e+00
  -6.5857212e+00   4.6622425e-01  -2.8486030e+00
  -5.1097428e+00   2.9645061e+00  -2.5979512e+00
  -6.0518106e+00   3.3925461e+00  -3.8906716e+00
  -6.5583307e+00   1.1240803e+00  -3.2618968e+00
  -6.6360405e+00   2.2544369e+00  -4.0079311e+00
  -6.9642463e+00   1.1792674e+00  -3.7807785e+00
  -6.8904835e+00   3.5152829e+00  -4.8767172e+00
  -8.7027484e+00  -2.6132237e-01  -4.8887597e+00
  -6.9686072e+00   3.1248146e+00  -4.7982140e+00
  -8.3344780e+00   1.4962217e-01  -4.7343724e+00
  -6.8055958e+00   4.2729329e+00  -5.0734420e+00
  -9.0234322e+00  -5.0947947e-01  -5.0918651e+00
  -5.8779840e+00   2.9862939e+00  -3.5048014e+00
  -6.4425605e+00   6.7808835e-01  -2.8211132e+00
  -6.2953832e+00   6.9041703e-01  -2.6465107e+00
  -5.2884955e+00   1.9278757e+00  -2.2217912e+00
  -5.6758230e+00   3.9129155e+00  -3.6896724e+00
  -6.6480730e+00   5.3911169e-01  -2.9778680e+00
  -6.2510589e+00   2.2360494e+00  -3.5529608e+00
  -6.7535307e+00   5.7961579e-01  -3.1360556e+00
  -6.4095376e+00   4.6397673e+00  -4.7716971e+00
  -9.3287594e+00  -1.6519440e+00  -4.6013536e+00
  -6.4912680e+00   3.8037363e+00  -4.5530686e+00
  -8.4117630e+00  -6.0530024e-01  -4.3014364e+00
  -6.4635402e+00   3.9419438e+00  -4.5767530e+00
  -8.5019437e+00  -6.4842424e-01  -4.3777879e+00
  -6.5388167e+00   2.3131957e-01  -2.6168662e+00
  -4.8638506e+00   3.7135646e+00  -2.6761937e+00
  -6.0389502e+00   3.0383002e+00  -3.7140128e+00
  -5.9596445e+00   2.7915462e+00  -3.5031928e+00
  -6.3875294e+00   2.0191640e+00  -3.5936141e+00
  -6.2974534e+00   2.5752594e+00  -3.7836373e+00
  -6.6950577e+00   3.7839333e+00  -4.7695525e+00
  -8.3103342e+00   1.2798120e+00  -5.3873699e+00
  -6.7007465e+00   3.4215281e+00  -4.6284311e+00
  -8.1124467e+00   1.2602101e+00  -5.1534806e+00
  -6.4493943e+00   4.3588785e+00  -4.7168033e+00
  -8.5041386e+00   8.1817159e-01  -5.3438449e+00
  -5.7115582e+00   3.8697397e+00  -3.7119722e+00
  -6.4427541e+00   1.6625515e+00  -3.4548013e+00
  -6.1968644e+00   2.3097765e+00  -3.5294134e+00
  -6.5230202e+00   1.8235541e+00  -3.6423654e+00
  -6.3498760e+00   4.0663519e+00  -4.4995650e+00
  -8.3595170e+00   4.3580528e-01  -4.9470141e+00
  -6.2231098e+00   3.6427068e+00  -4.1901953e+00
  -7.8889938e+00   6.2396960e-01  -4.5202594e+00
  -6.2156000e+00   4.4053689e+00  -4.4780669e+00
  -8.5944869e+00   8.3999319e-04  -4.9387371e+00
  -7.1337900e+00   1.3590222e+00  -4.0875224e+00
  -6.3001316e+00   3.5164680e+00  -4.2230350e+00
  -7.1381280e+00   3.2302104e+00  -5.0307765e+00
  -8.1625025e+00   1.9409688e+00  -5.5689154e+00
  -7.1958958e+00   2.8962335e+00  -4.9491693e+00
  -7.9400214e+00   2.0911439e+00  -5.3965032e+00
  -7.1648196e+00   3.8516962e+00  -5.3086446e+00
  -8.6241421e+00   1.5351559e+00  -5.8737084e+00
  -8.5940896e+00   1.8121034e+00  -5.9813051e+00
  -8.2304431e+00   2.6189992e+00  -5.9624570e+00
  -8.8336713e+00   1.0438334e+00  -5.8426011e+00
  -7.8299795e+00   3.1430525e+00  -5.7510884e+00
  -8.5755589e+00   2.4120167e+00  -6.2454069e+00
  -8.7138722e+00   2.1644031e+00  -6.2822017e+00
  -7.7983721e+00   2.4430513e+00  -5.4084688e+00
  -7.9471541e+00   2.1193471e+00  -5.4182626e+00
  -7.9416332e+00   3.2585610e+00  -5.9193117e+00
  -8.9773729e+00   1.1235029e+00  -6.0460848e+00
  -9.5645497e+00   1.5126428e+00  -6.8921966e+00
  -8.9024388e+00   2.5444568e+00  -6.6576735e+00
