  -8.4636566e+00  -2.6137806e+00  -2.6449078e+00
  -4.9164290e+00   3.5570464e+00  -2.6644974e+00
  -8.4535262e+00  -1.8872662e+00  -3.3161328e+00
  -5.7082565e+00   3.0196497e+00  -3.3254753e+00
  -7.7744229e+00  -1.0393221e+00  -3.1782930e+00
  -5.5373328e+00   2.6980461e+00  -2.9633560e+00
  -7.8117054e+00  -1.5573633e+00  -2.7790988e+00
  -5.0943271e+00   3.2214694e+00  -2.7102563e+00
  -7.9592477e+00  -6.2554706e-01  -3.7377261e+00
  -5.8647790e+00   2.5771625e+00  -3.2836594e+00
  -8.2653136e+00  -1.7717222e+00  -3.1769071e+00
  -5.5395297e+00   2.9057009e+00  -3.0730431e+00
  -8.1462810e+00  -1.7018882e-01  -4.2961318e+00
  -7.1479439e+00   1.6483799e+00  -4.2696038e+00
  -8.2447974e+00   4.3760081e-01  -4.8157191e+00
  -8.0134652e+00   9.4002889e-01  -4.8567046e+00
  -8.1152708e+00   1.0079985e+00  -5.0129081e+00
  -8.1102712e+00   1.0086797e+00  -5.0076073e+00
  -7.1960243e+00  -6.1266098e-01  -2.7916837e+00
  -5.9177336e+00   1.4946064e+00  -2.7211884e+00
  -6.7107384e+00   2.9783160e-02  -2.6816100e+00
  -5.9376569e+00   9.5222136e-01  -2.3830038e+00
  -6.8919349e+00  -3.7166568e-01  -2.5969894e+00
  -5.5887515e+00   1.6841712e+00  -2.4383154e+00
  -6.3646816e+00   9.4496590e-01  -2.9085486e+00
  -6.1178812e+00   7.2184449e-01  -2.4461062e+00
  -7.0708460e+00  -3.8510995e-01  -2.8151881e+00
  -5.7409740e+00   1.6747087e+00  -2.6189720e+00
  -7.1819927e+00   7.4008403e-01  -3.7617516e+00
  -7.4416318e+00   1.0463878e-01  -3.6429066e+00
  -7.0917766e+00   1.4991124e+00  -4.1200860e+00
  -8.2848379e+00  -7.4217236e-01  -4.0464176e+00
  -6.7545858e+00   2.4173802e+00  -4.2267714e+00
  -8.5577986e+00  -1.1327727e+00  -4.0775231e+00
  -6.3322115e+00   3.6059895e-01  -2.4518637e+00
  -5.8281464e+00   8.7808812e-01  -2.1917811e+00
  -6.4348438e+00  -4.9894214e-02  -2.2650976e+00
  -5.6619460e+00   1.0955669e+00  -2.1358344e+00
  -6.3971245e+00   8.7030261e-01  -2.8978544e+00
  -5.8877621e+00   1.1416645e+00  -2.4516621e+00
  -6.6142972e+00  -2.9134302e-01  -2.3027770e+00
  -5.5602181e+00   1.2684691e+00  -2.1277016e+00
  -6.6865345e+00   1.5447714e+00  -3.6731101e+00
  -7.9928635e+00  -8.7223233e-01  -3.5876118e+00
  -6.5487896e+00   2.0053858e+00  -3.7739417e+00
  -8.1050518e+00  -8.5148192e-01  -3.7426127e+00
  -6.5175267e+00   2.1194289e+00  -3.7996829e+00
  -7.9621236e+00  -7.0798542e-01  -3.6779879e+00
  -6.8249068e+00  -6.6653662e-01  -2.2641456e+00
  -5.3807010e+00   1.8544328e+00  -2.2895310e+00
  -6.3888578e+00   6.1485673e-01  -2.7095106e+00
  -5.6270723e+00   1.5911576e+00  -2.4260862e+00
  -6.8920871e+00  -7.3996658e-01  -2.2896455e+00
  -5.1663665e+00   2.2459660e+00  -2.2658813e+00
  -6.7488033e+00   1.0569101e+00  -3.4478975e+00
  -7.1986440e+00   4.0804869e-01  -3.5599408e+00
  -6.8485575e+00   1.5731711e+00  -3.8796343e+00
  -8.0074349e+00  -2.5843419e-01  -4.0676517e+00
  -6.7387028e+00   2.1434894e+00  -4.0676414e+00
  -8.1312993e+00  -3.2105220e-01  -4.1714189e+00
  -6.0528633e+00   1.3499217e+00  -2.7935954e+00
  -6.2201661e+00   4.9024161e-01  -2.4062504e+00
  -6.4210510e+00  -1.3228754e-01  -2.1805465e+00
  -5.5474664e+00   1.1957056e+00  -2.0610156e+00
  -6.4800540e+00   1.3489311e+00  -3.3096762e+00
  -7.2747962e+00  -1.1430909e-01  -3.2795331e+00
  -6.4819833e+00   1.8986772e+00  -3.6367791e+00
  -7.9962273e+00  -7.9005955e-01  -3.6563285e+00
  -6.4287261e+00   2.3011261e+00  -3.7936500e+00
  -8.1817023e+00  -9.6766547e-01  -3.7458932e+00
  -7.4562521e+00  -1.0683214e+00  -2.7454863e+00
  -5.3352034e+00   2.9808847e+00  -2.8721006e+00
  -7.5821221e+00   3.1857164e-01  -3.9598238e+00
  -6.9748832e+00   2.0223322e+00  -4.2743301e+00
  -7.5434409e+00   8.3562530e-01  -4.2493165e+00
  -7.6582927e+00   1.2994531e+00  -4.6588270e+00
  -7.3367055e+00   1.7277153e+00  -4.5297568e+00
  -8.0881670e+00   8.0804892e-01  -4.8636198e+00
  -8.7428389e+00  -8.4618318e-01  -4.5197254e+00
  -7.0442862e+00   2.3117541e+00  -4.5024311e+00
  -8.9499421e+00  -4.8959479e-01  -5.0200404e+00
  -7.7535098e+00   1.8396908e+00  -5.0611425e+00
  -8.7143499e+00   4.6000608e-01  -5.3681581e+00
  -8.2346270e+00   1.3014146e+00  -5.3141438e+00
  -7.8299746e+00   5.9976771e-01  -4.4361954e+00
  -7.5603845e+00   1.1288522e+00  -4.4469369e+00
  -8.0150983e+00   1.1875401e+00  -5.0021734e+00
  -8.5288548e+00   9.7218047e-02  -4.9259318e+00
  -9.8141970e+00  -5.5254097e-01  -5.9709123e+00
  -8.4725072e+00   1.6076631e+00  -5.7433118e+00
