  -8.3892236e+00  -1.9235028e+00  -3.2009355e+00
  -4.9140615e+00   4.6623316e+00  -3.1298990e+00
  -8.3303097e+00  -9.7784192e-01  -3.9206731e+00
  -5.9274051e+00   3.8767044e+00  -3.9566384e+00
  -7.6543700e+00  -9.3258277e-01  -3.1140516e+00
  -4.2606786e+00   5.0064662e+00  -2.5217254e+00
  -7.7960997e+00  -1.3950185e+00  -2.9028934e+00
  -4.3837248e+00   4.9124016e+00  -2.6258883e+00
  -7.8345369e+00  -1.0654635e+00  -3.2328591e+00
  -4.5784652e+00   4.6295069e+00  -2.7380130e+00
  -8.1099474e+00  -4.9046021e-01  -4.0225417e+00
  -5.8645731e+00   3.7431410e+00  -3.8310358e+00
  -8.0602749e+00  -8.1881265e-01  -3.7129242e+00
  -5.4270490e+00   4.1986372e+00  -3.5260578e+00
  -7.9710967e+00   3.8819842e-01  -4.4656212e+00
  -6.8920388e+00   2.7854451e+00  -4.5599392e+00
  -7.9419542e+00   8.0186595e-02  -4.2263162e+00
  -6.1672256e+00   3.6444740e+00  -4.1285776e+00
  -6.7229077e+00   6.0325905e-01  -3.1148669e+00
  -6.2138320e+00   1.3685203e+00  -3.0013445e+00
  -6.4513939e+00   3.4506224e-01  -2.5914137e+00
  -4.8341252e+00   2.3238896e+00  -1.9041308e+00
  -6.9664983e+00  -4.5905558e-01  -2.6220854e+00
  -4.7973751e+00   2.9939435e+00  -2.2411496e+00
  -6.0701803e+00   6.7875125e-01  -2.3545721e+00
  -4.9791718e+00   1.8773404e+00  -1.8038363e+00
  -6.6376281e+00   9.3537851e-01  -3.2351410e+00
  -6.0040770e+00   1.5620285e+00  -2.8687334e+00
  -7.0144151e+00   1.4458978e-01  -3.1480229e+00
  -5.8165152e+00   1.9000365e+00  -2.8482216e+00
  -7.0315516e+00   1.3179102e+00  -3.9437850e+00
  -7.2899405e+00   6.4645819e-01  -3.8293651e+00
  -6.6451477e+00   1.4414587e+00  -3.5627619e+00
  -6.6813954e+00   9.4712471e-01  -3.2958213e+00
  -5.9549357e+00   7.8614836e-01  -2.2864025e+00
  -4.8504831e+00   1.7822833e+00  -1.5774181e+00
  -6.2411312e+00   1.9146480e-01  -2.2052030e+00
  -4.9809116e+00   1.8151873e+00  -1.7651730e+00
  -5.7841465e+00   9.3518210e-01  -2.1769066e+00
  -4.8847846e+00   1.7244184e+00  -1.5819912e+00
  -6.1772895e+00   1.2446214e+00  -2.8774168e+00
  -6.0771262e+00   8.4086142e-01  -2.4797234e+00
  -6.7340632e+00   7.3551484e-01  -3.2189875e+00
  -6.2223663e+00   1.0962492e+00  -2.8350716e+00
  -6.6331099e+00   1.7754800e+00  -3.7438702e+00
  -7.2117100e+00   3.7704246e-01  -3.5544280e+00
  -6.2629404e+00   1.2243866e+00  -2.9687089e+00
  -6.0924913e+00   1.0305423e+00  -2.6305699e+00
  -6.6341984e+00  -5.4398197e-01  -2.1169683e+00
  -4.3822765e+00   3.4678563e+00  -1.9903732e+00
  -6.2705168e+00   2.8241730e-01  -2.3136127e+00
  -4.4083720e+00   3.4747316e+00  -2.0250424e+00
  -6.4624484e+00   7.6945923e-01  -2.9092577e+00
  -5.5235192e+00   2.5867886e+00  -2.8878605e+00
  -6.5390653e+00   5.3412839e-01  -2.8391481e+00
  -5.4416445e+00   2.7043268e+00  -2.8538750e+00
  -6.7939990e+00   1.4388285e+00  -3.7368815e+00
  -6.9634989e+00   1.6056656e+00  -4.0321656e+00
  -6.4349286e+00   1.3670145e+00  -3.2668324e+00
  -6.1628388e+00   2.0408403e+00  -3.3420776e+00
  -5.6108202e+00   1.1028976e+00  -2.0761266e+00
  -4.8219997e+00   2.0618423e+00  -1.7254210e+00
  -6.1938529e+00   1.1938487e+00  -2.8645344e+00
  -5.8369332e+00   1.7143340e+00  -2.7603909e+00
  -6.0969964e+00   9.0136143e-01  -2.5470964e+00
  -5.4739403e+00   1.9659769e+00  -2.4728421e+00
  -6.3493077e+00   1.7840708e+00  -3.4153334e+00
  -6.8909885e+00   9.2665191e-01  -3.5347236e+00
  -6.2845999e+00   1.3288124e+00  -3.0618534e+00
  -6.1776325e+00   1.4808242e+00  -3.0280854e+00
  -7.4457756e+00  -1.7821455e-02  -3.5604416e+00
  -5.5356358e+00   3.9658843e+00  -3.5538239e+00
  -7.1584984e+00  -5.1397684e-02  -3.1821843e+00
  -5.2901886e+00   3.8274368e+00  -3.2172746e+00
  -7.4175094e+00   8.4287454e-01  -4.1061673e+00
  -6.8044593e+00   2.6913404e+00  -4.4172144e+00
  -7.3431186e+00   6.5767334e-01  -3.8999633e+00
  -6.2056099e+00   3.2498696e+00  -4.0005777e+00
  -8.3545386e+00  -1.2543180e+00  -3.7300486e+00
  -5.3098896e+00   4.3627025e+00  -3.4591909e+00
  -8.8668401e+00  -7.1695264e-01  -4.7615420e+00
  -6.6812600e+00   3.6213037e+00  -4.6893965e+00
  -8.8601716e+00  -8.9515896e-01  -4.6232446e+00
  -6.1758564e+00   4.2074450e+00  -4.3615178e+00
  -7.8904657e+00   4.1275637e-01  -4.3870516e+00
  -6.6787704e+00   2.8565544e+00  -4.3535886e+00
  -7.9749560e+00   1.7875055e-01  -4.3320580e+00
  -6.5646933e+00   2.6188238e+00  -4.1107811e+00
  -9.8085309e+00  -1.6123750e+00  -5.2042112e+00
  -6.5281387e+00   4.1922780e+00  -4.7421886e+00
