  -8.5050909e+00  -6.1801745e-01  -4.4037935e+00
  -6.3973067e+00   3.9329062e+00  -4.5003038e+00
  -8.4046940e+00   2.1396350e-01  -4.8579178e+00
  -7.2528838e+00   3.2279401e+00  -5.1560195e+00
  -7.9405991e+00   5.7435422e-01  -4.5490916e+00
  -5.6838034e+00   4.4953781e+00  -3.9256831e+00
  -7.8266784e+00   5.3732192e-01  -4.3925993e+00
  -6.2601135e+00   3.7563165e+00  -4.2781640e+00
  -7.9792626e+00  -2.8895114e-01  -4.0117996e+00
  -5.4803424e+00   4.4154212e+00  -3.6699248e+00
  -8.3602683e+00   6.5972700e-01  -5.0858371e+00
  -7.5083106e+00   2.9561582e+00  -5.3203708e+00
  -8.1695486e+00   9.1572166e-02  -4.5028592e+00
  -6.2286141e+00   4.1045141e+00  -4.3806243e+00
  -8.1882123e+00   1.1906845e+00  -5.2001701e+00
  -7.8217357e+00   2.4972505e+00  -5.4594505e+00
  -8.1802714e+00   9.8538179e-01  -5.0737693e+00
  -6.9818424e+00   3.6907688e+00  -5.0472341e+00
  -6.8009534e+00   1.7713325e+00  -3.9370552e+00
  -7.5175726e+00   4.4976056e-01  -3.9707496e+00
  -6.6338986e+00   2.0160686e+00  -3.8785097e+00
  -6.3176332e+00   1.3684481e+00  -3.1267266e+00
  -7.1897130e+00   1.2744874e+00  -4.1028034e+00
  -6.6440690e+00   1.7736438e+00  -3.7556322e+00
  -6.2063006e+00   1.4686141e+00  -3.0550731e+00
  -5.8764043e+00   1.3758430e+00  -2.5938984e+00
  -6.9226670e+00   1.8588615e+00  -4.1263521e+00
  -7.5384827e+00   5.2498357e-01  -4.0451931e+00
  -7.0715052e+00   1.1027569e+00  -3.8603243e+00
  -6.6562771e+00   1.4272936e+00  -3.5674091e+00
  -7.2012659e+00   2.1629584e+00  -4.6048360e+00
  -8.2380142e+00   4.4450880e-02  -4.5516822e+00
  -6.6958134e+00   2.5547698e+00  -4.2282643e+00
  -7.5615763e+00   4.1095738e-01  -3.9972998e+00
  -6.1168637e+00   2.4294577e+00  -3.4998025e+00
  -6.2991413e+00   7.4101210e-01  -2.6869843e+00
  -6.3754677e+00   2.0005004e+00  -3.5691384e+00
  -6.8097753e+00   4.8061155e-01  -3.1360639e+00
  -6.0416119e+00   1.5819344e+00  -2.9265386e+00
  -5.7321184e+00   1.3028499e+00  -2.3667134e+00
  -6.4099749e+00   2.5575542e+00  -3.9037954e+00
  -7.7715361e+00  -3.4709655e-01  -3.7173310e+00
  -6.8213371e+00   1.6629084e+00  -3.8994338e+00
  -7.0289642e+00   6.1510042e-01  -3.4955020e+00
  -6.8014685e+00   2.5985438e+00  -4.3692620e+00
  -8.1217016e+00  -2.5569087e-01  -4.2065664e+00
  -6.2663960e+00   2.2699987e+00  -3.5890472e+00
  -6.9327117e+00   4.1935493e-01  -3.2439864e+00
  -6.6397942e+00   1.2827187e+00  -3.4595138e+00
  -6.1880325e+00   2.3281021e+00  -3.5289114e+00
  -6.5111154e+00   9.8433120e-01  -3.1137947e+00
  -5.2907129e+00   3.3188773e+00  -2.9866558e+00
  -6.7470204e+00   1.8405824e+00  -3.9131161e+00
  -7.1270750e+00   1.7697780e+00  -4.3127202e+00
  -6.5508061e+00   1.5700610e+00  -3.5279574e+00
  -6.3044063e+00   2.3076842e+00  -3.6532531e+00
  -6.8302005e+00   2.4278549e+00  -4.3179182e+00
  -7.9282045e+00   1.0155874e+00  -4.8035717e+00
  -6.6050321e+00   2.3492324e+00  -4.0214229e+00
  -7.0234882e+00   1.8060851e+00  -4.2135557e+00
  -5.8087142e+00   1.8302798e+00  -2.7969547e+00
  -5.6835558e+00   1.7547293e+00  -2.5987566e+00
  -6.4983348e+00   2.2703638e+00  -3.8578128e+00
  -7.4309140e+00   8.4248081e-01  -4.1216730e+00
  -6.1232510e+00   1.8574670e+00  -3.1900832e+00
  -6.2511026e+00   1.5934811e+00  -3.1855586e+00
  -6.5025655e+00   2.6251086e+00  -4.0431543e+00
  -7.7934342e+00   4.7365933e-01  -4.3126225e+00
  -6.4506491e+00   2.2676042e+00  -3.8013241e+00
  -6.9974645e+00   1.2433229e+00  -3.8589731e+00
  -7.6576283e+00   1.1547498e+00  -4.5743819e+00
  -7.1568752e+00   3.1527004e+00  -5.0184113e+00
  -7.0990052e+00   1.0793552e+00  -3.8783212e+00
  -6.1743616e+00   3.3204149e+00  -3.9968618e+00
  -7.6009482e+00   1.6554968e+00  -4.7913527e+00
  -7.7213068e+00   2.3449103e+00  -5.2768059e+00
  -7.4396936e+00   1.6707414e+00  -4.6162373e+00
  -7.0309487e+00   3.0546601e+00  -4.8366064e+00
  -8.3615945e+00  -3.6343174e-01  -4.4160284e+00
  -6.0264275e+00   4.0126182e+00  -4.1213541e+00
  -8.9755601e+00   1.7197674e-01  -5.4868874e+00
  -7.6378474e+00   3.0509368e+00  -5.5030641e+00
  -8.8482279e+00   2.2967781e-01  -5.3780030e+00
  -7.0641733e+00   3.7234154e+00  -5.1499322e+00
  -7.9617753e+00   1.2969873e+00  -5.0034088e+00
  -7.5569627e+00   2.2842068e+00  -5.0647046e+00
  -8.0678067e+00   1.2191040e+00  -5.0798738e+00
  -7.4353544e+00   2.2355506e+00  -4.9048161e+00
  -9.9387804e+00  -6.4257807e-01  -6.0520096e+00
  -7.3720257e+00   3.8886502e+00  -5.5469541e+00
