  -8.5102920e+00  -3.4320643e-01  -4.6063576e+00
  -7.4538456e+00   1.9715760e+00  -4.7920265e+00
  -8.4699430e+00  -4.1314018e-01  -4.5093739e+00
  -7.1102084e+00   2.2684734e+00  -4.5552518e+00
  -7.7897594e+00   1.9305853e-01  -4.1222687e+00
  -6.5549979e+00   2.2628137e+00  -3.9191350e+00
  -8.0913754e+00  -1.1855572e+00  -3.4576408e+00
  -5.6955868e+00   3.3424967e+00  -3.4637134e+00
  -7.8761257e+00   1.8375689e+00  -5.1975548e+00
  -7.6428018e+00   1.3872168e+00  -4.6909109e+00
  -8.4959216e+00   1.4009531e-01  -4.9157238e+00
  -7.5745285e+00   1.9051167e+00  -4.8937124e+00
  -8.0652381e+00   1.7234815e+00  -5.3500417e+00
  -8.6346766e+00   6.4508385e-01  -5.3894482e+00
  -8.2677586e+00   1.2453725e+00  -5.3204560e+00
  -8.6860625e+00   7.3761593e-01  -5.5023301e+00
  -8.2743479e+00   2.1155198e+00  -5.7779084e+00
  -8.9447574e+00   8.5921105e-01  -5.8629366e+00
  -7.3983305e+00   5.7645421e-01  -3.9125312e+00
  -7.1591527e+00   8.4653555e-01  -3.8031939e+00
  -6.8772235e+00   1.2083381e+00  -3.6957269e+00
  -7.0742108e+00   3.2848375e-01  -3.3533388e+00
  -6.7637024e+00   3.2741365e-01  -2.9699126e+00
  -6.1468706e+00   1.2470896e+00  -2.8418523e+00
  -6.3426252e+00   3.3071678e+00  -4.1801422e+00
  -7.8147995e+00  -5.7470283e-01  -3.5989553e+00
  -6.9844518e+00   1.7128959e+00  -4.1169619e+00
  -7.7813992e+00  -7.3302389e-02  -3.9276477e+00
  -7.0204442e+00   2.6962233e+00  -4.6620674e+00
  -8.9660755e+00  -1.1950750e+00  -4.5233422e+00
  -7.1354978e+00   2.2751148e+00  -4.5871601e+00
  -8.9497270e+00  -1.1089381e+00  -4.5696052e+00
  -6.9540569e+00   3.5711675e+00  -4.9692187e+00
  -9.5302702e+00  -1.6731673e+00  -4.8264532e+00
  -6.2824167e+00   1.7165048e+00  -3.2965048e+00
  -6.9482329e+00   1.6388516e-02  -2.9707270e+00
  -6.5318851e+00   4.3384610e-01  -2.7579799e+00
  -6.2153946e+00   7.8888316e-01  -2.6161851e+00
  -6.2919149e+00   3.5112340e+00  -4.2116365e+00
  -7.7967201e+00  -5.0071753e-01  -3.6330643e+00
  -6.5965079e+00   1.7791077e+00  -3.7031325e+00
  -7.5928277e+00  -3.3908508e-01  -3.5041530e+00
  -6.4676261e+00   3.6916478e+00  -4.4819340e+00
  -9.5790475e+00  -2.3116464e+00  -4.3585388e+00
  -6.5757445e+00   2.9622123e+00  -4.2866594e+00
  -8.9346725e+00  -1.4591335e+00  -4.2781306e+00
  -6.6296184e+00   3.3515526e+00  -4.5198318e+00
  -9.0051693e+00  -1.4381711e+00  -4.3805055e+00
  -6.8964387e+00  -2.1091445e-01  -2.7308078e+00
  -5.8866668e+00   1.7518771e+00  -2.8435831e+00
  -6.4281376e+00   2.8692762e+00  -4.0765596e+00
  -7.3228337e+00   5.7023646e-01  -3.8184588e+00
  -6.8063683e+00   1.4549564e+00  -3.7610018e+00
  -7.2349343e+00   8.1443163e-01  -3.8726182e+00
  -6.8505189e+00   2.8720352e+00  -4.5535018e+00
  -8.6867265e+00  -3.6976653e-01  -4.7953969e+00
  -6.8359189e+00   2.5822064e+00  -4.4002539e+00
  -8.8357625e+00  -6.6156332e-01  -4.7647331e+00
  -6.6808429e+00   3.4411910e+00  -4.6146393e+00
  -8.9739928e+00  -7.4167352e-01  -4.8700366e+00
  -6.0165802e+00   3.8207256e+00  -4.0333356e+00
  -7.9287657e+00  -6.9782950e-01  -3.6447218e+00
  -6.4896916e+00   1.8642438e+00  -3.6263870e+00
  -7.5031022e+00  -7.1282483e-02  -3.5917534e+00
  -6.5455130e+00   3.1380999e+00  -4.3325888e+00
  -8.7724146e+00  -1.0715397e+00  -4.3852593e+00
  -6.5003516e+00   2.7069374e+00  -4.0806499e+00
  -8.6024411e+00  -1.0126226e+00  -4.2251950e+00
  -6.5464222e+00   3.5540573e+00  -4.5127532e+00
  -9.1613721e+00  -1.4445391e+00  -4.5641528e+00
  -7.2886617e+00   1.1503923e+00  -4.1441194e+00
  -7.3334791e+00   1.4903875e+00  -4.3944332e+00
  -7.1556095e+00   2.5920887e+00  -4.7642367e+00
  -8.5752805e+00   3.7422394e-01  -5.1563901e+00
  -7.3866808e+00   1.9437588e+00  -4.7016447e+00
  -8.5015283e+00   6.3363545e-01  -5.2312735e+00
  -7.3062220e+00   3.0809113e+00  -5.1521039e+00
  -9.0598990e+00   1.7603098e-01  -5.5853188e+00
  -8.7586608e+00   8.2040529e-01  -5.6322531e+00
  -8.3881859e+00   1.5487595e+00  -5.6189518e+00
  -8.9954941e+00   2.5896126e-01  -5.5638428e+00
  -8.4369374e+00   1.6170842e+00  -5.7087319e+00
  -8.7285560e+00   1.7581977e+00  -6.1022714e+00
  -9.2071447e+00   7.8562458e-01  -6.1135375e+00
  -7.7782286e+00   1.7210109e+00  -5.0267827e+00
  -8.4863299e+00   4.8991501e-01  -5.1262991e+00
  -8.2942088e+00   2.2440826e+00  -5.8609055e+00
  -9.4685909e+00  -1.2659298e-01  -5.8572915e+00
  -9.8269685e+00   5.6477225e-01  -6.6737288e+00
  -9.2653764e+00   1.2392034e+00  -6.4256637e+00
