  -8.5130356e+00  -2.4745659e+00  -2.8480917e+00
  -5.5310124e+00   2.5104254e+00  -2.8553593e+00
  -8.5476300e+00  -3.0960573e+00  -2.2621271e+00
  -4.6264577e+00   3.3566756e+00  -2.2253742e+00
  -8.1021962e+00  -1.9208427e+00  -2.8290346e+00
  -5.5574480e+00   2.3218669e+00  -2.7822141e+00
  -8.1797447e+00  -1.9129785e+00  -2.9381298e+00
  -5.6645987e+00   2.3855439e+00  -2.9452701e+00
  -8.0965103e+00  -1.5704862e+00  -3.1371717e+00
  -5.7793463e+00   2.1083005e+00  -2.9256047e+00
  -8.1859521e+00  -1.6999814e+00  -3.1382858e+00
  -6.0885446e+00   1.7605437e+00  -3.0914869e+00
  -8.2421763e+00  -2.1368053e+00  -2.8118659e+00
  -5.4837579e+00   2.4832208e+00  -2.7843007e+00
  -8.3864575e+00  -1.0261302e+00  -3.9516738e+00
  -7.0766589e+00   1.2400373e+00  -3.9500109e+00
  -8.1748396e+00  -1.7476369e+00  -3.0815060e+00
  -5.7551136e+00   2.3656627e+00  -3.0414938e+00
  -6.8437944e+00  -1.4690577e+00  -1.5492027e+00
  -4.7884737e+00   1.7859592e+00  -1.5005554e+00
  -7.0014527e+00  -7.5116801e-01  -2.4239003e+00
  -5.9984574e+00   8.0809364e-01  -2.3573159e+00
  -7.2015723e+00  -7.7115268e-01  -2.6676559e+00
  -6.0071629e+00   1.2118293e+00  -2.6470263e+00
  -6.5871397e+00  -5.5648773e-02  -2.4573003e+00
  -6.0280140e+00   6.1207266e-01  -2.2518914e+00
  -7.1372541e+00  -5.4943981e-01  -2.7678873e+00
  -6.2273078e+00   8.8195819e-01  -2.6959210e+00
  -7.2151261e+00  -1.1470735e+00  -2.3598435e+00
  -5.7594487e+00   1.1737643e+00  -2.3131596e+00
  -7.3438531e+00  -4.2335934e-03  -3.4455812e+00
  -7.3135517e+00   9.5921186e-03  -3.4184539e+00
  -6.8531239e+00  -3.0676422e-01  -2.5993476e+00
  -6.2705503e+00   5.8478131e-01  -2.5394537e+00
  -6.6008765e+00  -3.8949694e-01  -2.2038509e+00
  -5.9158075e+00   6.8038927e-01  -2.1590808e+00
  -6.6792622e+00  -4.0916884e-01  -2.2902514e+00
  -6.0051904e+00   7.0737338e-01  -2.2929527e+00
  -6.2674847e+00   2.6706423e-01  -2.2979118e+00
  -5.9174834e+00   6.2956015e-01  -2.1233740e+00
  -6.4802538e+00   4.9023831e-02  -2.4021380e+00
  -6.3207389e+00   2.4950250e-01  -2.3527832e+00
  -6.8902896e+00  -6.2949725e-01  -2.3816582e+00
  -6.1739029e+00   5.0388408e-01  -2.3575324e+00
  -6.7102490e+00   6.7365586e-01  -3.1478317e+00
  -7.2691735e+00  -2.8210687e-01  -3.1457712e+00
  -6.4836996e+00  -2.7452837e-01  -2.1456597e+00
  -5.8107794e+00   7.9955354e-01  -2.1125261e+00
  -7.0639562e+00  -1.1114702e+00  -2.1901296e+00
  -5.7208760e+00   1.1109384e+00  -2.2211340e+00
  -6.5482384e+00  -1.7835171e-01  -2.3089132e+00
  -5.7720713e+00   9.2438220e-01  -2.1538012e+00
  -6.6540576e+00  -4.4032351e-01  -2.2311460e+00
  -5.8927237e+00   7.8809650e-01  -2.2087409e+00
  -6.9307831e+00  -1.0086934e+00  -2.1041900e+00
  -5.5548326e+00   1.2479987e+00  -2.1067557e+00
  -7.1051520e+00   1.5101359e-01  -3.2647403e+00
  -7.2242857e+00   3.6340686e-04  -3.3018709e+00
  -6.7295297e+00  -4.1261403e-01  -2.3530804e+00
  -5.9688348e+00   8.4219739e-01  -2.3443106e+00
  -6.0815825e+00   3.7860116e-01  -2.1442386e+00
  -6.0387980e+00   2.0951924e-01  -1.9559344e+00
  -6.4441196e+00  -6.9363549e-02  -2.2615245e+00
  -6.1832430e+00   2.8907902e-01  -2.2063941e+00
  -6.3750212e+00  -4.3217027e-01  -1.8676465e+00
  -5.6249392e+00   7.5379095e-01  -1.8389153e+00
  -6.4394217e+00   7.0180005e-01  -2.8338297e+00
  -7.0993413e+00  -4.1831342e-01  -2.8250278e+00
  -6.6448050e+00  -3.8712981e-01  -2.2634745e+00
  -5.9770398e+00   6.5603350e-01  -2.2193528e+00
  -7.3502033e+00  -1.0209817e+00  -2.6482766e+00
  -5.8325263e+00   1.6301420e+00  -2.7027674e+00
  -7.7714553e+00  -1.7476916e+00  -2.5516497e+00
  -5.4007491e+00   2.3816241e+00  -2.6283693e+00
  -7.7161620e+00  -4.6802530e-01  -3.5587233e+00
  -6.9621172e+00   1.0352868e+00  -3.6887912e+00
  -7.3696079e+00  -9.8243532e-01  -2.7066051e+00
  -5.8313746e+00   1.7459079e+00  -2.7730422e+00
  -8.5210393e+00  -2.5046383e+00  -2.8295228e+00
  -5.3458227e+00   2.8172312e+00  -2.8002279e+00
  -9.2956844e+00  -2.0974446e+00  -4.1927595e+00
  -6.7917943e+00   2.2577407e+00  -4.1880090e+00
  -8.6298519e+00  -2.1236352e+00  -3.3303285e+00
  -5.9244818e+00   2.4472107e+00  -3.2848234e+00
  -8.0131980e+00  -6.7304856e-01  -3.7676138e+00
  -6.8348674e+00   1.3859627e+00  -3.7534535e+00
  -8.2657534e+00  -1.6895389e+00  -3.2501071e+00
  -6.1756985e+00   1.7640729e+00  -3.1976337e+00
  -9.9807530e+00  -3.3398084e+00  -3.9262664e+00
  -6.0288582e+00   3.3731831e+00  -3.8561729e+00
