  -8.5807842e+00  -2.5280044e+00  -2.8863661e+00
  -5.4805484e+00   2.7210802e+00  -2.9086188e+00
  -8.5065594e+00  -2.8115579e+00  -2.5032454e+00
  -4.8494511e+00   3.2639559e+00  -2.4430831e+00
  -8.0592640e+00  -1.6194443e+00  -3.0460086e+00
  -5.6921089e+00   2.3028837e+00  -2.9320183e+00
  -8.1337796e+00  -2.3753800e+00  -2.4349449e+00
  -4.9853347e+00   2.9866520e+00  -2.4618252e+00
  -8.0650313e+00  -1.5393819e+00  -3.1238924e+00
  -5.5596082e+00   2.4082248e+00  -2.8331033e+00
  -8.1586627e+00  -1.5053528e+00  -3.2733544e+00
  -6.2456437e+00   1.7196186e+00  -3.2546141e+00
  -8.2626644e+00  -1.9153654e+00  -3.0442052e+00
  -5.6689140e+00   2.4708414e+00  -2.9970588e+00
  -8.3460572e+00  -6.6951441e-01  -4.1749968e+00
  -7.3622865e+00   1.0660504e+00  -4.1791302e+00
  -8.2833278e+00  -1.7838375e+00  -3.1893442e+00
  -5.6883593e+00   2.6786075e+00  -3.1304148e+00
  -6.7742164e+00  -1.1342907e+00  -1.7757709e+00
  -5.0349243e+00   1.6124383e+00  -1.6973629e+00
  -6.8817268e+00  -3.7034811e-01  -2.5849158e+00
  -6.1636753e+00   6.4477189e-01  -2.4481861e+00
  -7.1907828e+00  -1.2934912e+00  -2.1944773e+00
  -5.3200694e+00   1.8019456e+00  -2.1813068e+00
  -6.5240282e+00  -2.4744531e-03  -2.4180210e+00
  -5.8170193e+00   8.1689332e-01  -2.1331920e+00
  -7.0838798e+00  -3.6616986e-01  -2.8467918e+00
  -6.3335341e+00   8.1622497e-01  -2.7822089e+00
  -7.2358403e+00  -9.0531723e-01  -2.5985274e+00
  -5.9800698e+00   1.0778030e+00  -2.5230987e+00
  -7.3992752e+00   2.4060909e-01  -3.6869128e+00
  -7.5774206e+00  -1.1160521e-01  -3.6531574e+00
  -6.7693442e+00  -2.1251521e-01  -2.5670747e+00
  -6.1772764e+00   6.4869678e-01  -2.4682095e+00
  -6.5234828e+00  -6.6618460e-02  -2.3665563e+00
  -6.0380294e+00   6.0568772e-01  -2.2599419e+00
  -6.6605185e+00  -8.7819425e-01  -1.8571525e+00
  -5.3768361e+00   1.2330715e+00  -1.8699810e+00
  -6.2849178e+00   2.2589165e-01  -2.2885410e+00
  -5.6728015e+00   9.4870103e-01  -2.0447558e+00
  -6.4964952e+00   1.4041841e-01  -2.4938733e+00
  -6.4124541e+00   2.4559855e-01  -2.4670915e+00
  -6.9848301e+00  -4.5570273e-01  -2.6484029e+00
  -6.3740215e+00   4.9490081e-01  -2.6042994e+00
  -6.8169165e+00   8.1469648e-01  -3.3724657e+00
  -7.4614986e+00  -2.9703218e-01  -3.3736579e+00
  -6.4649951e+00  -2.3167740e-01  -2.1565764e+00
  -5.7265379e+00   9.2097561e-01  -2.0933263e+00
  -7.0532400e+00  -1.5592469e+00  -1.7535751e+00
  -5.0754889e+00   1.7053316e+00  -1.8117551e+00
  -6.5024977e+00  -1.4533728e-01  -2.2761640e+00
  -5.5270941e+00   1.2470216e+00  -2.0709887e+00
  -6.7477416e+00  -3.9645896e-01  -2.3901618e+00
  -5.9781670e+00   9.2062923e-01  -2.4117060e+00
  -6.9391309e+00  -7.7369114e-01  -2.3226177e+00
  -5.7303693e+00   1.2523229e+00  -2.3303928e+00
  -7.0775887e+00   4.7512214e-01  -3.4593000e+00
  -7.4896711e+00  -1.3102109e-01  -3.5318064e+00
  -6.7112349e+00  -3.5209163e-01  -2.3791615e+00
  -5.8762411e+00   1.0343004e+00  -2.3632558e+00
  -6.0719147e+00   3.8810593e-01  -2.1390660e+00
  -5.8326180e+00   4.6181218e-01  -1.8852712e+00
  -6.4745250e+00   5.5527050e-02  -2.3998626e+00
  -6.3092432e+00   2.8051692e-01  -2.3618201e+00
  -6.3785086e+00  -2.0580454e-01  -2.0642402e+00
  -5.8074567e+00   6.7718138e-01  -2.0174536e+00
  -6.4477455e+00   9.8628160e-01  -3.0378733e+00
  -7.3757275e+00  -5.9775088e-01  -3.0325921e+00
  -6.5754064e+00  -2.9196318e-01  -2.2514789e+00
  -5.9055995e+00   7.2404988e-01  -2.1782747e+00
  -7.4163367e+00  -9.3171930e-01  -2.8101246e+00
  -5.9133170e+00   1.8868013e+00  -2.9566471e+00
  -7.8943026e+00  -1.6106998e+00  -2.8392614e+00
  -5.5483920e+00   2.6779554e+00  -2.9657856e+00
  -7.8639486e+00  -3.4984531e-01  -3.8278757e+00
  -7.1246084e+00   1.3104470e+00  -4.0481635e+00
  -7.3208343e+00  -9.0321836e-01  -2.7107627e+00
  -5.6959519e+00   2.0798076e+00  -2.8092628e+00
  -8.5320280e+00  -2.2624912e+00  -3.0753047e+00
  -5.5542989e+00   2.7778155e+00  -3.0249015e+00
  -9.2951338e+00  -1.8136931e+00  -4.4295909e+00
  -7.0291576e+00   2.2087126e+00  -4.4331484e+00
  -8.6717295e+00  -2.1111964e+00  -3.3954257e+00
  -5.8530590e+00   2.6709868e+00  -3.3186624e+00
  -7.8644185e+00  -3.6548629e-01  -3.8169279e+00
  -6.9701497e+00   1.2129116e+00  -3.8083261e+00
  -8.1542473e+00  -1.5339567e+00  -3.2430129e+00
  -6.1201926e+00   1.8123073e+00  -3.1599553e+00
  -9.9987820e+00  -3.2851752e+00  -4.0014442e+00
  -5.9996138e+00   3.5052932e+00  -3.8812741e+00
