  -8.1363953e+00  -1.8356016e+00  -2.9521604e+00
  -4.0428006e+00   6.4674178e+00  -2.7550478e+00
  -8.3079325e+00  -7.9140998e-01  -4.0371177e+00
  -5.7053568e+00   5.3814637e+00  -4.2486485e+00
  -7.7698550e+00   1.0159684e+00  -4.6218106e+00
  -5.2938159e+00   5.7784000e+00  -3.9219133e+00
  -7.6421358e+00   4.3242344e-01  -4.1071645e+00
  -5.3933095e+00   5.4686743e+00  -3.9365078e+00
  -7.7540683e+00   3.1523643e-01  -4.1620533e+00
  -5.0963894e+00   5.5933348e+00  -3.6511208e+00
  -7.9106253e+00   2.8362927e-01  -4.3260543e+00
  -5.8959354e+00   4.6852929e+00  -4.2273625e+00
  -7.9329630e+00   1.3716358e+00  -5.0123633e+00
  -6.5548717e+00   4.6133844e+00  -4.9202585e+00
  -7.9901067e+00   2.6890246e+00  -5.7311645e+00
  -8.0871674e+00   3.2543366e+00  -6.0748877e+00
  -7.9002414e+00   2.3585861e+00  -5.4813045e+00
  -7.3037806e+00   4.2065394e+00  -5.5880967e+00
  -6.9089504e+00   6.1111714e-01  -3.3474241e+00
  -6.0130767e+00   2.3302291e+00  -3.3257677e+00
  -6.3362384e+00   2.4958261e+00  -3.7878939e+00
  -5.8264969e+00   2.1012579e+00  -2.9778185e+00
  -6.7133770e+00   1.6259403e+00  -3.7520354e+00
  -5.9439628e+00   2.5654989e+00  -3.3698682e+00
  -6.2418025e+00   1.8513554e+00  -3.3271866e+00
  -5.4775780e+00   2.3556360e+00  -2.7057571e+00
  -6.8408401e+00   1.6125042e+00  -3.8933053e+00
  -6.1810064e+00   2.4579116e+00  -3.5891303e+00
  -6.8989865e+00   2.3191982e+00  -4.3414683e+00
  -6.9749515e+00   1.5767278e+00  -4.0289408e+00
  -6.9496793e+00   3.5841586e+00  -4.9696394e+00
  -8.4208075e+00   2.7563121e-01  -4.9162631e+00
  -6.5509632e+00   3.7148723e+00  -4.5834276e+00
  -7.8448131e+00   5.2113917e-01  -4.4034680e+00
  -6.0042119e+00   2.7206129e+00  -3.5191143e+00
  -5.7714512e+00   1.4475699e+00  -2.5112881e+00
  -6.2439973e+00   1.9964585e+00  -3.4126315e+00
  -6.1016657e+00   1.2845394e+00  -2.8109328e+00
  -6.1429675e+00   1.8533439e+00  -3.2111180e+00
  -5.3088547e+00   2.1545769e+00  -2.3852551e+00
  -6.2787495e+00   1.7253144e+00  -3.2973490e+00
  -6.0857991e+00   1.3262441e+00  -2.8185572e+00
  -6.4683915e+00   3.2193095e+00  -4.2823345e+00
  -7.4789977e+00   1.9230185e-01  -3.7495897e+00
  -6.4266631e+00   4.0769003e+00  -4.5879532e+00
  -8.2843621e+00  -4.2480154e-01  -4.2800997e+00
  -6.2940408e+00   3.3016138e+00  -4.1231609e+00
  -7.3461215e+00   3.4724231e-01  -3.6963142e+00
  -6.6694529e+00   1.3356384e+00  -3.5273822e+00
  -5.6389413e+00   3.7355320e+00  -3.5735925e+00
  -6.1401287e+00   1.6279304e+00  -3.0734506e+00
  -4.8339104e+00   4.1977792e+00  -2.8541050e+00
  -6.5593934e+00   1.2719480e+00  -3.3567525e+00
  -5.4853798e+00   3.9624379e+00  -3.4957490e+00
  -6.4697997e+00   2.7315519e+00  -4.0578630e+00
  -6.5749285e+00   2.9534839e+00  -4.2817145e+00
  -6.7270650e+00   3.6981229e+00  -4.7707414e+00
  -8.0289537e+00   1.8069819e+00  -5.3526425e+00
  -6.4991216e+00   3.5366912e+00  -4.4530680e+00
  -7.3487811e+00   2.2937660e+00  -4.8364873e+00
  -5.8787246e+00   2.2688987e+00  -3.1342071e+00
  -5.3167541e+00   3.0127879e+00  -2.8666287e+00
  -6.1327057e+00   1.8608071e+00  -3.2032742e+00
  -5.8130406e+00   2.7108808e+00  -3.2925814e+00
  -6.1664505e+00   2.9456799e+00  -3.8154527e+00
  -6.6009986e+00   2.1589215e+00  -3.9173168e+00
  -6.2698445e+00   4.0066329e+00  -4.3884135e+00
  -7.9690924e+00   9.2083928e-01  -4.7944153e+00
  -6.1050088e+00   3.6124556e+00  -4.0455526e+00
  -7.3057893e+00   1.4018984e+00  -4.3119953e+00
  -7.2022616e+00   9.0770386e-01  -3.8931413e+00
  -5.7196717e+00   4.4180244e+00  -3.9367168e+00
  -7.4065907e+00   1.8118981e+00  -4.6546552e+00
  -6.3968655e+00   4.4913126e+00  -4.7065637e+00
  -7.4345867e+00   2.8975699e+00  -5.2135821e+00
  -7.8048020e+00   3.0725072e+00  -5.6943303e+00
  -7.1176618e+00   3.0534926e+00  -4.9321316e+00
  -7.3826617e+00   3.0611968e+00  -5.2277035e+00
  -8.5106406e+00   7.2867870e-01  -5.2984700e+00
  -6.5842279e+00   4.2387405e+00  -4.8204139e+00
  -8.8457405e+00   1.4897412e+00  -6.0948946e+00
  -7.8811152e+00   3.4588214e+00  -5.9333006e+00
  -8.5858640e+00   1.6286112e+00  -5.8795861e+00
  -7.5451027e+00   3.4948708e+00  -5.5837696e+00
  -7.7183248e+00   2.5085711e+00  -5.3505680e+00
  -7.6073622e+00   2.7344426e+00  -5.3313314e+00
  -7.6969409e+00   2.5815253e+00  -5.3606414e+00
  -7.7648432e+00   2.2110010e+00  -5.2605672e+00
  -9.5708235e+00   7.8466634e-01  -6.5153454e+00
  -7.8470941e+00   3.7495106e+00  -6.0072701e+00
