  -8.4787810e+00   3.6001400e-01  -5.0366886e+00
  -7.5408874e+00   2.8584905e+00  -5.3133954e+00
  -8.4218169e+00   8.4335054e-01  -5.2652923e+00
  -8.0234451e+00   2.4524043e+00  -5.6607116e+00
  -7.9788476e+00   1.9595609e+00  -5.3742598e+00
  -7.7090024e+00   2.7555618e+00  -5.4526108e+00
  -7.7969419e+00   1.8933836e+00  -5.1375721e+00
  -7.8281988e+00   2.3220794e+00  -5.3843631e+00
  -8.0248280e+00   3.7378576e-01  -4.5191434e+00
  -6.4263852e+00   3.5295848e+00  -4.3692681e+00
  -8.3325276e+00   1.1933030e+00  -5.3644182e+00
  -8.3517349e+00   2.1304964e+00  -5.8701740e+00
  -8.2331913e+00   8.0923233e-01  -5.0304107e+00
  -7.3598751e+00   3.0622975e+00  -5.2031228e+00
  -8.1913798e+00   1.7677055e+00  -5.5134633e+00
  -8.6400487e+00   1.6819818e+00  -5.9665922e+00
  -8.2370050e+00   1.6028324e+00  -5.4788524e+00
  -7.9320467e+00   2.8129900e+00  -5.7222001e+00
  -6.8209818e+00   2.3802530e+00  -4.2836179e+00
  -8.2570080e+00  -2.3140821e-01  -4.3848637e+00
  -6.6481415e+00   3.4598427e+00  -4.5862264e+00
  -8.3318298e+00  -3.4731884e-01  -4.3920723e+00
  -7.1523134e+00   2.6400884e+00  -4.7831919e+00
  -8.1868078e+00   3.9773356e-01  -4.7232214e+00
  -6.2667187e+00   2.1272933e+00  -3.5120605e+00
  -6.8045047e+00   5.7574840e-01  -3.1958319e+00
  -6.9362548e+00   2.2830348e+00  -4.3654863e+00
  -8.3340709e+00  -2.2894782e-01  -4.4779020e+00
  -7.0715586e+00   1.8676193e+00  -4.3022575e+00
  -7.7742426e+00   4.2230442e-01  -4.2566025e+00
  -7.1695046e+00   2.7590916e+00  -4.8576496e+00
  -9.0425460e+00  -7.2361756e-01  -4.9635114e+00
  -6.7503181e+00   3.1855889e+00  -4.5822975e+00
  -8.5141296e+00  -4.5364058e-01  -4.5329840e+00
  -6.1350005e+00   3.8366922e+00  -4.1717341e+00
  -8.2788105e+00  -9.3012378e-01  -3.8947900e+00
  -6.3651969e+00   3.3200583e+00  -4.2111048e+00
  -8.3338991e+00  -8.1296202e-01  -4.0522658e+00
  -6.1238493e+00   2.2012199e+00  -3.3853534e+00
  -6.6278609e+00   5.8258652e-01  -2.9834696e+00
  -6.3871591e+00   3.1605764e+00  -4.1649012e+00
  -8.6509236e+00  -1.1354259e+00  -4.1888819e+00
  -6.8424020e+00   2.4311259e+00  -4.3333877e+00
  -8.1713130e+00  -3.8409285e-01  -4.1740500e+00
  -6.7734874e+00   3.1818886e+00  -4.6064595e+00
  -8.9027621e+00  -9.8686218e-01  -4.6056332e+00
  -6.2891370e+00   2.8894083e+00  -3.9283210e+00
  -7.8466878e+00  -4.0553166e-01  -3.7656845e+00
  -6.5568390e+00   2.6261285e+00  -4.1054333e+00
  -7.7449048e+00   9.2779390e-01  -4.5401820e+00
  -6.5609491e+00   1.6295914e+00  -3.5750213e+00
  -6.2214250e+00   2.4917928e+00  -3.6534491e+00
  -6.7714115e+00   2.3202983e+00  -4.1968102e+00
  -7.9723472e+00   9.6782316e-01  -4.8260176e+00
  -6.5834757e+00   2.3405359e+00  -3.9922368e+00
  -7.4882522e+00   1.2169425e+00  -4.4154283e+00
  -6.7542916e+00   3.0707776e+00  -4.5359910e+00
  -8.7817267e+00   1.0536460e-01  -5.2229317e+00
  -6.6384318e+00   2.9933166e+00  -4.3713629e+00
  -7.9964053e+00   9.0591380e-01  -4.8168809e+00
  -5.8965334e+00   2.4642159e+00  -3.2611699e+00
  -6.6339477e+00   9.2870551e-01  -3.2262834e+00
  -6.5330431e+00   2.7621449e+00  -4.1443833e+00
  -8.2905929e+00   3.2292479e-02  -4.6052199e+00
  -6.1597291e+00   2.5851338e+00  -3.6300563e+00
  -7.3803406e+00   5.6185209e-01  -3.8815094e+00
  -6.4843334e+00   3.1961899e+00  -4.2899366e+00
  -8.5875757e+00  -3.1539653e-01  -4.7167179e+00
  -6.4932443e+00   2.8942044e+00  -4.1619953e+00
  -7.9536972e+00   3.6041072e-01  -4.4271597e+00
  -7.6419157e+00   1.6842608e+00  -4.8532756e+00
  -8.0030726e+00   2.2801427e+00  -5.5576741e+00
  -7.1060313e+00   1.8793438e+00  -4.3480673e+00
  -7.3506013e+00   2.1928506e+00  -4.7883730e+00
  -7.5804070e+00   2.2307918e+00  -5.0647486e+00
  -8.5365069e+00   1.5234037e+00  -5.7704828e+00
  -7.4602893e+00   2.3155656e+00  -4.9720307e+00
  -7.9783645e+00   2.1294559e+00  -5.4578051e+00
  -8.4046060e+00   3.1352654e-01  -4.9217431e+00
  -7.0995807e+00   3.0592960e+00  -4.9146633e+00
  -8.9312349e+00   7.7266125e-01  -5.7983480e+00
  -8.4385618e+00   2.2644128e+00  -6.0284745e+00
  -8.8423586e+00   9.0593474e-01  -5.7749821e+00
  -8.0189928e+00   2.7743524e+00  -5.8002519e+00
  -7.9162822e+00   1.8816082e+00  -5.2650478e+00
  -8.3229267e+00   1.4773569e+00  -5.5084427e+00
  -8.1025401e+00   1.8495186e+00  -5.4563439e+00
  -8.3947321e+00   1.3413932e+00  -5.5156352e+00
  -9.9191629e+00   1.4721657e-02  -6.4512340e+00
  -8.3061086e+00   2.9744851e+00  -6.1971627e+00
