  -8.3891547e+00  -9.5646089e-01  -4.0092780e+00
  -6.3777169e+00   2.9717949e+00  -4.0676781e+00
  -8.4252145e+00  -1.0337116e+00  -3.9931748e+00
  -6.2560061e+00   3.1848365e+00  -4.0281047e+00
  -7.9969204e+00  -1.0184922e-01  -4.1659445e+00
  -6.0556976e+00   3.2446186e+00  -3.8287347e+00
  -8.1684786e+00  -1.8650745e+00  -2.9672133e+00
  -4.7859606e+00   4.5661669e+00  -2.9484875e+00
  -7.9125873e+00   7.1495453e-01  -4.6043424e+00
  -6.4284509e+00   2.7462208e+00  -4.0179522e+00
  -8.3032137e+00  -1.5104780e-01  -4.4954011e+00
  -6.7101836e+00   2.8635717e+00  -4.3921839e+00
  -8.1294330e+00   1.6964123e+00  -5.4076666e+00
  -8.4266553e+00   1.1614395e+00  -5.4525144e+00
  -8.2181720e+00   1.0684122e+00  -5.1647139e+00
  -8.1658283e+00   1.4208514e+00  -5.3020801e+00
  -7.9915374e+00   2.4466406e+00  -5.6229875e+00
  -8.6782108e+00   1.0557831e+00  -5.6756355e+00
  -7.2087630e+00   7.4031670e-02  -3.3365050e+00
  -6.3437379e+00   1.4489167e+00  -3.2081626e+00
  -6.7614640e+00   1.2287612e+00  -3.5709846e+00
  -6.6351276e+00   7.4343827e-01  -3.1035676e+00
  -6.8449537e+00  -3.8479594e-01  -2.5257676e+00
  -5.2143471e+00   2.3030296e+00  -2.3580344e+00
  -6.2876864e+00   2.2792422e+00  -3.6187295e+00
  -6.6731129e+00   5.0460103e-01  -2.9844475e+00
  -6.7754849e+00   1.5122697e+00  -3.7585470e+00
  -7.0547150e+00   5.5135364e-01  -3.4835802e+00
  -7.0462403e+00   2.6820190e+00  -4.6842756e+00
  -8.7662734e+00  -8.6877390e-01  -4.5309164e+00
  -7.1447096e+00   2.0486144e+00  -4.4818222e+00
  -8.4344086e+00  -5.0474424e-01  -4.4016289e+00
  -6.9146323e+00   3.5676952e+00  -4.9245405e+00
  -9.1163850e+00  -1.1639196e+00  -4.7268348e+00
  -6.1596598e+00   1.7379311e+00  -3.1630006e+00
  -6.5368988e+00   3.3465213e-01  -2.6915557e+00
  -6.5416378e+00  -1.6847812e-01  -2.3083289e+00
  -5.3771252e+00   1.5862451e+00  -2.1122179e+00
  -5.9561571e+00   2.7380245e+00  -3.4723501e+00
  -6.7271249e+00   1.9917874e-01  -2.8301776e+00
  -6.4140253e+00   1.5008706e+00  -3.3240249e+00
  -6.8427773e+00   2.4318075e-01  -3.0070005e+00
  -6.5525680e+00   3.7341367e+00  -4.5929313e+00
  -9.4222932e+00  -2.0162946e+00  -4.4168942e+00
  -6.6358538e+00   2.7408558e+00  -4.2505650e+00
  -8.4932990e+00  -9.5782587e-01  -4.1349953e+00
  -6.5777487e+00   3.3103393e+00  -4.4443746e+00
  -8.5630389e+00  -9.6508714e-01  -4.2139683e+00
  -6.8283185e+00  -6.6750322e-01  -2.2678181e+00
  -5.0667125e+00   2.5907462e+00  -2.3443439e+00
  -6.2992242e+00   1.9553833e+00  -3.4544055e+00
  -6.1754101e+00   1.6385539e+00  -3.1222134e+00
  -6.5138989e+00   1.3054263e+00  -3.3231573e+00
  -6.4824658e+00   1.4608350e+00  -3.3812825e+00
  -6.8553430e+00   2.9019181e+00  -4.5725989e+00
  -8.4540453e+00   1.0539631e-01  -4.8444723e+00
  -6.8994761e+00   2.2993431e+00  -4.3319686e+00
  -8.2962602e+00   1.1183335e-01  -4.6648598e+00
  -6.5901643e+00   3.6068202e+00  -4.5829022e+00
  -8.6684687e+00  -3.2102920e-01  -4.8077213e+00
  -5.9685301e+00   2.7124766e+00  -3.4737694e+00
  -6.6848595e+00   5.4187962e-01  -3.0252453e+00
  -6.3436845e+00   1.5811875e+00  -3.2887123e+00
  -6.7429842e+00   7.1487882e-01  -3.2158902e+00
  -6.5150756e+00   3.2357362e+00  -4.3418497e+00
  -8.5548630e+00  -6.7880468e-01  -4.4187642e+00
  -6.3808902e+00   2.6098857e+00  -3.8966814e+00
  -8.0844366e+00  -4.3859220e-01  -4.0298440e+00
  -6.3516234e+00   3.7152598e+00  -4.3630143e+00
  -8.7880156e+00  -1.0734475e+00  -4.4025843e+00
  -7.2852386e+00   6.2879975e-01  -3.8121824e+00
  -6.4337356e+00   2.5957893e+00  -3.9500955e+00
  -7.2866292e+00   2.4110358e+00  -4.8241337e+00
  -8.2960088e+00   1.0156697e+00  -5.2226697e+00
  -7.3699096e+00   1.8085545e+00  -4.6111740e+00
  -8.0497260e+00   1.2103524e+00  -5.0544281e+00
  -7.2672627e+00   3.1335895e+00  -5.1318225e+00
  -8.7333046e+00   6.4103302e-01  -5.4987035e+00
  -8.7595482e+00   9.7126933e-01  -5.7192465e+00
  -8.3297476e+00   1.8132623e+00  -5.6901526e+00
  -9.0005564e+00   1.2185387e-02  -5.4138252e+00
  -7.9115430e+00   2.3147460e+00  -5.4730462e+00
  -8.6949322e+00   1.7160424e+00  -6.0442187e+00
  -8.7948614e+00   1.3803205e+00  -5.9815731e+00
  -7.9323885e+00   1.4096502e+00  -5.0327328e+00
  -8.0628333e+00   1.2285253e+00  -5.0795454e+00
  -8.0665712e+00   2.5162692e+00  -5.7372695e+00
  -9.1115883e+00   2.0015018e-01  -5.6589684e+00
  -9.7128329e+00   7.7551799e-01  -6.6664503e+00
  -8.9910782e+00   1.6062416e+00  -6.3140534e+00
