  -8.0405591e+00  -1.4266872e+00  -3.1902242e+00
  -4.4955294e+00   6.1310090e+00  -3.1550605e+00
  -8.2769100e+00  -1.9448651e+00  -3.0358607e+00
  -4.3576571e+00   6.6130122e+00  -3.1387652e+00
  -7.4026863e+00   5.9593977e-01  -3.9304799e+00
  -4.5128447e+00   6.2857065e+00  -3.2182135e+00
  -7.4953490e+00  -1.0887896e-02  -3.6258606e+00
  -4.4606460e+00   6.2586923e+00  -3.1535970e+00
  -7.6105086e+00   5.6557010e-01  -4.1567682e+00
  -5.3132517e+00   5.4058212e+00  -3.8294772e+00
  -7.7224912e+00   1.0936751e+00  -4.6132110e+00
  -6.0278389e+00   4.8794124e+00  -4.4377081e+00
  -7.6274998e+00   2.2426399e-01  -3.9499868e+00
  -4.8920314e+00   5.8443531e+00  -3.5041453e+00
  -7.9446187e+00   1.3299779e+00  -5.0023984e+00
  -6.5991710e+00   4.6490027e+00  -4.9802262e+00
  -7.5903079e+00   7.2450234e-01  -4.2345848e+00
  -5.4148165e+00   5.7576576e+00  -4.0469598e+00
  -6.6060231e+00  -3.7696020e-01  -2.2210889e+00
  -4.6175277e+00   3.2963876e+00  -2.1840898e+00
  -6.2448346e+00   1.8802143e+00  -3.3474255e+00
  -5.1212873e+00   2.8775943e+00  -2.5660731e+00
  -6.4848939e+00   1.1853431e+00  -3.2125363e+00
  -5.0008379e+00   3.3036318e+00  -2.6411438e+00
  -6.1853476e+00   2.0510609e+00  -3.3743203e+00
  -5.7178463e+00   2.2262854e+00  -2.9195623e+00
  -6.7865699e+00   2.2042553e+00  -4.1543528e+00
  -6.3991459e+00   2.3115266e+00  -3.7649461e+00
  -6.5685326e+00   1.1355607e+00  -3.2815402e+00
  -5.2626472e+00   2.9472510e+00  -2.7696342e+00
  -6.7611634e+00   2.4830334e+00  -4.2670037e+00
  -7.0115687e+00   1.5201457e+00  -4.0390100e+00
  -6.4291963e+00   2.0414303e+00  -3.6545492e+00
  -6.1213056e+00   2.0988703e+00  -3.3257057e+00
  -5.7220549e+00   2.3104927e+00  -2.9718281e+00
  -5.1474149e+00   1.9132666e+00  -2.0376946e+00
  -5.9782805e+00   1.4992580e+00  -2.7979858e+00
  -5.0336822e+00   2.1108831e+00  -2.0205862e+00
  -5.7695170e+00   2.4545602e+00  -3.1068826e+00
  -5.7034843e+00   1.4867633e+00  -2.4528744e+00
  -6.0306136e+00   2.8371711e+00  -3.6074912e+00
  -6.4798994e+00   8.8071969e-01  -3.0065548e+00
  -6.1155800e+00   1.9725576e+00  -3.2475147e+00
  -5.7142418e+00   1.5238313e+00  -2.4901987e+00
  -6.0811737e+00   3.3295785e+00  -3.8958324e+00
  -7.1017446e+00   4.0960305e-01  -3.4434966e+00
  -6.0240728e+00   1.9311245e+00  -3.1149780e+00
  -5.7511361e+00   1.5497256e+00  -2.5522651e+00
  -6.2630322e+00   7.8127821e-01  -2.6702723e+00
  -4.3510703e+00   4.5771157e+00  -2.4575462e+00
  -6.0507349e+00   1.9533525e+00  -3.1595689e+00
  -5.1778044e+00   3.7842487e+00  -3.0700215e+00
  -6.1268555e+00   2.3941730e+00  -3.4928054e+00
  -5.8331273e+00   3.2691823e+00  -3.5869924e+00
  -6.2751945e+00   1.3978276e+00  -3.0939714e+00
  -4.8283781e+00   4.4810927e+00  -2.9630805e+00
  -6.6006391e+00   2.6474558e+00  -4.1656198e+00
  -6.6791969e+00   3.0417592e+00  -4.4390293e+00
  -6.2238293e+00   1.9632810e+00  -3.3701131e+00
  -5.5978794e+00   3.5932803e+00  -3.4652317e+00
  -5.5622810e+00   2.6009822e+00  -2.9412690e+00
  -5.4084810e+00   2.8244183e+00  -2.8778160e+00
  -5.8998853e+00   2.7564728e+00  -3.4165417e+00
  -6.0407292e+00   2.5840782e+00  -3.4918843e+00
  -5.8370746e+00   1.8154897e+00  -2.8222677e+00
  -4.8887744e+00   3.6209019e+00  -2.6622492e+00
  -6.0802636e+00   2.9492174e+00  -3.7187724e+00
  -6.5346661e+00   2.2623188e+00  -3.8954625e+00
  -6.1333522e+00   1.9032613e+00  -3.2287032e+00
  -5.5586456e+00   3.2311982e+00  -3.2546497e+00
  -6.7547307e+00   1.8926739e+00  -3.9508918e+00
  -5.9372117e+00   3.4663972e+00  -3.7938796e+00
  -7.0431621e+00   6.7128763e-01  -3.5501986e+00
  -4.8086278e+00   4.8728491e+00  -3.0899748e+00
  -7.0130095e+00   2.2107629e+00  -4.4158590e+00
  -6.6962329e+00   2.9353712e+00  -4.4096946e+00
  -6.9252132e+00   1.3803800e+00  -3.8563100e+00
  -5.6864969e+00   3.8867623e+00  -3.6908600e+00
  -7.9968841e+00  -3.0858052e-01  -4.0188570e+00
  -4.8172848e+00   5.3853207e+00  -3.2778410e+00
  -8.7543394e+00   3.2637934e-01  -5.3313149e+00
  -6.5261647e+00   4.6663463e+00  -4.9070953e+00
  -8.2304264e+00   1.0147075e-01  -4.5809290e+00
  -5.7036642e+00   4.9135780e+00  -4.0953239e+00
  -7.9258871e+00   1.5070624e+00  -5.0786665e+00
  -6.6119611e+00   4.1965547e+00  -4.8352546e+00
  -7.7012995e+00   7.7758890e-01  -4.3975801e+00
  -5.9030900e+00   4.1944161e+00  -4.0552895e+00
  -9.2699820e+00  -7.9472451e-01  -5.1787316e+00
  -5.9120281e+00   5.3390876e+00  -4.4593584e+00
