  -8.3182165e+00   8.1953183e-01  -5.1335121e+00
  -7.2577046e+00   3.8033084e+00  -5.3911591e+00
  -8.3174535e+00   5.0225179e-02  -4.6486854e+00
  -6.9105038e+00   4.0830861e+00  -5.1185976e+00
  -7.4973293e+00   2.1226771e+00  -4.9180281e+00
  -6.3147578e+00   4.1520115e+00  -4.4934211e+00
  -7.8131312e+00   2.1414632e-01  -4.1642992e+00
  -5.4793298e+00   5.3323150e+00  -3.9874820e+00
  -7.7049099e+00   3.2612756e+00  -5.6636795e+00
  -7.4314510e+00   3.1987966e+00  -5.3395903e+00
  -8.2453384e+00   1.5678648e+00  -5.4697642e+00
  -7.3469224e+00   3.8884132e+00  -5.5197267e+00
  -7.9081017e+00   3.0873058e+00  -5.8128647e+00
  -8.4479928e+00   2.4625513e+00  -6.1294663e+00
  -8.1652430e+00   2.6915479e+00  -5.9234330e+00
  -8.4827840e+00   2.6498348e+00  -6.2501726e+00
  -8.1308493e+00   3.6128264e+00  -6.2607727e+00
  -8.7395683e+00   2.9156574e+00  -6.6395979e+00
  -7.2547270e+00   1.0224847e+00  -4.0265300e+00
  -7.0358136e+00   1.7671743e+00  -4.2063526e+00
  -6.5747511e+00   3.1842117e+00  -4.3858372e+00
  -6.8919721e+00   1.2437299e+00  -3.7348526e+00
  -6.5516613e+00   1.6502942e+00  -3.5761912e+00
  -6.0038417e+00   2.1339835e+00  -3.2068317e+00
  -6.1420417e+00   4.8143014e+00  -4.5401537e+00
  -7.6678304e+00   2.7127276e-01  -4.0300800e+00
  -6.8385171e+00   3.0044840e+00  -4.6002903e+00
  -7.6578249e+00   7.9931751e-01  -4.3603786e+00
  -6.8333866e+00   4.0273892e+00  -5.0140932e+00
  -8.8691590e+00  -3.6630351e-01  -5.0109645e+00
  -7.0134453e+00   3.7272222e+00  -5.0960425e+00
  -8.8148363e+00  -2.3090534e-01  -5.0398494e+00
  -6.7729552e+00   5.0920624e+00  -5.3092948e+00
  -9.3965376e+00  -7.8755330e-01  -5.3309495e+00
  -5.9722482e+00   3.6323651e+00  -3.9051394e+00
  -6.8236370e+00   4.6142052e-01  -3.1396262e+00
  -6.2934595e+00   1.8013969e+00  -3.3593524e+00
  -6.1017596e+00   1.2382928e+00  -2.7808641e+00
  -6.1050133e+00   5.0146828e+00  -4.5659560e+00
  -7.7021597e+00  -6.0630622e-02  -3.8410798e+00
  -6.4021899e+00   3.2264037e+00  -4.2112504e+00
  -7.4777805e+00   1.2084492e-01  -3.6981502e+00
  -6.3054347e+00   5.1724607e+00  -4.8323663e+00
  -9.4564695e+00  -1.8488002e+00  -4.5966917e+00
  -6.4725544e+00   4.4240122e+00  -4.7652436e+00
  -8.8347888e+00  -9.9912250e-01  -4.5151966e+00
  -6.4790661e+00   4.6795473e+00  -4.8605538e+00
  -8.9256472e+00  -1.0171902e+00  -4.6101767e+00
  -6.6288285e+00   1.1767305e+00  -3.3801414e+00
  -5.6100381e+00   3.3222528e+00  -3.3564493e+00
  -6.2455362e+00   4.2668649e+00  -4.4602645e+00
  -7.0398538e+00   2.1523149e+00  -4.4163587e+00
  -6.6067395e+00   2.8096851e+00  -4.2503850e+00
  -6.9929913e+00   2.3931432e+00  -4.4850040e+00
  -6.6613184e+00   4.3189913e+00  -4.9332368e+00
  -8.4862910e+00   1.2272884e+00  -5.5558283e+00
  -6.6790664e+00   4.1071972e+00  -4.8755270e+00
  -8.5937872e+00   8.6990348e-01  -5.4752266e+00
  -6.5251946e+00   4.9253181e+00  -4.9911478e+00
  -8.7536611e+00   8.4094705e-01  -5.6384656e+00
  -5.8569552e+00   5.3079540e+00  -4.3901584e+00
  -7.6136240e+00   8.2204520e-01  -4.3229007e+00
  -6.3092909e+00   3.1878888e+00  -4.0895572e+00
  -7.2106443e+00   1.4418978e+00  -4.2249603e+00
  -6.3906556e+00   4.4458443e+00  -4.6837667e+00
  -8.5054100e+00   4.3808823e-01  -5.1160823e+00
  -6.3979993e+00   4.1154198e+00  -4.5710471e+00
  -8.3319763e+00   4.5164077e-01  -4.9252047e+00
  -6.4138531e+00   4.9357383e+00  -4.8744581e+00
  -8.8967226e+00   6.4682937e-02  -5.3287051e+00
  -7.0851439e+00   2.5054348e+00  -4.6437967e+00
  -7.1630826e+00   2.6794083e+00  -4.8136146e+00
  -6.9570304e+00   3.9904079e+00  -5.1348818e+00
  -8.4001147e+00   1.5834322e+00  -5.6503555e+00
  -7.2911075e+00   3.3883126e+00  -5.2643306e+00
  -8.3649691e+00   1.8278088e+00  -5.7364426e+00
  -7.1715570e+00   4.5494121e+00  -5.5631491e+00
  -8.9247748e+00   1.3784129e+00  -6.1240646e+00
  -8.5678881e+00   2.1359409e+00  -6.1095759e+00
  -8.2542410e+00   2.6751492e+00  -6.0131216e+00
  -8.8656046e+00   1.6794039e+00  -6.2132962e+00
  -8.3244289e+00   2.7607501e+00  -6.1265567e+00
  -8.5753730e+00   3.2002934e+00  -6.5782922e+00
  -9.1001466e+00   1.8229769e+00  -6.5402357e+00
  -7.6680098e+00   3.1525075e+00  -5.5786988e+00
  -8.3223283e+00   1.6883087e+00  -5.6182588e+00
  -8.1570582e+00   3.7129349e+00  -6.3260175e+00
  -9.2900255e+00   1.1547128e+00  -6.4079596e+00
  -9.6504564e+00   1.9869765e+00  -7.2123994e+00
  -9.1386082e+00   2.5347353e+00  -6.9073643e+00
