  -8.3857247e+00  -1.5898220e+00  -3.4892366e+00
  -5.5647199e+00   3.7544444e+00  -3.4977113e+00
  -8.3200327e+00  -1.6186539e+00  -3.3811536e+00
  -5.3706278e+00   3.9630988e+00  -3.3663516e+00
  -7.8162042e+00  -2.2902462e-01  -3.8581376e+00
  -5.4225546e+00   3.8216531e+00  -3.3653315e+00
  -8.1509884e+00  -2.1987268e+00  -2.6312332e+00
  -4.2990425e+00   5.0386262e+00  -2.5771687e+00
  -7.8822562e+00  -1.6196563e-01  -3.9860573e+00
  -5.5242098e+00   3.6027535e+00  -3.3855742e+00
  -8.1762441e+00  -1.1891334e+00  -3.5610569e+00
  -5.3751323e+00   3.9430607e+00  -3.3630521e+00
  -8.1137036e+00   8.3332104e-01  -4.9080726e+00
  -7.4400557e+00   2.1812963e+00  -4.8831123e+00
  -8.1148795e+00   7.6310485e-01  -4.8671819e+00
  -7.5459971e+00   2.0188166e+00  -4.9201061e+00
  -7.9083045e+00   1.5047909e+00  -5.0575832e+00
  -7.6262182e+00   2.0171888e+00  -5.0093678e+00
  -6.9991841e+00  -3.7142020e-01  -2.7347029e+00
  -5.5481624e+00   1.9840964e+00  -2.5741499e+00
  -6.5534712e+00   1.0839109e+00  -3.2301772e+00
  -5.9707332e+00   1.2764662e+00  -2.6448952e+00
  -6.9041473e+00  -8.0602119e-01  -2.2483147e+00
  -4.7313411e+00   2.7964606e+00  -2.0535896e+00
  -6.2106199e+00   1.4749395e+00  -3.0642138e+00
  -5.8423962e+00   1.1827421e+00  -2.4230425e+00
  -6.6324471e+00   5.3777880e-01  -2.9576006e+00
  -5.7729589e+00   1.6351114e+00  -2.6331979e+00
  -7.0651979e+00   1.7870546e+00  -4.2510972e+00
  -7.7808335e+00   1.0249798e-01  -4.0497482e+00
  -7.1164631e+00   1.7009900e+00  -4.2626206e+00
  -7.8565007e+00   4.5186753e-02  -4.1005640e+00
  -6.8568355e+00   2.5913288e+00  -4.4282749e+00
  -8.0331924e+00  -1.6382288e-01  -4.1657562e+00
  -5.9952030e+00   1.5819155e+00  -2.8703574e+00
  -5.9317629e+00   8.1505601e-01  -2.2778947e+00
  -6.4850771e+00  -4.6319018e-01  -1.9880514e+00
  -4.9198380e+00   1.9145083e+00  -1.7533157e+00
  -5.8053797e+00   1.9486976e+00  -2.8637143e+00
  -5.8704837e+00   8.1996536e-01  -2.2035940e+00
  -6.2656181e+00   5.0434236e-01  -2.4743551e+00
  -5.6092978e+00   1.1630764e+00  -2.1165423e+00
  -6.6601774e+00   2.6938674e+00  -4.2555473e+00
  -8.3736609e+00  -9.4817380e-01  -3.9967902e+00
  -6.6240549e+00   2.3404769e+00  -4.0387165e+00
  -7.8828222e+00  -3.7979511e-01  -3.8287559e+00
  -6.4768136e+00   2.3859647e+00  -3.8931862e+00
  -7.4783589e+00  -3.2627982e-02  -3.5895138e+00
  -6.8196015e+00  -1.0122825e+00  -1.9508592e+00
  -4.5302953e+00   3.1325146e+00  -1.9937927e+00
  -6.2406568e+00   1.1609456e+00  -2.9002002e+00
  -5.3149510e+00   2.3907054e+00  -2.5303913e+00
  -6.4015413e+00   3.0411663e-01  -2.4975268e+00
  -5.1910646e+00   2.5493343e+00  -2.4709160e+00
  -6.7849801e+00   2.0653679e+00  -4.0793896e+00
  -7.4541339e+00   1.0523509e+00  -4.2779266e+00
  -6.9230434e+00   1.8624624e+00  -4.1287556e+00
  -7.6379555e+00   8.4631277e-01  -4.3662846e+00
  -6.4927844e+00   2.6904373e+00  -4.0640234e+00
  -7.6037914e+00   6.2790599e-01  -4.1889902e+00
  -5.8287216e+00   1.9187827e+00  -2.8740491e+00
  -5.7985861e+00   1.2548824e+00  -2.4172565e+00
  -6.2064266e+00   6.1115924e-01  -2.4777485e+00
  -5.4755160e+00   1.7723955e+00  -2.3547414e+00
  -6.4441963e+00   2.3899590e+00  -3.8577397e+00
  -7.5356373e+00   2.8524693e-01  -3.8816385e+00
  -6.3577437e+00   2.2446312e+00  -3.6815886e+00
  -7.4810097e+00   1.7750802e-01  -3.7417220e+00
  -6.2571614e+00   2.7689495e+00  -3.8336953e+00
  -7.6754174e+00  -6.6076769e-02  -3.8048721e+00
  -7.2989837e+00  -4.8534752e-01  -3.0249791e+00
  -5.1464598e+00   3.8155671e+00  -3.0478878e+00
  -7.3662037e+00   1.4270135e+00  -4.3960995e+00
  -7.2597979e+00   2.1543802e+00  -4.6666211e+00
  -7.3515304e+00   1.4316627e+00  -4.3818448e+00
  -7.4471302e+00   1.8259424e+00  -4.7081379e+00
  -7.2610707e+00   2.1157293e+00  -4.6483715e+00
  -7.6480561e+00   1.6875365e+00  -4.8619833e+00
  -8.6888834e+00   2.2410642e-01  -5.1921631e+00
  -7.4071446e+00   2.6638176e+00  -5.0778785e+00
  -8.9821887e+00  -3.5699778e-01  -5.1486224e+00
  -7.3008899e+00   2.9451698e+00  -5.0870825e+00
  -8.7718461e+00   5.8746754e-01  -5.5103875e+00
  -7.6645218e+00   2.5816350e+00  -5.3249036e+00
  -8.0043201e+00   9.0578305e-01  -4.8258864e+00
  -7.4156717e+00   2.0151197e+00  -4.7714052e+00
  -7.9838467e+00   1.5696718e+00  -5.1777089e+00
  -8.0073609e+00   1.1955568e+00  -4.9979360e+00
  -9.7042365e+00  -1.4698988e-01  -6.1101437e+00
  -7.9626573e+00   2.6108249e+00  -5.6661739e+00
