  -8.5078151e+00  -1.7874548e+00  -3.4733418e+00
  -5.9527362e+00   2.9467777e+00  -3.5715285e+00
  -8.4317599e+00  -1.6431323e+00  -3.5017868e+00
  -5.8741048e+00   2.9997963e+00  -3.5068698e+00
  -7.5014536e+00  -5.2019486e-02  -3.6036783e+00
  -6.2424642e+00   2.0125044e+00  -3.4198572e+00
  -7.9092852e+00  -1.2460636e+00  -3.1767123e+00
  -5.4898116e+00   3.1132483e+00  -3.1183136e+00
  -7.9141424e+00   3.3351551e-01  -4.3630994e+00
  -6.6078508e+00   2.0782962e+00  -3.8820652e+00
  -8.3854837e+00  -1.8363523e+00  -3.2740648e+00
  -5.4896682e+00   3.1861867e+00  -3.1535013e+00
  -8.0592510e+00   6.3388464e-01  -4.7239490e+00
  -7.7936083e+00   1.1450047e+00  -4.7249200e+00
  -8.2874042e+00   4.9362903e-01  -4.9000913e+00
  -8.0417953e+00   1.0871353e+00  -4.9750407e+00
  -8.2532974e+00   1.4046703e+00  -5.3914919e+00
  -8.5214746e+00   9.1882966e-01  -5.4218744e+00
  -7.3074121e+00  -5.0715148e-01  -3.0183578e+00
  -6.0498319e+00   1.5663851e+00  -2.9268447e+00
  -6.7646075e+00   7.1128792e-01  -3.2398018e+00
  -6.6410326e+00   4.9943604e-01  -2.9410634e+00
  -6.8623433e+00   5.4170640e-02  -2.8914532e+00
  -5.9809290e+00   1.3933813e+00  -2.7336330e+00
  -6.3088911e+00   1.8971013e+00  -3.4326904e+00
  -6.8271786e+00   1.4665207e-01  -2.9165091e+00
  -7.0570525e+00  -3.3367690e-01  -2.8383965e+00
  -5.7318272e+00   1.7147989e+00  -2.6328316e+00
  -7.0728114e+00   1.5509037e+00  -4.1277628e+00
  -8.1008814e+00  -4.7988285e-01  -4.0193756e+00
  -7.0771518e+00   1.6175733e+00  -4.1706183e+00
  -8.3339046e+00  -7.3564356e-01  -4.1108161e+00
  -6.7910598e+00   2.9943645e+00  -4.5427444e+00
  -9.0822358e+00  -1.5178274e+00  -4.4104815e+00
  -6.3079882e+00   1.1203744e+00  -2.9558225e+00
  -6.5297367e+00   3.5281308e-01  -2.6959556e+00
  -6.4860949e+00   2.7874187e-01  -2.5857466e+00
  -6.0139324e+00   9.0374866e-01  -2.4447477e+00
  -6.4057685e+00   1.8229438e+00  -3.5043431e+00
  -6.6521318e+00   5.7678156e-01  -3.0093541e+00
  -6.6756085e+00  -3.1966798e-01  -2.3594096e+00
  -5.5177064e+00   1.3893372e+00  -2.1567407e+00
  -6.5440503e+00   2.4409512e+00  -3.9984286e+00
  -8.6951718e+00  -1.5426406e+00  -3.9160855e+00
  -6.5249905e+00   2.1660275e+00  -3.8333233e+00
  -8.1839089e+00  -8.8731630e-01  -3.8116792e+00
  -6.5361150e+00   2.6786775e+00  -4.1075512e+00
  -8.4711622e+00  -1.0987168e+00  -3.9983893e+00
  -6.8797688e+00  -3.6799850e-01  -2.5842951e+00
  -5.7086498e+00   1.7636542e+00  -2.6348722e+00
  -6.4055956e+00   1.4765412e+00  -3.2991513e+00
  -6.3194915e+00   1.1840230e+00  -3.0113641e+00
  -6.9454245e+00  -7.4490178e-01  -2.3556903e+00
  -5.1192993e+00   2.4538607e+00  -2.3301666e+00
  -6.7243970e+00   1.8194107e+00  -3.8750266e+00
  -7.8548421e+00  -1.4915987e-02  -4.0568543e+00
  -6.7761488e+00   1.7800906e+00  -3.9131522e+00
  -8.0744553e+00  -2.4796457e-01  -4.1555312e+00
  -6.7136490e+00   2.6878755e+00  -4.3131168e+00
  -8.5504884e+00  -5.7005793e-01  -4.4927137e+00
  -6.0291066e+00   2.3205394e+00  -3.3393065e+00
  -6.9391181e+00  -2.1866880e-02  -2.9304682e+00
  -6.4395110e+00  -1.2033611e-01  -2.2143702e+00
  -5.4884581e+00   1.3544541e+00  -2.0962098e+00
  -6.4626490e+00   2.0706396e+00  -3.7095145e+00
  -7.9024090e+00  -5.5778204e-01  -3.7195470e+00
  -6.5053813e+00   1.9694047e+00  -3.7035805e+00
  -8.0053316e+00  -6.7414476e-01  -3.7571266e+00
  -6.5043263e+00   2.8050999e+00  -4.1323817e+00
  -8.6476690e+00  -1.2016564e+00  -4.1329732e+00
  -7.3851860e+00  -9.4974728e-01  -2.7546324e+00
  -5.3237455e+00   3.0012939e+00  -2.8690111e+00
  -7.3643081e+00   1.2763364e+00  -4.3068096e+00
  -7.6692650e+00   1.2915154e+00  -4.6668598e+00
  -7.4664319e+00   1.0276687e+00  -4.2773172e+00
  -7.7314215e+00   1.2387748e+00  -4.7078285e+00
  -7.3102918e+00   2.3249063e+00  -4.8086273e+00
  -8.5745562e+00   4.4943942e-01  -5.2022580e+00
  -8.6686331e+00  -1.2478868e-01  -4.9413089e+00
  -7.6125916e+00   1.9159338e+00  -4.9421843e+00
  -8.9345267e+00  -3.6442021e-01  -5.0882680e+00
  -7.8184999e+00   1.8910237e+00  -5.1605072e+00
  -8.6708476e+00   1.0901799e+00  -5.6865618e+00
  -8.7381289e+00   9.1948791e-01  -5.6659453e+00
  -7.7865537e+00   8.2347838e-01  -4.5249878e+00
  -7.6785596e+00   1.0854421e+00  -4.5577349e+00
  -8.1269137e+00   1.6526737e+00  -5.3820361e+00
  -9.0115307e+00  -1.0736435e-01  -5.3488868e+00
  -9.8505722e+00  -1.0747589e-01  -6.2991209e+00
  -8.8702728e+00   1.4129901e+00  -6.0820424e+00
