  -8.1850687e+00   7.5922963e-01  -4.9453804e+00
  -7.1066787e+00   3.7521683e+00  -5.2074103e+00
  -8.3146876e+00  -9.0723196e-02  -4.5503042e+00
  -6.7393040e+00   4.1406785e+00  -4.9535371e+00
  -7.6519055e+00   1.3096440e+00  -4.6573293e+00
  -5.6911528e+00   4.8653023e+00  -4.0651695e+00
  -7.8614790e+00  -7.4172544e-01  -3.5273145e+00
  -4.7926752e+00   5.9556634e+00  -3.4286504e+00
  -7.6717746e+00   2.8049222e+00  -5.4336185e+00
  -7.1168647e+00   3.4307984e+00  -5.0908673e+00
  -8.2800043e+00   1.6297745e+00  -5.5408693e+00
  -7.5475186e+00   3.6346943e+00  -5.6408527e+00
  -7.9150490e+00   3.0063408e+00  -5.7865210e+00
  -8.5470985e+00   2.3419217e+00  -6.1826209e+00
  -8.1081316e+00   2.5008626e+00  -5.7757893e+00
  -8.3388920e+00   2.6778620e+00  -6.1063133e+00
  -8.0046912e+00   3.4593104e+00  -6.0667139e+00
  -8.6516245e+00   2.7328739e+00  -6.4684440e+00
  -7.1551178e+00   9.4316482e-01  -3.8597073e+00
  -6.8494046e+00   1.8031313e+00  -4.0109890e+00
  -6.4814693e+00   2.6360870e+00  -4.0245229e+00
  -6.3194889e+00   1.6840723e+00  -3.3213686e+00
  -6.5140791e+00   7.6446312e-01  -2.9694174e+00
  -5.3040248e+00   2.7516996e+00  -2.7162019e+00
  -6.1010746e+00   4.3327438e+00  -4.3259078e+00
  -7.3630365e+00   5.0849140e-01  -3.8255133e+00
  -6.7962135e+00   3.1220143e+00  -4.6054642e+00
  -7.8836679e+00   4.7098390e-01  -4.4167459e+00
  -6.8158940e+00   3.9781717e+00  -4.9765818e+00
  -8.9728675e+00  -4.8536302e-01  -5.0496988e+00
  -6.9968211e+00   3.4950001e+00  -4.9853274e+00
  -8.6515301e+00  -8.1791715e-02  -4.9501549e+00
  -6.7631856e+00   4.7688423e+00  -5.1967534e+00
  -9.2254066e+00  -6.4063654e-01  -5.2354214e+00
  -5.8584626e+00   3.1045937e+00  -3.5390559e+00
  -6.2551410e+00   9.0065716e-01  -2.7433140e+00
  -6.2892944e+00   9.1143709e-01  -2.7929403e+00
  -5.4427849e+00   1.8138096e+00  -2.3405161e+00
  -5.8869846e+00   4.7242277e+00  -4.2311209e+00
  -7.4405059e+00   1.2964353e-02  -3.5761806e+00
  -6.3956437e+00   3.2835701e+00  -4.2291985e+00
  -7.7030619e+00  -1.3996598e-01  -3.7853695e+00
  -6.3074665e+00   5.1422619e+00  -4.8251753e+00
  -9.5848657e+00  -1.9407246e+00  -4.6768716e+00
  -6.4835124e+00   4.2097129e+00  -4.6998389e+00
  -8.7238146e+00  -8.7914029e-01  -4.4724473e+00
  -6.4654042e+00   4.3995631e+00  -4.7487847e+00
  -8.7677768e+00  -8.5494261e-01  -4.5429837e+00
  -6.5488893e+00   3.9875923e-01  -2.7537169e+00
  -4.9924121e+00   3.6859787e+00  -2.8125574e+00
  -6.1431914e+00   3.8788484e+00  -4.1978107e+00
  -6.7543534e+00   2.2623464e+00  -4.1475970e+00
  -6.5338079e+00   2.9690981e+00  -4.2426274e+00
  -7.2387452e+00   1.9581214e+00  -4.5413506e+00
  -6.6659563e+00   4.2308646e+00  -4.9065854e+00
  -8.5782638e+00   1.1141572e+00  -5.5962763e+00
  -6.6845381e+00   3.8708017e+00  -4.7919160e+00
  -8.4571950e+00   9.8322468e-01  -5.3862959e+00
  -6.4614787e+00   4.7340035e+00  -4.8597763e+00
  -8.6435565e+00   8.4977457e-01  -5.5196916e+00
  -5.8134634e+00   4.7975718e+00  -4.1759516e+00
  -7.2831427e+00   1.0635391e+00  -4.0850401e+00
  -6.3333219e+00   3.2548290e+00  -4.1465557e+00
  -7.4445925e+00   1.1679061e+00  -4.3359814e+00
  -6.3620687e+00   4.4442494e+00  -4.6520347e+00
  -8.6261874e+00   2.8426300e-01  -5.1582911e+00
  -6.3052753e+00   3.9680425e+00  -4.4125055e+00
  -8.2004067e+00   4.7049639e-01  -4.7851136e+00
  -6.3184204e+00   4.7527217e+00  -4.7110422e+00
  -8.7885324e+00   2.5366817e-02  -5.1790733e+00
  -7.1571728e+00   2.4584186e+00  -4.7019356e+00
  -7.3004372e+00   2.5846991e+00  -4.9224471e+00
  -6.9652576e+00   3.8547622e+00  -5.0926696e+00
  -8.4754788e+00   1.5189878e+00  -5.7004082e+00
  -7.2343875e+00   3.2461790e+00  -5.1433677e+00
  -8.2562263e+00   1.8580130e+00  -5.6312537e+00
  -7.1345383e+00   4.3035107e+00  -5.4397803e+00
  -8.8023779e+00   1.4364928e+00  -6.0193736e+00
  -8.5715976e+00   2.1299335e+00  -6.1107913e+00
  -8.4053357e+00   2.5304665e+00  -6.1134886e+00
  -8.8492978e+00   1.4375133e+00  -6.0717015e+00
  -8.1710440e+00   2.8894768e+00  -6.0152201e+00
  -8.5349803e+00   2.9247709e+00  -6.4234060e+00
  -8.9391633e+00   1.9835366e+00  -6.4421807e+00
  -7.7109268e+00   2.9325659e+00  -5.5323241e+00
  -8.2537038e+00   1.7695778e+00  -5.5836846e+00
  -8.0431973e+00   3.5675559e+00  -6.1496495e+00
  -9.1556909e+00   1.1712861e+00  -6.2689480e+00
  -9.5657914e+00   1.8478193e+00  -7.0563227e+00
  -9.0363963e+00   2.5307587e+00  -6.7958746e+00
