   1.5019479e+01   3.5558862e+01   1.5059214e+01
   1.4631249e+01   2.8050713e+01   1.4840308e+01
   1.6100154e+01   4.0007145e+01   1.6118288e+01
   1.5735779e+01   2.9311505e+01   1.5935815e+01
   1.3072275e+01   2.9162042e+01   1.3185734e+01
   1.3998620e+01   2.7771315e+01   1.4191987e+01
   1.1059354e+01   2.5152744e+01   1.1245196e+01
   1.2263409e+01   2.8045598e+01   1.2386457e+01
   1.5838626e+01   3.6017580e+01   1.5881590e+01
   1.6594732e+01   3.3892394e+01   1.6678180e+01
   1.3101411e+01   2.8586428e+01   1.3232015e+01
   1.3125068e+01   2.5615936e+01   1.3388871e+01
   1.4114198e+01   2.8716018e+01   1.4273224e+01
   1.3718962e+01   3.3680597e+01   1.3764859e+01
   1.4948152e+01   3.5210869e+01   1.4990534e+01
   1.4608511e+01   3.0855689e+01   1.4716372e+01
   1.1269425e+01   2.6232801e+01   1.1420508e+01
   1.1865477e+01   2.7891581e+01   1.1982341e+01
   1.3040028e+01   3.1541612e+01   1.3104833e+01
   1.3073933e+01   2.4351223e+01   1.3426178e+01
   1.3991982e+01   2.5361041e+01   1.4333624e+01
   1.4760726e+01   3.0805352e+01   1.4873672e+01
   1.3661532e+01   2.8272219e+01   1.3820867e+01
   1.4183172e+01   3.1181802e+01   1.4274036e+01
   1.7093982e+01   3.7739162e+01   1.7132309e+01
   1.6884598e+01   3.4812566e+01   1.6956584e+01
   1.2361289e+01   2.5523354e+01   1.2588368e+01
   1.2402305e+01   2.7785872e+01   1.2537113e+01
   1.2530621e+01   2.3476842e+01   1.2914197e+01
   1.2363665e+01   3.2822942e+01   1.2405180e+01
   1.4727099e+01   3.2801656e+01   1.4797569e+01
   1.4388940e+01   2.9234833e+01   1.4538797e+01
   1.3714069e+01   3.0030168e+01   1.3821015e+01
   1.3696061e+01   3.0773861e+01   1.3785654e+01
   1.5140452e+01   2.7195272e+01   1.5428109e+01
   1.5978979e+01   3.7269679e+01   1.6012177e+01
   1.4846094e+01   2.5677592e+01   1.5232123e+01
   1.5291691e+01   4.0679077e+01   1.5304642e+01
   1.2955855e+01   2.4989709e+01   1.3250377e+01
   1.3161377e+01   3.4564952e+01   1.3194445e+01
   1.2192313e+01   2.5402017e+01   1.2417332e+01
   1.2263685e+01   2.6685707e+01   1.2432780e+01
   1.0969300e+01   2.1003806e+01   1.1457388e+01
   1.0734627e+01   2.8420040e+01   1.0815511e+01
   1.3080513e+01   3.1965003e+01   1.3139789e+01
   1.2999193e+01   3.0791252e+01   1.3075625e+01
   1.3345622e+01   2.8105911e+01   1.3499944e+01
   1.3319356e+01   2.9391726e+01   1.3432984e+01
   1.3814042e+01   2.5718623e+01   1.4115215e+01
   1.3715501e+01   2.3346456e+01   1.4236136e+01
   1.4447902e+01   3.0883208e+01   1.4551269e+01
   1.4910703e+01   2.6822073e+01   1.5208803e+01
   1.5311497e+01   3.4149066e+01   1.5370299e+01
   1.4730069e+01   2.7857170e+01   1.4953880e+01
   1.3122398e+01   2.6411433e+01   1.3340887e+01
   1.2429156e+01   2.4247348e+01   1.2741028e+01
   1.4344392e+01   3.1946752e+01   1.4423259e+01
   1.3734912e+01   2.4613461e+01   1.4119984e+01
   1.5343309e+01   3.3914328e+01   1.5405846e+01
   1.5124109e+01   2.9955767e+01   1.5273658e+01
   1.3125245e+01   2.8334911e+01   1.3264488e+01
   1.3017342e+01   2.4753140e+01   1.3333287e+01
   1.5575683e+01   3.4103832e+01   1.5638752e+01
   1.5015825e+01   2.8667547e+01   1.5213216e+01
   1.2477289e+01   2.7579404e+01   1.2621125e+01
   1.1988269e+01   2.7483188e+01   1.2120321e+01
   1.4893623e+01   3.4941191e+01   1.4938185e+01
   1.4602357e+01   2.7910207e+01   1.4817033e+01
   1.4232186e+01   3.2030131e+01   1.4307621e+01
   1.4152830e+01   3.2330537e+01   1.4221948e+01
   1.3092456e+01   2.6906874e+01   1.3285600e+01
   1.2816550e+01   2.8100510e+01   1.2953857e+01
   1.2550142e+01   2.5832482e+01   1.2770372e+01
   1.2190631e+01   2.7403210e+01   1.2331305e+01
   1.3325722e+01   3.3910562e+01   1.3365611e+01
   1.3311242e+01   2.7115936e+01   1.3504393e+01
   1.3957386e+01   2.6667837e+01   1.4205864e+01
   1.3683141e+01   3.4290045e+01   1.3722689e+01
   1.1609716e+01   2.3285004e+01   1.1935865e+01
   1.1644269e+01   2.8576669e+01   1.1739208e+01
   1.3410494e+01   3.0633234e+01   1.3497357e+01
   1.3292191e+01   2.8014540e+01   1.3447973e+01
   1.3745066e+01   3.1349063e+01   1.3824312e+01
   1.3693511e+01   2.7825504e+01   1.3871715e+01
   1.0920519e+01   2.6821425e+01   1.1042606e+01
   1.0744019e+01   2.8985457e+01   1.0815103e+01
   1.2194402e+01   2.6084671e+01   1.2386129e+01
   1.2464808e+01   2.6628161e+01   1.2644027e+01
   1.1213819e+01   2.3096758e+01   1.1526099e+01
   1.1657888e+01   2.8093077e+01   1.1764447e+01
