   1.4567957e+01   3.4309553e+01   1.4615905e+01
   1.4278798e+01   2.7742520e+01   1.4486258e+01
   1.5738456e+01   3.7560010e+01   1.5767864e+01
   1.5521856e+01   2.8931481e+01   1.5730137e+01
   1.2586234e+01   2.8881281e+01   1.2694989e+01
   1.3772894e+01   2.7308461e+01   1.3977760e+01
   1.0662380e+01   2.5199610e+01   1.0831007e+01
   1.1843759e+01   2.7078709e+01   1.1984353e+01
   1.5539070e+01   3.5583012e+01   1.5583477e+01
   1.6275175e+01   3.3823550e+01   1.6354029e+01
   1.2802761e+01   2.8193618e+01   1.2936705e+01
   1.2745149e+01   2.5177798e+01   1.3013716e+01
   1.3666114e+01   2.7882641e+01   1.3840863e+01
   1.3501180e+01   3.3344969e+01   1.3548445e+01
   1.4384204e+01   3.3755663e+01   1.4436517e+01
   1.4169836e+01   3.0230175e+01   1.4282893e+01
   1.0743019e+01   2.4447902e+01   1.0947698e+01
   1.1550006e+01   2.7477325e+01   1.1670134e+01
   1.2827482e+01   3.1352724e+01   1.2892084e+01
   1.2777968e+01   2.4051153e+01   1.3131681e+01
   1.3741555e+01   2.5234048e+01   1.4074004e+01
   1.4243353e+01   2.9902883e+01   1.4367410e+01
   1.3378079e+01   2.8132930e+01   1.3532547e+01
   1.3728454e+01   3.0491754e+01   1.3824815e+01
   1.6665913e+01   3.7024204e+01   1.6706950e+01
   1.6576325e+01   3.4841262e+01   1.6642994e+01
   1.2030372e+01   2.5156975e+01   1.2260326e+01
   1.2072667e+01   2.7586851e+01   1.2203978e+01
   1.2087837e+01   2.3094252e+01   1.2467976e+01
   1.2127630e+01   3.2227090e+01   1.2172885e+01
   1.4305770e+01   3.2190614e+01   1.4379654e+01
   1.4132348e+01   2.8938632e+01   1.4283918e+01
   1.3350616e+01   2.9597596e+01   1.3459679e+01
   1.3350397e+01   3.0001998e+01   1.3449656e+01
   1.4948000e+01   2.6990371e+01   1.5236885e+01
   1.5518915e+01   3.5851402e+01   1.5560460e+01
   1.4590455e+01   2.5767648e+01   1.4946437e+01
   1.4969892e+01   3.8394483e+01   1.4990304e+01
   1.2708378e+01   2.4893241e+01   1.2993307e+01
   1.2931656e+01   3.4275847e+01   1.2965264e+01
   1.1800757e+01   2.4976580e+01   1.2028767e+01
   1.1826011e+01   2.5540151e+01   1.2026821e+01
   1.0540638e+01   2.0593005e+01   1.1030155e+01
   1.0466243e+01   2.7818991e+01   1.0554050e+01
   1.2717895e+01   3.1192336e+01   1.2783345e+01
   1.2673916e+01   3.0035800e+01   1.2758687e+01
   1.2994672e+01   2.7728348e+01   1.3150526e+01
   1.2966810e+01   2.8520954e+01   1.3095509e+01
   1.3484646e+01   2.5406748e+01   1.3785479e+01
   1.3343074e+01   2.3089905e+01   1.3850980e+01
   1.4198323e+01   3.0618326e+01   1.4302269e+01
   1.4413421e+01   2.6430520e+01   1.4705188e+01
   1.4982890e+01   3.4361693e+01   1.5034879e+01
   1.4500230e+01   2.7591573e+01   1.4726325e+01
   1.2682425e+01   2.5892122e+01   1.2906112e+01
   1.2233003e+01   2.4222262e+01   1.2533171e+01
   1.3826924e+01   3.0885794e+01   1.3916803e+01
   1.3426360e+01   2.4438915e+01   1.3800324e+01
   1.4941837e+01   3.2996435e+01   1.5012524e+01
   1.4837339e+01   2.9797049e+01   1.4982764e+01
   1.2664999e+01   2.7799545e+01   1.2807431e+01
   1.2585396e+01   2.4437752e+01   1.2894173e+01
   1.5128685e+01   3.3021890e+01   1.5201974e+01
   1.4740738e+01   2.8241644e+01   1.4945660e+01
   1.1972640e+01   2.6916745e+01   1.2122856e+01
   1.1713470e+01   2.7243731e+01   1.1844939e+01
   1.4542202e+01   3.4384348e+01   1.4589056e+01
   1.4293596e+01   2.7838771e+01   1.4497091e+01
   1.3784634e+01   3.1071055e+01   1.3869917e+01
   1.3743385e+01   3.2018970e+01   1.3811196e+01
   1.2701566e+01   2.6455575e+01   1.2898316e+01
   1.2644349e+01   2.7831615e+01   1.2785071e+01
   1.2064788e+01   2.5226432e+01   1.2292747e+01
   1.1886119e+01   2.6946599e+01   1.2032476e+01
   1.2988870e+01   3.2940738e+01   1.3035213e+01
   1.2925635e+01   2.6737986e+01   1.3119219e+01
   1.3519473e+01   2.6183516e+01   1.3771693e+01
   1.3398585e+01   3.3619022e+01   1.3441950e+01
   1.1253145e+01   2.2858457e+01   1.1586537e+01
   1.1237089e+01   2.7353628e+01   1.1352591e+01
   1.3021392e+01   2.9795850e+01   1.3118186e+01
   1.2936156e+01   2.7655170e+01   1.3092645e+01
   1.3391625e+01   3.0724662e+01   1.3476306e+01
   1.3300165e+01   2.7503482e+01   1.3476079e+01
   1.0501167e+01   2.6148460e+01   1.0631657e+01
   1.0399392e+01   2.8577896e+01   1.0471980e+01
   1.1915201e+01   2.6001507e+01   1.2098982e+01
   1.1942703e+01   2.5995321e+01   1.2127874e+01
   1.0929202e+01   2.2809076e+01   1.1243145e+01
   1.1135820e+01   2.6692340e+01   1.1267642e+01
