   1.5000107e+01   3.4835058e+01   1.5046881e+01
   1.4629710e+01   2.8052147e+01   1.4838624e+01
   1.6038474e+01   3.8846958e+01   1.6061848e+01
   1.5585970e+01   2.8741148e+01   1.5807041e+01
   1.3011650e+01   2.8928120e+01   1.3129862e+01
   1.3804395e+01   2.7354315e+01   1.4008512e+01
   1.1046391e+01   2.4918025e+01   1.1242200e+01
   1.2312335e+01   2.7755455e+01   1.2445430e+01
   1.5733458e+01   3.5182143e+01   1.5784364e+01
   1.6392230e+01   3.2571408e+01   1.6500595e+01
   1.3043868e+01   2.8229129e+01   1.3184028e+01
   1.3087820e+01   2.5442842e+01   1.3360355e+01
   1.4102234e+01   2.8574173e+01   1.4266190e+01
   1.3705177e+01   3.3293702e+01   1.3755221e+01
   1.4856996e+01   3.4800710e+01   1.4902654e+01
   1.4568950e+01   3.0532435e+01   1.4684218e+01
   1.1238947e+01   2.6338227e+01   1.1385378e+01
   1.1754478e+01   2.7165543e+01   1.1889576e+01
   1.3041400e+01   3.1554520e+01   1.3106031e+01
   1.3076550e+01   2.4311285e+01   1.3432386e+01
   1.3974672e+01   2.5349907e+01   1.4315861e+01
   1.4717406e+01   3.0219117e+01   1.4845642e+01
   1.3664732e+01   2.8144245e+01   1.3829034e+01
   1.4197551e+01   3.1139916e+01   1.4289600e+01
   1.7079175e+01   3.8113286e+01   1.7114208e+01
   1.6791084e+01   3.3268599e+01   1.6891977e+01
   1.2367568e+01   2.5500356e+01   1.2596201e+01
   1.2403337e+01   2.7738514e+01   1.2539675e+01
   1.2549451e+01   2.3498326e+01   1.2932699e+01
   1.2358978e+01   3.2835159e+01   1.2400333e+01
   1.4748483e+01   3.2748326e+01   1.4820174e+01
   1.4390924e+01   2.9214154e+01   1.4541575e+01
   1.3715141e+01   2.9970508e+01   1.3823610e+01
   1.3650389e+01   3.0240663e+01   1.3750781e+01
   1.5038129e+01   2.7110122e+01   1.5324811e+01
   1.5854369e+01   3.5634011e+01   1.5901488e+01
   1.4803331e+01   2.5546320e+01   1.5197776e+01
   1.5287566e+01   4.0660665e+01   1.5300560e+01
   1.2898000e+01   2.4939559e+01   1.3192167e+01
   1.3026714e+01   3.2234392e+01   1.3081746e+01
   1.2245206e+01   2.5346263e+01   1.2475908e+01
   1.2299106e+01   2.6813132e+01   1.2464521e+01
   1.0980319e+01   2.1030512e+01   1.1466474e+01
   1.0737500e+01   2.8320223e+01   1.0820331e+01
   1.3117381e+01   3.1977036e+01   1.3176975e+01
   1.2997282e+01   3.0750946e+01   1.3074399e+01
   1.3334100e+01   2.8100913e+01   1.3488204e+01
   1.3292694e+01   2.9315760e+01   1.3407666e+01
   1.3784111e+01   2.5627843e+01   1.4089756e+01
   1.3724871e+01   2.3370760e+01   1.4243575e+01
   1.4394639e+01   3.0701755e+01   1.4501183e+01
   1.4753886e+01   2.6662455e+01   1.5052517e+01
   1.5134508e+01   3.0940692e+01   1.5253597e+01
   1.4651854e+01   2.7810596e+01   1.4874128e+01
   1.3110090e+01   2.6308700e+01   1.3333314e+01
   1.2395969e+01   2.4220882e+01   1.2707466e+01
   1.4343931e+01   3.1706929e+01   1.4427307e+01
   1.3715659e+01   2.4603713e+01   1.4099920e+01
   1.5189818e+01   3.3597714e+01   1.5254831e+01
   1.4910070e+01   2.9001208e+01   1.5088226e+01
   1.3137572e+01   2.8364299e+01   1.3276243e+01
   1.2994467e+01   2.4640193e+01   1.3317339e+01
   1.5589389e+01   3.4105946e+01   1.5652623e+01
   1.5009919e+01   2.8629218e+01   1.5208829e+01
   1.2495393e+01   2.7709122e+01   1.2635495e+01
   1.1994732e+01   2.7452837e+01   1.2127912e+01
   1.4911777e+01   3.4940241e+01   1.4956531e+01
   1.4625013e+01   2.8140455e+01   1.4829410e+01
   1.4240821e+01   3.2041823e+01   1.4316197e+01
   1.4092449e+01   3.1071863e+01   1.4183790e+01
   1.3035558e+01   2.6631124e+01   1.3239023e+01
   1.2779096e+01   2.8110896e+01   1.2914936e+01
   1.2578068e+01   2.5841639e+01   1.2799201e+01
   1.2203502e+01   2.7467990e+01   1.2342458e+01
   1.3328370e+01   3.3670910e+01   1.3370557e+01
   1.3325060e+01   2.7148176e+01   1.3517349e+01
   1.3913222e+01   2.6599842e+01   1.4163201e+01
   1.3589962e+01   3.3865902e+01   1.3632693e+01
   1.1597525e+01   2.3115765e+01   1.1936163e+01
   1.1636232e+01   2.8548121e+01   1.1731636e+01
   1.3405156e+01   3.0538311e+01   1.3493851e+01
   1.3298720e+01   2.8081505e+01   1.3452304e+01
   1.3735840e+01   3.0493846e+01   1.3832313e+01
   1.3639403e+01   2.8227286e+01   1.3799625e+01
   1.0948051e+01   2.6783049e+01   1.1071970e+01
   1.0760538e+01   2.8937433e+01   1.0832673e+01
   1.2181999e+01   2.6103470e+01   1.2372356e+01
   1.2479070e+01   2.6601668e+01   1.2659980e+01
   1.1231947e+01   2.3115421e+01   1.1544099e+01
   1.1684605e+01   2.8157412e+01   1.1790194e+01
