   1.4183175e+01   3.2968186e+01   1.4243199e+01
   1.3993055e+01   2.7484165e+01   1.4199673e+01
   1.5149166e+01   3.2285594e+01   1.5236527e+01
   1.5173794e+01   2.8905924e+01   1.5367280e+01
   1.2067605e+01   2.7624772e+01   1.2197614e+01
   1.3413395e+01   2.7097808e+01   1.3611884e+01
   1.0369756e+01   2.4516035e+01   1.0555553e+01
   1.1546568e+01   2.6814524e+01   1.1686679e+01
   1.5168655e+01   3.4244096e+01   1.5224357e+01
   1.5835389e+01   3.2674026e+01   1.5928612e+01
   1.2435875e+01   2.7811381e+01   1.2570881e+01
   1.2305119e+01   2.4364066e+01   1.2600095e+01
   1.3130156e+01   2.6012323e+01   1.3370634e+01
   1.3105084e+01   2.9826776e+01   1.3202986e+01
   1.3870303e+01   3.1206370e+01   1.3954542e+01
   1.3764248e+01   2.9632270e+01   1.3882909e+01
   1.0280149e+01   2.3239692e+01   1.0526149e+01
   1.1214549e+01   2.6623155e+01   1.1350828e+01
   1.2645969e+01   3.1080941e+01   1.2712075e+01
   1.2564485e+01   2.3898403e+01   1.2913948e+01
   1.3483691e+01   2.5039693e+01   1.3811924e+01
   1.3753073e+01   2.8573227e+01   1.3904655e+01
   1.3092316e+01   2.7845813e+01   1.3247287e+01
   1.3283751e+01   2.9368457e+01   1.3397093e+01
   1.6209271e+01   3.5622157e+01   1.6260464e+01
   1.6134965e+01   3.2997410e+01   1.6227518e+01
   1.1769032e+01   2.5132306e+01   1.1987291e+01
   1.1782176e+01   2.7085820e+01   1.1920651e+01
   1.1769488e+01   2.2859163e+01   1.2143707e+01
   1.1905133e+01   3.1593165e+01   1.1955058e+01
   1.3948071e+01   3.1425515e+01   1.4029532e+01
   1.3857663e+01   2.8583548e+01   1.4012480e+01
   1.3030474e+01   2.9075842e+01   1.3145164e+01
   1.2988923e+01   2.9019403e+01   1.3104063e+01
   1.4734820e+01   2.6898076e+01   1.5015953e+01
   1.4999927e+01   3.2468134e+01   1.5080889e+01
   1.4349296e+01   2.5417596e+01   1.4715355e+01
   1.4649194e+01   3.5810355e+01   1.4683702e+01
   1.2496144e+01   2.4599571e+01   1.2787348e+01
   1.2666122e+01   3.2422937e+01   1.2714782e+01
   1.1446895e+01   2.4634561e+01   1.1675435e+01
   1.1416260e+01   2.4456917e+01   1.1652968e+01
   1.0178760e+01   2.0251053e+01   1.0669174e+01
   1.0170648e+01   2.6597234e+01   1.0280172e+01
   1.2413728e+01   3.0380445e+01   1.2487625e+01
   1.2373636e+01   2.9280692e+01   1.2468201e+01
   1.2703844e+01   2.7299832e+01   1.2865327e+01
   1.2672612e+01   2.7780977e+01   1.2815906e+01
   1.3157937e+01   2.5023741e+01   1.3463810e+01
   1.3037170e+01   2.2968396e+01   1.3524324e+01
   1.3853105e+01   2.9888832e+01   1.3967125e+01
   1.4043455e+01   2.6124695e+01   1.4331673e+01
   1.4345336e+01   3.1453905e+01   1.4433790e+01
   1.4094171e+01   2.7302794e+01   1.4314818e+01
   1.2110218e+01   2.5046105e+01   1.2350501e+01
   1.1833944e+01   2.3553195e+01   1.2155689e+01
   1.3346844e+01   2.9704390e+01   1.3453139e+01
   1.3157176e+01   2.4441746e+01   1.3508507e+01
   1.4399574e+01   3.1161328e+01   1.4495415e+01
   1.4394892e+01   2.9082531e+01   1.4550397e+01
   1.2254468e+01   2.7003295e+01   1.2411124e+01
   1.2190651e+01   2.4092898e+01   1.2497253e+01
   1.4614054e+01   3.1832022e+01   1.4700105e+01
   1.4427263e+01   2.7908498e+01   1.4633625e+01
   1.1567053e+01   2.6334335e+01   1.1724511e+01
   1.1455001e+01   2.6805150e+01   1.1592637e+01
   1.4188648e+01   3.3538738e+01   1.4241306e+01
   1.4003780e+01   2.7699336e+01   1.4200677e+01
   1.3429032e+01   3.0278293e+01   1.3523756e+01
   1.3393923e+01   3.1125343e+01   1.3471120e+01
   1.2290348e+01   2.6057740e+01   1.2487449e+01
   1.2315820e+01   2.7303187e+01   1.2463861e+01
   1.1618245e+01   2.4746993e+01   1.1849397e+01
   1.1561890e+01   2.6392097e+01   1.1717058e+01
   1.2671636e+01   3.1604200e+01   1.2730525e+01
   1.2606681e+01   2.6439022e+01   1.2800054e+01
   1.3191550e+01   2.5867003e+01   1.3443907e+01
   1.3138153e+01   3.3066126e+01   1.3184678e+01
   1.0825815e+01   2.2461754e+01   1.1159082e+01
   1.0796095e+01   2.6010496e+01   1.0939692e+01
   1.2601099e+01   2.8455928e+01   1.2721580e+01
   1.2562481e+01   2.7100963e+01   1.2726424e+01
   1.2988483e+01   2.9655142e+01   1.3087771e+01
   1.2955868e+01   2.7269469e+01   1.3127910e+01
   1.0165576e+01   2.5342256e+01   1.0312155e+01
   1.0128409e+01   2.8093506e+01   1.0205087e+01
   1.1530981e+01   2.4961898e+01   1.1746530e+01
   1.1496418e+01   2.5491749e+01   1.1685289e+01
   1.0716606e+01   2.2659490e+01   1.1027005e+01
   1.0775276e+01   2.5804666e+01   1.0925270e+01
