   1.4332351e+01   3.3262063e+01   1.4390325e+01
   1.4111470e+01   2.7563325e+01   1.4319797e+01
   1.5285991e+01   3.3400832e+01   1.5355532e+01
   1.5261887e+01   2.8660585e+01   1.5471048e+01
   1.2201897e+01   2.7983116e+01   1.2325070e+01
   1.3538317e+01   2.7331807e+01   1.3731547e+01
   1.0453264e+01   2.4552768e+01   1.0640816e+01
   1.1660232e+01   2.6620531e+01   1.1810535e+01
   1.5304268e+01   3.4767433e+01   1.5355140e+01
   1.6006438e+01   3.3160567e+01   1.6092983e+01
   1.2564227e+01   2.8069309e+01   1.2695007e+01
   1.2445234e+01   2.4642900e+01   1.2730173e+01
   1.3279369e+01   2.6449800e+01   1.3503691e+01
   1.3249706e+01   3.1118347e+01   1.3324592e+01
   1.3985384e+01   3.1937922e+01   1.4058314e+01
   1.3849528e+01   2.9514994e+01   1.3973834e+01
   1.0387045e+01   2.3471697e+01   1.0625413e+01
   1.1320029e+01   2.6970303e+01   1.1448623e+01
   1.2691362e+01   3.1011213e+01   1.2759221e+01
   1.2611937e+01   2.3841627e+01   1.2970016e+01
   1.3558578e+01   2.5110533e+01   1.3886895e+01
   1.3883224e+01   2.8986174e+01   1.4024938e+01
   1.3148168e+01   2.7947883e+01   1.3301382e+01
   1.3379230e+01   2.9676010e+01   1.3487005e+01
   1.6362830e+01   3.6850768e+01   1.6402716e+01
   1.6293719e+01   3.3583310e+01   1.6377452e+01
   1.1690401e+01   2.4704678e+01   1.1927631e+01
   1.1687057e+01   2.7260551e+01   1.1817256e+01
   1.1833781e+01   2.2908882e+01   1.2208977e+01
   1.1958424e+01   3.1821346e+01   1.2006333e+01
   1.4026566e+01   3.1564223e+01   1.4106840e+01
   1.3924584e+01   2.8620622e+01   1.4080394e+01
   1.3034794e+01   2.9083742e+01   1.3149383e+01
   1.3005005e+01   2.8997418e+01   1.3121152e+01
   1.4906836e+01   2.7028735e+01   1.5190396e+01
   1.5216293e+01   3.3470125e+01   1.5283660e+01
   1.4417061e+01   2.5542742e+01   1.4777934e+01
   1.4725756e+01   3.6344269e+01   1.4756785e+01
   1.2559554e+01   2.4655116e+01   1.2851084e+01
   1.2757090e+01   3.3352883e+01   1.2797124e+01
   1.1569548e+01   2.4621722e+01   1.1805077e+01
   1.1545377e+01   2.4761969e+01   1.1772033e+01
   1.0261378e+01   2.0323754e+01   1.0752201e+01
   1.0244188e+01   2.6906955e+01   1.0347706e+01
   1.2484836e+01   3.0556212e+01   1.2556897e+01
   1.2438205e+01   2.9414652e+01   1.2531182e+01
   1.2772129e+01   2.7402915e+01   1.2932176e+01
   1.2741090e+01   2.7941412e+01   1.2881227e+01
   1.3239307e+01   2.5010247e+01   1.3551904e+01
   1.3116963e+01   2.3009108e+01   1.3608355e+01
   1.3992307e+01   3.0187964e+01   1.4102020e+01
   1.4197410e+01   2.6489903e+01   1.4471185e+01
   1.4558674e+01   3.2707157e+01   1.4628034e+01
   1.4233739e+01   2.7526002e+01   1.4449828e+01
   1.2103358e+01   2.4770028e+01   1.2359439e+01
   1.1816980e+01   2.4017222e+01   1.2104056e+01
   1.3447321e+01   3.0059149e+01   1.3547407e+01
   1.3209085e+01   2.4359768e+01   1.3571656e+01
   1.4572581e+01   3.1830284e+01   1.4657868e+01
   1.4552326e+01   2.9462691e+01   1.4699751e+01
   1.2385044e+01   2.7379911e+01   1.2532699e+01
   1.2312784e+01   2.4337795e+01   1.2610118e+01
   1.4740809e+01   3.2219459e+01   1.4821725e+01
   1.4512349e+01   2.7918601e+01   1.4722248e+01
   1.1679147e+01   2.6565989e+01   1.1832012e+01
   1.1545918e+01   2.6571447e+01   1.1694194e+01
   1.4274944e+01   3.3819848e+01   1.4325243e+01
   1.4074119e+01   2.7735254e+01   1.4272498e+01
   1.3511581e+01   3.0428198e+01   1.3604758e+01
   1.3481451e+01   3.1557442e+01   1.3552654e+01
   1.2384897e+01   2.6215706e+01   1.2578856e+01
   1.2388942e+01   2.7374415e+01   1.2536913e+01
   1.1721653e+01   2.4864227e+01   1.1951713e+01
   1.1644586e+01   2.6563489e+01   1.1796386e+01
   1.2749447e+01   3.1967527e+01   1.2804518e+01
   1.2677066e+01   2.6495568e+01   1.2870910e+01
   1.3287082e+01   2.5977215e+01   1.3538321e+01
   1.3219089e+01   3.3248444e+01   1.3264497e+01
   1.0876249e+01   2.2483733e+01   1.1211496e+01
   1.0891495e+01   2.6092215e+01   1.1035315e+01
   1.2704048e+01   2.8908462e+01   1.2814969e+01
   1.2646771e+01   2.7159741e+01   1.2811533e+01
   1.3149367e+01   2.8861796e+01   1.3273158e+01
   1.3082646e+01   2.7906033e+01   1.3235118e+01
   1.0217844e+01   2.5540391e+01   1.0359369e+01
   1.0172472e+01   2.8147855e+01   1.0248900e+01
   1.1633625e+01   2.5375441e+01   1.1833678e+01
   1.1591574e+01   2.5583201e+01   1.1780344e+01
   1.0771716e+01   2.2692259e+01   1.1083469e+01
   1.0858304e+01   2.5947088e+01   1.1006018e+01
