   1.4523154e+01   3.4124491e+01   1.4572701e+01
   1.4242960e+01   2.7695111e+01   1.4451046e+01
   1.5648158e+01   3.6791901e+01   1.5682570e+01
   1.5464881e+01   2.9168199e+01   1.5659318e+01
   1.2537898e+01   2.8745640e+01   1.2648951e+01
   1.3745613e+01   2.7294383e+01   1.3949894e+01
   1.0632451e+01   2.4805587e+01   1.0816190e+01
   1.1823487e+01   2.7356679e+01   1.1954661e+01
   1.5507757e+01   3.5450435e+01   1.5553226e+01
   1.6233910e+01   3.3717891e+01   1.6313970e+01
   1.2773770e+01   2.8158179e+01   1.2907959e+01
   1.2711104e+01   2.5129411e+01   1.2980688e+01
   1.3620373e+01   2.7680714e+01   1.3801722e+01
   1.3482389e+01   3.3374535e+01   1.3529136e+01
   1.4341804e+01   3.3568115e+01   1.4395924e+01
   1.4127732e+01   3.0029151e+01   1.4245097e+01
   1.0694619e+01   2.4304286e+01   1.0904107e+01
   1.1520386e+01   2.7423957e+01   1.1641235e+01
   1.2809120e+01   3.1307200e+01   1.2874143e+01
   1.2749715e+01   2.4029055e+01   1.3103019e+01
   1.3720372e+01   2.5177261e+01   1.4055721e+01
   1.4197251e+01   2.9829125e+01   1.4322160e+01
   1.3329975e+01   2.8104054e+01   1.3483824e+01
   1.3662705e+01   3.0384171e+01   1.3760068e+01
   1.6624058e+01   3.6941853e+01   1.6665490e+01
   1.6535823e+01   3.4796611e+01   1.6602570e+01
   1.1983485e+01   2.5095746e+01   1.2214361e+01
   1.2027242e+01   2.7571505e+01   1.2157715e+01
   1.2051395e+01   2.3065403e+01   1.2431022e+01
   1.2105682e+01   3.2191665e+01   1.2151092e+01
   1.4268602e+01   3.2120521e+01   1.4343075e+01
   1.4109010e+01   2.8915323e+01   1.4260609e+01
   1.3318044e+01   2.9563571e+01   1.3427180e+01
   1.3315079e+01   2.9910106e+01   1.3415689e+01
   1.4929153e+01   2.6963077e+01   1.5218656e+01
   1.5465366e+01   3.5605469e+01   1.5508816e+01
   1.4499410e+01   2.5289551e+01   1.4890276e+01
   1.4901566e+01   3.7938692e+01   1.4923899e+01
   1.2671023e+01   2.4737641e+01   1.2964186e+01
   1.2897157e+01   3.4234881e+01   1.2930829e+01
   1.1769177e+01   2.4954669e+01   1.1996769e+01
   1.1783455e+01   2.5428422e+01   1.1987678e+01
   1.0498694e+01   2.0549537e+01   1.0988756e+01
   1.0435971e+01   2.7722516e+01   1.0525190e+01
   1.2686998e+01   3.1086208e+01   1.2753623e+01
   1.2643107e+01   2.9952705e+01   1.2728946e+01
   1.2960586e+01   2.7688561e+01   1.3116706e+01
   1.2931107e+01   2.8435394e+01   1.3061364e+01
   1.3451420e+01   2.5395424e+01   1.3750786e+01
   1.3306561e+01   2.3054576e+01   1.3814500e+01
   1.4166889e+01   3.0548745e+01   1.4271790e+01
   1.4378538e+01   2.6419112e+01   1.4668761e+01
   1.4936664e+01   3.4227761e+01   1.4989737e+01
   1.4468797e+01   2.7513737e+01   1.4697437e+01
   1.2632553e+01   2.5842381e+01   1.2856362e+01
   1.2204155e+01   2.4172559e+01   1.2505924e+01
   1.3768464e+01   3.0812296e+01   1.3858707e+01
   1.3394356e+01   2.4500692e+01   1.3760127e+01
   1.4893292e+01   3.2893842e+01   1.4964895e+01
   1.4797477e+01   2.9782798e+01   1.4942075e+01
   1.2633031e+01   2.7762777e+01   1.2775676e+01
   1.2543342e+01   2.4422578e+01   1.2850303e+01
   1.5080236e+01   3.2916787e+01   1.5154519e+01
   1.4709329e+01   2.8205511e+01   1.4914526e+01
   1.1927810e+01   2.6841646e+01   1.2079185e+01
   1.1688733e+01   2.7220014e+01   1.1820218e+01
   1.4501924e+01   3.4334255e+01   1.4548899e+01
   1.4274146e+01   2.7854632e+01   1.4475989e+01
   1.3745820e+01   3.0985392e+01   1.3832066e+01
   1.3709381e+01   3.1931421e+01   1.3778062e+01
   1.2664919e+01   2.6443531e+01   1.2860616e+01
   1.2621235e+01   2.7795260e+01   1.2762432e+01
   1.2022020e+01   2.5195076e+01   1.2249495e+01
   1.1858190e+01   2.6895642e+01   1.2005393e+01
   1.2959496e+01   3.2837146e+01   1.3006656e+01
   1.2890852e+01   2.6698043e+01   1.3084745e+01
   1.3486623e+01   2.6161677e+01   1.3738267e+01
   1.3374075e+01   3.3589114e+01   1.3417505e+01
   1.1213163e+01   2.2812702e+01   1.1547221e+01
   1.1202056e+01   2.7243425e+01   1.1319664e+01
   1.2975202e+01   2.9766102e+01   1.3071675e+01
   1.2894611e+01   2.7544339e+01   1.3053732e+01
   1.3346912e+01   3.0568145e+01   1.3433861e+01
   1.3255792e+01   2.7468729e+01   1.3431389e+01
   1.0457938e+01   2.6087004e+01   1.0589089e+01
   1.0362899e+01   2.8400383e+01   1.0437952e+01
   1.1992374e+01   2.4229788e+01   1.2276258e+01
   1.1981405e+01   2.6556335e+01   1.2145154e+01
   1.0890260e+01   2.2783057e+01   1.1203445e+01
   1.1077870e+01   2.6571560e+01   1.1211765e+01
