   1.4292027e+01   3.3060646e+01   1.4352226e+01
   1.4085552e+01   2.7574086e+01   1.4292133e+01
   1.5234137e+01   3.2773672e+01   1.5313642e+01
   1.5233751e+01   2.8594046e+01   1.5444852e+01
   1.2129689e+01   2.7726489e+01   1.2258397e+01
   1.3480739e+01   2.7365916e+01   1.3669955e+01
   1.0420974e+01   2.4591408e+01   1.0605544e+01
   1.1616743e+01   2.6408512e+01   1.1773187e+01
   1.5253213e+01   3.4525519e+01   1.5306402e+01
   1.5948219e+01   3.3052311e+01   1.6035805e+01
   1.2496468e+01   2.7964289e+01   1.2628498e+01
   1.2368903e+01   2.4468943e+01   1.2660788e+01
   1.3212029e+01   2.6270085e+01   1.3442533e+01
   1.3184380e+01   3.0503120e+01   1.3269523e+01
   1.3939078e+01   3.1614876e+01   1.4016878e+01
   1.3817926e+01   2.9471367e+01   1.3942617e+01
   1.0334836e+01   2.3351702e+01   1.0577282e+01
   1.1272535e+01   2.6835872e+01   1.1403861e+01
   1.2671011e+01   3.1046256e+01   1.2738020e+01
   1.2589510e+01   2.3836155e+01   1.2946233e+01
   1.3530306e+01   2.5117074e+01   1.3855996e+01
   1.3826671e+01   2.8801893e+01   1.3972755e+01
   1.3168521e+01   2.7852041e+01   1.3325925e+01
   1.3354211e+01   3.0000659e+01   1.3453585e+01
   1.6337269e+01   3.6483610e+01   1.6380439e+01
   1.6263679e+01   3.3338881e+01   1.6351704e+01
   1.1799998e+01   2.5086862e+01   1.2022124e+01
   1.1821571e+01   2.7194194e+01   1.1957758e+01
   1.1798872e+01   2.2884221e+01   1.2173328e+01
   1.1929573e+01   3.1721042e+01   1.1978300e+01
   1.3992254e+01   3.1529733e+01   1.4072555e+01
   1.3895954e+01   2.8641053e+01   1.4050024e+01
   1.3064045e+01   2.8978189e+01   1.3182254e+01
   1.3031596e+01   2.9209567e+01   1.3142796e+01
   1.4782885e+01   2.6923455e+01   1.5065438e+01
   1.5075032e+01   3.2919318e+01   1.5149185e+01
   1.4395861e+01   2.5581809e+01   1.4751624e+01
   1.4690309e+01   3.6078562e+01   1.4723042e+01
   1.2529303e+01   2.4624068e+01   1.2820992e+01
   1.2716860e+01   3.2956617e+01   1.2760350e+01
   1.1539292e+01   2.4767748e+01   1.1765336e+01
   1.1498082e+01   2.4618908e+01   1.1730073e+01
   1.0219422e+01   2.0309027e+01   1.0707414e+01
   1.0204986e+01   2.6734794e+01   1.0311838e+01
   1.2443504e+01   3.0474009e+01   1.2516289e+01
   1.2403868e+01   2.9349330e+01   1.2497556e+01
   1.2716654e+01   2.7310220e+01   1.2878204e+01
   1.2688749e+01   2.7888662e+01   1.2828984e+01
   1.3189487e+01   2.5056600e+01   1.3495167e+01
   1.3064663e+01   2.3000120e+01   1.3551180e+01
   1.3939542e+01   3.0028518e+01   1.4052069e+01
   1.4144160e+01   2.6478895e+01   1.4415325e+01
   1.4461428e+01   3.2200537e+01   1.4537759e+01
   1.4169569e+01   2.7356254e+01   1.4391220e+01
   1.2028221e+01   2.4651410e+01   1.2287203e+01
   1.1756565e+01   2.3898415e+01   1.2047887e+01
   1.3396200e+01   2.9881115e+01   1.3499339e+01
   1.3183292e+01   2.4389894e+01   1.3541139e+01
   1.4469262e+01   3.1512628e+01   1.4558977e+01
   1.4458055e+01   2.9361335e+01   1.4605832e+01
   1.2353415e+01   2.7147278e+01   1.2508237e+01
   1.2287699e+01   2.4143119e+01   1.2597355e+01
   1.4673552e+01   3.1951007e+01   1.4758384e+01
   1.4470256e+01   2.7971682e+01   1.4675571e+01
   1.1627803e+01   2.6383811e+01   1.1785535e+01
   1.1510657e+01   2.6540797e+01   1.1658852e+01
   1.4226634e+01   3.3630269e+01   1.4278626e+01
   1.4038854e+01   2.7863483e+01   1.4229809e+01
   1.3460156e+01   3.0305716e+01   1.3554933e+01
   1.3428482e+01   3.1320557e+01   1.3502827e+01
   1.2320199e+01   2.6140164e+01   1.2514808e+01
   1.2334090e+01   2.7291008e+01   1.2483155e+01
   1.1670524e+01   2.4798145e+01   1.1901563e+01
   1.1605926e+01   2.6472029e+01   1.1759697e+01
   1.2715761e+01   3.1779507e+01   1.2772858e+01
   1.2646582e+01   2.6483676e+01   1.2839650e+01
   1.3241061e+01   2.5930076e+01   1.3492483e+01
   1.3183895e+01   3.3152620e+01   1.3229961e+01
   1.0814388e+01   2.2394789e+01   1.1152155e+01
   1.0828690e+01   2.5917258e+01   1.0976486e+01
   1.2660572e+01   2.8681192e+01   1.2776405e+01
   1.2611984e+01   2.7160065e+01   1.2775463e+01
   1.3094204e+01   2.8832708e+01   1.3217316e+01
   1.3043006e+01   2.7983325e+01   1.3191427e+01
   1.0177666e+01   2.5423301e+01   1.0321869e+01
   1.0140301e+01   2.8199046e+01   1.0215313e+01
   1.1579069e+01   2.5177500e+01   1.1786143e+01
   1.1540230e+01   2.5533442e+01   1.1729072e+01
   1.0741717e+01   2.2658088e+01   1.1053941e+01
   1.0813986e+01   2.5852663e+01   1.0963554e+01
