             NaN             NaN             NaN
  -9.9042639e-02  -9.3801432e-02   3.2144562e+01
             NaN             NaN             NaN
  -1.2427152e-02  -1.1705988e-02   4.0801591e+01
             NaN             NaN             NaN
   1.0451225e-01   1.7266618e-01   2.1106303e+01
             NaN             NaN             NaN
   2.1724861e-01   2.9231529e-01   2.0744700e+01
             NaN             NaN             NaN
  -5.0585435e-03   1.0506938e-02   2.7463989e+01
             NaN             NaN             NaN
  -1.7486695e-01  -1.7460149e-01   4.5061711e+01
             NaN             NaN             NaN
   3.4035854e-02   3.4857933e-02   4.0256063e+01
             NaN             NaN             NaN
  -1.5333379e-02  -1.4903585e-02   4.3047886e+01
             NaN             NaN             NaN
   1.4759269e-01   2.1574649e-01   2.1128333e+01
             NaN             NaN             NaN
   4.5407556e-02   4.6348232e-02   3.9676506e+01
             NaN             NaN             NaN
  -9.1141764e-02  -9.0435829e-02   4.0855161e+01
             NaN             NaN             NaN
   1.1770730e-01   1.1827101e-01   4.1936814e+01
             NaN             NaN             NaN
   4.4635932e-02   4.5010868e-02   4.3670939e+01
             NaN             NaN             NaN
   9.2863704e-02   9.4112285e-02   3.8470664e+01
             NaN             NaN             NaN
  -3.5908946e-02  -2.3544500e-02   2.8448457e+01
             NaN             NaN             NaN
  -8.9717621e-02  -8.9290847e-02   4.3041532e+01
             NaN             NaN             NaN
   1.6354182e-02   1.6938864e-02   4.1727136e+01
             NaN             NaN             NaN
  -4.6425156e-02  -4.3890178e-02   3.5325244e+01
             NaN             NaN             NaN
   6.4985065e-02   6.7003080e-02   3.6371521e+01
             NaN             NaN             NaN
   1.6047312e-01   1.6115479e-01   4.1133382e+01
             NaN             NaN             NaN
   1.7836460e-02   1.9753059e-02   3.6571760e+01
             NaN             NaN             NaN
  -2.2263157e-01  -2.2209603e-01   4.1990312e+01
             NaN             NaN             NaN
   9.2235843e-02   9.3043752e-02   4.0360887e+01
             NaN             NaN             NaN
   1.5076666e-01   1.5320885e-01   3.5586406e+01
             NaN             NaN             NaN
  -1.4571329e-01  -1.4537188e-01   4.3983150e+01
             NaN             NaN             NaN
   1.8020547e-02   1.8525863e-02   4.2361534e+01
             NaN             NaN             NaN
  -1.8675456e-02  -1.8320783e-02   4.3880545e+01
             NaN             NaN             NaN
  -5.9314125e-02  -5.8895188e-02   4.3137107e+01
             NaN             NaN             NaN
  -7.1274863e-02  -7.0339973e-02   3.9645041e+01
             NaN             NaN             NaN
   1.8901538e-02   1.9366713e-02   4.2721444e+01
             NaN             NaN             NaN
   3.5392099e-02   3.5623436e-02   4.5763422e+01
             NaN             NaN             NaN
  -2.4803834e-02  -2.4670852e-02   4.8137819e+01
             NaN             NaN             NaN
   5.6152594e-02   5.6303359e-02   4.7633292e+01
             NaN             NaN             NaN
   4.1119749e-02   4.1607365e-02   4.2527982e+01
             NaN             NaN             NaN
   8.9383534e-03   9.1694472e-03   4.5754732e+01
             NaN             NaN             NaN
  -2.0700359e-02  -9.4786488e-03   2.8877204e+01
             NaN             NaN             NaN
  -1.1254720e-02  -1.1028828e-02   4.5843504e+01
             NaN             NaN             NaN
  -4.6651886e-02  -4.6293491e-02   4.3821258e+01
             NaN             NaN             NaN
   3.5255269e-02   3.5646886e-02   4.3477189e+01
             NaN             NaN             NaN
   9.8833685e-03   1.1718635e-02   3.6756098e+01
             NaN             NaN             NaN
  -1.3877415e-01  -1.3728303e-01   3.7584185e+01
             NaN             NaN             NaN
   2.8816162e-02   2.9058538e-02   4.5557690e+01
             NaN             NaN             NaN
   2.7627654e-01   2.7654001e-01   4.5321065e+01
             NaN             NaN             NaN
  -1.0585948e-01  -1.0554614e-01   4.4375328e+01
             NaN             NaN             NaN
  -1.2883392e-01  -1.2800185e-01   4.0122606e+01
