   1.4893231e+01   3.5198743e+01   1.4935211e+01
   1.4526061e+01   2.7936565e+01   1.4735728e+01
   1.6007278e+01   3.9895045e+01   1.6025501e+01
   1.5654027e+01   2.8790910e+01   1.5875964e+01
   1.2929471e+01   2.8879765e+01   1.3046860e+01
   1.3923606e+01   2.7625020e+01   1.4120369e+01
   1.0960601e+01   2.5092379e+01   1.1145078e+01
   1.2212769e+01   2.7546557e+01   1.2349478e+01
   1.5758411e+01   3.6174374e+01   1.5799102e+01
   1.6512501e+01   3.4085830e+01   1.6590805e+01
   1.3020690e+01   2.8536227e+01   1.3150478e+01
   1.3002205e+01   2.5499431e+01   1.3265952e+01
   1.3987867e+01   2.8647841e+01   1.4144911e+01
   1.3649786e+01   3.2869024e+01   1.3704325e+01
   1.4724640e+01   3.4825595e+01   1.4768709e+01
   1.4448009e+01   3.0399488e+01   1.4563709e+01
   1.1128060e+01   2.5618588e+01   1.1297197e+01
   1.1783936e+01   2.7851355e+01   1.1899813e+01
   1.2977673e+01   3.1484448e+01   1.3042444e+01
   1.2979497e+01   2.4259756e+01   1.3331841e+01
   1.3913463e+01   2.5316640e+01   1.4252561e+01
   1.4616979e+01   3.0653366e+01   1.4730264e+01
   1.3564097e+01   2.8262452e+01   1.3720339e+01
   1.4035834e+01   3.1045697e+01   1.4126575e+01
   1.6992755e+01   3.8147769e+01   1.7026836e+01
   1.6837803e+01   3.5067672e+01   1.6904934e+01
   1.2264596e+01   2.5414767e+01   1.2492587e+01
   1.2307352e+01   2.7761709e+01   1.2440107e+01
   1.2385068e+01   2.3360754e+01   1.2766603e+01
   1.2282142e+01   3.2516490e+01   1.2325919e+01
   1.4603793e+01   3.2654647e+01   1.4674717e+01
   1.4307468e+01   2.9157189e+01   1.4457289e+01
   1.3601735e+01   2.9930474e+01   1.3708479e+01
   1.3603857e+01   3.0608464e+01   1.3695066e+01
   1.5096658e+01   2.7109956e+01   1.5387252e+01
   1.5855195e+01   3.7815339e+01   1.5883656e+01
   1.4772251e+01   2.5744009e+01   1.5145698e+01
   1.5190258e+01   4.0088134e+01   1.5204767e+01
   1.2878378e+01   2.4930367e+01   1.3171881e+01
   1.3102639e+01   3.5026216e+01   1.3131982e+01
   1.2125119e+01   2.5247578e+01   1.2355013e+01
   1.2161338e+01   2.6411417e+01   1.2337617e+01
   1.0828169e+01   2.0903291e+01   1.1312608e+01
   1.0647096e+01   2.8222390e+01   1.0730204e+01
   1.2996326e+01   3.1713527e+01   1.3058000e+01
   1.2897159e+01   3.0550025e+01   1.2976190e+01
   1.3235757e+01   2.7984614e+01   1.3390665e+01
   1.3215751e+01   2.9143246e+01   1.3333405e+01
   1.3721655e+01   2.5621260e+01   1.4023435e+01
   1.3617497e+01   2.3271751e+01   1.4135642e+01
   1.4376395e+01   3.0836624e+01   1.4479222e+01
   1.4789041e+01   2.6805876e+01   1.5080010e+01
   1.5239225e+01   3.5020871e+01   1.5286502e+01
   1.4652363e+01   2.7652430e+01   1.4883116e+01
   1.2967913e+01   2.6203481e+01   1.3189535e+01
   1.2327609e+01   2.4267146e+01   1.2630987e+01
   1.4188640e+01   3.1632236e+01   1.4270574e+01
   1.3643850e+01   2.4555380e+01   1.4026201e+01
   1.5226969e+01   3.2980940e+01   1.5302616e+01
   1.5075583e+01   2.9983735e+01   1.5222527e+01
   1.2991147e+01   2.8166998e+01   1.3131695e+01
   1.2913397e+01   2.4707239e+01   1.3225353e+01
   1.5468654e+01   3.3891336e+01   1.5533327e+01
   1.4941669e+01   2.8530716e+01   1.5142095e+01
   1.2293802e+01   2.7479678e+01   1.2435171e+01
   1.1877902e+01   2.7291366e+01   1.2012692e+01
   1.4780521e+01   3.4696226e+01   1.4826502e+01
   1.4506687e+01   2.7831336e+01   1.4720670e+01
   1.4105101e+01   3.1706018e+01   1.4184152e+01
   1.4041607e+01   3.2311164e+01   1.4109332e+01
   1.2973013e+01   2.6822009e+01   1.3164839e+01
   1.2755305e+01   2.7891476e+01   1.2897536e+01
   1.2413557e+01   2.5643980e+01   1.2636863e+01
   1.2101576e+01   2.7193512e+01   1.2246440e+01
   1.3224587e+01   3.3548466e+01   1.3267001e+01
   1.3190703e+01   2.6986046e+01   1.3384516e+01
   1.3843770e+01   2.6547301e+01   1.4092903e+01
   1.3615650e+01   3.4096440e+01   1.3656394e+01
   1.1478942e+01   2.3012758e+01   1.1816907e+01
   1.1509527e+01   2.8189698e+01   1.1610403e+01
   1.3289971e+01   3.0299406e+01   1.3381360e+01
   1.3187270e+01   2.7923666e+01   1.3342708e+01
   1.3634511e+01   3.0298404e+01   1.3733214e+01
   1.3545198e+01   2.8194943e+01   1.3703256e+01
   1.0788237e+01   2.6588484e+01   1.0913507e+01
   1.0640675e+01   2.8838754e+01   1.0712611e+01
   1.2106754e+01   2.5871057e+01   1.2304462e+01
   1.2302606e+01   2.6399196e+01   1.2485018e+01
   1.1150939e+01   2.3045719e+01   1.1462651e+01
   1.1523188e+01   2.7671876e+01   1.1637324e+01
