   1.4964513e+01   3.4428187e+01   1.5015497e+01
   1.4598774e+01   2.7980217e+01   1.4809765e+01
   1.5897095e+01   3.6628104e+01   1.5934897e+01
   1.5448569e+01   2.8385151e+01   1.5681543e+01
   1.2939642e+01   2.8452061e+01   1.3069639e+01
   1.3709657e+01   2.7039109e+01   1.3924835e+01
   1.1016438e+01   2.4716888e+01   1.1220381e+01
   1.2284135e+01   2.7595548e+01   1.2421435e+01
   1.5637173e+01   3.4691562e+01   1.5692980e+01
   1.6257896e+01   3.2066161e+01   1.6376131e+01
   1.2989029e+01   2.7941686e+01   1.3137109e+01
   1.3044614e+01   2.5359881e+01   1.3319854e+01
   1.4040018e+01   2.8413469e+01   1.4207892e+01
   1.3674265e+01   3.2993408e+01   1.3727545e+01
   1.4804627e+01   3.4542100e+01   1.4852535e+01
   1.4538271e+01   3.0425883e+01   1.4655624e+01
   1.1191548e+01   2.6089804e+01   1.1345138e+01
   1.1683796e+01   2.6879219e+01   1.1826016e+01
   1.3006247e+01   3.1380742e+01   1.3073014e+01
   1.3039668e+01   2.4301622e+01   1.3393333e+01
   1.3939763e+01   2.5300656e+01   1.4282225e+01
   1.4670792e+01   3.0027166e+01   1.4803502e+01
   1.3643292e+01   2.8074910e+01   1.3809482e+01
   1.4179692e+01   3.1109546e+01   1.4272024e+01
   1.7012648e+01   3.7818809e+01   1.7049588e+01
   1.6717017e+01   3.2807350e+01   1.6827472e+01
   1.2354877e+01   2.5422382e+01   1.2587094e+01
   1.2391374e+01   2.7722790e+01   1.2527852e+01
   1.2538178e+01   2.3483597e+01   1.2921794e+01
   1.2343327e+01   3.2707398e+01   1.2385776e+01
   1.4736720e+01   3.2645927e+01   1.4809941e+01
   1.4362209e+01   2.9173958e+01   1.4513300e+01
   1.3665098e+01   2.9875938e+01   1.3774748e+01
   1.3590829e+01   3.0059865e+01   1.3694153e+01
   1.4951091e+01   2.6934241e+01   1.5244065e+01
   1.5746437e+01   3.4689907e+01   1.5803659e+01
   1.4746804e+01   2.5535989e+01   1.5137051e+01
   1.5229373e+01   3.9392683e+01   1.5246556e+01
   1.2828989e+01   2.4870806e+01   1.3123360e+01
   1.2931047e+01   3.0916234e+01   1.3004184e+01
   1.2217025e+01   2.5288756e+01   1.2449410e+01
   1.2272644e+01   2.6770822e+01   1.2438730e+01
   1.0952852e+01   2.1027460e+01   1.1436361e+01
   1.0709482e+01   2.8161754e+01   1.0794902e+01
   1.3095822e+01   3.1898267e+01   1.3156226e+01
   1.2970346e+01   3.0601491e+01   1.3049712e+01
   1.3275485e+01   2.7985956e+01   1.3431727e+01
   1.3227073e+01   2.9150767e+01   1.3344818e+01
   1.3745350e+01   2.5504479e+01   1.4057320e+01
   1.3706851e+01   2.3357962e+01   1.4224978e+01
   1.4330215e+01   3.0531318e+01   1.4439479e+01
   1.4665690e+01   2.6455968e+01   1.4973043e+01
   1.5045956e+01   3.0411393e+01   1.5178028e+01
   1.4594221e+01   2.7627758e+01   1.4823258e+01
   1.3086492e+01   2.6253071e+01   1.3311464e+01
   1.2369210e+01   2.4163849e+01   1.2683060e+01
   1.4305655e+01   3.1615731e+01   1.4390089e+01
   1.3681833e+01   2.4583972e+01   1.4064915e+01
   1.5116375e+01   3.3114956e+01   1.5187899e+01
   1.4819924e+01   2.8547654e+01   1.5014084e+01
   1.3105088e+01   2.8316495e+01   1.3244304e+01
   1.2952264e+01   2.4544971e+01   1.3279387e+01
   1.5565018e+01   3.3885988e+01   1.5631195e+01
   1.4991015e+01   2.8586912e+01   1.5191050e+01
   1.2473110e+01   2.7721937e+01   1.2612106e+01
   1.1970400e+01   2.7399169e+01   1.2104539e+01
   1.4883329e+01   3.4811373e+01   1.4929144e+01
   1.4591817e+01   2.7856250e+01   1.4808718e+01
   1.4197000e+01   3.1794328e+01   1.4276054e+01
   1.4031612e+01   3.0464655e+01   1.4135390e+01
   1.3006522e+01   2.6462656e+01   1.3216838e+01
   1.2761989e+01   2.8172274e+01   1.2895388e+01
   1.2558162e+01   2.5802666e+01   1.2780344e+01
   1.2185131e+01   2.7453174e+01   1.2324005e+01
   1.3290924e+01   3.3538564e+01   1.3334064e+01
   1.3292410e+01   2.7131566e+01   1.3484039e+01
   1.3827995e+01   2.6425962e+01   1.4083463e+01
   1.3501450e+01   3.3637564e+01   1.3545623e+01
   1.1590593e+01   2.3116992e+01   1.1928607e+01
   1.1630629e+01   2.8471671e+01   1.1727626e+01
   1.3381650e+01   3.0357643e+01   1.3473668e+01
   1.3269472e+01   2.8004647e+01   1.3424823e+01
   1.3677787e+01   3.0280766e+01   1.3777857e+01
   1.3578040e+01   2.8080005e+01   1.3741614e+01
   1.0933650e+01   2.6733864e+01   1.1058607e+01
   1.0745459e+01   2.8916293e+01   1.0817715e+01
   1.2161007e+01   2.6077053e+01   1.2351659e+01
   1.2458179e+01   2.6586288e+01   1.2638900e+01
   1.1223397e+01   2.3111532e+01   1.1535245e+01
   1.1670476e+01   2.8135788e+01   1.1776271e+01
