   1.5009260e+01   3.5310993e+01   1.5051243e+01
   1.4629443e+01   2.8056443e+01   1.4838134e+01
   1.6088913e+01   3.9811795e+01   1.6107834e+01
   1.5690920e+01   2.8880630e+01   1.5910059e+01
   1.3053919e+01   2.9012850e+01   1.3170914e+01
   1.3946634e+01   2.7761242e+01   1.4138192e+01
   1.1060779e+01   2.5120106e+01   1.1248107e+01
   1.2266533e+01   2.8015587e+01   1.2390530e+01
   1.5819293e+01   3.5829166e+01   1.5863976e+01
   1.6557061e+01   3.3585959e+01   1.6645905e+01
   1.3088346e+01   2.8487741e+01   1.3221605e+01
   1.3126160e+01   2.5583946e+01   1.3392035e+01
   1.4119275e+01   2.8676738e+01   1.4279955e+01
   1.3719755e+01   3.3697166e+01   1.3765485e+01
   1.4872762e+01   3.5112145e+01   1.4915396e+01
   1.4572661e+01   3.0665091e+01   1.4684513e+01
   1.1268195e+01   2.6275189e+01   1.1417749e+01
   1.1848661e+01   2.7746460e+01   1.1969100e+01
   1.3046918e+01   3.1549765e+01   1.3111699e+01
   1.3087002e+01   2.4345598e+01   1.3440776e+01
   1.3993975e+01   2.5407858e+01   1.4331973e+01
   1.4759060e+01   3.0688792e+01   1.4875074e+01
   1.3666621e+01   2.8247870e+01   1.3827051e+01
   1.4193269e+01   3.1186155e+01   1.4284247e+01
   1.7115422e+01   3.8658294e+01   1.7146565e+01
   1.6894726e+01   3.4223383e+01   1.6977458e+01
   1.2356716e+01   2.5428042e+01   1.2588718e+01
   1.2399934e+01   2.7863667e+01   1.2532246e+01
   1.2542098e+01   2.3484678e+01   1.2925958e+01
   1.2368009e+01   3.2851900e+01   1.2409286e+01
   1.4740449e+01   3.2809061e+01   1.4811009e+01
   1.4387316e+01   2.9227614e+01   1.4537371e+01
   1.3713834e+01   3.0046290e+01   1.3820373e+01
   1.3689818e+01   3.0692707e+01   1.3780990e+01
   1.5115667e+01   2.7194816e+01   1.5401713e+01
   1.5960237e+01   3.6929017e+01   1.5996003e+01
   1.4841128e+01   2.5650445e+01   1.5229233e+01
   1.5293813e+01   4.0735972e+01   1.5306602e+01
   1.2952058e+01   2.4990311e+01   1.3246284e+01
   1.3140261e+01   3.4016765e+01   1.3177621e+01
   1.2199098e+01   2.5394300e+01   1.2424868e+01
   1.2272484e+01   2.6717372e+01   1.2440656e+01
   1.0980981e+01   2.1067084e+01   1.1462929e+01
   1.0737995e+01   2.8426425e+01   1.0818817e+01
   1.3088005e+01   3.1998917e+01   1.3146915e+01
   1.3006673e+01   3.0802170e+01   1.3083038e+01
   1.3347190e+01   2.8102637e+01   1.3501684e+01
   1.3317082e+01   2.9362835e+01   1.3431420e+01
   1.3794142e+01   2.5589435e+01   1.4103303e+01
   1.3730253e+01   2.3423099e+01   1.4243038e+01
   1.4439419e+01   3.0828552e+01   1.4543909e+01
   1.4882350e+01   2.6730886e+01   1.5185000e+01
   1.5275902e+01   3.3246115e+01   1.5347822e+01
   1.4719952e+01   2.7854002e+01   1.4943412e+01
   1.3130241e+01   2.6401603e+01   1.3349624e+01
   1.2432793e+01   2.4235052e+01   1.2745835e+01
   1.4346072e+01   3.1881191e+01   1.4426178e+01
   1.3729472e+01   2.4611393e+01   1.4114251e+01
   1.5327430e+01   3.3886907e+01   1.5390141e+01
   1.5094521e+01   2.9740486e+01   1.5250745e+01
   1.3132909e+01   2.8344355e+01   1.3272083e+01
   1.3018290e+01   2.4740883e+01   1.3335226e+01
   1.5579130e+01   3.4106028e+01   1.5642215e+01
   1.5019578e+01   2.8660929e+01   1.5217446e+01
   1.2488096e+01   2.7611819e+01   1.2631189e+01
   1.1999250e+01   2.7512349e+01   1.2130724e+01
   1.4900801e+01   3.4963006e+01   1.4945210e+01
   1.4609247e+01   2.7872818e+01   1.4826163e+01
   1.4236751e+01   3.2033407e+01   1.4312206e+01
   1.4142124e+01   3.2052385e+01   1.4215674e+01
   1.3093907e+01   2.6900655e+01   1.3287397e+01
   1.2828219e+01   2.8062945e+01   1.2967096e+01
   1.2563388e+01   2.5827936e+01   1.2784509e+01
   1.2201162e+01   2.7434649e+01   1.2341133e+01
   1.3331371e+01   3.3896770e+01   1.3371438e+01
   1.3320622e+01   2.7128052e+01   1.3513630e+01
   1.3956072e+01   2.6659820e+01   1.4204947e+01
   1.3670856e+01   3.4215717e+01   1.3710980e+01
   1.1604698e+01   2.3048541e+01   1.1949360e+01
   1.1642276e+01   2.8627377e+01   1.1736063e+01
   1.3417824e+01   3.0618704e+01   1.3505123e+01
   1.3299525e+01   2.8023838e+01   1.3455224e+01
   1.3748922e+01   3.1337627e+01   1.3828447e+01
   1.3691886e+01   2.7804942e+01   1.3870886e+01
   1.0929371e+01   2.6817483e+01   1.1051804e+01
   1.0750621e+01   2.8999686e+01   1.0821572e+01
   1.2202174e+01   2.6126349e+01   1.2392361e+01
   1.2473493e+01   2.6604601e+01   1.2654054e+01
   1.1220963e+01   2.3104244e+01   1.1533184e+01
   1.1670108e+01   2.8114652e+01   1.1776416e+01
