   1.4110390e+01   3.2544458e+01   1.4175541e+01
   1.3947614e+01   2.7445438e+01   1.4153988e+01
   1.4982409e+01   3.1468605e+01   1.5084153e+01
   1.5006372e+01   2.8643681e+01   1.5204446e+01
   1.1866683e+01   2.7427851e+01   1.1996926e+01
   1.3161754e+01   2.6473539e+01   1.3378987e+01
   1.0269421e+01   2.4782785e+01   1.0440238e+01
   1.1424999e+01   2.6346130e+01   1.1577215e+01
   1.5030794e+01   3.3703445e+01   1.5092003e+01
   1.5631497e+01   3.1965409e+01   1.5736469e+01
   1.2299579e+01   2.7446598e+01   1.2442227e+01
   1.2165020e+01   2.4078772e+01   1.2470883e+01
   1.2980006e+01   2.5524357e+01   1.3240889e+01
   1.2949034e+01   2.8749761e+01   1.3070562e+01
   1.3784846e+01   3.0567640e+01   1.3880722e+01
   1.3704589e+01   2.9490289e+01   1.3825618e+01
   1.0178330e+01   2.3107585e+01   1.0426583e+01
   1.1085937e+01   2.6188313e+01   1.1232622e+01
   1.2578390e+01   3.0993129e+01   1.2644860e+01
   1.2490383e+01   2.3828362e+01   1.2839811e+01
   1.3354206e+01   2.5129903e+01   1.3666092e+01
   1.3556520e+01   2.8064657e+01   1.3719891e+01
   1.2984888e+01   2.7740815e+01   1.3139948e+01
   1.3149879e+01   2.8841955e+01   1.3274258e+01
   1.6056015e+01   3.5014746e+01   1.6112934e+01
   1.5964501e+01   3.2115774e+01   1.6073822e+01
   1.1700380e+01   2.4601773e+01   1.1943978e+01
   1.1726221e+01   2.7419173e+01   1.1852771e+01
   1.1700749e+01   2.2824760e+01   1.2072261e+01
   1.1841383e+01   3.1348229e+01   1.1893493e+01
   1.3870565e+01   3.1228015e+01   1.3954387e+01
   1.3792234e+01   2.8483959e+01   1.3948387e+01
   1.2999671e+01   2.8934685e+01   1.3117389e+01
   1.2928803e+01   2.8878775e+01   1.3046202e+01
   1.4508873e+01   2.5495955e+01   1.4881669e+01
   1.4792304e+01   3.1562027e+01   1.4887680e+01
   1.4262981e+01   2.5267601e+01   1.4634921e+01
   1.4562259e+01   3.5468042e+01   1.4598889e+01
   1.2314800e+01   2.4346934e+01   1.2611625e+01
   1.2445602e+01   3.0883376e+01   1.2511825e+01
   1.1353818e+01   2.4556098e+01   1.1581894e+01
   1.1316745e+01   2.4221316e+01   1.1561545e+01
   1.0097166e+01   2.0198673e+01   1.0584898e+01
   1.0095459e+01   2.6275218e+01   1.0211635e+01
   1.2393075e+01   3.0214900e+01   1.2469519e+01
   1.2350495e+01   2.9121965e+01   1.2448117e+01
   1.2716883e+01   2.8125824e+01   1.2850392e+01
   1.2725313e+01   2.7845778e+01   1.2868116e+01
   1.3087196e+01   2.4795372e+01   1.3404992e+01
   1.3011226e+01   2.3302401e+01   1.3457876e+01
   1.3688524e+01   2.9403233e+01   1.3811591e+01
   1.3820480e+01   2.6110300e+01   1.4095310e+01
   1.4103257e+01   2.9813453e+01   1.4226001e+01
   1.3948134e+01   2.7216194e+01   1.4165983e+01
   1.2016008e+01   2.4895536e+01   1.2259810e+01
   1.1776954e+01   2.3680247e+01   1.2085163e+01
   1.3242772e+01   2.9293518e+01   1.3357063e+01
   1.3101808e+01   2.4643654e+01   1.3432401e+01
   1.4210117e+01   3.0446226e+01   1.4318601e+01
   1.4195504e+01   2.8617982e+01   1.4361242e+01
   1.2153008e+01   2.6792485e+01   1.2313935e+01
   1.2086891e+01   2.3965114e+01   1.2395659e+01
   1.4504845e+01   3.1640554e+01   1.4592631e+01
   1.4342147e+01   2.7791014e+01   1.4550227e+01
   1.1447948e+01   2.6308416e+01   1.1602284e+01
   1.1344593e+01   2.5764438e+01   1.1515966e+01
   1.4098288e+01   3.3200023e+01   1.4154106e+01
   1.3921406e+01   2.7185200e+01   1.4139525e+01
   1.3417674e+01   3.0070329e+01   1.3516843e+01
   1.3359350e+01   3.0448859e+01   1.3448991e+01
   1.2134075e+01   2.5675253e+01   1.2342358e+01
   1.2184434e+01   2.7010611e+01   1.2338419e+01
   1.1516269e+01   2.4475366e+01   1.1757214e+01
   1.1470242e+01   2.6247941e+01   1.1627542e+01
   1.2786624e+01   3.0405413e+01   1.2866382e+01
   1.2676238e+01   2.6932030e+01   1.2851176e+01
   1.3143152e+01   2.6453958e+01   1.3360477e+01
   1.3089975e+01   3.2774424e+01   1.3139222e+01
   1.0731286e+01   2.2230568e+01   1.1076131e+01
   1.0706845e+01   2.5740763e+01   1.0856860e+01
   1.2507665e+01   2.8039233e+01   1.2637728e+01
   1.2493531e+01   2.7115144e+01   1.2654446e+01
   1.2908408e+01   2.9449336e+01   1.3010734e+01
   1.2885410e+01   2.7294045e+01   1.3053792e+01
   1.0110727e+01   2.5160238e+01   1.0261890e+01
   1.0084057e+01   2.8145625e+01   1.0159106e+01
   1.1511588e+01   2.3160322e+01   1.1840272e+01
   1.1492393e+01   2.6046616e+01   1.1658084e+01
   1.0635959e+01   2.2638183e+01   1.0942450e+01
   1.0669008e+01   2.5599864e+01   1.0822784e+01
