   1.4392368e+01   3.3395628e+01   1.4449335e+01
   1.4162336e+01   2.7668785e+01   1.4367916e+01
   1.5350212e+01   3.3848982e+01   1.5413802e+01
   1.5292995e+01   2.8496412e+01   1.5511964e+01
   1.2274227e+01   2.8091475e+01   1.2396257e+01
   1.3601604e+01   2.7483543e+01   1.3790746e+01
   1.0494420e+01   2.4725744e+01   1.0676126e+01
   1.1697198e+01   2.6371403e+01   1.1857818e+01
   1.5355576e+01   3.4978598e+01   1.5404584e+01
   1.6066713e+01   3.3359295e+01   1.6150489e+01
   1.2617244e+01   2.8220995e+01   1.2744967e+01
   1.2504333e+01   2.4760885e+01   1.2785123e+01
   1.3352804e+01   2.6713599e+01   1.3567128e+01
   1.3314174e+01   3.1816039e+01   1.3378788e+01
   1.4061685e+01   3.2289677e+01   1.4130054e+01
   1.3906910e+01   2.9774564e+01   1.4025429e+01
   1.0443098e+01   2.3593381e+01   1.0677564e+01
   1.1361316e+01   2.7096161e+01   1.1487318e+01
   1.2721102e+01   3.1062574e+01   1.2788598e+01
   1.2634175e+01   2.3744852e+01   1.3002499e+01
   1.3588567e+01   2.5154432e+01   1.3915706e+01
   1.3937326e+01   2.9194466e+01   1.4073960e+01
   1.3221515e+01   2.7698572e+01   1.3386627e+01
   1.3323863e+01   3.0974710e+01   1.3402573e+01
   1.6427459e+01   3.7111557e+01   1.6465563e+01
   1.6352149e+01   3.3854330e+01   1.6431821e+01
   1.1711017e+01   2.4656615e+01   1.1952051e+01
   1.1711729e+01   2.7349145e+01   1.1839955e+01
   1.1870752e+01   2.2939081e+01   1.2246369e+01
   1.1987620e+01   3.1912475e+01   1.2034828e+01
   1.4072230e+01   3.1753859e+01   1.4149835e+01
   1.3959496e+01   2.8727224e+01   1.4112667e+01
   1.3134495e+01   2.9334755e+01   1.3244997e+01
   1.3115364e+01   2.9359572e+01   1.3224763e+01
   1.4945467e+01   2.7048154e+01   1.5230247e+01
   1.5278472e+01   3.3970417e+01   1.5339306e+01
   1.4446845e+01   2.5581543e+01   1.4806856e+01
   1.4763397e+01   3.6681081e+01   1.4792346e+01
   1.2587137e+01   2.4667698e+01   1.2879613e+01
   1.2791828e+01   3.3595218e+01   1.2829971e+01
   1.1624359e+01   2.4865881e+01   1.1849429e+01
   1.1595149e+01   2.4869982e+01   1.1818555e+01
   1.0306478e+01   2.0388200e+01   1.0794602e+01
   1.0281377e+01   2.7082437e+01   1.0381547e+01
   1.2526944e+01   3.0472827e+01   1.2601096e+01
   1.2471837e+01   2.9571504e+01   1.2562151e+01
   1.2784618e+01   2.7433823e+01   1.2943953e+01
   1.2754214e+01   2.8038411e+01   1.2891611e+01
   1.3275872e+01   2.5082303e+01   1.3585726e+01
   1.3146287e+01   2.3007436e+01   1.3641242e+01
   1.4048098e+01   3.0331843e+01   1.4155531e+01
   1.4243062e+01   2.6543607e+01   1.4516213e+01
   1.4648968e+01   3.3249636e+01   1.4711380e+01
   1.4292884e+01   2.7459563e+01   1.4515360e+01
   1.2174529e+01   2.4916518e+01   1.2425862e+01
   1.1868861e+01   2.4048680e+01   1.2157126e+01
   1.3516970e+01   3.0205349e+01   1.3615222e+01
   1.3257787e+01   2.4453527e+01   1.3616295e+01
   1.4608343e+01   3.2065668e+01   1.4689742e+01
   1.4576254e+01   2.9651696e+01   1.4718070e+01
   1.2432507e+01   2.7619994e+01   1.2573579e+01
   1.2338426e+01   2.4148937e+01   1.2651212e+01
   1.4797668e+01   3.2376085e+01   1.4876698e+01
   1.4539267e+01   2.7839320e+01   1.4754440e+01
   1.1714205e+01   2.6544546e+01   1.1869026e+01
   1.1567857e+01   2.6638830e+01   1.1714520e+01
   1.4305934e+01   3.3908546e+01   1.4355553e+01
   1.4102822e+01   2.7882506e+01   1.4295700e+01
   1.3439055e+01   3.0483489e+01   1.3529568e+01
   1.3420569e+01   3.1564002e+01   1.3490708e+01
   1.2432142e+01   2.6292786e+01   1.2624634e+01
   1.2426427e+01   2.7455247e+01   1.2572839e+01
   1.1782292e+01   2.4983898e+01   1.2008979e+01
   1.1693092e+01   2.6630291e+01   1.1844138e+01
   1.2786591e+01   3.2157084e+01   1.2839729e+01
   1.2711433e+01   2.6537142e+01   1.2904873e+01
   1.3327501e+01   2.6010854e+01   1.3579042e+01
   1.3250968e+01   3.3311192e+01   1.3296038e+01
   1.0927870e+01   2.2539811e+01   1.1262473e+01
   1.0946243e+01   2.6248762e+01   1.1086554e+01
   1.2724939e+01   2.9134439e+01   1.2830662e+01
   1.2661294e+01   2.7227751e+01   1.2823977e+01
   1.3194600e+01   2.8937744e+01   1.3317449e+01
   1.3115005e+01   2.7921590e+01   1.3268026e+01
   1.0255480e+01   2.5651377e+01   1.0394500e+01
   1.0203403e+01   2.8170319e+01   1.0279934e+01
   1.1684400e+01   2.5554675e+01   1.1878365e+01
   1.1642874e+01   2.5635211e+01   1.1831472e+01
   1.0814678e+01   2.2761340e+01   1.1124276e+01
   1.0919966e+01   2.5993793e+01   1.1068042e+01
