  -1.0559986e+00   4.7059871e+00   1.5489185e+00
  -1.5451591e+00   4.7095097e+00   8.9382272e-01
  -1.3961102e+00   7.4730566e+00  -7.7689163e-02
  -1.8813437e+00   2.9926721e+00   1.5958621e+00
   3.6386878e-01   8.9271322e+00   1.5380800e+00
  -1.3076774e+00   5.9527373e+00   5.7905870e-01
   3.2675430e-01   9.1392324e+00   1.4384142e+00
  -1.6728072e+00   5.9404189e+00   1.3871463e-01
  -2.0695469e+00   7.5878397e+00  -8.7451038e-01
  -1.5081828e+00   4.9520136e+00   8.0892155e-01
  -1.2600177e+00   4.7564202e+00   1.2438481e+00
  -1.4178551e+00   3.9513923e+00   1.5416318e+00
  -3.9966830e-01   6.3841270e+00   1.5212587e+00
  -2.3727018e+00   3.2106523e+00   7.2794618e-01
  -1.5209991e+00   3.5458003e+00   1.6889828e+00
  -1.6551057e+00   4.4474408e+00   8.9992733e-01
   8.9318790e-02   8.9724329e+00   1.2088277e+00
  -1.8323153e+00   4.7075971e+00   5.2228578e-01
  -9.5473012e-01   7.8746207e+00   3.1104939e-01
  -4.8674141e-01   4.0152784e+00   2.8663544e+00
  -9.7065488e-01   5.5344816e+00   1.1993061e+00
  -2.4258014e+00   2.8280442e+00   9.3504140e-01
   5.4682771e-01   9.2357355e+00   1.6671151e+00
  -2.0900652e+00   3.4751426e+00   9.3381290e-01
  -1.7823584e+00   7.8173774e+00  -6.1358173e-01
  -1.7978002e+00   3.5644986e+00   1.2791559e+00
  -1.8832688e+00   4.7585431e+00   4.2989718e-01
  -9.2367877e-01   3.0709256e+00   3.0255000e+00
  -4.9888037e-01   6.5714618e+00   1.3146671e+00
  -2.3516449e+00   2.5596795e+00   1.2572440e+00
  -1.3702918e+00   3.4473237e+00   1.9876723e+00
  -1.3439961e+00   3.4079682e+00   2.0589331e+00
  -1.1846325e-01   8.4754511e+00   1.1045012e+00
  -2.5560870e+00   2.6876631e+00   8.5767878e-01
  -1.1458454e+00   5.7251807e+00   8.8325042e-01
  -2.5662851e+00   4.5234888e+00  -3.0919165e-01
  -6.5977797e-01   7.0296437e+00   9.3586997e-01
  -2.9211664e+00   4.0750432e+00  -5.1952413e-01
  -1.2748715e+00   6.9136359e+00   2.4450928e-01
  -1.4914255e+00   5.1327160e+00   7.3587617e-01
  -1.2761352e+00   5.1194740e+00   1.0200205e+00
  -8.3308412e-01   5.0139890e+00   1.6656749e+00
  -5.2366900e-01   5.7214487e+00   1.6839880e+00
  -2.5336783e+00   3.5355481e+00   2.9241105e-01
  -1.3717399e+00   3.5989240e+00   1.8662111e+00
  -1.4694777e+00   4.8052814e+00   9.3928637e-01
   4.6937705e-03   8.0028983e+00   1.3929596e+00
  -1.3034061e+00   6.4093979e+00   3.9635473e-01
   5.0351216e-01   8.7962558e+00   1.7381543e+00
  -1.8474103e+00   5.3966097e+00   1.6164751e-01
   4.0997693e-02   1.0128282e+01   8.9140190e-01
  -1.2490846e+00   5.6826591e+00   7.7345110e-01
  -9.6271524e-01   5.7762492e+00   1.0904803e+00
  -1.3629042e+00   3.4170334e+00   2.0231747e+00
   2.3133826e-01   7.4346552e+00   1.8693840e+00
  -2.0353734e+00   4.0382218e+00   6.4104687e-01
  -1.0487717e+00   4.4021023e+00   1.7530853e+00
  -1.5496825e+00   5.2016948e+00   6.2680006e-01
   3.9010675e-01   1.0109239e+01   1.2841495e+00
  -1.9693187e+00   4.0425278e+00   7.2632776e-01
  -2.3822050e+00   8.1475166e+00  -1.3606571e+00
  -1.2049411e+00   4.8598347e+00   1.2572210e+00
  -2.2505707e+00   4.4717478e+00   1.1424010e-01
  -1.2531943e+00   3.3447646e+00   2.2492693e+00
  -7.9052525e-01   7.3065811e+00   6.8140868e-01
  -2.0171377e+00   2.9752725e+00   1.4098822e+00
  -1.6692656e+00   3.8866088e+00   1.2347743e+00
  -9.7375747e-01   4.3718062e+00   1.8788957e+00
  -1.1492387e+00   8.6344818e+00  -1.0955278e-01
  -2.1272961e+00   3.4639252e+00   8.9010542e-01
  -1.2024665e+00   5.7171162e+00   8.1585847e-01
  -1.0240452e+00   4.7398621e+00   1.5716385e+00
   2.2798926e-01   7.7454936e+00   1.7492171e+00
  -1.8786718e+00   5.0786876e+00   2.7308653e-01
  -1.0033969e+00   4.3159960e+00   1.8751054e+00
  -1.0951722e+00   6.3329418e+00   6.7930963e-01
   2.9883882e-01   9.5599220e+00   1.3026771e+00
  -1.6795560e+00   5.0630383e+00   5.3183037e-01
  -3.6902254e-01   6.7046460e+00   1.4199765e+00
  -2.2224548e+00   4.1743656e+00   3.1489870e-01
  -1.7484600e+00   3.4398884e+00   1.4403914e+00
  -2.4901671e+00   4.3946035e+00  -1.4778825e-01
  -4.1137332e-01   1.0291477e+01   3.6291347e-01
  -2.5557818e+00   5.1860647e+00  -6.0666247e-01
  -1.3260054e+00   4.3119135e+00   1.4276669e+00
  -1.9739252e+00   4.5425109e+00   4.2971429e-01
  -5.2219167e-01   1.0050792e+01   2.8547914e-01
  -3.1154761e+00   3.7150348e+00  -5.6718043e-01
  -4.1975669e-01   8.8876497e+00   6.4973793e-01
  -2.4551031e+00   3.0819272e+00   7.0539592e-01
