   2.2495336e+00   1.4670224e+01   2.6513616e+00
   2.6878137e+00   1.1122774e+01   3.6829962e+00
   2.0242327e+00   1.3239531e+01   2.5668384e+00
   1.7139963e+00   1.1515567e+01   2.4902233e+00
   1.8540122e+00   1.2484060e+01   2.4853590e+00
   2.9769538e+00   1.1904775e+01   3.8432347e+00
   2.0030275e+00   1.3412238e+01   2.5224791e+00
   2.8551003e+00   1.1007057e+01   3.9079075e+00
   8.2882054e-01   7.6169933e+00   2.5431540e+00
   2.2807235e+00   1.1431215e+01   3.1454673e+00
   1.3417223e+00   1.2522943e+01   1.9222628e+00
   1.3037340e+00   1.1707720e+01   2.0022871e+00
   1.8101534e+00   1.2831387e+01   2.3883532e+00
   1.9883337e+00   1.0549321e+01   3.0064977e+00
   1.4716049e+00   1.1102477e+01   2.2966969e+00
   1.6030163e+00   1.1016848e+01   2.4616053e+00
   1.6433689e+00   1.1648264e+01   2.3878143e+00
   2.2500713e+00   1.1164335e+01   3.1669847e+00
   2.5181311e+00   1.1864267e+01   3.3287273e+00
   2.7406459e+00   1.3046939e+01   3.3756396e+00
   2.3558198e+00   1.1526514e+01   3.2114446e+00
   3.0424991e+00   1.5034081e+01   3.4602829e+00
   2.5853172e+00   1.1766679e+01   3.4240884e+00
   3.2902454e+00   1.3847371e+01   3.8655950e+00
   1.0312439e+00   6.9884314e+00   3.0940001e+00
   2.7968605e+00   1.4813655e+01   3.2198214e+00
   1.4487732e+00   1.0600412e+01   2.3743625e+00
   1.8062600e+00   1.3686396e+01   2.2794762e+00
   2.3042849e+00   1.3103086e+01   2.8890550e+00
   2.5920799e+00   1.4209685e+01   3.0638301e+00
   1.9118747e+00   1.1798192e+01   2.6602334e+00
   2.0438106e+00   1.5085638e+01   2.3975305e+00
   2.0972943e+00   1.0764275e+01   3.0815295e+00
   2.4128379e+00   1.4410719e+01   2.8505410e+00
   1.2973296e+00   1.1468943e+01   2.0353700e+00
   2.9333843e+00   1.3580759e+01   3.5110039e+00
   7.9214558e-01   1.2265746e+01   1.3634435e+00
   2.4013014e+00   1.2889772e+01   3.0255527e+00
   8.2022611e-01   7.5964339e+00   2.5407759e+00
   2.8605659e+00   1.2945126e+01   3.5238649e+00
   1.6342597e+00   1.2205027e+01   2.2866312e+00
   1.3948983e+00   1.2809713e+01   1.9419979e+00
   1.8798926e+00   1.3644956e+01   2.3629129e+00
   2.3969272e+00   1.3421894e+01   2.9473778e+00
   1.2973917e+00   1.2039226e+01   1.9432550e+00
   1.8118115e+00   1.2939425e+01   2.3757134e+00
   1.8785495e+00   1.1837122e+01   2.6163151e+00
   2.5542623e+00   1.2060794e+01   3.3324344e+00
   2.9088152e+00   1.5569815e+01   3.2695741e+00
   2.6685798e+00   1.2020585e+01   3.4690102e+00
   1.7419955e+00   8.7241702e+00   3.2596749e+00
   2.3229497e+00   1.1519594e+01   3.1754685e+00
   2.0566774e+00   1.3238153e+01   2.6021229e+00
   1.5274671e+00   1.1557419e+01   2.2750154e+00
   2.4092263e+00   1.4226540e+01   2.8659414e+00
   2.1455796e+00   1.2005605e+01   2.8843807e+00
   2.0036119e+00   1.2519680e+01   2.6440120e+00
   1.5159309e+00   1.2187338e+01   2.1597576e+00
   2.3192652e+00   1.2020417e+01   3.0758660e+00
   2.2146405e+00   1.2021702e+01   2.9586305e+00
   6.1816372e-01   6.4925384e+00   2.7961340e+00
   3.0587012e+00   1.4181436e+01   3.5704508e+00
   1.1410919e+00   1.0143618e+01   2.1261451e+00
   2.1054859e+00   1.3648291e+01   2.6046708e+00
   1.8509953e+00   1.1443349e+01   2.6571496e+00
   2.7919734e+00   1.2499287e+01   3.5209607e+00
   1.8201482e+00   1.0772588e+01   2.7604958e+00
   2.4744937e+00   1.3899242e+01   2.9726075e+00
   1.7370954e+00   1.0262375e+01   2.7850218e+00
   2.8675452e+00   1.3402028e+01   3.4636176e+00
   1.7913650e+00   1.3319629e+01   2.3057539e+00
   6.5867406e-01   8.3488098e+00   2.0618179e+00
   2.0825776e+00   1.3492370e+01   2.5985214e+00
   1.4149479e+00   8.4324350e+00   2.9593709e+00
   1.7096999e+00   1.1865835e+01   2.4240713e+00
   9.5179247e-01   8.5023304e+00   2.3648452e+00
   2.0300480e+00   1.1092194e+01   2.9307602e+00
   1.5314716e+00   8.5508275e+00   3.0607527e+00
   1.3800781e+00   1.2754184e+01   1.9331414e+00
   2.2033834e+00   1.2061809e+01   2.9390573e+00
   7.3926279e-01   1.2006872e+01   1.3416875e+00
   1.2984950e+00   1.2461698e+01   1.8837910e+00
   1.0098014e+00   1.0573970e+01   1.8833879e+00
   2.0753825e+00   1.2171342e+01   2.7781659e+00
   1.1801833e+00   1.0552892e+01   2.0798706e+00
   1.8440937e+00   1.2559071e+01   2.4635093e+00
   1.7403641e+00   1.1117336e+01   2.5964501e+00
   2.3550972e+00   1.3245308e+01   2.9251330e+00
   1.2008028e+00   1.1527762e+01   1.9187547e+00
   2.0292149e+00   1.2265571e+01   2.7117119e+00
