  -3.3632265e+00  -6.0194292e-01   3.2329330e+00
  -2.5517563e+00   4.6998938e-01   3.2287880e+00
  -2.8962223e+00  -1.8249448e-01   3.5349020e+00
  -2.1661373e+00   7.5938916e-01   3.5778062e+00
  -2.4615270e+00   6.4028486e-01   3.1610963e+00
  -2.0787984e+00   6.9384743e-01   3.8601353e+00
  -3.2652135e+00  -5.2503894e-01   3.3138831e+00
  -2.1617317e+00   7.1925901e-01   3.6473896e+00
  -3.1886025e+00   4.1722196e-01   2.1047710e+00
  -3.2910585e+00  -3.4561659e-01   2.9716282e+00
  -2.6484794e+00   5.4925343e-01   2.9264938e+00
  -3.4402183e+00  -6.3094973e-01   3.1180950e+00
  -3.3266458e+00  -5.7556547e-01   3.2669442e+00
  -2.1327035e+00   8.7879777e-01   3.4694868e+00
  -3.1010780e+00   4.6377320e-02   2.7634390e+00
  -2.8918312e+00   2.8440418e-01   2.8290664e+00
  -3.1789367e+00  -4.1099135e-01   3.3087013e+00
  -1.9729946e+00   9.7663297e-01   3.6482161e+00
  -2.8325377e+00  -1.1549960e-01   3.5607040e+00
  -2.5055281e+00   2.7231436e-01   3.6266556e+00
  -2.7522177e+00  -3.9545978e-02   3.6077360e+00
  -2.2606203e+00   2.9904873e-01   4.1158897e+00
  -2.5599131e+00  -1.2262853e-01   4.1827133e+00
  -1.7069637e+00   6.8247241e-01   4.7104599e+00
  -2.8442039e+00   6.9067034e-01   2.3767902e+00
  -3.2939780e+00  -5.8547203e-01   3.3535589e+00
  -2.2422554e+00   8.2750099e-01   3.3256198e+00
  -2.9431805e+00  -2.6466568e-01   3.5710126e+00
  -3.3900666e+00  -8.8545718e-01   3.6682185e+00
  -1.8910947e+00   9.6215023e-01   3.8379690e+00
  -3.1147359e+00  -1.2863257e-01   2.9949886e+00
  -3.0657659e+00  -5.1697333e-02   2.9769943e+00
  -3.3203188e+00  -7.6178768e-01   3.6021352e+00
  -1.7976718e+00   1.0757971e+00   3.8595385e+00
  -2.3836486e+00   1.0774821e+00   2.7231390e+00
  -3.0007762e+00  -2.8284379e-01   3.4770274e+00
  -2.3346111e+00   7.3011004e-01   3.2825109e+00
  -2.4345073e+00   2.6386284e-01   3.7922447e+00
  -2.5637079e+00   1.3585642e+00   2.0772128e+00
  -3.4767137e+00  -4.2171939e-01   2.7156236e+00
  -1.9211027e+00   1.7312638e+00   2.7603142e+00
  -4.2540302e+00  -1.4454242e+00   2.7606588e+00
  -3.4267215e+00  -5.8659044e-01   3.0741793e+00
  -2.9259213e+00   1.0446035e-01   3.0227731e+00
  -2.7495023e+00   5.6855200e-01   2.7087373e+00
  -3.3134691e+00  -3.2403306e-01   2.8931333e+00
  -3.0295368e+00  -8.9909622e-02   3.1080924e+00
  -2.3535893e+00   7.2412139e-01   3.2536441e+00
  -2.2798930e+00   5.2751242e-01   3.6977951e+00
  -2.7515380e+00  -3.9519302e-01   4.2413391e+00
  -2.0251416e+00   1.8893971e+00   2.4046802e+00
  -3.8799190e+00  -1.1916615e+00   3.1251059e+00
  -1.9069553e+00   1.4530795e+00   3.1239377e+00
  -3.8932535e+00  -1.3431334e+00   3.3654146e+00
  -2.7618867e+00  -5.7482293e-02   3.6166344e+00
  -2.6353583e+00   1.2909936e-01   3.5817698e+00
  -2.5214007e+00   6.4820106e-01   3.0335162e+00
  -3.5940975e+00  -6.4919263e-01   2.8296126e+00
  -2.7802940e+00   1.5414346e-02   3.4583543e+00
  -2.4117871e+00   3.6766936e-01   3.6726737e+00
  -2.9682962e+00   1.5082294e-01   2.8713879e+00
  -3.1931239e+00   5.5346722e-01   1.9301824e+00
  -2.8575607e+00   1.8357051e-01   3.0416098e+00
  -3.2407747e+00   3.6012096e-02   2.5107805e+00
  -3.6161892e+00  -1.1595340e+00   3.6574422e+00
  -1.9046201e+00   1.3570984e+00   3.2525685e+00
  -3.2649034e+00  -1.3333366e-01   2.7048997e+00
  -2.8301831e+00   2.6631010e-01   2.9747869e+00
  -3.6279518e+00  -1.2238717e+00   3.7523388e+00
  -1.8001804e+00   1.5174486e+00   3.2406256e+00
  -2.0853040e+00   1.4787114e+00   2.7675391e+00
  -4.2413638e+00  -1.5087507e+00   2.8954650e+00
  -2.9295125e+00   7.1227035e-02   3.0652014e+00
  -2.8347389e+00   2.4108939e-02   3.3307485e+00
  -2.9067372e+00   5.7715736e-01   2.4078747e+00
  -3.4340677e+00  -4.7084731e-01   2.8759293e+00
  -2.7205327e+00   1.3792529e-01   3.3889959e+00
  -2.6399326e+00   3.4754551e-01   3.2333126e+00
  -3.8029188e+00  -8.8431068e-01   2.7759751e+00
  -2.2045346e+00   1.1985149e+00   2.8978627e+00
  -3.6271694e+00  -4.6965151e-01   2.4922111e+00
  -2.9420389e+00   3.6220730e-01   2.6259265e+00
  -3.8374489e+00  -9.8331410e-01   2.8645694e+00
  -2.0394867e+00   1.2586923e+00   3.1272313e+00
  -2.8787745e+00   2.7932632e-01   2.8614716e+00
  -2.9189004e+00   2.7179004e-01   2.7947346e+00
  -3.7758801e+00  -1.0595447e+00   3.1220407e+00
  -2.0996517e+00   9.8983512e-01   3.3764011e+00
  -3.8936279e+00  -1.1839768e+00   3.0822033e+00
  -1.9341850e+00   1.1439502e+00   3.4852046e+00
