   2.6832584e+00   1.3638000e+01   3.2306035e+00
   2.5118619e+00   1.0760218e+01   3.5660985e+00
   2.4067646e+00   1.4342474e+01   2.8510926e+00
   1.8992953e+00   1.1430722e+01   2.7138733e+00
   2.2072022e+00   1.2531861e+01   2.8660692e+00
   2.2790902e+00   1.0438053e+01   3.3750755e+00
   2.2104532e+00   1.2817242e+01   2.8268401e+00
   2.4407528e+00   9.7319892e+00   3.7766167e+00
   8.4101065e-01   7.8068649e+00   2.4819479e+00
   2.2395542e+00   1.1182272e+01   3.1510194e+00
   1.6685809e+00   1.3182430e+01   2.1902593e+00
   1.5081536e+00   1.1589051e+01   2.2480623e+00
   2.0080026e+00   1.3242298e+01   2.5489333e+00
   2.0118946e+00   1.0407574e+01   3.0690635e+00
   1.8076046e+00   1.2521673e+01   2.4290782e+00
   1.7087117e+00   1.0655245e+01   2.6590985e+00
   1.7262347e+00   1.1848816e+01   2.4452456e+00
   2.2927524e+00   1.1808704e+01   3.0849138e+00
   2.8771485e+00   1.2652248e+01   3.5900761e+00
   3.0749996e+00   1.2784045e+01   3.7890783e+00
   2.6201334e+00   1.1618850e+01   3.4939737e+00
   2.4490218e+00   1.2482383e+01   3.1414475e+00
   2.5400572e+00   1.2108691e+01   3.3076657e+00
   3.1443210e+00   1.2613380e+01   3.8967445e+00
   1.0185310e+00   7.5913861e+00   2.7955522e+00
   2.7346895e+00   1.3995348e+01   3.2420807e+00
   1.3680531e+00   1.2251760e+01   1.9888623e+00
   2.0366245e+00   1.4019499e+01   2.4896260e+00
   2.4429030e+00   1.3850041e+01   2.9443234e+00
   2.7589866e+00   1.4757547e+01   3.1849772e+00
   2.2875449e+00   1.3409252e+01   2.8303501e+00
   2.3039904e+00   1.4558319e+01   2.7198715e+00
   2.0407563e+00   1.1006470e+01   2.9615489e+00
   2.5438662e+00   1.5228477e+01   2.9128487e+00
   1.7986929e+00   1.2061509e+01   2.4901214e+00
   2.1459420e+00   1.1358373e+01   3.0071060e+00
   1.2033371e+00   1.3428196e+01   1.6645313e+00
   2.4332566e+00   1.1820978e+01   3.2410706e+00
   8.0387348e-01   8.0911811e+00   2.3282111e+00
   2.8561824e+00   1.2907015e+01   3.5250132e+00
   1.6487301e+00   1.3352537e+01   2.1486634e+00
   1.4417091e+00   1.2325428e+01   2.0584104e+00
   1.7964987e+00   1.3592778e+01   2.2794734e+00
   2.4726175e+00   1.3468044e+01   3.0236131e+00
   9.3137091e-01   1.2807985e+01   1.4445993e+00
   2.0552243e+00   1.3559277e+01   2.5610646e+00
   1.8209605e+00   1.2214141e+01   2.4902722e+00
   2.8438419e+00   1.3234652e+01   3.4615555e+00
   3.0593618e+00   1.4608520e+01   3.5222706e+00
   2.0411887e+00   1.0480735e+01   3.0849226e+00
   1.7940966e+00   9.0655189e+00   3.2032241e+00
   2.2687781e+00   1.1469350e+01   3.1240857e+00
   2.2171742e+00   1.4469168e+01   2.6362486e+00
   1.6466903e+00   1.1836738e+01   2.3592399e+00
   2.6776224e+00   1.4836095e+01   3.0905294e+00
   2.0946118e+00   1.1796955e+01   2.8645984e+00
   2.4011796e+00   1.4008092e+01   2.8812570e+00
   1.6200193e+00   1.2114446e+01   2.2849925e+00
   2.4396472e+00   1.2456724e+01   3.1352457e+00
   2.2212367e+00   1.2582558e+01   2.8737052e+00
   7.1239745e-01   7.1404702e+00   2.6010799e+00
   3.0722653e+00   1.3893787e+01   3.6211177e+00
   1.2443257e+00   1.1119372e+01   2.0392917e+00
   2.2808091e+00   1.4371726e+01   2.7136834e+00
   2.0098785e+00   1.1750244e+01   2.7782386e+00
   2.9437865e+00   1.3083847e+01   3.5944931e+00
   2.2028264e+00   1.2109922e+01   2.9301247e+00
   2.5994266e+00   1.4441053e+01   3.0468064e+00
   1.8778495e+00   1.0388658e+01   2.9174227e+00
   2.9301982e+00   1.4279651e+01   3.4199287e+00
   1.9204772e+00   1.4019466e+01   2.3657383e+00
   5.8890379e-01   7.8108919e+00   2.1671056e+00
   2.0920416e+00   1.3759692e+01   2.5774051e+00
   1.2644010e+00   7.8169460e+00   3.0144527e+00
   1.9516574e+00   1.3172589e+01   2.4968565e+00
   8.7419281e-01   7.8474812e+00   2.5075105e+00
   2.1387301e+00   1.1475033e+01   2.9754391e+00
   1.5423118e+00   8.4924373e+00   3.0961211e+00
   1.5438373e+00   1.3260865e+01   2.0469047e+00
   2.5951325e+00   1.2581332e+01   3.2875536e+00
   1.0496090e+00   1.2620130e+01   1.5944547e+00
   1.7714406e+00   1.2386817e+01   2.4094299e+00
   1.1102442e+00   1.0832418e+01   1.9443261e+00
   2.3350718e+00   1.3010537e+01   2.9355723e+00
   1.4899024e+00   1.1878612e+01   2.1793827e+00
   2.1616933e+00   1.3018703e+01   2.7451933e+00
   1.7178323e+00   1.1359281e+01   2.5236441e+00
   2.5677460e+00   1.4270943e+01   3.0310050e+00
   1.1512107e+00   1.1364173e+01   1.8919292e+00
   2.1871651e+00   1.3046643e+01   2.7691204e+00
