  -1.8279233e+00   3.1867249e+00   1.5191012e+00
  -2.1303728e+00   1.9660343e+00   2.1494231e+00
  -2.4384128e+00   4.2111147e+00   1.6391184e-02
  -2.9657363e+00   1.1560830e+00   1.6309491e+00
  -5.4736006e-01   6.1232635e+00   1.4540722e+00
  -1.6053203e+00   3.9768847e+00   1.2626161e+00
  -1.4334120e+00   3.4389299e+00   1.9004891e+00
  -1.9632909e+00   3.9395690e+00   7.9876126e-01
  -1.7632748e+00   5.3065526e+00   3.0763330e-01
  -2.0366032e+00   2.2921104e+00   1.9774387e+00
  -2.5330004e+00   2.5640232e+00   9.8856022e-01
  -1.8952424e+00   2.5755598e+00   1.9347590e+00
  -1.1814120e+00   4.2326914e+00   1.6809511e+00
  -2.6280634e+00   1.5261434e+00   1.7916001e+00
  -2.3078711e+00   2.2280134e+00   1.6132968e+00
  -2.2422872e+00   2.0912211e+00   1.8445778e+00
  -1.3934563e+00   4.6250182e+00   1.1430396e+00
  -2.2087206e+00   2.3974387e+00   1.6120863e+00
  -8.0099283e-01   7.7978337e+00   5.1145613e-01
  -1.3849867e+00   2.9077810e+00   2.4318404e+00
  -1.0004620e+00   4.3089949e+00   1.8840734e+00
  -2.4184703e+00   1.5989584e+00   2.0588441e+00
  -1.0556413e+00   3.6044933e+00   2.3336334e+00
  -2.1418881e+00   1.7516114e+00   2.3570355e+00
  -1.6152064e+00   5.8028127e+00   2.6664361e-01
  -2.2347497e+00   1.9012523e+00   2.0452829e+00
  -2.6629629e+00   2.5475130e+00   8.1464559e-01
  -1.3068810e+00   2.2221747e+00   3.2798858e+00
  -1.1433499e+00   4.1670594e+00   1.7796388e+00
  -2.7125121e+00   1.1458366e+00   2.0636545e+00
  -2.2457024e+00   2.2726099e+00   1.6683891e+00
  -1.7511285e+00   2.0180551e+00   2.7308280e+00
  -1.0362943e+00   5.0435478e+00   1.3764116e+00
  -2.3333799e+00   1.7333097e+00   2.0574240e+00
  -1.3784525e+00   4.2561252e+00   1.3916285e+00
  -2.6008047e+00   3.0363720e+00   5.3653996e-01
  -2.0795698e+00   2.3018328e+00   1.9003377e+00
  -2.5657217e+00   3.2260109e+00   4.5290849e-01
  -1.4003496e+00   5.0520721e+00   8.9499559e-01
  -1.8050140e+00   3.7991971e+00   1.1060746e+00
  -2.5631999e+00   2.4553913e+00   1.0329827e+00
  -1.6972111e+00   3.4113254e+00   1.5356905e+00
  -1.0331357e+00   3.9130170e+00   2.1232310e+00
  -2.8412386e+00   1.8812987e+00   1.1149504e+00
  -1.7018968e+00   2.4594975e+00   2.3517457e+00
  -1.7516945e+00   2.9116361e+00   1.8582312e+00
  -7.0654503e-01   5.1919225e+00   1.7322971e+00
  -1.9449279e+00   3.6901046e+00   9.8690439e-01
  -7.9877693e-01   4.3779448e+00   2.1238420e+00
  -2.7527404e+00   2.2838965e+00   8.9809207e-01
  -4.1607628e-01   7.2951510e+00   1.1323034e+00
  -1.8103408e+00   2.7524586e+00   1.9072247e+00
  -1.8765183e+00   3.2960799e+00   1.3645333e+00
  -1.7889706e+00   2.1369804e+00   2.5374632e+00
  -2.7718914e-01   5.5557259e+00   2.1027478e+00
  -2.5448826e+00   1.7781117e+00   1.6703874e+00
  -1.4862933e+00   3.3089195e+00   1.9263052e+00
  -2.2660880e+00   2.2521550e+00   1.6556637e+00
  -4.8586771e-01   6.2630492e+00   1.4672545e+00
  -2.3758264e+00   1.6705547e+00   2.0534308e+00
  -2.3029812e+00   5.8112570e+00  -5.6297696e-01
  -2.1169697e+00   2.4794023e+00   1.6792599e+00
  -3.4849181e+00   1.8899528e+00   1.7029851e-01
  -1.8800631e+00   1.7026798e+00   2.8664100e+00
  -1.5753492e+00   4.2750636e+00   1.1111211e+00
  -2.4250073e+00   1.4817743e+00   2.1748806e+00
  -2.2920556e+00   2.5320480e+00   1.3689023e+00
  -1.9454640e+00   2.1273475e+00   2.2874488e+00
  -2.0262501e+00   4.5780551e+00   3.4327822e-01
  -2.6926215e+00   1.2617790e+00   1.9676868e+00
  -2.2880067e+00   3.3014496e+00   7.8117662e-01
  -1.4053222e+00   3.8528170e+00   1.6290036e+00
  -4.9159516e-01   5.3779267e+00   1.9148110e+00
  -2.1854469e+00   3.5319484e+00   7.6379862e-01
  -1.6829757e+00   2.9839335e+00   1.9007624e+00
  -1.3993018e+00   4.3735549e+00   1.2881771e+00
  -6.9913577e-01   5.7242575e+00   1.4538902e+00
  -1.4662744e+00   4.1311113e+00   1.3523458e+00
  -1.6505355e+00   3.2286925e+00   1.7466889e+00
  -2.0404520e+00   2.9256399e+00   1.4155214e+00
  -2.5819531e+00   1.5999442e+00   1.7901909e+00
  -1.9622402e+00   3.2341884e+00   1.2882798e+00
  -2.1531927e+00   4.4258182e+00   2.6329359e-01
  -2.6232770e+00   3.4495149e+00   2.2823774e-01
  -1.9313079e+00   3.0119766e+00   1.5064134e+00
  -2.0357859e+00   2.7868492e+00   1.5363227e+00
  -1.3889368e+00   6.2264271e+00   3.6558969e-01
  -3.1185126e+00   2.4037290e+00   2.8322428e-01
  -1.4055032e+00   4.8735686e+00   9.8505946e-01
  -2.8712313e+00   1.0873767e+00   1.8617281e+00
