  -2.1254601e+00   1.3533017e+00   2.8481755e+00
  -3.2786833e+00  -2.3224725e-01   2.8237546e+00
  -2.4309690e+00   9.3874372e-01   2.8136454e+00
  -3.3740378e+00  -5.1554849e-01   3.0692920e+00
  -1.5287580e+00   2.6613460e+00   2.4351066e+00
  -3.2308744e+00  -1.2505096e-01   2.7592334e+00
  -1.9685064e+00   2.2895866e+00   2.0883242e+00
  -2.7818203e+00   6.3299202e-01   2.5637812e+00
  -1.8616619e+00   2.7113973e+00   1.8646740e+00
  -2.5392203e+00   5.3847532e-01   3.1541164e+00
  -2.0850577e+00   1.2776450e+00   3.0175937e+00
  -2.8040685e+00  -4.9618190e-02   3.5132823e+00
  -2.4253955e+00   7.7447643e-01   3.0435653e+00
  -2.5536803e+00   6.1059591e-01   3.0236401e+00
  -1.9844229e+00   1.8043960e+00   2.5670758e+00
  -3.4347804e+00  -3.9600528e-01   2.7600446e+00
  -1.8725704e+00   1.9779324e+00   2.5670008e+00
  -2.8711012e+00   3.0618882e-01   2.8382960e+00
  -1.6531210e+00   2.0694553e+00   2.8431157e+00
  -3.6966477e+00  -1.0844812e+00   3.3383055e+00
  -1.7517470e+00   2.4302838e+00   2.2997037e+00
  -4.1304765e+00  -1.6520756e+00   3.4005047e+00
  -1.9410692e+00   1.4201514e+00   3.1025741e+00
  -2.6377948e+00  -2.2103546e-01   4.1824251e+00
  -1.6596172e+00   2.8873048e+00   2.0202387e+00
  -2.8338844e+00  -4.0417045e-01   4.0638576e+00
  -1.7074983e+00   1.5996966e+00   3.3086047e+00
  -2.5287297e+00  -2.3665993e-01   4.4728248e+00
  -2.4735584e+00   6.7054260e-01   3.0948971e+00
  -2.9242026e+00  -1.6248493e-01   3.4420788e+00
  -2.0253949e+00   1.5492606e+00   2.7899138e+00
  -3.6108660e+00  -1.1102443e+00   3.5777842e+00
  -1.9095047e+00   1.7429780e+00   2.7671228e+00
  -3.1515966e+00  -5.0543142e-01   3.5265508e+00
  -1.6929648e+00   2.3568838e+00   2.4690006e+00
  -4.0518904e+00  -1.2057591e+00   2.7839198e+00
  -1.9238633e+00   1.9270153e+00   2.5352749e+00
  -4.1131537e+00  -1.0394245e+00   2.3956650e+00
  -1.2113676e+00   3.8433969e+00   1.9149972e+00
  -2.7398598e+00   3.9030141e-01   2.9733306e+00
  -1.4501406e+00   2.5503435e+00   2.6740536e+00
  -3.8493791e+00  -1.0122534e+00   2.8871403e+00
  -2.3433084e+00   1.0522679e+00   2.8290848e+00
  -3.7012527e+00  -7.2564379e-01   2.7322775e+00
  -1.3537419e+00   2.4761867e+00   2.9136755e+00
  -4.2994215e+00  -1.5277071e+00   2.8043215e+00
  -1.6088590e+00   2.3113662e+00   2.6561338e+00
  -2.9133363e+00   1.9448096e-01   2.9157360e+00
  -1.0086656e+00   3.3699553e+00   2.6070126e+00
  -3.5701972e+00  -4.7982171e-01   2.6183109e+00
  -7.9928772e-01   3.4956191e+00   2.8260054e+00
  -2.7313798e+00   6.6717092e-02   3.4790964e+00
  -1.6179304e+00   1.9495282e+00   3.0426514e+00
  -3.1067291e+00  -1.5295166e-01   3.0482878e+00
  -1.5727222e+00   1.6860177e+00   3.4511849e+00
  -3.5885725e+00  -4.8569524e-01   2.5910163e+00
  -1.1073555e+00   2.8320473e+00   2.9591498e+00
  -4.1831477e+00  -1.1172700e+00   2.3770418e+00
  -1.4340217e+00   2.2173564e+00   3.0593976e+00
  -3.3789524e+00  -5.4586839e-01   3.1079084e+00
  -2.4730737e+00   2.2800032e+00   1.3151686e+00
  -2.8794936e+00  -1.0210666e-01   3.4385752e+00
  -2.6566649e+00   8.6179833e-01   2.4994939e+00
  -2.7198419e+00  -6.4509186e-02   3.7197158e+00
  -2.7619293e+00   4.2407192e-01   2.8829402e+00
  -2.9486722e+00   5.2808647e-02   3.0544407e+00
  -1.6205192e+00   2.4423277e+00   2.5018205e+00
  -3.6335317e+00  -6.5146372e-01   2.7534208e+00
  -2.8152407e+00   8.4228361e-01   2.2414431e+00
  -3.1925402e+00  -1.9583391e-01   2.9407167e+00
  -1.4984691e+00   2.2322431e+00   2.9301381e+00
  -3.9863943e+00  -1.1031486e-01   1.3681726e+00
  -1.9425610e+00   1.4240054e+00   3.0948976e+00
  -3.6395806e+00   8.2614296e-01   8.9937506e-01
  -1.6026154e+00   2.3115024e+00   2.6664974e+00
  -4.4001767e+00  -2.3832564e-01   8.3189796e-01
  -1.5540105e+00   2.2231089e+00   2.8442295e+00
  -3.1847726e+00   7.3380862e-01   1.7336151e+00
  -2.7337949e+00   6.6371879e-01   2.6121141e+00
  -2.9206186e+00   5.4930846e-01   2.4184009e+00
  -2.1724076e+00   1.7388955e+00   2.3193861e+00
  -4.3042594e+00  -1.1009326e+00   2.1167881e+00
  -2.7204286e+00   1.0340948e+00   2.1786763e+00
  -3.1473471e+00   4.3562081e-01   2.1550253e+00
  -1.1788633e+00   2.9161419e+00   2.7567551e+00
  -3.7949118e+00  -9.6134722e-01   2.9171416e+00
  -2.4739579e+00   1.4082865e+00   2.1735204e+00
  -3.3323951e+00   2.8403569e-02   2.3497144e+00
  -2.5279411e+00   1.3250738e+00   2.1749987e+00
  -3.4947225e+00  -4.2029904e-01   2.6779189e+00
