   1.9557773e+00   1.6437709e+01   2.2108648e+00
   8.2487341e-01   1.4307798e+01   1.1822832e+00
   2.2996534e-01   1.4389102e+01   5.5519300e-01
   1.3557524e+00   1.6375871e+01   1.5935618e+00
   2.1962960e+00   1.7465563e+01   2.4044878e+00
   1.8877509e+00   1.4566644e+01   2.2778340e+00
   1.9016199e+00   1.5043893e+01   2.2514181e+00
   1.4296122e+00   1.3688351e+01   1.8776729e+00
   5.9998514e-01   1.6123641e+01   8.2821413e-01
   1.5102889e+00   1.4500659e+01   1.8855044e+00
   1.2778203e+00   1.6817549e+01   1.4902760e+00
   1.4521103e+00   1.5451255e+01   1.7506284e+00
   1.3732009e+00   1.4985598e+01   1.7021259e+00
   5.4505753e-01   1.2349918e+01   1.0872921e+00
   7.2357317e-01   1.4359165e+01   1.0721190e+00
   9.6099142e-01   1.4886959e+01   1.2792381e+00
   1.4035752e+00   1.5583362e+01   1.6911546e+00
   1.0538754e+00   1.3770497e+01   1.4712169e+00
   7.6648359e-01   1.3678465e+01   1.1767862e+00
   1.7406881e+00   1.5441391e+01   2.0523103e+00
   1.3735360e+00   1.5506170e+01   1.6650935e+00
   1.6651491e+00   1.6093587e+01   1.9301709e+00
   1.9923400e+00   1.5050204e+01   2.3462939e+00
   1.6554019e+00   1.3674985e+01   2.1195790e+00
  -2.0798463e-01   1.4841492e+01   7.0118441e-02
   2.0496011e+00   1.6803407e+01   2.2871676e+00
   1.1899733e+00   1.4923470e+01   1.5153907e+00
   1.5870869e+00   1.7272604e+01   1.7866100e+00
   1.2638718e+00   1.4743484e+01   1.6065874e+00
   1.9285520e+00   1.8040863e+01   2.1038363e+00
   7.5653046e-01   1.3682535e+01   1.1659112e+00
   1.7152862e+00   1.7333930e+01   1.9155599e+00
   1.2761788e+00   1.6337200e+01   1.5135399e+00
   1.1771968e+00   1.5451690e+01   1.4646527e+00
   1.3092680e+00   1.6823866e+01   1.5223191e+00
   1.2483569e+00   1.4378016e+01   1.6205885e+00
   1.0934533e+00   1.5052787e+01   1.4051797e+00
   3.7951147e-01   1.4739079e+01   6.8510346e-01
   7.3634959e-01   1.6034446e+01   9.7340766e-01
   2.4454439e+00   1.6410753e+01   2.7214478e+00
   9.2734790e-01   1.4609555e+01   1.2651853e+00
   1.0155077e+00   1.5289319e+01   1.3075720e+00
   8.7478610e-01   1.3749671e+01   1.2841930e+00
   1.0941421e+00   1.5481802e+01   1.3764319e+00
   8.5920614e-01   1.6247052e+01   1.0885148e+00
   1.0405612e+00   1.5127072e+01   1.3448116e+00
   1.1639429e+00   1.6577396e+01   1.3851116e+00
   1.6311146e+00   1.4890351e+01   1.9797755e+00
   2.5069080e+00   1.6114906e+01   2.8053446e+00
   2.1667244e-01   1.0378128e+01   1.0375529e+00
   2.1979080e+00   1.6643492e+01   2.4498788e+00
   2.0306582e+00   1.6748044e+01   2.2706304e+00
   1.7516352e+00   1.7137679e+01   1.9622920e+00
   6.4810467e-01   1.3877933e+01   1.0338963e+00
   2.2742112e+00   1.6629591e+01   2.5298754e+00
  -3.7404842e-02   1.0979154e+01   6.5410807e-01
   1.2034708e+00   1.4851119e+01   1.5349965e+00
   6.6439391e-01   1.4428033e+01   1.0048171e+00
   1.9327763e+00   1.6769970e+01   2.1681703e+00
   9.9916675e-01   1.4624527e+01   1.3390656e+00
  -7.6416688e-01   1.3002079e+01  -3.6548181e-01
   2.6396592e+00   1.8098903e+01   2.8317711e+00
   3.8902872e-01   1.3074472e+01   8.3844104e-01
   2.5504427e+00   1.7689168e+01   2.7588565e+00
   1.0340706e+00   1.3744851e+01   1.4527785e+00
   2.3563903e+00   1.5659410e+01   2.6806963e+00
   7.0345724e-01   1.3440056e+01   1.1334801e+00
   2.2932807e+00   1.8292809e+01   2.4676476e+00
   4.2908720e-01   1.3776971e+01   8.1308622e-01
   1.7742353e+00   1.6112134e+01   2.0422380e+00
   1.4120300e+00   1.5536897e+01   1.7030615e+00
  -2.9003098e+00   7.3826610e+00  -1.7443287e+00
   1.5639928e+00   1.4418516e+01   1.9493527e+00
  -3.4364087e+00   6.8720279e+00  -2.2001433e+00
   9.1310045e-01   1.4988835e+01   1.2219721e+00
  -3.7923463e+00   5.8444891e+00  -2.2875811e+00
   1.8660655e+00   1.6045579e+01   2.1418431e+00
  -2.4016367e+00   9.1839775e+00  -1.5944275e+00
   1.4403203e+00   1.5340580e+01   1.7460935e+00
   1.5843318e+00   1.4502397e+01   1.9633455e+00
   2.1939987e-01   1.3757345e+01   5.9517944e-01
   8.3326710e-01   1.4800782e+01   1.1525044e+00
   6.3049609e-01   1.4613093e+01   9.5524653e-01
   9.6150480e-01   1.3489042e+01   1.4014804e+00
   6.3822461e-01   1.3350446e+01   1.0735439e+00
   1.4699898e+00   1.5528267e+01   1.7639571e+00
   1.0564589e+00   1.4876045e+01   1.3795967e+00
   1.0840337e+00   1.3161417e+01   1.5667343e+00
   4.5242259e-01   1.5511987e+01   7.1042510e-01
   7.6350202e-01   1.4022713e+01   1.1422279e+00
