  -9.8059687e-01   2.6961628e+00   3.3202107e+00
  -3.4393726e+00  -7.0828303e-01   3.2481939e+00
  -2.6942261e+00   5.5072758e-01   2.8371114e+00
  -3.0135783e+00  -2.7289913e-01   3.4330884e+00
  -1.4792858e+00   3.0881620e+00   2.1223235e+00
  -2.5224450e+00   9.1327987e-01   2.6780335e+00
  -2.0986922e+00   2.2046748e+00   1.9628940e+00
  -1.3839714e+00   1.7154490e+00   3.7757304e+00
  -2.2978844e+00   2.8306432e+00   1.1164502e+00
  -2.3970611e+00   4.2919700e-01   3.6064277e+00
  -1.8738394e+00   1.7684342e+00   2.8003563e+00
  -2.4046782e+00   3.1395001e-01   3.7744628e+00
  -2.2789500e+00   9.4088484e-01   3.0967488e+00
  -2.6124402e+00   5.0579935e-01   3.0572975e+00
  -1.6723613e+00   2.2972738e+00   2.5644706e+00
  -2.6493550e+00   5.1635546e-01   2.9706960e+00
  -1.5535838e+00   2.1144211e+00   2.9661574e+00
  -2.8330318e+00   2.6176956e-01   2.9757667e+00
  -1.8516763e+00   1.6967713e+00   2.9241255e+00
  -3.8808683e+00  -1.2267628e+00   3.1843253e+00
  -1.7904330e+00   2.6210161e+00   2.0567805e+00
  -3.5399276e+00  -1.0832272e+00   3.6905924e+00
  -1.4701236e+00   2.2130861e+00   3.0009035e+00
  -1.6983315e+00   3.7496278e-01   5.3352506e+00
  -2.6279057e+00   3.0157921e+00   5.1383518e-01
  -2.5745937e+00  -2.2118169e-01   4.3322664e+00
  -1.6667468e+00   1.8036022e+00   3.1290651e+00
  -2.1442720e+00   2.1886215e-01   4.5290560e+00
  -2.3817936e+00   8.8972547e-01   2.9702935e+00
  -2.8512005e+00  -1.7180556e-01   3.6143646e+00
  -1.7078502e+00   2.0702962e+00   2.7475475e+00
  -2.8736509e+00  -3.7219045e-01   3.9134990e+00
  -1.8209748e+00   1.8014284e+00   2.8552585e+00
  -2.8306416e+00  -2.6103675e-01   3.8129549e+00
  -1.8256254e+00   2.0941689e+00   2.5212961e+00
  -3.6724003e+00  -6.1740714e-01   2.6236276e+00
  -1.6816047e+00   2.7260346e+00   2.1309342e+00
  -3.0819670e+00   1.5439130e-01   2.6472518e+00
  -2.0626099e+00   4.2823123e+00   4.6070585e-01
  -2.6151468e+00   7.8236061e-01   2.6763732e+00
  -1.6901012e+00   2.3434855e+00   2.4873801e+00
  -3.6388600e+00  -3.7578985e-01   2.3348342e+00
  -2.1110458e+00   1.3842898e+00   2.8360655e+00
  -3.7474568e+00  -6.5095902e-01   2.5262873e+00
  -1.1060748e+00   3.1789073e+00   2.6254528e+00
  -3.8375143e+00  -7.9153018e-01   2.5614651e+00
  -1.2666401e+00   2.5955630e+00   2.9353779e+00
  -2.5204140e+00   5.3278470e-01   3.1994794e+00
  -1.1628178e+00   3.1168549e+00   2.5921187e+00
  -2.5436834e+00   6.9268724e-01   2.9294859e+00
  -1.6501274e+00   3.5863972e+00   1.4728227e+00
  -2.4616288e+00   3.3412457e-01   3.6208200e+00
  -1.4171198e+00   2.3682281e+00   2.9213771e+00
  -2.5277246e+00   2.9258001e-01   3.5477378e+00
  -1.4719094e+00   1.7865763e+00   3.5118646e+00
  -3.1721363e+00   1.5203314e-01   2.4804056e+00
  -9.2285774e-01   3.2984485e+00   2.8085061e+00
  -3.7286462e+00  -4.1940682e-01   2.2270372e+00
  -1.1957356e+00   2.3130546e+00   3.3734237e+00
  -2.9804007e+00  -7.1809533e-02   3.1804005e+00
  -3.5830709e+00   2.2716395e+00  -2.5560440e-01
  -2.5640471e+00   2.4698940e-01   3.5436613e+00
  -2.8378210e+00   6.5061722e-01   2.4389633e+00
  -1.9668681e+00   8.3351213e-01   3.8775254e+00
  -2.8998439e+00   3.4316882e-01   2.7316855e+00
  -2.5394451e+00   7.9242579e-01   2.8035973e+00
  -1.7288018e+00   2.3383275e+00   2.4288153e+00
  -2.6037862e+00   8.3743946e-01   2.6262474e+00
  -3.1357129e+00   5.9089705e-01   1.9847580e+00
  -2.6106504e+00   4.8433583e-01   3.0914634e+00
  -1.4156663e+00   2.5782598e+00   2.7029171e+00
  -3.5979493e+00   3.7310812e-01   1.4538603e+00
  -1.7356191e+00   1.8269004e+00   2.9770354e+00
  -3.5096624e+00   8.9249371e-01   1.0351861e+00
  -1.3329682e+00   2.7586894e+00   2.6586739e+00
  -3.4738222e+00   7.2208659e-01   1.2703459e+00
  -1.3236667e+00   2.3976429e+00   3.0506958e+00
  -2.8442911e+00   9.9549257e-01   2.0108465e+00
  -2.4274778e+00   1.1737443e+00   2.5257189e+00
  -2.6337924e+00   8.7574459e-01   2.5232527e+00
  -1.8476944e+00   2.3588953e+00   2.2147559e+00
  -3.5459381e+00  -7.8164672e-02   2.1000762e+00
  -2.3492393e+00   1.3735648e+00   2.4267373e+00
  -2.9191256e+00   6.5732811e-01   2.2844464e+00
  -1.1638029e+00   3.0540184e+00   2.6491002e+00
  -3.3444048e+00  -2.3680443e-01   2.7010429e+00
  -2.1421542e+00   1.5361566e+00   2.5991097e+00
  -3.0910432e+00   1.4153370e-01   2.6479140e+00
  -2.7051261e+00   1.2164510e+00   1.9968689e+00
  -3.2631787e+00  -2.8805225e-01   2.9392958e+00
