   2.7758903e+00   1.7522125e+01   3.0001522e+00
   1.2896104e+00   1.0603823e+01   2.1928984e+00
   1.6807581e+00   1.2302963e+01   2.3227169e+00
   7.1468495e-01   1.0731761e+01   1.5226366e+00
   1.8680629e+00   1.4826249e+01   2.2342269e+00
   1.5905759e+00   1.1351725e+01   2.3825417e+00
   1.9543395e+00   1.3377873e+01   2.4741807e+00
   1.1678402e+00   9.5690401e+00   2.3005813e+00
   1.5966291e+00   1.3905636e+01   2.0328301e+00
   1.1433343e+00   1.0443442e+01   2.0615561e+00
   1.9463480e+00   1.3948038e+01   2.4008259e+00
   1.0071234e+00   1.1287311e+01   1.7461030e+00
   1.8396830e+00   1.3734296e+01   2.3099417e+00
   8.4703354e-01   1.0370402e+01   1.7424761e+00
   1.7984553e+00   1.2869004e+01   2.3705931e+00
   1.3801316e-01   1.0512617e+01   9.2563851e-01
   1.5868666e+00   1.4006916e+01   2.0123128e+00
   1.2975660e+00   1.2443744e+01   1.8852410e+00
   2.3132208e+00   1.1586232e+01   3.1510420e+00
   1.4631650e+00   1.1158129e+01   2.2765083e+00
   1.9649364e+00   1.3256805e+01   2.5005594e+00
   1.6714879e+00   1.3678655e+01   2.1363474e+00
   2.4975575e+00   1.2794667e+01   3.1457484e+00
   1.7055853e+00   1.1653297e+01   2.4561011e+00
   8.5831328e-01   1.1501589e+01   1.5469142e+00
   1.6063954e+00   1.2953845e+01   2.1517214e+00
   1.7780422e+00   1.2939536e+01   2.3391189e+00
   1.5715778e+00   1.2706921e+01   2.1463703e+00
   6.1389686e-01   1.3364479e+01   1.0464365e+00
   1.7577818e+00   1.4239696e+01   2.1708244e+00
   2.2469092e+00   1.2682830e+01   2.8867024e+00
   6.3033785e-01   1.2708741e+01   1.1348940e+00
   1.8275424e+00   1.3039152e+01   2.3797259e+00
   1.5579141e+00   1.5170468e+01   1.8812625e+00
   1.6233139e+00   1.4050326e+01   2.0466860e+00
   1.6722982e+00   1.2439958e+01   2.2932058e+00
   1.8138128e+00   1.3636137e+01   2.2931415e+00
   8.5335637e-01   1.1333270e+01   1.5690240e+00
   1.3597393e+00   1.2986293e+01   1.8821688e+00
   2.0523269e+00   1.2032467e+01   2.7759177e+00
   1.7776899e+00   1.2519379e+01   2.3967333e+00
   6.7773775e-01   1.0337340e+01   1.5591554e+00
   1.4565956e+00   1.5080817e+01   1.7820860e+00
   9.0207953e-01   1.1281137e+01   1.6313858e+00
   1.7215587e+00   1.4389617e+01   2.1183565e+00
   7.0629482e-02   9.9885990e+00   9.5237982e-01
   1.8703472e+00   1.5200378e+01   2.2061203e+00
   1.7842113e+00   1.3497612e+01   2.2771438e+00
   2.7627645e+00   1.4483703e+01   3.2172483e+00
   7.9857395e-01   1.0346857e+01   1.6928819e+00
   2.6904842e+00   1.4901464e+01   3.0979485e+00
   1.3662592e+00   1.1991780e+01   2.0257949e+00
   2.5609525e+00   1.4646927e+01   2.9847407e+00
   5.9985186e-01   1.0724177e+01   1.3966914e+00
   2.6952980e+00   1.5271756e+01   3.0692686e+00
   4.8347403e-01   1.0783427e+01   1.2572312e+00
   2.4800065e+00   1.4192791e+01   2.9454140e+00
  -3.6757758e-01   1.0937479e+01   3.0311020e-01
   2.4896410e+00   1.4823535e+01   2.8918255e+00
   1.1784644e+00   1.3625013e+01   1.6175396e+00
   7.6358152e-01   1.1215170e+01   1.4902408e+00
   1.9456029e+00   1.2484346e+01   2.5856801e+00
   1.4259981e+00   1.2293582e+01   2.0459030e+00
   1.8938202e+00   1.2685062e+01   2.4997032e+00
   4.5998070e-01   1.2700051e+01   9.5450852e-01
   1.8500048e+00   1.2803228e+01   2.4354906e+00
   2.1819003e+00   1.2236513e+01   2.8854896e+00
   1.0976085e+00   1.2970265e+01   1.6031758e+00
   1.5478200e+00   1.2748186e+01   2.1151416e+00
   1.7995887e+00   1.4361778e+01   2.2035010e+00
   1.9457135e+00   1.4216793e+01   2.3725384e+00
  -1.1645792e+00   7.6331174e+00   1.4068141e-01
  -5.1089803e-01   1.1391201e+01   8.3162491e-02
  -1.0297014e+00   7.8263940e+00   2.3885910e-01
   2.0454586e+00   1.4235281e+01   2.4767817e+00
  -1.7220912e+00   7.7393652e+00  -5.2482387e-01
   2.0858911e+00   1.4673905e+01   2.4776376e+00
  -7.5397623e-02   1.0476467e+01   6.9768166e-01
   1.5468265e+00   1.3876681e+01   1.9828649e+00
   1.3426802e+00   1.1820582e+01   2.0268428e+00
   1.1989371e+00   1.2987600e+01   1.7095706e+00
  -4.7393995e-01   1.1384233e+01   1.2363919e-01
   9.7032719e-01   1.3587423e+01   1.4008882e+00
   8.5920898e-01   1.2884766e+01   1.3584949e+00
   1.7213858e+00   1.1766582e+01   2.4539009e+00
   5.4201958e-01   1.1544542e+01   1.1953780e+00
   1.6639097e+00   1.3884140e+01   2.1065561e+00
   1.1671756e+00   1.3637146e+01   1.6043369e+00
   1.0115573e+00   1.4012095e+01   1.4039161e+00
   1.0633813e+00   1.2165747e+01   1.6701668e+00
