   7.1829082e-01   1.4402377e+01   1.0631344e+00
   6.8993793e-01   1.5294949e+01   9.6947601e-01
  -1.4907872e-01   1.2709016e+01   3.0856960e-01
   6.7729968e-02   1.4145092e+01   4.0505958e-01
   1.5609689e+00   1.5628819e+01   1.8518370e+00
   1.6030090e+00   1.5535122e+01   1.9020269e+00
   9.7653361e-01   1.3307398e+01   1.4363768e+00
   1.4524239e+00   1.5030843e+01   1.7815171e+00
   1.4281543e+00   1.5392664e+01   1.7297491e+00
   6.4034894e-01   1.2251604e+01   1.2020618e+00
   8.2041852e-01   1.5242766e+01   1.1081612e+00
   2.1423293e-02   1.1241560e+01   6.7701745e-01
   1.2415306e+00   1.6561126e+01   1.4658596e+00
   4.8710574e-01   1.3931463e+01   8.6037031e-01
   2.4419992e-01   1.3384292e+01   6.5503450e-01
  -8.5922166e-02   1.3644511e+01   2.8575816e-01
   8.0169588e-01   1.5052605e+01   1.1016370e+00
   1.3952962e+00   1.6451500e+01   1.6302493e+00
   4.6487211e-01   1.1785175e+01   1.0765301e+00
   7.7975138e-01   1.2935680e+01   1.2679722e+00
   1.5820785e+00   1.4111038e+01   1.9970599e+00
   1.0445784e+00   1.5175995e+01   1.3455651e+00
   1.3335060e+00   1.4613475e+01   1.6901134e+00
   1.3847005e+00   1.6083186e+01   1.6401856e+00
   6.2125702e-01   1.2373592e+01   1.1659281e+00
   1.6390893e+00   1.4689904e+01   2.0047825e+00
   1.3636783e+00   1.4179752e+01   1.7597054e+00
   3.3589578e-01   1.3652504e+01   7.2649349e-01
   1.8298317e+00   1.5720727e+01   2.1256510e+00
   2.1115111e+00   1.7896489e+01   2.2976031e+00
   6.4669142e-01   1.2306851e+01   1.2017152e+00
   1.0938136e+00   1.5163668e+01   1.3976558e+00
   1.1016481e+00   1.2549577e+01   1.6595003e+00
   1.0233017e+00   1.5541861e+01   1.2990797e+00
   9.0888720e-01   1.6879226e+01   1.1083326e+00
   8.0981905e-01   1.5145667e+01   1.1036871e+00
   3.0863292e-01   1.4176775e+01   6.5352439e-01
   1.7226536e-01   1.4710556e+01   4.7213121e-01
   7.5045678e-01   1.3903214e+01   1.1391394e+00
   2.0316125e+00   1.5711881e+01   2.3368579e+00
   4.3452762e-01   1.3727732e+01   8.2318779e-01
   2.8654831e-01   1.2413305e+01   8.0345279e-01
   1.5369689e+00   1.8827037e+01   1.6753158e+00
   1.4031677e+00   1.5564846e+01   1.6919671e+00
   5.8457668e-01   1.4816411e+01   8.9261180e-01
   1.6959125e-01   1.2497988e+01   6.6909994e-01
   9.5312360e-01   1.6073984e+01   1.1947317e+00
   1.4152537e+00   1.4911206e+01   1.7518596e+00
   1.4921286e+00   1.4847285e+01   1.8374502e+00
   1.1639902e+00   1.5085748e+01   1.4763020e+00
   1.9945205e+00   1.5395257e+01   2.3212889e+00
   1.7745372e+00   1.4048624e+01   2.2074251e+00
   1.0258881e+00   1.5814171e+01   1.2849253e+00
   2.9847071e-01   1.2740613e+01   7.7842212e-01
   1.8732759e+00   1.7120433e+01   2.0884674e+00
   1.4171216e+00   1.4768411e+01   1.7651542e+00
   5.7911614e-01   1.3239530e+01   1.0223471e+00
   3.4655394e-01   1.4088128e+01   7.0024083e-01
   1.1654500e+00   1.4996498e+01   1.4843470e+00
   1.4041167e+00   1.5946610e+01   1.6685135e+00
  -1.4512177e-01   1.1744283e+01   4.2680479e-01
   2.3564855e+00   1.4650491e+01   2.7667824e+00
  -2.2385176e-01   1.3054288e+01   1.9507115e-01
   1.3340919e+00   1.4919504e+01   1.6662965e+00
   9.9349722e-01   1.5055434e+01   1.3009001e+00
   2.4893295e+00   1.6062849e+01   2.7905937e+00
   5.3677683e-02   1.2420359e+01   5.5498855e-01
   1.7661621e+00   1.6703093e+01   1.9995986e+00
  -1.5030707e-01   1.2572950e+01   3.2185185e-01
   2.0795732e+00   1.7164540e+01   2.2990210e+00
   1.2276332e+00   1.5363981e+01   1.5229964e+00
  -1.9728028e+00   6.2837068e+00  -3.5232079e-01
   1.7246843e+00   1.5217666e+01   2.0521676e+00
  -9.5540896e-01   7.4108276e+00   4.5274474e-01
   4.7554819e-01   1.3307989e+01   9.0604855e-01
  -1.9761065e+00   6.4214577e+00  -4.0583766e-01
   1.6268389e+00   1.5234197e+01   1.9485567e+00
  -7.3425000e-01   9.4692281e+00   1.6624402e-01
   1.6165262e+00   1.5340265e+01   1.9299656e+00
   1.0959019e+00   1.4610681e+01   1.4413470e+00
   4.0198793e-01   1.2953295e+01   8.6493175e-01
  -3.7488539e-01   1.2560221e+01   8.6289116e-02
   9.3950334e-01   1.4649433e+01   1.2747766e+00
   9.4560102e-01   1.3656090e+01   1.3679565e+00
   3.5215525e-01   1.2102686e+01   9.1222649e-01
   6.6836007e-01   1.1780607e+01   1.2973134e+00
   9.6258540e-01   1.3939113e+01   1.3590240e+00
   1.6443381e+00   1.5149812e+01   1.9732337e+00
   6.8418637e-01   1.5938781e+01   9.2492599e-01
   5.8432825e-01   1.4958249e+01   8.8242548e-01
