  -1.4561573e+00   2.3722085e+00   2.8502092e+00
  -3.4722444e+00  -3.1812575e-01   2.5711224e+00
  -1.9995407e+00   2.4033498e+00   1.9307456e+00
  -3.5770364e+00  -1.8219369e-01   2.1823696e+00
  -1.1839971e+00   3.2157665e+00   2.4687736e+00
  -2.4772793e+00   1.0448723e+00   2.5943962e+00
  -1.8311938e+00   1.4892022e+00   3.2189035e+00
  -1.8238886e+00   1.7873478e+00   2.8665423e+00
  -1.5908195e+00   4.0890524e+00   1.2085876e+00
  -2.8617313e+00   3.0398833e-01   2.8594843e+00
  -2.7328217e+00   1.3600345e+00   1.7949473e+00
  -2.5213264e+00   1.2357134e+00   2.2882352e+00
  -1.8127017e+00   3.2132271e+00   1.5205626e+00
  -3.1643407e+00  -1.6407669e-02   2.7310658e+00
  -2.1885587e+00   1.6428359e+00   2.3975819e+00
  -2.6685325e+00   5.3285621e-01   2.9107726e+00
  -1.3179207e+00   3.4682947e+00   2.0490596e+00
  -2.8672572e+00   5.7711147e-01   2.4797666e+00
  -4.9876132e-01   5.9296054e+00   1.6102419e+00
  -3.5069833e+00  -6.1949615e-01   2.9607883e+00
  -1.5433509e+00   2.2182743e+00   2.8679133e+00
  -2.9639170e+00  -1.9167091e-01   3.4054388e+00
  -1.5187135e+00   1.4784913e+00   3.8383902e+00
  -1.9691877e+00   6.0466167e-01   4.2448596e+00
  -1.8460541e+00   4.1870021e+00   8.0216019e-01
  -2.6565217e+00   2.3919302e-01   3.3638188e+00
  -2.6464676e+00   1.1403011e+00   2.1828252e+00
  -1.8591834e+00   1.2269162e+00   3.5166424e+00
  -1.5732881e+00   3.2128286e+00   1.8746385e+00
  -2.6736776e+00   5.6108498e-01   2.8620054e+00
  -2.2848661e+00   1.3638015e+00   2.5507011e+00
  -1.8333561e+00   1.2576886e+00   3.5244978e+00
  -1.3777676e+00   3.6357359e+00   1.8291630e+00
  -2.5339970e+00   6.5299828e-01   3.0025786e+00
  -2.2297667e+00   1.3095792e+00   2.7136786e+00
  -3.0586505e+00   1.1947515e+00   1.4402050e+00
  -2.4507989e+00   5.3997077e-01   3.3278209e+00
  -2.4350513e+00   1.9008942e+00   1.7240633e+00
  -1.2783028e+00   4.0640715e+00   1.6601881e+00
  -2.5148380e+00   2.0001705e+00   1.5044369e+00
  -2.6491919e+00   1.3327554e+00   1.9624453e+00
  -2.6765372e+00   1.6650174e+00   1.5733730e+00
  -1.9776470e+00   2.6745429e+00   1.7197630e+00
  -3.3795526e+00   5.1221150e-01   1.6600982e+00
  -1.8575466e+00   1.5980300e+00   3.0332901e+00
  -2.4648983e+00   1.4092483e+00   2.1877905e+00
  -1.2384604e+00   3.3571213e+00   2.2613600e+00
  -2.5193236e+00   1.4734044e+00   2.0260858e+00
  -1.0849149e+00   2.0648383e+00   3.8897278e+00
  -2.3004515e+00   7.4776263e-01   3.3247547e+00
  -7.8282407e-03   5.5219462e+00   2.4918366e+00
  -2.7226225e+00   3.4320596e-01   3.0749363e+00
  -1.8136975e+00   1.8800862e+00   2.7774105e+00
  -2.4324279e+00   8.3009439e-01   2.9545526e+00
  -7.7958351e-01   4.2525432e+00   2.2415006e+00
  -3.6276548e+00  -3.8629124e-01   2.3709957e+00
  -1.3728841e+00   2.5014634e+00   2.8543099e+00
  -3.2263091e+00   1.6596547e-02   2.5652223e+00
  -7.0144175e-01   3.8225609e+00   2.6952336e+00
  -3.2561388e+00  -2.3584059e-01   2.8740068e+00
  -2.5633356e+00   3.8281312e+00   7.4188739e-02
  -3.1911677e+00  -3.5261445e-01   3.1881365e+00
  -3.5594613e+00   2.9320768e-01   1.6117861e+00
  -2.1025939e+00   9.0786039e-01   3.4876010e+00
  -2.6632298e+00   2.3288619e+00   9.9145527e-01
  -3.3230933e+00  -4.7297118e-01   3.1067403e+00
  -2.2729101e+00   1.6754854e+00   2.2192309e+00
  -2.9739526e+00  -1.1721884e-01   3.2648482e+00
  -2.3464895e+00   2.2926965e+00   1.4954925e+00
  -3.3695454e+00  -3.5555327e-01   2.8287797e+00
  -2.4626159e+00   2.0532933e+00   1.5356926e+00
  -2.3287530e+00   2.2871413e+00   1.5275344e+00
  -1.4538007e+00   3.3531140e+00   1.9389913e+00
  -2.9694354e+00   2.0244890e+00   7.9923119e-01
  -1.6254318e+00   2.0461085e+00   2.9177760e+00
  -2.0753366e+00   2.5745127e+00   1.6586400e+00
  -1.1126252e+00   3.4945922e+00   2.3380733e+00
  -2.2703424e+00   2.1050232e+00   1.7869983e+00
  -1.9428080e+00   2.5870989e+00   1.8505890e+00
  -2.3380422e+00   1.9525631e+00   1.8275510e+00
  -2.7020103e+00   6.5432124e-01   2.6832561e+00
  -2.1973095e+00   1.9485496e+00   2.0580500e+00
  -2.2067832e+00   2.6925113e+00   1.3609241e+00
  -2.9625209e+00   1.4092567e+00   1.3753720e+00
  -1.8285638e+00   2.0076786e+00   2.6095098e+00
  -2.6339477e+00   1.1516737e+00   2.1912293e+00
  -1.2885682e+00   3.7492650e+00   1.8732180e+00
  -3.8537367e+00   3.3057767e-01   1.0814786e+00
  -1.7042923e+00   3.0538174e+00   1.8096418e+00
  -3.3116432e+00  -1.5037941e-01   2.6389052e+00
