   2.7439032e+00   1.3195974e+01   3.3572632e+00
   1.4073584e+00   9.7854105e+00   2.5229801e+00
   2.3583488e+00   1.4700221e+01   2.7640250e+00
   1.6837254e+00   1.1125625e+01   2.5308161e+00
   2.3052508e+00   1.3035121e+01   2.8995258e+00
   1.9305259e+00   1.0646094e+01   2.9164270e+00
   2.2100014e+00   1.2485282e+01   2.8764262e+00
   1.7429753e+00   8.6984883e+00   3.2704058e+00
   9.7150069e-01   8.9254045e+00   2.2530154e+00
   1.5730361e+00   1.0335998e+01   2.5770517e+00
   2.0495869e+00   1.3873056e+01   2.5192572e+00
   1.1305288e+00   1.0006649e+01   2.1463396e+00
   2.0317789e+00   1.3563109e+01   2.5353885e+00
   1.7669025e+00   1.0629007e+01   2.7318439e+00
   1.7466920e+00   1.2885312e+01   2.3123079e+00
   8.8345376e-01   1.0092294e+01   1.8441552e+00
   1.7619639e+00   1.2649789e+01   2.3609815e+00
   1.9819672e+00   1.2133737e+01   2.6809019e+00
   2.8960847e+00   1.2629571e+01   3.6151077e+00
   2.8303271e+00   1.2137712e+01   3.6298185e+00
   2.6619706e+00   1.2075179e+01   3.4512195e+00
   2.0853437e+00   1.3218039e+01   2.6357495e+00
   2.7940697e+00   1.2194608e+01   3.5780752e+00
   2.4538175e+00   1.1839370e+01   3.2607813e+00
   1.1215092e+00   8.5877426e+00   2.5422779e+00
   2.0526454e+00   1.2987185e+01   2.6307820e+00
   1.7817743e+00   1.2433629e+01   2.4137712e+00
   1.8374339e+00   1.2454017e+01   2.4716681e+00
   2.4441744e+00   1.4348061e+01   2.8904900e+00
   2.4906393e+00   1.4640275e+01   2.9104832e+00
   2.3796525e+00   1.2776512e+01   3.0186056e+00
   1.5768114e+00   1.3278072e+01   2.0802454e+00
   2.0471847e+00   1.1337092e+01   2.8993555e+00
   2.1592160e+00   1.5241956e+01   2.5061898e+00
   1.9883517e+00   1.2969792e+01   2.5632325e+00
   2.0315078e+00   1.2113621e+01   2.7391168e+00
   1.9968878e+00   1.3907238e+01   2.4591712e+00
   1.7551773e+00   1.0537607e+01   2.7394945e+00
   1.0049418e+00   9.5124371e+00   2.1256447e+00
   2.2323433e+00   1.2376640e+01   2.9184360e+00
   1.8323462e+00   1.4051757e+01   2.2685814e+00
   1.2091862e+00   1.0771208e+01   2.0674774e+00
   1.9518602e+00   1.5159282e+01   2.2949056e+00
   2.0866006e+00   1.3186323e+01   2.6412181e+00
   1.6016888e+00   1.4468028e+01   1.9846856e+00
   1.0126242e+00   1.2198552e+01   1.6105826e+00
   1.9030364e+00   1.3928701e+01   2.3566556e+00
   2.3767886e+00   1.3739492e+01   2.8861217e+00
   2.9122719e+00   1.3973448e+01   3.4370410e+00
   1.3191058e+00   9.2598090e+00   2.5664472e+00
   1.8141208e+00   1.0132570e+01   2.9081166e+00
   1.5511803e+00   1.1087884e+01   2.3889706e+00
   2.2817646e+00   1.4747328e+01   2.6783594e+00
   1.1448468e+00   1.0864261e+01   1.9768380e+00
   2.6222675e+00   1.5108974e+01   3.0063274e+00
   1.6933203e+00   1.1710455e+01   2.4324535e+00
   2.4879786e+00   1.4013033e+01   2.9740030e+00
   7.3661338e-01   1.1144272e+01   1.4726690e+00
   2.4433525e+00   1.3204894e+01   3.0268222e+00
   1.8420784e+00   1.3177152e+01   2.3778785e+00
   7.8747423e-01   7.9195178e+00   2.3717250e+00
   2.3248703e+00   1.2705422e+01   2.9690555e+00
   1.4887736e+00   1.1636702e+01   2.2183742e+00
   1.9079477e+00   1.2992168e+01   2.4729598e+00
   2.1993431e+00   1.2459135e+01   2.8687759e+00
   2.6222612e+00   1.3812251e+01   3.1425782e+00
   2.1994861e+00   1.1940611e+01   2.9560724e+00
   1.8437788e+00   1.3641119e+01   2.3246641e+00
   1.8513418e+00   1.0517724e+01   2.8552555e+00
   2.5124701e+00   1.4693031e+01   2.9285721e+00
   2.0248929e+00   1.3881749e+01   2.4918826e+00
  -1.4045776e-01   5.8995882e+00   2.0960406e+00
   1.9609067e+00   1.4074149e+01   2.4031605e+00
   5.8905053e-01   6.7142219e+00   2.6430890e+00
   1.8472331e+00   1.3640422e+01   2.3284413e+00
  -2.7228961e-01   6.2427758e+00   1.7496066e+00
   2.1419584e+00   1.2438168e+01   2.8087507e+00
   8.8891821e-01   7.8507106e+00   2.5246731e+00
   1.5444523e+00   1.3896412e+01   1.9783467e+00
   2.2922088e+00   1.2764974e+01   2.9241902e+00
   1.0808484e+00   1.3549357e+01   1.5217747e+00
   7.7188271e-01   1.1140170e+01   1.5121943e+00
   1.1206704e+00   1.1309291e+01   1.8677164e+00
   1.9672155e+00   1.3031459e+01   2.5320493e+00
   1.5326789e+00   1.1849141e+01   2.2312987e+00
   1.5051341e+00   1.2333491e+01   2.1263424e+00
   1.6368507e+00   1.1464680e+01   2.4133895e+00
   2.1618558e+00   1.4775610e+01   2.5487909e+00
   1.0831272e+00   1.1685838e+01   1.7636369e+00
   1.8304939e+00   1.3072469e+01   2.3786308e+00
