  -2.9802256e+00  -9.1692055e-01   4.7357818e+00
  -1.5837222e+00   8.0471532e-01   4.7791615e+00
  -3.4323748e+00  -8.6001300e-01   3.5265885e+00
  -2.0580444e+00   8.6197297e-01   3.6451185e+00
  -2.9140002e+00  -3.5306340e-01   3.7880007e+00
  -2.2595885e+00   3.8542594e-01   3.9714276e+00
  -3.0068897e+00  -2.8900306e-01   3.4741475e+00
  -2.2246010e+00   6.3113093e-01   3.6521609e+00
  -3.2078073e+00  -1.0041282e+00   4.3352205e+00
  -1.7217293e+00   9.2822960e-01   4.2524745e+00
  -3.0328540e+00  -2.0845267e-01   3.2874359e+00
  -2.9288760e+00  -1.3788210e-01   3.3921842e+00
  -2.9168838e+00  -4.8937161e-01   4.0285865e+00
  -2.0576328e+00   5.5742196e-01   4.1280437e+00
  -3.1605631e+00  -7.6566199e-01   3.9769484e+00
  -1.9851339e+00   7.5558229e-01   3.9615180e+00
  -2.8117673e+00  -3.8397895e-01   4.0779908e+00
  -2.0798112e+00   5.7968934e-01   4.0422537e+00
  -2.8160835e+00  -3.9952717e-01   4.0968414e+00
  -2.0418700e+00   5.4874417e-01   4.1776431e+00
  -2.6154316e+00  -3.9632090e-01   4.5760135e+00
  -2.0091554e+00   2.8760420e-01   4.7242979e+00
  -2.6409935e+00  -3.0348970e-01   4.3304781e+00
  -1.7623672e+00   7.6167859e-01   4.4417128e+00
  -2.8019628e+00  -5.8399221e-01   4.4903176e+00
  -1.8391851e+00   6.6355524e-01   4.4371241e+00
  -2.7269380e+00  -1.0451584e-01   3.7721822e+00
  -2.3649451e+00   3.2297573e-01   3.8454108e+00
  -2.9091216e+00  -5.9943397e-01   4.2573225e+00
  -2.0049607e+00   5.1483125e-01   4.3188939e+00
  -2.8842783e+00  -5.5699650e-01   4.2345974e+00
  -2.1418610e+00   3.8247918e-01   4.2389777e+00
  -2.8114322e+00  -6.5653540e-01   4.6160968e+00
  -1.6953066e+00   7.3066784e-01   4.6506571e+00
  -2.6892662e+00   8.6474156e-02   3.5362668e+00
  -2.6160107e+00   7.8638929e-02   3.7058508e+00
  -2.7293103e+00   2.2236957e-02   3.5553367e+00
  -2.2642265e+00   4.5432080e-01   3.8479240e+00
  -2.7550932e+00  -1.8587299e-01   3.8504315e+00
  -2.1913189e+00   5.1536933e-01   3.9056796e+00
  -2.4487760e+00   7.7290424e-01   3.0009754e+00
  -3.5635811e+00  -6.7927845e-01   2.9396874e+00
  -3.1461871e+00  -5.9898097e-01   3.7026553e+00
  -2.5122014e+00   1.8892406e-01   3.7478470e+00
  -2.3971594e+00   1.8177400e-01   4.0124901e+00
  -2.5322100e+00   2.1213649e-02   3.9884483e+00
  -2.6722168e+00  -2.0793002e-02   3.7500168e+00
  -2.3422773e+00   3.9387318e-01   3.7784780e+00
  -2.3846560e+00   2.2398131e-02   4.3255252e+00
  -2.2276233e+00   7.9096616e-02   4.5936326e+00
  -2.4298982e+00  -8.5762746e-02   4.4209866e+00
  -2.2476742e+00   1.8473233e-01   4.3483097e+00
  -2.3714136e+00   5.2414677e-01   3.5128690e+00
  -3.1481563e+00  -5.4990499e-01   3.6113743e+00
  -2.4448980e+00   8.8176812e-03   4.2098433e+00
  -2.4868210e+00  -8.8441660e-02   4.2907310e+00
  -2.4812670e+00   5.7120705e-02   4.0403802e+00
  -2.6403058e+00  -1.4655516e-01   4.0405774e+00
  -2.2792328e+00   9.1451708e-02   4.4462427e+00
  -2.3770029e+00  -4.8586564e-02   4.4772127e+00
  -3.3593658e+00  -1.1660958e+00   4.2905057e+00
  -1.4526676e+00   1.3355098e+00   4.1854105e+00
  -3.3414827e+00  -5.9058099e-01   3.2603203e+00
  -2.4187646e+00   5.4807806e-01   3.3803329e+00
  -3.3835200e+00  -9.9618570e-01   3.8912082e+00
  -1.7046668e+00   1.1117538e+00   3.9984750e+00
  -3.1061745e+00  -7.0766412e-01   3.9949838e+00
  -1.8780194e+00   8.8391734e-01   3.9865037e+00
  -3.3851653e+00  -1.1812802e+00   4.2572111e+00
  -1.5174213e+00   1.2409795e+00   4.1942789e+00
  -2.5287915e+00   4.9587438e-01   3.2366262e+00
  -3.3672218e+00  -5.7228965e-01   3.1755506e+00
  -2.3596701e+00   2.3243183e-01   4.0090697e+00
  -2.6735350e+00  -2.1793933e-01   4.0934752e+00
  -2.3800827e+00   1.0010152e-01   4.1946940e+00
  -2.5546480e+00  -1.2386419e-01   4.1972559e+00
  -2.4015395e+00   7.3872249e-02   4.1924247e+00
  -2.4650604e+00   8.8677272e-03   4.1631834e+00
  -3.4990397e+00  -9.3172035e-01   3.5057097e+00
  -1.9868874e+00   1.0217950e+00   3.5544146e+00
  -3.5441906e+00  -1.0379753e+00   3.5967052e+00
  -2.1364047e+00   7.9255592e-01   3.5888636e+00
  -3.4524732e+00  -9.1583058e-01   3.5818509e+00
  -1.9803992e+00   9.8503957e-01   3.6208783e+00
  -2.8074315e+00  -2.1180811e-01   3.7788550e+00
  -2.0371346e+00   8.0037091e-01   3.7816470e+00
  -3.3259185e+00  -1.0278436e+00   4.0913285e+00
  -1.8757202e+00   8.4880623e-01   4.0470912e+00
  -3.2436973e+00  -9.9631159e-01   4.2296765e+00
  -1.8406286e+00   7.8337954e-01   4.2299566e+00
