  -3.5086914e+00  -3.2649703e-01   2.5128754e+00
  -2.6579740e+00   8.2207047e-01   2.5471543e+00
  -2.6233989e+00   6.6506359e-01   2.8159737e+00
  -2.8865468e+00  -1.8598494e-01   3.5615778e+00
  -2.7440723e+00   4.1528802e-01   2.9297320e+00
  -2.3195015e+00   7.7956255e-01   3.2417990e+00
  -3.5490298e+00  -7.2252468e-01   3.0397588e+00
  -2.2224928e+00   1.1179545e+00   2.9681905e+00
  -2.6396443e+00   1.9491165e+00   1.3596332e+00
  -3.2355295e+00  -1.8098626e-01   2.8327092e+00
  -2.3026484e+00   1.1784858e+00   2.7438150e+00
  -3.6619369e+00  -8.1665703e-01   2.9576980e+00
  -2.9330084e+00   2.7702794e-01   2.7603333e+00
  -2.3568829e+00   7.1702903e-01   3.2572899e+00
  -3.1798259e+00   2.9920080e-01   2.2707199e+00
  -3.0221835e+00   2.5806027e-01   2.6171604e+00
  -2.7353049e+00   5.9013655e-01   2.7064302e+00
  -2.1713022e+00   8.9629844e-01   3.3676753e+00
  -2.2583847e+00   1.1315497e+00   2.8840894e+00
  -3.0371335e+00  -4.1260357e-01   3.6180734e+00
  -2.5485282e+00   7.4827989e-02   3.8596405e+00
  -3.1635979e+00  -2.6130841e-01   3.1003866e+00
  -2.6094374e+00  -1.8511480e-01   4.1822645e+00
  -1.6342578e+00   1.0382896e+00   4.2644040e+00
  -2.5020600e+00   1.7930659e+00   1.7236693e+00
  -3.4511289e+00  -9.2845482e-01   3.6078462e+00
  -1.8499783e+00   1.3332537e+00   3.3886486e+00
  -3.2775882e+00  -7.9918820e-01   3.7672200e+00
  -2.9361084e+00  -9.2322255e-02   3.3040515e+00
  -2.3319399e+00   3.6082331e-01   3.8545926e+00
  -2.7690413e+00   3.7789035e-01   2.9342584e+00
  -3.4420998e+00  -2.8860381e-01   2.5865741e+00
  -2.9686126e+00  -2.3936445e-02   3.1306026e+00
  -2.2464439e+00   4.2699779e-01   3.9311030e+00
  -2.6622463e+00   6.7799117e-01   2.7259430e+00
  -3.2627796e+00  -4.9440486e-01   3.2682552e+00
  -2.5517127e+00   5.5215258e-01   3.1099880e+00
  -2.5751266e+00   1.6928007e-01   3.6448983e+00
  -1.9467423e+00   2.6000479e+00   1.8328991e+00
  -3.4840044e+00  -5.4515436e-01   2.8903662e+00
  -1.6697526e+00   2.1283450e+00   2.7491724e+00
  -4.4811205e+00  -1.6967591e+00   2.7085423e+00
  -2.8096255e+00   4.4845308e-01   2.7581320e+00
  -3.4623317e+00  -4.7635320e-01   2.8274310e+00
  -2.1876071e+00   1.3059815e+00   2.7940563e+00
  -3.8666554e+00  -1.0353548e+00   2.8890980e+00
  -2.6332350e+00   7.2637596e-01   2.7160505e+00
  -2.6146586e+00   3.3835582e-01   3.2981089e+00
  -2.5289480e+00   1.9707070e-01   3.6984356e+00
  -3.2464800e+00  -4.3713171e-01   3.2088862e+00
  -1.5000910e+00   3.0287560e+00   2.1420420e+00
  -3.6888360e+00  -9.5932919e-01   3.1380740e+00
  -1.6600575e+00   1.7902888e+00   3.1574707e+00
  -4.0093839e+00  -1.3535252e+00   3.1264563e+00
  -2.1861470e+00   9.7323722e-01   3.2309038e+00
  -2.9571753e+00  -6.4844388e-02   3.2172310e+00
  -2.1580868e+00   1.3125869e+00   2.8394052e+00
  -3.9503103e+00  -8.5994463e-01   2.4428956e+00
  -2.3284133e+00   8.2983452e-01   3.1539860e+00
  -2.5430323e+00   2.0441292e-01   3.6563583e+00
  -3.3143942e+00   1.0260870e+00   1.2065309e+00
  -3.1210796e+00  -3.4243797e-02   2.8414657e+00
  -2.5938065e+00   5.6766481e-01   3.0061434e+00
  -3.5831538e+00  -4.3144528e-01   2.5215751e+00
  -3.4771501e+00  -4.6695267e-01   2.7833015e+00
  -2.0887274e+00   1.0330791e+00   3.3372637e+00
  -2.7950871e+00   5.9238576e-01   2.5923945e+00
  -2.9899303e+00   2.1296071e-01   2.7410826e+00
  -3.8579609e+00  -7.6765477e-01   2.4848466e+00
  -2.0247109e+00   9.5523560e-01   3.5750488e+00
  -1.6199304e+00   1.8811243e+00   3.1202842e+00
  -4.5577000e+00  -1.5335794e+00   2.2832562e+00
  -2.3405288e+00   8.8661352e-01   3.0528221e+00
  -3.5085665e+00  -1.3986650e-01   2.2514649e+00
  -2.6058892e+00   9.2649654e-01   2.5101174e+00
  -4.2071640e+00  -6.4038587e-01   1.6522164e+00
  -2.2406293e+00   1.0385506e+00   3.0384666e+00
  -2.8668612e+00   2.7942327e-01   2.8844183e+00
  -3.2848132e+00   2.3246893e-02   2.4455303e+00
  -2.6516125e+00   6.6905137e-01   2.7576771e+00
  -3.4512851e+00  -1.4256574e-01   2.3619569e+00
  -3.3820965e+00   3.7196187e-02   2.2461756e+00
  -3.4560119e+00  -2.1058397e-01   2.4481071e+00
  -2.4076711e+00   8.6673600e-01   2.9521845e+00
  -2.5573749e+00   8.5992850e-01   2.6824024e+00
  -3.2924801e+00  -2.5761747e-01   2.8344139e+00
  -3.4196995e+00  -1.1691562e-01   2.3857287e+00
  -2.6058424e+00   3.9911018e-01   3.2251396e+00
  -3.3286409e+00  -1.6409623e-01   2.6258282e+00
  -2.2592756e+00   8.2255132e-01   3.2991254e+00
