   2.1970947e+00   1.4378000e+01   2.6238864e+00
   8.9711301e-01   1.0470469e+01   1.7779891e+00
   2.0317986e+00   1.4605967e+01   2.4266106e+00
  -2.0513267e-01   1.0376781e+01   5.7334061e-01
   2.1977291e+00   1.4129906e+01   2.6500229e+00
   2.2349000e+00   1.3757707e+01   2.7311225e+00
   1.6093292e+00   1.5268745e+01   1.9276887e+00
   1.6343573e+00   1.2612501e+01   2.2273787e+00
   1.0429824e+00   1.2265518e+01   1.6341597e+00
   1.1904010e+00   1.1624002e+01   1.8913371e+00
   1.7395874e+00   1.4463495e+01   2.1306395e+00
   1.9152176e+00   1.2591226e+01   2.5365786e+00
   1.7272708e+00   1.1918168e+01   2.4347676e+00
   6.9932810e-01   1.1566215e+01   1.3631676e+00
   1.4193975e+00   1.2806269e+01   1.9688505e+00
   1.4046633e+00   1.2079873e+01   2.0543301e+00
   1.3841934e+00   1.1997143e+01   2.0446040e+00
   1.3118558e+00   1.3215997e+01   1.8037517e+00
   2.6365021e+00   1.3401984e+01   3.2108104e+00
   8.9620415e-01   1.0455183e+01   1.7801271e+00
   2.2154206e+00   1.3215518e+01   2.7771948e+00
   2.1104353e+00   1.4667810e+01   2.5041764e+00
   2.2421774e+00   1.3985685e+01   2.7131474e+00
   2.1148154e+00   1.3674858e+01   2.6116074e+00
   9.0670564e-01   1.1668490e+01   1.5734530e+00
   1.4463577e+00   1.3748277e+01   1.8892616e+00
   1.6660142e+00   1.1687801e+01   2.4060681e+00
   2.5913017e+00   1.3442351e+01   3.1561071e+00
   2.2660222e+00   1.2815487e+01   2.8879956e+00
   1.2608328e+00   1.2822561e+01   1.7960677e+00
   1.6797928e+00   1.2289820e+01   2.3236401e+00
   1.7940098e+00   1.4737660e+01   2.1638010e+00
   1.9014090e+00   1.2784036e+01   2.4940711e+00
   1.1063146e+00   1.3455421e+01   1.5585305e+00
   1.6646131e+00   1.3482383e+01   2.1507516e+00
   2.1019528e+00   1.3672602e+01   2.5980425e+00
   1.3892423e+00   1.4176281e+01   1.7870047e+00
   1.3956771e+00   1.3528587e+01   1.8584845e+00
   1.0790945e+00   1.2957489e+01   1.5848780e+00
   1.6155668e+00   1.4045221e+01   2.0389721e+00
   1.8298674e+00   1.4139230e+01   2.2571460e+00
   1.6579403e+00   1.4026783e+01   2.0857596e+00
   1.4659067e+00   1.1729044e+01   2.1774904e+00
   9.9370755e-01   1.2339228e+01   1.5709013e+00
   1.4102811e+00   1.3429125e+01   1.8849015e+00
   1.3814379e+00   1.3751553e+01   1.8199798e+00
   1.7295666e+00   1.3984660e+01   2.1660931e+00
   1.4288608e+00   1.2586442e+01   2.0080159e+00
   2.4770426e+00   1.5734302e+01   2.8016405e+00
   1.5023363e+00   1.3562680e+01   1.9684730e+00
   2.0380455e+00   1.3991721e+01   2.4940910e+00
   1.7780897e+00   1.3572029e+01   2.2621014e+00
   2.1035153e+00   1.4874133e+01   2.4783903e+00
   1.8326878e+00   1.2076679e+01   2.5251902e+00
   2.2206700e+00   1.2291092e+01   2.9194714e+00
   7.0957391e-01   1.1837360e+01   1.3337155e+00
   1.9234434e+00   1.2705130e+01   2.5291722e+00
   1.3656432e+00   1.4429756e+01   1.7394419e+00
   2.2449382e+00   1.2801726e+01   2.8668897e+00
   1.2973489e+00   1.3628537e+01   1.7433406e+00
   2.0548557e-01   1.0567607e+01   9.8991176e-01
   1.8799955e+00   1.4271908e+01   2.2973188e+00
   5.2304419e-01   1.0528616e+01   1.3484435e+00
   2.7653603e+00   1.4459488e+01   3.2226196e+00
   1.4528249e+00   1.0599618e+01   2.3791489e+00
   1.6579513e+00   1.2964029e+01   2.2060773e+00
   1.3087348e+00   1.0994603e+01   2.1350118e+00
   2.4352354e+00   1.5879211e+01   2.7470735e+00
   1.0647480e+00   1.1124850e+01   1.8385862e+00
   1.7541571e+00   1.4026311e+01   2.1880139e+00
   1.9811637e+00   1.4287196e+01   2.4032464e+00
   5.1934769e-01   1.0306837e+01   1.3881011e+00
   1.7093565e+00   1.1745931e+01   2.4441117e+00
  -5.5712752e-01   9.6486538e+00   3.2524146e-01
   1.6932812e+00   1.2974400e+01   2.2429104e+00
   3.4767975e-01   1.1842318e+01   9.4221508e-01
   2.0523201e+00   1.2862919e+01   2.6475276e+00
   2.6951087e-01   1.1983619e+01   8.3920343e-01
   1.1909490e+00   1.1305290e+01   1.9462109e+00
   1.2087249e+00   1.2735749e+01   1.7509235e+00
   8.2963210e-01   1.2508554e+01   1.3723275e+00
   8.4484796e-01   1.1544397e+01   1.5253596e+00
   7.0945889e-01   1.2067636e+01   1.3010778e+00
   5.6561020e-01   1.2141423e+01   1.1362282e+00
   1.1017883e+00   1.1352788e+01   1.8392992e+00
   1.7807546e+00   1.4145129e+01   2.2044033e+00
   1.2273053e+00   1.2336177e+01   1.8239643e+00
   1.0689896e+00   1.2239220e+01   1.6659418e+00
   7.3604576e-01   1.2702016e+01   1.2484752e+00
   8.4631882e-01   1.2369506e+01   1.4080891e+00
