   2.5395680e+00   1.5961700e+01   2.8503865e+00
   1.3775123e+00   1.0172290e+01   2.3907800e+00
   1.7286379e+00   1.3361884e+01   2.2333152e+00
   7.8660888e-01   1.0950899e+01   1.5618956e+00
   1.9164412e+00   1.4060416e+01   2.3572076e+00
   1.8266533e+00   1.0954005e+01   2.7283246e+00
   1.7119865e+00   1.3751168e+01   2.1717453e+00
   1.3571418e+00   1.0670131e+01   2.2553210e+00
   1.4028459e+00   1.4296061e+01   1.7904322e+00
   1.6665599e+00   1.0917042e+01   2.5541126e+00
   1.8676607e+00   1.4385818e+01   2.2733238e+00
   1.9171462e+00   1.2304654e+01   2.5819505e+00
   1.6996361e+00   1.2921378e+01   2.2566369e+00
   1.1647166e+00   1.0474954e+01   2.0789905e+00
   1.7470412e+00   1.1672467e+01   2.4988499e+00
   4.1667587e-01   1.0628269e+01   1.2117867e+00
   1.3783196e+00   1.2407104e+01   1.9778882e+00
   1.5897040e+00   1.2074119e+01   2.2580044e+00
   2.4146853e+00   1.2038976e+01   3.1795053e+00
   1.3516440e+00   1.0955130e+01   2.1908706e+00
   2.0204234e+00   1.3114427e+01   2.5788426e+00
   1.6086179e+00   1.2695007e+01   2.1881262e+00
   2.3371047e+00   1.2825454e+01   2.9645350e+00
   1.5637154e+00   1.1437707e+01   2.3367273e+00
   1.1226917e+00   1.2767507e+01   1.6545042e+00
   1.9422560e+00   1.3035850e+01   2.5043986e+00
   1.9324708e+00   1.2674529e+01   2.5433927e+00
   2.3452316e+00   1.3119476e+01   2.9314737e+00
   2.0851750e+00   1.3345497e+01   2.6193767e+00
   1.8737752e+00   1.3526785e+01   2.3698608e+00
   2.2027967e+00   1.1917390e+01   2.9639439e+00
   9.5711517e-01   1.2786049e+01   1.4747675e+00
   1.8640760e+00   1.1977429e+01   2.5763035e+00
   1.5561535e+00   1.4161837e+01   1.9647507e+00
   1.6640442e+00   1.4093705e+01   2.0856210e+00
   1.5583590e+00   1.2435634e+01   2.1696111e+00
   1.7385606e+00   1.4029278e+01   2.1711377e+00
   7.2751385e-01   1.2388674e+01   1.2779611e+00
   1.0940410e+00   1.3746979e+01   1.5159598e+00
   2.4523366e+00   1.2614275e+01   3.1238787e+00
   2.0440733e+00   1.3029859e+01   2.6157107e+00
   9.7525816e-01   1.1359499e+01   1.6986571e+00
   1.7242432e+00   1.5682889e+01   2.0181935e+00
   9.4125717e-01   1.1678866e+01   1.6095649e+00
   1.8014593e+00   1.3944756e+01   2.2466957e+00
   1.3513890e-01   9.9122786e+00   1.0401722e+00
   1.7610694e+00   1.4574549e+01   2.1433329e+00
   1.6364959e+00   1.2109172e+01   2.3039117e+00
   2.5059164e+00   1.4888514e+01   2.9030399e+00
   7.9107876e-01   1.1741047e+01   1.4363996e+00
   2.1105289e+00   1.4768613e+01   2.4951343e+00
   2.0702781e+00   1.2897621e+01   2.6622734e+00
   2.4314608e+00   1.4770984e+01   2.8349817e+00
   1.2845322e+00   1.1432263e+01   2.0275713e+00
   2.2375724e+00   1.4625790e+01   2.6428542e+00
   8.6845774e-01   1.2402435e+01   1.4276146e+00
   2.3704280e+00   1.3174610e+01   2.9513990e+00
   1.5880305e-01   1.2547110e+01   6.5201384e-01
   2.1505684e+00   1.3425965e+01   2.6800250e+00
   1.3649101e+00   1.3180868e+01   1.8645579e+00
   9.3487552e-01   1.1915631e+01   1.5667623e+00
   2.3903814e+00   1.2702372e+01   3.0416968e+00
   1.4730730e+00   1.2027666e+01   2.1372674e+00
   2.7449409e+00   1.3239741e+01   3.3521004e+00
   1.8710495e+00   1.1970367e+01   2.5852163e+00
   2.1077963e+00   1.2134854e+01   2.8202110e+00
   2.1778685e+00   1.1146901e+01   3.0880124e+00
   1.5071230e+00   1.2665467e+01   2.0821215e+00
   1.3925932e+00   1.1442838e+01   2.1454852e+00
   1.9242803e+00   1.3591813e+01   2.4165581e+00
   2.1522693e+00   1.4607252e+01   2.5541150e+00
   3.3248438e-02   1.0826215e+01   7.5601346e-01
   1.7210160e+00   1.4495548e+01   2.1081259e+00
  -3.0577268e-01   1.0578904e+01   4.2814282e-01
   2.0464145e+00   1.3177207e+01   2.5988453e+00
  -1.0613852e+00   1.0141552e+01  -3.1776702e-01
   1.8910402e+00   1.3870658e+01   2.3500306e+00
   2.9720519e-01   1.1880710e+01   8.8268704e-01
   1.2068129e+00   1.3774818e+01   1.6325343e+00
   1.7837818e+00   1.2085409e+01   2.4698013e+00
   1.1921377e+00   1.2771861e+01   1.7285549e+00
  -5.1307645e-01   1.1706089e+01   3.9335780e-02
   8.5865912e-01   1.3331911e+01   1.3087218e+00
  -1.3486680e+00   1.0433012e+01  -6.7421696e-01
   1.6883603e+00   1.1048716e+01   2.5515801e+00
  -7.1918580e-01   9.5014189e+00   1.7624812e-01
   1.3548948e+00   1.2273956e+01   1.9713329e+00
   1.1130466e+00   1.2750273e+01   1.6462845e+00
   8.6899659e-01   1.3035478e+01   1.3517561e+00
   1.1092656e+00   1.1331279e+01   1.8512796e+00
