   2.8513623e+00   1.6336177e+01   3.1503402e+00
   1.3338365e+00   1.2068114e+01   1.9787014e+00
   9.9591443e-01   1.4746884e+01   1.3261771e+00
   2.2837122e+00   1.5480259e+01   2.6181415e+00
   2.0669935e+00   1.5825047e+01   2.3658679e+00
   1.6369229e+00   1.2457146e+01   2.2521291e+00
   2.5896174e+00   1.5400306e+01   2.9466169e+00
   1.2270521e+00   1.0868053e+01   2.0682149e+00
   1.0169015e+00   1.4413583e+01   1.3746640e+00
   1.8349105e+00   1.2779836e+01   2.4222899e+00
   1.8396391e+00   1.5337328e+01   2.1634545e+00
   1.9886781e+00   1.3957856e+01   2.4449735e+00
   2.2170316e+00   1.3656921e+01   2.7237178e+00
   5.2939445e-01   1.1085123e+01   1.2551412e+00
   1.1658240e+00   1.4029193e+01   1.5648893e+00
   1.9830707e+00   1.3614756e+01   2.4770214e+00
   1.8977297e+00   1.4278240e+01   2.3155235e+00
   1.4212167e+00   1.4027184e+01   1.8348461e+00
   1.4401219e+00   1.3494347e+01   1.9095684e+00
   2.6196650e+00   1.6107163e+01   2.9238566e+00
   1.2302246e+00   1.4184849e+01   1.6185473e+00
   1.3420614e+00   1.3921962e+01   1.7612606e+00
   3.2143021e+00   1.3819574e+01   3.7861407e+00
   1.4088023e+00   1.2355273e+01   2.0183273e+00
   1.2489979e-01   1.1710289e+01   7.2081367e-01
   2.0640412e+00   1.3559702e+01   2.5705029e+00
   1.6272221e+00   1.2976723e+01   2.1712854e+00
   2.1768664e+00   1.5160543e+01   2.5314113e+00
   2.3095791e+00   1.2806146e+01   2.9371632e+00
   1.2151573e+00   1.2718980e+01   1.7599665e+00
   1.0411591e+00   1.1967583e+01   1.6746662e+00
   2.4307705e+00   1.5775540e+01   2.7500078e+00
   1.7719338e+00   1.2489425e+01   2.3948050e+00
   1.2388028e+00   1.4247411e+01   1.6219812e+00
   9.0599300e-01   1.3965095e+01   1.2970880e+00
   1.6117956e+00   1.4167213e+01   2.0231311e+00
   1.6468353e+00   1.5078984e+01   1.9813016e+00
   4.0045236e-01   1.1867705e+01   9.9552916e-01
   1.3637245e+00   1.5093293e+01   1.6841194e+00
   2.3577245e+00   1.4606786e+01   2.7723085e+00
   1.5897075e+00   1.3198177e+01   2.1035645e+00
   2.1206271e+00   1.4289414e+01   2.5513504e+00
   2.1908794e+00   1.6009941e+01   2.4824770e+00
   1.0763034e+00   1.2913724e+01   1.5870629e+00
   1.0703109e+00   1.4226115e+01   1.4466492e+00
   2.5814355e+00   1.5147556e+01   2.9596445e+00
   1.7150425e+00   1.5370882e+01   2.0306480e+00
   1.9838290e+00   1.3099213e+01   2.5411602e+00
   3.3280473e+00   1.6658898e+01   3.6273143e+00
   3.0250392e-01   1.1273298e+01   9.7689904e-01
   2.5285309e+00   1.5215087e+01   2.8977932e+00
   2.2221270e+00   1.5739401e+01   2.5340977e+00
   2.2437148e+00   1.5043169e+01   2.6117570e+00
   1.4310190e+00   1.3365660e+01   1.9141184e+00
   2.7419837e+00   1.4102934e+01   3.2372916e+00
   2.1794283e-01   1.1692376e+01   8.2338220e-01
   1.6069064e+00   1.4069601e+01   2.0273953e+00
   1.7614703e+00   1.5911311e+01   2.0417367e+00
   2.5598639e+00   1.3930636e+01   3.0609707e+00
   1.3308749e+00   1.5343775e+01   1.6318381e+00
   8.9282396e-02   1.1759462e+01   6.7584652e-01
   2.7391279e+00   1.5925528e+01   3.0624007e+00
   8.7026879e-01   1.1478275e+01   1.5637576e+00
   2.8196797e+00   1.4927434e+01   3.2330177e+00
   1.8492096e+00   1.1740472e+01   2.6006040e+00
   1.6349223e+00   1.2121307e+01   2.3002873e+00
   1.0876633e+00   1.2354977e+01   1.6702419e+00
   3.0836665e+00   1.5931961e+01   3.4245491e+00
   1.3896269e+00   1.2645541e+01   1.9576558e+00
   1.7362591e+00   1.3909391e+01   2.1809388e+00
   1.5281550e+00   1.3049115e+01   2.0554973e+00
  -3.2094810e+00   7.1922698e+00  -2.0356345e+00
   2.1269739e+00   1.3220026e+01   2.6806148e+00
  -2.5368564e+00   7.9516407e+00  -1.4847485e+00
   1.1877925e+00   1.3934242e+01   1.5969764e+00
  -7.3804379e-01   1.0866358e+01  -8.5081342e-02
   2.1515171e+00   1.3092389e+01   2.7241212e+00
  -4.2899641e-01   1.0426471e+01   3.1999009e-01
   1.6550584e+00   1.2168757e+01   2.3150217e+00
   1.3210465e+00   1.2329188e+01   1.9266573e+00
   7.0008484e-01   1.3258978e+01   1.1483267e+00
   1.9702324e+00   1.4042273e+01   2.4164033e+00
   1.0897376e+00   1.2587005e+01   1.6418419e+00
   1.2180783e+00   1.2970171e+01   1.7321534e+00
   1.0487286e+00   1.2334383e+01   1.6309644e+00
   2.2527256e+00   1.3919579e+01   2.7318044e+00
   2.0749298e+00   1.3028624e+01   2.6494159e+00
   9.6101466e-01   1.2105802e+01   1.5677056e+00
   1.3527383e+00   1.4544688e+01   1.7160480e+00
   8.8111813e-01   1.3276570e+01   1.3383621e+00
