   2.7700975e+00   1.6345685e+01   3.0646461e+00
   1.1774682e+00   1.1501314e+01   1.8974816e+00
   1.2499750e+00   1.5342768e+01   1.5476960e+00
   1.4323850e+00   1.3334843e+01   1.9190575e+00
   2.2743547e+00   1.5221053e+01   2.6290897e+00
   1.7362818e+00   1.2890361e+01   2.3003646e+00
   2.5090443e+00   1.4601816e+01   2.9338883e+00
   1.1185971e+00   1.0581728e+01   2.0042838e+00
   8.6832588e-01   1.3309838e+01   1.3212813e+00
   1.4035330e+00   1.1957524e+01   2.0719550e+00
   1.9105882e+00   1.4795516e+01   2.2816746e+00
   1.8517937e+00   1.3356469e+01   2.3663399e+00
   2.1566590e+00   1.2502185e+01   2.8149712e+00
   8.3557946e-02   1.0707165e+01   8.3125435e-01
   1.3081242e+00   1.3271914e+01   1.7934076e+00
   1.3396762e+00   1.2699194e+01   1.8966745e+00
   1.7052223e+00   1.2660270e+01   2.2977847e+00
   8.0056796e-01   1.2645281e+01   1.3242643e+00
   1.6696924e+00   1.3968873e+01   2.1040526e+00
   1.6651794e+00   1.3743724e+01   2.1226267e+00
   1.8433146e+00   1.3153620e+01   2.3821696e+00
   1.5658473e+00   1.4903351e+01   1.9102583e+00
   3.2892416e+00   1.3499016e+01   3.9139480e+00
   1.3520638e+00   1.2390580e+01   1.9516990e+00
  -2.1053104e-01   1.0860534e+01   4.8520948e-01
   1.5108054e+00   1.2964789e+01   2.0472851e+00
   1.9631970e+00   1.3287711e+01   2.4948220e+00
   2.2461605e+00   1.4402085e+01   2.6737208e+00
   2.2843257e+00   1.2078931e+01   3.0264126e+00
   6.4030427e-01   1.2567746e+01   1.1623041e+00
   1.0801149e+00   1.1293695e+01   1.8256023e+00
   1.6553183e+00   1.4757681e+01   2.0161321e+00
   2.0139885e+00   1.2015162e+01   2.7362584e+00
   5.8391725e-01   1.3633020e+01   9.8882777e-01
   1.2823352e+00   1.5253849e+01   1.5875961e+00
   1.6315056e+00   1.3587350e+01   2.1036285e+00
   1.0180790e+00   1.2071782e+01   1.6344176e+00
   3.7106848e-01   1.1493140e+01   1.0176551e+00
   1.0978682e+00   1.3711134e+01   1.5235326e+00
   1.6348186e+00   1.3775733e+01   2.0868848e+00
   1.7465030e+00   1.3057494e+01   2.2897861e+00
   2.0475824e+00   1.3774945e+01   2.5279987e+00
   2.0272490e+00   1.3203999e+01   2.5746373e+00
   6.9334653e-01   1.2509891e+01   1.2261082e+00
   1.1934179e+00   1.3535466e+01   1.6426445e+00
   1.6714402e+00   1.3630945e+01   2.1414942e+00
   1.8739998e+00   1.4194517e+01   2.2985431e+00
   1.1588850e+00   1.2165291e+01   1.7738650e+00
   3.3298497e+00   1.5279309e+01   3.7432314e+00
   6.6220554e-01   1.1963340e+01   1.2645277e+00
   2.0355438e+00   1.3999725e+01   2.4905679e+00
   1.8526160e+00   1.4372116e+01   2.2586818e+00
   2.2943476e+00   1.4287841e+01   2.7367005e+00
   1.5089935e+00   1.2307891e+01   2.1342825e+00
   2.4577145e+00   1.2409121e+01   3.1632110e+00
   1.3917402e-01   1.1593113e+01   7.5255283e-01
   1.7790451e+00   1.3068688e+01   2.3235104e+00
   1.1520042e+00   1.4350254e+01   1.5217381e+00
   2.5377325e+00   1.2414350e+01   3.2514403e+00
   8.7350163e-01   1.4476481e+01   1.2194350e+00
  -5.3983899e-01   1.0349584e+01   2.1256488e-01
   2.2217448e+00   1.5148813e+01   2.5796564e+00
   1.1572215e+00   1.1743268e+01   1.8356979e+00
   2.6563834e+00   1.4380306e+01   3.1142490e+00
   1.8170830e+00   1.1105147e+01   2.6857820e+00
   1.0280918e+00   1.2275659e+01   1.6166646e+00
   9.2395998e-01   1.0715884e+01   1.7587911e+00
   2.3311520e+00   1.5578506e+01   2.6603653e+00
   1.1306040e+00   1.1226532e+01   1.8933330e+00
   1.1199870e+00   1.3054319e+01   1.6173001e+00
   1.9187923e+00   1.3596134e+01   2.4101730e+00
  -5.4317927e-01   9.8949027e+00   2.9192640e-01
   2.1007265e+00   1.2162958e+01   2.8076623e+00
  -1.7103776e+00   8.7215595e+00  -7.5124291e-01
   1.4333642e+00   1.2921655e+01   1.9692957e+00
  -8.7407858e-02   1.1393359e+01   5.3713714e-01
   2.1939492e+00   1.1998948e+01   2.9395277e+00
  -5.5611400e-01   1.0300430e+01   2.0339230e-01
   1.5377996e+00   1.1219768e+01   2.3483508e+00
   6.0516668e-01   1.1779172e+01   1.2290673e+00
   6.1980283e-01   1.2254888e+01   1.1795702e+00
   1.0524423e+00   1.2635871e+01   1.5955082e+00
   9.0598960e-01   1.1308394e+01   1.6310642e+00
   1.9980141e-01   1.1874599e+01   7.7891897e-01
   1.0834276e+00   1.1790459e+01   1.7475498e+00
   1.6530888e+00   1.3110076e+01   2.1824594e+00
   2.0532895e+00   1.2579458e+01   2.6895581e+00
   3.9522932e-01   1.1594200e+01   1.0288219e+00
   1.2821388e+00   1.3216858e+01   1.7718949e+00
   2.3101870e-01   1.2317543e+01   7.5581275e-01
