   2.0906016e+00   1.3957795e+01   2.5539072e+00
   1.9964541e+00   1.0086642e+01   3.1352009e+00
   1.9040659e+00   1.2474401e+01   2.5416260e+00
   1.2380395e+00   1.0903369e+01   2.0735842e+00
   1.4672949e+00   1.1927626e+01   2.1466615e+00
   2.4290058e+00   1.1627889e+01   3.2741710e+00
   1.9692040e+00   1.2624018e+01   2.5908487e+00
   2.0756677e+00   9.7395994e+00   3.3296387e+00
   8.8638975e-01   8.1176494e+00   2.4201545e+00
   1.7431743e+00   1.0771736e+01   2.6725965e+00
   1.3220590e+00   1.1808116e+01   2.0061903e+00
   7.9044840e-01   1.0885673e+01   1.5780431e+00
   1.8405733e+00   1.2183793e+01   2.5166645e+00
   1.4137189e+00   9.7984847e+00   2.5269591e+00
   1.3996049e+00   1.0381481e+01   2.3671720e+00
   9.2715226e-01   1.0049141e+01   1.9036960e+00
   1.5588483e+00   1.0908591e+01   2.4338199e+00
   1.6531919e+00   1.0303353e+01   2.6775418e+00
   2.4464804e+00   1.1266325e+01   3.3703108e+00
   2.2810260e+00   1.2728788e+01   2.9173040e+00
   2.0034048e+00   1.1194942e+01   2.8787589e+00
   2.5285903e+00   1.5322236e+01   2.8887408e+00
   2.6339446e+00   1.1342477e+01   3.5695883e+00
   2.4950531e+00   1.2043022e+01   3.2690680e+00
   1.2749451e+00   7.6705133e+00   3.0917076e+00
   2.2803455e+00   1.4316882e+01   2.7187707e+00
   1.4703822e+00   1.0090107e+01   2.5181647e+00
   1.3076127e+00   1.2570911e+01   1.8789251e+00
   2.3117775e+00   1.2432381e+01   2.9973851e+00
   2.0498588e+00   1.3116184e+01   2.6105371e+00
   1.8820994e+00   1.1117017e+01   2.7570923e+00
   1.4293766e+00   1.3826062e+01   1.8633004e+00
   2.1170672e+00   1.0316974e+01   3.2158773e+00
   1.9559519e+00   1.3383155e+01   2.4752766e+00
   1.5128928e+00   1.0975859e+01   2.3681906e+00
   2.5246417e+00   1.2836063e+01   3.1693039e+00
   1.9865547e+00   1.2747773e+01   2.5919930e+00
   1.4868531e+00   1.0595626e+01   2.4187919e+00
   8.8147886e-01   8.0686552e+00   2.4321734e+00
   2.3415776e+00   1.2266021e+01   3.0580113e+00
   1.6969125e+00   1.1825865e+01   2.4166489e+00
   9.8845104e-01   1.1784963e+01   1.6446976e+00
   1.9805832e+00   1.3288231e+01   2.5135300e+00
   1.8715487e+00   1.2211645e+01   2.5463745e+00
   1.5172492e+00   1.1579669e+01   2.2597829e+00
   1.2609536e+00   1.1451332e+01   1.9981776e+00
   1.9233865e+00   1.1295854e+01   2.7674907e+00
   2.0123266e+00   1.0899578e+01   2.9525865e+00
   2.8054094e+00   1.4258277e+01   3.2878361e+00
   1.9488080e+00   1.0728435e+01   2.9183697e+00
   1.6053267e+00   8.9411134e+00   3.0136426e+00
   1.8436887e+00   1.0898922e+01   2.7596180e+00
   1.9429630e+00   1.2218299e+01   2.6240646e+00
   9.8361695e-01   1.0734547e+01   1.8218221e+00
   2.3955421e+00   1.3505188e+01   2.9352175e+00
   1.5661683e+00   1.1133277e+01   2.3969048e+00
   1.9579707e+00   1.1627407e+01   2.7426303e+00
   8.8752226e-01   1.0966396e+01   1.6708592e+00
   2.2316475e+00   1.1357001e+01   3.1049024e+00
   1.2761990e+00   1.0971020e+01   2.1031408e+00
   8.1802866e-01   7.2032859e+00   2.7093007e+00
   2.5035547e+00   1.3552428e+01   3.0463640e+00
   1.2016540e+00   9.7323249e+00   2.2969354e+00
   1.5538335e+00   1.2577701e+01   2.1447252e+00
   1.8914580e+00   1.1099311e+01   2.7714019e+00
   2.1860867e+00   1.1584137e+01   3.0075500e+00
   1.7015047e+00   9.9383084e+00   2.8272901e+00
   1.8426227e+00   1.2573108e+01   2.4598673e+00
   1.6706403e+00   9.8722063e+00   2.8088073e+00
   2.3215554e+00   1.2333473e+01   3.0244389e+00
   1.6930841e+00   1.2079292e+01   2.3708505e+00
   2.0615654e-01   7.8611908e+00   1.6818871e+00
   2.0710737e+00   1.2760418e+01   2.6825195e+00
   8.8954232e-01   7.9354104e+00   2.4925268e+00
   1.6882976e+00   1.1127723e+01   2.5355557e+00
   3.4330852e-01   7.8066702e+00   1.8675296e+00
   1.9128685e+00   1.0432480e+01   2.9473451e+00
   9.8925441e-01   7.9915097e+00   2.5953042e+00
   1.3236595e+00   1.2381229e+01   1.9221806e+00
   1.6178101e+00   1.1053783e+01   2.4708483e+00
   7.1581071e-01   1.1419838e+01   1.4041729e+00
   6.0670686e-01   1.1020910e+01   1.3510270e+00
   9.2021003e-01   1.0143871e+01   1.8743204e+00
   1.4181150e+00   1.1071789e+01   2.2426462e+00
   1.2040702e+00   9.8568380e+00   2.2679383e+00
   1.1580597e+00   1.1170673e+01   1.9338583e+00
   1.6851206e+00   1.0605975e+01   2.6431930e+00
   1.5982605e+00   1.2046942e+01   2.2716790e+00
   1.1426141e+00   1.0950299e+01   1.9577256e+00
   1.5101010e+00   1.1182650e+01   2.3244057e+00
