  -9.3014140e-01   4.8096428e+00   1.6568482e+00
  -1.1611465e+00   6.3661510e+00   5.8549922e-01
  -1.3252901e+00   7.6327567e+00  -4.3829327e-02
  -1.5671384e+00   4.1774856e+00   1.1838809e+00
   6.1229992e-01   1.0346436e+01   1.4839957e+00
  -1.2435106e+00   7.4948785e+00   9.1444238e-02
   1.3737690e+00   1.1312045e+01   2.1479991e+00
  -1.6734429e+00   7.5341350e+00  -4.1250452e-01
  -9.8356249e-01   8.7698398e+00   4.3615912e-02
  -1.3735839e+00   5.8462082e+00   5.4439196e-01
  -2.9361202e-01   7.8285156e+00   1.0959539e+00
  -1.0338864e+00   5.5343361e+00   1.1181058e+00
  -8.0156567e-02   7.3741409e+00   1.5102209e+00
  -2.2630246e+00   4.2449776e+00   2.2238070e-01
  -1.6264466e+00   4.2292014e+00   1.0707095e+00
  -1.1541080e+00   6.1049061e+00   7.0256383e-01
   5.6748903e-01   9.6927488e+00   1.5768689e+00
  -1.8777251e+00   5.4325057e+00   1.0806962e-01
  -8.2185557e-01   8.3075715e+00   3.4227600e-01
  -4.2029408e-02   4.7100659e+00   2.9932284e+00
  -5.9352342e-01   7.0935838e+00   9.9208904e-01
  -1.9078768e+00   4.3316317e+00   6.3444996e-01
   1.1432357e+00   9.1502152e+00   2.3897548e+00
  -1.9444688e+00   5.4947524e+00  -1.3506880e-03
  -1.4990513e+00   8.7636552e+00  -5.2766455e-01
  -1.4885618e+00   5.1721819e+00   7.1938571e-01
  -7.8494153e-01   7.4255744e+00   6.4806814e-01
  -5.9976742e-01   4.4171279e+00   2.3839780e+00
   9.6830608e-02   7.8390991e+00   1.5578225e+00
  -1.8978114e+00   4.0665849e+00   8.0702180e-01
  -1.8327217e+00   3.6287513e+00   1.1846571e+00
  -6.8693496e-01   5.1310479e+00   1.7943328e+00
   3.0233012e-01   9.4468152e+00   1.3334941e+00
  -1.7145801e+00   4.2561980e+00   9.3552121e-01
  -1.5291693e+00   5.8350456e+00   3.5799008e-01
  -2.1509152e+00   6.2068924e+00  -5.3324691e-01
  -1.0629416e-01   8.6679144e+00   1.0649541e+00
  -3.1017637e+00   5.1193736e+00  -1.2278490e+00
  -1.3177762e+00   6.7999021e+00   2.3384361e-01
  -1.3798414e+00   6.5280296e+00   2.5938129e-01
  -4.6014749e-01   7.2233254e+00   1.1052786e+00
  -6.3223305e-01   5.9865027e+00   1.4107208e+00
  -7.9237212e-02   7.1260464e+00   1.6069819e+00
  -2.3462491e+00   5.1603905e+00  -3.4199763e-01
  -1.3468675e+00   4.4813687e+00   1.2922641e+00
  -1.2007805e+00   6.2742500e+00   5.7455342e-01
   3.2318150e-01   9.2885935e+00   1.3961737e+00
  -8.7286525e-01   7.9870066e+00   3.7274624e-01
   1.9447195e+00   1.2128572e+01   2.6405368e+00
  -2.0005559e+00   6.6525991e+00  -5.1404280e-01
   4.3119606e-01   1.1418101e+01   1.0942972e+00
  -5.2348895e-01   8.6190590e+00   5.9997450e-01
  -8.1206690e-02   9.3729621e+00   9.1629964e-01
  -7.2104520e-01   5.1475262e+00   1.7385459e+00
   5.6885101e-01   8.4772571e+00   1.9123672e+00
  -1.7280473e+00   5.4709876e+00   2.7498660e-01
  -1.2465116e+00   5.0128891e+00   1.1163242e+00
  -9.2238205e-01   7.5032503e+00   4.6165291e-01
   1.0466763e+00   1.0976929e+01   1.8457286e+00
  -1.7541557e+00   5.0966667e+00   4.2065068e-01
  -2.2512575e+00   8.9954878e+00  -1.3969863e+00
  -8.6573824e-01   7.5378107e+00   5.1681646e-01
  -1.2341509e+00   7.8219096e+00   5.9059337e-03
  -6.1289995e-01   5.6895610e+00   1.5838147e+00
  -5.1696759e-01   8.2750585e+00   7.0047846e-01
  -1.8525278e+00   3.8657002e+00   9.9658755e-01
  -1.8536897e+00   4.2275252e+00   7.6750136e-01
  -6.6038658e-01   5.7099440e+00   1.5114488e+00
  -4.6100771e-01   1.0139212e+01   3.3617586e-01
  -2.0759864e+00   5.3191229e+00  -8.3836511e-02
  -8.7388631e-02   8.6800753e+00   1.0834386e+00
  -7.2120906e-01   6.7678919e+00   9.6110089e-01
   7.6319525e-01   9.0034683e+00   1.9833786e+00
  -1.9445962e+00   6.1361513e+00  -2.6399930e-01
  -1.4852118e+00   4.4414158e+00   1.1301710e+00
  -6.2983811e-01   8.0720666e+00   6.2831466e-01
   1.0957496e+00   1.1166084e+01   1.8655281e+00
  -1.6200635e+00   6.2375322e+00   8.3262807e-02
   2.7520979e-01   8.0082545e+00   1.7145731e+00
  -2.1718762e+00   6.0280027e+00  -4.9148879e-01
  -1.5888422e+00   4.3084961e+00   1.0721921e+00
  -1.3452777e+00   6.4790627e+00   3.1921750e-01
   2.1846504e-01   1.1700729e+01   8.2277516e-01
  -2.1593392e+00   7.7614166e+00  -1.0205250e+00
  -1.5997142e+00   4.4650383e+00   9.6303297e-01
  -1.6349860e+00   6.1516600e+00   9.9003133e-02
   5.6637815e-01   1.2392622e+01   1.1047675e+00
  -3.0648947e+00   5.0689278e+00  -1.1633901e+00
   3.5915179e-01   1.0609886e+01   1.1516296e+00
  -2.2226479e+00   4.6292021e+00   6.6937137e-02
