  -2.5034006e+00  -3.5277287e-01   4.7700870e+00
  -2.0968963e+00   1.5310136e-01   4.7700870e+00
  -3.1879236e+00  -6.1572249e-01   3.6387425e+00
  -2.2516928e+00   6.0333237e-01   3.6387425e+00
  -2.9261023e+00  -5.6259713e-01   4.1451675e+00
  -2.0809955e+00   5.1653799e-01   4.1451675e+00
  -2.2439259e+00   4.2946866e-01   3.9325018e+00
  -2.8233752e+00  -3.1906638e-01   3.9325018e+00
  -2.9641453e+00  -6.7419714e-01   4.2706893e+00
  -1.9681454e+00   5.9089706e-01   4.2706893e+00
  -2.5142763e+00   2.5431412e-01   3.6369868e+00
  -3.1925033e+00  -6.2051169e-01   3.6369868e+00
  -2.5195958e+00  -1.0791281e-02   4.0734612e+00
  -2.4677643e+00   5.5696790e-02   4.0734612e+00
  -2.6199921e+00  -1.4317125e-01   4.0810934e+00
  -2.4271774e+00   1.0357433e-01   4.0810934e+00
  -2.5276207e+00  -6.6503637e-03   4.0478535e+00
  -2.3736187e+00   1.9179806e-01   4.0478535e+00
  -2.6186228e+00  -2.0731166e-01   4.2018945e+00
  -2.2023942e+00   3.2514225e-01   4.2018945e+00
  -2.6764485e+00  -6.1614731e-01   4.8808799e+00
  -1.8600540e+00   3.9575871e-01   4.8808799e+00
  -1.9051308e+00   4.3398270e-01   4.6981160e+00
  -2.4228508e+00  -2.1817946e-01   4.6981160e+00
  -2.6269980e+00  -3.6271999e-01   4.4800547e+00
  -1.9988791e+00   4.3191072e-01   4.4800547e+00
  -2.3313077e+00   2.6343389e-01   4.0191423e+00
  -2.6014354e+00  -8.4972956e-02   4.0191423e+00
  -2.6111354e+00  -2.8349615e-01   4.3638755e+00
  -2.2805761e+00   1.3416080e-01   4.3638755e+00
  -2.3628309e+00  -2.7839603e-02   4.4717140e+00
  -2.4689843e+00  -1.6132635e-01   4.4717140e+00
  -2.5638790e+00  -4.1442681e-01   4.7436310e+00
  -1.8596318e+00   4.6799924e-01   4.7436310e+00
  -2.7347290e+00  -1.0644516e-01   3.7583083e+00
  -2.6397437e+00   1.6386556e-02   3.7583083e+00
  -1.9608196e+00   1.0703195e+00   3.5367704e+00
  -3.5110944e+00  -9.6399914e-01   3.5367704e+00
  -2.5495829e+00   7.0401573e-02   3.8648488e+00
  -2.4120715e+00   2.4944956e-01   3.8648488e+00
  -2.1045415e+00   1.1986093e+00   3.0836287e+00
  -3.8434203e+00  -1.1219082e+00   3.0836287e+00
  -2.6868851e+00  -7.1743104e-02   3.8044793e+00
  -2.9497905e+00  -4.0780239e-01   3.8044793e+00
  -1.8992834e+00   7.7741626e-01   4.1113544e+00
  -2.9486700e+00  -5.7298804e-01   4.1113544e+00
  -2.3241673e+00   3.8946153e-01   3.8244987e+00
  -2.6594493e+00  -4.8036494e-02   3.8244987e+00
  -1.7147611e+00   7.8657846e-01   4.5069570e+00
  -3.1881515e+00  -1.0618761e+00   4.5069570e+00
  -2.2097196e+00   1.6794899e-01   4.4684784e+00
  -2.4025351e+00  -7.6177341e-02   4.4684784e+00
  -1.9633102e+00   8.7018414e-01   3.8282660e+00
  -3.3443082e+00  -9.1474738e-01   3.8282660e+00
  -2.0648541e+00   4.4987259e-01   4.2961276e+00
  -2.8621122e+00  -5.6102548e-01   4.2961276e+00
  -2.0385254e+00   5.3165308e-01   4.2141850e+00
  -2.9821115e+00  -6.6767646e-01   4.2141850e+00
  -1.8863510e+00   4.9795852e-01   4.6240687e+00
  -2.6510181e+00  -4.6378437e-01   4.6240687e+00
  -3.1475103e+00  -8.8777934e-01   4.2475848e+00
  -1.6699722e+00   1.0006443e+00   4.2475848e+00
  -2.8983327e+00  -1.4716938e-01   3.4720609e+00
  -2.7189822e+00   8.7426919e-02   3.4720609e+00
  -3.0079956e+00  -5.6096069e-01   3.9494964e+00
  -2.0560997e+00   6.6814585e-01   3.9494964e+00
  -2.6971695e+00  -2.4078497e-01   4.0805276e+00
  -2.2284487e+00   3.6154329e-01   4.0805276e+00
  -3.0945630e+00  -8.3719917e-01   4.2762095e+00
  -1.7493836e+00   8.7686786e-01   4.2762095e+00
  -2.2204376e+00   7.6214124e-01   3.4636879e+00
  -3.4392610e+00  -8.3321971e-01   3.4636879e+00
  -1.9978532e+00   6.2942248e-01   4.1395297e+00
  -3.0034450e+00  -6.5570461e-01   4.1395297e+00
  -1.9009375e+00   6.1396342e-01   4.3827947e+00
  -2.9104085e+00  -6.6418524e-01   4.3827947e+00
  -2.1290459e+00   3.7239565e-01   4.2858397e+00
  -2.6566373e+00  -2.9974065e-01   4.2858397e+00
  -3.1587392e+00  -5.4239752e-01   3.5748145e+00
  -2.3095040e+00   5.6705043e-01   3.5748145e+00
  -3.0655026e+00  -4.0969876e-01   3.5508009e+00
  -2.6394808e+00   1.4290134e-01   3.5508009e+00
  -3.1739456e+00  -6.0277802e-01   3.6470744e+00
  -2.2126236e+00   6.5060380e-01   3.6470744e+00
  -2.2893891e+00   3.5920741e-01   3.9499073e+00
  -2.3922195e+00   2.2480025e-01   3.9499073e+00
  -2.8992345e+00  -5.3685880e-01   4.1599149e+00
  -2.2074989e+00   3.4264258e-01   4.1599149e+00
  -2.8501593e+00  -5.6440172e-01   4.3319130e+00
  -2.1466156e+00   3.2371256e-01   4.3319130e+00
