   2.8073109e+00   1.6447524e+01   3.0966328e+00
   1.1458179e+00   1.0545559e+01   2.0425802e+00
   2.2010832e+00   1.3577211e+01   2.7160609e+00
   1.0562713e+00   1.0748129e+01   1.9004709e+00
   1.9268723e+00   1.3742742e+01   2.4022836e+00
   1.7825409e+00   1.1685600e+01   2.5360545e+00
   2.0916958e+00   1.3929988e+01   2.5580976e+00
   2.0906244e+00   1.0239380e+01   3.2052750e+00
   1.6904133e+00   1.1670098e+01   2.4362705e+00
   1.2324997e+00   1.0235197e+01   2.2095271e+00
   1.9173394e+00   1.3644429e+01   2.4031038e+00
   7.6513740e-01   1.0175435e+01   1.6917327e+00
   1.9319014e+00   1.3842699e+01   2.3966944e+00
   1.2671497e+00   1.0891426e+01   2.1085901e+00
   1.7060329e+00   1.2951774e+01   2.2596093e+00
   3.7028320e-01   1.1214422e+01   1.0599762e+00
   1.7649879e+00   1.4012139e+01   2.2009649e+00
   1.8330043e+00   1.3185038e+01   2.3670993e+00
   2.7660099e+00   1.1954464e+01   3.5923208e+00
   1.8779402e+00   1.1228522e+01   2.7295965e+00
   1.8188680e+00   1.1582956e+01   2.5950900e+00
   1.9352076e+00   1.4607371e+01   2.3243061e+00
   2.3976734e+00   1.3315529e+01   2.9621145e+00
   2.3508569e+00   1.2879884e+01   2.9716326e+00
   1.3638016e+00   9.7403539e+00   2.4839822e+00
   1.6658885e+00   1.2545615e+01   2.2710550e+00
   1.6875611e+00   1.1904076e+01   2.3932082e+00
   1.4593733e+00   1.2031394e+01   2.1216694e+00
   2.0722139e+00   1.3378593e+01   2.6012539e+00
   2.1688878e+00   1.4678610e+01   2.5650890e+00
   2.1607888e+00   1.2099615e+01   2.8850892e+00
   7.2280332e-01   1.3399483e+01   1.1579871e+00
   1.9195374e+00   1.1977170e+01   2.6378379e+00
   2.0184717e+00   1.5668867e+01   2.3261891e+00
   1.3733242e+00   1.1888559e+01   2.0496673e+00
   2.0128022e+00   1.2691367e+01   2.6287544e+00
   1.4486498e+00   1.3700830e+01   1.8966142e+00
   1.4600042e+00   1.1537060e+01   2.2037224e+00
   1.5174066e+00   1.1293757e+01   2.3115614e+00
   1.9789404e+00   1.1826056e+01   2.7300838e+00
   1.7657447e+00   1.2157161e+01   2.4384823e+00
   6.8086137e-01   1.0253522e+01   1.5801031e+00
   1.7883497e+00   1.3609964e+01   2.2688175e+00
   1.3119517e+00   1.1557347e+01   2.0363904e+00
   1.4798782e+00   1.3339034e+01   1.9693679e+00
   1.5116955e-01   1.0726095e+01   9.0203177e-01
   1.8685069e+00   1.3933638e+01   2.3193059e+00
   2.2622810e+00   1.4324701e+01   2.6987053e+00
   2.8789943e+00   1.5054366e+01   3.2840352e+00
   1.7975693e+00   1.1176997e+01   2.6490807e+00
   2.6654457e+00   1.3321920e+01   3.2533966e+00
   1.3304251e+00   1.1289737e+01   2.1038262e+00
   2.4001517e+00   1.3962052e+01   2.8853561e+00
   5.8379010e-01   1.0321413e+01   1.4571920e+00
   2.6791683e+00   1.4658873e+01   3.1096603e+00
   1.1201451e+00   1.1214568e+01   1.8838771e+00
   2.4871834e+00   1.3357656e+01   3.0539555e+00
   1.6196581e-01   1.2130729e+01   7.0519915e-01
   2.5333013e+00   1.4626044e+01   2.9573378e+00
   1.8460622e+00   1.4149621e+01   2.2733181e+00
   1.2046083e+00   9.3388418e+00   2.4075564e+00
   1.9490402e+00   1.2168344e+01   2.6388302e+00
   6.9012750e-01   1.0095086e+01   1.6245142e+00
   1.6375250e+00   1.1972575e+01   2.3267751e+00
   1.8419166e+00   1.2200953e+01   2.5154240e+00
   2.2792485e+00   1.3714140e+01   2.7839729e+00
   2.1328275e+00   1.1903850e+01   2.8880961e+00
   1.2726194e+00   1.4101883e+01   1.6708097e+00
   1.5271242e+00   1.1204275e+01   2.3393461e+00
   2.3258878e+00   1.5349198e+01   2.6728800e+00
   1.8306695e+00   1.3476816e+01   2.3293948e+00
  -1.2052025e+00   5.5398009e+00   8.9690101e-01
   1.7130669e+00   1.3622864e+01   2.1868587e+00
  -4.5620159e-01   6.6688841e+00   1.3266561e+00
   1.8891203e+00   1.3800798e+01   2.3555214e+00
  -1.3878758e+00   6.3626096e+00   3.1298779e-01
   2.2078212e+00   1.4030285e+01   2.6714773e+00
   5.9171251e-01   9.2447088e+00   1.7166880e+00
   1.7908946e+00   1.3377123e+01   2.2983875e+00
   1.7069488e+00   1.2231825e+01   2.3622398e+00
   1.0860335e+00   1.2431661e+01   1.6581732e+00
  -5.8300524e-01   1.0932425e+01   7.1668881e-02
   1.0451117e+00   1.2243450e+01   1.6395095e+00
   1.2238424e+00   1.2979111e+01   1.7372613e+00
   1.6487400e+00   1.1393894e+01   2.4397341e+00
   7.0311834e-01   1.2311245e+01   1.2617331e+00
   1.6702050e+00   1.2440851e+01   2.2907914e+00
   1.7309369e+00   1.4369138e+01   2.1301695e+00
   1.0828650e+00   1.3109446e+01   1.5713513e+00
   1.5721509e+00   1.3244236e+01   2.0792324e+00
