   2.7599835e+00   1.4515168e+01   3.2109290e+00
   1.1543501e+00   1.0194624e+01   2.1295218e+00
   2.1876403e+00   1.5245724e+01   2.5357837e+00
   1.5038333e+00   1.1354898e+01   2.2850823e+00
   2.0522939e+00   1.4078661e+01   2.5001291e+00
   2.0857809e+00   1.2219826e+01   2.7816970e+00
   1.9835688e+00   1.3269224e+01   2.5191312e+00
   2.1949807e+00   9.7880915e+00   3.4590987e+00
   1.4187424e+00   1.0875914e+01   2.2822522e+00
   1.2630032e+00   1.0241420e+01   2.2429981e+00
   1.7852893e+00   1.3486791e+01   2.2795465e+00
   9.6881757e-01   9.9954944e+00   1.9636773e+00
   1.8553000e+00   1.3536274e+01   2.3489384e+00
   1.6641744e+00   1.1389657e+01   2.4577947e+00
   1.5974210e+00   1.2534628e+01   2.1980924e+00
   6.4449769e-01   1.1211998e+01   1.3600654e+00
   1.6586844e+00   1.3804605e+01   2.1092673e+00
   1.9649826e+00   1.3214412e+01   2.5059497e+00
   2.8245174e+00   1.2314739e+01   3.5902794e+00
   2.3731882e+00   1.1672700e+01   3.2019089e+00
   2.0823294e+00   1.2320160e+01   2.7616317e+00
   2.2393098e+00   1.5671002e+01   2.5570975e+00
   2.3239343e+00   1.2672243e+01   2.9730797e+00
   2.6398961e+00   1.2925531e+01   3.2828304e+00
   1.0351195e+00   9.3039523e+00   2.2177222e+00
   1.6177734e+00   1.2659345e+01   2.2029142e+00
   1.4243760e+00   1.1832109e+01   2.1147943e+00
   1.6721265e+00   1.2011275e+01   2.3586579e+00
   1.9562496e+00   1.3567696e+01   2.4536687e+00
   2.3948714e+00   1.5134195e+01   2.7635333e+00
   2.0957644e+00   1.1798885e+01   2.8655380e+00
   1.0485830e+00   1.3801989e+01   1.4625906e+00
   1.8267368e+00   1.1967627e+01   2.5365876e+00
   2.0911925e+00   1.5812836e+01   2.3919854e+00
   1.4852349e+00   1.3689857e+01   1.9366769e+00
   2.3106546e+00   1.4263165e+01   2.7566748e+00
   1.2575642e+00   1.4615588e+01   1.6102885e+00
   1.5433976e+00   1.1585851e+01   2.2877188e+00
   1.2456741e+00   1.0908747e+01   2.0810883e+00
   1.9945048e+00   1.2407696e+01   2.6510713e+00
   1.5946848e+00   1.2896545e+01   2.1464186e+00
   7.4385467e-01   1.0439045e+01   1.6124545e+00
   1.7280021e+00   1.5242249e+01   2.0537763e+00
   1.6530489e+00   1.3137697e+01   2.1790138e+00
   1.3853428e+00   1.3743056e+01   1.8249926e+00
   3.9340730e-01   1.2299770e+01   9.3133245e-01
   1.6645193e+00   1.4657700e+01   2.0342989e+00
   2.3462876e+00   1.4772052e+01   2.7444859e+00
   2.7447918e+00   1.4777115e+01   3.1678856e+00
   1.5851152e+00   1.0289987e+01   2.6020244e+00
   2.4340662e+00   1.2397372e+01   3.1388649e+00
   1.4390286e+00   1.1338616e+01   2.2158237e+00
   2.1813067e+00   1.3936184e+01   2.6533739e+00
   6.1925582e-01   1.0551684e+01   1.4509753e+00
   2.6113572e+00   1.4839148e+01   3.0197149e+00
   1.2950413e+00   1.2296930e+01   1.9029797e+00
   2.4204952e+00   1.3202210e+01   3.0022440e+00
   3.4350628e-01   1.2393425e+01   8.6655538e-01
   2.3807172e+00   1.4530989e+01   2.8041940e+00
   1.9219066e+00   1.4786599e+01   2.2943799e+00
   8.0892226e-01   8.7701291e+00   2.1069562e+00
   1.9262309e+00   1.2084053e+01   2.6273991e+00
   1.0431501e+00   1.1133235e+01   1.8131198e+00
   1.7460669e+00   1.2237562e+01   2.4042938e+00
   1.8671380e+00   1.1995250e+01   2.5767145e+00
   2.5283616e+00   1.4367657e+01   2.9784738e+00
   2.0962754e+00   1.1496426e+01   2.9232152e+00
   1.5130505e+00   1.4483553e+01   1.8899066e+00
   1.6347718e+00   1.1042766e+01   2.4922207e+00
   2.4102565e+00   1.5375668e+01   2.7595595e+00
   1.8410096e+00   1.3629482e+01   2.3230062e+00
  -8.4253396e-01   5.0881591e+00   1.6095335e+00
   1.8910681e+00   1.4167976e+01   2.3193170e+00
   7.7803840e-03   6.5192930e+00   1.9789701e+00
   1.7263293e+00   1.3168579e+01   2.2541287e+00
  -9.6177635e-01   6.2192490e+00   8.9087158e-01
   2.1062957e+00   1.3684793e+01   2.6012974e+00
   6.8860181e-01   8.2503069e+00   2.1312596e+00
   1.6195645e+00   1.3651973e+01   2.0838325e+00
   2.1601175e+00   1.3068734e+01   2.7366668e+00
   9.0647578e-01   1.2631153e+01   1.4394261e+00
   9.6816039e-02   1.1102151e+01   7.8032170e-01
   1.0397128e+00   1.2368315e+01   1.6166500e+00
   1.7773982e+00   1.3590094e+01   2.2593254e+00
   1.4894654e+00   1.1093409e+01   2.3185122e+00
   1.1018972e+00   1.3287289e+01   1.5718358e+00
   1.5712517e+00   1.2365788e+01   2.1937428e+00
   2.0500276e+00   1.5821706e+01   2.3483894e+00
   9.7685100e-01   1.2875674e+01   1.4851974e+00
   1.7990575e+00   1.3940854e+01   2.2445428e+00
