  -3.1756528e+00  -6.0869436e-01   3.6537484e+00
  -2.1574803e+00   6.1297131e-01   3.8213123e+00
  -2.9715897e+00  -3.2144984e-01   3.6054599e+00
  -2.1749346e+00   7.6235046e-01   3.5554599e+00
  -2.6120174e+00   3.3368917e-01   3.3105107e+00
  -2.7945714e+00  -1.4514088e-02   3.4764274e+00
  -2.4254636e+00   2.2900858e-01   3.8697459e+00
  -2.6423105e+00  -1.6854515e-02   3.8090164e+00
  -3.0176699e+00  -1.0414486e-01   3.1542953e+00
  -2.8720485e+00   2.4944042e-01   2.9172085e+00
  -3.0604577e+00   1.1014975e-01   2.7508164e+00
  -3.2632229e+00  -2.9959888e-01   2.9569424e+00
  -3.3956786e+00  -8.5264162e-01   3.5957990e+00
  -2.0942052e+00   9.2088285e-01   3.4855330e+00
  -3.1729331e+00  -1.8328298e-01   2.9610236e+00
  -2.6408622e+00   3.7773806e-01   3.1866897e+00
  -3.1817142e+00  -5.9958987e-01   3.6240738e+00
  -2.1174912e+00   8.8068882e-01   3.4972039e+00
  -3.0165307e+00  -5.6326849e-01   3.9339742e+00
  -2.0723700e+00   6.8064033e-01   3.8947277e+00
  -2.2838848e+00   3.1145230e-01   4.0426218e+00
  -2.7733091e+00  -3.7309879e-01   4.1478692e+00
  -1.9870240e+00   3.9776776e-01   4.5702513e+00
  -2.3957629e+00  -4.7310040e-02   4.4297222e+00
  -2.8903045e+00  -3.1447955e-02   3.3029636e+00
  -2.5590582e+00   1.4835824e-01   3.7135974e+00
  -2.7854712e+00   1.7382332e-01   3.2006983e+00
  -2.3835425e+00   4.7041477e-01   3.5703978e+00
  -3.3918338e+00  -9.9867369e-01   3.8763424e+00
  -1.7644798e+00   1.0766824e+00   3.9270524e+00
  -3.0273143e+00  -1.6196908e-01   3.2249856e+00
  -2.5777033e+00   2.7297690e-01   3.4742636e+00
  -3.2541797e+00  -8.3687270e-01   3.8919440e+00
  -1.8414566e+00   1.0796369e+00   3.7638652e+00
  -2.0591607e+00   1.0989384e+00   3.3037027e+00
  -3.7812964e+00  -1.1359779e+00   3.2428212e+00
  -1.8559920e+00   1.0929738e+00   3.7146265e+00
  -3.1029283e+00  -6.1189822e-01   3.8242857e+00
  -2.6248177e+00   7.4062105e-01   2.7129599e+00
  -3.0694892e+00  -9.0902584e-02   3.0287464e+00
  -2.3052448e+00   1.3111079e+00   2.5773483e+00
  -3.9372911e+00  -1.0195561e+00   2.7175184e+00
  -3.5402788e+00  -8.4146733e-01   3.2569703e+00
  -2.5942490e+00   4.0021244e-01   3.2467497e+00
  -2.4802654e+00   6.8048845e-01   3.0679891e+00
  -3.4276885e+00  -4.7846896e-01   2.9006836e+00
  -3.1447862e+00  -3.2456597e-01   3.2399092e+00
  -2.3675672e+00   7.3308805e-01   3.2134248e+00
  -1.7322500e+00   8.3583863e-01   4.3829045e+00
  -3.2956105e+00  -1.0849259e+00   4.2820741e+00
  -2.3127533e+00   1.0008684e+00   2.9526682e+00
  -3.5142403e+00  -8.6828798e-01   3.3599040e+00
  -2.2856254e+00   9.1856486e-01   3.1143296e+00
  -3.4851871e+00  -8.6227279e-01   3.4132686e+00
  -2.9484056e+00  -4.2879163e-01   3.8451522e+00
  -2.3611498e+00   3.4259402e-01   3.8213800e+00
  -2.4496774e+00   6.2810348e-01   3.2017674e+00
  -3.2906767e+00  -5.9637290e-01   3.3791436e+00
  -2.8745262e+00  -2.2273784e-01   3.6496619e+00
  -2.4306384e+00   3.2346159e-01   3.7035079e+00
  -3.1858078e+00  -2.7871539e-01   3.0821052e+00
  -2.4537869e+00   1.0195351e+00   2.6685165e+00
  -3.2818074e+00  -3.6845788e-01   3.0260920e+00
  -2.9029830e+00   4.5323794e-01   2.5765187e+00
  -3.7975901e+00  -1.3949924e+00   3.6830677e+00
  -1.5577015e+00   1.6071372e+00   3.5840230e+00
  -3.2088739e+00  -2.8409308e-01   3.0433322e+00
  -2.4728437e+00   4.6005010e-01   3.4026308e+00
  -3.7342027e+00  -1.2977323e+00   3.6449179e+00
  -1.5726800e+00   1.5652571e+00   3.6114376e+00
  -2.5194296e+00   8.3522513e-01   2.7845602e+00
  -3.8302418e+00  -8.5601850e-01   2.6758029e+00
  -2.8422389e+00  -1.2809238e-01   3.5607158e+00
  -2.5583978e+00   2.9408169e-01   3.4814225e+00
  -2.5230120e+00   5.3673150e-01   3.1886215e+00
  -3.4166919e+00  -5.9038945e-01   3.1012665e+00
  -2.9116049e+00  -1.3807352e-01   3.4290053e+00
  -2.6804121e+00   2.2849476e-01   3.3312599e+00
  -3.9688015e+00  -1.2498417e+00   3.0338245e+00
  -2.0246902e+00   1.3435514e+00   3.0452105e+00
  -3.4993578e+00  -5.2517010e-01   2.8281756e+00
  -2.7487718e+00   3.9884274e-01   2.9438779e+00
  -3.9767605e+00  -1.2893906e+00   3.0850965e+00
  -2.0054490e+00   1.3502254e+00   3.0723812e+00
  -2.9076816e+00   1.8046972e-01   2.9471404e+00
  -2.5707580e+00   5.2751516e-01   3.1078623e+00
  -3.9412782e+00  -1.3813133e+00   3.3271582e+00
  -1.9381194e+00   1.2337539e+00   3.3534906e+00
  -3.9294174e+00  -1.4353161e+00   3.4538036e+00
  -1.7704417e+00   1.4187031e+00   3.4267113e+00
