   2.4751768e+00   1.4027786e+01   2.9585597e+00
   8.5998411e-01   8.6677184e+00   2.1999825e+00
   2.1503782e+00   1.5155114e+01   2.5039711e+00
   6.6322316e-01   1.0175214e+01   1.5768549e+00
   2.1048130e+00   1.2802531e+01   2.7133701e+00
   2.2397578e+00   1.1513645e+01   3.0822093e+00
   1.5544241e+00   1.3457559e+01   2.0356812e+00
   2.8863922e+00   1.2332187e+01   3.6568504e+00
   1.0841158e+00   1.2792910e+01   1.6099902e+00
   1.5748768e+00   1.0830276e+01   2.4683260e+00
   2.0190207e+00   1.5466087e+01   2.3416108e+00
   2.5340101e+00   1.2602760e+01   3.2162048e+00
   1.8243296e+00   1.1918858e+01   2.5421095e+00
   1.0954164e+00   1.0379433e+01   2.0211217e+00
   1.7570422e+00   1.2091939e+01   2.4392727e+00
   1.0870865e+00   1.0344729e+01   2.0192537e+00
   1.4435896e+00   1.1453780e+01   2.2001663e+00
   1.6208072e+00   1.2371759e+01   2.2469523e+00
   2.6823183e+00   1.4452567e+01   3.1343412e+00
   1.4941936e+00   1.0174646e+01   2.5249049e+00
   2.0961035e+00   1.2582647e+01   2.7360762e+00
   2.0369293e+00   1.2392364e+01   2.7001491e+00
   2.1347128e+00   1.3100635e+01   2.7047446e+00
   3.4037082e+00   1.3616214e+01   4.0231791e+00
   6.4673686e-01   1.1613643e+01   1.2986887e+00
   1.8185125e+00   1.2477290e+01   2.4475108e+00
   2.1436958e+00   1.3450580e+01   2.6695589e+00
   3.0247514e+00   1.3778109e+01   3.5844002e+00
   2.1518356e+00   1.2285692e+01   2.8440713e+00
   1.9276164e+00   1.2448223e+01   2.5713921e+00
   2.0844312e+00   1.2161214e+01   2.7898786e+00
   1.7548751e+00   1.2474231e+01   2.3783858e+00
   1.7652087e+00   1.0854268e+01   2.6797313e+00
   1.6970361e+00   1.3403438e+01   2.1945458e+00
   1.8561424e+00   1.3638000e+01   2.3382551e+00
   1.6928429e+00   1.2532821e+01   2.3022369e+00
   1.6844448e+00   1.5306259e+01   2.0034255e+00
   2.7459841e+00   1.3610598e+01   3.3024240e+00
   1.1661701e+00   1.3436440e+01   1.6241284e+00
   1.9953400e+00   1.2589634e+01   2.6245115e+00
   2.2896490e+00   1.4913030e+01   2.6716653e+00
   1.7571860e+00   1.2569892e+01   2.3670862e+00
   2.0918394e+00   1.3912515e+01   2.5601591e+00
   9.6942328e-01   1.1224450e+01   1.7153938e+00
   1.9489663e+00   1.3834784e+01   2.4157982e+00
   9.8857719e-01   1.1262918e+01   1.7298546e+00
   1.8345064e+00   1.3290155e+01   2.3557543e+00
   1.7365913e+00   1.1950520e+01   2.4397102e+00
   2.4749221e+00   1.4638128e+01   2.8939578e+00
   2.4359080e+00   1.3893942e+01   2.9316562e+00
   2.1770928e+00   1.3749730e+01   2.6698860e+00
   1.9780601e+00   1.2692158e+01   2.5906630e+00
   2.5600679e+00   1.5940816e+01   2.8733852e+00
   2.4044981e+00   1.3011913e+01   3.0113581e+00
   2.4076612e+00   1.2935339e+01   3.0258672e+00
   9.9842260e-01   1.1985492e+01   1.6255715e+00
   2.3695415e+00   1.2903229e+01   2.9887239e+00
   8.9116435e-01   1.2540298e+01   1.4343578e+00
   2.2138161e+00   1.2014821e+01   2.9589207e+00
   1.5461059e+00   1.3049098e+01   2.0748140e+00
   2.6083910e-01   1.0583363e+01   1.0480286e+00
   2.2188258e+00   1.3112154e+01   2.7946959e+00
   1.5624155e+00   1.3561567e+01   2.0326902e+00
   3.5575976e+00   1.4336151e+01   4.0938312e+00
   1.6882929e+00   1.0601899e+01   2.6477585e+00
   2.1436710e+00   1.1554116e+01   2.9654839e+00
   1.8737978e+00   1.0944085e+01   2.7842150e+00
   2.1254542e+00   1.3119919e+01   2.6921126e+00
   1.0211846e+00   1.0004953e+01   2.0213559e+00
   2.2071697e+00   1.3421447e+01   2.7417840e+00
   2.4137507e+00   1.5800205e+01   2.7303408e+00
   1.0305192e+00   1.1882900e+01   1.6757027e+00
   2.0528112e+00   1.2786706e+01   2.6588060e+00
  -5.2401322e-02   1.0392902e+01   7.3804188e-01
   2.1588088e+00   1.3206626e+01   2.7168952e+00
  -5.2883366e-02   1.0311816e+01   7.5248419e-01
   2.0443643e+00   1.2269494e+01   2.7278177e+00
   8.2466096e-01   1.2402077e+01   1.3805730e+00
   1.5193547e+00   1.2614662e+01   2.1022463e+00
   1.5848155e+00   1.1392266e+01   2.3685890e+00
   1.1973613e+00   1.2927509e+01   1.7150709e+00
   6.0838934e-01   1.0292072e+01   1.4907478e+00
   8.8654987e-01   1.1618966e+01   1.5591718e+00
   8.9050721e-01   1.1191475e+01   1.6340435e+00
   1.6172837e+00   1.1817504e+01   2.3299429e+00
   1.3637726e+00   1.1420949e+01   2.1173735e+00
   1.1891700e+00   1.1175487e+01   1.9675493e+00
   1.4270293e+00   1.2233455e+01   2.0558017e+00
   7.6738779e-01   1.1392254e+01   1.4650418e+00
   1.3454561e+00   1.1412351e+01   2.0985728e+00
