   2.7624647e+00   1.6905819e+01   3.0207156e+00
   1.1696807e+00   1.3640260e+01   1.6066763e+00
   8.7094416e-01   1.4711797e+01   1.1984354e+00
   2.0835924e+00   1.5996620e+01   2.3714928e+00
   2.3662327e+00   1.7075786e+01   2.5999372e+00
   1.5952198e+00   1.2662524e+01   2.1780068e+00
   2.6884301e+00   1.6755459e+01   2.9528229e+00
   1.0029558e+00   1.1442928e+01   1.7151448e+00
   7.8823778e-01   1.5993912e+01   1.0291288e+00
   1.7878469e+00   1.3812354e+01   2.2461278e+00
   1.9715363e+00   1.7540563e+01   2.1695551e+00
   1.9103822e+00   1.4371626e+01   2.3199447e+00
   2.1497215e+00   1.5728740e+01   2.4591157e+00
   6.8837608e-01   1.1803375e+01   1.3156851e+00
   1.1794496e+00   1.4405164e+01   1.5458735e+00
   1.7207760e+00   1.4518191e+01   2.1058395e+00
   1.9517251e+00   1.6326052e+01   2.2133505e+00
   1.4417643e+00   1.4232608e+01   1.8372543e+00
   1.3964876e+00   1.4882706e+01   1.7344435e+00
   2.5865698e+00   1.6967650e+01   2.8343360e+00
   1.8949713e+00   1.5912911e+01   2.1805578e+00
   1.3641594e+00   1.3793786e+01   1.7973672e+00
   2.9110271e+00   1.5553628e+01   3.2732801e+00
   1.3736981e+00   1.1578740e+01   2.1009765e+00
  -1.3229755e-01   1.3315060e+01   2.6649335e-01
   2.1257384e+00   1.5245599e+01   2.4706953e+00
   1.6991550e+00   1.5201062e+01   2.0267065e+00
   2.0623206e+00   1.5278253e+01   2.4014663e+00
   2.0744506e+00   1.5399287e+01   2.4047743e+00
   1.6293284e+00   1.4226240e+01   2.0360734e+00
   1.1042716e+00   1.3683230e+01   1.5330752e+00
   2.3528795e+00   1.6519760e+01   2.6182507e+00
   1.8707984e+00   1.5370560e+01   2.1935757e+00
   1.3622843e+00   1.4988164e+01   1.6905177e+00
   1.4744792e+00   1.6463344e+01   1.7113578e+00
   1.5601258e+00   1.5074020e+01   1.8908946e+00
   5.0493276e-01   1.1981274e+01   1.0924607e+00
   1.3198619e-01   1.3229757e+01   5.5188512e-01
   1.0202288e+00   1.6173327e+01   1.2584503e+00
   2.4260410e+00   1.5392536e+01   2.7748119e+00
   1.5440285e+00   1.5631587e+01   1.8340208e+00
   1.8118626e+00   1.5326964e+01   2.1351600e+00
   2.1150692e+00   1.9217926e+01   2.2522194e+00
   1.2387315e+00   1.4560031e+01   1.5951075e+00
   1.1942193e+00   1.7591081e+01   1.3699173e+00
   2.0123193e+00   1.5471633e+01   2.3341772e+00
   1.6669558e+00   1.8153397e+01   1.8315372e+00
   2.0807098e+00   1.4268529e+01   2.5109580e+00
   3.3441867e+00   1.8063622e+01   3.5605216e+00
  -5.1329142e-01   1.2803440e+01  -8.4101653e-02
   2.4408715e+00   1.6669495e+01   2.7005915e+00
   2.1963082e+00   1.7210081e+01   2.4171999e+00
   2.4999469e+00   1.7851139e+01   2.6991516e+00
   7.5373304e-01   1.5674497e+01   1.0119162e+00
   2.6914224e+00   1.6675976e+01   2.9608716e+00
  -5.4017392e-01   1.3308184e+01  -1.5917751e-01
   1.6651782e+00   1.5731552e+01   1.9534019e+00
   1.0976884e+00   1.6254807e+01   1.3338805e+00
   2.5701500e+00   1.6362079e+01   2.8546488e+00
   1.3172540e+00   1.6509820e+01   1.5466010e+00
  -4.7965229e-01   1.1768738e+01   6.6966001e-02
   2.7193204e+00   1.6724621e+01   2.9868901e+00
   1.2944201e+00   1.3941208e+01   1.7089943e+00
   2.7540718e+00   1.5340397e+01   3.1255010e+00
  -7.5862588e-01   8.6359923e+00   3.2895343e-01
   2.0227416e+00   1.2933837e+01   2.6055087e+00
   1.1825687e+00   1.3697561e+01   1.6145527e+00
   2.8292958e+00   1.6892141e+01   3.0910770e+00
   1.1776292e+00   1.4025613e+01   1.5776715e+00
   1.8388293e+00   1.5048143e+01   2.1851086e+00
   1.9294946e+00   1.6820219e+01   2.1620533e+00
  -3.2800008e+00   7.5080985e+00  -2.1921807e+00
   2.2780803e+00   1.6140029e+01   2.5646959e+00
  -3.4657941e+00   9.5318996e+00  -2.7837371e+00
   1.2475617e+00   1.6325382e+01   1.4846520e+00
  -2.2161540e+00   1.2246021e+01  -1.8063578e+00
   2.1580754e+00   1.6029103e+01   2.4469693e+00
  -1.7298759e+00   1.0137216e+01  -1.0360991e+00
   1.7502472e+00   1.5083956e+01   2.0892985e+00
   1.5495016e+00   1.3314617e+01   2.0467090e+00
   5.4230756e-01   1.5301056e+01   8.1625484e-01
   1.5331832e+00   1.4735406e+01   1.8896412e+00
   1.1195477e+00   1.4964477e+01   1.4388322e+00
   1.3182006e+00   1.3671740e+01   1.7610211e+00
   1.0497855e+00   1.3851936e+01   1.4590916e+00
   1.9391326e+00   1.4683268e+01   2.3216368e+00
   1.7193788e+00   1.5204330e+01   2.0476286e+00
   1.3017812e+00   1.3409061e+01   1.7714107e+00
   1.2111837e+00   1.7771555e+01   1.3800915e+00
   1.0676687e+00   1.4107984e+01   1.4543163e+00
