  -3.1020873e+00   4.2413013e-01   2.2505376e+00
  -2.7357883e+00   6.9365932e-01   2.5695847e+00
  -2.0657165e+00   1.6933548e+00   2.5517594e+00
  -2.9221035e+00  -5.5566443e-02   3.2750537e+00
  -2.1990196e+00   1.4288779e+00   2.6250367e+00
  -2.8908846e+00   3.4587424e-01   2.7449872e+00
  -2.5735028e+00   9.2145657e-01   2.5747998e+00
  -2.8477824e+00   4.0184842e-01   2.7497117e+00
  -2.4299547e+00   2.4930944e+00   1.1972310e+00
  -2.9991069e+00   2.9610684e-01   2.6085951e+00
  -2.1399826e+00   1.2693469e+00   2.9267230e+00
  -3.3762410e+00  -4.2297870e-01   2.9187925e+00
  -2.7669375e+00   5.9781239e-01   2.6373426e+00
  -2.6595668e+00   7.2797808e-01   2.6652007e+00
  -2.5750238e+00   1.0777524e+00   2.3804815e+00
  -3.3135299e+00  -1.6897921e-01   2.6621565e+00
  -2.1723674e+00   1.7515281e+00   2.3057650e+00
  -2.6252186e+00   6.3714844e-01   2.8502449e+00
  -1.6369757e+00   2.1840621e+00   2.7445299e+00
  -3.4517211e+00  -8.9330261e-01   3.5428766e+00
  -1.9843102e+00   1.0460675e+00   3.5246900e+00
  -4.1288779e+00  -1.2317669e+00   2.6673479e+00
  -2.1083663e+00   6.9799679e-01   3.7912301e+00
  -2.7075459e+00  -3.3562324e-01   4.2327632e+00
  -2.2387464e+00   2.4172067e+00   1.5487053e+00
  -3.3886754e+00  -9.0106406e-01   3.7000982e+00
  -1.7663812e+00   1.3881409e+00   3.4757891e+00
  -3.0870431e+00  -7.2179557e-01   4.0672923e+00
  -2.7240098e+00   4.1941868e-01   2.9627734e+00
  -2.9203290e+00  -6.6848049e-02   3.2965180e+00
  -1.9935429e+00   1.1052150e+00   3.4228205e+00
  -4.0292583e+00  -1.1755104e+00   2.7811551e+00
  -2.3153319e+00   1.2208106e+00   2.6686238e+00
  -2.9674288e+00  -2.7993188e-01   3.5441290e+00
  -2.2934903e+00   1.4591284e+00   2.4247718e+00
  -3.8886700e+00  -1.0377158e+00   2.8471243e+00
  -2.2430175e+00   1.3150818e+00   2.6832521e+00
  -3.9264733e+00  -1.1673287e+00   2.9834700e+00
  -1.7698546e+00   3.3300797e+00   1.4924938e+00
  -3.1896677e+00  -2.3142116e-01   3.0008690e+00
  -1.5203808e+00   2.2354905e+00   2.8886162e+00
  -4.2612682e+00  -1.4362179e+00   2.7300470e+00
  -2.5727257e+00   8.7168053e-01   2.6392364e+00
  -4.0079457e+00  -8.2930946e-01   2.2850199e+00
  -1.6085507e+00   2.1920880e+00   2.7844527e+00
  -4.5079098e+00  -1.6652047e+00   2.5989418e+00
  -2.0663124e+00   1.7344521e+00   2.5045737e+00
  -2.9817169e+00   6.5721568e-02   2.9693229e+00
  -1.6024828e+00   1.8610472e+00   3.1761588e+00
  -4.1942700e+00  -1.2012087e+00   2.4856401e+00
  -1.2869339e+00   3.4303665e+00   2.1265431e+00
  -3.3486703e+00  -4.6280659e-01   3.0376020e+00
  -1.7119169e+00   1.6067327e+00   3.2913002e+00
  -3.9040321e+00  -8.5723394e-01   2.5301073e+00
  -1.9098866e+00   1.4368296e+00   3.1392303e+00
  -3.7448241e+00  -5.7085436e-01   2.4128507e+00
  -1.5712729e+00   2.1779056e+00   2.8642306e+00
  -4.3833611e+00  -1.4256157e+00   2.4614808e+00
  -1.7171347e+00   1.9553539e+00   2.8604657e+00
  -3.1791454e+00  -3.2214774e-01   3.1644270e+00
  -3.0043704e+00   1.6527081e+00   1.0768474e+00
  -3.2099658e+00  -1.9979493e-01   2.9118095e+00
  -2.6707124e+00   6.8592236e-01   2.6997100e+00
  -3.3984719e+00  -6.0266289e-01   3.1595422e+00
  -3.1206340e+00   1.2687696e-01   2.6120680e+00
  -2.7834797e+00   4.0708223e-01   2.8652700e+00
  -2.1621342e+00   1.5735269e+00   2.5212082e+00
  -3.7188519e+00  -7.5618817e-01   2.7444442e+00
  -3.2478169e+00   3.9282440e-01   2.0304692e+00
  -2.8026523e+00   2.9847842e-01   2.9823022e+00
  -1.6506971e+00   1.8100446e+00   3.1504223e+00
  -4.4507261e+00  -8.4460858e-01   1.4888278e+00
  -2.2041455e+00   1.1886902e+00   2.9110999e+00
  -4.4530254e+00   4.6477200e-02   4.3751824e-01
  -1.9488072e+00   1.8203169e+00   2.6105655e+00
  -4.7929654e+00  -7.9005127e-01   8.3318276e-01
  -1.8567676e+00   1.9278487e+00   2.6490861e+00
  -3.2659437e+00   3.8975758e-01   2.0023666e+00
  -3.0333106e+00   4.5430537e-01   2.3360622e+00
  -3.0315188e+00   5.1233169e-01   2.2653508e+00
  -2.7903777e+00   9.1505211e-01   2.1976847e+00
  -4.0057486e+00  -8.1077631e-01   2.2619934e+00
  -3.0762449e+00   5.8518775e-01   2.0954929e+00
  -2.9773634e+00   5.3179161e-01   2.3380633e+00
  -1.8407664e+00   1.9352442e+00   2.6683986e+00
  -3.7476410e+00  -9.0581794e-01   2.9247186e+00
  -2.9537477e+00   8.7577402e-01   1.9620627e+00
  -3.1882978e+00   2.0114242e-01   2.3842128e+00
  -2.9138437e+00   8.6156617e-01   2.0470095e+00
  -2.8874085e+00   2.8272794e-01   2.8399657e+00
