   3.5524102e+00   1.9538286e+01   3.7112923e+00
   2.5667558e+00   2.0084759e+01   2.6867378e+00
   2.0850355e+00   1.9107518e+01   2.2251209e+00
   2.7580762e+00   1.6174280e+01   3.0640468e+00
   2.5025555e+00   2.2122906e+01   2.5767690e+00
   3.1992920e+00   2.2090925e+01   3.2824646e+00
   3.0346578e+00   2.3525981e+01   3.0928568e+00
   2.7135054e+00   2.0314159e+01   2.8298410e+00
   1.6796480e+00   2.2283212e+01   1.7432045e+00
   3.5603931e+00   1.9766158e+01   3.7112932e+00
   2.8056329e+00   2.1688691e+01   2.8915050e+00
   3.6042030e+00   2.1870567e+01   3.6975664e+00
   3.2496015e+00   2.3755423e+01   3.3066820e+00
   2.1535583e+00   1.8338773e+01   2.3225760e+00
   2.2029702e+00   1.6950142e+01   2.4378149e+00
   2.7678434e+00   1.9762117e+01   2.9011234e+00
   2.5852816e+00   2.0195981e+01   2.7025438e+00
   2.5415337e+00   2.1781733e+01   2.6222962e+00
   2.4237024e+00   2.1076008e+01   2.5171088e+00
   4.1044847e+00   2.1597794e+01   4.2124881e+00
   2.0838345e+00   2.0530471e+01   2.1846538e+00
   3.2550308e+00   2.3945364e+01   3.3097098e+00
   3.8278540e+00   2.2786339e+01   3.9062113e+00
   2.4534681e+00   2.2743084e+01   2.5173186e+00
   8.9514536e-01   2.1296556e+01   9.6702354e-01
   3.6069194e+00   2.3341110e+01   3.6734128e+00
   2.3153128e+00   1.8645836e+01   2.4765221e+00
   3.4729857e+00   2.3139529e+01   3.5411632e+00
   3.0754774e+00   2.1757190e+01   3.1635930e+00
   2.3479655e+00   2.3138628e+01   2.4053494e+00
   1.5026720e+00   1.7747379e+01   1.6793764e+00
   2.7283029e+00   1.9920998e+01   2.8559996e+00
   2.3781287e+00   1.9120158e+01   2.5239319e+00
   2.3136429e+00   2.3132721e+01   2.3708174e+00
   2.6138624e+00   2.0947685e+01   2.7128490e+00
   3.6994375e+00   2.0879433e+01   3.8187030e+00
   2.0185100e+00   2.1647319e+01   2.0956932e+00
   2.5816828e+00   2.0563824e+01   2.6893286e+00
   2.3816514e+00   2.3441011e+01   2.4354345e+00
   3.2652277e+00   1.5033066e+01   3.6985650e+00
   2.8117300e+00   1.9052461e+01   2.9698684e+00
   3.6952720e+00   1.8752048e+01   3.8904891e+00
   3.2649168e+00   2.4425242e+01   3.3139404e+00
   2.2257504e+00   1.7326589e+01   2.4416921e+00
   1.6869463e+00   1.7548780e+01   1.8767519e+00
   2.8964372e+00   2.0001983e+01   3.0250382e+00
   3.1649201e+00   1.9618425e+01   3.3114828e+00
   3.0345391e+00   1.9986895e+01   3.1663875e+00
   4.4181251e+00   2.4017052e+01   4.4832072e+00
   2.1119503e+00   1.8591357e+01   2.2704115e+00
   3.7666038e+00   2.4029516e+01   3.8248144e+00
   3.7241270e+00   2.3236279e+01   3.7935583e+00
   3.4271035e+00   2.2585887e+01   3.5040158e+00
   3.0132598e+00   1.9733197e+01   3.1526200e+00
   4.0267315e+00   2.3582162e+01   4.0941046e+00
   1.7029398e+00   1.7963896e+01   1.8757591e+00
   2.7087630e+00   1.6646056e+01   2.9808220e+00
   2.3405832e+00   1.9223149e+01   2.4821646e+00
   3.7853750e+00   2.2131637e+01   3.8759039e+00
   2.7311884e+00   2.2431567e+01   2.8027103e+00
   1.1636181e+00   2.0727265e+01   1.2484839e+00
   4.3254631e+00   2.3085409e+01   4.4049227e+00
   2.2366357e+00   1.8007681e+01   2.4213524e+00
   3.8826771e+00   2.3353960e+01   3.9520246e+00
   3.1879528e+00   2.1146550e+01   3.2912303e+00
   2.6885389e+00   2.1916669e+01   2.7685713e+00
   2.3089279e+00   1.6220960e+01   2.5915056e+00
   3.2305107e+00   2.2948412e+01   3.2990746e+00
   2.3615420e+00   1.6303232e+01   2.6409676e+00
   2.6567264e+00   2.2102288e+01   2.7330343e+00
   2.5037064e+00   1.9931274e+01   2.6268531e+00
   1.4396896e+00   1.7896436e+01   1.6089426e+00
   3.3194476e+00   2.2467662e+01   3.3971469e+00
  -1.2976975e-01   1.3761962e+01   2.3011026e-01
   2.4071616e+00   1.7107027e+01   2.6406068e+00
   1.2317548e-01   1.4252412e+01   4.5447496e-01
   3.2247217e+00   2.1796301e+01   3.3141113e+00
   1.0180177e+00   1.6932782e+01   1.2178445e+00
   2.8759687e+00   2.2242619e+01   2.9523460e+00
   1.9873705e+00   2.2109627e+01   2.0564382e+00
   1.4344372e+00   1.5679825e+01   1.7168643e+00
   2.0986880e+00   2.0234251e+01   2.2068767e+00
   2.1284600e+00   2.0119931e+01   2.2400222e+00
   2.4268244e+00   1.9264531e+01   2.5688629e+00
   2.0854078e+00   1.6278353e+01   2.3551523e+00
   2.6082134e+00   1.9678265e+01   2.7408472e+00
   2.8138295e+00   2.0595245e+01   2.9245263e+00
   2.0181173e+00   2.0867458e+01   2.1105153e+00
   1.6617381e+00   1.9386760e+01   1.7854244e+00
   1.7486774e+00   1.5704011e+01   2.0422121e+00
