  -2.3062023e+00   1.1761294e+01  -1.8522834e+00
  -7.5618130e-01   1.1122749e+01  -1.4181669e-01
  -3.9003770e+00   1.0790960e+01  -3.4026771e+00
  -2.6210441e+00   6.4866463e+00  -1.1721786e+00
  -3.5221022e+00   1.3183511e+01  -3.2245677e+00
  -7.3244354e-01   1.3840162e+01  -4.0242572e-01
  -2.5155897e+00   7.4105993e+00  -1.3253009e+00
  -1.1931661e+00   1.4444173e+01  -9.1957860e-01
  -1.6590049e+00   1.3892007e+01  -1.3625893e+00
  -5.6086904e-01   1.1929024e+01  -3.8939970e-02
  -2.7893398e+00   1.0573743e+01  -2.2195827e+00
  -2.2868231e+00   1.1520618e+01  -1.8065191e+00
  -1.8385062e+00   1.3845612e+01  -1.5440163e+00
  -1.6679371e+00   1.2220027e+01  -1.2338259e+00
  -2.1777982e+00   1.1872468e+01  -1.7300399e+00
  -1.1650928e+00   1.1813597e+01  -6.6364566e-01
  -3.4934323e+00   9.1247973e+00  -2.7478272e+00
  -4.1083433e-01   1.2556390e+01   4.8826783e-02
  -3.1376075e+00   1.0061431e+01  -2.5161755e+00
  -1.1806123e+00   1.0597965e+01  -5.1939571e-01
  -2.3232594e+00   8.8996331e+00  -1.4562135e+00
  -2.8167186e+00   8.4406243e+00  -1.8975650e+00
  -2.1891744e+00   8.5679348e+00  -1.2426489e+00
  -3.0333102e+00   6.2859176e+00  -1.5757437e+00
  -1.4426583e+00   1.2564278e+01  -1.0323105e+00
  -2.8298073e+00   1.1504747e+01  -2.3699576e+00
  -5.1382644e+00   1.2335745e+01  -4.8133625e+00
  -1.8353403e+00   9.3668084e+00  -1.0174452e+00
  -1.8318053e+00   1.0253877e+01  -1.1630168e+00
  -3.9359040e+00   1.1564420e+01  -3.5189227e+00
  -2.9842567e+00   8.5823829e+00  -2.1066996e+00
  -2.7754129e+00   7.8131005e+00  -1.7135955e+00
  -1.7846244e+00   1.2621916e+01  -1.3930573e+00
  -9.9385005e-01   1.1627579e+01  -4.6088035e-01
  -1.1070792e+00   1.0972665e+01  -4.9537588e-01
  -2.5551363e+00   1.3084195e+01  -2.2265498e+00
  -2.6259877e+00   9.6205959e+00  -1.9092326e+00
  -3.8407152e+00   7.3859939e+00  -2.7720644e+00
  -1.2460993e+00   1.2997976e+01  -8.6701667e-01
  -1.3966586e+00   9.6848588e+00  -6.0063618e-01
  -3.4801411e+00   1.1248780e+01  -3.0173158e+00
  -1.2507567e+00   1.0956044e+01  -6.4608219e-01
  -1.2088188e+00   1.6863507e+01  -1.0520798e+00
  -1.1196241e+00   1.2916342e+01  -7.2826379e-01
  -3.5513403e+00   8.7424033e+00  -2.7428353e+00
  -1.9745054e+00   8.1279441e+00  -9.0652838e-01
  -5.1007538e-01   1.2705564e+01  -7.0954990e-02
  -2.2073573e+00   1.2307739e+01  -1.8029627e+00
  -2.0182262e+00   8.9919078e+00  -1.1437794e+00
  -2.0713416e+00   1.3702520e+01  -1.7735576e+00
  -2.1446858e-02   1.4511244e+01   2.8528685e-01
  -2.1363827e+00   1.6594169e+01  -1.9837017e+00
  -3.6295111e+00   1.2511772e+01  -3.2856320e+00
  -2.7704466e+00   1.0731960e+01  -2.2198462e+00
  -1.7071121e+00   1.3333773e+01  -1.3718626e+00
  -4.5538754e+00   9.2583530e+00  -3.8826476e+00
  -4.7675349e+00   5.5869737e+00  -3.2882629e+00
  -2.2893283e+00   1.3583054e+01  -1.9892412e+00
  -5.0259882e+00   6.0439806e+00  -3.7080939e+00
  -2.1534581e+00   9.7367196e+00  -1.4243815e+00
  -1.5637309e+00   1.3704104e+01  -1.2513995e+00
  -9.5864501e-01   1.0871680e+01  -3.2239937e-01
  -3.7381140e+00   1.2189386e+01  -3.3710354e+00
  -2.3036786e+00   1.0278104e+01  -1.6677781e+00
  -2.3294707e+00   1.2281543e+01  -1.9270935e+00
  -1.4499792e+00   1.1113275e+01  -8.7864146e-01
  -2.5606947e+00   1.0488962e+01  -1.9683104e+00
  -1.7243101e+00   9.9537216e+00  -1.0005424e+00
  -2.0517539e+00   1.3053328e+01  -1.7057349e+00
  -1.5128759e+00   1.1591987e+01  -1.0039927e+00
  -2.4891760e+00   1.0574693e+01  -1.9044998e+00
  -3.7946270e+00   1.4178614e+01  -3.5619745e+00
  -1.6472221e+00   1.6051790e+01  -1.4663373e+00
  -1.1780823e+00   1.4400584e+01  -9.0131660e-01
  -1.1424787e+00   1.1927671e+01  -6.5279165e-01
  -2.5743601e-01   1.4037274e+01   7.5319461e-02
  -1.8684156e+00   1.3276353e+01  -1.5339216e+00
  -1.0992416e+00   1.4225868e+01  -8.0879612e-01
  -1.7260516e+00   1.6604307e+01  -1.5678924e+00
  -1.0507368e+00   1.0679311e+01  -3.9251227e-01
  -3.3013845e+00   1.1900367e+01  -2.8965617e+00
  -2.0844977e+00   9.0314784e+00  -1.2234551e+00
  -1.4127731e+00   1.4814387e+01  -1.1669702e+00
  -6.3458203e-01   1.4177920e+01  -3.2590276e-01
  -3.5225230e+00   1.2644308e+01  -3.1862161e+00
  -1.6943881e+00   1.0749986e+01  -1.0888409e+00
  -1.2409955e+00   1.2575208e+01  -8.2314251e-01
  -2.1909394e+00   1.7698698e+01  -2.0730059e+00
  -1.1016612e+00   1.4436068e+01  -8.2496264e-01
  -3.2417743e+00   1.4356593e+01  -3.0091943e+00
