   3.3549378e+00   2.0256890e+01   3.4852297e+00
   2.3038295e+00   1.8370627e+01   2.4753505e+00
   2.0445193e+00   1.5089806e+01   2.3979334e+00
   2.6717801e+00   1.6875458e+01   2.9282405e+00
   2.6568111e+00   2.6483502e+01   2.6845906e+00
   3.0348917e+00   2.1094753e+01   3.1369390e+00
   2.9643974e+00   2.4878740e+01   3.0065352e+00
   2.9090974e+00   2.1004942e+01   3.0112754e+00
   2.2549417e+00   2.2812631e+01   2.3159731e+00
   3.7435779e+00   2.0521699e+01   3.8740881e+00
   2.8209369e+00   2.3460343e+01   2.8781165e+00
   3.4856422e+00   2.1077833e+01   3.5956687e+00
   2.8452104e+00   2.3520018e+01   2.9018172e+00
   2.7226226e+00   1.9559236e+01   2.8613474e+00
   1.6350603e+00   1.4791310e+01   1.9920344e+00
   2.2550619e+00   1.8853697e+01   2.4073431e+00
   2.3374861e+00   2.1641037e+01   2.4184329e+00
   3.0762409e+00   2.2209513e+01   3.1556227e+00
   2.7346256e+00   2.4359498e+01   2.7804900e+00
   4.0319625e+00   2.5524581e+01   4.0750242e+00
   2.8173522e+00   2.5438062e+01   2.8535683e+00
   3.2615512e+00   2.6793293e+01   3.2899302e+00
   3.4522005e+00   2.3081928e+01   3.5210617e+00
   2.7138830e+00   2.0472481e+01   2.8260438e+00
   1.5208336e+00   2.2552647e+01   1.5792759e+00
   3.2606851e+00   2.3352903e+01   3.3234329e+00
   1.8122202e+00   2.2236584e+01   1.8776585e+00
   3.3804461e+00   2.2828334e+01   3.4526302e+00
   2.6785851e+00   2.2640878e+01   2.7461943e+00
   2.8194806e+00   2.4756156e+01   2.8618771e+00
   1.2185565e+00   1.7845973e+01   1.3847501e+00
   2.7973432e+00   2.2974399e+01   2.8610791e+00
   2.3251299e+00   2.0340783e+01   2.4342280e+00
   2.5073334e+00   2.3548696e+01   2.5607794e+00
   2.5838067e+00   1.9978581e+01   2.7070864e+00
   2.6576816e+00   1.5743158e+01   2.9907454e+00
   1.1554681e+00   1.0750071e+01   2.0113612e+00
   2.2797454e+00   2.1974199e+01   2.3540704e+00
   2.6064933e+00   2.5564085e+01   2.6405731e+00
   3.0187089e+00   1.4847887e+01   3.4534579e+00
   3.0954023e+00   2.2587376e+01   3.1683675e+00
   3.7101358e+00   1.9401404e+01   3.8784350e+00
   3.0558607e+00   2.5774032e+01   3.0906251e+00
   2.6952923e+00   2.0614763e+01   2.8035182e+00
   1.5588795e+00   1.7686425e+01   1.7394871e+00
   2.7784640e+00   2.1503830e+01   2.8677121e+00
   2.8223861e+00   2.1522791e+01   2.9118416e+00
   3.1391173e+00   2.0105209e+01   3.2695241e+00
   4.2119500e+00   2.7531795e+01   4.2398780e+00
   2.3114989e+00   2.1529183e+01   2.3942472e+00
   3.9961507e+00   2.6924985e+01   4.0271405e+00
   3.5661406e+00   2.2668248e+01   3.6433065e+00
   3.6338085e+00   2.4090647e+01   3.6899782e+00
   3.1421688e+00   2.1262948e+01   3.2419831e+00
   3.7706147e+00   2.6551894e+01   3.8031624e+00
   2.4759202e+00   2.3867857e+01   2.5253428e+00
   2.3062560e+00   1.6863204e+01   2.5495867e+00
   2.7506896e+00   2.3371086e+01   2.8084398e+00
   3.6464139e+00   2.3625738e+01   3.7090761e+00
   3.1721793e+00   2.4170999e+01   3.2234141e+00
   1.7729713e+00   2.0506859e+01   1.8699678e+00
   4.3252638e+00   2.2879187e+01   4.4086019e+00
   2.9543693e+00   2.1211785e+01   3.0524601e+00
   3.9956350e+00   2.4176424e+01   4.0540644e+00
   3.2621141e+00   2.2924672e+01   3.3313989e+00
   3.3135449e+00   2.2748682e+01   3.3862926e+00
   1.9462673e+00   1.5784609e+01   2.2426827e+00
   3.3436570e+00   2.3628173e+01   3.4033185e+00
   2.3229221e+00   1.9141094e+01   2.4668402e+00
   3.3327224e+00   2.3765739e+01   3.3904191e+00
   3.1889166e+00   2.3016737e+01   3.2559678e+00
   5.1827148e-01   1.6317464e+01   7.3428791e-01
   3.4403672e+00   2.5357251e+01   3.4810197e+00
  -1.0777307e+01  -1.4404970e+00  -6.4493814e+00
   2.3684429e+00   1.6295766e+01   2.6486447e+00
  -1.3496294e+00   1.4973196e+01  -1.1111216e+00
   3.2413838e+00   2.3449041e+01   3.3025681e+00
   1.6909148e+00   2.0325693e+01   1.7909028e+00
   2.6210617e+00   2.6380009e+01   2.6493602e+00
   2.5485530e+00   2.2013759e+01   2.6251835e+00
   1.1078533e+00   1.4820780e+01   1.4374211e+00
   2.2833758e+00   2.0044368e+01   2.3994935e+00
   2.2139939e+00   2.2282670e+01   2.2825536e+00
   2.7479484e+00   2.0763287e+01   2.8533619e+00
   1.8401167e+00   1.5831315e+01   2.1288683e+00
   2.5566126e+00   2.1316642e+01   2.6467347e+00
   2.3990321e+00   2.4065058e+01   2.4457251e+00
   2.5929807e+00   2.2896550e+01   2.6559021e+00
   1.2327109e+00   1.7097646e+01   1.4306412e+00
   1.2233795e+00   1.8224723e+01   1.3757545e+00
