   2.9453261e+00   2.0757586e+01   3.0541244e+00
   2.0418638e+00   1.9684424e+01   2.1637035e+00
   2.5046537e+00   2.2581166e+01   2.5714398e+00
   1.9672615e+00   1.6275177e+01   2.2325897e+00
   2.5624082e+00   2.1374913e+01   2.6514027e+00
   3.0583530e+00   2.1465832e+01   3.1523546e+00
   2.7391934e+00   2.1304924e+01   2.8320817e+00
   2.4396790e+00   1.9723549e+01   2.5676565e+00
   1.4729070e+00   2.1898533e+01   1.5404214e+00
   2.6345314e+00   1.9146137e+01   2.7851433e+00
   2.4323188e+00   2.0249985e+01   2.5455089e+00
   3.3553718e+00   2.0012234e+01   3.4932693e+00
   2.6813597e+00   1.6756503e+01   2.9454002e+00
   1.7664216e-01   1.4663067e+01   4.7997136e-01
   2.4401148e+00   1.8272506e+01   2.6191719e+00
   1.8126329e+00   1.7738086e+01   1.9975553e+00
   1.9683514e+00   1.7327117e+01   2.1763070e+00
   1.2377478e+00   1.8828974e+01   1.3705397e+00
   2.5861359e+00   1.9723603e+01   2.7169496e+00
   2.2592912e+00   2.0270439e+01   2.3691112e+00
   2.4809238e+00   1.7763497e+01   2.6836353e+00
   3.0511585e+00   2.4542630e+01   3.0973065e+00
   3.6195451e+00   2.0720523e+01   3.7416780e+00
   2.5061378e+00   2.4577005e+01   2.5482926e+00
  -2.7757540e-01   1.7806482e+01  -1.3815586e-01
   2.7091250e+00   2.2443267e+01   2.7802163e+00
   1.1873044e+00   2.0086837e+01   1.2859844e+00
   3.3690516e+00   2.0852551e+01   3.4828183e+00
   2.4722737e+00   1.7499004e+01   2.6875264e+00
   1.0421284e+00   2.3587588e+01   1.0853342e+00
   2.1387042e+00   1.6347431e+01   2.4062474e+00
   1.7088051e+00   2.1017022e+01   1.7942618e+00
   2.6970215e+00   1.8006678e+01   2.8950141e+00
   1.1021755e+00   2.2670093e+01   1.1559710e+00
   2.8754166e+00   1.9749776e+01   3.0113052e+00
   2.5717958e+00   2.1297311e+01   2.6625272e+00
   2.5807609e+00   2.0232298e+01   2.6969637e+00
   2.4418917e+00   2.2356170e+01   2.5115858e+00
   1.9583034e+00   2.1710421e+01   2.0337221e+00
   3.2981094e+00   2.0217266e+01   3.4284153e+00
   2.8832468e+00   2.0234657e+01   3.0048605e+00
   3.6980482e+00   1.8495302e+01   3.9053676e+00
   2.3376918e+00   1.6718453e+01   2.5905214e+00
   1.1591867e+00   2.0363256e+01   1.2514294e+00
   2.3566660e+00   1.6654862e+01   2.6139867e+00
   2.0932433e+00   2.1334095e+01   2.1771047e+00
   3.0842169e+00   1.7458759e+01   3.3230706e+00
   1.9170347e+00   1.9773863e+01   2.0342731e+00
   3.9775213e+00   2.3397734e+01   4.0472554e+00
   2.2864962e+00   2.2073304e+01   2.3592123e+00
   3.0138408e+00   2.1132989e+01   3.1146595e+00
   3.2287378e+00   2.2647422e+01   3.3022165e+00
   2.7194598e+00   2.1115430e+01   2.8162148e+00
   3.1453166e+00   2.0689096e+01   3.2593529e+00
   3.2018185e+00   1.8123440e+01   3.4103485e+00
   1.1920773e+00   2.0565070e+01   1.2805086e+00
   2.8447982e+00   1.6927263e+01   3.1050788e+00
   1.8231089e+00   2.1330928e+01   1.9038735e+00
   3.4973923e+00   1.8192463e+01   3.7126275e+00
   1.7193347e+00   2.1305881e+01   1.7993992e+00
  -4.2732394e-01   1.8576272e+01  -3.1248499e-01
   3.3820384e+00   2.2366013e+01   3.4623793e+00
   9.9329910e-01   1.8989443e+01   1.1172081e+00
   3.9745859e+00   2.2561464e+01   4.0591493e+00
   2.8113265e+00   1.8430636e+01   2.9939639e+00
   1.4233695e+00   2.0518287e+01   1.5155679e+00
   2.4738510e+00   1.6907697e+01   2.7208222e+00
   2.2980505e+00   2.1893547e+01   2.3739746e+00
   1.8384475e+00   1.7442335e+01   2.0371953e+00
   1.4544390e+00   2.2041486e+01   1.5196013e+00
   2.1308279e+00   1.6821247e+01   2.3702418e+00
   1.9161860e+00   1.9066392e+01   2.0542245e+00
   3.2485305e+00   1.5735474e+01   3.6150874e+00
  -6.1021007e-01   1.9290478e+01  -5.1470876e-01
   2.7942780e+00   1.9298184e+01   2.9432687e+00
   1.0270064e+00   2.0535438e+01   1.1141382e+00
   3.3141954e+00   1.8457509e+01   3.5106598e+00
  -1.7843514e-01   2.0551589e+01  -1.0348731e-01
   1.6226208e+00   1.7609853e+01   1.8080890e+00
   1.5493802e+00   2.2958631e+01   1.6028084e+00
   1.9757584e+00   1.7081200e+01   2.1961383e+00
   1.1607719e+00   2.0555507e+01   1.2490330e+00
  -8.1955435e-02   1.5369173e+01   1.6797577e-01
   1.3066310e+00   1.9866188e+01   1.4121257e+00
   2.2994079e+00   1.6610990e+01   2.5571450e+00
   2.0348833e+00   2.1190463e+01   2.1208490e+00
   2.6356939e+00   1.8450379e+01   2.8126697e+00
   1.2699421e+00   2.0131765e+01   1.3686825e+00
   1.5641907e+00   1.8631623e+01   1.7094682e+00
   1.0256097e+00   1.5626158e+01   1.2961465e+00
