   6.4735418e-01   1.3653502e+01   1.0536675e+00
  -2.7963445e-01   1.2727976e+01   1.6903256e-01
  -3.0600356e+00   1.1928276e+01  -2.6500853e+00
  -1.5250360e+00   8.1721833e+00  -4.1671414e-01
  -7.0129183e-01   8.6070683e+00   4.0111136e-01
  -2.7351766e+00   1.1872932e+01  -2.3088390e+00
   1.3887689e+00   1.1642138e+01   2.1068894e+00
  -1.5115191e+00   1.7353836e+01  -1.3756061e+00
  -1.1931490e+00   1.3883225e+01  -8.8199405e-01
  -7.6258343e-01   1.1365026e+01  -1.8188011e-01
  -2.2198262e+00   1.5319963e+01  -2.0168750e+00
  -2.1838576e+00   1.2883985e+01  -1.8285089e+00
  -7.5250755e-01   1.8065754e+01  -6.2784610e-01
  -1.8577099e+00   1.1181773e+01  -1.3176402e+00
  -5.3531387e-01   1.1905789e+01  -9.0491075e-03
  -2.0089662e+00   1.5785034e+01  -1.8230463e+00
  -2.9658993e+00   7.4489848e+00  -1.8335089e+00
  -7.3042859e-02   1.2608444e+01   3.9963250e-01
  -3.0683653e+00   1.2291376e+01  -2.6911050e+00
  -7.3273615e-02   1.0414086e+01   7.1125010e-01
  -1.7229617e+00   7.4960923e+00  -4.5785936e-01
  -3.2802532e+00   1.2958873e+01  -2.9614048e+00
  -1.9192723e-01   1.4196780e+01   1.3128618e-01
  -5.4398202e-01   9.2236567e+00   4.3072070e-01
  -1.5361061e+00   1.4732994e+01  -1.2886983e+00
  -8.9939337e-01   1.0328920e+01  -1.7406404e-01
  -5.0235425e+00   9.5076944e+00  -4.4067332e+00
  -4.3980215e-01   9.2395643e+00   5.4373432e-01
  -5.1505878e-01   1.6186429e+01  -3.1796534e-01
  -2.5522674e+00   1.3324076e+01  -2.2410966e+00
  -1.9927671e+00   1.1288321e+01  -1.4724184e+00
  -2.9742113e+00   9.3541636e+00  -2.2356379e+00
  -1.0556951e+00   1.2661974e+01  -6.3802306e-01
  -1.4092717e+00   1.1643541e+01  -9.0101715e-01
  -1.1597592e+00   1.3956570e+01  -8.5273790e-01
  -1.1464200e+00   1.1209650e+01  -5.6946536e-01
  -2.5436678e+00   1.2551023e+01  -2.1722706e+00
  -3.0363589e+00   7.1934202e+00  -1.8450646e+00
  -7.9800633e-01   1.7780034e+01  -6.6552115e-01
  -5.3751513e-01   1.1155199e+01   8.7752291e-02
  -1.6502534e+00   1.6816958e+01  -1.4985430e+00
   9.2388620e-01   1.1967485e+01   1.5472501e+00
   1.6289953e-02   2.0500289e+01   9.3846680e-02
  -1.4419709e+00   1.2017454e+01  -9.7691630e-01
  -3.2075082e-01   1.0691042e+01   3.9313439e-01
  -1.9958957e+00   9.4750288e+00  -1.2104281e+00
  -1.0670137e+00   1.1949090e+01  -5.7579295e-01
  -3.6226948e-01   1.4169144e+01  -4.3340269e-02
  -2.0784175e+00   1.2040755e+01  -1.6435416e+00
  -2.4262686e+00   1.4220123e+01  -2.1699152e+00
  -8.2245097e-01   1.5053480e+01  -5.7514392e-01
  -1.4217374e+00   1.7833487e+01  -1.2989362e+00
  -1.9636980e+00   1.4976174e+01  -1.7389944e+00
  -2.4806651e+00   1.7661662e+01  -2.3646536e+00
  -2.4034537e+00   1.2911970e+01  -2.0571970e+00
  -2.2732938e+00   1.1365696e+01  -1.7751561e+00
  -2.4250875e+00   1.1831932e+01  -1.9831085e+00
  -2.5163210e+00   1.5648218e+01  -2.3328266e+00
  -2.9268955e-01   1.1388782e+01   3.1717633e-01
  -3.8839096e+00   1.8440589e+01  -3.7966560e+00
  -2.6185173e+00   1.4455543e+01  -2.3795291e+00
  -3.1215848e-01   1.1399756e+01   2.9475592e-01
  -3.4140292e+00   1.3744291e+01  -3.1500485e+00
  -1.6389876e+00   1.4908106e+01  -1.4036736e+00
  -1.2561006e+00   1.6879134e+01  -1.1006651e+00
  -1.4456413e+00   1.1351325e+01  -9.0430385e-01
  -2.9622380e+00   9.7420409e+00  -2.2847333e+00
  -4.2855040e+00   6.7971829e+00  -3.1086232e+00
  -1.9780291e+00   1.0973291e+01  -1.4182114e+00
  -1.3372167e+00   1.1757737e+01  -8.3837710e-01
  -2.9401430e+00   1.3218414e+01  -2.6314638e+00
  -5.8552496e-01   1.4931804e+01  -3.2455207e-01
  -8.0014061e-01   1.8857393e+01  -6.9675657e-01
  -1.6483225e+00   1.3571430e+01  -1.3290061e+00
  -7.2861143e-01   1.3446696e+01  -3.6722083e-01
  -4.4471275e-01   1.3579335e+01  -8.2853834e-02
  -1.1976150e+00   1.0995518e+01  -5.9498403e-01
  -1.3267292e+00   1.4845483e+01  -1.0805658e+00
  -9.3837212e-01   1.8479515e+01  -8.2722482e-01
  -2.0194181e+00   9.5510406e+00  -1.2491428e+00
  -2.2908030e+00   1.2284643e+01  -1.8873191e+00
  -2.4729685e+00   9.7231373e+00  -1.7629761e+00
  -4.0323856e+00   5.4459211e+00  -2.4224979e+00
  -1.4299029e-01   1.5170311e+01   1.1679121e-01
  -3.1825283e+00   1.2035057e+01  -2.7862478e+00
  -2.7156210e+00   1.0379155e+01  -2.1164640e+00
   4.1483042e-01   1.6288645e+01   6.2950802e-01
  -4.1193848e+00   1.8746501e+01  -4.0393002e+00
  -4.8274644e-01   1.5564597e+01  -2.5452640e-01
  -2.7577718e+00   1.4448993e+01  -2.5211709e+00
