   1.8139160e-01   1.2896061e+01   6.3768842e-01
  -1.6538927e+00   1.2362032e+01  -1.2330613e+00
  -2.4384410e+00   6.2018654e+00  -8.6629308e-01
  -1.3387908e+00   9.0018002e+00  -4.0269361e-01
   3.4820769e-01   1.4967690e+01   6.3697127e-01
  -9.9463010e-01   1.4864937e+01  -7.4105527e-01
   1.8721272e+00   1.5194357e+01   2.2084572e+00
  -1.9884039e+00   1.6859090e+01  -1.8428022e+00
  -4.7206550e-01   1.5855481e+01  -2.5836221e-01
   1.6711564e-02   1.2554091e+01   5.0059088e-01
  -5.8010232e-01   1.5662948e+01  -3.5938356e-01
  -3.9861701e-01   1.4733867e+01  -1.1970745e-01
  -1.3178855e-01   1.7712869e+01   1.3061386e-02
  -2.0381698e+00   1.2337793e+01  -1.6302526e+00
  -1.3733198e+00   1.2405836e+01  -9.4481779e-01
  -1.1794970e+00   1.4583114e+01  -9.1412127e-01
  -3.5316711e-01   1.5381210e+01  -1.1161279e-01
  -1.5126886e+00   1.4800045e+01  -1.2684956e+00
  -1.5036064e+00   1.5713290e+01  -1.3053837e+00
   7.6142790e-01   1.1938037e+01   1.3753914e+00
  -7.7879374e-02   1.3956810e+01   2.6832422e-01
  -1.1586754e+00   1.4857477e+01  -9.0895926e-01
   3.8041434e-01   1.4633579e+01   6.9357426e-01
  -1.0523698e+00   1.1940924e+01  -5.5945646e-01
   6.3360239e-03   1.5684377e+01   2.4119542e-01
  -9.6040156e-01   1.3614144e+01  -6.2126123e-01
  -1.1865285e+00   1.4987302e+01  -9.4483438e-01
  -1.5359658e-01   1.6367493e+01   4.3352248e-02
  -1.5262021e-01   1.5752315e+01   7.4323580e-02
  -1.9199467e+00   1.5306431e+01  -1.7107755e+00
  -1.5372048e+00   1.1703477e+01  -1.0423349e+00
  -9.5153277e-01   1.0462771e+01  -2.5221510e-01
  -1.6463514e-01   1.5527311e+01   7.4042942e-02
  -6.6863149e-01   1.3217894e+01  -2.8520121e-01
  -1.2729839e+00   1.4145786e+01  -9.8239609e-01
  -1.3133769e+00   1.2513350e+01  -8.9271755e-01
   1.1321691e-01   1.4264634e+01   4.4318532e-01
  -3.0290365e+00   1.0270428e+01  -2.4309447e+00
  -3.7417670e-01   1.6471999e+01  -1.8668929e-01
  -6.5876157e-01   1.1118001e+01  -3.6877995e-02
   2.1685717e-01   1.6737453e+01   4.0580916e-01
   8.9111959e-01   1.4085403e+01   1.2707166e+00
   7.8762340e-01   1.9412603e+01   8.9707845e-01
  -1.2919070e+00   1.3950549e+01  -9.8859977e-01
  -7.4948982e-01   1.1761979e+01  -2.1859432e-01
  -1.2144914e+00   1.0964179e+01  -6.0861366e-01
   5.4208278e-01   1.8695266e+01   6.6729803e-01
  -4.5194382e+00   1.8546559e+01  -4.4376757e+00
   1.8583418e+00   1.5864732e+01   2.1456161e+00
  -2.5388756e+00   1.5775881e+01  -2.3610057e+00
   8.2713488e-01   1.5918901e+01   1.0734726e+00
  -5.0229447e-01   1.9998007e+01  -4.2018365e-01
  -4.4424283e-01   1.4971624e+01  -1.8153782e-01
  -1.2044200e+00   1.8269853e+01  -1.0909158e+00
   8.9086021e-01   1.8394812e+01   1.0311126e+00
  -3.8796891e+00   1.8460591e+01  -3.7928100e+00
  -1.0572598e+00   1.2101111e+01  -5.8236292e-01
  -1.3391315e+00   1.5251725e+01  -1.1151529e+00
   2.7792925e-01   1.1486148e+01   9.1784590e-01
  -2.2533190e+00   2.0943434e+01  -2.1976572e+00
  -1.5202461e+00   1.4298615e+01  -1.2465141e+00
  -7.0583771e-02   1.2978046e+01   3.6360649e-01
  -1.8057099e+00   1.5368215e+01  -1.5972763e+00
  -4.4809409e-01   1.5726255e+01  -2.2735153e-01
  -6.3601674e-01   1.7096244e+01  -4.7824720e-01
  -1.6040668e+00   1.3239342e+01  -1.2580467e+00
  -2.8403935e+00   9.9366828e+00  -2.1852795e+00
  -1.7332348e+00   1.1235379e+01  -1.1932023e+00
  -1.3233191e+00   1.2767297e+01  -9.2682606e-01
  -9.9537362e-01   1.5414588e+01  -7.7188698e-01
   3.9195544e-01   1.5250254e+01   6.6396448e-01
  -1.3667138e+00   1.8486325e+01  -1.2604483e+00
  -2.1098613e+00   1.8589469e+01  -2.0130500e+00
  -1.8313527e+00   1.5862341e+01  -1.6456884e+00
  -1.2251273e+00   1.2311995e+01  -7.8057772e-01
  -9.1430453e-01   1.4248193e+01  -6.1965838e-01
   1.4260398e+00   2.0145792e+01   1.5265477e+00
  -9.5145579e-01   1.9359194e+01  -8.6079002e-01
   2.7622561e-01   1.7749817e+01   4.2693717e-01
  -2.3989905e+00   1.2412194e+01  -2.0108080e+00
  -1.7173114e-01   1.0313236e+01   6.2152146e-01
  -7.0891754e+00   6.6660087e+00  -6.0548252e+00
   6.3113014e-01   1.7862103e+01   7.8455902e-01
  -1.6245150e+00   1.7432480e+01  -1.4924756e+00
  -2.4950083e+00   1.2228375e+01  -2.0936174e+00
  -1.5974267e+00   1.3095657e+01  -1.2396086e+00
   1.6142362e+00   1.9546327e+01   1.7326669e+00
  -3.0314649e+00   2.0923345e+01  -2.9789888e+00
   2.1310484e-01   1.5482138e+01   4.6534702e-01
  -3.1046347e+00   1.6486523e+01  -2.9602045e+00
