  -2.3917845e+00   1.0534198e+01  -1.7965479e+00
   2.4218691e-01   1.4362719e+01   5.6989170e-01
  -1.2479061e+00   7.8472508e+00  -1.6951682e-02
  -1.1497233e+00   9.5787113e+00  -3.1207008e-01
  -9.5344875e-01   1.3669976e+01  -6.1837823e-01
   3.3029429e-01   1.8434353e+01   4.5985879e-01
   1.6262177e-01   1.3808828e+01   5.3138220e-01
  -8.4612033e-01   1.6782268e+01  -6.8031980e-01
  -4.8132634e-01   1.6517353e+01  -2.9799532e-01
   4.2793342e-01   1.3535749e+01   8.3388699e-01
   1.7695386e+00   1.5477422e+01   2.0798445e+00
   6.6218370e-01   2.0587704e+01   7.4435864e-01
  -5.0735197e-01   1.3891254e+01  -1.7292594e-01
   1.3780883e-01   1.1019814e+01   8.3808850e-01
  -7.2020832e-01   1.2213294e+01  -2.4001174e-01
   5.8445550e-01   1.6117631e+01   8.1255361e-01
  -1.6060105e+00   1.1995382e+01  -1.1462375e+00
   3.7537766e-01   1.4017240e+01   7.3619911e-01
  -2.3360300e-01   1.3483158e+01   1.4548623e-01
   9.0386136e-01   1.3315409e+01   1.3583863e+00
   6.8121511e-01   1.6023588e+01   9.1719752e-01
  -1.2256575e-01   1.8732270e+01  -7.8966068e-03
   7.8770658e-01   1.2159196e+01   1.3729745e+00
  -2.5765987e+00   1.3696073e+01  -2.2913403e+00
   2.6466492e-01   1.5369957e+01   5.2514832e-01
  -4.5078450e-01   1.7832689e+01  -3.1486750e-01
   6.5421413e-01   1.7335918e+01   8.2794393e-01
   1.1682001e+00   1.7759200e+01   1.3366222e+00
   6.7571520e-01   1.5007551e+01   9.7389888e-01
  -1.2827056e+00   1.2180969e+01  -8.2735031e-01
  -4.7984663e-01   1.2143964e+01   2.1555008e-02
   6.6952211e-01   1.2895145e+01   1.1552349e+00
   2.5651220e-01   1.6891838e+01   4.3973532e-01
   6.0141073e-01   1.3508810e+01   1.0190667e+00
  -9.4635891e-02   1.5590843e+01   1.4250297e-01
  -7.2123152e-01   1.3982060e+01  -4.0140666e-01
  -1.3135174e-01   1.5108457e+01   1.3251509e-01
  -1.9363806e+00   1.3174630e+01  -1.5961968e+00
  -1.0894684e-01   1.4139558e+01   2.2176346e-01
  -1.0405282e-01   1.2527026e+01   3.7578509e-01
   9.4354691e-01   1.2474123e+01   1.4990924e+00
   3.5628905e-01   1.4147954e+01   7.0554802e-01
   6.9044492e-01   1.7494707e+01   8.5869588e-01
  -1.0905530e+00   1.4675378e+01  -8.2833967e-01
  -2.2825222e+00   1.2436763e+01  -1.8924958e+00
  -5.9662569e-01   1.6028994e+01  -3.9409489e-01
  -2.0138661e-01   1.3034157e+01   2.2059979e-01
   1.0889536e+00   1.5469693e+01   1.3718388e+00
   1.9465175e+00   1.4513250e+01   2.3449002e+00
  -1.3600261e+00   1.9322754e+01  -1.2722911e+00
   1.4191016e+00   1.5396900e+01   1.7200226e+00
   2.8375879e-01   2.1054652e+01   3.5421078e-01
   1.6464341e+00   1.5432860e+01   1.9545135e+00
  -1.9741850e-01   2.0466037e+01  -1.2114452e-01
   1.3859674e+00   1.7156304e+01   1.5853274e+00
  -1.1303914e+00   1.7608767e+01  -9.9726715e-01
  -5.4052566e-01   1.1336484e+01   5.8996026e-02
   8.2068471e-03   2.0489168e+01   8.5889356e-02
   9.9321106e-02   1.3329456e+01   5.0803269e-01
   5.3537535e-01   1.9987878e+01   6.2825532e-01
  -5.0307624e-01   1.4210790e+01  -1.9219458e-01
  -2.2683857e-01   1.3158190e+01   1.8203433e-01
  -3.2098879e-02   1.5244806e+01   2.2661057e-01
   5.4164778e-01   1.7898125e+01   6.9211425e-01
  -5.9463275e-02   1.6568843e+01   1.3063197e-01
  -6.5903710e-01   1.4175057e+01  -3.5098781e-01
  -1.0740643e+01   7.2874242e+00  -9.9281236e+00
   4.6676274e-01   1.3754803e+01   8.5457943e-01
  -3.3838926e-01   1.6190878e+01  -1.3756192e-01
  -4.6193021e-01   1.6682995e+01  -2.8507324e-01
   1.5625323e+00   1.7968146e+01   1.7318392e+00
   9.6466046e-01   2.1254961e+01   1.0378821e+00
   4.7391864e-01   1.7309663e+01   6.4480663e-01
  -4.7991931e-01   1.6194169e+01  -2.8240728e-01
   2.5107781e-01   1.2669006e+01   7.3614261e-01
   1.3697796e-01   1.8200316e+01   2.7058371e-01
   2.3320967e-01   1.1602437e+01   8.5258225e-01
  -1.5045643e+00   1.5272899e+01  -1.2852901e+00
   1.2473754e+00   1.9480716e+01   1.3617724e+00
  -5.3249591e-02   1.6658118e+01   1.3311257e-01
  -3.9020328e-01   1.2491181e+01   7.7524836e-02
  -4.0814783e+00   1.0963260e+01  -3.6087067e+00
   7.9674893e-01   1.9127194e+01   9.1378457e-01
  -2.4525744e+00   1.7675509e+01  -2.3366564e+00
  -7.3545886e-01   1.2475139e+01  -2.8405613e-01
  -4.0106567e-01   2.1946311e+01  -3.4804126e-01
   1.8431457e+00   1.8500661e+01   1.9988432e+00
  -2.6982700e+00   2.1476768e+01  -2.6508305e+00
  -1.5382215e+00   1.0224153e+01  -8.4467305e-01
  -3.4576253e-02   1.6475771e+01   1.6020441e-01
