   2.8863294e+00   2.1403256e+01   2.9791955e+00
   1.7185641e+00   1.9568624e+01   1.8381057e+00
   3.1295779e+00   2.0770766e+01   3.2412038e+00
   2.2679466e+00   1.8709850e+01   2.4256796e+00
   2.3818782e+00   2.0406198e+01   2.4902426e+00
   3.0865146e+00   2.2641619e+01   3.1584719e+00
   2.1302533e+00   2.0578049e+01   2.2306406e+00
   3.4034178e+00   1.9623681e+01   3.5554750e+00
   1.9416061e+00   2.2073315e+01   2.0108042e+00
   2.6255861e+00   1.9177360e+01   2.7749109e+00
   2.4737404e+00   2.2136168e+01   2.5474112e+00
   3.8040690e+00   2.0898048e+01   3.9248798e+00
   2.4907080e+00   1.8723306e+01   2.6532435e+00
   2.1142090e+00   1.8384501e+01   2.2804920e+00
   2.5057252e+00   1.9399923e+01   2.6450160e+00
   1.3976887e+00   1.8602692e+01   1.5406459e+00
   1.9137426e+00   1.6109926e+01   2.1873099e+00
   1.8162680e+00   1.9725272e+01   1.9331523e+00
   3.2637839e+00   2.0232501e+01   3.3929241e+00
   2.8950366e+00   2.1628809e+01   2.9833051e+00
   2.5640407e+00   2.1146115e+01   2.6578875e+00
   3.3065715e+00   2.6565905e+01   3.3366903e+00
   2.5614266e+00   1.8883956e+01   2.7197031e+00
   3.9191831e+00   2.3694776e+01   3.9836670e+00
   9.1909042e-01   1.7700082e+01   1.0843284e+00
   2.7646995e+00   2.3335713e+01   2.8230468e+00
   2.5876802e+00   2.0923007e+01   2.6868417e+00
   4.2050722e+00   2.1835623e+01   4.3090353e+00
   2.7928870e+00   1.9302310e+01   2.9417036e+00
   2.2940637e+00   2.2145864e+01   2.3656514e+00
   2.7145831e+00   1.8268963e+01   2.9013953e+00
   2.1067418e+00   2.1994862e+01   2.1788831e+00
   2.2655275e+00   1.5834591e+01   2.5726549e+00
   2.2527336e+00   2.4550874e+01   2.2935966e+00
   3.0289589e+00   2.1625256e+01   3.1191471e+00
   3.4943332e+00   2.0336205e+01   3.6251517e+00
   2.9087717e+00   1.8679189e+01   3.0838046e+00
   4.0343322e+00   2.1732629e+01   4.1377937e+00
   2.7014305e+00   2.1466685e+01   2.7904009e+00
   3.2568323e+00   1.8452775e+01   3.4517125e+00
   3.1632461e+00   2.4339018e+01   3.2124639e+00
   3.8714440e+00   1.8252657e+01   4.0972302e+00
   3.0937463e+00   1.9391868e+01   3.2464843e+00
   2.0939927e+00   1.8676050e+01   2.2489756e+00
   2.9652264e+00   1.7702339e+01   3.1867351e+00
   1.9839389e+00   2.0974948e+01   2.0736341e+00
   2.8577008e+00   1.7506066e+01   3.0856773e+00
   2.3863200e+00   1.8580442e+01   2.5517207e+00
   3.3768004e+00   2.2451266e+01   3.4555085e+00
   3.2934620e+00   2.2201603e+01   3.3757481e+00
   2.8742756e+00   1.8921738e+01   3.0388577e+00
   2.9004330e+00   2.2431243e+01   2.9738300e+00
   3.3602893e+00   2.2662126e+01   3.4350586e+00
   3.7676731e+00   2.1527599e+01   3.8714763e+00
   3.4528436e+00   1.8436065e+01   3.6547604e+00
   2.0141337e+00   2.1343928e+01   2.0968624e+00
   3.2337050e+00   1.8423403e+01   3.4291950e+00
   1.4150028e+00   2.2009883e+01   1.4802932e+00
   3.0884396e+00   1.7670397e+01   3.3159782e+00
   2.1184531e+00   2.1760419e+01   2.1947327e+00
   1.7513261e+00   1.8731659e+01   1.8970300e+00
   3.0714570e+00   2.2590697e+01   3.1440950e+00
   2.7340784e+00   2.0722267e+01   2.8402718e+00
   4.5940708e+00   2.3998500e+01   4.6614327e+00
   2.9178654e+00   1.7970208e+01   3.1244787e+00
   2.5222351e+00   2.0230912e+01   2.6374592e+00
   3.0773302e+00   1.7922271e+01   3.2915574e+00
   1.9610277e+00   2.0456462e+01   2.0617979e+00
   2.2020119e+00   1.6649099e+01   2.4538078e+00
   2.4250219e+00   2.1675008e+01   2.5063787e+00
   3.0135419e+00   2.1508547e+01   3.1059740e+00
   2.5527511e+00   2.3011683e+01   2.6136560e+00
   3.2516103e+00   1.9123003e+01   3.4182833e+00
   1.1277196e+00   2.2966074e+01   1.1781362e+00
   3.3786090e+00   1.9826162e+01   3.5231182e+00
   8.9130818e-01   2.2070266e+01   9.5141861e-01
   2.9222400e+00   1.7715209e+01   3.1416053e+00
   1.6687905e+00   2.2356844e+01   1.7311834e+00
   2.5591116e+00   1.9307312e+01   2.7025648e+00
   1.7966758e+00   2.0248484e+01   1.8999752e+00
   1.9219762e+00   1.8317227e+01   2.0862519e+00
   1.5122863e+00   1.9503241e+01   1.6302357e+00
   1.9807307e+00   1.6309073e+01   2.2444963e+00
   1.5516702e+00   1.9941724e+01   1.6588436e+00
   2.7033877e+00   1.8698446e+01   2.8722122e+00
   2.1662046e+00   2.1425357e+01   2.2491864e+00
   2.0912261e+00   1.7260007e+01   2.3062381e+00
   1.9674329e+00   2.0107211e+01   2.0767658e+00
   1.4044587e+00   1.6933512e+01   1.6148882e+00
   1.5338088e+00   1.7953403e+01   1.7030211e+00
