   3.1547236e+00   2.1002107e+01   3.2609524e+00
   1.0279106e+00   1.8855563e+01   1.1562839e+00
   8.3373534e-01   1.6270168e+01   1.0610708e+00
   3.6459792e-01   1.0468164e+01   1.1842081e+00
   2.2449472e+00   1.7647012e+01   2.4460042e+00
   1.5234665e+00   2.0252988e+01   1.6228274e+00
   1.7269437e+00   2.2009735e+01   1.7950823e+00
   2.6884604e+00   2.2503080e+01   2.7583585e+00
   2.2070985e+00   2.0578770e+01   2.3085935e+00
   1.8988643e+00   2.3022203e+01   1.9541272e+00
   1.7360505e+00   1.6388854e+01   1.9860428e+00
   9.3596917e-01   2.2031581e+01   9.9696577e-01
   2.4550581e+00   2.1403309e+01   2.5420681e+00
   1.7130420e+00   2.2902894e+01   1.7683914e+00
   1.7296372e+00   1.3151436e+01   2.2598112e+00
   1.1157562e+00   2.3430552e+01   1.1609848e+00
   1.3660375e+00   2.4856668e+01   1.3996936e+00
   2.2525270e+00   2.3332036e+01   2.3066488e+00
   1.7865782e+00   1.8381123e+01   1.9453631e+00
   1.6992083e+00   2.2963946e+01   1.7536798e+00
   1.2380679e+00   9.5558258e+00   2.3863790e+00
  -5.0974080e-01   2.5562625e+01  -4.8695069e-01
   1.3495881e+00   1.9258104e+01   1.4716762e+00
   1.7885214e+00   2.2188921e+01   1.8544643e+00
   1.2860120e+00   1.9897642e+01   1.3904555e+00
   1.3950433e+00   2.3631435e+01   1.4398518e+00
   2.1040901e+00   1.8865240e+01   2.2526557e+00
   1.0010308e+00   2.0386632e+01   1.0909001e+00
   2.2684973e+00   1.9145263e+01   2.4111289e+00
   1.4966527e+00   2.3930049e+01   1.5390582e+00
   1.5238509e+00   1.3862122e+01   1.9599407e+00
   1.7505646e+00   2.1492245e+01   1.8275939e+00
   1.5882866e+00   1.9310707e+01   1.7128910e+00
   2.1659193e+00   2.5399264e+01   2.1991054e+00
   7.9701243e-02   6.9186862e+00   1.8910408e+00
  -8.9056088e-01   2.0455146e+01  -8.1965248e-01
   2.8649190e-01   1.1128806e+01   9.8242228e-01
   7.8939235e-01   1.8939981e+01   9.1147624e-01
   9.9463370e-01   2.2143782e+01   1.0545241e+00
   2.2759718e+00   1.6664605e+01   2.5296330e+00
   1.2257529e+00   1.4127648e+01   1.6190221e+00
   6.1676054e-01   1.8815591e+01   7.3968878e-01
   1.8427358e+00   2.1601597e+01   1.9188206e+00
   1.6848925e+00   2.1576457e+01   1.7597544e+00
   6.5901807e-01   1.2792099e+01   1.1557843e+00
   6.6453881e-01   1.7939874e+01   8.1587574e-01
   1.6421441e+00   1.9925271e+01   1.7510745e+00
   2.4382548e+00   2.3131488e+01   2.4965016e+00
   2.9251145e+00   2.1118211e+01   3.0248982e+00
   2.1809837e+00   2.4665825e+01   2.2203675e+00
   1.5924391e+00   1.9338803e+01   1.7163088e+00
   2.0484460e+00   2.3272613e+01   2.1017260e+00
   1.0305655e+00   1.6368427e+01   1.2585963e+00
   1.5453324e+00   2.3238235e+01   1.5953981e+00
   2.7567833e+00   2.1764950e+01   2.8405309e+00
   1.1843168e+00   2.3413717e+01   1.2301307e+00
   1.7423504e+00   1.4009148e+01   2.1771993e+00
   1.1355413e+00   2.3879603e+01   1.1764298e+00
   2.3242216e+00   2.0031357e+01   2.4413901e+00
   1.9975350e+00   2.4436541e+01   2.0379816e+00
   9.1644917e-01   1.9226727e+01   1.0325975e+00
   2.2405942e+00   2.3472245e+01   2.2929032e+00
   2.2630191e-01   1.3044960e+01   6.6963914e-01
   2.0460539e+00   2.3894939e+01   2.0921963e+00
   1.9202452e+00   1.9056209e+01   2.0586889e+00
   2.4187408e+00   2.5875656e+01   2.4495891e+00
   1.4539763e+00   1.2801529e+01   2.0067614e+00
   2.1277972e+00   2.3392724e+01   2.1802138e+00
   1.1360364e+00   2.2013011e+01   1.1989052e+00
   2.6259060e+00   2.4192283e+01   2.6728007e+00
   2.3053052e+00   1.6936204e+01   2.5445150e+00
   6.4620273e-01   1.8986270e+01   7.6482478e-01
   1.7894667e+00   2.1923606e+01   1.8595799e+00
   8.3196481e-01   1.9127384e+01   9.4952242e-01
   1.7756301e+00   1.3603714e+01   2.2559040e+00
   6.9377300e-01   2.1780210e+01   7.5645215e-01
   2.0821057e+00   2.0798755e+01   2.1768458e+00
   2.0621171e+00   2.3139786e+01   2.1171616e+00
   2.4542316e+00   2.0135879e+01   2.5708256e+00
   1.3773248e+00   2.1383338e+01   1.4523806e+00
   1.2548589e+00   1.4174125e+01   1.6454705e+00
  -2.7026599e-01   2.0418214e+01  -1.9377997e-01
   1.5063417e+00   1.9676168e+01   1.6195840e+00
   1.2743847e+00   2.0999375e+01   1.3552673e+00
   1.8853950e+00   1.4306163e+01   2.2997291e+00
   1.2178003e+00   2.3190300e+01   1.2662477e+00
   1.3366271e+00   1.8354311e+01   1.4867768e+00
   2.5931839e+00   2.5414670e+01   2.6283879e+00
   1.3541282e+00   2.2241743e+01   1.4155163e+00
   1.5028956e+00   2.1875269e+01   1.5710499e+00
