   2.2207195e+00   2.6734861e+01   2.2453070e+00
   2.4173633e+00   2.0641390e+01   2.5205367e+00
  -1.9286961e-01   1.0278567e+01   6.0467614e-01
   2.8908969e-01   1.4409676e+01   6.1514209e-01
   1.3671283e+00   2.4545562e+01   1.4032907e+00
   4.0380191e+00   2.4855472e+01   4.0883223e+00
   1.5617969e+00   2.0141145e+01   1.6642921e+00
   3.3604917e+00   2.3490268e+01   3.4222479e+00
   1.2029728e-02   2.0113318e+01   9.6772779e-02
   3.1430499e+00   1.9896287e+01   3.2800044e+00
   1.3233859e+00   2.1050721e+01   1.4038409e+00
   1.9732396e+00   2.1175305e+01   2.0587513e+00
   2.6107129e+00   2.3394566e+01   2.6669533e+00
   3.3011414e+00   2.0266558e+01   3.4300308e+00
   1.4762697e+00   1.3398947e+01   1.9587283e+00
   1.1506174e+00   1.8914514e+01   1.2793153e+00
   1.6771241e+00   2.0636683e+01   1.7700099e+00
   3.8626877e+00   2.3809010e+01   3.9249108e+00
   1.7522130e+00   2.2546648e+01   1.8126281e+00
   3.1474833e+00   1.9194638e+01   3.3087244e+00
   1.9494474e+00   2.2074976e+01   2.0186958e+00
   3.7643138e+00   2.3976379e+01   3.8232209e+00
   2.0364852e+00   1.9877947e+01   2.1529077e+00
   3.4170126e+00   1.8017992e+01   3.6382472e+00
   1.0712750e+00   2.1662647e+01   1.1388571e+00
   2.9183428e+00   2.1704801e+01   3.0053867e+00
   5.4680857e-01   1.6419647e+01   7.5854764e-01
   1.4070160e+00   1.9016380e+01   1.5371157e+00
   2.2197868e+00   2.1384130e+01   2.3042154e+00
   3.6318614e+00   2.2213787e+01   3.7184897e+00
   1.0836374e+00   1.6971115e+01   1.2834257e+00
   2.6539278e+00   1.9827186e+01   2.7829595e+00
   1.4118697e+00   2.0627790e+01   1.5016290e+00
   2.6281469e+00   2.3411801e+01   2.6843106e+00
   2.3684980e+00   2.4631461e+01   2.4092913e+00
   3.5557337e+00   2.3481788e+01   3.6195723e+00
   1.2702893e+00   2.1178417e+01   1.3478585e+00
   2.8992157e+00   2.2121250e+01   2.9780446e+00
  -3.6586499e-01   1.9895608e+01  -2.8051967e-01
   3.5628759e+00   2.1473366e+01   3.6645401e+00
   1.6945615e+00   1.5213298e+01   2.0209700e+00
   1.7389555e+00   1.9308500e+01   1.8662603e+00
   2.5081065e+00   2.4668543e+01   2.5493930e+00
   3.3918884e+00   2.2812352e+01   3.4644716e+00
   1.1374542e+00   1.8129127e+01   1.2914591e+00
   1.4717438e+00   2.0236212e+01   1.5707892e+00
   1.7228012e+00   2.0620929e+01   1.8166185e+00
   3.0892114e+00   2.1863868e+01   3.1753658e+00
   2.5323869e+00   2.1379812e+01   2.6208827e+00
   3.0718645e+00   2.1923125e+01   3.1566180e+00
   2.6047314e+00   2.0622479e+01   2.7112966e+00
   2.7726289e+00   2.2455025e+01   2.8442131e+00
   1.2295665e+00   1.5564068e+01   1.5116342e+00
   2.3231064e+00   2.1367059e+01   2.4091567e+00
   2.7140613e+00   1.9119388e+01   2.8674537e+00
   2.8995463e+00   2.1721731e+01   2.9860001e+00
   1.7140085e+00   1.6204774e+01   1.9740805e+00
   1.6691763e+00   2.0078525e+01   1.7747153e+00
   2.1947100e+00   2.1602574e+01   2.2746956e+00
   3.8390933e+00   2.3189396e+01   3.9106136e+00
   7.3248114e-01   2.1565169e+01   7.9866476e-01
   4.0946479e+00   2.3443561e+01   4.1650056e+00
   2.7362610e-01   1.4151482e+01   6.1903613e-01
   3.3756361e+00   2.3587624e+01   3.4361650e+00
   2.6054643e+00   2.3433412e+01   2.6611592e+00
   4.4862420e+00   2.5022196e+01   4.5384422e+00
   1.1733233e+00   1.4879893e+01   1.5013001e+00
   2.9707473e+00   2.3197463e+01   3.0329138e+00
   1.3482394e+00   2.0590253e+01   1.4380066e+00
   4.2210512e+00   2.6743293e+01   4.2546001e+00
   2.0983656e+00   2.3443942e+01   2.1499485e+00
   9.9287820e-01   1.5530143e+01   1.2682913e+00
   3.0992238e+00   2.3685096e+01   3.1558894e+00
   1.5690312e+00   1.5669948e+01   1.8574655e+00
   1.5698359e+00   1.6252603e+01   1.8218757e+00
   5.0575082e-01   1.4733807e+01   8.1659656e-01
   2.3896653e+00   2.1982530e+01   2.4650527e+00
   1.5893368e+00   2.0745674e+01   1.6788255e+00
   1.7025808e+00   1.7511676e+01   1.8944429e+00
   2.4132921e+00   2.1082003e+01   2.5064257e+00
   1.2542246e+00   1.3867971e+01   1.6735699e+00
   4.7454512e-01   1.8817508e+01   5.9526975e-01
   2.1035100e+00   2.0374499e+01   2.2083235e+00
   2.5747081e+00   2.2929662e+01   2.6369802e+00
   1.2099905e+00   1.2881155e+01   1.7342355e+00
   1.4151143e+00   2.4387804e+01   1.4528572e+00
   1.6008062e+00   2.3635187e+01   1.6468418e+00
   4.2104504e+00   2.5847130e+01   4.2516314e+00
   1.2601963e+00   2.2839300e+01   1.3130208e+00
   2.4056669e+00   2.2788579e+01   2.4684065e+00
