   1.5264559e+00   1.9872787e+01   1.6349725e+00
   1.4170204e+00   1.8176212e+01   1.5751899e+00
   7.3147170e-01   1.5298660e+01   1.0122664e+00
   2.4844699e+00   1.8793158e+01   2.6442486e+00
   1.1440065e+00   1.7758267e+01   1.3119240e+00
   1.9469467e+00   2.2434800e+01   2.0106572e+00
   2.1589742e-01   1.4060650e+01   5.6612332e-01
   1.6126298e+00   1.9900648e+01   1.7217352e+00
   1.3195870e+00   1.9605937e+01   1.4318048e+00
   1.7589845e+00   1.8354506e+01   1.9181296e+00
   8.6807905e-01   1.6880441e+01   1.0664150e+00
   2.2438924e+00   2.0586131e+01   2.3457597e+00
   8.0297376e-01   1.9500354e+01   9.1044640e-01
   4.1489004e-01   1.7643462e+01   5.7197330e-01
   5.9947046e-01   1.9172403e+01   7.1244864e-01
   4.3826392e-01   1.7132625e+01   6.1548865e-01
   5.6272899e-01   1.6514255e+01   7.7031091e-01
   7.7396073e-01   2.0957781e+01   8.5048641e-01
   1.2754687e+00   1.5787787e+01   1.5449779e+00
   2.6121731e+00   2.0919048e+01   2.7117915e+00
   1.7362561e+00   1.7718098e+01   1.9200412e+00
   1.5739644e+00   1.9180634e+01   1.7021146e+00
   8.7854652e-01   1.4542868e+01   1.2194327e+00
   1.3886275e+00   2.0631734e+01   1.4780243e+00
   2.0394437e+00   2.0166915e+01   2.1483957e+00
   1.9078441e+00   1.9815933e+01   2.0237975e+00
   1.3610873e+00   1.7107830e+01   1.5620114e+00
   1.9160497e+00   1.9346221e+01   2.0454428e+00
   1.1210892e+00   1.9918834e+01   1.2227760e+00
   4.7099338e-01   2.0117764e+01   5.6042337e-01
   1.0387979e+00   1.9180227e+01   1.1580776e+00
   4.6772636e-01   1.9664030e+01   5.6697231e-01
   1.1514446e+00   1.6785783e+01   1.3618623e+00
   6.3808407e-01   1.9541960e+01   7.4233891e-01
   1.9590096e+00   1.8284530e+01   2.1254120e+00
   1.8656036e+00   1.4636975e+01   2.2481144e+00
   1.1117471e+00   1.4594384e+01   1.4592414e+00
   1.7228134e+00   1.5019753e+01   2.0656077e+00
   2.1485608e+00   2.0424234e+01   2.2528539e+00
   2.1844641e+00   1.5059841e+01   2.5478339e+00
   1.5053047e+00   1.7629486e+01   1.6869563e+00
   2.4331443e+00   1.4702415e+01   2.8432851e+00
   1.4752386e+00   2.1366258e+01   1.5515936e+00
   6.5613366e-01   1.5434765e+01   9.2561962e-01
   1.3876269e+00   1.9751912e+01   1.4971265e+00
   7.2214777e-01   1.5357649e+01   9.9880909e-01
   1.3728683e+00   1.8194955e+01   1.5294123e+00
   9.1213151e-01   1.4613122e+01   1.2490110e+00
   1.1116068e+00   1.3956793e+01   1.5144424e+00
   1.7799234e+00   2.2569735e+01   1.8402499e+00
   2.1768153e+00   1.9145458e+01   2.3175396e+00
   2.2725763e+00   2.3521835e+01   2.3245313e+00
   1.6054697e+00   1.7385470e+01   1.8003498e+00
   2.4100957e+00   2.3137689e+01   2.4680182e+00
   1.4698371e+00   2.0027436e+01   1.5737434e+00
   7.5483341e-01   2.2113738e+01   8.1332320e-01
   1.2898391e+00   1.9490837e+01   1.4046185e+00
   7.9059022e-01   2.2719964e+01   8.4168549e-01
   1.5433238e+00   1.7056672e+01   1.7517945e+00
   9.4151303e-01   2.2694132e+01   9.9391060e-01
   2.1638194e+00   2.0150401e+01   2.2751680e+00
   2.1372491e+00   2.0534320e+01   2.2387579e+00
   1.5380002e+00   1.7200925e+01   1.7394813e+00
   2.3421444e+00   2.0014495e+01   2.4600813e+00
   1.3813016e+00   2.0366222e+01   1.4762507e+00
   6.9197625e-01   2.1016059e+01   7.6670566e-01
   1.1382208e+00   1.9307700e+01   1.2555656e+00
   7.5988885e-01   1.8995357e+01   8.7997259e-01
   1.3580843e+00   1.7353939e+01   1.5478202e+00
   9.2288336e-01   2.0609457e+01   1.0073957e+00
   1.3222295e+00   1.7615881e+01   1.4999556e+00
   2.4378298e+00   2.1080104e+01   2.5313434e+00
   1.1827356e+00   1.9411542e+01   1.2979788e+00
   7.9083059e-01   2.0001711e+01   8.8642524e-01
   1.1156019e+00   1.9453631e+01   1.2287247e+00
   7.6098892e-01   2.0815739e+01   8.3993149e-01
   1.1776559e+00   1.6990617e+01   1.3790503e+00
   9.0181094e-01   2.1405045e+01   9.7197410e-01
   4.0128266e-01   1.9771425e+01   4.9731965e-01
   6.2463026e-01   1.7533502e+01   7.9000273e-01
   2.5069003e-01   1.8976450e+01   3.6394901e-01
   5.3813883e-01   1.7037769e+01   7.2154285e-01
   4.2271330e-01   1.6793100e+01   6.1400189e-01
   6.2394027e-01   1.6692348e+01   8.2470734e-01
   5.1771981e-01   1.8478986e+01   6.4893864e-01
   8.1918558e-01   2.0178999e+01   9.1128384e-01
   7.6200003e-01   1.6757374e+01   9.6328128e-01
   6.5892259e-01   1.8498615e+01   7.9187135e-01
  -6.1537458e-03   1.6324025e+01   1.9623003e-01
   4.2813998e-01   2.0386155e+01   5.1176813e-01
