   1.8360559e+00   1.6766282e+01   2.0684025e+00
   1.7263705e+00   1.7919344e+01   1.9015544e+00
   1.9466751e+00   1.5839295e+01   2.2393685e+00
   1.7591630e+00   1.8081049e+01   1.9286982e+00
   2.0396010e+00   2.0567170e+01   2.1389366e+00
   2.5928202e+00   2.0495439e+01   2.7023642e+00
   2.0792056e+00   1.9324052e+01   2.2123399e+00
   2.5777123e+00   1.9802306e+01   2.7060035e+00
   2.0197332e+00   2.1100667e+01   2.1073092e+00
   1.7376428e+00   1.7682681e+01   1.9229758e+00
   1.6533623e+00   1.6409343e+01   1.8992807e+00
   2.4889818e+00   2.0389845e+01   2.5994998e+00
   1.7577240e+00   1.8612300e+01   1.9076372e+00
   2.7389641e-01   1.6373742e+01   4.8079566e-01
   1.4939265e+00   1.8947854e+01   1.6276751e+00
   1.3381781e+00   1.6955208e+01   1.5456701e+00
   1.5975615e+00   2.0193213e+01   1.6993316e+00
   5.2603404e-01   1.8953178e+01   6.4378833e-01
   2.7052837e+00   1.5679160e+01   3.0458671e+00
   1.9702913e+00   2.0194487e+01   2.0774864e+00
   2.8519810e+00   2.0535026e+01   2.9648887e+00
   2.4157910e+00   1.9405378e+01   2.5530512e+00
   2.9605830e+00   2.0303919e+01   3.0817032e+00
   2.4335336e+00   2.0576738e+01   2.5385110e+00
   2.9215710e+00   2.1155758e+01   3.0204384e+00
   1.9737809e+00   1.9181163e+01   2.1093159e+00
   2.1597973e+00   1.7133262e+01   2.3834529e+00
   2.3504640e+00   1.9108375e+01   2.4960671e+00
   2.2633219e+00   1.9499889e+01   2.3946248e+00
   4.7226724e-01   1.8486413e+01   6.0252817e-01
   2.0787965e+00   1.8338660e+01   2.2459908e+00
   1.5154619e+00   1.9337773e+01   1.6380570e+00
   2.4395405e+00   2.1355716e+01   2.5273098e+00
   4.1352401e-01   1.8279433e+01   5.4916688e-01
   3.0194028e+00   2.0790175e+01   3.1286323e+00
   2.8399129e+00   1.5064869e+01   3.2414569e+00
   3.1028673e+00   2.0837616e+01   3.2123214e+00
   2.9357822e+00   1.5069169e+01   3.3430980e+00
   2.9786315e+00   2.1454460e+01   3.0717211e+00
   2.3323741e+00   1.4847654e+01   2.7227821e+00
   2.3208256e+00   1.6923476e+01   2.5612989e+00
   2.8973420e+00   1.4816402e+01   3.3268493e+00
   2.6083204e+00   2.1383454e+01   2.6977531e+00
   7.8115217e-01   1.4523299e+01   1.1192387e+00
   2.2056370e+00   1.8478009e+01   2.3705468e+00
   1.8766484e+00   1.5276172e+01   2.2068615e+00
   2.5212935e+00   2.1439448e+01   2.6084345e+00
   7.7953934e-01   1.3528074e+01   1.2051150e+00
   3.1824682e+00   2.0243275e+01   3.3096390e+00
   2.8124107e+00   2.1552593e+01   2.9011172e+00
   2.8681426e+00   2.0202317e+01   2.9903846e+00
   2.3510428e+00   2.1650809e+01   2.4319682e+00
   2.3830797e+00   1.7048894e+01   2.6188415e+00
   2.6821811e+00   2.2164589e+01   2.7576885e+00
   2.5344718e+00   1.8933118e+01   2.6903230e+00
   7.4512658e-01   2.0594519e+01   8.2803194e-01
   2.2048012e+00   1.8392475e+01   2.3729871e+00
   1.8131669e+00   2.1712282e+01   1.8870268e+00
   2.6800074e+00   2.1725156e+01   2.7635510e+00
   7.1685398e-01   2.0791083e+01   7.9580595e-01
   2.9103179e+00   2.0730632e+01   3.0192061e+00
   2.3230252e+00   1.9607768e+01   2.4522231e+00
   2.3546792e+00   1.6961335e+01   2.5942585e+00
   2.7550745e+00   1.9727439e+01   2.8891662e+00
   2.4968747e+00   1.9440879e+01   2.6346693e+00
   6.9392742e-01   1.9624373e+01   7.9693961e-01
   2.2448995e+00   1.9193359e+01   2.3854657e+00
   1.8347907e+00   1.8474012e+01   1.9912650e+00
   2.6209766e+00   2.2030288e+01   2.6981476e+00
   7.7522065e-01   1.8877048e+01   8.9886584e-01
   2.0810099e+00   1.6564433e+01   2.3332680e+00
   2.8644734e+00   2.1763665e+01   2.9496340e+00
   2.2915092e+00   1.8572781e+01   2.4548917e+00
   8.8552006e-01   1.9064499e+01   1.0056167e+00
   2.0331031e+00   1.9341469e+01   2.1648248e+00
   1.9230442e+00   2.1246875e+01   2.0065582e+00
   2.2730476e+00   2.1363582e+01   2.3585384e+00
   7.8949828e-01   2.0627278e+01   8.7224313e-01
   1.3151969e+00   1.9283503e+01   1.4360112e+00
   5.1458557e-01   1.6379360e+01   7.2744131e-01
   1.0864855e+00   1.8344177e+01   1.2320498e+00
   1.5632104e+00   1.6454117e+01   1.8035379e+00
   1.3090725e+00   2.0927136e+01   1.3916951e+00
   3.9409713e-01   1.5453199e+01   6.5373227e-01
   1.4122363e+00   1.8687999e+01   1.5526824e+00
   1.7959276e+00   2.1166444e+01   1.8794973e+00
   1.7858941e+00   2.1971931e+01   1.8551957e+00
   5.7271398e-01   1.8971770e+01   6.9064583e-01
   8.9883138e-01   2.1871651e+01   9.6181741e-01
   2.2302755e-01   2.1042410e+01   2.9316781e-01
