   1.9457060e+00   1.6525784e+01   2.1952730e+00
   2.2132419e+00   1.8222067e+01   2.3884105e+00
   1.7509648e+00   1.4446421e+01   2.1442187e+00
   2.6841406e+00   1.8626971e+01   2.8552801e+00
   1.8591048e+00   2.0336325e+01   1.9612234e+00
   2.3600721e+00   2.0089616e+01   2.4762861e+00
   1.9070434e+00   1.7939395e+01   2.0859397e+00
   2.3798466e+00   1.9586122e+01   2.5107875e+00
   2.1067505e+00   2.1086544e+01   2.1957158e+00
   2.1460205e+00   1.7821515e+01   2.3363270e+00
   1.8935269e+00   1.9460853e+01   2.0191358e+00
   2.5590231e+00   2.0345496e+01   2.6718557e+00
   1.7379735e+00   1.7940033e+01   1.9126061e+00
   1.9660889e-01   1.6264842e+01   4.0679028e-01
   1.5239341e+00   1.9394180e+01   1.6450838e+00
   1.4284144e+00   1.7092536e+01   1.6319134e+00
   1.5150653e+00   1.8496420e+01   1.6639414e+00
   4.6433529e-01   1.8661967e+01   5.8930885e-01
   2.5034783e+00   1.4387559e+01   2.9497691e+00
   2.8843812e+00   2.0809801e+01   2.9908680e+00
   2.6688525e+00   2.0283647e+01   2.7852208e+00
   2.2264606e+00   1.9399803e+01   2.3601136e+00
   2.8850399e+00   1.9011816e+01   3.0464916e+00
   2.2230027e+00   2.0277333e+01   2.3320685e+00
   2.9546966e+00   2.1111321e+01   3.0550970e+00
   2.3712478e+00   1.9088716e+01   2.5179656e+00
   2.5241299e+00   1.9891188e+01   2.6488038e+00
   2.4493499e+00   1.9330340e+01   2.5897129e+00
   2.2494948e+00   1.8807241e+01   2.4032956e+00
   4.0885867e-01   1.8346411e+01   5.4234754e-01
   2.0724570e+00   1.8764196e+01   2.2238400e+00
   1.5820807e+00   1.9453834e+01   1.7025319e+00
   2.2903376e+00   1.9481627e+01   2.4227202e+00
   3.4710745e-01   1.8339164e+01   4.7981592e-01
   2.8101707e+00   2.0660456e+01   2.9191501e+00
   2.6309584e+00   1.4747597e+01   3.0494309e+00
   2.9884549e+00   1.9397597e+01   3.1384961e+00
   2.6927226e+00   1.4773588e+01   3.1127061e+00
   3.0787170e+00   2.1667262e+01   3.1687282e+00
   2.7584449e+00   1.5186261e+01   3.1437582e+00
   2.5767740e+00   1.9275819e+01   2.7216616e+00
   2.9089582e+00   1.4715222e+01   3.3495910e+00
   2.6011848e+00   2.0520628e+01   2.7102300e+00
   6.7906172e-01   1.4519993e+01   1.0129551e+00
   2.1637799e+00   1.8857222e+01   2.3139181e+00
   1.9547324e+00   1.5032957e+01   2.3081534e+00
   2.4165661e+00   2.0061088e+01   2.5345311e+00
   7.6876848e-01   1.3424165e+01   1.2040940e+00
   3.0269828e+00   1.8735855e+01   3.2029492e+00
   2.6079869e+00   2.1031792e+01   2.7049828e+00
   2.9834097e+00   2.0188079e+01   3.1082617e+00
   2.7037121e+00   2.1970508e+01   2.7829373e+00
   2.6710177e+00   1.9557200e+01   2.8087222e+00
   2.7646124e+00   2.2018729e+01   2.8436870e+00
   2.5215646e+00   1.8330382e+01   2.7004121e+00
   6.6683706e-01   2.0673308e+01   7.4745378e-01
   2.1994518e+00   1.8892530e+01   2.3491463e+00
   1.8842765e+00   2.1313141e+01   1.9660739e+00
   2.5680614e+00   2.0127118e+01   2.6868974e+00
   6.8127310e-01   2.0990744e+01   7.5633897e-01
   3.0401192e+00   2.1071206e+01   3.1428070e+00
   2.7766135e+00   1.9829929e+01   2.9079948e+00
   2.6522506e+00   1.9374713e+01   2.7954861e+00
   2.8231850e+00   1.9631787e+01   2.9617167e+00
   2.5225157e+00   1.8946260e+01   2.6776143e+00
   6.2466754e-01   1.9610430e+01   7.2711814e-01
   2.2856467e+00   1.9541383e+01   2.4161231e+00
   1.9317262e+00   1.8325227e+01   2.0959269e+00
   2.5751812e+00   2.0239338e+01   2.6910978e+00
   7.2792481e-01   1.8778834e+01   8.5364528e-01
   2.3484253e+00   1.8747733e+01   2.5066512e+00
   2.9402373e+00   2.1283881e+01   3.0364969e+00
   2.2508484e+00   1.7845933e+01   2.4430178e+00
   8.1458524e-01   1.9102592e+01   9.3255461e-01
   2.0175785e+00   1.9725732e+01   2.1378410e+00
   2.0347051e+00   2.1038678e+01   2.1237334e+00
   2.1435417e+00   1.9714230e+01   2.2663344e+00
   7.4719210e-01   2.0279902e+01   8.3635542e-01
   1.3159711e+00   1.8625049e+01   1.4566300e+00
   4.0487855e-01   1.6164327e+01   6.2552861e-01
   1.1101114e+00   1.8714339e+01   1.2441744e+00
   1.6567120e+00   1.6326179e+01   1.9075316e+00
   1.2324104e+00   1.9112169e+01   1.3567128e+00
   3.5616035e-01   1.5319471e+01   6.2267563e-01
   1.4579893e+00   1.9065381e+01   1.5875201e+00
   1.8296556e+00   2.1293340e+01   1.9111985e+00
   1.7377256e+00   2.0256533e+01   1.8399865e+00
   5.5890708e-01   1.9171613e+01   6.7133706e-01
   8.3624379e-01   1.9885428e+01   9.3500485e-01
   1.7929689e-01   2.1238791e+01   2.4598831e-01
