   1.4058638e+00   1.9515769e+01   1.5217814e+00
   3.5821986e-01   1.9121013e+01   4.6920005e-01
   1.0977098e+00   1.5277037e+01   1.3938381e+00
   8.3045955e-01   1.8497629e+01   9.6636567e-01
   1.5303226e+00   2.0301720e+01   1.6286647e+00
   1.1990271e+00   2.2319950e+01   1.2580889e+00
   9.6489059e-01   1.8360329e+01   1.1076248e+00
   2.4864907e+00   2.0056275e+01   2.6058222e+00
   1.3831467e+00   1.9449007e+01   1.5005029e+00
   6.6413988e-01   1.8034107e+01   8.1221617e-01
   9.7451436e-01   1.4505410e+01   1.3227711e+00
   2.2947127e+00   2.1601997e+01   2.3758821e+00
   1.1685380e+00   2.0600128e+01   1.2559851e+00
  -3.9595137e-01   1.7365674e+01  -2.4368711e-01
   6.2039484e-01   1.5281317e+01   8.9833213e-01
  -5.5878691e-01   1.7330670e+01  -4.0803417e-01
   1.0384157e+00   1.9528952e+01   1.1484717e+00
  -1.9026890e-01   2.0408194e+01  -1.1290961e-01
   1.6521155e+00   1.5896165e+01   1.9290350e+00
   8.8494066e-01   2.0671931e+01   9.6784021e-01
   2.0064602e+00   2.0306799e+01   2.1114517e+00
   9.4111128e-01   1.9177874e+01   1.0589502e+00
   1.3150574e+00   1.8660000e+01   1.4545689e+00
   2.1648166e+00   2.0497835e+01   2.2675936e+00
   2.1206326e+00   2.0246231e+01   2.2288647e+00
   7.8974923e-01   2.0614781e+01   8.7273538e-01
   1.4502624e+00   1.5331397e+01   1.7571107e+00
   1.8812129e+00   2.0165994e+01   1.9877594e+00
   1.5898793e+00   2.1848899e+01   1.6592682e+00
  -3.4360709e-01   1.9689747e+01  -2.5389787e-01
   1.0888276e+00   1.5319128e+01   1.3817365e+00
  -4.9943633e-01   2.0165078e+01  -4.2039811e-01
   1.7194468e+00   2.0398165e+01   1.8181672e+00
  -3.8017169e-01   1.9403359e+01  -2.8473961e-01
   2.2314758e+00   2.0911737e+01   2.3257934e+00
   1.1570036e+00   1.4952571e+01   1.4787933e+00
   1.7433872e+00   1.9199057e+01   1.8740321e+00
   2.5163990e+00   1.5937939e+01   2.8278345e+00
   2.1664873e+00   2.0771799e+01   2.2629870e+00
   1.0181077e+00   1.4963683e+01   1.3331375e+00
   1.6222474e+00   1.5470240e+01   1.9266238e+00
   2.4658702e+00   1.5518369e+01   2.8066297e+00
   2.0027660e+00   2.3696917e+01   2.0507672e+00
  -2.2644761e-01   1.4813294e+01   5.2868315e-02
   1.4245936e+00   1.5955612e+01   1.6891857e+00
  -3.7763478e-01   1.5264423e+01  -1.3018886e-01
   1.7158121e+00   2.1813790e+01   1.7869905e+00
  -1.0009944e-01   1.4834055e+01   1.8201337e-01
   1.9383547e+00   1.9285393e+01   2.0699966e+00
   2.5407025e+00   2.3424798e+01   2.5959714e+00
   2.2359285e+00   1.9601152e+01   2.3636800e+00
   1.0654254e+00   2.3954373e+01   1.1052501e+00
   1.6246147e+00   1.5045345e+01   1.9606413e+00
   2.4961457e+00   2.3677765e+01   2.5479381e+00
   2.0103620e+00   2.1276542e+01   2.0943420e+00
  -1.1430461e-01   2.2729493e+01  -6.8578811e-02
   1.4348993e+00   1.5332634e+01   1.7410057e+00
  -2.6174650e-01   2.2164022e+01  -2.1052530e-01
   1.9398711e+00   2.0649729e+01   2.0359547e+00
  -9.0421222e-02   2.3005136e+01  -4.7389931e-02
   2.1527540e+00   2.0843227e+01   2.2474867e+00
   8.8855763e-01   1.9647926e+01   9.9357815e-01
   1.6050119e+00   1.5038289e+01   1.9406557e+00
   2.4415986e+00   2.0682074e+01   2.5441748e+00
   1.8726039e+00   2.1297649e+01   1.9545592e+00
  -1.8287929e-01   1.9782786e+01  -9.3464520e-02
   1.1826798e+00   1.5470230e+01   1.4691169e+00
  -2.6322313e-01   1.9732186e+01  -1.7358070e-01
   1.8234701e+00   2.0937268e+01   1.9119186e+00
  -1.1661555e-01   1.9690512e+01  -2.4586281e-02
   1.3533781e+00   1.5290122e+01   1.6590502e+00
   2.5014280e+00   2.1807963e+01   2.5812246e+00
   1.5946800e+00   2.0629629e+01   1.6866644e+00
  -9.1303627e-02   1.9198426e+01   1.2066893e-02
   1.0890008e+00   1.5445069e+01   1.3735039e+00
  -2.9704415e-01   2.0102094e+01  -2.1503179e-01
   1.5761858e+00   2.0563077e+01   1.6693566e+00
  -1.0523491e-01   2.0656963e+01  -3.1469309e-02
   9.3448357e-01   2.1337678e+01   1.0060439e+00
  -2.7595012e-01   1.6669809e+01  -9.4803464e-02
   4.1626189e-01   1.5008439e+01   7.0475249e-01
  -4.8747887e-01   1.7505120e+01  -3.4151562e-01
   7.6154964e-01   2.0336699e+01   8.4971323e-01
  -3.5399382e-01   1.6244829e+01  -1.5599429e-01
   5.9197013e-01   1.4526972e+01   9.2161894e-01
  -2.4645035e-01   2.1609457e+01  -1.8815354e-01
   1.3072624e+00   2.0670818e+01   1.3948947e+00
  -3.7371669e-01   1.6875435e+01  -2.0284292e-01
   3.9028793e-01   2.0110794e+01   4.7898345e-01
  -6.0227628e-01   1.9444008e+01  -5.1001070e-01
