   1.3234915e+00   1.6489219e+01   1.5541296e+00
   1.6488223e+00   1.7590105e+01   1.8358217e+00
   1.6735888e+00   1.5310042e+01   1.9917978e+00
   1.7640507e+00   1.7772786e+01   1.9462382e+00
   1.3720238e+00   1.9711615e+01   1.4823138e+00
   2.2349314e+00   2.0731234e+01   2.3333129e+00
   1.1402552e+00   1.9878622e+01   1.2431487e+00
   3.0062353e+00   1.9445012e+01   3.1550500e+00
   1.5065153e+00   2.1339789e+01   1.5836650e+00
   1.6669296e+00   1.7427578e+01   1.8615846e+00
   1.5569159e+00   1.4651642e+01   1.9215949e+00
   3.2148538e+00   2.0879831e+01   3.3251696e+00
   1.4324483e+00   1.9657437e+01   1.5450424e+00
   9.6051028e-01   1.6712584e+01   1.1691814e+00
   1.2140875e+00   1.9859654e+01   1.3184458e+00
   1.2156000e+00   1.6642423e+01   1.4349845e+00
   1.0804074e+00   2.1147560e+01   1.1565999e+00
   1.0784166e+00   1.9671805e+01   1.1854640e+00
   2.3636568e+00   1.5501132e+01   2.7005060e+00
   2.0036426e+00   1.9806278e+01   2.1214526e+00
   1.9597920e+00   1.9644791e+01   2.0813158e+00
   1.9670531e+00   1.8375201e+01   2.1301904e+00
   1.7486378e+00   2.0202263e+01   1.8523456e+00
   2.7966659e+00   1.9491063e+01   2.9392024e+00
   2.4402952e+00   2.1765977e+01   2.5201414e+00
   1.9657986e+00   1.9486287e+01   2.0919629e+00
   2.0012340e+00   1.5546553e+01   2.3170232e+00
   3.0857572e+00   1.9702365e+01   3.2277174e+00
   1.9424991e+00   2.0915284e+01   2.0329038e+00
   1.1905976e+00   1.8843987e+01   1.3221021e+00
   1.8080702e+00   1.9278645e+01   1.9375058e+00
   1.4383887e+00   1.8946137e+01   1.5711801e+00
   1.8889159e+00   2.1701463e+01   1.9637525e+00
   8.8109358e-01   1.8497960e+01   1.0178760e+00
   2.1770319e+00   2.0032524e+01   2.2916741e+00
   2.4567485e+00   1.4396194e+01   2.8989261e+00
   2.0840301e+00   2.0377125e+01   2.1884864e+00
   3.4061787e+00   1.4980942e+01   3.8552124e+00
   2.3897666e+00   2.1731686e+01   2.4696490e+00
   2.3750292e+00   1.4281401e+01   2.8235536e+00
   2.3433696e+00   1.5595327e+01   2.6719020e+00
   3.6862648e+00   1.5296789e+01   4.1232475e+00
   2.2546955e+00   2.2533996e+01   2.3197764e+00
   1.5751205e+00   1.4738847e+01   1.9334098e+00
   2.0470023e+00   1.9679273e+01   2.1690772e+00
   1.8704095e+00   1.5102356e+01   2.2139226e+00
   2.0169616e+00   2.1785592e+01   2.0917047e+00
   1.3323835e+00   1.3930851e+01   1.7501543e+00
   2.0880087e+00   1.9468285e+01   2.2169420e+00
   3.1623814e+00   2.1183624e+01   3.2643662e+00
   2.3065419e+00   2.0836585e+01   2.4035692e+00
   2.3176115e+00   2.1480853e+01   2.4013631e+00
   2.2766571e+00   1.5503555e+01   2.6089253e+00
   3.4513985e+00   2.2350727e+01   3.5329216e+00
   2.2317932e+00   2.0052455e+01   2.3468225e+00
   1.5258499e+00   2.0780796e+01   1.6138480e+00
   1.9336839e+00   1.9025062e+01   2.0733951e+00
   1.7418048e+00   2.0995871e+01   1.8280746e+00
   2.0570465e+00   2.1492323e+01   2.1374819e+00
   1.2355916e+00   2.1159628e+01   1.3131394e+00
   2.4133081e+00   2.1521572e+01   2.4974526e+00
   2.2423141e+00   1.9032677e+01   2.3881467e+00
   2.3236842e+00   1.5466716e+01   2.6611968e+00
   3.5345399e+00   2.0094916e+01   3.6737824e+00
   2.1628433e+00   2.0266266e+01   2.2712360e+00
   1.4817148e+00   1.9469978e+01   1.6000779e+00
   1.9195103e+00   2.0223103e+01   2.0252331e+00
   1.8049920e+00   1.8898893e+01   1.9462352e+00
   1.9734986e+00   2.1898338e+01   2.0458735e+00
   1.2898539e+00   1.8910412e+01   1.4210848e+00
   2.0416967e+00   1.5494023e+01   2.3632687e+00
   3.6160734e+00   2.2328551e+01   3.7002181e+00
   1.9283563e+00   1.9845930e+01   2.0438452e+00
   1.6343126e+00   1.9575025e+01   1.7522882e+00
   1.7933485e+00   2.0147136e+01   1.8990439e+00
   1.8511484e+00   2.0986374e+01   1.9389412e+00
   1.8106177e+00   2.1275804e+01   1.8922729e+00
   1.3298372e+00   2.0897889e+01   1.4132503e+00
   1.0957867e+00   2.0776129e+01   1.1789578e+00
   1.2475631e+00   1.6247886e+01   1.4889412e+00
   8.3726062e-01   1.9608943e+01   9.4253541e-01
   1.4685499e+00   1.6257471e+01   1.7167855e+00
   7.9080371e-01   2.0953803e+01   8.6756306e-01
   8.6064937e-01   1.5479343e+01   1.1345132e+00
   1.1499658e+00   1.9406454e+01   1.2648454e+00
   1.8104222e+00   1.9998833e+01   1.9200615e+00
   1.2236999e+00   2.1165091e+01   1.3010282e+00
   1.0118841e+00   1.8246345e+01   1.1593224e+00
   3.1874662e-01   2.1179454e+01   3.8749045e-01
   7.1293113e-01   2.0320554e+01   8.0088229e-01
