   1.6316390e+00   1.9482201e+01   1.7521257e+00
   2.4738693e+00   1.7856311e+01   2.6720553e+00
   1.6357173e+00   1.4614947e+01   2.0076566e+00
   2.3599784e+00   1.8461503e+01   2.5293319e+00
   1.4266973e+00   2.0399688e+01   1.5214957e+00
   2.7942725e+00   2.0173157e+01   2.9159541e+00
   1.6796746e+00   1.8405105e+01   1.8352308e+00
   3.0141919e+00   2.0056580e+01   3.1435196e+00
   1.1238370e+00   2.0036268e+01   1.2228426e+00
   1.5878632e+00   1.7637010e+01   1.7712815e+00
   1.3380740e+00   1.7115291e+01   1.5380251e+00
   1.4109158e+00   1.9653896e+01   1.5232736e+00
   1.6053333e+00   1.9545116e+01   1.7236514e+00
   1.8114741e+00   1.7060374e+01   2.0277631e+00
   1.1488356e+00   2.0453228e+01   1.2390611e+00
   9.5072395e-01   1.6532329e+01   1.1679876e+00
   1.1806708e+00   2.0448527e+01   1.2713741e+00
   1.8400000e+00   1.9608574e+01   1.9604794e+00
   2.4876675e+00   1.5048232e+01   2.8691813e+00
   2.7312065e+00   2.0109106e+01   2.8535205e+00
   2.4861180e+00   2.0421652e+01   2.5957798e+00
   2.7488830e+00   1.9317583e+01   2.8961776e+00
   2.6270011e+00   1.9375184e+01   2.7696739e+00
   3.0327187e+00   2.0132383e+01   3.1601651e+00
   1.9435586e+00   2.0368984e+01   2.0461295e+00
   1.8864139e+00   1.9395586e+01   2.0138023e+00
   2.0295524e+00   1.7204891e+01   2.2453818e+00
   1.5496618e+00   1.9172261e+01   1.6776312e+00
   2.3869051e+00   2.0350482e+01   2.4967552e+00
   2.1314519e+00   1.9287015e+01   2.2667500e+00
   1.9003668e+00   2.0416460e+01   2.0011999e+00
   1.2023561e+00   1.8811123e+01   1.3350689e+00
   2.0140402e+00   2.1457343e+01   2.0946306e+00
   1.7426980e+00   1.9206598e+01   1.8731030e+00
   2.5924761e+00   2.0665513e+01   2.6977925e+00
   3.1356981e+00   1.5091697e+01   3.5541522e+00
   2.8135689e+00   1.9683202e+01   2.9502598e+00
   3.4801734e+00   1.5097932e+01   3.9224537e+00
   2.0697642e+00   2.0959367e+01   2.1608942e+00
   2.2434074e+00   1.5024712e+01   2.6130186e+00
   2.2498378e+00   1.8489760e+01   2.4153703e+00
   1.9124990e+00   1.4783037e+01   2.2847684e+00
   2.5617922e+00   2.2118787e+01   2.6367350e+00
   2.4731511e+00   1.5426513e+01   2.8216712e+00
   2.0557610e+00   2.0981951e+01   2.1462351e+00
   1.5272259e+00   1.5157764e+01   1.8501331e+00
   2.1528081e+00   2.2640805e+01   2.2153752e+00
   2.2027204e+00   1.4662362e+01   2.6024530e+00
   2.7807528e+00   1.9011797e+01   2.9396291e+00
   3.1352305e+00   1.9565782e+01   3.2828980e+00
   1.9172278e+00   2.0235266e+01   2.0226200e+00
   1.9344463e+00   2.1507564e+01   2.0132119e+00
   2.1960940e+00   1.8017681e+01   2.3792886e+00
   1.6102810e+00   2.1312587e+01   1.6890261e+00
   2.3943828e+00   1.9958579e+01   2.5147797e+00
   2.2504578e+00   2.0783525e+01   2.3478788e+00
   1.8039096e+00   2.0481871e+01   1.9018907e+00
   1.3017127e+00   1.9491427e+01   1.4166591e+00
   2.0511062e+00   2.1909207e+01   2.1241027e+00
   1.9155661e+00   2.0795837e+01   2.0081437e+00
   2.2380814e+00   2.0310457e+01   2.3465542e+00
   2.2505229e+00   1.9971418e+01   2.3680476e+00
   2.3901156e+00   1.7885948e+01   2.5844892e+00
   1.8573754e+00   1.9611498e+01   1.9780693e+00
   2.5768892e+00   2.0881358e+01   2.6768476e+00
   2.4548266e+00   2.0352244e+01   2.5657435e+00
   2.0332452e+00   2.1035594e+01   2.1223183e+00
   1.5255524e+00   1.8587268e+01   1.6715472e+00
   2.2076247e+00   2.2316189e+01   2.2755934e+00
   2.1685826e+00   1.9820977e+01   2.2888198e+00
   1.7558926e+00   1.7914857e+01   1.9319886e+00
   1.4725415e+00   1.8868750e+01   1.6083578e+00
   1.7797031e+00   1.9360793e+01   1.9062001e+00
   2.0918159e+00   2.0521559e+01   2.1929590e+00
   1.5476118e+00   2.1318012e+01   1.6255858e+00
   1.1723016e+00   2.0835385e+01   1.2551727e+00
   1.5273435e+00   2.1673143e+01   1.5989875e+00
   1.6818192e+00   2.0633580e+01   1.7748321e+00
   1.2448885e+00   1.9687822e+01   1.3539119e+00
   2.0855666e+00   1.6641696e+01   2.3335095e+00
   8.3338571e-01   2.0646223e+01   9.1623074e-01
   1.2210478e+00   1.5995832e+01   1.4760017e+00
   9.6498904e-01   2.1114852e+01   1.0406170e+00
   1.7504590e+00   1.6503819e+01   1.9943790e+00
   1.0824196e+00   2.0095614e+01   1.1795504e+00
   1.3276217e+00   2.0311120e+01   1.4230941e+00
   1.5888405e+00   2.2028411e+01   1.6554063e+00
   1.9162000e+00   1.9515942e+01   2.0406205e+00
   6.2927203e-01   2.1962633e+01   6.8888980e-01
   1.5666160e+00   2.1955448e+01   1.6341056e+00
