   1.9923220e+00   1.7491907e+01   2.1931854e+00
   2.7087609e+00   1.8554512e+01   2.8834538e+00
   1.7764609e+00   1.4667627e+01   2.1513712e+00
   3.6867061e+00   1.9242425e+01   3.8606604e+00
   1.5992247e+00   1.6822966e+01   1.8209968e+00
   2.5191623e+00   2.0245275e+01   2.6339517e+00
   1.8420710e+00   1.7416166e+01   2.0421295e+00
   2.7846720e+00   1.9895086e+01   2.9142473e+00
   2.1231416e+00   2.1000866e+01   2.2140987e+00
   2.7816196e+00   1.8087853e+01   2.9784631e+00
   1.9862068e+00   1.7124488e+01   2.2047175e+00
   2.9241748e+00   2.0518006e+01   3.0387955e+00
   1.8336155e+00   1.7790687e+01   2.0168462e+00
   9.4107296e-01   1.6732007e+01   1.1482827e+00
   1.5826588e+00   2.0878563e+01   1.6693662e+00
   1.9639303e+00   1.7442372e+01   2.1662804e+00
   1.6064583e+00   1.7474109e+01   1.7974103e+00
   1.4290720e+00   1.9598273e+01   1.5431617e+00
   2.5288255e+00   1.4683045e+01   2.9469582e+00
   3.8795091e+00   2.1350443e+01   3.9896686e+00
   2.3815009e+00   1.6870604e+01   2.6271646e+00
   2.3753521e+00   1.9506069e+01   2.5086506e+00
   2.7868847e+00   1.8408456e+01   2.9697730e+00
   2.6294616e+00   2.0262667e+01   2.7457012e+00
   2.9302686e+00   2.1141575e+01   3.0295938e+00
   3.0053376e+00   1.9282636e+01   3.1598346e+00
   2.7373156e+00   1.7243084e+01   2.9751701e+00
   2.8277075e+00   1.9737403e+01   2.9629881e+00
   2.3625814e+00   1.8619988e+01   2.5258976e+00
   1.1825326e+00   1.8923225e+01   1.3115163e+00
   2.0913334e+00   2.0215461e+01   2.1998775e+00
   2.0900371e+00   1.9820322e+01   2.2089326e+00
   2.3245098e+00   1.8191539e+01   2.5038405e+00
   1.2761433e+00   1.9097917e+01   1.4015857e+00
   2.5220488e+00   1.7350196e+01   2.7465447e+00
   2.7871602e+00   1.4720075e+01   3.2188268e+00
   2.9190458e+00   1.8603516e+01   3.0974614e+00
   3.0658856e+00   1.5062346e+01   3.4824832e+00
   3.0718658e+00   2.1962194e+01   3.1558578e+00
   3.4473749e+00   1.5481882e+01   3.8493140e+00
   2.7065027e+00   1.7296510e+01   2.9403101e+00
   3.2248870e+00   1.4702288e+01   3.6901412e+00
   2.6917529e+00   2.0161160e+01   2.8118805e+00
   1.4305684e+00   1.5114671e+01   1.7523456e+00
   2.1829203e+00   2.0262138e+01   2.2917330e+00
   2.5055372e+00   1.5053981e+01   2.8875895e+00
   2.4702061e+00   1.8996306e+01   2.6223206e+00
   1.7717067e+00   1.4092412e+01   2.2000253e+00
   2.9376153e+00   1.7839799e+01   3.1512380e+00
   3.0152172e+00   2.1271124e+01   3.1128884e+00
   3.0010600e+00   2.0625816e+01   3.1141981e+00
   3.2826668e+00   2.2637579e+01   3.3569418e+00
   2.8334317e+00   1.7088227e+01   3.0837061e+00
   3.1409993e+00   2.2129244e+01   3.2226884e+00
   2.6630190e+00   1.8177418e+01   2.8523391e+00
   1.4182708e+00   2.0971131e+01   1.5012679e+00
   2.2353210e+00   2.0396098e+01   2.3416261e+00
   2.4192840e+00   2.1140184e+01   2.5112561e+00
   2.6094197e+00   1.8732127e+01   2.7745537e+00
   1.6559407e+00   2.1398583e+01   1.7336263e+00
   3.1061513e+00   2.1566847e+01   3.1986711e+00
   3.4634770e+00   2.0128860e+01   3.6000502e+00
   2.8271583e+00   1.6882571e+01   3.0894354e+00
   3.1983565e+00   1.9779696e+01   3.3402935e+00
   2.6504103e+00   1.8759106e+01   2.8155403e+00
   1.4081228e+00   2.0174230e+01   1.5077318e+00
   2.3312747e+00   2.0859981e+01   2.4281301e+00
   2.4822178e+00   1.8588223e+01   2.6497036e+00
   2.6476802e+00   1.8859882e+01   2.8089338e+00
   1.6966157e+00   1.9407616e+01   1.8203064e+00
   2.4551952e+00   1.6639710e+01   2.7172856e+00
   3.2940978e+00   2.0778206e+01   3.4084646e+00
   2.3491530e+00   1.7594827e+01   2.5558263e+00
   1.6000331e+00   1.9693623e+01   1.7142803e+00
   2.0250393e+00   2.1108239e+01   2.1125286e+00
   2.6179843e+00   2.1076982e+01   2.7141173e+00
   2.1964503e+00   1.8404706e+01   2.3639557e+00
   1.7192860e+00   2.0813462e+01   1.8089826e+00
   1.4305585e+00   1.8470381e+01   1.5786112e+00
   1.1219145e+00   1.6552664e+01   1.3431059e+00
   1.1739227e+00   2.0145909e+01   1.2710954e+00
   2.1824032e+00   1.6527923e+01   2.4406303e+00
   1.2838296e+00   1.7791198e+01   1.4536195e+00
   1.2960369e+00   1.5899925e+01   1.5593780e+00
   1.5387542e+00   2.0441190e+01   1.6340920e+00
   2.3150660e+00   2.1264337e+01   2.4030776e+00
   1.8230528e+00   1.8744424e+01   1.9698025e+00
   1.5277111e+00   1.9935255e+01   1.6346928e+00
   8.8985459e-01   1.8296278e+01   1.0333128e+00
   1.1261388e+00   2.1844576e+01   1.1914116e+00
