  -1.5699812e+01  -1.9572178e+00  -1.1414127e+01
  -1.0734222e+01   2.3162684e+01  -1.0711536e+01
  -1.3188666e+01  -1.7091501e+00  -8.9198018e+00
  -8.1891426e+00   2.4718989e+01  -8.1722919e+00
  -1.4897360e+01  -8.1594921e-01  -1.1286863e+01
  -1.0254941e+01   1.6655677e+01  -1.0153282e+01
  -1.6453621e+01  -2.8830056e+00  -1.1571671e+01
  -9.3753715e+00   2.4009827e+01  -9.3561628e+00
  -1.3729375e+01   3.0751302e+00  -1.1898363e+01
  -1.3674784e+01   1.7245447e+01  -1.3590139e+01
  -1.5209612e+01  -7.7788038e+00  -5.8954692e+00
  -4.8836325e+00   2.2337003e+01  -4.8501061e+00
  -1.4905603e+01   1.0449358e+01  -1.4517985e+01
  -1.4097972e+01   1.8439261e+01  -1.4033781e+01
  -1.4994486e+01   3.8099443e+00  -1.3426539e+01
  -1.3642320e+01   1.8710802e+01  -1.3581743e+01
  -1.4337399e+01   7.0019642e+00  -1.3515606e+01
  -1.4866536e+01   1.4045649e+01  -1.4693150e+01
  -1.2602448e+01  -1.1413525e+00  -8.6622243e+00
  -8.1748398e+00   2.3772966e+01  -8.1538862e+00
  -1.5195755e+01  -1.1415424e+00  -1.1403086e+01
  -1.0269900e+01   2.0369726e+01  -1.0226447e+01
  -1.6336709e+01  -2.7364538e+00  -1.1552302e+01
  -9.3592586e+00   2.0435241e+01  -9.3155914e+00
  -1.3123855e+01   3.6597946e+00  -1.1476786e+01
  -1.3655968e+01   1.7706612e+01  -1.3579769e+01
  -1.5169134e+01  -7.7700024e+00  -5.8555166e+00
  -4.9261346e+00   2.3404635e+01  -4.8999668e+00
  -1.4575396e+01   1.0368046e+01  -1.4179733e+01
  -1.4117362e+01   1.6088558e+01  -1.4007625e+01
  -1.5335290e+01   3.3751880e+00  -1.3633792e+01
  -1.3638985e+01   1.7439467e+01  -1.3557980e+01
  -1.4048183e+01   7.3765105e+00  -1.3287097e+01
  -1.4907790e+01   1.4186523e+01  -1.4739890e+01
  -1.4453163e+01  -3.7658457e-01  -1.1077205e+01
  -1.0272295e+01   1.6429427e+01  -1.0165291e+01
  -1.5358277e+01  -1.7760684e+00  -1.1175124e+01
  -9.3695766e+00   2.0803480e+01  -9.3294563e+00
  -1.2901664e+01   3.9312431e+00  -1.1335571e+01
  -1.3665019e+01   1.2594109e+01  -1.3422088e+01
  -1.4294056e+01  -6.8034899e+00  -5.8147432e+00
  -4.8489806e+00   2.0694669e+01  -4.7999929e+00
  -1.4367056e+01   1.0690686e+01  -1.3997998e+01
  -1.4179778e+01   1.3499363e+01  -1.3982549e+01
  -1.4343221e+01   4.3634762e+00  -1.2929363e+01
  -1.3628892e+01   1.5241498e+01  -1.3495252e+01
  -1.3186961e+01   8.0115343e+00  -1.2516535e+01
  -1.4807972e+01   1.1806198e+01  -1.4521021e+01
  -1.5579907e+01  -2.0046589e+00  -1.1257652e+01
  -9.3793252e+00   2.6804892e+01  -9.3692254e+00
  -1.2973273e+01   3.8671613e+00  -1.1388787e+01
  -1.3594334e+01   1.9820647e+01  -1.3547329e+01
  -1.4663468e+01  -7.2385075e+00  -5.8068637e+00
  -4.8851042e+00   2.8351231e+01  -4.8766986e+00
  -1.4153072e+01   1.1042765e+01  -1.3811100e+01
  -1.4100984e+01   1.7399537e+01  -1.4019582e+01
  -1.5214322e+01   3.5626600e+00  -1.3571897e+01
  -1.3655361e+01   1.9951235e+01  -1.3609769e+01
  -1.3601848e+01   7.7211147e+00  -1.2891557e+01
  -1.4862391e+01   1.9665530e+01  -1.4814205e+01
  -1.3212371e+01   3.5748972e+00  -1.1539653e+01
  -1.3703645e+01   1.2816489e+01  -1.3472635e+01
  -1.4465687e+01  -7.0429108e+00  -5.7725289e+00
  -4.8654013e+00   2.2948656e+01  -4.8362417e+00
  -1.4035908e+01   1.1469940e+01  -1.3724611e+01
  -1.4080711e+01   1.9959453e+01  -1.4035381e+01
  -1.5201112e+01   3.5798713e+00  -1.3563995e+01
  -1.3582609e+01   1.6733866e+01  -1.3487404e+01
  -1.4274818e+01   6.9523192e+00  -1.3443890e+01
  -1.4854827e+01   1.7687917e+01  -1.4779071e+01
  -1.4968883e+01  -7.5518976e+00  -5.8454234e+00
  -4.8849822e+00   2.2762427e+01  -4.8545810e+00
  -1.4671910e+01   1.0713058e+01  -1.4305593e+01
  -1.4049270e+01   1.3204777e+01  -1.3838262e+01
  -1.4330581e+01   4.5528261e+00  -1.2969030e+01
  -1.3611744e+01   1.8969921e+01  -1.3554638e+01
  -1.4158350e+01   7.1752731e+00  -1.3364856e+01
  -1.4887690e+01   2.2172625e+01  -1.4860581e+01
  -1.4685303e+01   1.0312407e+01  -1.4285103e+01
  -1.4048204e+01   1.2627240e+01  -1.3807935e+01
  -1.5616774e+01   3.2349800e+00  -1.3872526e+01
  -1.3562025e+01   1.7625126e+01  -1.3484324e+01
  -1.4576310e+01   6.7214721e+00  -1.3706295e+01
  -1.4866287e+01   1.1502876e+01  -1.4559384e+01
  -1.5864703e+01   3.1387938e+00  -1.4091224e+01
  -1.3550742e+01   1.7950373e+01  -1.3478597e+01
  -1.4768571e+01   6.5152467e+00  -1.3861560e+01
  -1.4896905e+01   1.6282587e+01  -1.4792560e+01
  -1.4739880e+01   6.4743863e+00  -1.3824862e+01
  -1.4868803e+01   1.7184742e+01  -1.4783835e+01
