  -9.3160140e-01   1.1208952e+01  -3.4093959e-01
  -3.2000791e-01   1.8992678e+01  -2.1440698e-01
  -1.5622059e+00   1.0520870e+01  -9.1562243e-01
  -7.9980985e-01   1.7475482e+01  -6.5774057e-01
  -9.4082295e-01   1.3271617e+01  -5.7317961e-01
   3.0185361e-01   1.8419098e+01   4.3142721e-01
  -5.8015095e-01   1.3560280e+01  -2.2222102e-01
  -5.5979924e-01   1.8253189e+01  -4.3788824e-01
  -3.3303384e-01   1.5117249e+01  -7.5762883e-02
   1.4094300e-01   1.7741712e+01   2.8950586e-01
  -9.4350857e-01   1.3971651e+01  -6.3052393e-01
  -6.7811123e-01   2.0467009e+01  -6.0579126e-01
  -1.8354434e+00   1.5690654e+01  -1.6423981e+00
  -1.6942204e+00   1.7601198e+01  -1.5680356e+00
  -1.9552618e+00   1.4442313e+01  -1.7011443e+00
  -1.8711050e+00   1.7033038e+01  -1.7296915e+00
  -2.1960176e+00   1.5612114e+01  -2.0058021e+00
  -1.5996511e+00   1.9755007e+01  -1.5220337e+00
  -9.8018208e-01   1.0656837e+01  -3.1340953e-01
  -7.0206495e-01   1.9654695e+01  -6.1510439e-01
  -4.4995638e-01   1.3660469e+01  -9.5000245e-02
   2.9617778e-01   1.9697010e+01   3.9263991e-01
  -6.0302325e-02   1.4362809e+01   2.5564203e-01
  -7.1240400e-01   2.1046491e+01  -6.4934404e-01
   2.9715232e-01   1.5325665e+01   5.6135961e-01
   1.8764417e-01   1.8993943e+01   2.9960047e-01
  -1.0078590e+00   1.4960227e+01  -7.6011650e-01
  -6.3860025e-01   1.9174228e+01  -5.4081045e-01
  -1.4928802e+00   1.6572112e+01  -1.3299488e+00
  -1.6314034e+00   1.8976196e+01  -1.5388491e+00
  -1.6609476e+00   1.4124611e+01  -1.3799593e+00
  -1.8571173e+00   1.9669102e+01  -1.7798320e+00
  -1.6356877e+00   1.6133543e+01  -1.4579683e+00
  -1.8118782e+00   1.9717797e+01  -1.7351343e+00
  -1.7309219e-01   1.4119477e+01   1.5665286e-01
   4.3642688e-01   1.5136671e+01   7.1721049e-01
   3.1671536e-01   1.4876405e+01   6.1047933e-01
  -5.2956157e-01   1.4661213e+01  -2.5010133e-01
   3.9549551e-01   1.5932008e+01   6.2802105e-01
   4.5489167e-01   1.4623857e+01   7.7169423e-01
  -5.6243758e-01   1.4156720e+01  -2.4975326e-01
  -5.6600556e-01   1.5434231e+01  -3.3300448e-01
  -1.0292183e+00   1.7918797e+01  -9.0396005e-01
  -1.6010458e+00   1.4242413e+01  -1.3259469e+00
  -1.4518783e+00   1.4421835e+01  -1.1839675e+00
  -1.7740225e+00   1.4167578e+01  -1.4987795e+00
  -1.5297320e+00   1.6039373e+01  -1.3462667e+00
  -1.6177052e+00   1.5403645e+01  -1.4072319e+00
   4.9024232e-01   1.3965286e+01   8.6074819e-01
  -4.9136181e-01   2.0774352e+01  -4.2260427e-01
   4.1736391e-01   1.5536515e+01   6.7279278e-01
   3.9724058e-01   2.3090051e+01   4.4193272e-01
  -6.1464396e-01   1.4493071e+01  -3.2690206e-01
  -5.3020866e-01   2.2697608e+01  -4.8623208e-01
  -9.9902123e-01   1.6363208e+01  -8.1936557e-01
  -1.4549396e+00   2.3219125e+01  -1.4194642e+00
  -1.2647656e+00   1.4259901e+01  -9.8144680e-01
  -1.6774558e+00   2.1206516e+01  -1.6222711e+00
  -1.4909862e+00   1.6312642e+01  -1.3180233e+00
  -1.5699509e+00   2.3321663e+01  -1.5356819e+00
   2.6585369e-01   1.5228861e+01   5.3499149e-01
   4.2598485e-01   1.9167423e+01   5.3669515e-01
  -7.1742951e-01   1.4317409e+01  -4.2120010e-01
  -5.4326376e-01   1.8911847e+01  -4.3830744e-01
  -1.3133917e+00   1.6274505e+01  -1.1358230e+00
  -1.6057795e+00   1.9523150e+01  -1.5239604e+00
  -1.4547577e+00   1.4440512e+01  -1.1880675e+00
  -1.6334617e+00   1.9131782e+01  -1.5441759e+00
  -1.6672519e+00   1.6180217e+01  -1.4919543e+00
  -1.6023809e+00   1.9242655e+01  -1.5150846e+00
  -8.4091420e-01   1.4460307e+01  -5.5806371e-01
  -5.1488641e-01   2.0142033e+01  -4.3556207e-01
  -1.3887858e+00   1.5964669e+01  -1.1995505e+00
  -1.4834979e+00   1.9173252e+01  -1.3937811e+00
  -1.7027262e+00   1.4407093e+01  -1.4403967e+00
  -1.6335369e+00   1.9228110e+01  -1.5462068e+00
  -1.8015056e+00   1.5989538e+01  -1.6206757e+00
  -1.6066123e+00   2.0739002e+01  -1.5447520e+00
  -1.9732904e+00   1.6449639e+01  -1.8131300e+00
  -1.5682822e+00   1.7072644e+01  -1.4240949e+00
  -2.0628619e+00   1.4024414e+01  -1.7859936e+00
  -1.7811657e+00   1.6243044e+01  -1.6102256e+00
  -2.4756934e+00   1.5433681e+01  -2.2822969e+00
  -1.6943463e+00   1.7176958e+01  -1.5552525e+00
  -1.7691425e+00   1.3826252e+01  -1.4713946e+00
  -1.7443226e+00   2.1141330e+01  -1.6886529e+00
  -1.9888857e+00   1.6163406e+01  -1.8181019e+00
  -1.7181113e+00   1.8865485e+01  -1.6239444e+00
  -2.9134787e+00   1.5722531e+01  -2.7388563e+00
  -1.7262798e+00   2.1172989e+01  -1.6709211e+00
