   1.2536714e+00   1.5474810e+01   1.5425729e+00
   2.1121040e+00   1.7947510e+01   2.2960269e+00
   1.0449372e+00   1.7667190e+01   1.2141932e+00
   3.1022144e+00   1.8892014e+01   3.2739429e+00
   1.3733612e+00   1.9168158e+01   1.4984108e+00
   2.5739716e+00   2.1411848e+01   2.6623630e+00
   1.8704165e+00   1.6868555e+01   2.0984415e+00
   1.9960518e+00   2.0126218e+01   2.1053513e+00
   1.5997952e+00   2.0150855e+01   1.7025966e+00
   2.2819186e+00   1.8118198e+01   2.4631747e+00
   1.8450140e+00   2.1365397e+01   1.9253856e+00
   2.4383023e+00   2.0866866e+01   2.5365437e+00
   1.2563660e+00   1.7928025e+01   1.4202681e+00
   6.3131463e-01   1.7218774e+01   8.0928784e-01
   1.1347161e+00   1.9944361e+01   1.2359873e+00
   1.2009979e+00   1.7697242e+01   1.3725958e+00
   1.0363792e+00   1.6625663e+01   1.2514169e+00
   1.2685992e+00   2.0373279e+01   1.3619731e+00
   1.5919368e+00   1.8217553e+01   1.7524131e+00
   3.2560390e+00   2.0872532e+01   3.3672633e+00
   2.0584285e+00   1.9149135e+01   2.1966408e+00
   2.2333208e+00   1.9884343e+01   2.3529331e+00
   2.4536797e+00   1.7652517e+01   2.6608236e+00
   1.8903857e+00   2.0121269e+01   1.9981779e+00
   2.3907774e+00   2.0360949e+01   2.5004249e+00
   2.4113736e+00   1.9700764e+01   2.5394868e+00
   2.1689708e+00   2.1227564e+01   2.2558637e+00
   2.3466010e+00   1.9786718e+01   2.4709951e+00
   1.6400099e+00   1.8556551e+01   1.7893890e+00
   7.2623557e-01   1.9571344e+01   8.3094009e-01
   1.5996385e+00   1.9729238e+01   1.7129440e+00
   1.2179365e+00   1.9964669e+01   1.3198494e+00
   1.6153863e+00   1.6815674e+01   1.8380353e+00
   1.0855091e+00   1.9996081e+01   1.1849353e+00
   2.2156577e+00   1.9419215e+01   2.3485023e+00
   2.5937240e+00   1.4757659e+01   3.0087932e+00
   2.6848916e+00   1.7887979e+01   2.8880328e+00
   2.1773005e+00   1.4754775e+01   2.5670205e+00
   2.4305812e+00   2.0528897e+01   2.5366790e+00
   2.7482131e+00   1.5065606e+01   3.1439101e+00
   2.3328338e+00   2.2053338e+01   2.4063825e+00
   2.5821215e+00   1.4847214e+01   2.9878585e+00
   1.9258211e+00   2.0167613e+01   2.0330032e+00
   9.5769169e-01   1.5103858e+01   1.2602301e+00
   1.7510545e+00   2.0087673e+01   1.8575781e+00
   1.5624647e+00   1.5065962e+01   1.8939616e+00
   1.8427232e+00   1.8120850e+01   2.0127019e+00
   1.4416264e+00   1.4425443e+01   1.8197875e+00
   2.8319018e+00   1.7406062e+01   3.0643012e+00
   2.1855599e+00   2.1664983e+01   2.2642972e+00
   2.4432473e+00   1.9491025e+01   2.5783664e+00
   2.8085142e+00   2.3063444e+01   2.8710599e+00
   2.5082292e+00   2.1520072e+01   2.5935965e+00
   2.5833586e+00   2.3115259e+01   2.6430975e+00
   1.9723038e+00   1.8266048e+01   2.1397381e+00
   1.0392099e+00   2.1572916e+01   1.1079170e+00
   1.7885406e+00   2.0383460e+01   1.8885571e+00
   1.5271357e+00   2.2128306e+01   1.5916399e+00
   1.9797932e+00   1.7121882e+01   2.1982333e+00
   1.4796766e+00   2.3078043e+01   1.5311644e+00
   2.4323141e+00   2.0388415e+01   2.5419405e+00
   2.8277941e+00   2.0378958e+01   2.9444172e+00
   2.4666805e+00   2.1293044e+01   2.5560884e+00
   2.5422210e+00   2.0157365e+01   2.6597721e+00
   1.8353358e+00   1.8717094e+01   1.9832721e+00
   9.9298371e-01   2.0526611e+01   1.0799084e+00
   1.8117858e+00   1.9867547e+01   1.9248211e+00
   1.5614841e+00   1.8689697e+01   1.7047724e+00
   1.8586401e+00   1.7413457e+01   2.0592974e+00
   1.4632170e+00   2.0216241e+01   1.5626046e+00
   2.1509725e+00   2.0795361e+01   2.2467332e+00
   2.6075022e+00   2.0860616e+01   2.7084037e+00
   1.6790656e+00   1.7636858e+01   1.8648384e+00
   1.1239408e+00   2.0661406e+01   1.2096568e+00
   1.6081835e+00   2.0470696e+01   1.7037812e+00
   1.5690212e+00   2.1185049e+01   1.6496594e+00
   1.5983077e+00   1.6966001e+01   1.8128320e+00
   1.4118374e+00   2.1116799e+01   1.4920230e+00
   8.5415779e-01   1.8565464e+01   9.8836137e-01
   7.9518064e-01   1.7175692e+01   9.7871740e-01
   7.2426477e-01   1.9929052e+01   8.2065855e-01
   1.3383459e+00   1.6710069e+01   1.5579434e+00
   7.6359776e-01   1.6647707e+01   9.7008134e-01
   1.1045532e+00   1.6615269e+01   1.3220641e+00
   1.0458271e+00   2.0402565e+01   1.1358897e+00
   1.4426677e+00   2.0108589e+01   1.5442708e+00
   1.1956237e+00   1.6829368e+01   1.4051676e+00
   1.2960096e+00   2.0559755e+01   1.3857805e+00
   3.2603677e-01   1.6490866e+01   5.2870897e-01
   1.0445647e+00   2.2126344e+01   1.1050863e+00
