  -7.3931758e-02   1.2934316e+01   3.6448178e-01
   9.0359118e-01   1.9695614e+01   1.0076642e+00
  -4.3868159e-01   1.1347898e+01   1.6640690e-01
  -3.4489727e-01   1.7834107e+01  -2.0740940e-01
  -4.2238599e-02   1.3715509e+01   3.2531981e-01
   3.6072331e-01   1.9282809e+01   4.6767503e-01
  -2.2419733e-01   1.4507531e+01   7.5568091e-02
  -7.5627160e-02   1.9078611e+01   3.0827262e-02
   4.2801038e-01   1.8700456e+01   5.5132906e-01
   8.7387976e-01   1.7830391e+01   1.0332879e+00
  -3.4956477e-01   1.1322230e+01   2.6554554e-01
   1.0991702e+00   2.1604863e+01   1.1679081e+00
  -1.0884633e+00   1.5886157e+01  -8.8984799e-01
  -1.5606430e+00   1.7276782e+01  -1.4229577e+00
  -8.4494966e-01   1.4130594e+01  -5.3997984e-01
  -1.4639688e+00   1.7257643e+01  -1.3243764e+00
  -9.2837292e-01   1.5700139e+01  -7.1759767e-01
  -7.3619445e-01   1.9961585e+01  -6.5545697e-01
   1.2639989e-01   1.1527534e+01   7.4815471e-01
  -2.7098934e-01   1.9805861e+01  -1.8293159e-01
   3.6632557e-01   1.4067974e+01   7.2254065e-01
   2.8596883e-01   1.9506698e+01   3.8663032e-01
   7.7218934e-02   1.5183518e+01   3.4304300e-01
  -2.0036186e-01   2.0545728e+01  -1.2549953e-01
   1.1655117e+00   1.8850821e+01   1.2963728e+00
   9.4460186e-01   2.0325704e+01   1.0350798e+00
  -3.0267833e-01   1.1645356e+01   2.7149190e-01
   9.5390698e-01   2.0174497e+01   1.0477071e+00
  -6.7376413e-01   1.6817227e+01  -5.0622599e-01
  -1.4926959e+00   1.8927455e+01  -1.3978485e+00
  -5.1566531e-01   1.3941243e+01  -1.8537113e-01
  -1.4145250e+00   2.0118692e+01  -1.3418516e+00
  -3.4131884e-01   1.6253485e+01  -1.4342990e-01
  -9.4083249e-01   1.9699684e+01  -8.5690436e-01
   6.3611682e-01   1.4509713e+01   9.6895976e-01
   4.3269091e-01   1.5027460e+01   7.2050752e-01
   5.6984775e-01   1.5976038e+01   8.0508858e-01
  -4.3400541e-02   1.5457196e+01   2.0262758e-01
   1.1581254e+00   1.9479438e+01   1.2712088e+00
   1.2259758e+00   1.4917243e+01   1.5534636e+00
   1.0308902e-01   1.2040041e+01   6.5377346e-01
   1.2151137e+00   1.6004919e+01   1.4693284e+00
  -1.9106549e-01   1.8170240e+01  -6.1576785e-02
  -1.4501515e+00   1.3859654e+01  -1.1453501e+00
  -2.8278689e-01   1.4377600e+01   2.3992610e-02
  -1.3486925e+00   1.4466090e+01  -1.0807418e+00
  -3.5274723e-01   1.6455593e+01  -1.6409540e-01
  -7.0664269e-01   1.5311389e+01  -4.7063449e-01
   7.9358088e-01   1.5722001e+01   1.0502639e+00
  -3.3898700e-02   2.1892499e+01   2.2060038e-02
   1.2048669e+00   1.8607288e+01   1.3440187e+00
   1.2132286e+00   2.3618167e+01   1.2571008e+00
   2.4561862e-02   1.1657892e+01   6.2025028e-01
   1.2716559e+00   2.3537268e+01   1.3167001e+00
  -2.3561253e-01   1.6552732e+01  -4.8658952e-02
  -1.3108061e+00   2.3437336e+01  -1.2765914e+00
  -1.8027698e-01   1.3953611e+01   1.6201952e-01
  -1.2440277e+00   2.1187022e+01  -1.1862254e+00
  -2.3136985e-01   1.6612110e+01  -4.6864698e-02
  -6.6408814e-01   2.4084360e+01  -6.3258719e-01
   1.0654168e+00   1.8966781e+01   1.1911537e+00
   1.1388680e+00   1.9467575e+01   1.2519736e+00
  -5.5492497e-02   1.1521631e+01   5.5320482e-01
   1.2527732e+00   2.0156169e+01   1.3507351e+00
  -4.6107886e-01   1.6544335e+01  -2.7847159e-01
  -1.4439322e+00   1.9218535e+01  -1.3548034e+00
  -3.1214498e-01   1.4203760e+01   6.0798455e-03
  -1.1891824e+00   1.9696901e+01  -1.1073024e+00
  -3.3253952e-01   1.6477455e+01  -1.4440524e-01
  -6.8846181e-01   1.9111506e+01  -5.8978122e-01
  -2.0567849e-01   1.1600186e+01   3.8126943e-01
   1.2772672e+00   2.1147503e+01   1.3554639e+00
  -5.9865371e-01   1.6172293e+01  -4.0273219e-01
  -1.3255405e+00   1.9402202e+01  -1.2391006e+00
  -5.6857094e-01   1.4122965e+01  -2.5366613e-01
  -1.2270545e+00   1.9276677e+01  -1.1372087e+00
  -4.9805792e-01   1.6196682e+01  -3.0105766e-01
  -6.8563100e-01   2.0474668e+01  -6.1349645e-01
  -1.0862042e+00   1.6674911e+01  -9.2046679e-01
  -1.4892269e+00   1.6336698e+01  -1.3171869e+00
  -9.8484933e-01   1.3781499e+01  -6.5933486e-01
  -1.3855738e+00   1.6822708e+01  -1.2301267e+00
  -1.2060473e+00   1.5710737e+01  -1.0017418e+00
  -8.5143401e-01   1.6689256e+01  -6.8214551e-01
  -7.1506775e-01   1.3476737e+01  -3.5562709e-01
  -1.2879221e+00   2.1584824e+01  -1.2354037e+00
  -6.9009324e-01   1.6446180e+01  -5.0795464e-01
  -8.8700733e-01   1.7589371e+01  -7.4987962e-01
  -1.6760894e+00   1.5943461e+01  -1.4911627e+00
  -1.0108427e+00   2.0148601e+01  -9.3569395e-01
