   1.9348178e+00   1.7162466e+01   2.1498151e+00
   2.0377862e+00   1.8647360e+01   2.1925382e+00
   1.4734428e+00   1.4103593e+01   1.8827887e+00
   1.4251882e+00   1.7496020e+01   1.6104823e+00
   1.4261413e+00   1.9199577e+01   1.5511781e+00
   1.6281727e+00   1.9614142e+01   1.7449885e+00
   1.4488997e+00   1.6727125e+01   1.6709681e+00
   1.9667952e+00   1.8796023e+01   2.1148008e+00
   1.7732862e+00   1.9327424e+01   1.9006471e+00
   1.4080699e+00   1.7196680e+01   1.6061749e+00
   1.5082399e+00   1.8359662e+01   1.6617502e+00
   8.2908348e-01   1.8406705e+01   9.6784533e-01
   1.6211626e+00   2.0338995e+01   1.7198865e+00
   1.1304950e+00   1.7237963e+01   1.3195119e+00
   1.3168513e+00   2.0867384e+01   1.4007074e+00
  -2.6745511e-01   1.5824296e+01  -4.7176756e-02
   1.3239303e+00   2.1265577e+01   1.4005020e+00
   1.2771649e+00   1.9280471e+01   1.3974490e+00
   2.2289335e+00   1.4404675e+01   2.6551218e+00
   1.7172137e+00   1.9122860e+01   1.8496924e+00
   2.3546750e+00   1.9559012e+01   2.4859494e+00
   1.5921838e+00   1.8650954e+01   1.7373743e+00
   2.2526501e+00   1.7773314e+01   2.4481314e+00
   1.9047093e+00   2.0214650e+01   2.0104166e+00
   2.6341310e+00   1.9463521e+01   2.7740680e+00
   1.6473360e+00   1.8341816e+01   1.8044739e+00
   2.1414369e+00   2.1162928e+01   2.2292857e+00
   9.5556741e-01   1.8574027e+01   1.0912709e+00
   2.3326242e+00   2.1777629e+01   2.4110027e+00
   1.3609667e+00   1.9447822e+01   1.4780041e+00
   1.9668497e+00   2.0469267e+01   2.0674057e+00
  -1.1281682e-01   1.8260389e+01   1.5156509e-02
   2.2962722e+00   2.1706527e+01   2.3755246e+00
   1.1637026e+00   1.8396009e+01   1.3090113e+00
   2.5501407e+00   2.0176201e+01   2.6673201e+00
   2.0278824e+00   1.4520454e+01   2.4304062e+00
   2.4188338e+00   1.7726505e+01   2.6213927e+00
   2.4046873e+00   1.4453938e+01   2.8374475e+00
   2.6075349e+00   1.9765407e+01   2.7375086e+00
   2.2045391e+00   1.4587161e+01   2.6114564e+00
   2.3846757e+00   1.9692764e+01   2.5125189e+00
   1.3355781e+00   1.4402916e+01   1.7101462e+00
   2.5297720e+00   2.3062096e+01   2.5897669e+00
   1.7119618e+00   1.5059907e+01   2.0510468e+00
   2.0665381e+00   2.1463795e+01   2.1476151e+00
   2.7136750e-01   1.3404664e+01   6.8165742e-01
   2.4349495e+00   2.2400499e+01   2.5038635e+00
   1.7054129e+00   1.4442180e+01   2.0964785e+00
   2.3254365e+00   1.6446864e+01   2.5942305e+00
   2.1302260e+00   1.9646936e+01   2.2547027e+00
   2.6728063e+00   1.9317288e+01   2.8184120e+00
   1.8577133e+00   2.1771876e+01   1.9310215e+00
   2.2915788e+00   1.9589103e+01   2.4207363e+00
   1.1059115e+00   2.0525308e+01   1.1941510e+00
   2.4848407e+00   2.0981657e+01   2.5811753e+00
   1.6298591e+00   2.0509960e+01   1.7248780e+00
   2.0635536e+00   1.9907123e+01   2.1796449e+00
   1.1582954e-01   1.9486676e+01   2.1492682e-01
   2.3363438e+00   2.2054019e+01   2.4099188e+00
   1.4524018e+00   2.1595037e+01   1.5246092e+00
   2.7434440e+00   1.9527915e+01   2.8836228e+00
   2.0061609e+00   1.9152003e+01   2.1432469e+00
   2.4675440e+00   1.9880719e+01   2.5914676e+00
   1.1620204e+00   1.8779963e+01   1.2949773e+00
   2.5929237e+00   2.1346299e+01   2.6829188e+00
   1.5874607e+00   1.9301738e+01   1.7123093e+00
   2.1989077e+00   2.1106364e+01   2.2886548e+00
   2.3898965e-01   1.7552917e+01   3.9598962e-01
   2.5208060e+00   2.2042014e+01   2.5966238e+00
   1.5767701e+00   1.9370646e+01   1.6994671e+00
   2.0787763e+00   2.0954967e+01   2.1701170e+00
   1.3103026e+00   1.9539541e+01   1.4241110e+00
   2.0774895e+00   2.0258983e+01   2.1847340e+00
   1.7939487e+00   2.1006290e+01   1.8806402e+00
   1.8362503e+00   2.0717098e+01   1.9294763e+00
   3.2753844e-01   1.9979916e+01   4.1825677e-01
   2.1461752e+00   2.1596950e+01   2.2257044e+00
   1.5422587e+00   2.0234726e+01   1.6422961e+00
   1.3066136e+00   2.1184115e+01   1.3844569e+00
   1.3248305e+00   1.6558357e+01   1.5518513e+00
   9.1884017e-01   2.0418340e+01   1.0071131e+00
  -3.7047189e-02   1.5165661e+01   2.2626848e-01
   1.1364049e+00   2.1185406e+01   1.2124912e+00
   1.1687812e+00   1.6275302e+01   1.4061016e+00
   1.4388852e+00   1.9317270e+01   1.5607818e+00
   2.7136450e-01   1.9737828e+01   3.6663924e-01
   1.7809033e+00   2.1629946e+01   1.8558405e+00
   1.2556192e+00   1.8907720e+01   1.3863311e+00
   6.7568633e-01   2.1248120e+01   7.4638044e-01
   9.1888375e-01   2.1213299e+01   9.9237774e-01
