   1.5561849e+00   1.5848813e+01   1.8324096e+00
   1.7524510e+00   1.7766926e+01   1.9345874e+00
   1.5982804e+00   1.5099864e+01   1.9288467e+00
   1.9543041e+00   1.7761422e+01   2.1419882e+00
   1.5141063e+00   1.8521806e+01   1.6620925e+00
   2.4822765e+00   2.1133254e+01   2.5752608e+00
   1.2946043e+00   2.0200028e+01   1.3921228e+00
   3.3152373e+00   1.9245422e+01   3.4788999e+00
   1.5865200e+00   2.2627073e+01   1.6444852e+00
   1.7353020e+00   1.7359946e+01   1.9349360e+00
   1.7280343e+00   1.7606462e+01   1.9164087e+00
   3.1805123e+00   2.0680793e+01   3.2954024e+00
   1.5314698e+00   1.9462980e+01   1.6508337e+00
   1.3048262e+00   1.6984912e+01   1.5099677e+00
   1.3753481e+00   2.0212888e+01   1.4736370e+00
   9.2021758e-01   1.6533946e+01   1.1365357e+00
   1.0302474e+00   2.0510785e+01   1.1179128e+00
   1.2825849e+00   1.9818782e+01   1.3888972e+00
   2.2981492e+00   1.5412047e+01   2.6386710e+00
   2.2019384e+00   1.9730659e+01   2.3253088e+00
   2.1750018e+00   1.8507659e+01   2.3380517e+00
   2.2282092e+00   1.8627072e+01   2.3880561e+00
   1.8942047e+00   2.0691587e+01   1.9887506e+00
   3.0932126e+00   1.9716684e+01   3.2348685e+00
   2.5114694e+00   2.2800340e+01   2.5750261e+00
   2.0373641e+00   1.9381685e+01   2.1679472e+00
   2.2315338e+00   1.9585117e+01   2.3596772e+00
   3.1127029e+00   1.9849665e+01   3.2504843e+00
   2.0859686e+00   2.0747480e+01   2.1818901e+00
   1.5315443e+00   1.8980329e+01   1.6649800e+00
   2.0035702e+00   1.9717217e+01   2.1238278e+00
   1.1341117e+00   1.8765299e+01   1.2670278e+00
   1.8739374e+00   2.0792691e+01   1.9660387e+00
   1.0977866e+00   1.8383223e+01   1.2422600e+00
   2.3735992e+00   1.8990939e+01   2.5237261e+00
   2.7398243e+00   1.4585182e+01   3.1820185e+00
   2.2428643e+00   2.0520362e+01   2.3462753e+00
   3.6930130e+00   1.5227356e+01   4.1377042e+00
   2.4182035e+00   2.2651337e+01   2.4830814e+00
   2.5045657e+00   1.4342781e+01   2.9556338e+00
   2.5771807e+00   1.8902310e+01   2.7351614e+00
   3.6604311e+00   1.5417898e+01   4.0832886e+00
   2.3611697e+00   2.2013143e+01   2.4357132e+00
   1.9203274e+00   1.4984532e+01   2.2759569e+00
   2.2412073e+00   2.0410374e+01   2.3472535e+00
   1.5652794e+00   1.4767454e+01   1.9207014e+00
   1.9931287e+00   2.1265297e+01   2.0771203e+00
   1.6113274e+00   1.4221596e+01   2.0174656e+00
   2.2481932e+00   1.8858361e+01   2.4001568e+00
   3.4422479e+00   2.1060316e+01   3.5519532e+00
   2.3728261e+00   2.1731643e+01   2.4525103e+00
   2.3684832e+00   2.1657781e+01   2.4494859e+00
   2.4946916e+00   1.8895436e+01   2.6509713e+00
   3.4350599e+00   2.2168961e+01   3.5198585e+00
   2.3539232e+00   1.9854555e+01   2.4765143e+00
   1.8947695e+00   2.0694991e+01   1.9892488e+00
   2.1049424e+00   1.9298328e+01   2.2393698e+00
   1.4254605e+00   2.0478628e+01   1.5185327e+00
   1.9996478e+00   2.0679129e+01   2.0958971e+00
   1.4558838e+00   2.1387281e+01   1.5316704e+00
   2.5090600e+00   2.2897028e+01   2.5711922e+00
   2.3222405e+00   1.9003343e+01   2.4708033e+00
   2.6017792e+00   1.9016549e+01   2.7562097e+00
   3.5345611e+00   2.0088859e+01   3.6739996e+00
   2.3166244e+00   1.9912969e+01   2.4369084e+00
   1.8391334e+00   1.9429545e+01   1.9646837e+00
   2.1400983e+00   2.0440347e+01   2.2438768e+00
   1.5221615e+00   1.8842363e+01   1.6597395e+00
   1.9748493e+00   2.1039802e+01   2.0630976e+00
   1.5165428e+00   1.9048744e+01   1.6476171e+00
   2.2726849e+00   1.9502362e+01   2.4040932e+00
   3.6155429e+00   2.2117322e+01   3.7038908e+00
   1.9810448e+00   1.9511177e+01   2.1067593e+00
   2.0043651e+00   2.0219776e+01   2.1114557e+00
   1.9868068e+00   2.0308316e+01   2.0914673e+00
   1.5512778e+00   2.0871964e+01   1.6377446e+00
   1.7903070e+00   2.0574337e+01   1.8860365e+00
   1.5561395e+00   2.0748544e+01   1.6451627e+00
   1.2314107e+00   2.0493506e+01   1.3217831e+00
   1.5623270e+00   1.6431564e+01   1.8038828e+00
   1.0097906e+00   2.0109629e+01   1.1056956e+00
   1.1755576e+00   1.5972935e+01   1.4302982e+00
   7.6651968e-01   2.0257458e+01   8.5636471e-01
   1.0843010e+00   1.5657396e+01   1.3549974e+00
   1.3409662e+00   1.9452081e+01   1.4575741e+00
   1.5177258e+00   1.9754059e+01   1.6291238e+00
   1.2216900e+00   2.0307560e+01   1.3159005e+00
   1.1917491e+00   1.7839716e+01   1.3575883e+00
   2.7953479e-01   2.0184238e+01   3.6558357e-01
   8.9144493e-01   2.0283328e+01   9.8218865e-01
