  -4.4607541e+00   1.1089660e+01  -4.0126276e+00
  -2.9561947e+00   2.0076667e+01  -2.8920774e+00
  -5.9112117e+00   9.0750720e+00  -5.2645693e+00
  -4.2430574e+00   1.9758645e+01  -4.1800697e+00
  -3.5285917e+00   1.4063978e+01  -3.2852143e+00
  -2.7721563e+00   2.5419253e+01  -2.7531130e+00
  -4.3239795e+00   1.1086723e+01  -3.8715703e+00
  -3.0002809e+00   2.1462054e+01  -2.9538042e+00
  -5.4937158e+00   8.1629396e+00  -4.6854589e+00
  -4.4654775e+00   1.8168964e+01  -4.3760299e+00
  -6.8173831e+00   7.8426208e+00  -6.0054739e+00
  -4.2554856e+00   1.8483137e+01  -4.1711555e+00
  -6.0528266e+00   2.0083182e+01  -5.9998432e+00
  -5.0419062e+00   1.9217041e+01  -4.9738865e+00
  -7.0762329e+00   1.0587206e+01  -6.6375045e+00
  -5.9668460e+00   1.9020131e+01  -5.8989658e+00
  -6.6205671e+00   1.3049420e+01  -6.3634162e+00
  -7.0780059e+00   1.8629717e+01  -7.0071857e+00
  -5.4174139e+00   9.4178579e+00  -4.8021799e+00
  -4.2289871e+00   2.1222708e+01  -4.1839427e+00
  -3.0384938e+00   1.4079387e+01  -2.7868015e+00
  -2.9333954e+00   1.9748562e+01  -2.8641360e+00
  -4.1352676e+00   1.1365449e+01  -3.7050424e+00
  -3.0521482e+00   2.0530371e+01  -2.9948045e+00
  -5.1967063e+00   8.4443472e+00  -4.4239832e+00
  -4.4164328e+00   1.9390268e+01  -4.3486284e+00
  -6.6194022e+00   8.0597157e+00  -5.8381597e+00
  -4.2849256e+00   1.9937736e+01  -4.2246344e+00
  -5.9393541e+00   1.9721809e+01  -5.8814866e+00
  -5.0245669e+00   2.0286944e+01  -4.9713014e+00
  -6.8554235e+00   1.0561682e+01  -6.4102205e+00
  -5.9791933e+00   1.9545253e+01  -5.9190471e+00
  -6.1501808e+00   1.3415625e+01  -5.9084919e+00
  -7.1619103e+00   1.8890821e+01  -7.0954121e+00
  -2.7669063e+00   1.4613321e+01  -2.5391942e+00
  -2.8456975e+00   1.5818491e+01  -2.6739406e+00
  -3.4142270e+00   1.1919404e+01  -3.0145977e+00
  -2.9633785e+00   1.5718145e+01  -2.7892701e+00
  -4.6717880e+00   9.1019461e+00  -3.9820276e+00
  -4.3681341e+00   1.3828738e+01  -4.1256246e+00
  -6.1420306e+00   8.6274152e+00  -5.4364839e+00
  -4.2042969e+00   1.5502060e+01  -4.0369279e+00
  -5.7140124e+00   1.9564867e+01  -5.6533710e+00
  -5.0532128e+00   1.6270614e+01  -4.9197667e+00
  -6.2240781e+00   1.1239033e+01  -5.8306749e+00
  -5.9289955e+00   1.6225577e+01  -5.8001181e+00
  -5.4151170e+00   1.3549456e+01  -5.1719607e+00
  -7.0500249e+00   1.2616837e+01  -6.7714178e+00
  -3.5934806e+00   1.1114228e+01  -3.1203896e+00
  -2.9679130e+00   2.2395287e+01  -2.9303164e+00
  -4.8486162e+00   9.0486694e+00  -4.1583187e+00
  -4.3570194e+00   2.2135067e+01  -4.3207860e+00
  -6.2942448e+00   8.5039194e+00  -5.5746013e+00
  -4.2074891e+00   2.2975053e+01  -4.1773358e+00
  -5.3797341e+00   2.0833849e+01  -5.3336407e+00
  -4.9641297e+00   2.0688043e+01  -4.9153859e+00
  -6.4579195e+00   1.1139805e+01  -6.0599238e+00
  -5.9383222e+00   2.4848254e+01  -5.9204985e+00
  -5.8450827e+00   1.3571146e+01  -5.6083526e+00
  -7.0666133e+00   2.3355719e+01  -7.0426627e+00
  -5.0228063e+00   8.5410256e+00  -4.2585443e+00
  -4.3468984e+00   1.7558899e+01  -4.2432760e+00
  -6.3575829e+00   8.4041142e+00  -5.6242164e+00
  -4.1764227e+00   1.8397086e+01  -4.0899769e+00
  -5.7987210e+00   2.0311685e+01  -5.7478380e+00
  -4.9718536e+00   2.1004023e+01  -4.9265407e+00
  -6.7282817e+00   1.0878376e+01  -6.3112409e+00
  -5.9048767e+00   1.7594892e+01  -5.8105222e+00
  -6.2192267e+00   1.2905919e+01  -5.9488569e+00
  -7.0623888e+00   2.0755305e+01  -7.0188604e+00
  -6.5601969e+00   8.1142034e+00  -5.7861145e+00
  -4.2084262e+00   2.0833651e+01  -4.1591065e+00
  -6.0547018e+00   2.0332939e+01  -6.0046735e+00
  -4.9510662e+00   2.1633298e+01  -4.9118056e+00
  -6.4433649e+00   1.1462752e+01  -6.0729198e+00
  -5.8995235e+00   2.2500659e+01  -5.8688917e+00
  -6.2304724e+00   1.3265889e+01  -5.9813698e+00
  -7.1162625e+00   2.2527397e+01  -7.0873445e+00
  -6.5355659e+00   1.8701296e+01  -6.4643659e+00
  -4.9449477e+00   1.9171946e+01  -4.8758479e+00
  -7.1099406e+00   1.0752940e+01  -6.6876907e+00
  -5.8676493e+00   1.7532136e+01  -5.7717601e+00
  -6.5467922e+00   1.2821688e+01  -6.2752099e+00
  -7.1145342e+00   1.6339778e+01  -6.9951589e+00
  -7.2300305e+00   1.1104033e+01  -6.8414382e+00
  -5.8227579e+00   2.1075442e+01  -5.7801065e+00
  -6.5217544e+00   1.2844305e+01  -6.2512634e+00
  -7.1124202e+00   2.2371401e+01  -7.0824429e+00
  -6.9264424e+00   1.2334054e+01  -6.6280447e+00
  -7.0781378e+00   2.1082482e+01  -7.0377825e+00
