  -3.1716168e+00   1.0134753e+01  -2.5620422e+00
  -3.1246291e+00   1.9086498e+01  -3.0451803e+00
  -3.5761511e+00   9.1961903e+00  -2.8470272e+00
  -1.8623447e+00   1.8721701e+01  -1.7663082e+00
  -3.9464304e+00   1.3707612e+01  -3.6901375e+00
  -3.0950934e+00   2.0043493e+01  -3.0311741e+00
  -4.8499302e+00   7.7383372e+00  -3.9281139e+00
  -4.1821973e+00   1.9438089e+01  -4.1141378e+00
  -3.4580102e+00   9.8658299e+00  -2.8248408e+00
  -2.8149126e+00   1.8391128e+01  -2.7194367e+00
  -3.9785124e+00   7.0101628e+00  -2.8296800e+00
  -2.7044624e+00   1.9615280e+01  -2.6317355e+00
  -3.1995519e+00   1.8905599e+01  -3.1172030e+00
  -2.4959935e+00   1.8714675e+01  -2.4050066e+00
  -5.0237648e+00   1.4497925e+01  -4.8235124e+00
  -4.4724174e+00   1.7854486e+01  -4.3763281e+00
  -4.1991586e+00   1.5625782e+01  -4.0363978e+00
  -4.0028968e+00   1.9507302e+01  -3.9351235e+00
  -3.0330939e+00   9.5166356e+00  -2.3245210e+00
  -1.8219653e+00   2.0941504e+01  -1.7640946e+00
  -3.3515769e+00   1.3937981e+01  -3.0978129e+00
  -3.1412955e+00   2.0139987e+01  -3.0789966e+00
  -4.4205813e+00   8.1975524e+00  -3.5637439e+00
  -4.2742967e+00   2.0770617e+01  -4.2244662e+00
  -3.1152388e+00   1.0131868e+01  -2.5024849e+00
  -2.7639760e+00   1.8159858e+01  -2.6628838e+00
  -3.8522808e+00   7.3118981e+00  -2.7669700e+00
  -2.6485768e+00   1.9736442e+01  -2.5775235e+00
  -3.0208860e+00   1.9543767e+01  -2.9487837e+00
  -2.4382323e+00   2.0621579e+01  -2.3792346e+00
  -4.6634154e+00   1.4268019e+01  -4.4479325e+00
  -4.4931909e+00   1.9858295e+01  -4.4325765e+00
  -3.9127601e+00   1.5713036e+01  -3.7501575e+00
  -4.1031605e+00   1.9126188e+01  -4.0296780e+00
  -3.1094201e+00   1.4322530e+01  -2.8726281e+00
  -3.0967778e+00   1.6031229e+01  -2.9363845e+00
  -3.8960767e+00   8.6966950e+00  -3.1002304e+00
  -4.1538183e+00   1.4363894e+01  -3.9361306e+00
  -2.6449574e+00   1.0792286e+01  -2.0959577e+00
  -2.6632681e+00   1.4335026e+01  -2.4185234e+00
  -3.4056645e+00   7.3672737e+00  -2.2949397e+00
  -2.6565909e+00   1.5051944e+01  -2.4487248e+00
  -2.7366599e+00   2.0278992e+01  -2.6743801e+00
  -2.4555419e+00   1.6245107e+01  -2.2946686e+00
  -4.2611154e+00   1.4678443e+01  -4.0598897e+00
  -4.4223867e+00   1.5308296e+01  -4.2498543e+00
  -3.3471551e+00   1.5528862e+01  -3.1706106e+00
  -3.9800008e+00   1.4013737e+01  -3.7414998e+00
  -3.9999309e+00   8.1439477e+00  -3.1068966e+00
  -4.1373995e+00   2.0972235e+01  -4.0894072e+00
  -2.7992705e+00   1.0746335e+01  -2.2517965e+00
  -2.7188183e+00   2.2300245e+01  -2.6796265e+00
  -3.5108989e+00   7.5668362e+00  -2.4573031e+00
  -2.6247619e+00   2.2823891e+01  -2.5897504e+00
  -2.4469613e+00   1.9642032e+01  -2.3731251e+00
  -2.3365909e+00   2.1100238e+01  -2.2832827e+00
  -4.1906233e+00   1.4849573e+01  -3.9962133e+00
  -4.4124533e+00   2.4654524e+01  -4.3922209e+00
  -3.6351073e+00   1.5805591e+01  -3.4728142e+00
  -3.9707221e+00   2.3913116e+01  -3.9460434e+00
  -2.8990900e+00   1.0208556e+01  -2.2860140e+00
  -2.6184575e+00   1.9228834e+01  -2.5384207e+00
  -3.6886408e+00   7.3404610e+00  -2.5964132e+00
  -2.6130928e+00   1.8706977e+01  -2.5228274e+00
  -2.9310988e+00   1.8955651e+01  -2.8479940e+00
  -2.4177803e+00   2.0037394e+01  -2.3501893e+00
  -4.5144572e+00   1.4714717e+01  -4.3180425e+00
  -4.3810949e+00   1.8051888e+01  -4.2887354e+00
  -3.9399465e+00   1.5318240e+01  -3.7623269e+00
  -3.9805475e+00   2.0283000e+01  -3.9237451e+00
  -3.7678791e+00   7.2825394e+00  -2.6684004e+00
  -2.6183956e+00   2.1074041e+01  -2.5660150e+00
  -3.0646176e+00   1.9043704e+01  -2.9840155e+00
  -2.3719000e+00   2.3025565e+01  -2.3377646e+00
  -4.5634799e+00   1.5072829e+01  -4.3830034e+00
  -4.3664650e+00   2.0576248e+01  -4.3146593e+00
  -4.0192103e+00   1.5494862e+01  -3.8495171e+00
  -4.0206483e+00   2.2042435e+01  -3.9828320e+00
  -3.6735077e+00   1.8800522e+01  -3.5919989e+00
  -2.3367047e+00   1.9893926e+01  -2.2663649e+00
  -4.9718447e+00   1.4587904e+01  -4.7750740e+00
  -4.3710610e+00   1.6655895e+01  -4.2438415e+00
  -4.4030078e+00   1.5117706e+01  -4.2225901e+00
  -4.0407465e+00   1.8020805e+01  -3.9456782e+00
  -4.8557603e+00   1.5016739e+01  -4.6761080e+00
  -4.3411683e+00   2.1802751e+01  -4.3020209e+00
  -4.2040442e+00   1.5301216e+01  -4.0288201e+00
  -4.0276675e+00   2.2132587e+01  -3.9906437e+00
  -4.8606958e+00   1.4813489e+01  -4.6725817e+00
  -3.9738590e+00   2.2715808e+01  -3.9413656e+00
