  -9.2437157e-01   1.7687601e+01  -7.9083010e-01
  -8.7075622e-01   1.2161075e+01  -3.9279383e-01
  -2.8495990e+00   1.0234754e+01  -2.2375956e+00
  -2.1621796e+00   1.2618574e+01  -1.7839056e+00
  -2.9796520e+00   1.0753145e+01  -2.4411712e+00
  -2.1248680e+00   1.2479849e+01  -1.7331016e+00
  -1.5311511e+00   1.2070952e+01  -1.0758636e+00
  -6.6436237e-01   1.4514680e+01  -3.7961154e-01
  -5.1331359e+00   6.8307924e+00  -4.0289439e+00
  -3.7327344e+00   1.2232088e+01  -3.3690509e+00
  -2.0770053e+00   1.1976937e+01  -1.6357000e+00
  -2.3492064e+00   1.2082373e+01  -1.9288970e+00
  -1.8163709e+00   1.2718185e+01  -1.4344853e+00
  -1.7242267e+00   1.3235505e+01  -1.3819215e+00
  -2.4859121e+00   1.1927919e+01  -2.0557804e+00
  -3.0010146e+00   1.1074327e+01  -2.5011491e+00
  -3.7165379e+00   8.6328816e+00  -2.8984471e+00
  -3.2567456e+00   1.0557204e+01  -2.7063007e+00
  -1.7819375e+00   9.7099343e+00  -1.0213232e+00
  -1.0149570e+00   1.9217488e+01  -9.2189959e-01
  -9.3900517e-01   1.2350860e+01  -4.8479567e-01
  -4.1831337e-01   1.8611794e+01  -3.0429543e-01
   1.0527057e-01   1.1926274e+01   6.7077683e-01
   6.2654463e-01   1.8997341e+01   7.4457336e-01
  -4.2438342e+00   7.0022018e+00  -3.1152484e+00
  -2.8814288e+00   1.9854820e+01  -2.8135626e+00
  -3.0935702e-01   1.2439487e+01   1.6845863e-01
  -6.0102293e-01   1.7743854e+01  -4.6457064e-01
  -3.9060079e-02   1.5150402e+01   2.2511998e-01
  -2.9407084e-01   1.7875684e+01  -1.5711033e-01
  -8.8152728e-01   1.3116953e+01  -4.9815959e-01
  -1.4836616e+00   1.7975612e+01  -1.3655203e+00
  -3.1584344e+00   7.1665295e+00  -1.9726738e+00
  -2.1801919e+00   1.8608993e+01  -2.0844099e+00
  -2.2074893e+00   1.1882751e+01  -1.7619874e+00
  -2.2967531e+00   1.0728285e+01  -1.7222226e+00
  -1.4615916e+00   1.2154312e+01  -1.0117608e+00
  -1.6008186e+00   1.0551015e+01  -9.6118224e-01
  -4.5302806e+00   7.6652067e+00  -3.5738119e+00
  -4.0717639e+00   9.8987300e+00  -3.4708733e+00
  -1.7998760e+00   1.2853719e+01  -1.4290516e+00
  -2.6297146e+00   1.0050695e+01  -1.9795314e+00
  -1.6514873e+00   1.4506067e+01  -1.3937740e+00
  -2.0978583e+00   1.2328296e+01  -1.6913074e+00
  -2.1610633e+00   1.2449699e+01  -1.7678961e+00
  -3.2984440e+00   1.0453308e+01  -2.7367895e+00
  -3.2619490e+00   9.9114361e+00  -2.6255480e+00
  -3.6046177e+00   9.0237215e+00  -2.8484657e+00
  -9.4549604e-01   1.1286912e+01  -3.6618448e-01
  -7.7325471e-01   1.3751299e+01  -4.3793001e-01
  -4.4577048e+00   7.8829125e+00  -3.5415372e+00
  -3.6279404e+00   1.3755951e+01  -3.3687412e+00
  -1.3020081e+00   1.1887068e+01  -8.1594372e-01
  -1.8502147e+00   1.4005719e+01  -1.5666314e+00
  -1.3489154e+00   1.3287298e+01  -9.9785647e-01
  -1.6417782e+00   1.5040681e+01  -1.4135689e+00
  -2.0026154e+00   1.2464264e+01  -1.6049865e+00
  -2.9507665e+00   1.1573119e+01  -2.5024837e+00
  -2.8992512e+00   1.0516231e+01  -2.3273488e+00
  -3.1226895e+00   1.1159404e+01  -2.6371441e+00
  -4.1745462e+00   7.2503279e+00  -3.1004400e+00
  -3.2272415e+00   1.3047806e+01  -2.9135056e+00
  -4.7178903e-01   1.3080889e+01  -6.7220602e-02
  -1.2414212e+00   1.1920783e+01  -7.5604092e-01
  -3.9007872e-01   1.5189900e+01  -1.3870772e-01
  -9.0655046e-01   1.2985261e+01  -5.1248607e-01
  -1.0225751e+00   1.4522936e+01  -7.4909017e-01
  -2.1625731e+00   1.0225536e+01  -1.5105562e+00
  -3.1820391e+00   7.5937750e+00  -2.1059066e+00
  -2.5174955e+00   1.3341148e+01  -2.2066115e+00
  -3.3123561e+00   1.3454230e+01  -3.0281906e+00
  -4.7731138e+00   7.3540905e+00  -3.7653355e+00
  -3.3882147e+00   1.5652228e+01  -3.2171011e+00
  -4.7003429e+00   7.0680056e+00  -3.6223822e+00
  -3.6302504e+00   1.3429203e+01  -3.3510878e+00
  -5.4059895e+00   7.2382031e+00  -4.4117044e+00
  -4.8752178e+00   7.6542948e+00  -3.9377411e+00
  -5.0451546e+00   8.1610342e+00  -4.2152207e+00
  -1.3621505e+00   1.4109471e+01  -1.0717639e+00
  -9.7676809e-01   1.3217145e+01  -6.0592913e-01
  -1.8859255e+00   1.5222290e+01  -1.6720099e+00
  -2.2125150e+00   1.2074980e+01  -1.7862926e+00
  -3.8838755e+00   6.9603562e+00  -2.7140071e+00
  -2.5746082e+00   1.3044993e+01  -2.2436221e+00
  -1.6565079e+00   1.6386335e+01  -1.4891369e+00
  -2.1530646e+00   1.3592854e+01  -1.8499796e+00
  -3.5839899e+00   7.0433561e+00  -2.4079236e+00
  -2.4896296e+00   1.6136218e+01  -2.3251683e+00
  -4.4116942e+00   7.0585148e+00  -3.3101146e+00
  -2.8651459e+00   1.4337919e+01  -2.6245759e+00
