  -7.1232404e+00   4.5996370e+00  -5.5279577e+00
  -4.3072197e+00   1.1466406e+01  -3.8914541e+00
  -7.9901460e+00   2.5694310e+00  -5.6776229e+00
  -5.2406648e+00   1.1076832e+01  -4.8117147e+00
  -7.1450934e+00   5.0558538e+00  -5.6952930e+00
  -4.7114931e+00   1.1463531e+01  -4.3059453e+00
  -7.3874726e+00   3.3066042e+00  -5.3362185e+00
  -2.9723562e+00   1.4366066e+01  -2.7353691e+00
  -6.9446390e+00   5.7801486e+00  -5.6880480e+00
  -5.1344195e+00   1.0583629e+01  -4.6524296e+00
  -7.6429296e+00   3.1135852e+00  -5.5350645e+00
  -4.8152809e+00   1.1844736e+01  -4.4454505e+00
  -7.3752373e+00   6.6942789e+00  -6.3591981e+00
  -5.9115963e+00   1.0606059e+01  -5.4514733e+00
  -7.5682668e+00   6.3688562e+00  -6.4875614e+00
  -6.2125824e+00   1.0924034e+01  -5.7901984e+00
  -7.7028380e+00   6.1885398e+00  -6.5858161e+00
  -6.6730375e+00   1.1080365e+01  -6.2734743e+00
  -7.0045408e+00   3.3875185e+00  -4.9496434e+00
  -5.8246925e+00   6.0522918e+00  -4.5704534e+00
  -6.3262293e+00   6.1060278e+00  -5.1186535e+00
  -5.6531012e+00   5.4982352e+00  -4.2277501e+00
  -6.4375993e+00   4.7112142e+00  -4.8262941e+00
  -3.8010123e+00   7.8594566e+00  -2.8356975e+00
  -6.0520058e+00   7.1751997e+00  -5.0789224e+00
  -5.8483633e+00   4.9584275e+00  -4.2685021e+00
  -6.5367144e+00   4.6190666e+00  -4.9025264e+00
  -5.6881515e+00   5.7509788e+00  -4.3402161e+00
  -6.8797783e+00   7.2042620e+00  -5.9500162e+00
  -6.8761312e+00   4.8647058e+00  -5.3488594e+00
  -7.1219957e+00   6.8027845e+00  -6.1188882e+00
  -6.9146579e+00   5.1158048e+00  -5.4678854e+00
  -6.7740271e+00   6.9699373e+00  -5.7915346e+00
  -7.2491871e+00   4.8243883e+00  -5.7348953e+00
  -6.2092554e+00   6.0715567e+00  -4.9855254e+00
  -5.9469878e+00   3.4676611e+00  -3.8054766e+00
  -6.4763313e+00   5.0984343e+00  -4.9932284e+00
  -4.5399031e+00   5.0248824e+00  -2.8438194e+00
  -5.6613741e+00   8.0635457e+00  -4.8428710e+00
  -6.5253824e+00   2.9919589e+00  -4.2436766e+00
  -6.3549513e+00   4.6198214e+00  -4.7055898e+00
  -6.0719715e+00   3.3193249e+00  -3.8808521e+00
  -6.7131598e+00   9.0425590e+00  -6.0859658e+00
  -7.9540870e+00   2.2773832e+00  -5.5022782e+00
  -7.1061973e+00   7.2687142e+00  -6.1980954e+00
  -7.4021843e+00   3.0187745e+00  -5.2308705e+00
  -6.6327103e+00   6.5436095e+00  -5.5490949e+00
  -7.3485723e+00   2.9120914e+00  -5.1251212e+00
  -6.2350996e+00   4.8027367e+00  -4.6373761e+00
  -2.9621513e+00   9.9445087e+00  -2.3148625e+00
  -5.8445704e+00   6.6437457e+00  -4.7410965e+00
  -4.8157175e+00   8.7004448e+00  -4.0685044e+00
  -6.2960889e+00   4.2500880e+00  -4.5095212e+00
  -4.6323877e+00   8.4175803e+00  -3.8275929e+00
  -6.6263765e+00   8.0620230e+00  -5.8457727e+00
  -5.9731516e+00   8.7389431e+00  -5.2789149e+00
  -6.9127029e+00   7.0345487e+00  -5.9497007e+00
  -6.2907750e+00   7.8550040e+00  -5.4612384e+00
  -6.5083458e+00   7.3124416e+00  -5.5846615e+00
  -6.5867278e+00   7.3899030e+00  -5.6817039e+00
  -5.4698225e+00   7.8916080e+00  -4.6108658e+00
  -5.5297266e+00   7.5807444e+00  -4.6134478e+00
  -5.9966656e+00   4.5837013e+00  -4.3020076e+00
  -4.9287509e+00   8.5930889e+00  -4.1689029e+00
  -6.1847417e+00   7.6623171e+00  -5.3151539e+00
  -6.1461514e+00   7.9533873e+00  -5.3284712e+00
  -6.4261845e+00   7.1108600e+00  -5.4575981e+00
  -6.2309733e+00   7.7021414e+00  -5.3708505e+00
  -6.1454626e+00   6.9448312e+00  -5.1275454e+00
  -6.5853646e+00   7.2753369e+00  -5.6575681e+00
  -7.7777641e+00   2.9851558e+00  -5.6279321e+00
  -5.0628263e+00   1.0177989e+01  -4.5328710e+00
  -7.7367080e+00   6.6298594e+00  -6.7209320e+00
  -6.2305484e+00   9.1531362e+00  -5.6048573e+00
  -8.0795578e+00   6.0535931e+00  -6.9460383e+00
  -6.6201030e+00   8.6112114e+00  -5.9276875e+00
  -7.8144512e+00   6.4350798e+00  -6.7587539e+00
  -6.9031508e+00   8.2884008e+00  -6.1691336e+00
  -8.7546725e+00   5.6337845e+00  -7.5443518e+00
  -6.6257936e+00   7.6867261e+00  -5.7787103e+00
  -9.5417753e+00   3.7564746e+00  -7.8075009e+00
  -6.4149036e+00   8.4244428e+00  -5.6867560e+00
  -9.3897427e+00   4.3181308e+00  -7.8335989e+00
  -6.9210474e+00   7.7132498e+00  -6.0897301e+00
  -7.7274116e+00   6.3293663e+00  -6.6442402e+00
  -6.5343957e+00   8.7168066e+00  -5.8552370e+00
  -7.4630742e+00   6.8671408e+00  -6.4873257e+00
  -7.0508238e+00   7.6537260e+00  -6.2133192e+00
  -9.1592316e+00   4.9423233e+00  -7.7797223e+00
  -7.4967006e+00   8.4984196e+00  -6.8120737e+00
