  -8.1356441e+00   1.0531845e+00  -5.0622692e+00
  -6.3693111e+00   4.7743241e+00  -4.7734303e+00
  -8.4733695e+00   1.1410250e+00  -5.4936042e+00
  -6.9361115e+00   4.5778523e+00  -5.3197504e+00
  -7.4815849e+00   1.6996315e+00  -4.6796169e+00
  -6.0902140e+00   4.3992243e+00  -4.3383527e+00
  -7.9276824e+00  -4.8716872e-02  -4.1203742e+00
  -4.6985841e+00   6.3137270e+00  -3.4281635e+00
  -7.4090484e+00   3.7685164e+00  -5.5420049e+00
  -7.5125733e+00   3.1030740e+00  -5.3881050e+00
  -8.8217420e+00   6.2605205e-01  -5.5896965e+00
  -7.0961974e+00   4.6124231e+00  -5.5031735e+00
  -7.6413440e+00   3.8566930e+00  -5.8256170e+00
  -7.8236492e+00   3.0701129e+00  -5.7138479e+00
  -8.0387349e+00   2.5380828e+00  -5.7166758e+00
  -7.6351826e+00   3.5514193e+00  -5.7035452e+00
  -8.1926524e+00   3.9248904e+00  -6.4404828e+00
  -8.2186242e+00   3.6965249e+00  -6.3858028e+00
  -8.1188116e+00   1.4450476e+00  -5.2623551e+00
  -7.2905809e+00   2.6621751e+00  -4.9476430e+00
  -6.9018370e+00   2.5220551e+00  -4.4454313e+00
  -6.9627439e+00   1.6513011e+00  -4.0572034e+00
  -6.9659412e+00   1.2685291e+00  -3.8371280e+00
  -5.6823741e+00   2.9523653e+00  -3.2624807e+00
  -6.6195390e+00   4.9268426e+00  -5.0931702e+00
  -8.4140970e+00   3.0979205e-01  -4.9303264e+00
  -7.6071714e+00   2.0630107e+00  -5.0111970e+00
  -7.6977417e+00   1.5997170e+00  -4.8709154e+00
  -7.1486036e+00   4.2835991e+00  -5.4479933e+00
  -8.5735517e+00   4.4933809e-01  -5.2010471e+00
  -7.5250219e+00   2.9245605e+00  -5.3249637e+00
  -8.2711248e+00   9.8463342e-01  -5.1765700e+00
  -7.3762870e+00   5.0235461e+00  -5.9312225e+00
  -9.2792617e+00   2.2331328e-01  -5.8626509e+00
  -6.6958414e+00   2.8674291e+00  -4.3778545e+00
  -7.1811736e+00   1.0372102e+00  -3.9491134e+00
  -7.0126821e+00   1.5415092e+00  -4.0525967e+00
  -6.2298014e+00   1.9292148e+00  -3.3577587e+00
  -6.8838423e+00   5.2457901e+00  -5.4738713e+00
  -8.6827970e+00   1.1496432e-01  -5.1153282e+00
  -7.4587863e+00   2.0631463e+00  -4.8445869e+00
  -7.8087563e+00   8.6574064e-01  -4.5764812e+00
  -6.7670779e+00   5.6241145e+00  -5.4578045e+00
  -9.5653904e+00  -1.2248107e+00  -5.2115054e+00
  -7.2844146e+00   3.7805145e+00  -5.4114865e+00
  -8.7455833e+00   1.8025107e-01  -5.2293353e+00
  -7.1252652e+00   4.9372372e+00  -5.6379220e+00
  -8.9847353e+00  -1.0562782e-01  -5.3192565e+00
  -6.9125989e+00   9.7901436e-01  -3.5941540e+00
  -4.9572857e+00   3.9235837e+00  -2.8782026e+00
  -6.5969800e+00   4.4886830e+00  -4.9230864e+00
  -7.1755565e+00   2.6878073e+00  -4.8314385e+00
  -7.3674965e+00   1.8488631e+00  -4.6299157e+00
  -6.7088339e+00   3.2749157e+00  -4.5749632e+00
  -6.8466521e+00   4.8361142e+00  -5.3081312e+00
  -7.6833163e+00   2.3848877e+00  -5.2537095e+00
  -7.1181832e+00   3.3941679e+00  -5.0772885e+00
  -7.6727304e+00   2.1380430e+00  -5.1220708e+00
  -6.9177717e+00   4.9990397e+00  -5.4355226e+00
  -8.1380861e+00   1.9621380e+00  -5.5523932e+00
  -6.2295094e+00   5.4657888e+00  -4.8392747e+00
  -8.2117304e+00   9.6324518e-01  -5.0966803e+00
  -6.9992901e+00   2.1785811e+00  -4.3837586e+00
  -7.1555630e+00   2.1693815e+00  -4.5563909e+00
  -6.3589761e+00   5.0140872e+00  -4.8403384e+00
  -8.1089924e+00   1.2479959e+00  -5.1427439e+00
  -6.8147718e+00   3.3958652e+00  -4.7438267e+00
  -7.6717664e+00   1.6477364e+00  -4.8674413e+00
  -6.7884904e+00   5.0577104e+00  -5.3153713e+00
  -8.7757472e+00   8.6636523e-01  -5.6778383e+00
  -8.3947100e+00   1.1751581e+00  -5.4242544e+00
  -7.0979098e+00   3.7154716e+00  -5.1836405e+00
  -7.8864223e+00   4.0466103e+00  -6.1566438e+00
  -8.0623189e+00   2.7325988e+00  -5.8292490e+00
  -8.2102408e+00   2.4206605e+00  -5.8509434e+00
  -7.7231855e+00   3.3088731e+00  -5.7028443e+00
  -8.2030050e+00   4.2442828e+00  -6.5612529e+00
  -8.7408945e+00   2.5668059e+00  -6.4931741e+00
  -8.8884045e+00   2.4717278e+00  -6.6107220e+00
  -7.6461414e+00   4.1548331e+00  -5.9374810e+00
  -9.6988137e+00   4.8472576e-01  -6.4864651e+00
  -7.5761603e+00   4.4424124e+00  -5.9604100e+00
  -9.6704726e+00   2.7335774e+00  -7.5582044e+00
  -8.9110143e+00   3.4262623e+00  -7.0231290e+00
  -7.7608243e+00   2.8613850e+00  -5.5560662e+00
  -7.8006288e+00   2.6277683e+00  -5.4959436e+00
  -8.1404540e+00   4.2431700e+00  -6.4945251e+00
  -8.9888951e+00   1.9317857e+00  -6.4715946e+00
  -9.6511730e+00   2.7353553e+00  -7.5384517e+00
  -9.3798909e+00   2.6170575e+00  -7.2006488e+00
