  -7.6475539e+00   5.2383580e+00  -6.2809166e+00
  -4.5863827e+00   1.3847486e+01  -4.3481629e+00
  -7.8105094e+00   2.8328286e+00  -5.5979919e+00
  -5.0952931e+00   1.3040437e+01  -4.8175996e+00
  -6.8328757e+00   9.1024407e+00  -6.2170787e+00
  -5.2771235e+00   1.2394531e+01  -4.9589628e+00
  -7.5783081e+00   6.1778428e+00  -6.4533609e+00
  -3.8931871e+00   1.4452377e+01  -3.6760876e+00
  -7.3197495e+00   7.6407031e+00  -6.4890324e+00
  -6.1941904e+00   1.1637748e+01  -5.8339594e+00
  -7.8445956e+00   5.6142330e+00  -6.5907302e+00
  -4.1988153e+00   1.3825741e+01  -3.9534823e+00
  -7.5858833e+00   8.2802025e+00  -6.8702567e+00
  -6.5647056e+00   1.1476414e+01  -6.1973574e+00
  -7.5962211e+00   1.0152716e+01  -7.1224111e+00
  -6.6535235e+00   1.1674223e+01  -6.3034657e+00
  -8.0705032e+00   8.9721070e+00  -7.4657399e+00
  -7.3554735e+00   1.2310204e+01  -7.0603951e+00
  -7.4219513e+00   3.1428409e+00  -5.3056466e+00
  -5.6631221e+00   8.1877484e+00  -4.8666862e+00
  -6.4211547e+00   9.7802338e+00  -5.8813674e+00
  -6.1989046e+00   6.2151857e+00  -5.0115001e+00
  -6.7017399e+00   7.5661396e+00  -5.8351690e+00
  -4.8405980e+00   8.1097120e+00  -3.9905800e+00
  -6.1751800e+00   9.3575148e+00  -5.5755415e+00
  -6.9308645e+00   5.5301316e+00  -5.6054468e+00
  -6.9185670e+00   6.7871541e+00  -5.9032602e+00
  -4.8451782e+00   8.4254218e+00  -4.0525689e+00
  -6.9361238e+00   8.8328413e+00  -6.2855390e+00
  -7.3680672e+00   5.7811879e+00  -6.1344449e+00
  -6.9785371e+00   1.0630828e+01  -6.5423488e+00
  -7.2056885e+00   5.8953486e+00  -5.9932070e+00
  -6.9560822e+00   9.9811911e+00  -6.4516263e+00
  -8.5134663e+00   4.8250938e+00  -7.0713310e+00
  -6.4968334e+00   9.0896120e+00  -5.8701154e+00
  -6.4024869e+00   3.9906393e+00  -4.5284024e+00
  -6.7396844e+00   7.8206614e+00  -5.9210980e+00
  -5.2227713e+00   5.2383584e+00  -3.6763099e+00
  -6.7766446e+00   9.1273776e+00  -6.1627493e+00
  -7.1175181e+00   3.7471129e+00  -5.2172667e+00
  -6.6489828e+00   7.1405639e+00  -5.6965720e+00
  -5.0922896e+00   5.4037084e+00  -3.5867973e+00
  -6.7996122e+00   1.0461787e+01  -6.3433273e+00
  -7.9265173e+00   2.8166376e+00  -5.7177502e+00
  -6.7861224e+00   1.1094848e+01  -6.3897495e+00
  -7.5430033e+00   3.5617742e+00  -5.6077262e+00
  -6.9146424e+00   9.1988626e+00  -6.3138645e+00
  -8.3482454e+00   2.6113733e+00  -6.0872980e+00
  -6.6653812e+00   7.4998824e+00  -5.7848316e+00
  -3.8392751e+00   1.1372624e+01  -3.4008698e+00
  -6.3072975e+00   8.1919714e+00  -5.5372239e+00
  -5.7365622e+00   9.9470526e+00  -5.1988473e+00
  -6.4575773e+00   6.4833821e+00  -5.3507280e+00
  -3.9147319e+00   1.1674274e+01  -3.5073742e+00
  -6.7570007e+00   1.0117192e+01  -6.2634692e+00
  -6.5647754e+00   1.0354297e+01  -6.0926967e+00
  -6.7435573e+00   1.0810829e+01  -6.3204498e+00
  -6.5458033e+00   8.7415643e+00  -5.8706778e+00
  -6.8078093e+00   9.7053692e+00  -6.2682265e+00
  -7.3046030e+00   8.8926287e+00  -6.6719771e+00
  -6.0241615e+00   9.6515739e+00  -5.4582120e+00
  -6.5126220e+00   9.4976190e+00  -5.9403258e+00
  -6.1897605e+00   6.9093012e+00  -5.1663023e+00
  -4.2159967e+00   1.1131432e+01  -3.7649133e+00
  -6.3152960e+00   8.9401884e+00  -5.6621381e+00
  -6.7196237e+00   9.5799073e+00  -6.1627503e+00
  -6.3925742e+00   1.0779225e+01  -5.9598823e+00
  -6.5096222e+00   9.2715680e+00  -5.9079191e+00
  -6.5112263e+00   9.4386316e+00  -5.9313768e+00
  -7.6162078e+00   9.3439064e+00  -7.0500225e+00
  -7.7455572e+00   5.7626994e+00  -6.5255644e+00
  -4.3419649e+00   1.1852373e+01  -3.9617487e+00
  -7.9708647e+00   8.5593801e+00  -7.3067071e+00
  -6.8607763e+00   1.0559648e+01  -6.4154703e+00
  -7.8890758e+00   9.6139539e+00  -7.3607312e+00
  -6.6945542e+00   1.0592308e+01  -6.2493754e+00
  -8.0938088e+00   8.7082191e+00  -7.4535681e+00
  -7.5833044e+00   9.8726873e+00  -7.0789227e+00
  -8.9729500e+00   6.8624609e+00  -8.0448627e+00
  -6.7542579e+00   8.0141384e+00  -5.9699394e+00
  -9.2398729e+00   7.5668113e+00  -8.4475201e+00
  -6.8542625e+00   7.9590007e+00  -6.0639205e+00
  -9.4416543e+00   7.2814838e+00  -8.6037780e+00
  -7.8220621e+00   6.8820512e+00  -6.8625569e+00
  -7.5211936e+00   9.8493067e+00  -7.0130441e+00
  -6.6106932e+00   9.5813614e+00  -6.0513509e+00
  -7.7080438e+00   9.0606980e+00  -7.1074516e+00
  -7.5879069e+00   8.5354070e+00  -6.9110996e+00
  -9.4584784e+00   7.4060222e+00  -8.6430078e+00
  -8.4057445e+00   9.9434083e+00  -7.9226594e+00
