  -7.7807876e+00   6.6128998e+00  -6.7630062e+00
  -6.0593577e+00   1.3289548e+01  -5.8096138e+00
  -7.9345549e+00   3.4913926e+00  -6.0035831e+00
  -6.7302843e+00   1.1555191e+01  -6.3719149e+00
  -7.3164599e+00   9.1517635e+00  -6.7191374e+00
  -5.5619603e+00   1.1991080e+01  -5.2187363e+00
  -7.5908670e+00   5.9008790e+00  -6.3987125e+00
  -4.3993655e+00   1.5914747e+01  -4.2489258e+00
  -7.2102909e+00   9.8220603e+00  -6.6930099e+00
  -7.1458755e+00   1.0745871e+01  -6.7235553e+00
  -8.2872250e+00   5.6280081e+00  -7.0567340e+00
  -6.7004728e+00   1.2672547e+01  -6.4214200e+00
  -7.3105513e+00   9.5139554e+00  -6.7589442e+00
  -7.3268614e+00   1.0941040e+01  -6.9253386e+00
  -7.7959687e+00   1.0613527e+01  -7.3712769e+00
  -7.2657901e+00   1.1979992e+01  -6.9469004e+00
  -7.8467504e+00   9.5954165e+00  -7.3154668e+00
  -7.9831852e+00   1.2707220e+01  -7.7191649e+00
  -7.3583263e+00   3.8642994e+00  -5.5230878e+00
  -7.1250549e+00   6.7339193e+00  -6.1071738e+00
  -6.6146880e+00   1.0436756e+01  -6.1522120e+00
  -6.4097405e+00   5.9208438e+00  -5.1588413e+00
  -6.6920588e+00   7.1503535e+00  -5.7435223e+00
  -5.3465871e+00   7.0518107e+00  -4.3075780e+00
  -6.2215050e+00   1.1442669e+01  -5.8456208e+00
  -8.0223151e+00   4.1841632e+00  -6.3490709e+00
  -7.1168425e+00   6.9747523e+00  -6.1498600e+00
  -7.4522823e+00   5.2496641e+00  -6.0780419e+00
  -6.6505011e+00   9.9633536e+00  -6.1374713e+00
  -8.4419365e+00   4.0196004e+00  -6.7384441e+00
  -7.2398338e+00   1.0789170e+01  -6.8230925e+00
  -7.9752729e+00   4.8895287e+00  -6.5246053e+00
  -6.8872137e+00   9.9283611e+00  -6.3753586e+00
  -8.9032071e+00   4.3125423e+00  -7.3223160e+00
  -6.4138373e+00   9.7920313e+00  -5.8752815e+00
  -6.8112085e+00   3.2139074e+00  -4.6623168e+00
  -6.7576965e+00   7.7363973e+00  -5.9246437e+00
  -5.8223836e+00   4.2606900e+00  -3.9911882e+00
  -6.5498592e+00   1.1639942e+01  -6.1955192e+00
  -8.3780335e+00   2.4234710e+00  -6.0355677e+00
  -6.8437670e+00   7.7155829e+00  -6.0100933e+00
  -7.3233200e+00   3.2157393e+00  -5.2282034e+00
  -6.5522655e+00   1.2188629e+01  -6.2390843e+00
  -9.1122580e+00   1.2078003e+00  -6.2405794e+00
  -7.0518098e+00   1.1850773e+01  -6.7208070e+00
  -8.2676434e+00   2.7287397e+00  -6.0510774e+00
  -6.7547645e+00   9.4292307e+00  -6.1798925e+00
  -8.6554785e+00   2.0905675e+00  -6.1837959e+00
  -6.7146475e+00   7.1623675e+00  -5.7695339e+00
  -4.3643725e+00   9.8353324e+00  -3.7668687e+00
  -6.3237504e+00   9.8583116e+00  -5.7908584e+00
  -6.6714018e+00   8.5862222e+00  -5.9767652e+00
  -6.8297144e+00   6.8963414e+00  -5.8340308e+00
  -6.3570464e+00   8.7416794e+00  -5.6760499e+00
  -6.5201444e+00   1.1320467e+01  -6.1389837e+00
  -7.3460920e+00   8.8783246e+00  -6.7124953e+00
  -6.8154815e+00   1.1411680e+01  -6.4467053e+00
  -7.2146379e+00   7.8505460e+00  -6.4175229e+00
  -6.5674600e+00   1.0242190e+01  -6.0835081e+00
  -7.8770846e+00   7.7084281e+00  -7.0753967e+00
  -6.1327417e+00   1.1430210e+01  -5.7542379e+00
  -7.7858344e+00   7.7179343e+00  -6.9831772e+00
  -6.6764607e+00   6.9494562e+00  -5.6852557e+00
  -6.6994228e+00   8.7306649e+00  -6.0272914e+00
  -6.2176299e+00   1.0004257e+01  -5.6991766e+00
  -7.6192784e+00   8.3664898e+00  -6.9178566e+00
  -6.7193670e+00   1.1152797e+01  -6.3270012e+00
  -7.1913097e+00   8.1764061e+00  -6.4480480e+00
  -6.6366370e+00   9.5147851e+00  -6.0696395e+00
  -8.2293009e+00   8.1347421e+00  -7.5070742e+00
  -7.9009348e+00   6.3002277e+00  -6.8180495e+00
  -6.6494105e+00   9.2410700e+00  -6.0473995e+00
  -7.4157677e+00   9.9439511e+00  -6.9162089e+00
  -7.7146309e+00   8.5509045e+00  -7.0432254e+00
  -8.0372444e+00   1.0336068e+01  -7.5891916e+00
  -7.4627139e+00   9.1396073e+00  -6.8671176e+00
  -7.8518369e+00   9.3309907e+00  -7.2887633e+00
  -8.5096332e+00   8.0677173e+00  -7.7833390e+00
  -8.5414773e+00   8.1621138e+00  -7.8306021e+00
  -7.4897318e+00   7.0575201e+00  -6.5539842e+00
  -9.3551773e+00   7.8711319e+00  -8.6153573e+00
  -7.4232312e+00   7.3436365e+00  -6.5410586e+00
  -9.2256763e+00   7.8184198e+00  -8.4748255e+00
  -8.5909717e+00   5.8823949e+00  -7.4360000e+00
  -7.6987713e+00   1.0700488e+01  -7.2808130e+00
  -7.4122956e+00   8.5467169e+00  -6.7326839e+00
  -7.7293714e+00   9.5223532e+00  -7.1872321e+00
  -8.5089872e+00   7.7648724e+00  -7.7334879e+00
  -9.1989641e+00   7.8510462e+00  -8.4528446e+00
  -8.8198811e+00   8.8820402e+00  -8.2172076e+00
