  -7.9854983e+00   2.9661861e+00  -5.8461918e+00
  -5.3332639e+00   1.0501999e+01  -4.8478382e+00
  -8.3293218e+00   3.3313236e+00  -6.3659189e+00
  -7.1463677e+00   9.1854135e+00  -6.5494808e+00
  -7.7218780e+00   5.5020017e+00  -6.4321770e+00
  -5.0006421e+00   1.1120723e+01  -4.5700554e+00
  -7.7671407e+00   5.2701810e+00  -6.4158781e+00
  -5.6659359e+00   1.0216252e+01  -5.1576678e+00
  -7.4715108e+00   2.7863199e+00  -5.2047980e+00
  -5.0254538e+00   1.0312993e+01  -4.5101320e+00
  -8.0707603e+00   3.5602616e+00  -6.1764818e+00
  -7.2224590e+00   8.2660459e+00  -6.4944949e+00
  -7.8078930e+00   4.4423349e+00  -6.2072187e+00
  -5.3551658e+00   1.0727006e+01  -4.8941386e+00
  -7.9219122e+00   5.1316462e+00  -6.5393687e+00
  -7.0035213e+00   8.9503366e+00  -6.3712917e+00
  -8.0777453e+00   4.5284863e+00  -6.5212840e+00
  -6.1978583e+00   1.0315673e+01  -5.7136776e+00
  -7.1740982e+00   4.6242005e+00  -5.5905146e+00
  -7.8103588e+00   3.5249440e+00  -5.8826193e+00
  -6.6861481e+00   6.5707335e+00  -5.6114747e+00
  -5.9912993e+00   4.6904767e+00  -4.3335583e+00
  -7.3262518e+00   6.1015750e+00  -6.1713638e+00
  -6.4050444e+00   5.5162436e+00  -5.0418780e+00
  -6.3790047e+00   4.2046115e+00  -4.5835707e+00
  -5.7967763e+00   4.5034879e+00  -4.0534362e+00
  -7.1369585e+00   4.5315353e+00  -5.5200909e+00
  -7.9943701e+00   3.1355684e+00  -5.9264002e+00
  -7.2354967e+00   5.0386913e+00  -5.7862603e+00
  -6.2776862e+00   5.1704013e+00  -4.8018457e+00
  -7.5524505e+00   5.4821759e+00  -6.2487055e+00
  -7.6348763e+00   3.9707651e+00  -5.8601886e+00
  -7.0442573e+00   5.6176216e+00  -5.7496149e+00
  -7.2161199e+00   4.0185757e+00  -5.4262205e+00
  -6.6637765e+00   6.6789343e+00  -5.6126468e+00
  -6.3380969e+00   3.1582398e+00  -4.1086189e+00
  -6.8206458e+00   7.1420217e+00  -5.8758659e+00
  -7.0558128e+00   2.6952264e+00  -4.7011766e+00
  -6.3097073e+00   4.3070433e+00  -4.5453885e+00
  -5.9672245e+00   3.4831521e+00  -3.8351102e+00
  -6.6831321e+00   5.4427077e+00  -5.3174350e+00
  -8.2838119e+00   1.3787062e+00  -5.4116386e+00
  -7.1305081e+00   5.8910524e+00  -5.9130154e+00
  -6.9110920e+00   3.3614786e+00  -4.8357938e+00
  -7.3179682e+00   6.1718973e+00  -6.1797760e+00
  -7.9728616e+00   2.5700357e+00  -5.6589428e+00
  -6.8399264e+00   5.2316621e+00  -5.4228873e+00
  -7.0315407e+00   2.9091475e+00  -4.7724328e+00
  -6.7345658e+00   6.1173481e+00  -5.5533814e+00
  -5.6632718e+00   6.8582588e+00  -4.5991965e+00
  -6.4763222e+00   3.5279342e+00  -4.4240904e+00
  -4.7650267e+00   8.1738667e+00  -3.9229305e+00
  -6.7898922e+00   4.4524752e+00  -5.1194483e+00
  -6.8650651e+00   6.0990340e+00  -5.6863297e+00
  -6.6189237e+00   6.0534503e+00  -5.4150745e+00
  -5.5161492e+00   7.5392356e+00  -4.5908278e+00
  -7.0287053e+00   6.1691842e+00  -5.8758063e+00
  -7.0245652e+00   6.2299923e+00  -5.8862626e+00
  -7.0049708e+00   5.4861699e+00  -5.6717080e+00
  -6.2611932e+00   6.8974760e+00  -5.2387797e+00
  -5.8436502e+00   4.5186882e+00  -4.1106223e+00
  -5.3195767e+00   6.4057587e+00  -4.1226394e+00
  -6.6816505e+00   4.6613767e+00  -5.0734646e+00
  -7.3876833e+00   5.4696648e+00  -6.0716977e+00
  -6.2688328e+00   5.5860514e+00  -4.9162777e+00
  -5.5388173e+00   6.8149565e+00  -4.4571606e+00
  -6.7947150e+00   6.0333518e+00  -5.5955919e+00
  -7.0068375e+00   5.8232364e+00  -5.7650807e+00
  -6.8131556e+00   4.9616005e+00  -5.3119434e+00
  -6.3838102e+00   6.6128094e+00  -5.3033821e+00
  -8.1901802e+00   3.4627183e+00  -6.2674479e+00
  -7.3148054e+00   7.7648394e+00  -6.5059737e+00
  -7.7013589e+00   4.9852993e+00  -6.2640274e+00
  -5.7361158e+00   8.3468024e+00  -4.9700091e+00
  -8.3532164e+00   4.8968438e+00  -6.9243935e+00
  -7.2577043e+00   7.6641734e+00  -6.4291490e+00
  -8.2476180e+00   4.6366938e+00  -6.7347110e+00
  -6.6815622e+00   8.2562361e+00  -5.9352161e+00
  -8.6331565e+00   3.5144455e+00  -6.7605905e+00
  -5.6130741e+00   7.9730396e+00  -4.7759820e+00
  -9.5628622e+00   3.0854891e+00  -7.5841925e+00
  -7.1675750e+00   7.2858126e+00  -6.2651157e+00
  -9.4933745e+00   3.0175660e+00  -7.4841763e+00
  -6.6267604e+00   8.3783896e+00  -5.8983142e+00
  -7.8606415e+00   5.1899707e+00  -6.4915668e+00
  -6.9757304e+00   7.2811394e+00  -6.0650508e+00
  -7.9338880e+00   4.7900596e+00  -6.4508336e+00
  -6.8009136e+00   7.0367500e+00  -5.8336125e+00
  -9.7498320e+00   3.0604798e+00  -7.7720326e+00
  -7.1215438e+00   8.4284892e+00  -6.4160902e+00
