  -8.0986703e+00   1.9945996e+00  -5.5248201e+00
  -4.0273358e+00   1.2032282e+01  -3.6545633e+00
  -8.4039864e+00   2.5180564e+00  -6.1064798e+00
  -6.1247409e+00   1.0452738e+01  -5.6535032e+00
  -7.4904430e+00   4.4860905e+00  -5.8833683e+00
  -3.6753112e+00   1.2189547e+01  -3.3065876e+00
  -7.6940971e+00   3.7642501e+00  -5.8481775e+00
  -3.8533841e+00   1.2063981e+01  -3.4787981e+00
  -7.4875179e+00   2.4342899e+00  -5.0596422e+00
  -4.3757860e+00   1.1233816e+01  -3.9395920e+00
  -8.1740086e+00   2.8827058e+00  -6.0155608e+00
  -5.7981613e+00   9.5961946e+00  -5.2186723e+00
  -7.7576150e+00   3.8602605e+00  -5.9519282e+00
  -4.4646552e+00   1.1439033e+01  -4.0505430e+00
  -8.1375249e+00   4.4283518e+00  -6.5523881e+00
  -6.2760060e+00   1.0090452e+01  -5.7687867e+00
  -7.8862932e+00   4.0722513e+00  -6.1654859e+00
  -5.4015591e+00   1.1029405e+01  -4.9718349e+00
  -7.2439019e+00   3.8279615e+00  -5.3855122e+00
  -6.7737922e+00   4.6486869e+00  -5.1686019e+00
  -6.4710529e+00   5.6878865e+00  -5.1607894e+00
  -4.6665943e+00   5.8776713e+00  -3.2674242e+00
  -7.0784102e+00   4.8147609e+00  -5.5495315e+00
  -4.6333783e+00   7.0215889e+00  -3.5395648e+00
  -6.1770389e+00   4.0881678e+00  -4.3174752e+00
  -5.0540662e+00   5.2485813e+00  -3.4939792e+00
  -7.0186552e+00   4.1841715e+00  -5.2725227e+00
  -6.5871239e+00   4.5282031e+00  -4.9260615e+00
  -7.1735880e+00   4.5866729e+00  -5.5776466e+00
  -5.4042186e+00   5.9998739e+00  -4.1046881e+00
  -7.7011768e+00   4.9017814e+00  -6.2387665e+00
  -6.8263800e+00   4.9766792e+00  -5.3308178e+00
  -6.9189478e+00   5.1595279e+00  -5.4856195e+00
  -6.2104629e+00   4.9585278e+00  -4.6619854e+00
  -6.4047154e+00   6.0023281e+00  -5.1749953e+00
  -5.2882905e+00   3.9083867e+00  -3.2498566e+00
  -6.6911061e+00   5.6764700e+00  -5.3915872e+00
  -5.3559909e+00   4.0577402e+00  -3.3890661e+00
  -6.0181257e+00   4.4221022e+00  -4.2674893e+00
  -5.4254407e+00   3.8583250e+00  -3.3842534e+00
  -6.6482976e+00   4.7564609e+00  -5.0689924e+00
  -6.9577112e+00   2.4574310e+00  -4.4768807e+00
  -7.0793500e+00   5.5394228e+00  -5.7652731e+00
  -6.3243314e+00   3.7562021e+00  -4.3493829e+00
  -7.4744196e+00   5.5423259e+00  -6.1829331e+00
  -7.2841185e+00   3.2622487e+00  -5.2046731e+00
  -6.7043704e+00   4.8532051e+00  -5.1608093e+00
  -6.2484096e+00   3.5543965e+00  -4.1813487e+00
  -6.7300508e+00   4.7351117e+00  -5.1500617e+00
  -3.8150242e+00   8.6975757e+00  -3.0145665e+00
  -6.4409039e+00   3.1562210e+00  -4.2233530e+00
  -4.1292735e+00   8.9506018e+00  -3.3896198e+00
  -6.9017544e+00   3.7079747e+00  -4.9663541e+00
  -5.6236683e+00   7.1526363e+00  -4.6231551e+00
  -6.8882672e+00   5.0160377e+00  -5.4092356e+00
  -4.8814751e+00   8.2522653e+00  -4.0598500e+00
  -7.4361338e+00   5.2253819e+00  -6.0539937e+00
  -6.2339776e+00   7.5172804e+00  -5.3387050e+00
  -7.0322845e+00   4.7383391e+00  -5.4757160e+00
  -5.6251124e+00   7.2755137e+00  -4.6510346e+00
  -5.6653340e+00   4.4728355e+00  -3.8969181e+00
  -4.6448497e+00   7.3289276e+00  -3.6229474e+00
  -6.6162734e+00   4.1558353e+00  -4.8249946e+00
  -5.9096713e+00   7.0565422e+00  -4.9038313e+00
  -6.1857453e+00   5.0718677e+00  -4.6716766e+00
  -4.8186085e+00   7.6833938e+00  -3.8837491e+00
  -6.9787549e+00   5.3621803e+00  -5.6087210e+00
  -6.2541564e+00   7.0195219e+00  -5.2579654e+00
  -6.5272191e+00   4.6423787e+00  -4.9001464e+00
  -5.4303382e+00   7.3140828e+00  -4.4537160e+00
  -8.3066095e+00   2.7025044e+00  -6.0819962e+00
  -6.0482008e+00   9.0606876e+00  -5.4039311e+00
  -8.0108120e+00   3.9703527e+00  -6.2626255e+00
  -5.0897098e+00   9.1547026e+00  -4.4251786e+00
  -8.6477345e+00   4.1244562e+00  -6.9917417e+00
  -6.5381083e+00   8.5820470e+00  -5.8386714e+00
  -8.3066289e+00   3.9721340e+00  -6.5783690e+00
  -5.9342031e+00   8.7850320e+00  -5.2456256e+00
  -8.8866750e+00   2.7737430e+00  -6.7385696e+00
  -5.0814948e+00   8.3744425e+00  -4.2914044e+00
  -1.0177339e+01   1.9878230e+00  -7.7760504e+00
  -6.4422627e+00   8.1805742e+00  -5.6751667e+00
  -9.9427716e+00   1.9854641e+00  -7.5247927e+00
  -5.8770245e+00   8.8296990e+00  -5.1932043e+00
  -8.2839894e+00   4.3622338e+00  -6.6858922e+00
  -6.2769486e+00   8.5403535e+00  -5.5624487e+00
  -7.9157097e+00   4.4052847e+00  -6.3096496e+00
  -5.8996745e+00   7.7646076e+00  -5.0368606e+00
  -9.6893439e+00   2.6113332e+00  -7.5278017e+00
  -6.3771090e+00   8.9440200e+00  -5.7263864e+00
