  -7.9060436e+00  -4.6222568e-01  -3.7958636e+00
  -5.1996749e+00   4.6215712e+00  -3.4344927e+00
  -8.2694861e+00  -7.6557407e-01  -4.0100243e+00
  -5.5259508e+00   4.7513478e+00  -3.8437596e+00
  -7.2743761e+00   1.2682220e+00  -4.1976732e+00
  -5.9681301e+00   3.4986392e+00  -3.8428988e+00
  -7.8639445e+00  -5.6551437e-01  -3.6664601e+00
  -4.2305748e+00   5.8489330e+00  -2.7777643e+00
  -7.4066272e+00   1.8091540e+00  -4.6532333e+00
  -6.7221249e+00   3.1400349e+00  -4.5308640e+00
  -8.4564404e+00  -1.1362071e+00  -3.9507322e+00
  -4.7128498e+00   5.4592676e+00  -3.1866637e+00
  -7.8011213e+00   1.6378828e+00  -5.0083752e+00
  -7.0854707e+00   3.0646529e+00  -4.9013899e+00
  -8.0706201e+00   1.6475964e+00  -5.3164075e+00
  -7.1571798e+00   3.3326713e+00  -5.0946810e+00
  -8.0715924e+00   2.3258847e+00  -5.6547807e+00
  -7.7237225e+00   3.0403723e+00  -5.5923967e+00
  -7.7922559e+00  -9.5535865e-02  -3.9249539e+00
  -6.0560628e+00   3.0119421e+00  -3.7210530e+00
  -6.8030579e+00   2.1114189e+00  -4.1245883e+00
  -6.8946798e+00   1.2139811e+00  -3.7198505e+00
  -7.0360143e+00   7.9248836e-01  -3.6214320e+00
  -5.2068585e+00   3.1179172e+00  -2.7906596e+00
  -6.4420315e+00   3.0279726e+00  -4.1663385e+00
  -7.4873233e+00   6.0126160e-01  -4.0343372e+00
  -7.3682325e+00   2.1472183e-01  -3.6313294e+00
  -5.3034199e+00   3.3465890e+00  -3.0145702e+00
  -7.2984794e+00   2.2698462e+00  -4.7681695e+00
  -7.7953313e+00   1.0102759e+00  -4.6477786e+00
  -7.4147499e+00   2.3129421e+00  -4.9198174e+00
  -7.7005831e+00   1.1070032e+00  -4.5958285e+00
  -7.1357870e+00   3.7971486e+00  -5.2563690e+00
  -8.9727780e+00  -1.8789905e-01  -5.2512812e+00
  -6.8064970e+00   2.3138031e+00  -4.2334989e+00
  -7.0107225e+00   1.0264081e+00  -3.7409284e+00
  -7.0471981e+00   1.1981561e+00  -3.8900815e+00
  -5.7135695e+00   2.3124560e+00  -2.9628505e+00
  -6.8544134e+00   3.1688993e+00  -4.6907341e+00
  -7.5575255e+00   9.2832652e-01  -4.3229485e+00
  -7.2431262e+00   4.6179768e-01  -3.6502963e+00
  -5.5472455e+00   2.5363413e+00  -2.8886924e+00
  -6.9563509e+00   3.3928809e+00  -4.8988083e+00
  -8.7402046e+00  -5.8524693e-01  -4.7066025e+00
  -7.0956143e+00   3.1117952e+00  -4.9331414e+00
  -8.0498087e+00   4.5821408e-01  -4.6025422e+00
  -7.0368581e+00   3.7440068e+00  -5.1281283e+00
  -8.7380615e+00  -3.5430800e-01  -4.8662211e+00
  -7.0443244e+00   4.0170326e-01  -3.3680979e+00
  -4.5268507e+00   4.0071212e+00  -2.4176837e+00
  -6.4321040e+00   2.4897598e+00  -3.8949343e+00
  -6.2937343e+00   2.5429136e+00  -3.7629796e+00
  -7.2709892e+00  -2.3606263e-01  -3.1831875e+00
  -4.3184201e+00   4.6451051e+00  -2.4475306e+00
  -7.1085289e+00   2.5455458e+00  -4.6893395e+00
  -7.2271162e+00   2.1348706e+00  -4.6197547e+00
  -7.0726713e+00   2.5256563e+00  -4.6395416e+00
  -7.0632771e+00   2.0849705e+00  -4.4081148e+00
  -6.9144300e+00   3.4668056e+00  -4.8832086e+00
  -7.7324264e+00   1.5674818e+00  -4.8927151e+00
  -6.1244153e+00   3.3266116e+00  -3.9433147e+00
  -7.2679621e+00   9.4042799e-01  -3.9912200e+00
  -6.7300706e+00   3.9249167e-01  -2.9750740e+00
  -4.8554946e+00   3.3425813e+00  -2.4894538e+00
  -6.6225744e+00   2.6170590e+00  -4.1756836e+00
  -7.2676314e+00   1.4449989e+00  -4.2926559e+00
  -6.7959864e+00   2.6436759e+00  -4.3848521e+00
  -7.2007980e+00   1.4585334e+00  -4.2231270e+00
  -6.6907528e+00   3.4128191e+00  -4.6136938e+00
  -8.0958828e+00   7.5150919e-01  -4.8383229e+00
  -8.3835565e+00  -7.4929349e-01  -4.1605992e+00
  -4.9480870e+00   5.0877419e+00  -3.3220835e+00
  -8.1614310e+00   1.7808680e+00  -5.4868810e+00
  -7.3143943e+00   3.2796168e+00  -5.2450888e+00
  -8.2846287e+00   1.5993616e+00  -5.5301396e+00
  -7.1254990e+00   3.4943566e+00  -5.1261592e+00
  -8.1684285e+00   2.8002529e+00  -5.9742073e+00
  -8.1647293e+00   2.4935503e+00  -5.8344165e+00
  -9.2045373e+00   3.2182567e-01  -5.8386326e+00
  -7.0944572e+00   4.2521357e+00  -5.3785737e+00
  -9.7191543e+00  -1.3669733e-01  -6.1334208e+00
  -7.1642247e+00   4.2964429e+00  -5.4692971e+00
  -9.5806691e+00   1.2853121e+00  -6.7944432e+00
  -8.4005902e+00   2.9938325e+00  -6.3071489e+00
  -7.6558336e+00   1.9844329e+00  -5.0259300e+00
  -7.0534325e+00   2.7814902e+00  -4.7385926e+00
  -7.8342374e+00   2.7931182e+00  -5.6065678e+00
  -8.3678740e+00   1.4319796e+00  -5.5344156e+00
  -9.6945075e+00   1.4398298e+00  -6.9966788e+00
  -9.1782007e+00   2.0457043e+00  -6.7307436e+00
