  -8.9761504e+00  -3.0587103e+00  -2.8882786e+00
  -5.0624015e+00   3.5222848e+00  -2.8179561e+00
  -9.2498704e+00  -2.8039219e+00  -3.4987639e+00
  -5.6153167e+00   3.4923575e+00  -3.4401584e+00
  -8.4442362e+00  -2.3477491e+00  -2.8789272e+00
  -5.0655043e+00   3.2890069e+00  -2.7097646e+00
  -8.6153778e+00  -2.7558456e+00  -2.7077023e+00
  -4.7447501e+00   3.7612075e+00  -2.5596302e+00
  -8.4585173e+00  -6.9577175e-01  -4.2908373e+00
  -7.0375664e+00   1.6210575e+00  -4.1267895e+00
  -8.8953522e+00  -4.6116754e-01  -4.9760765e+00
  -7.7409861e+00   1.2929381e+00  -4.7497292e+00
  -8.8047287e+00  -2.3168727e+00  -3.3791135e+00
  -5.6870045e+00   3.0370230e+00  -3.3093978e+00
  -8.7908083e+00  -7.2651573e-01  -4.6646754e+00
  -7.5754384e+00   1.4510409e+00  -4.6497856e+00
  -8.9156861e+00  -1.7570197e+00  -4.0107553e+00
  -6.3032547e+00   2.8915499e+00  -3.9453954e+00
  -7.9569452e+00  -1.5503408e+00  -2.9746748e+00
  -5.7661685e+00   2.1237316e+00  -2.9187366e+00
  -7.3248272e+00  -8.5655670e-01  -2.7553031e+00
  -6.0201917e+00   1.1910173e+00  -2.6492550e+00
  -7.5951131e+00  -1.4314196e+00  -2.6076761e+00
  -5.3969906e+00   2.1547318e+00  -2.4925062e+00
  -7.5218754e+00   5.1962450e-01  -4.0219890e+00
  -7.5759572e+00   2.1859528e-01  -3.8843706e+00
  -8.2285615e+00   6.9096438e-01  -4.9539509e+00
  -8.4205655e+00   7.8573767e-02  -4.7878817e+00
  -8.1044728e+00  -1.5758188e+00  -3.1427427e+00
  -6.0363127e+00   1.8506846e+00  -3.0824921e+00
  -8.1864036e+00  -1.5672374e-01  -4.3531985e+00
  -7.8242721e+00   4.2241710e-01  -4.3155763e+00
  -7.9045036e+00  -5.0989248e-01  -3.7582707e+00
  -7.0072075e+00   9.9516052e-01  -3.7170878e+00
  -7.0656202e+00  -3.4134741e-01  -2.8432223e+00
  -6.1375838e+00   1.0765347e+00  -2.7175178e+00
  -7.2756112e+00  -8.6106473e-01  -2.6878419e+00
  -5.7345094e+00   1.6171336e+00  -2.5747992e+00
  -7.2516706e+00   1.1515348e+00  -4.1016013e+00
  -7.6779777e+00   1.5017205e-01  -3.9595700e+00
  -7.4338090e+00   1.6902698e+00  -4.6201565e+00
  -8.6652204e+00  -7.7536710e-01  -4.4794912e+00
  -7.7499971e+00  -6.5060662e-01  -3.4601169e+00
  -6.8260378e+00   8.3121238e-01  -3.3943909e+00
  -7.3045771e+00   1.3432999e+00  -4.2766939e+00
  -8.3232366e+00  -5.2192937e-01  -4.2562718e+00
  -7.3872806e+00   4.5856791e-02  -3.5348775e+00
  -6.8831979e+00   9.1146819e-01  -3.5155776e+00
  -7.5575259e+00  -1.9249024e+00  -2.0921737e+00
  -4.7296178e+00   2.5740984e+00  -1.9243641e+00
  -7.4440740e+00   2.1871682e-01  -3.7258044e+00
  -6.8480625e+00   1.0574124e+00  -3.5669268e+00
  -7.5554522e+00   7.9293987e-01  -4.2367462e+00
  -7.6156914e+00   4.0994646e-01  -4.0609375e+00
  -8.0642623e+00  -1.7491554e+00  -2.9364176e+00
  -5.4440639e+00   2.6897604e+00  -2.8490006e+00
  -8.0986031e+00  -7.8090477e-02  -4.3035313e+00
  -7.5644539e+00   8.3311891e-01  -4.2723332e+00
  -7.8147714e+00  -6.3078369e-01  -3.5557809e+00
  -6.4927142e+00   1.6401820e+00  -3.5007082e+00
  -6.8750822e+00   1.0774650e+00  -3.6117866e+00
  -7.5755076e+00  -3.1800833e-01  -3.4986401e+00
  -7.2428357e+00   1.1977808e+00  -4.1190654e+00
  -8.0446555e+00  -4.7542533e-01  -3.9545974e+00
  -7.3645171e+00  -9.3327374e-01  -2.7418552e+00
  -5.8947596e+00   1.5284737e+00  -2.7146417e+00
  -7.4900226e+00   3.2451778e-01  -3.8537142e+00
  -7.5002515e+00   2.6409903e-01  -3.8247408e+00
  -7.4862254e+00  -5.8793106e-01  -3.1797632e+00
  -6.5087711e+00   1.0614434e+00  -3.1615110e+00
  -8.7668318e+00  -8.5584903e-02  -5.0812788e+00
  -7.6870817e+00   1.6527229e+00  -4.8874638e+00
  -9.2157383e+00  -2.5145724e+00  -3.7243145e+00
  -5.5056617e+00   4.0921307e+00  -3.5716389e+00
  -8.9023915e+00  -6.2841578e-01  -4.8668442e+00
  -7.4462558e+00   2.1013285e+00  -4.8498694e+00
  -9.0208897e+00  -1.4928963e+00  -4.3559649e+00
  -6.4590061e+00   3.2006274e+00  -4.2635196e+00
  -1.0055964e+01  -3.5380613e+00  -3.8303672e+00
  -5.5085162e+00   4.5744130e+00  -3.7606291e+00
  -1.0747159e+01  -2.8955989e+00  -5.2741386e+00
  -7.1678400e+00   3.7881232e+00  -5.2877782e+00
  -1.0626132e+01  -3.3014904e+00  -4.7693886e+00
  -6.4722980e+00   4.3734733e+00  -4.7469957e+00
  -8.8636571e+00  -6.6868526e-01  -4.7925150e+00
  -7.4347829e+00   2.0368234e+00  -4.8041062e+00
  -9.1721489e+00  -1.8500985e+00  -4.2491779e+00
  -6.7928548e+00   2.3215267e+00  -4.2218853e+00
  -1.0567612e+01  -3.0716031e+00  -4.9041987e+00
  -6.9640497e+00   3.2348977e+00  -4.8406981e+00
