  -8.3407363e+00   2.0659619e-01  -4.7788911e+00
  -4.5050232e+00   8.2216266e+00  -3.6575446e+00
  -8.5241839e+00   2.3059440e-01  -5.0068123e+00
  -5.4842841e+00   7.4375477e+00  -4.5365084e+00
  -7.7098122e+00   2.7024610e+00  -5.4297512e+00
  -4.9927455e+00   7.3139412e+00  -3.9901678e+00
  -8.2489752e+00  -4.9317972e-01  -4.1881143e+00
  -3.1741018e+00   1.0153359e+01  -2.5671990e+00
  -7.8839658e+00   1.8296125e+00  -5.2022303e+00
  -5.4264234e+00   7.0606189e+00  -4.3942200e+00
  -8.0950313e+00   1.3139625e+00  -5.1637123e+00
  -5.0737208e+00   7.4360117e+00  -4.1024026e+00
  -8.2004340e+00   2.4935220e+00  -5.8734501e+00
  -6.4846915e+00   6.3323549e+00  -5.3430003e+00
  -8.1017650e+00   2.7932800e+00  -5.8986795e+00
  -6.4856259e+00   6.5013656e+00  -5.3845211e+00
  -8.0464619e+00   3.7257794e+00  -6.2123705e+00
  -6.8167017e+00   6.2630881e+00  -5.6758909e+00
  -7.7054073e+00   9.6754105e-01  -4.5184376e+00
  -5.8959001e+00   4.0355066e+00  -3.9853127e+00
  -6.7913244e+00   3.7390417e+00  -4.8575493e+00
  -5.8783961e+00   3.1899576e+00  -3.6019523e+00
  -7.3930650e+00   6.9200510e-01  -3.9814327e+00
  -4.0287303e+00   5.7053301e+00  -2.5065641e+00
  -6.6063666e+00   3.2403551e+00  -4.4458485e+00
  -6.1320151e+00   2.9535095e+00  -3.7799180e+00
  -7.0954979e+00   2.5281600e+00  -4.6663763e+00
  -5.8398753e+00   3.6696713e+00  -3.7721717e+00
  -7.3448457e+00   3.1405106e+00  -5.2200563e+00
  -6.9344178e+00   2.9278495e+00  -4.6726957e+00
  -7.5854141e+00   3.2069858e+00  -5.5112466e+00
  -7.0224436e+00   3.0281933e+00  -4.8155024e+00
  -7.2033057e+00   4.3435437e+00  -5.5276547e+00
  -7.4438690e+00   2.5499034e+00  -5.0657384e+00
  -6.5257979e+00   4.1522319e+00  -4.7248214e+00
  -6.2201777e+00   2.1654318e+00  -3.4785466e+00
  -7.0483294e+00   1.4974459e+00  -4.0686618e+00
  -4.8268858e+00   3.7052252e+00  -2.6293956e+00
  -6.3612475e+00   4.2051974e+00  -4.5643262e+00
  -6.8309346e+00   1.6191652e+00  -3.8855771e+00
  -6.6211315e+00   3.3262820e+00  -4.4995554e+00
  -6.3924134e+00   2.0105296e+00  -3.5945318e+00
  -7.1474128e+00   4.6052276e+00  -5.5557070e+00
  -8.1360986e+00   9.3465124e-01  -4.9937728e+00
  -7.2467890e+00   4.3198128e+00  -5.5662275e+00
  -7.6090950e+00   1.6824916e+00  -4.8151452e+00
  -6.9571883e+00   4.3606927e+00  -5.2683999e+00
  -7.3939010e+00   1.8539238e+00  -4.6625832e+00
  -7.1119885e+00   8.1057867e-01  -3.7239511e+00
  -3.3520530e+00   6.7132207e+00  -2.0625386e+00
  -6.5489064e+00   2.8923787e+00  -4.2239949e+00
  -5.0245642e+00   5.6246281e+00  -3.5822424e+00
  -6.5068501e+00   2.6723065e+00  -4.0711784e+00
  -4.8909046e+00   5.3788741e+00  -3.3570406e+00
  -7.0186512e+00   3.7341476e+00  -5.1044244e+00
  -6.1846385e+00   5.2336639e+00  -4.7211593e+00
  -7.4219048e+00   3.4846085e+00  -5.4458041e+00
  -6.4589486e+00   4.7045543e+00  -4.8471792e+00
  -6.9756615e+00   4.6642248e+00  -5.3908716e+00
  -6.7832842e+00   4.1290637e+00  -4.9971492e+00
  -6.3038517e+00   3.6666648e+00  -4.2900338e+00
  -5.8387732e+00   4.1164300e+00  -3.9536241e+00
  -6.4883966e+00   2.7899439e+00  -4.1070886e+00
  -5.2018536e+00   4.8138437e+00  -3.5072506e+00
  -6.7603751e+00   3.6458646e+00  -4.7864604e+00
  -6.3981370e+00   4.2033370e+00  -4.6040590e+00
  -6.9091164e+00   3.6627731e+00  -4.9565494e+00
  -6.4857019e+00   4.0220154e+00  -4.6318964e+00
  -6.6127709e+00   4.4263859e+00  -4.9184934e+00
  -6.8203461e+00   3.5183282e+00  -4.8007371e+00
  -8.1722831e+00   1.3198282e+00  -5.2540961e+00
  -5.2998937e+00   6.6623202e+00  -4.1661708e+00
  -8.2299217e+00   2.7386161e+00  -6.0143759e+00
  -6.5549654e+00   5.9151144e+00  -5.3114155e+00
  -8.4275864e+00   2.6823947e+00  -6.2045140e+00
  -6.7409120e+00   5.5321448e+00  -5.4043654e+00
  -8.2169181e+00   3.8870251e+00  -6.4529074e+00
  -7.2963351e+00   4.9435089e+00  -5.8220234e+00
  -9.3395717e+00   1.6108005e+00  -6.6966613e+00
  -6.7744186e+00   5.9014922e+00  -5.5401369e+00
  -9.9945728e+00   6.7033637e-01  -6.9169122e+00
  -6.6239548e+00   6.4235414e+00  -5.5116925e+00
  -9.8602338e+00   1.8382932e+00  -7.3684104e+00
  -7.2201081e+00   5.8681835e+00  -6.0013961e+00
  -8.0162552e+00   3.0988507e+00  -5.9350049e+00
  -6.6911891e+00   5.2689279e+00  -5.2752389e+00
  -8.0310688e+00   3.9760862e+00  -6.2862750e+00
  -7.3869450e+00   4.1305014e+00  -5.6507464e+00
  -9.6646110e+00   2.1958027e+00  -7.3222790e+00
  -7.6534908e+00   5.2368899e+00  -6.2867576e+00
