  -7.0612160e+00   3.9756814e+00  -5.2425968e+00
  -4.5773744e+00   1.3391159e+01  -4.3129890e+00
  -7.7111361e+00   1.6722601e+00  -4.9251505e+00
  -4.6168776e+00   1.3333127e+01  -4.3496330e+00
  -6.9363452e+00   9.6083124e+00  -6.3880002e+00
  -4.7847328e+00   1.5037547e+01  -4.6051889e+00
  -6.9530840e+00   7.2037179e+00  -6.0261659e+00
  -3.8084331e+00   1.5004498e+01  -3.6159023e+00
  -6.9078497e+00   5.5622204e+00  -5.5899743e+00
  -5.4808644e+00   1.2390410e+01  -5.1658707e+00
  -7.4904016e+00   4.4906808e+00  -5.8848394e+00
  -6.5210177e+00   1.1605345e+01  -6.1634654e+00
  -7.2961014e+00   6.6881189e+00  -6.2754616e+00
  -4.8715774e+00   1.3396311e+01  -4.6121079e+00
  -7.4502473e+00   9.0768857e+00  -6.8460958e+00
  -6.9549043e+00   1.2396319e+01  -6.6609976e+00
  -7.6282631e+00   6.1566087e+00  -6.5004410e+00
  -5.0661045e+00   1.5007970e+01  -4.8882331e+00
  -6.2974068e+00   3.1816051e+00  -4.0733311e+00
  -4.9642048e+00   7.8939248e+00  -4.0796962e+00
  -5.9530887e+00   1.1234232e+01  -5.5541467e+00
  -5.6595094e+00   7.4696822e+00  -4.7275042e+00
  -6.3663620e+00   8.5001233e+00  -5.6485708e+00
  -4.4999528e+00   9.3063720e+00  -3.8335358e+00
  -5.9012840e+00   7.4055297e+00  -4.9683651e+00
  -5.9359055e+00   7.1105417e+00  -4.9431315e+00
  -6.8139864e+00   5.7002217e+00  -5.5283797e+00
  -7.2202490e+00   7.1619657e+00  -6.2953890e+00
  -6.5171448e+00   7.9067655e+00  -5.7056323e+00
  -5.2793240e+00   8.5567538e+00  -4.5291229e+00
  -6.9445622e+00   9.6772047e+00  -6.4046961e+00
  -7.4781858e+00   7.0944204e+00  -6.5494066e+00
  -6.4041108e+00   7.4090221e+00  -5.4950782e+00
  -5.6853195e+00   7.5000392e+00  -4.7607639e+00
  -6.1102818e+00   1.0221056e+01  -5.6137211e+00
  -5.9647723e+00   5.0008267e+00  -4.4092341e+00
  -6.4053553e+00   8.3432262e+00  -5.6638044e+00
  -4.8738647e+00   5.6765495e+00  -3.4332283e+00
  -6.0186433e+00   7.0458820e+00  -5.0162155e+00
  -6.0599554e+00   4.6930785e+00  -4.4094742e+00
  -6.3280150e+00   6.3645480e+00  -5.1854111e+00
  -7.4803898e+00   3.2922099e+00  -5.4317924e+00
  -6.5402416e+00   8.9195157e+00  -5.8908668e+00
  -5.8917558e+00   5.3751629e+00  -4.4485017e+00
  -6.8211782e+00   9.7971275e+00  -6.2927523e+00
  -7.7204988e+00   3.6689281e+00  -5.8408009e+00
  -6.3327885e+00   6.8979641e+00  -5.3140860e+00
  -5.5965736e+00   5.1582600e+00  -4.0594995e+00
  -6.0534337e+00   8.0047086e+00  -5.2411197e+00
  -3.6644750e+00   1.2192256e+01  -3.2956892e+00
  -5.8094757e+00   6.4953353e+00  -4.6679924e+00
  -5.2610666e+00   1.0341701e+01  -4.7559018e+00
  -6.4621068e+00   5.1502761e+00  -4.9939905e+00
  -6.3936000e+00   9.7512988e+00  -5.8496531e+00
  -6.3066489e+00   8.2431438e+00  -5.5451265e+00
  -4.8702300e+00   1.1976293e+01  -4.5123846e+00
  -6.3879755e+00   1.0029413e+01  -5.8764727e+00
  -6.9201112e+00   9.8963061e+00  -6.4053061e+00
  -6.2842325e+00   7.2112657e+00  -5.3299025e+00
  -5.0037353e+00   1.0923843e+01  -4.5537638e+00
  -5.4792920e+00   7.2657606e+00  -4.4951048e+00
  -5.5362988e+00   1.1533771e+01  -5.1553474e+00
  -5.9939473e+00   5.8711385e+00  -4.7022545e+00
  -6.7628696e+00   1.0737896e+01  -6.3331665e+00
  -5.6385762e+00   7.9561689e+00  -4.7995547e+00
  -4.6460739e+00   1.2269319e+01  -4.3066076e+00
  -5.9656454e+00   1.0601203e+01  -5.5062490e+00
  -6.7612042e+00   1.0441975e+01  -6.3021591e+00
  -6.0317662e+00   6.8715270e+00  -4.9915640e+00
  -4.8941682e+00   1.2617842e+01  -4.5850527e+00
  -7.4895458e+00   4.7342441e+00  -5.9625035e+00
  -6.4871139e+00   1.1387123e+01  -6.1110605e+00
  -7.8245179e+00   6.8874038e+00  -6.8661963e+00
  -4.7638029e+00   1.4452696e+01  -4.5584210e+00
  -8.0373078e+00   8.6099549e+00  -7.3819280e+00
  -7.0104191e+00   1.2716405e+01  -6.7375738e+00
  -7.4780926e+00   6.2615694e+00  -6.3685588e+00
  -5.0908908e+00   1.2733278e+01  -4.7931248e+00
  -8.3512622e+00   5.7852780e+00  -7.1632046e+00
  -4.7712041e+00   9.9225986e+00  -4.2002568e+00
  -9.5498209e+00   5.6191724e+00  -8.3632668e+00
  -6.9919817e+00   8.6170608e+00  -6.3114414e+00
  -8.8056869e+00   4.7170605e+00  -7.3453004e+00
  -5.2338721e+00   9.2403475e+00  -4.5872813e+00
  -7.3582944e+00   8.5840949e+00  -6.6828150e+00
  -6.6861040e+00   1.1134423e+01  -6.2915649e+00
  -7.1681215e+00   6.6853994e+00  -6.1414758e+00
  -5.2461775e+00   1.1788369e+01  -4.8807724e+00
  -8.7978684e+00   5.0882433e+00  -7.4443770e+00
  -5.7495787e+00   1.3690590e+01  -5.5180870e+00
