  -8.1034497e+00   3.6175707e-01  -4.6031613e+00
  -3.9838968e+00   9.0445319e+00  -3.2520723e+00
  -8.4247413e+00   5.6749080e-01  -5.1034524e+00
  -5.3047930e+00   8.2108042e+00  -4.4963845e+00
  -7.2109331e+00   3.2021635e+00  -5.0990280e+00
  -4.0841616e+00   8.3969563e+00  -3.2449672e+00
  -7.9810137e+00   3.4840346e-01  -4.4513593e+00
  -3.1978761e+00   1.0202419e+01  -2.5987893e+00
  -7.7773432e+00   1.2730273e+00  -4.7799333e+00
  -4.6716170e+00   8.1730660e+00  -3.8243119e+00
  -7.9417936e+00   1.2960391e+00  -4.9801989e+00
  -4.5235367e+00   8.3153213e+00  -3.6944488e+00
  -7.8368850e+00   1.9372066e+00  -5.2046419e+00
  -4.8318075e+00   8.2574033e+00  -4.0085635e+00
  -7.8410863e+00   3.3186703e+00  -5.8346187e+00
  -6.1110583e+00   7.2204888e+00  -5.1503720e+00
  -7.8663387e+00   2.3285536e+00  -5.4296371e+00
  -5.2817371e+00   8.1128421e+00  -4.4546316e+00
  -7.4818939e+00   1.4035786e+00  -4.5158281e+00
  -5.7923512e+00   4.2616898e+00  -3.9582586e+00
  -6.4099458e+00   3.9570458e+00  -4.5236184e+00
  -4.9410677e+00   4.1806266e+00  -2.9692332e+00
  -7.2087996e+00   1.3312443e+00  -4.1585119e+00
  -3.9630760e+00   6.0261126e+00  -2.5363000e+00
  -6.5298040e+00   2.6449199e+00  -4.0838947e+00
  -5.3307240e+00   3.8185825e+00  -3.2596202e+00
  -7.0261334e+00   2.5406500e+00  -4.5944718e+00
  -5.3517115e+00   4.2467866e+00  -3.4605956e+00
  -7.3511667e+00   2.2502675e+00  -4.8176520e+00
  -5.5344974e+00   4.4003248e+00  -3.7244990e+00
  -7.4881594e+00   3.5970962e+00  -5.5620061e+00
  -6.6598070e+00   3.6668562e+00  -4.6841594e+00
  -7.1808986e+00   2.9757472e+00  -4.9679243e+00
  -6.0737966e+00   3.8785334e+00  -4.1205533e+00
  -6.2340863e+00   4.4556313e+00  -4.5163408e+00
  -5.5486047e+00   2.8447839e+00  -3.0526751e+00
  -6.7570938e+00   2.4036994e+00  -4.2227498e+00
  -4.8526489e+00   3.6593856e+00  -2.6381295e+00
  -6.2622212e+00   3.3508948e+00  -4.1091294e+00
  -5.8358319e+00   2.6710442e+00  -3.2986429e+00
  -6.4864130e+00   3.2049204e+00  -4.2961442e+00
  -5.8169757e+00   2.5830097e+00  -3.2308866e+00
  -7.1389352e+00   3.5607282e+00  -5.1674993e+00
  -6.6851197e+00   2.4032759e+00  -4.1405299e+00
  -7.2064659e+00   4.5574346e+00  -5.6032206e+00
  -7.2199363e+00   2.3326231e+00  -4.7109264e+00
  -6.8170183e+00   3.2027214e+00  -4.6639166e+00
  -6.2451797e+00   2.7876650e+00  -3.8291385e+00
  -6.9503619e+00   1.4312079e+00  -3.9158293e+00
  -3.2915084e+00   7.1192718e+00  -2.1067829e+00
  -6.5552593e+00   2.2166423e+00  -3.8951544e+00
  -4.3484046e+00   6.6353187e+00  -3.1346314e+00
  -6.6074049e+00   2.4214532e+00  -4.0609988e+00
  -4.3702530e+00   6.2487004e+00  -3.0518780e+00
  -6.9184413e+00   2.9964477e+00  -4.6857710e+00
  -4.8204773e+00   6.5756841e+00  -3.6299663e+00
  -7.3289730e+00   3.8629971e+00  -5.4908435e+00
  -6.1380289e+00   5.4819117e+00  -4.7458339e+00
  -6.8510242e+00   3.4024363e+00  -4.7866254e+00
  -5.3418135e+00   5.6830983e+00  -3.9457799e+00
  -6.1671106e+00   2.9795128e+00  -3.8322750e+00
  -4.9938794e+00   5.1397944e+00  -3.3907735e+00
  -6.4327835e+00   2.6389960e+00  -3.9704322e+00
  -4.6776089e+00   5.6584517e+00  -3.2118321e+00
  -6.6303779e+00   2.8099317e+00  -4.2771834e+00
  -4.9380437e+00   5.7770452e+00  -3.5341995e+00
  -6.8994007e+00   4.0100897e+00  -5.0795226e+00
  -6.1503342e+00   4.8043059e+00  -4.5458151e+00
  -6.5832089e+00   3.0030935e+00  -4.3138213e+00
  -5.3681760e+00   5.2409845e+00  -3.8366765e+00
  -8.2653457e+00   1.2794149e+00  -5.3365754e+00
  -4.9271920e+00   7.5443687e+00  -3.9699855e+00
  -8.1808681e+00   1.8727595e+00  -5.5551173e+00
  -5.2284176e+00   7.3326915e+00  -4.2441789e+00
  -8.3864538e+00   2.9941595e+00  -6.2920398e+00
  -6.4347306e+00   6.2550561e+00  -5.2712135e+00
  -8.2375589e+00   2.3809841e+00  -5.8625994e+00
  -5.6815937e+00   6.7498920e+00  -4.5934082e+00
  -9.2228201e+00   7.2401587e-01  -6.0959354e+00
  -5.3375728e+00   7.2410947e+00  -4.3399473e+00
  -9.7926033e+00   1.1422460e+00  -6.9508681e+00
  -6.2480369e+00   7.1207046e+00  -5.2730922e+00
  -9.9807408e+00   2.5449659e-01  -6.6636183e+00
  -5.8087336e+00   7.4484052e+00  -4.8799329e+00
  -7.9921482e+00   3.2327567e+00  -5.9635553e+00
  -6.2124984e+00   6.2145358e+00  -5.0257549e+00
  -8.0214267e+00   2.4084208e+00  -5.6381440e+00
  -5.9148855e+00   5.7908882e+00  -4.5952631e+00
  -9.6910908e+00   8.2323029e-01  -6.6689152e+00
  -6.4068570e+00   6.7381381e+00  -5.3563034e+00
