  -7.9927821e+00   1.0799132e+00  -4.9149772e+00
  -4.1102695e+00   9.2010517e+00  -3.4098400e+00
  -8.5243712e+00   1.5799200e+00  -5.7864390e+00
  -6.1594736e+00   7.9219192e+00  -5.3366985e+00
  -7.1864682e+00   3.2506498e+00  -5.0925889e+00
  -3.9189518e+00   9.2560425e+00  -3.2176072e+00
  -7.7921321e+00   1.8378325e+00  -5.1035434e+00
  -3.9114048e+00   9.5481850e+00  -3.2540485e+00
  -7.7094146e+00   1.1795694e+00  -4.6483975e+00
  -4.4543051e+00   8.6210044e+00  -3.6759090e+00
  -8.0989558e+00   2.6411917e+00  -5.8288763e+00
  -5.9364385e+00   7.3644096e+00  -4.9968779e+00
  -8.0587100e+00   1.3840186e+00  -5.1613686e+00
  -4.6923413e+00   8.8670113e+00  -3.9665948e+00
  -7.8311730e+00   3.6058427e+00  -5.9361245e+00
  -6.3642076e+00   7.2908701e+00  -5.4298208e+00
  -8.0701046e+00   2.0087451e+00  -5.5001581e+00
  -5.5087197e+00   8.5774595e+00  -4.7715151e+00
  -7.4713460e+00   2.5470701e+00  -5.0949367e+00
  -6.7967395e+00   3.6059452e+00  -4.8103883e+00
  -6.3530699e+00   4.3383711e+00  -4.6042347e+00
  -4.8202462e+00   4.6133712e+00  -3.0055375e+00
  -6.9741675e+00   2.9056235e+00  -4.7069425e+00
  -4.7126085e+00   5.7015129e+00  -3.2638805e+00
  -6.5707946e+00   2.5569372e+00  -4.0871823e+00
  -5.2183935e+00   4.1115061e+00  -3.2556121e+00
  -7.0742779e+00   3.8933643e+00  -5.2259929e+00
  -6.6507346e+00   3.2688724e+00  -4.5077138e+00
  -7.4935601e+00   1.9323460e+00  -4.8165237e+00
  -5.4142608e+00   4.8160975e+00  -3.7433334e+00
  -7.4831000e+00   3.9620435e+00  -5.6937629e+00
  -6.9497076e+00   3.6228167e+00  -4.9851430e+00
  -7.2730437e+00   2.8057236e+00  -4.9939523e+00
  -6.2957234e+00   3.8768735e+00  -4.3660878e+00
  -6.2956197e+00   4.4300906e+00  -4.5744621e+00
  -5.4533982e+00   3.1665445e+00  -3.1020094e+00
  -6.7048812e+00   3.7768821e+00  -4.7775674e+00
  -5.5181504e+00   3.2789781e+00  -3.2305965e+00
  -6.3540125e+00   3.0052110e+00  -4.0564244e+00
  -5.6036980e+00   3.1150104e+00  -3.2510008e+00
  -6.6004384e+00   4.5219018e+00  -4.9383202e+00
  -7.0976359e+00   1.7106287e+00  -4.2462879e+00
  -7.2841537e+00   3.0502657e+00  -5.1145640e+00
  -6.4767145e+00   2.8379774e+00  -4.1167478e+00
  -7.2903279e+00   4.6426280e+00  -5.7208354e+00
  -7.4961533e+00   2.3944622e+00  -5.0502107e+00
  -6.9897094e+00   2.8671667e+00  -4.7067870e+00
  -6.3973633e+00   2.8418201e+00  -4.0285977e+00
  -6.7084869e+00   2.9269617e+00  -4.4195807e+00
  -3.9672044e+00   6.8666531e+00  -2.7805570e+00
  -6.7798318e+00   1.8532926e+00  -3.9582212e+00
  -4.2582582e+00   7.1310494e+00  -3.1622538e+00
  -6.9958637e+00   3.4266447e+00  -4.9562765e+00
  -5.6000088e+00   5.6379813e+00  -4.2121325e+00
  -7.2037584e+00   2.4158342e+00  -4.7335417e+00
  -4.9802359e+00   6.5225944e+00  -3.7883327e+00
  -7.2328257e+00   4.2169683e+00  -5.5153747e+00
  -6.4081635e+00   5.4323794e+00  -5.0208729e+00
  -7.0980496e+00   2.9030339e+00  -4.8436320e+00
  -5.5803949e+00   5.9489198e+00  -4.2802065e+00
  -6.0904103e+00   2.8633535e+00  -3.6889094e+00
  -4.7792624e+00   5.5582116e+00  -3.2920155e+00
  -6.5405805e+00   3.9430440e+00  -4.6618634e+00
  -5.9233998e+00   5.0443340e+00  -4.3784589e+00
  -6.6603939e+00   2.4640857e+00  -4.1429596e+00
  -4.9324104e+00   5.9262755e+00  -3.5724238e+00
  -6.8586806e+00   4.3948534e+00  -5.1738552e+00
  -6.3838099e+00   4.9309151e+00  -4.8404731e+00
  -6.7625199e+00   2.6752555e+00  -4.3622442e+00
  -5.5534059e+00   5.6379444e+00  -4.1617073e+00
  -8.4273120e+00   2.5148963e+00  -6.1304406e+00
  -6.1536399e+00   6.9498667e+00  -5.1372498e+00
  -8.3030376e+00   1.4765335e+00  -5.4857823e+00
  -5.1847303e+00   7.3672114e+00  -4.2053194e+00
  -8.4983232e+00   3.1236824e+00  -6.4651506e+00
  -6.6297302e+00   6.5831884e+00  -5.5551109e+00
  -8.5833698e+00   1.8494008e+00  -5.9880145e+00
  -5.9659401e+00   7.1435462e+00  -4.9817873e+00
  -9.4176658e+00   9.5472975e-02  -5.9396400e+00
  -5.1469909e+00   7.3375510e+00  -4.1589729e+00
  -1.0053640e+01   1.0382336e+00  -7.1798969e+00
  -6.5211339e+00   7.0618127e+00  -5.5466388e+00
  -1.0321761e+01  -2.7200635e-01  -6.7212474e+00
  -5.9159606e+00   7.8642878e+00  -5.0724344e+00
  -7.9619039e+00   3.4562646e+00  -6.0194365e+00
  -6.3474254e+00   6.3334075e+00  -5.1982938e+00
  -8.4955881e+00   1.6823461e+00  -5.8072562e+00
  -6.1198984e+00   6.0975114e+00  -4.8972817e+00
  -9.8672959e+00   4.8271988e-01  -6.6712825e+00
  -6.5051859e+00   7.2655229e+00  -5.5719400e+00
