  -9.2235977e+00  -3.3708521e+00  -2.9019104e+00
  -4.4261786e+00   5.0142624e+00  -2.7118472e+00
  -8.8694694e+00  -2.2140613e+00  -3.5556935e+00
  -5.3252887e+00   4.0391360e+00  -3.3466949e+00
  -8.3314491e+00  -9.6553325e-01  -3.9316786e+00
  -5.7015808e+00   3.5662567e+00  -3.5710929e+00
  -8.6560170e+00  -3.0498384e+00  -2.4615980e+00
  -4.2138936e+00   5.0378737e+00  -2.4803880e+00
  -8.1950874e+00  -1.1253473e+00  -3.6364467e+00
  -5.6467443e+00   3.3729758e+00  -3.4218713e+00
  -8.4216333e+00  -3.1030085e-02  -4.7161777e+00
  -7.2952643e+00   1.9228038e+00  -4.5869832e+00
  -8.6950340e+00  -1.8386908e+00  -3.6657108e+00
  -5.4210848e+00   3.9337281e+00  -3.4111492e+00
  -8.4997879e+00   2.6874207e-01  -5.0030515e+00
  -7.6858025e+00   1.7542205e+00  -4.9401400e+00
  -8.6592388e+00  -1.4209523e+00  -3.9714907e+00
  -5.7033817e+00   4.0782176e+00  -3.7875724e+00
  -7.5917513e+00  -8.8339567e-01  -3.0749515e+00
  -5.7517025e+00   2.1781462e+00  -2.9325871e+00
  -7.2526455e+00   4.3675838e-01  -3.6447657e+00
  -6.6383527e+00   1.1236956e+00  -3.3579425e+00
  -7.7610160e+00  -1.9302464e+00  -2.3646715e+00
  -4.7974794e+00   3.2912060e+00  -2.3952966e+00
  -7.1547054e+00   1.2555304e-01  -3.3073288e+00
  -6.2961009e+00   1.4147208e+00  -3.1297186e+00
  -7.5847724e+00   1.0839016e+00  -4.4484726e+00
  -7.7608127e+00   5.4659112e-01  -4.3213492e+00
  -8.1076825e+00  -1.3199843e+00  -3.3663296e+00
  -5.7123964e+00   2.6179829e+00  -3.1268374e+00
  -8.1753495e+00   5.9158320e-01  -4.8318022e+00
  -8.0267717e+00   6.6876206e-01  -4.7079777e+00
  -7.5972415e+00  -4.1267693e-01  -3.4539831e+00
  -6.2714484e+00   1.7625515e+00  -3.3105865e+00
  -7.2790657e+00   6.0408442e-01  -3.7885459e+00
  -6.5761950e+00   1.3163432e+00  -3.4044396e+00
  -7.3205899e+00  -9.8305893e-01  -2.6423213e+00
  -5.5134295e+00   2.0877637e+00  -2.5939535e+00
  -6.9912972e+00   7.3555046e-01  -3.5303904e+00
  -6.4229398e+00   1.4266637e+00  -3.2893292e+00
  -6.9925717e+00   2.0958276e+00  -4.3332005e+00
  -8.3164855e+00  -5.5813238e-01  -4.2217003e+00
  -7.8696698e+00  -2.8119244e-01  -3.8850274e+00
  -6.6976610e+00   1.4046514e+00  -3.6027427e+00
  -7.4186210e+00   1.9654933e+00  -4.7490871e+00
  -8.4775505e+00  -3.4209875e-01  -4.5684747e+00
  -7.3623110e+00   3.2520157e-02  -3.4947819e+00
  -6.3202429e+00   1.6629564e+00  -3.3097323e+00
  -7.5227811e+00  -1.8986049e+00  -2.0702437e+00
  -4.4717309e+00   3.4202227e+00  -2.0731489e+00
  -7.0245552e+00  -5.1911006e-02  -3.0148476e+00
  -5.4054257e+00   2.6334159e+00  -2.7730898e+00
  -7.2243940e+00   1.0661446e+00  -4.0177383e+00
  -7.1003089e+00   1.1408430e+00  -3.9176303e+00
  -7.6172597e+00  -8.2260440e-01  -3.1569488e+00
  -5.3092405e+00   3.0692704e+00  -2.8862313e+00
  -7.7920295e+00   9.6475277e-01  -4.6168411e+00
  -7.6645074e+00   1.1104573e+00  -4.5562957e+00
  -7.4446639e+00  -2.9475475e-01  -3.3545319e+00
  -5.7883230e+00   2.5505260e+00  -3.1802410e+00
  -6.7945576e+00   2.4455993e-01  -2.9479833e+00
  -5.9989611e+00   1.5202383e+00  -2.8363663e+00
  -6.9104027e+00   1.4824594e+00  -3.8991523e+00
  -7.6377727e+00   1.2354129e-01  -3.8929407e+00
  -7.3025787e+00  -6.7134331e-01  -2.8801098e+00
  -5.4937537e+00   2.3216840e+00  -2.7059066e+00
  -7.2477394e+00   1.3705734e+00  -4.2266869e+00
  -7.7910662e+00   2.5379388e-01  -4.1648032e+00
  -7.2478712e+00  -4.3935953e-01  -2.9967343e+00
  -5.8352947e+00   1.9282181e+00  -2.8875367e+00
  -8.6282261e+00   4.8647884e-02  -5.0092465e+00
  -7.2469537e+00   2.4989095e+00  -4.8220493e+00
  -9.2996048e+00  -2.1488560e+00  -4.1535520e+00
  -5.3621917e+00   5.0865375e+00  -3.7790534e+00
  -9.2365286e+00  -2.5982018e-01  -5.5066593e+00
  -7.4862578e+00   3.1079676e+00  -5.3613558e+00
  -8.6439766e+00  -1.0867670e+00  -4.2182903e+00
  -5.8846970e+00   3.9387601e+00  -3.9341251e+00
  -9.9374407e+00  -2.8858568e+00  -4.2950268e+00
  -5.4554194e+00   5.0836533e+00  -3.8804520e+00
  -1.0664136e+01  -2.0043068e+00  -5.9014526e+00
  -7.3895853e+00   4.1991813e+00  -5.6777794e+00
  -1.0218737e+01  -2.8961883e+00  -4.6335386e+00
  -5.8867595e+00   5.0586320e+00  -4.3432740e+00
  -8.1767237e+00   4.9148366e-01  -4.7709200e+00
  -7.3752837e+00   1.8933229e+00  -4.6622778e+00
  -8.6079010e+00  -1.3204171e+00  -3.9896640e+00
  -6.1675232e+00   2.9438074e+00  -3.8157831e+00
  -1.0557872e+01  -3.0670157e+00  -4.8964139e+00
  -6.3988286e+00   4.3709283e+00  -4.6659623e+00
