  -7.1676116e+00   3.5467735e+00  -5.1932709e+00
  -4.6435565e+00   1.3475438e+01  -4.3852265e+00
  -7.7052216e+00   1.9049054e+00  -5.0406234e+00
  -4.5700413e+00   1.3351800e+01  -4.3031629e+00
  -6.7099676e+00   9.6886054e+00  -6.1661094e+00
  -4.4954502e+00   1.4757115e+01  -4.3006960e+00
  -6.8945567e+00   7.8092406e+00  -6.0794632e+00
  -4.3685018e+00   1.3984709e+01  -4.1344497e+00
  -6.8967125e+00   6.4245861e+00  -5.7984625e+00
  -5.8312556e+00   1.2019822e+01  -5.4948829e+00
  -7.3710779e+00   5.2058452e+00  -5.9795226e+00
  -6.2545689e+00   1.2331743e+01  -5.9472839e+00
  -7.2824529e+00   6.6336787e+00  -6.2492957e+00
  -4.6630615e+00   1.3161087e+01  -4.3859581e+00
  -7.5273434e+00   9.3680440e+00  -6.9623265e+00
  -6.6071128e+00   1.2343037e+01  -6.3053487e+00
  -7.4391846e+00   6.3373298e+00  -6.3456590e+00
  -5.0505019e+00   1.4790194e+01  -4.8634212e+00
  -6.3062292e+00   3.3226191e+00  -4.1461055e+00
  -4.8369283e+00   8.1204794e+00  -3.9887286e+00
  -5.9043170e+00   1.1330726e+01  -5.5129842e+00
  -5.5722798e+00   7.4989110e+00  -4.6417141e+00
  -6.3704054e+00   9.0180112e+00  -5.7300082e+00
  -5.0536988e+00   8.7177040e+00  -4.3200635e+00
  -5.8956277e+00   8.4692534e+00  -5.1560429e+00
  -6.3662619e+00   6.9149909e+00  -5.3529473e+00
  -6.8360693e+00   6.3779744e+00  -5.7238293e+00
  -7.0726982e+00   7.4765291e+00  -6.2032346e+00
  -6.4076462e+00   7.8003102e+00  -5.5728380e+00
  -5.3580235e+00   8.4773875e+00  -4.5980041e+00
  -6.8801489e+00   1.0388930e+01  -6.4179540e+00
  -7.1420290e+00   7.2910695e+00  -6.2396403e+00
  -6.3900665e+00   7.6248794e+00  -5.5220607e+00
  -6.0301156e+00   7.3649302e+00  -5.0952047e+00
  -6.0553394e+00   1.0422973e+01  -5.5793778e+00
  -5.8107122e+00   4.9867721e+00  -4.2368497e+00
  -6.4288226e+00   8.9745486e+00  -5.7840065e+00
  -5.3382353e+00   5.2833367e+00  -3.8176313e+00
  -6.0392020e+00   8.1102279e+00  -5.2448519e+00
  -6.4862879e+00   4.3029045e+00  -4.7368809e+00
  -6.3850556e+00   6.9320319e+00  -5.3763761e+00
  -7.3473008e+00   3.3830771e+00  -5.3236127e+00
  -6.3927685e+00   8.8478267e+00  -5.7285985e+00
  -5.9964678e+00   5.0134334e+00  -4.4477891e+00
  -6.7558056e+00   1.0801527e+01  -6.3320375e+00
  -7.4416964e+00   3.7979653e+00  -5.5884273e+00
  -6.3657446e+00   6.9673363e+00  -5.3637746e+00
  -5.9295606e+00   4.7501788e+00  -4.2866862e+00
  -6.0104370e+00   8.2859049e+00  -5.2449659e+00
  -4.1521420e+00   1.1713241e+01  -3.7548523e+00
  -5.8888501e+00   7.2465856e+00  -4.9225338e+00
  -5.6290404e+00   9.9670749e+00  -5.0907072e+00
  -6.2303197e+00   6.1205542e+00  -5.0206205e+00
  -6.1480192e+00   9.7630820e+00  -5.5992141e+00
  -6.1368656e+00   8.1138754e+00  -5.3470074e+00
  -4.7076283e+00   1.2160022e+01  -4.3609730e+00
  -6.4217504e+00   1.0664491e+01  -5.9784106e+00
  -6.6553439e+00   9.9911205e+00  -6.1455746e+00
  -6.2190495e+00   7.1973550e+00  -5.2587573e+00
  -5.0901536e+00   1.0715980e+01  -4.6210574e+00
  -5.4577374e+00   8.2519761e+00  -4.6635416e+00
  -5.9915729e+00   1.1192790e+01  -5.5896596e+00
  -5.9890682e+00   6.5567063e+00  -4.8733803e+00
  -6.5730116e+00   1.1123832e+01  -6.1756067e+00
  -5.6156582e+00   7.8556224e+00  -4.7568945e+00
  -4.6954613e+00   1.2561165e+01  -4.3786351e+00
  -6.0255673e+00   1.1055569e+01  -5.6117831e+00
  -6.4564122e+00   1.0891853e+01  -6.0356841e+00
  -6.1127929e+00   7.0104728e+00  -5.1075366e+00
  -5.2532553e+00   1.2616728e+01  -4.9502812e+00
  -7.3800515e+00   5.4136227e+00  -6.0481092e+00
  -6.2149140e+00   1.1425436e+01  -5.8374580e+00
  -7.6635126e+00   6.8869451e+00  -6.6993560e+00
  -4.5182615e+00   1.4625642e+01  -4.3178671e+00
  -7.9394135e+00   9.3356784e+00  -7.3786095e+00
  -6.7043693e+00   1.2258281e+01  -6.3980536e+00
  -7.6043493e+00   6.1636776e+00  -6.4771679e+00
  -5.1741286e+00   1.2909790e+01  -4.8893522e+00
  -8.1917436e+00   5.8235825e+00  -7.0067213e+00
  -4.8415585e+00   9.7614943e+00  -4.2522510e+00
  -9.3263115e+00   6.5662655e+00  -8.3477106e+00
  -6.6765321e+00   8.6363626e+00  -5.9896501e+00
  -8.6545133e+00   4.9803793e+00  -7.2642282e+00
  -5.3383750e+00   9.1662586e+00  -4.6849597e+00
  -7.4635502e+00   9.3418357e+00  -6.8939108e+00
  -6.4976816e+00   1.1761043e+01  -6.1520631e+00
  -7.2493958e+00   6.5905148e+00  -6.2052540e+00
  -5.3002767e+00   1.1891122e+01  -4.9442952e+00
  -8.7643169e+00   5.2949320e+00  -7.4660661e+00
  -5.9866786e+00   1.3208187e+01  -5.7314146e+00
