  -8.2924455e+00   8.6986807e-01  -5.1338707e+00
  -5.4668305e+00   6.8051146e+00  -4.3783723e+00
  -8.5325415e+00   5.7296348e-01  -5.2299159e+00
  -6.0350074e+00   6.4069403e+00  -4.8856337e+00
  -7.7033135e+00   2.4814573e+00  -5.3213492e+00
  -5.7804041e+00   6.3317432e+00  -4.5961765e+00
  -8.0925262e+00  -3.4743055e-01  -4.1059050e+00
  -3.7489309e+00   9.1068672e+00  -3.0147313e+00
  -7.8159292e+00   2.7682350e+00  -5.5755556e+00
  -6.5308243e+00   5.5770552e+00  -5.1934391e+00
  -8.0507999e+00   2.1182838e+00  -5.5325644e+00
  -6.3636848e+00   5.9194828e+00  -5.1095466e+00
  -7.8107258e+00   3.5754904e+00  -5.9024841e+00
  -7.0374595e+00   5.0189028e+00  -5.5694047e+00
  -8.1076872e+00   2.7520421e+00  -5.8872074e+00
  -7.0667897e+00   5.3453569e+00  -5.6973318e+00
  -7.6622928e+00   4.9594559e+00  -6.2149973e+00
  -7.5598596e+00   4.7930964e+00  -6.0556548e+00
  -7.9876948e+00   1.0777362e+00  -4.9079085e+00
  -6.3932805e+00   3.6738151e+00  -4.3922908e+00
  -6.9389963e+00   3.4815922e+00  -4.9163076e+00
  -6.6497275e+00   2.5442379e+00  -4.1707229e+00
  -7.2580747e+00   9.0761661e-01  -3.9590234e+00
  -4.6125837e+00   4.9266478e+00  -2.8896121e+00
  -6.7412161e+00   4.1725809e+00  -4.9672948e+00
  -7.2606420e+00   1.9755587e+00  -4.5753769e+00
  -7.1437173e+00   3.2105055e+00  -5.0285771e+00
  -7.2439280e+00   2.2597874e+00  -4.7017813e+00
  -7.2541697e+00   3.9361543e+00  -5.4370824e+00
  -7.7972893e+00   1.7514465e+00  -5.0642759e+00
  -7.5960784e+00   3.1548015e+00  -5.5011747e+00
  -7.5710694e+00   2.2686255e+00  -5.0728462e+00
  -7.2125967e+00   5.3967966e+00  -5.8664363e+00
  -8.4293946e+00   1.4552381e+00  -5.6154592e+00
  -6.6024284e+00   3.9494701e+00  -4.7322078e+00
  -6.9200550e+00   1.5622609e+00  -3.9567460e+00
  -7.1334318e+00   1.4331728e+00  -4.1303732e+00
  -5.2837202e+00   3.3225877e+00  -2.9803171e+00
  -6.6538883e+00   4.8653043e+00  -5.1104095e+00
  -7.7818557e+00   9.7246076e-01  -4.6097144e+00
  -6.8310093e+00   3.8104749e+00  -4.9289770e+00
  -7.7010456e+00   8.7083549e-01  -4.4547316e+00
  -7.0296912e+00   5.4233528e+00  -5.6802186e+00
  -9.0150211e+00  -1.6828937e-01  -5.3128828e+00
  -7.3717715e+00   4.1743266e+00  -5.6499070e+00
  -8.3006377e+00   9.4039052e-01  -5.1844153e+00
  -7.0175115e+00   5.3294091e+00  -5.6404412e+00
  -8.3971430e+00   7.9454834e-01  -5.2085444e+00
  -7.1106959e+00   7.7074124e-01  -3.6965906e+00
  -3.9696777e+00   5.9878888e+00  -2.5317002e+00
  -6.6899914e+00   3.6683892e+00  -4.7180343e+00
  -6.1022922e+00   4.6640438e+00  -4.4456546e+00
  -6.5323072e+00   3.4438510e+00  -4.4509252e+00
  -6.2874814e+00   3.8942689e+00  -4.3638650e+00
  -6.8923936e+00   4.6257641e+00  -5.2886825e+00
  -6.9408698e+00   4.0913084e+00  -5.1545903e+00
  -7.4209522e+00   3.3602858e+00  -5.3947481e+00
  -7.0266799e+00   3.8077372e+00  -5.1416236e+00
  -6.7969876e+00   5.5412529e+00  -5.4665033e+00
  -7.4597559e+00   3.2251208e+00  -5.3815373e+00
  -6.4236772e+00   4.5570337e+00  -4.7586332e+00
  -7.0023891e+00   3.0088801e+00  -4.7846786e+00
  -6.5085218e+00   3.4599313e+00  -4.4312806e+00
  -6.6863434e+00   3.1378006e+00  -4.4899551e+00
  -6.4866592e+00   4.6759451e+00  -4.8675626e+00
  -7.1770420e+00   3.0219009e+00  -4.9839705e+00
  -6.9102492e+00   3.5103581e+00  -4.8964499e+00
  -7.0412049e+00   3.1188163e+00  -4.8760106e+00
  -6.5855358e+00   5.3910585e+00  -5.1983863e+00
  -7.7797957e+00   2.3300205e+00  -5.3345430e+00
  -8.0953044e+00   2.0514494e+00  -5.5491391e+00
  -6.5690862e+00   4.9505900e+00  -5.0464662e+00
  -7.9671072e+00   3.6789494e+00  -6.1098884e+00
  -7.3243209e+00   4.4613478e+00  -5.6975008e+00
  -8.3899359e+00   2.6487393e+00  -6.1490042e+00
  -7.2981220e+00   4.6478101e+00  -5.7308404e+00
  -8.0733166e+00   4.7930209e+00  -6.5988963e+00
  -7.9786690e+00   3.9451161e+00  -6.2193367e+00
  -9.2026344e+00   2.3046553e+00  -6.8752198e+00
  -7.3261257e+00   5.1466293e+00  -5.9146081e+00
  -9.8947863e+00   6.9329124e-01  -6.8204226e+00
  -7.1693132e+00   5.5864380e+00  -5.8732553e+00
  -9.5356702e+00   3.1753548e+00  -7.5899805e+00
  -8.2080577e+00   4.5381966e+00  -6.6621178e+00
  -7.9515610e+00   3.2062398e+00  -5.9088905e+00
  -7.4068596e+00   4.0303696e+00  -5.6363786e+00
  -8.0038690e+00   5.1241845e+00  -6.6234178e+00
  -8.4544338e+00   2.9438382e+00  -6.3445224e+00
  -9.5794415e+00   3.1546511e+00  -7.6283154e+00
  -8.5708656e+00   3.9424375e+00  -6.8484264e+00
