  -9.1253667e+00  -2.2578097e+00  -3.8408809e+00
  -6.4325564e+00   2.3867792e+00  -3.8427020e+00
  -9.4188895e+00  -2.1563733e+00  -4.2944272e+00
  -6.7834867e+00   2.4597533e+00  -4.2807831e+00
  -8.9181809e+00  -2.0695940e+00  -3.7458454e+00
  -6.2787439e+00   2.4519004e+00  -3.6990513e+00
  -8.9731381e+00  -2.5172649e+00  -3.4108412e+00
  -5.6899157e+00   3.1500059e+00  -3.3671735e+00
  -8.8520670e+00  -3.9356592e-01  -4.9723116e+00
  -8.2561330e+00   6.3406238e-01  -4.9509055e+00
  -9.1204169e+00   3.3659080e-01  -5.7528309e+00
  -9.3866558e+00  -1.7065579e-01  -5.7360807e+00
  -8.7351655e+00  -1.1082537e+00  -4.3120788e+00
  -7.2834885e+00   1.4642434e+00  -4.3219683e+00
  -8.7461465e+00   2.9214869e-01  -5.3006007e+00
  -8.9270515e+00   2.2188522e-02  -5.3361201e+00
  -8.8864813e+00  -7.7293631e-01  -4.7441934e+00
  -7.6899668e+00   1.4000450e+00  -4.7519747e+00
  -8.0968921e+00  -8.6289132e-01  -3.7236374e+00
  -6.8868660e+00   1.2060252e+00  -3.7057199e+00
  -7.6274324e+00  -4.9864147e-01  -3.4256467e+00
  -7.0785738e+00   3.7604545e-01  -3.3919768e+00
  -7.7145153e+00  -9.5664812e-01  -3.1705585e+00
  -6.2952477e+00   1.4058277e+00  -3.1231440e+00
  -7.6865159e+00   1.1254397e+00  -4.5904631e+00
  -8.8070848e+00  -8.7475887e-01  -4.5751501e+00
  -8.2908098e+00   1.5805250e+00  -5.5271565e+00
  -9.8608962e+00  -1.3124372e+00  -5.4915558e+00
  -8.0696394e+00  -5.6070153e-01  -3.9215041e+00
  -7.4027441e+00   5.7038082e-01  -3.9137934e+00
  -8.0026623e+00   1.0458318e+00  -4.9064611e+00
  -9.1882051e+00  -1.0327967e+00  -4.9101312e+00
  -7.9871796e+00   3.9593498e-01  -4.4894540e+00
  -8.3165554e+00  -1.8213638e-01  -4.4896862e+00
  -7.2797081e+00   7.8048264e-02  -3.4264956e+00
  -7.1859781e+00   2.0560916e-01  -3.4030843e+00
  -7.4424760e+00  -4.1787213e-01  -3.2577982e+00
  -6.6729549e+00   8.6510225e-01  -3.2315157e+00
  -7.4380177e+00   1.7381759e+00  -4.6508668e+00
  -8.9427215e+00  -1.0109374e+00  -4.6352315e+00
  -7.5338949e+00   2.6706157e+00  -5.2213423e+00
  -1.0242925e+01  -2.2297500e+00  -5.2292689e+00
  -7.6270532e+00   7.0888524e-01  -4.2678069e+00
  -8.5522290e+00  -8.5037861e-01  -4.2880374e+00
  -7.2234070e+00   2.4524536e+00  -4.7733437e+00
  -9.6711612e+00  -1.9025089e+00  -4.8118615e+00
  -7.4578894e+00   9.3899320e-01  -4.2132077e+00
  -8.1728341e+00  -2.9426361e-01  -4.2402521e+00
  -7.8261918e+00  -1.6284142e+00  -2.7339059e+00
  -5.6914891e+00   1.8956746e+00  -2.6946575e+00
  -7.8166043e+00   5.4009086e-01  -4.3825764e+00
  -8.1276468e+00  -3.2923205e-02  -4.3690616e+00
  -7.8497856e+00   1.5407172e+00  -5.0109811e+00
  -9.2408432e+00  -9.6068419e-01  -5.0250886e+00
  -8.1128952e+00  -5.9713498e-01  -3.9468013e+00
  -7.2105546e+00   1.0192245e+00  -3.9725801e+00
  -7.9600739e+00   1.0867344e+00  -4.8815861e+00
  -9.0482392e+00  -7.6486922e-01  -4.9406451e+00
  -7.8740277e+00   3.3691003e-01  -4.3181193e+00
  -7.9730712e+00   1.9868352e-01  -4.3431747e+00
  -6.9775423e+00   1.6749148e+00  -4.0876723e+00
  -8.7423972e+00  -1.4223944e+00  -4.0726203e+00
  -7.3681041e+00   2.1382744e+00  -4.7805984e+00
  -9.6042947e+00  -1.8784979e+00  -4.7509201e+00
  -7.3557931e+00   1.1394457e-01  -3.5451456e+00
  -7.3309801e+00   1.6788357e-01  -3.5531920e+00
  -7.4134195e+00   1.4040210e+00  -4.4373491e+00
  -8.8258186e+00  -1.0808482e+00  -4.4423986e+00
  -7.4575037e+00   3.8761698e-01  -3.8574873e+00
  -7.8031029e+00  -1.9099346e-01  -3.8697557e+00
  -8.9111248e+00   7.9503941e-01  -5.7886918e+00
  -9.2960770e+00   1.9236235e-01  -5.8625724e+00
  -9.1330186e+00  -1.1978931e+00  -4.7208700e+00
  -7.2815499e+00   2.3312812e+00  -4.7795010e+00
  -8.7314782e+00   5.5001607e-01  -5.4422128e+00
  -8.8883136e+00   4.6366375e-01  -5.5677314e+00
  -9.1296888e+00  -4.4887774e-01  -5.2568351e+00
  -8.1289910e+00   1.5985833e+00  -5.3559150e+00
  -1.0472306e+01  -2.7277313e+00  -5.0881771e+00
  -7.2139514e+00   3.2519780e+00  -5.1233525e+00
  -1.0629340e+01  -1.7589790e+00  -6.0477545e+00
  -8.5939370e+00   2.1566181e+00  -6.1477769e+00
  -1.0716777e+01  -2.3185314e+00  -5.7159728e+00
  -7.9536632e+00   2.9230979e+00  -5.7932435e+00
  -8.9374081e+00   3.3849639e-01  -5.5470389e+00
  -8.8264909e+00   6.5952344e-01  -5.6148168e+00
  -9.0609511e+00  -6.7756157e-01  -5.0178340e+00
  -8.2825580e+00   7.7442870e-01  -5.0660278e+00
  -1.0318089e+01  -1.7783407e+00  -5.6733751e+00
  -8.4060938e+00   1.6125198e+00  -5.6721278e+00
