  -7.7119801e+00   5.9783744e+00  -6.5446430e+00
  -6.6271269e+00   1.0654934e+01  -6.1868493e+00
  -7.9704682e+00   3.2533762e+00  -5.9484185e+00
  -6.8109493e+00   1.0509799e+01  -6.3597337e+00
  -7.1807281e+00   7.8150044e+00  -6.3763352e+00
  -5.8359982e+00   1.1027295e+01  -5.4156871e+00
  -7.1511633e+00   9.5705769e+00  -6.6030117e+00
  -5.8669514e+00   1.1092316e+01  -5.4533595e+00
  -7.4731028e+00   7.3736054e+00  -6.5983114e+00
  -6.9743272e+00   9.5166664e+00  -6.4156318e+00
  -7.5927526e+00   6.7292088e+00  -6.5928410e+00
  -8.3232040e+00   9.4066090e+00  -7.7779808e+00
  -7.3935433e+00   8.9985743e+00  -6.7775811e+00
  -7.1151978e+00   9.8484303e+00  -6.5989982e+00
  -7.6221418e+00   1.0619907e+01  -7.1954604e+00
  -8.7503956e+00   8.7818801e+00  -8.1331434e+00
  -7.1778055e+00   8.6400450e+00  -6.5057948e+00
  -7.4486603e+00   9.6452224e+00  -6.9156175e+00
  -7.0011658e+00   4.2358307e+00  -5.2720306e+00
  -6.9106706e+00   6.9881394e+00  -5.9379197e+00
  -6.7672287e+00   8.9960772e+00  -6.1350646e+00
  -6.4274155e+00   7.2611864e+00  -5.4898513e+00
  -6.7141766e+00   1.1086998e+01  -6.3159034e+00
  -6.2540229e+00   7.6322215e+00  -5.3816981e+00
  -7.0428270e+00   8.5544138e+00  -6.3543319e+00
  -7.3507864e+00   6.7061876e+00  -6.3363326e+00
  -7.4593097e+00   6.8081291e+00  -6.4710125e+00
  -8.7574208e+00   6.3531306e+00  -7.7168298e+00
  -6.8523233e+00   9.7682428e+00  -6.3212000e+00
  -7.4929919e+00   6.6138950e+00  -6.4641873e+00
  -7.1576799e+00   1.1570446e+01  -6.8066405e+00
  -9.0709901e+00   5.1514614e+00  -7.7461396e+00
  -6.8451792e+00   9.0990765e+00  -6.2292474e+00
  -8.0761401e+00   6.0383102e+00  -6.9388255e+00
  -6.5876959e+00   8.3569479e+00  -5.8545365e+00
  -6.4181351e+00   4.3346501e+00  -4.6739735e+00
  -6.7284405e+00   1.1250100e+01  -6.3446769e+00
  -6.5100973e+00   4.4684366e+00  -4.8217118e+00
  -6.8425120e+00   8.6982165e+00  -6.1697549e+00
  -7.5145884e+00   3.8420059e+00  -5.6836019e+00
  -6.9490496e+00   7.8825036e+00  -6.1486992e+00
  -8.7590890e+00   2.6577483e+00  -6.5521668e+00
  -6.6805021e+00   1.1118640e+01  -6.2844725e+00
  -8.0436378e+00   3.0315619e+00  -5.9367840e+00
  -6.6060636e+00   1.2382733e+01  -6.3069733e+00
  -9.2650212e+00   2.0634002e+00  -6.8327756e+00
  -6.5956535e+00   8.6197718e+00  -5.9037810e+00
  -7.7752457e+00   3.2102451e+00  -5.7192646e+00
  -5.9214541e+00   1.1342829e+01  -5.5315115e+00
  -5.5800740e+00   9.5852693e+00  -4.9925048e+00
  -6.2285298e+00   8.4548726e+00  -5.4988042e+00
  -6.8883477e+00   8.1743217e+00  -6.1353437e+00
  -6.4783680e+00   8.0849888e+00  -5.6963965e+00
  -8.2724665e+00   6.9413886e+00  -7.3398194e+00
  -6.2580610e+00   1.0793356e+01  -5.8240699e+00
  -7.3863181e+00   8.5745085e+00  -6.7101515e+00
  -6.5442813e+00   1.2200788e+01  -6.2318485e+00
  -8.9045469e+00   6.7742600e+00  -7.9569959e+00
  -6.1926302e+00   9.4990204e+00  -5.6119703e+00
  -7.7235253e+00   7.3961430e+00  -6.8611648e+00
  -6.0779840e+00   9.1568830e+00  -5.4481830e+00
  -7.1043702e+00   1.0309958e+01  -6.6382335e+00
  -6.2688706e+00   7.9715846e+00  -5.4593082e+00
  -8.2351909e+00   9.5365849e+00  -7.7038741e+00
  -6.2022885e+00   9.8758809e+00  -5.6684427e+00
  -6.9957904e+00   1.1437321e+01  -6.6318077e+00
  -6.4463451e+00   1.1655858e+01  -6.0916610e+00
  -8.4140995e+00   9.6504443e+00  -7.8988557e+00
  -6.2185937e+00   9.0669654e+00  -5.5805224e+00
  -7.3190217e+00   1.0603632e+01  -6.8859929e+00
  -7.1935822e+00   7.4867888e+00  -6.3303673e+00
  -8.4333287e+00   6.9496965e+00  -7.5072247e+00
  -7.2380200e+00   9.4145731e+00  -6.6725903e+00
  -7.3140156e+00   8.1130214e+00  -6.5640916e+00
  -7.1762325e+00   1.1524538e+01  -6.8218161e+00
  -9.0889941e+00   5.8556422e+00  -7.9450232e+00
  -7.1481281e+00   8.5701904e+00  -6.4649440e+00
  -7.8972232e+00   7.2524259e+00  -7.0133561e+00
  -8.2564217e+00   8.4445729e+00  -7.5818650e+00
  -7.2214382e+00   7.0701587e+00  -6.2781783e+00
  -8.5942488e+00   9.6089759e+00  -8.0770972e+00
  -8.8100270e+00   6.2616929e+00  -7.7508545e+00
  -8.5159222e+00   7.1814823e+00  -7.6369255e+00
  -7.7729197e+00   6.7566356e+00  -6.7855740e+00
  -8.1171611e+00   1.0980096e+01  -7.7299416e+00
  -8.8589427e+00   9.7344320e+00  -8.3597312e+00
  -7.2248368e+00   8.8721399e+00  -6.5873692e+00
  -7.7463465e+00   9.2815277e+00  -7.1750015e+00
  -8.5498177e+00   7.5071707e+00  -7.7310563e+00
  -7.8711109e+00   9.9636334e+00  -7.3817697e+00
