  -7.7321957e+00   2.9661850e+00  -5.5700483e+00
  -5.4278999e+00   8.7279213e+00  -4.7115574e+00
  -8.3116195e+00   2.9515243e+00  -6.1935573e+00
  -7.1624703e+00   7.6416780e+00  -6.3266470e+00
  -7.2374157e+00   4.5670022e+00  -5.6395271e+00
  -5.1968829e+00   9.3011617e+00  -4.5576039e+00
  -7.3528268e+00   4.5279185e+00  -5.7501283e+00
  -5.7182428e+00   8.4131669e+00  -4.9625106e+00
  -7.4760564e+00   2.3234849e+00  -4.9935036e+00
  -5.1121398e+00   8.7746600e+00  -4.3901962e+00
  -7.9686649e+00   4.0958098e+00  -6.2615873e+00
  -7.2797208e+00   7.0059552e+00  -6.3256301e+00
  -7.7887854e+00   2.7775682e+00  -5.5499273e+00
  -5.4454022e+00   9.1882349e+00  -4.7990247e+00
  -7.6864052e+00   4.6332463e+00  -6.1397697e+00
  -7.1038981e+00   7.3193450e+00  -6.2055747e+00
  -7.9907492e+00   3.2795833e+00  -5.9808667e+00
  -6.2993147e+00   8.9463039e+00  -5.6465450e+00
  -7.2461058e+00   3.9865112e+00  -5.4469107e+00
  -7.8985822e+00   2.8475145e+00  -5.7006615e+00
  -6.4372358e+00   5.6863357e+00  -5.1243420e+00
  -6.1642845e+00   3.9160023e+00  -4.2360508e+00
  -6.9409257e+00   5.1172398e+00  -5.4963364e+00
  -6.3854754e+00   4.7296178e+00  -4.7759964e+00
  -6.5563066e+00   3.5032971e+00  -4.5025864e+00
  -5.8832518e+00   3.9012470e+00  -3.9173050e+00
  -7.1193664e+00   4.8061680e+00  -5.5905826e+00
  -8.0198158e+00   2.4895467e+00  -5.6737936e+00
  -7.3293845e+00   3.1711009e+00  -5.2160483e+00
  -6.3204049e+00   4.4710896e+00  -4.6161056e+00
  -7.3004616e+00   5.0385500e+00  -5.8552408e+00
  -7.7361437e+00   3.1906696e+00  -5.6687075e+00
  -7.1701037e+00   4.1143838e+00  -5.4112148e+00
  -7.2142416e+00   3.4763749e+00  -5.2159944e+00
  -6.4235024e+00   5.5746230e+00  -5.0782936e+00
  -6.4747830e+00   2.6742322e+00  -4.0356288e+00
  -6.6503419e+00   5.9530934e+00  -5.4223850e+00
  -7.1429236e+00   2.2589421e+00  -4.5874307e+00
  -6.4003871e+00   3.7640362e+00  -4.4367927e+00
  -6.1089011e+00   3.0396200e+00  -3.7943664e+00
  -6.6789749e+00   5.7681405e+00  -5.4036663e+00
  -8.3603221e+00   9.7807518e-01  -5.2738676e+00
  -7.2761376e+00   3.9162005e+00  -5.4534648e+00
  -7.0133716e+00   2.8541544e+00  -4.7272374e+00
  -7.1534601e+00   5.6282645e+00  -5.8678721e+00
  -8.1395340e+00   2.0528596e+00  -5.5987666e+00
  -6.9579042e+00   3.9018298e+00  -5.1025559e+00
  -7.1500487e+00   2.5118112e+00  -4.7197129e+00
  -6.2948960e+00   5.4388860e+00  -4.9014758e+00
  -5.7388323e+00   5.7806528e+00  -4.4032688e+00
  -6.5017089e+00   3.0542745e+00  -4.2455717e+00
  -4.8427428e+00   7.2036081e+00  -3.8059140e+00
  -6.7477440e+00   4.9400005e+00  -5.2350366e+00
  -6.8896104e+00   5.1464490e+00  -5.4504065e+00
  -6.7556416e+00   4.0822291e+00  -4.9497708e+00
  -5.6180249e+00   6.5420143e+00  -4.4758404e+00
  -6.8173905e+00   5.6014277e+00  -5.5049140e+00
  -7.1705215e+00   4.9976240e+00  -5.7046854e+00
  -6.9330370e+00   4.2873779e+00  -5.2166042e+00
  -6.3495170e+00   6.0298886e+00  -5.1236232e+00
  -5.9622586e+00   3.8988338e+00  -4.0045195e+00
  -5.3894409e+00   5.4806782e+00  -3.9360164e+00
  -6.5299538e+00   5.2252392e+00  -5.0896601e+00
  -7.3437081e+00   4.4266386e+00  -5.7066214e+00
  -6.4522339e+00   3.7064565e+00  -4.4709084e+00
  -5.5912951e+00   5.8532615e+00  -4.2650716e+00
  -6.5945119e+00   5.5798705e+00  -5.2620632e+00
  -7.1065643e+00   4.6706841e+00  -5.5333581e+00
  -6.7986799e+00   3.7065655e+00  -4.8527825e+00
  -6.3137459e+00   5.8015796e+00  -5.0245590e+00
  -8.1581290e+00   3.9579907e+00  -6.4153827e+00
  -7.3875451e+00   6.5240363e+00  -6.3344350e+00
  -7.8326087e+00   3.0983111e+00  -5.7353777e+00
  -5.7971863e+00   7.1981771e+00  -4.8158809e+00
  -8.2170950e+00   4.2724276e+00  -6.5855565e+00
  -7.3286433e+00   6.4516397e+00  -6.2566108e+00
  -8.3172712e+00   3.2353638e+00  -6.3151930e+00
  -6.6716865e+00   7.2422220e+00  -5.7409165e+00
  -8.7696010e+00   1.6505682e+00  -6.0933356e+00
  -5.6336911e+00   7.4497224e+00  -4.6962945e+00
  -9.3894770e+00   2.5438874e+00  -7.1798910e+00
  -7.2252862e+00   6.6216916e+00  -6.1870386e+00
  -9.6753161e+00   1.5205354e+00  -7.0161229e+00
  -6.5951108e+00   7.9168300e+00  -5.7882628e+00
  -7.6900411e+00   4.6514072e+00  -6.1494013e+00
  -7.0706928e+00   5.9581032e+00  -5.8672285e+00
  -8.0303459e+00   3.3900803e+00  -6.0673678e+00
  -6.9376579e+00   5.9895282e+00  -5.7351429e+00
  -9.6851244e+00   1.7570841e+00  -7.1417878e+00
  -7.2169493e+00   7.3622336e+00  -6.3310405e+00
