  -7.5545497e+00   6.3976565e+00  -6.4798629e+00
  -6.1245014e+00   1.2259116e+01  -5.8102589e+00
  -7.8590817e+00   3.4516121e+00  -5.9066985e+00
  -6.4532476e+00   1.1331342e+01  -6.0718906e+00
  -7.1532441e+00   8.2945087e+00  -6.4277711e+00
  -5.3262487e+00   1.1611950e+01  -4.9477035e+00
  -7.2490797e+00   4.6463611e+00  -5.6779607e+00
  -4.1814154e+00   1.5779514e+01  -4.0240900e+00
  -7.0538999e+00   9.3819513e+00  -6.4801967e+00
  -7.0148845e+00   1.0223390e+01  -6.5379861e+00
  -7.9948880e+00   5.9975478e+00  -6.8444223e+00
  -6.9036944e+00   1.1745235e+01  -6.5627396e+00
  -7.1780894e+00   9.3042351e+00  -6.5973621e+00
  -7.2161602e+00   1.0403353e+01  -6.7616015e+00
  -7.6481145e+00   9.5057949e+00  -7.1024108e+00
  -7.1733843e+00   1.1865736e+01  -6.8450499e+00
  -7.5704605e+00   8.3881533e+00  -6.8710828e+00
  -7.5341816e+00   1.2349026e+01  -7.2435641e+00
  -7.1213381e+00   4.0004840e+00  -5.3169794e+00
  -6.7785216e+00   6.4652546e+00  -5.6839681e+00
  -6.3463099e+00   9.4368875e+00  -5.7618500e+00
  -6.2465929e+00   5.8725389e+00  -4.9723328e+00
  -6.3570111e+00   5.8206238e+00  -5.0758301e+00
  -5.0458556e+00   7.1751612e+00  -4.0158484e+00
  -6.1775743e+00   1.0552086e+01  -5.7178238e+00
  -7.7024701e+00   4.2329732e+00  -6.0247110e+00
  -6.9331536e+00   7.2183642e+00  -6.0083634e+00
  -7.8050699e+00   4.4386134e+00  -6.2029963e+00
  -6.5502728e+00   9.7366890e+00  -6.0084036e+00
  -7.9886198e+00   4.0560287e+00  -6.2690383e+00
  -7.1648472e+00   9.6401085e+00  -6.6253497e+00
  -7.8302631e+00   4.7792317e+00  -6.3379597e+00
  -6.7406294e+00   8.8139760e+00  -6.0818741e+00
  -8.6478274e+00   4.2120946e+00  -7.0209441e+00
  -6.1492440e+00   9.2621883e+00  -5.5360630e+00
  -6.7064610e+00   3.2292344e+00  -4.5525282e+00
  -6.4528986e+00   6.1287502e+00  -5.2586737e+00
  -5.5445856e+00   4.4619474e+00  -3.7589432e+00
  -6.2105250e+00   1.1269142e+01  -5.8195220e+00
  -8.1915263e+00   2.4064455e+00  -5.8239168e+00
  -6.6125313e+00   7.7180441e+00  -5.7706855e+00
  -7.6569358e+00   2.5103326e+00  -5.2835118e+00
  -6.4936153e+00   1.2284395e+01  -6.1863343e+00
  -9.0022240e+00   1.1906283e+00  -6.1098975e+00
  -6.9988525e+00   1.0749460e+01  -6.5744016e+00
  -8.2982162e+00   2.5180773e+00  -5.9912880e+00
  -6.5549632e+00   8.4572403e+00  -5.8366693e+00
  -8.6368015e+00   1.9047625e+00  -6.0739164e+00
  -6.1934900e+00   6.0205582e+00  -4.9553765e+00
  -4.2260849e+00   8.9982378e+00  -3.4991318e+00
  -6.0603036e+00   9.5013333e+00  -5.4762178e+00
  -6.4719003e+00   8.2863163e+00  -5.7233718e+00
  -6.5524348e+00   7.1323301e+00  -5.5940623e+00
  -6.5378078e+00   7.8210407e+00  -5.7117901e+00
  -6.2587986e+00   1.1133771e+01  -5.8566528e+00
  -7.1290817e+00   8.2830949e+00  -6.4010857e+00
  -6.7196396e+00   1.0335860e+01  -6.2487878e+00
  -7.1055154e+00   7.4861761e+00  -6.2390497e+00
  -6.2809415e+00   9.3567956e+00  -5.6842139e+00
  -7.3462259e+00   7.6648861e+00  -6.5207121e+00
  -5.9225633e+00   1.1088777e+01  -5.5097797e+00
  -7.4317301e+00   7.2988010e+00  -6.5412886e+00
  -6.4379019e+00   7.3217261e+00  -5.5130035e+00
  -7.0309657e+00   7.8122093e+00  -6.2210975e+00
  -6.0495334e+00   9.9690015e+00  -5.5227725e+00
  -7.2841060e+00   7.7984000e+00  -6.4801603e+00
  -6.5105653e+00   1.0265026e+01  -6.0278539e+00
  -7.0669762e+00   7.5895849e+00  -6.2183247e+00
  -6.3074942e+00   8.7837988e+00  -5.6312034e+00
  -7.8412482e+00   7.5654031e+00  -7.0133451e+00
  -7.8278379e+00   6.1864987e+00  -6.7155764e+00
  -6.8937855e+00   8.7532235e+00  -6.2305473e+00
  -7.1981611e+00   9.7075547e+00  -6.6673493e+00
  -7.4094165e+00   8.3513390e+00  -6.7000909e+00
  -8.0047552e+00   9.1841945e+00  -7.4262313e+00
  -7.4715650e+00   8.5293832e+00  -6.7909099e+00
  -7.6276981e+00   8.2998292e+00  -6.9162278e+00
  -7.8515439e+00   8.1839918e+00  -7.1277678e+00
  -8.5652106e+00   7.8860317e+00  -7.8110666e+00
  -7.3963589e+00   7.0294754e+00  -6.4515042e+00
  -9.3260219e+00   6.7183463e+00  -8.3784439e+00
  -7.3884945e+00   7.3540858e+00  -6.5071060e+00
  -8.9507183e+00   6.7190429e+00  -7.9932756e+00
  -8.1593766e+00   6.2431255e+00  -7.0733564e+00
  -7.6514817e+00   9.5815613e+00  -7.1148923e+00
  -7.4085522e+00   8.2228422e+00  -6.6790445e+00
  -7.5211398e+00   8.7047360e+00  -6.8673249e+00
  -8.1503744e+00   7.7701840e+00  -7.3667367e+00
  -9.0166588e+00   6.7949719e+00  -8.0763328e+00
  -8.6698910e+00   8.3901277e+00  -7.9960021e+00
