   1.4671393e+00   1.1813715e+01   2.1648649e+00
   2.1185316e+00   1.6867810e+01   2.3549474e+00
   1.1558635e+00   8.5004767e+00   2.6143522e+00
   2.8939250e+00   1.8691824e+01   3.0680441e+00
   2.1533229e+00   2.0096359e+01   2.2658988e+00
   2.2596021e+00   1.9720013e+01   2.3843231e+00
   2.1859236e+00   1.8924543e+01   2.3342206e+00
   3.3971132e+00   1.9485759e+01   3.5539518e+00
   2.1297070e+00   1.5126343e+01   2.4845817e+00
   1.4195859e+00   1.5722522e+01   1.6986598e+00
   1.8189176e+00   1.2522489e+01   2.4413223e+00
   1.5150880e+00   1.6208968e+01   1.7677521e+00
   2.4879510e+00   1.5981637e+01   2.7948980e+00
   1.9846961e+00   1.5146139e+01   2.3304509e+00
   2.0316536e+00   1.7376591e+01   2.2391307e+00
   6.7971643e-01   1.6376125e+01   8.9721432e-01
   1.7290731e+00   1.4582269e+01   2.1088947e+00
   2.2732373e+00   1.8929371e+01   2.4232764e+00
   2.3670135e+00   9.1104428e+00   3.9026857e+00
   2.5007591e+00   1.2029227e+01   3.2780266e+00
   3.5905497e+00   1.8055012e+01   3.8161946e+00
   1.8220570e+00   1.2355018e+01   2.4697020e+00
   3.8650917e+00   1.8932128e+01   4.0576578e+00
   2.9054243e+00   1.3865388e+01   3.4431157e+00
   3.6039113e+00   1.5741622e+01   3.9921007e+00
   1.3187880e+00   1.1893291e+01   1.9891097e+00
   2.7878836e+00   1.2578950e+01   3.5027409e+00
   1.3762330e+00   1.2179456e+01   2.0083602e+00
   3.2831468e+00   1.5973595e+01   3.6318069e+00
   1.9388065e+00   1.2677300e+01   2.5499147e+00
   2.7946038e+00   1.7442957e+01   3.0236897e+00
   6.5270025e-01   1.2318536e+01   1.2066606e+00
   3.3342456e+00   1.5801584e+01   3.7002709e+00
   1.7192784e+00   1.2324418e+01   2.3616700e+00
   3.3743467e+00   1.8795743e+01   3.5577390e+00
   1.6629292e+00   8.9357698e+00   3.0862360e+00
   3.2781742e+00   1.6001970e+01   3.6242478e+00
   2.7293835e+00   9.7083104e+00   4.1424497e+00
   3.0116729e+00   1.5044647e+01   3.4263565e+00
   1.3765121e+00   8.8291605e+00   2.7716041e+00
   2.5465218e+00   1.2532819e+01   3.2414828e+00
   1.2641208e+00   8.8823004e+00   2.6176398e+00
   2.8221532e+00   1.6629636e+01   3.1001104e+00
   1.7845964e+00   9.5802735e+00   3.0273863e+00
   2.3173434e+00   1.6423147e+01   2.5872948e+00
   6.1676326e-01   9.0676286e+00   1.7937099e+00
   3.0337688e+00   1.4827354e+01   3.4716813e+00
   1.9630576e+00   9.7348224e+00   3.1955365e+00
   3.6277728e+00   1.5643108e+01   4.0266369e+00
   3.4705234e+00   1.6232990e+01   3.8089115e+00
   3.4203917e+00   1.4836057e+01   3.8860949e+00
   1.7781318e+00   1.5328379e+01   2.0997585e+00
   2.8670734e+00   1.1873025e+01   3.7239330e+00
   1.8197115e+00   1.5226109e+01   2.1510465e+00
   3.4444731e+00   1.6182774e+01   3.7853902e+00
   2.5456987e+00   1.6736338e+01   2.8055182e+00
   2.9156730e+00   1.6512761e+01   3.2055196e+00
   1.0356683e+00   1.5466214e+01   1.3167755e+00
   3.4585200e+00   1.5763679e+01   3.8354569e+00
   2.3622605e+00   1.5869037e+01   2.6714013e+00
   3.9522110e+00   1.5419339e+01   4.3965471e+00
   2.1338776e+00   1.6127451e+01   2.4152393e+00
   3.4405663e+00   1.3326078e+01   4.1084157e+00
   2.0427735e+00   1.6250026e+01   2.3126066e+00
   3.7178380e+00   1.6418794e+01   4.0554585e+00
   2.6409734e+00   1.6446801e+01   2.9229720e+00
   3.3972429e+00   1.7467628e+01   3.6478992e+00
   1.1691702e+00   1.4841776e+01   1.4998695e+00
   3.7951028e+00   1.5391111e+01   4.2304861e+00
   2.6623266e+00   1.7722794e+01   2.8726753e+00
   2.4250463e+00   1.2673974e+01   3.0843363e+00
   1.9127129e+00   1.5526125e+01   2.2259340e+00
   2.5496967e+00   1.6277114e+01   2.8389668e+00
   2.5321055e+00   1.7098129e+01   2.7704908e+00
   2.1709668e+00   1.6178775e+01   2.4505233e+00
   1.1307861e+00   1.6480349e+01   1.3559718e+00
   2.7459969e+00   1.5328561e+01   3.1179823e+00
   2.3905855e+00   1.6130639e+01   2.6827257e+00
   1.8249058e+00   1.5538061e+01   2.1333180e+00
   1.9444586e+00   1.2775523e+01   2.5421588e+00
   1.2471413e+00   1.5897886e+01   1.5088615e+00
   7.3337499e-01   1.3203552e+01   1.1893988e+00
   1.6303116e+00   1.3859140e+01   2.0733948e+00
   2.0402408e+00   1.3491276e+01   2.5530345e+00
   2.2524316e+00   1.7088714e+01   2.4815195e+00
   1.1592801e+00   1.5493179e+01   1.4433017e+00
   2.5377492e+00   1.5803095e+01   2.8601711e+00
   2.3681079e+00   1.6797349e+01   2.6174830e+00
   1.0609781e+00   1.4652102e+01   1.4015203e+00
   1.5541259e+00   1.8680520e+01   1.6975727e+00
