   1.0260835e+00   1.1190890e+01   1.7839183e+00
   1.9885116e+00   1.5162447e+01   2.3331506e+00
   5.9281432e-01   7.5233970e+00   2.2841145e+00
   2.1846932e+00   1.6542760e+01   2.4421199e+00
   1.8975458e+00   1.5397040e+01   2.2195905e+00
   2.5955513e+00   1.6116410e+01   2.8979636e+00
   1.5640863e+00   1.3991568e+01   1.9896692e+00
   4.1631910e+00   1.6323149e+01   4.5357801e+00
   1.5424691e+00   1.3312731e+01   2.0393936e+00
   1.7502570e+00   1.5072310e+01   2.0902272e+00
   1.7209024e+00   1.2523262e+01   2.3341971e+00
   3.6763255e+00   1.6070112e+01   4.0401320e+00
   1.8786021e+00   1.4156978e+01   2.3071648e+00
   1.7476393e+00   1.3839140e+01   2.2004063e+00
   1.4749348e+00   1.5266001e+01   1.7875427e+00
   1.1120848e+00   1.3907950e+01   1.5195369e+00
   6.8056479e-01   1.3695883e+01   1.0846519e+00
   1.5486783e+00   1.5710107e+01   1.8336264e+00
   1.5772536e+00   7.9874732e+00   3.3448026e+00
   1.8479251e+00   1.1075408e+01   2.7269253e+00
   2.9833536e+00   1.5051226e+01   3.3955164e+00
   2.1290043e+00   1.0666939e+01   3.1415029e+00
   2.8435905e+00   1.4481886e+01   3.3041597e+00
   3.6950430e+00   1.2514623e+01   4.5428329e+00
   3.0721545e+00   1.4451118e+01   3.5535053e+00
   1.3909991e+00   1.0676304e+01   2.2923781e+00
   2.5791687e+00   1.2757456e+01   3.2416510e+00
   3.3130262e+00   1.2938638e+01   4.0295966e+00
   2.6956447e+00   1.5338738e+01   3.0638318e+00
   1.5343827e+00   1.1643692e+01   2.2676871e+00
   2.3260311e+00   1.6422148e+01   2.5963969e+00
   9.2714443e-01   1.0826687e+01   1.7409744e+00
   2.2502426e+00   1.4834792e+01   2.6369816e+00
   1.0942341e+00   1.0975153e+01   1.8990335e+00
   2.9798441e+00   1.5801537e+01   3.3254805e+00
   1.8115116e+00   7.9215127e+00   3.6812450e+00
   2.5690616e+00   1.3787082e+01   3.0880875e+00
   3.1175362e+00   8.9134986e+00   4.9691888e+00
   2.7580415e+00   1.4447094e+01   3.2160987e+00
   1.2971192e+00   7.8212539e+00   3.0546623e+00
   2.3707792e+00   1.2291084e+01   3.0862817e+00
   2.8276853e+00   8.7451280e+00   4.6562325e+00
   2.4407059e+00   1.4827102e+01   2.8395397e+00
   1.1180698e+00   7.9034689e+00   2.7920368e+00
   2.1118007e+00   1.5957205e+01   2.4035582e+00
   8.3599618e-01   7.9777174e+00   2.4098837e+00
   2.1762951e+00   1.4273808e+01   2.6122255e+00
   1.0354382e+00   8.0626315e+00   2.6256205e+00
   2.8780947e+00   1.3909026e+01   3.4079425e+00
   4.3308994e+00   1.5146631e+01   4.8374043e+00
   2.8440369e+00   1.3905622e+01   3.3714031e+00
   2.2174063e+00   1.4545261e+01   2.6291191e+00
   2.9123451e+00   1.3179598e+01   3.5451946e+00
   3.9244335e+00   1.6556057e+01   4.2630069e+00
   2.8723575e+00   1.5657014e+01   3.2238071e+00
   2.1500403e+00   1.4675388e+01   2.5454207e+00
   2.3422613e+00   1.5668142e+01   2.6652188e+00
   1.4132914e+00   1.3508090e+01   1.8794676e+00
   2.2159059e+00   1.4256519e+01   2.6562279e+00
   1.6823840e+00   1.4413759e+01   2.0747427e+00
   3.1887368e+00   1.4265376e+01   3.7013075e+00
   1.9317807e+00   1.2898782e+01   2.5113538e+00
   3.3726115e+00   1.3778016e+01   3.9656455e+00
   3.8722160e+00   1.5227513e+01   4.3307329e+00
   2.9998317e+00   1.4283686e+01   3.4946476e+00
   2.0459990e+00   1.4028963e+01   2.4986341e+00
   2.6974240e+00   1.6996120e+01   2.9477798e+00
   1.4995858e+00   1.3249605e+01   2.0007888e+00
   2.5797346e+00   1.4265272e+01   3.0444805e+00
   1.7832729e+00   1.4077387e+01   2.2138168e+00
   2.2091483e+00   1.3114572e+01   2.7838354e+00
   3.5441179e+00   1.4199233e+01   4.0967275e+00
   1.9633538e+00   1.4512599e+01   2.3627861e+00
   2.0548658e+00   1.3902867e+01   2.5216458e+00
   1.7647134e+00   1.5383664e+01   2.0816275e+00
   1.3416213e+00   1.3471282e+01   1.8070910e+00
   1.6236538e+00   1.4138900e+01   2.0384103e+00
   1.5061884e+00   1.3586309e+01   1.9700221e+00
   1.4309464e+00   1.4224892e+01   1.8265451e+00
   1.5597712e+00   1.1802885e+01   2.2688306e+00
   1.0142316e+00   1.4781522e+01   1.3426582e+00
   1.0482176e+00   1.1574624e+01   1.7432223e+00
   8.3369338e-01   1.3577261e+01   1.2574689e+00
   1.0774458e+00   1.1249734e+01   1.8303533e+00
   1.6339643e+00   1.5173841e+01   1.9605496e+00
   1.5176288e+00   1.3742885e+01   1.9655910e+00
   1.2988788e+00   1.4137177e+01   1.6952568e+00
   1.3980553e+00   1.3793040e+01   1.8334018e+00
  -6.3062687e-02   1.3350799e+01   3.3573537e-01
   8.2251377e-01   1.5862103e+01   1.0719554e+00
