   1.3586812e+00   1.1351735e+01   2.1240504e+00
   2.8958562e+00   1.7016228e+01   3.1528513e+00
   1.1482670e+00   8.6967760e+00   2.5381639e+00
   3.1346107e+00   1.8335443e+01   3.3310128e+00
   2.2359004e+00   1.8833082e+01   2.3884797e+00
   2.7184751e+00   1.9498664e+01   2.8590693e+00
   2.0784120e+00   1.7209074e+01   2.2955701e+00
   3.4418366e+00   1.9549924e+01   3.5974767e+00
   2.0531696e+00   1.4454119e+01   2.4635037e+00
   2.2506520e+00   1.6898750e+01   2.4899963e+00
   1.9580418e+00   1.2882420e+01   2.5421429e+00
   1.9493231e+00   1.7113890e+01   2.1672076e+00
   2.6385363e+00   1.6582883e+01   2.9116467e+00
   2.6273286e+00   1.5278249e+01   2.9967964e+00
   2.0129819e+00   1.7190624e+01   2.2290061e+00
   1.7840838e+00   1.6396765e+01   2.0353286e+00
   1.6399164e+00   1.4221838e+01   2.0476957e+00
   2.7323692e+00   1.9586460e+01   2.8704279e+00
   2.2102738e+00   8.9319695e+00   3.7716707e+00
   2.9010779e+00   1.2914645e+01   3.5736441e+00
   3.4179468e+00   1.6669606e+01   3.7208820e+00
   2.1336798e+00   1.2796726e+01   2.7457680e+00
   3.6067223e+00   1.8368549e+01   3.8170539e+00
   2.8790764e+00   1.3968467e+01   3.4016483e+00
   3.5309908e+00   1.5944900e+01   3.8966329e+00
   1.9275276e+00   1.2647186e+01   2.5419227e+00
   2.8068544e+00   1.3268781e+01   3.4159374e+00
   1.6893400e+00   1.2333872e+01   2.3274744e+00
   3.2288425e+00   1.6057686e+01   3.5677079e+00
   2.2075215e+00   1.2849477e+01   2.8189782e+00
   2.7230193e+00   1.7693435e+01   2.9367874e+00
   1.3936531e+00   1.2790214e+01   1.9431486e+00
   2.9369635e+00   1.5603819e+01   3.2964730e+00
   1.9945829e+00   1.3167294e+01   2.5439868e+00
   3.2190857e+00   1.7400357e+01   3.4664741e+00
   1.9171910e+00   8.7649899e+00   3.4643906e+00
   3.1296408e+00   1.6190953e+01   3.4528986e+00
   2.8758384e+00   9.9936659e+00   4.2279917e+00
   3.0395367e+00   1.5207481e+01   3.4404987e+00
   2.0074923e+00   9.1127921e+00   3.4506690e+00
   2.4167649e+00   1.3501398e+01   2.9587087e+00
   1.6923199e+00   9.2725816e+00   3.0108527e+00
   2.8547145e+00   1.6666333e+01   3.1317149e+00
   2.2355012e+00   9.7461324e+00   3.5212069e+00
   2.3978986e+00   1.7955834e+01   2.5893725e+00
   1.4271966e+00   9.5373134e+00   2.6142562e+00
   2.6839425e+00   1.4570331e+01   3.1237810e+00
   2.2229995e+00   9.9170130e+00   3.4540623e+00
   3.8692919e+00   1.6663827e+01   4.1963465e+00
   3.6469971e+00   1.6265171e+01   3.9928480e+00
   3.3338886e+00   1.4821619e+01   3.7944950e+00
   2.5352167e+00   1.5268575e+01   2.9002760e+00
   3.2283697e+00   1.3231862e+01   3.8871516e+00
   2.3081528e+00   1.5603438e+01   2.6343281e+00
   3.6024693e+00   1.6488743e+01   3.9282609e+00
   3.1442779e+00   1.7495009e+01   3.3834000e+00
   2.8109876e+00   1.6223267e+01   3.1159976e+00
   1.8868580e+00   1.5881399e+01   2.1742034e+00
   3.2129684e+00   1.4948129e+01   3.6512544e+00
   2.6043898e+00   1.5550991e+01   2.9498503e+00
   3.8898038e+00   1.6023574e+01   4.2711554e+00
   2.7665282e+00   1.6040785e+01   3.0825817e+00
   3.6285401e+00   1.4195611e+01   4.1896591e+00
   2.6174364e+00   1.7121121e+01   2.8576572e+00
   3.8132884e+00   1.6473096e+01   4.1520518e+00
   3.3051043e+00   1.7596970e+01   3.5447233e+00
   3.2462479e+00   1.8838531e+01   3.4241373e+00
   2.1264961e+00   1.5834251e+01   2.4273597e+00
   3.4691841e+00   1.5304126e+01   3.8897728e+00
   2.9371069e+00   1.7486425e+01   3.1689856e+00
   2.4923749e+00   1.3159545e+01   3.0866722e+00
   2.4079805e+00   1.5807197e+01   2.7237793e+00
   2.6865942e+00   1.6233969e+01   2.9850074e+00
   3.0867262e+00   1.7350459e+01   3.3317698e+00
   2.2590187e+00   1.7006910e+01   2.4927226e+00
   2.0989836e+00   1.6180629e+01   2.3754678e+00
   2.4711725e+00   1.4687688e+01   2.8851438e+00
   2.7871823e+00   1.7042025e+01   3.0383455e+00
   1.6170712e+00   1.4691060e+01   1.9815220e+00
   2.4604014e+00   1.3624581e+01   2.9904966e+00
   1.1116247e+00   1.6494586e+01   1.3354980e+00
   1.6072663e+00   1.3672029e+01   2.0685537e+00
   1.3676056e+00   1.3391349e+01   1.8435453e+00
   2.3464724e+00   1.3833279e+01   2.8424073e+00
   1.8021089e+00   1.8017186e+01   1.9752126e+00
   1.9453556e+00   1.7280511e+01   2.1548724e+00
   2.0914453e+00   1.5216034e+01   2.4370209e+00
   2.7018405e+00   1.7895929e+01   2.9051351e+00
   8.1706355e-01   1.4140125e+01   1.1882345e+00
   1.7401545e+00   1.8505488e+01   1.8934356e+00
