   7.6127872e-01   1.0464434e+01   1.6268237e+00
   1.5328187e+00   1.3090404e+01   2.0554570e+00
   5.9608091e-01   8.3631323e+00   1.9817895e+00
   8.7674698e-01   1.3457943e+01   1.3149049e+00
   1.6594317e+00   1.3441268e+01   2.1498853e+00
   2.7503907e+00   1.3023894e+01   3.3898594e+00
   1.6100950e+00   1.2621154e+01   2.1998233e+00
   3.2523438e+00   1.3720633e+01   3.8414480e+00
   1.6293541e+00   9.8417226e+00   2.7684535e+00
   2.8192047e+00   1.4029553e+01   3.3293832e+00
   8.1509609e-01   9.0550012e+00   2.0296165e+00
   1.0524359e+00   1.2589374e+01   1.6014069e+00
   1.9763925e+00   1.1331481e+01   2.8203208e+00
   2.6541722e+00   1.3695628e+01   3.1916563e+00
   5.4632359e-01   9.1564668e+00   1.6875737e+00
   1.0195359e+00   1.3177911e+01   1.4961792e+00
   6.6438794e-01   9.6481010e+00   1.6982127e+00
   2.3960574e+00   1.3575355e+01   2.9269619e+00
   2.0044553e+00   9.4965266e+00   3.3187316e+00
   5.6951321e-01   7.6114608e+00   2.2198216e+00
   2.9931459e+00   1.2896399e+01   3.6789899e+00
   2.3008080e+00   8.8133500e+00   3.9341068e+00
   2.8686132e+00   1.2673818e+01   3.5769025e+00
   3.0000101e+00   1.0487908e+01   4.2247733e+00
   3.1759801e+00   1.0886778e+01   4.3224640e+00
   1.9581225e+00   8.3363463e+00   3.6889750e+00
   2.2664657e+00   9.7075233e+00   3.5710378e+00
   9.5442483e-01   8.3637812e+00   2.4155700e+00
   2.7369514e+00   1.1977562e+01   3.5547807e+00
   1.9705923e+00   9.2357974e+00   3.3626933e+00
   1.5044092e+00   1.0347343e+01   2.4953311e+00
   4.3912260e-01   8.3897893e+00   1.7854964e+00
   2.4437530e+00   1.1273103e+01   3.3656785e+00
   1.7812904e+00   8.8424887e+00   3.2655663e+00
   2.6255708e+00   1.3045730e+01   3.2490873e+00
   1.3545909e+00   5.8906883e+00   4.2334084e+00
   2.4218521e+00   1.1971374e+01   3.1999192e+00
   2.0955043e+00   6.6773747e+00   4.7997277e+00
   2.4886213e+00   1.0817808e+01   3.5243515e+00
   1.3852148e+00   6.0818175e+00   4.1408440e+00
   1.9287023e+00   1.0148422e+01   3.0385815e+00
   3.4039619e-01   5.5125911e+00   2.9894645e+00
   2.2987860e+00   1.2127298e+01   3.0341116e+00
   1.4725151e+00   6.6953422e+00   3.8663701e+00
   1.2540760e+00   1.0218404e+01   2.2381091e+00
  -8.6929448e-03   5.9995691e+00   2.2181293e+00
   2.1054455e+00   1.0730649e+01   3.0989004e+00
   1.4904523e+00   6.6615413e+00   3.9126930e+00
   2.9100432e+00   1.2325213e+01   3.6848279e+00
   3.7626069e+00   1.2113486e+01   4.7080553e+00
   2.6885709e+00   1.0504434e+01   3.8439606e+00
   2.6733856e+00   1.1891997e+01   3.4993487e+00
   2.0674490e+00   9.3989362e+00   3.4272849e+00
   1.7179604e+00   1.1473246e+01   2.5024325e+00
   2.8259981e+00   1.1979783e+01   3.6555692e+00
   2.7264744e+00   1.1524521e+01   3.6361465e+00
   1.4698441e+00   1.0038500e+01   2.5304466e+00
   7.9223811e-01   1.1009241e+01   1.5576344e+00
   2.2644156e+00   1.0622734e+01   3.3103846e+00
   2.3919637e+00   1.1729373e+01   3.2120751e+00
   3.2017497e+00   1.0737409e+01   4.3962784e+00
   2.6944444e+00   1.1086854e+01   3.6993750e+00
   2.4816060e+00   9.8238776e+00   3.7970971e+00
   1.7539326e+00   1.1900903e+01   2.4671491e+00
   3.0990209e+00   1.1805684e+01   4.0048037e+00
   2.9828400e+00   1.1629996e+01   3.9090427e+00
   1.7452150e+00   1.0433967e+01   2.7525091e+00
   1.0237543e+00   1.1203134e+01   1.7791755e+00
   2.4733161e+00   1.0445737e+01   3.6031774e+00
   2.6925205e+00   1.2791436e+01   3.3618116e+00
   1.4867067e+00   9.2614564e+00   2.7663770e+00
   1.3004764e+00   1.1093604e+01   2.1067939e+00
   2.1591859e+00   1.1475777e+01   2.9984516e+00
   2.4715003e+00   1.1196466e+01   3.4147364e+00
   8.3675173e-01   9.4780708e+00   1.9393454e+00
   5.2297325e-01   1.0249277e+01   1.4038989e+00
   1.5834337e+00   1.0012481e+01   2.6693616e+00
   2.1439402e+00   1.1414913e+01   2.9933606e+00
   1.3345898e+00   1.0782908e+01   2.2063296e+00
   1.9656808e+00   1.0128694e+01   3.0874396e+00
   2.1660924e-01   9.3668178e+00   1.2552077e+00
   5.4617777e-01   9.6605264e+00   1.5602141e+00
   8.0569289e-01   9.8121355e+00   1.8204628e+00
   2.1957894e+00   1.0787897e+01   3.1900980e+00
   8.9145216e-01   9.6971923e+00   1.9468559e+00
   9.3380547e-01   1.1132256e+01   1.6922397e+00
   1.4980170e+00   1.0469357e+01   2.4598054e+00
   2.4561578e+00   1.1719490e+01   3.2867532e+00
   2.4403512e-01   9.7021474e+00   1.2080799e+00
   1.6797197e+00   1.2880171e+01   2.2404733e+00
