   7.0975433e-01   9.1104108e+00   1.8904288e+00
   1.3256869e+00   1.1840971e+01   2.0049335e+00
  -5.3578134e-02   6.4903977e+00   1.9136050e+00
   7.0817478e-01   1.2136161e+01   1.2903539e+00
   1.7078965e+00   1.2480975e+01   2.3261061e+00
   2.7029391e+00   1.2703362e+01   3.3874788e+00
   1.5532417e+00   1.1542240e+01   2.3063223e+00
   3.2636244e+00   1.2818463e+01   3.9948232e+00
   1.1093527e+00   8.2146954e+00   2.6601847e+00
   2.6911780e+00   1.1995412e+01   3.4994132e+00
   1.0512097e+00   1.0053023e+01   2.0444335e+00
   1.2685209e+00   1.1175024e+01   2.0559240e+00
   1.4650120e+00   8.4776200e+00   3.0050024e+00
   2.6613187e+00   1.1949224e+01   3.4744878e+00
   8.5786609e-01   9.0276050e+00   2.0879220e+00
   9.6768572e-01   1.1274274e+01   1.7048467e+00
   3.3639776e-01   7.9586925e+00   1.8053612e+00
   2.2729225e+00   1.1750696e+01   3.0735237e+00
   1.3303981e+00   7.8712938e+00   3.0760953e+00
   4.9260956e-01   6.7106584e+00   2.5177087e+00
   3.1163169e+00   1.2523898e+01   3.8813287e+00
   2.0465045e+00   7.7096751e+00   4.1016885e+00
   2.6402474e+00   1.1141464e+01   3.6231007e+00
   3.0485456e+00   9.4379321e+00   4.6497875e+00
   2.5551064e+00   9.2024804e+00   4.1069689e+00
   1.7230204e+00   7.2791766e+00   3.8838432e+00
   2.0991716e+00   1.0166021e+01   3.2351929e+00
   1.0321722e+00   7.2516953e+00   2.9664559e+00
   2.0483610e+00   8.6515888e+00   3.6750470e+00
   1.7372097e+00   7.8663682e+00   3.6084523e+00
   1.7265185e+00   1.0013995e+01   2.8365020e+00
   3.0789105e-01   7.1828638e+00   2.0663621e+00
   1.7878965e+00   9.0167229e+00   3.2123199e+00
   1.5470490e+00   7.7418556e+00   3.4150418e+00
   2.8783700e+00   1.2517742e+01   3.6145867e+00
   1.0479103e+00   5.1447622e+00   4.3487937e+00
   2.5517681e+00   1.1556364e+01   3.4288160e+00
   1.8749255e+00   6.0011920e+00   4.9711794e+00
   2.2639899e+00   9.4719665e+00   3.6448654e+00
   1.1774105e+00   5.3320560e+00   4.3986963e+00
   2.1591965e+00   1.1014394e+01   3.0957054e+00
   2.4441054e-01   4.8889025e+00   3.2903600e+00
   1.8425547e+00   9.1482078e+00   3.2347782e+00
   1.1548201e+00   5.8165727e+00   3.9821944e+00
   1.5079626e+00   1.0111843e+01   2.5563400e+00
  -1.2716253e-01   5.3140998e+00   2.4537794e+00
   1.7447561e+00   8.8472334e+00   3.2184340e+00
   1.1193012e+00   5.7740534e+00   3.9591783e+00
   2.9800459e+00   1.1336660e+01   3.9734952e+00
   3.6951419e+00   1.1000746e+01   4.9206316e+00
   2.2605521e+00   9.0599796e+00   3.7868558e+00
   2.6078562e+00   1.0697745e+01   3.6954663e+00
   2.1818721e+00   1.0403519e+01   3.2695218e+00
   1.7646208e+00   1.0198873e+01   2.8331022e+00
   2.1737613e+00   8.9810379e+00   3.7067840e+00
   2.5504170e+00   1.0394050e+01   3.7094567e+00
   1.8008406e+00   9.8410751e+00   2.9713254e+00
   8.0972593e-01   9.8911616e+00   1.8064085e+00
   1.6768754e+00   8.7480851e+00   3.1697089e+00
   2.2241525e+00   1.0542433e+01   3.2834575e+00
   2.6576594e+00   9.0662489e+00   4.2926669e+00
   2.6161122e+00   1.0100201e+01   3.8748468e+00
   2.5765212e+00   1.0594808e+01   3.6855860e+00
   1.8283390e+00   1.0593747e+01   2.8107279e+00
   2.3921018e+00   8.7651514e+00   4.0719565e+00
   2.9021495e+00   1.1061593e+01   3.9496213e+00
   2.0080296e+00   1.0107249e+01   3.1432831e+00
   9.4070142e-01   1.0124376e+01   1.9019941e+00
   1.9004665e+00   8.5087841e+00   3.5431211e+00
   2.4642777e+00   1.1423228e+01   3.3567531e+00
   1.5326330e+00   1.0203297e+01   2.5623770e+00
   1.1302312e+00   9.0827081e+00   2.3944430e+00
   1.4533911e+00   8.4992690e+00   2.9824722e+00
   2.1481507e+00   9.2397140e+00   3.5809673e+00
   1.0384639e+00   9.2236235e+00   2.2443903e+00
   3.2979880e-01   8.6376026e+00   1.5806208e+00
   9.2745196e-01   8.0208165e+00   2.5070964e+00
   1.7659558e+00   9.4042744e+00   3.0585718e+00
   8.9517018e-01   8.1247503e+00   2.4283786e+00
   1.7128946e+00   8.6625332e+00   3.2461002e+00
   4.4741363e-01   9.0547445e+00   1.6002440e+00
   3.4510694e-01   8.1779368e+00   1.7417319e+00
   2.7491442e-01   7.8394067e+00   1.7727077e+00
   1.7946458e+00   9.1880864e+00   3.1627528e+00
   1.1261740e+00   9.4173306e+00   2.2931083e+00
   8.2287577e-01   9.6569577e+00   1.8779112e+00
   9.7947592e-01   8.3808159e+00   2.4402383e+00
   1.9770949e+00   9.8667642e+00   3.1738050e+00
  -2.1566895e-01   7.6917763e+00   1.2337907e+00
   1.3472923e+00   1.0853364e+01   2.2063003e+00
