   8.7178960e-01   1.0892050e+01   1.6671113e+00
   3.1472172e+00   1.6164620e+01   3.4733898e+00
  -9.6452072e-02   7.7806492e+00   1.3460838e+00
   2.1799194e+00   1.6804105e+01   2.4220299e+00
   1.5811475e+00   1.7376396e+01   1.7757773e+00
   2.2960514e+00   1.6468259e+01   2.5623398e+00
   1.4899709e+00   1.6660378e+01   1.7167767e+00
   3.2814096e+00   1.6670520e+01   3.5776138e+00
   1.2714199e+00   1.2018435e+01   1.9180328e+00
   2.3571497e+00   1.5768963e+01   2.6733285e+00
   9.7933679e-01   1.1988106e+01   1.6044567e+00
   2.3855533e+00   1.5755360e+01   2.7041001e+00
   1.5860073e+00   1.4385412e+01   1.9755595e+00
   1.7798104e+00   1.4869532e+01   2.1377016e+00
   1.0329139e+00   1.6345947e+01   1.2622035e+00
   9.0263390e-01   1.5526670e+01   1.1750104e+00
   5.2041715e-01   1.3455498e+01   9.3887294e-01
   1.7426969e+00   1.6771275e+01   1.9717130e+00
   1.3155113e+00   8.4550872e+00   2.8273432e+00
   1.9318088e+00   1.1094448e+01   2.8183059e+00
   3.0231253e+00   1.6569079e+01   3.3141000e+00
   2.2629294e+00   1.1032920e+01   3.2109770e+00
   2.6405485e+00   1.6491517e+01   2.9196108e+00
   3.0318673e+00   1.3118933e+01   3.6866564e+00
   2.8144748e+00   1.3371718e+01   3.4096745e+00
   2.0895673e+00   1.1562371e+01   2.9028398e+00
   1.8652952e+00   1.2414282e+01   2.5081527e+00
   2.2563273e+00   1.2443607e+01   2.9342061e+00
   2.4753961e+00   1.6417377e+01   2.7522301e+00
   1.7811688e+00   1.1889166e+01   2.4992896e+00
   1.9493179e+00   1.7019959e+01   2.1719951e+00
   7.6032022e-01   1.1452041e+01   1.4476692e+00
   2.1366092e+00   1.4896688e+01   2.5113635e+00
   1.5803421e+00   1.1262318e+01   2.3879184e+00
   2.9060128e+00   1.6479216e+01   3.1976887e+00
   1.8571252e+00   7.9494202e+00   3.7287497e+00
   2.3869489e+00   1.4856953e+01   2.7797650e+00
   2.3763663e+00   8.5425539e+00   4.1468670e+00
   2.4849937e+00   1.3137217e+01   3.0817273e+00
   1.8348985e+00   8.3133148e+00   3.5391796e+00
   1.9305791e+00   1.1586641e+01   2.7194930e+00
   1.6942909e+00   8.1857675e+00   3.4113901e+00
   2.2400534e+00   1.6136067e+01   2.5253091e+00
   1.2522008e+00   8.2158048e+00   2.8378718e+00
   1.7676374e+00   1.6761010e+01   1.9980119e+00
   3.9137720e-01   7.6979526e+00   1.9662476e+00
   2.0313719e+00   1.4382875e+01   2.4472285e+00
   1.3582365e+00   8.2096588e+00   2.9734333e+00
   2.5857863e+00   1.5532485e+01   2.9317441e+00
   3.5478627e+00   1.5330299e+01   3.9714105e+00
   2.5716254e+00   1.2797523e+01   3.2270759e+00
   2.7357088e+00   1.5973685e+01   3.0552031e+00
   1.9543613e+00   1.2200092e+01   2.6395737e+00
   2.7809402e+00   1.5905255e+01   3.1078742e+00
   2.4787610e+00   1.6096963e+01   2.7771625e+00
   2.2392719e+00   1.5349137e+01   2.5817719e+00
   1.7983172e+00   1.6400464e+01   2.0498569e+00
   1.0828821e+00   1.4217711e+01   1.4605951e+00
   2.0532273e+00   1.4665067e+01   2.4438800e+00
   2.1228357e+00   1.5236598e+01   2.4683669e+00
   2.9274095e+00   1.3127307e+01   3.5697231e+00
   2.7696392e+00   1.5288571e+01   3.1465136e+00
   2.4591946e+00   1.2848690e+01   3.0952987e+00
   2.7694428e+00   1.5851384e+01   3.0999140e+00
   2.7069173e+00   1.5138986e+01   3.0933702e+00
   2.2657905e+00   1.5216289e+01   2.6204616e+00
   2.2007693e+00   1.7655306e+01   2.4001384e+00
   1.1586953e+00   1.4212086e+01   1.5408138e+00
   2.4417282e+00   1.4573973e+01   2.8649219e+00
   2.3003269e+00   1.5744597e+01   2.6155920e+00
   1.4315606e+00   1.2465225e+01   2.0275735e+00
   2.3564037e+00   1.3585046e+01   2.8828546e+00
   1.5648658e+00   1.5206713e+01   1.8858207e+00
   2.1179217e+00   1.4721697e+01   2.5071837e+00
   1.2379062e+00   1.6540145e+01   1.4632158e+00
   1.0045689e+00   1.4046708e+01   1.3934274e+00
   1.4555374e+00   1.4461541e+01   1.8312738e+00
   1.8432012e+00   1.4147731e+01   2.2704663e+00
   1.0272889e+00   1.4938217e+01   1.3445693e+00
   1.5516574e+00   1.2039363e+01   2.2216724e+00
   4.3844665e-01   1.5272679e+01   7.1062242e-01
   6.6935735e-01   1.1708210e+01   1.3090662e+00
   5.6141327e-01   1.3895542e+01   9.4137330e-01
   1.5071546e+00   1.1885775e+01   2.1972157e+00
   1.1642566e+00   1.6259023e+01   1.4023274e+00
   1.2235938e+00   1.4944326e+01   1.5489274e+00
   1.2235404e+00   1.4980881e+01   1.5461281e+00
   1.9024633e+00   1.4621785e+01   2.2884012e+00
  -8.2687200e-02   1.3926374e+01   2.6575386e-01
   1.2898327e+00   1.7399732e+01   1.4758438e+00
