   1.0541513e+00   1.0958350e+01   1.8575372e+00
   2.7310052e+00   1.6018682e+01   3.0469352e+00
   6.3071454e-01   8.3883036e+00   2.0151313e+00
   2.2527419e+00   1.6829318e+01   2.4960482e+00
   1.8812778e+00   1.8764331e+01   2.0285641e+00
   2.4400826e+00   1.6573848e+01   2.7056063e+00
   1.9012898e+00   1.6782394e+01   2.1349453e+00
   3.1079863e+00   1.6872946e+01   3.3827644e+00
   1.8649662e+00   1.3270855e+01   2.3909371e+00
   1.7326646e+00   1.5218525e+01   2.0604567e+00
   1.3082859e+00   1.2290344e+01   1.9183055e+00
   1.4978060e+00   1.4596885e+01   1.8640857e+00
   2.0556865e+00   1.4685540e+01   2.4446223e+00
   1.5728787e+00   1.4801508e+01   1.9258805e+00
   1.4779564e+00   1.6542176e+01   1.7106644e+00
   5.3367665e-01   1.4881779e+01   8.3514202e-01
   1.0467844e+00   1.3380964e+01   1.5031664e+00
   1.8646077e+00   1.6710131e+01   2.1009605e+00
   1.7412207e+00   8.9106438e+00   3.1915812e+00
   1.7638979e+00   1.0928470e+01   2.6623131e+00
   3.2571348e+00   1.7179033e+01   3.5192026e+00
   1.9716088e+00   1.1083771e+01   2.8658890e+00
   3.1945741e+00   1.6348902e+01   3.5094079e+00
   2.6177087e+00   1.3145595e+01   3.2259473e+00
   3.1940347e+00   1.3953762e+01   3.7461711e+00
   1.4309886e+00   1.1405298e+01   2.1948142e+00
   2.2245028e+00   1.3197415e+01   2.7894564e+00
   1.2151536e+00   1.1437513e+01   1.9499310e+00
   2.7841688e+00   1.5674592e+01   3.1293489e+00
   1.4660409e+00   1.1638085e+01   2.1929805e+00
   2.2947385e+00   1.6412031e+01   2.5644742e+00
   2.3650889e-01   1.0843032e+01   9.7534020e-01
   2.7093366e+00   1.5020439e+01   3.1067970e+00
   1.5751492e+00   1.1429442e+01   2.3509818e+00
   3.0631358e+00   1.7311460e+01   3.3094882e+00
   1.7347412e+00   8.1286684e+00   3.4880335e+00
   2.8483859e+00   1.5267184e+01   3.2318886e+00
   2.1976762e+00   8.6261152e+00   3.8776160e+00
   2.6727074e+00   1.3288029e+01   3.2660619e+00
   1.3848344e+00   8.2668035e+00   2.9846634e+00
   2.2664442e+00   1.2495085e+01   2.9372058e+00
   9.6818121e-01   8.0081336e+00   2.5626171e+00
   2.4870570e+00   1.6106447e+01   2.7851775e+00
   1.2967298e+00   8.5865664e+00   2.7571293e+00
   1.9279294e+00   1.5585797e+01   2.2375233e+00
   8.9158436e-02   7.7644053e+00   1.5744556e+00
   2.4858942e+00   1.4192090e+01   2.9518040e+00
   1.5533787e+00   8.6014509e+00   3.0694009e+00
   3.1705818e+00   1.5481758e+01   3.5546623e+00
   3.1900091e+00   1.5121108e+01   3.6092831e+00
   3.0812121e+00   1.3513034e+01   3.6825814e+00
   2.0701446e+00   1.5249999e+01   2.4119213e+00
   2.3872969e+00   1.2492173e+01   3.0713927e+00
   1.8241686e+00   1.4946592e+01   2.1779669e+00
   2.9375339e+00   1.5830103e+01   3.2785692e+00
   2.0668224e+00   1.5138628e+01   2.4173981e+00
   2.1879962e+00   1.5352608e+01   2.5276037e+00
   7.6677763e-01   1.4433518e+01   1.1113120e+00
   2.7007031e+00   1.4658041e+01   3.1327406e+00
   2.2330393e+00   1.5312858e+01   2.5781215e+00
   3.3933090e+00   1.3677576e+01   4.0027556e+00
   2.1913322e+00   1.4624094e+01   2.5939578e+00
   2.8758858e+00   1.3365085e+01   3.4779964e+00
   1.8212332e+00   1.4835403e+01   2.1841421e+00
   3.2116527e+00   1.5757469e+01   3.5741451e+00
   2.2020193e+00   1.4800015e+01   2.5890851e+00
   2.5762346e+00   1.6351109e+01   2.8617265e+00
   7.9046127e-01   1.3665415e+01   1.2033058e+00
   3.0625056e+00   1.4766527e+01   3.5087858e+00
   2.3338372e+00   1.5622673e+01   2.6598157e+00
   1.7673626e+00   1.2750915e+01   2.3528323e+00
   1.5838068e+00   1.3755925e+01   2.0346495e+00
   1.9314785e+00   1.5428070e+01   2.2527916e+00
   1.9542907e+00   1.5054096e+01   2.3059555e+00
   1.5641394e+00   1.5188538e+01   1.8864175e+00
   7.2945310e-01   1.4282094e+01   1.0845389e+00
   1.9892677e+00   1.4255463e+01   2.4149955e+00
   2.0058380e+00   1.4570468e+01   2.4024015e+00
   1.3635475e+00   1.5335272e+01   1.6664627e+00
   1.4784872e+00   1.2269149e+01   2.1066843e+00
   6.8270284e-01   1.4515311e+01   1.0171149e+00
   3.9509978e-01   1.2132838e+01   9.5434420e-01
   9.7317254e-01   1.3520278e+01   1.4106584e+00
   1.7174021e+00   1.2609255e+01   2.3181603e+00
   1.5016310e+00   1.4890300e+01   1.8439788e+00
   7.9808306e-01   1.4597192e+01   1.1311759e+00
   1.8098776e+00   1.4834730e+01   2.1722468e+00
   1.9028599e+00   1.5038962e+01   2.2531226e+00
   4.1303970e-01   1.4030528e+01   7.7445971e-01
   1.3025763e+00   1.7304386e+01   1.4930586e+00
