   1.1830151e+00   1.1503780e+01   1.9031808e+00
   2.8948252e+00   1.6110525e+01   3.2121105e+00
   1.0039570e+00   8.5815449e+00   2.4015411e+00
   3.2017476e+00   1.6087042e+01   3.5368217e+00
   1.9790167e+00   1.7118785e+01   2.1975890e+00
   3.1723118e+00   1.5869128e+01   3.5232154e+00
   1.5640290e+00   1.3574508e+01   2.0329966e+00
   3.8625860e+00   1.7617570e+01   4.1240047e+00
   1.8930840e+00   1.4225835e+01   2.3157223e+00
   2.1563328e+00   1.5117752e+01   2.5133314e+00
   1.5139336e+00   1.2264487e+01   2.1460574e+00
   3.3198288e+00   1.6086933e+01   3.6614104e+00
   2.0505334e+00   1.4538251e+01   2.4527413e+00
   1.8160412e+00   1.4377890e+01   2.2194052e+00
   1.2075638e+00   1.3406583e+01   1.6713510e+00
   2.1636896e+00   1.6203571e+01   2.4413419e+00
   1.1242279e+00   1.2967202e+01   1.6320125e+00
   1.7907392e+00   1.4936260e+01   2.1436785e+00
   1.9279892e+00   8.4573701e+00   3.5993396e+00
   2.8883041e+00   1.0629140e+01   4.0486509e+00
   3.2093133e+00   1.6898619e+01   3.4869252e+00
   2.8118991e+00   1.0212569e+01   4.0790850e+00
   3.3024085e+00   1.4511165e+01   3.7953431e+00
   3.5296266e+00   1.1475797e+01   4.5879095e+00
   3.2730006e+00   1.4584180e+01   3.7551765e+00
   1.9520862e+00   9.5465692e+00   3.2394515e+00
   2.7087778e+00   1.2701051e+01   3.3943415e+00
   3.1543126e+00   1.0797010e+01   4.3216500e+00
   2.7288296e+00   1.4485298e+01   3.1807069e+00
   1.5001182e+00   1.0099911e+01   2.5502108e+00
   2.1015505e+00   1.4020465e+01   2.5588749e+00
   2.1109652e+00   1.0701700e+01   3.1121914e+00
   2.7894708e+00   1.4078890e+01   3.2913724e+00
   1.7223302e+00   1.0736627e+01   2.6565179e+00
   3.0041915e+00   1.7038804e+01   3.2642381e+00
   2.0463915e+00   7.2511873e+00   4.3550440e+00
   2.8717810e+00   1.3784478e+01   3.4168366e+00
   2.6652242e+00   7.9452457e+00   4.8389220e+00
   2.9718944e+00   1.4852560e+01   3.4029017e+00
   1.4182933e+00   7.0494548e+00   3.5875708e+00
   2.1825093e+00   1.2961451e+01   2.7757985e+00
   2.5146987e+00   7.8578621e+00   4.6742500e+00
   2.5934474e+00   1.5891285e+01   2.9120314e+00
   8.4138105e-01   6.8314094e+00   2.9196051e+00
   1.9922650e+00   1.4382689e+01   2.4057348e+00
   1.6209741e+00   7.6570617e+00   3.5526776e+00
   2.5100951e+00   1.3100132e+01   3.1144546e+00
   1.1493412e+00   7.3356260e+00   3.0809137e+00
   3.2433430e+00   1.3760874e+01   3.8259889e+00
   3.9587567e+00   1.4236454e+01   4.5472676e+00
   3.1194191e+00   1.4064565e+01   3.6507186e+00
   2.6937257e+00   1.3928439e+01   3.2058049e+00
   2.6277125e+00   1.2265345e+01   3.3779021e+00
   3.7958081e+00   1.4490801e+01   4.3343418e+00
   2.9246931e+00   1.5184840e+01   3.3204276e+00
   1.9987824e+00   1.3864574e+01   2.4658257e+00
   2.0414375e+00   1.3371410e+01   2.5689126e+00
   2.4864568e+00   1.3948941e+01   2.9797199e+00
   2.9535062e+00   1.3698456e+01   3.5171590e+00
   2.1687497e+00   1.3866843e+01   2.6476209e+00
   3.3544598e+00   1.4667398e+01   3.8337225e+00
   2.4710747e+00   1.3273134e+01   3.0477613e+00
   2.8559462e+00   1.2778776e+01   3.5453832e+00
   3.7616703e+00   1.4491685e+01   4.2969257e+00
   2.9703044e+00   1.4518789e+01   3.4362955e+00
   1.9997554e+00   1.3782549e+01   2.4759008e+00
   2.3929358e+00   1.4479590e+01   2.8223333e+00
   2.5879094e+00   1.3738142e+01   3.1144963e+00
   2.9732385e+00   1.3318451e+01   3.5918015e+00
   2.1214901e+00   1.3762675e+01   2.6086741e+00
   1.9548437e+00   1.2133258e+01   2.6509676e+00
   3.3727661e+00   1.3261149e+01   4.0431926e+00
   2.3063967e+00   1.4262700e+01   2.7521753e+00
   1.9118379e+00   1.2566289e+01   2.5365271e+00
   1.6182573e+00   1.3790094e+01   2.0677426e+00
   2.2878433e+00   1.3302805e+01   2.8444018e+00
   2.1015866e+00   1.3246651e+01   2.6496638e+00
   1.7987600e+00   1.2944733e+01   2.3608743e+00
   1.4313108e+00   1.4092118e+01   1.8393236e+00
   1.3114259e+00   1.0827480e+01   2.1711466e+00
   7.0760285e-01   1.3025524e+01   1.1812234e+00
   1.8945725e+00   1.1533623e+01   2.6890160e+00
   1.0992605e+00   1.2254155e+01   1.6966432e+00
   1.5073880e+00   1.1175830e+01   2.3226722e+00
   1.3518182e+00   1.3738137e+01   1.7899089e+00
   2.5778618e+00   1.4490498e+01   3.0186055e+00
   1.7374560e+00   1.3074349e+01   2.2778846e+00
   2.1212283e+00   1.4842502e+01   2.4998731e+00
   5.8337360e-01   1.2334133e+01   1.1303262e+00
   1.3468825e+00   1.5486609e+01   1.6386920e+00
