   3.1931023e-01   7.3425466e+00   2.0150263e+00
   3.1390249e+00   1.1806621e+01   4.0508624e+00
  -6.2706767e-01   4.6193149e+00   2.2022957e+00
   3.8495408e+00   1.2816285e+01   4.6600343e+00
   1.5344371e+00   1.1727777e+01   2.2534172e+00
   3.6654028e+00   1.1853347e+01   4.6548691e+00
   9.7555915e-01   9.2246163e+00   2.1700359e+00
   4.0001221e+00   1.2544112e+01   4.8895449e+00
   6.9068119e-01   7.0967627e+00   2.5929716e+00
   3.9476558e+00   1.2434283e+01   4.8523369e+00
   1.2367482e+00   8.6072302e+00   2.6763429e+00
   4.0541033e+00   1.2058829e+01   5.0648719e+00
   1.4918683e+00   9.1460020e+00   2.8084967e+00
   3.1330222e+00   1.1601171e+01   4.0900804e+00
   6.2684589e-01   8.0045064e+00   2.1424432e+00
   2.7968798e+00   1.2059080e+01   3.6069791e+00
   4.3247102e-01   7.8099818e+00   1.9752100e+00
   2.9636623e+00   1.1505814e+01   3.9147967e+00
   6.6540249e-01   5.2592938e+00   3.6501793e+00
   3.2049465e+00   8.1261544e+00   5.5146369e+00
   2.8679704e+00   1.1223711e+01   3.8693976e+00
   2.7013072e+00   7.3663067e+00   5.2475856e+00
   2.1481246e+00   9.1036479e+00   3.6293131e+00
   3.4032705e+00   8.4820786e+00   5.5942315e+00
   2.2453658e+00   8.3896452e+00   4.0419311e+00
   2.5701699e+00   7.1105730e+00   5.2231555e+00
   1.9433406e+00   8.5562275e+00   3.5788860e+00
   3.2767478e+00   8.1224120e+00   5.6232837e+00
   1.9754457e+00   9.3586676e+00   3.3277995e+00
   2.0630036e+00   7.5739165e+00   4.1962448e+00
   1.3561619e+00   8.9152538e+00   2.7183868e+00
   1.9815454e+00   7.9019753e+00   3.9173050e+00
   1.8237772e+00   8.8648905e+00   3.3104057e+00
   2.1681622e+00   7.6092961e+00   4.3237534e+00
   2.6383921e+00   1.1776494e+01   3.4825258e+00
   1.3312704e+00   4.7992155e+00   5.1699897e+00
   1.9263973e+00   9.3595306e+00   3.2675840e+00
   1.9124774e+00   5.3868558e+00   5.6070001e+00
   2.0044869e+00   8.8406009e+00   3.5459335e+00
   1.6609257e+00   5.1030437e+00   5.4472630e+00
   1.8423143e+00   9.0167940e+00   3.2795172e+00
   1.9529318e+00   5.5653452e+00   5.4985716e+00
   1.7901535e+00   1.0195303e+01   2.8638378e+00
   1.0122294e+00   5.1025834e+00   4.3271765e+00
   1.1926961e+00   9.0987136e+00   2.4640726e+00
   1.2466799e+00   5.8163658e+00   4.1226972e+00
   1.6429354e+00   8.8485241e+00   3.0918710e+00
   1.4898589e+00   5.5173965e+00   4.7510621e+00
   2.3595383e+00   9.3804355e+00   3.7949225e+00
   4.1578468e+00   1.0692793e+01   5.6038046e+00
   2.0189464e+00   8.2599929e+00   3.8015272e+00
   3.7464530e+00   1.0470984e+01   5.1576142e+00
   2.1608074e+00   8.8480341e+00   3.7411641e+00
   4.1593352e+00   1.0763815e+01   5.5801077e+00
   2.2450992e+00   9.6885978e+00   3.5509671e+00
   2.9940931e+00   1.0494782e+01   4.2155219e+00
   1.4308580e+00   8.6927608e+00   2.8849149e+00
   2.5665945e+00   1.0650791e+01   3.6589547e+00
   1.9449331e+00   8.7368514e+00   3.5101166e+00
   3.1141037e+00   1.0274617e+01   4.4311971e+00
   2.2514902e+00   8.0830793e+00   4.1934023e+00
   3.8108406e+00   1.0001667e+01   5.4187124e+00
   2.3966843e+00   8.7032063e+00   4.1039806e+00
   4.3168202e+00   1.1376430e+01   5.5739582e+00
   2.2836098e+00   9.0916784e+00   3.8041439e+00
   3.2150854e+00   1.0715781e+01   4.4188249e+00
   1.6133343e+00   8.8278646e+00   3.0625587e+00
   2.8893330e+00   1.0839219e+01   3.9922330e+00
   1.9815339e+00   8.3292308e+00   3.7224698e+00
   3.3926230e+00   1.0871413e+01   4.5891466e+00
   1.2935945e+00   7.9981027e+00   2.9761980e+00
   3.4513385e+00   9.6509740e+00   5.0894920e+00
   1.2884707e+00   8.8091663e+00   2.6711090e+00
   2.5185362e+00   9.1480075e+00   4.0812319e+00
   6.7656581e-01   8.0304647e+00   2.1939612e+00
   2.1435241e+00   9.3523897e+00   3.5364755e+00
   9.6846618e-01   8.0898958e+00   2.5319802e+00
   2.4355855e+00   9.0335812e+00   4.0196195e+00
   7.4400985e-01   8.7180470e+00   2.0457413e+00
   1.7897691e+00   7.8509638e+00   3.6853228e+00
  -1.2883485e-02   7.8066085e+00   1.4372644e+00
   2.0187028e+00   8.7943307e+00   3.5814674e+00
   2.3809820e-01   7.6868669e+00   1.7827475e+00
   2.3381122e+00   8.7072524e+00   4.0259703e+00
   7.1503745e-01   8.0925121e+00   2.2187521e+00
   2.5932236e+00   1.0417406e+01   3.7541480e+00
   1.0318282e+00   8.3118058e+00   2.5288545e+00
   2.7750834e+00   9.5467074e+00   4.2576044e+00
  -2.2321937e-01   7.6358047e+00   1.2438404e+00
   2.1357314e+00   1.0381630e+01   3.2209274e+00
