   9.5287041e-01   1.1319998e+01   1.6807004e+00
   2.4431918e+00   1.6498682e+01   2.7135208e+00
   9.0707265e-01   8.7537435e+00   2.2291783e+00
   2.4475818e+00   1.8304836e+01   2.6255018e+00
   1.9099024e+00   1.6700635e+01   2.1483220e+00
   3.1811983e+00   1.8665508e+01   3.3644670e+00
   1.7738663e+00   1.6373529e+01   2.0261002e+00
   3.5630471e+00   1.8799833e+01   3.7519619e+00
   1.7220894e+00   1.4574069e+01   2.1022536e+00
   1.9028523e+00   1.6335797e+01   2.1620495e+00
   1.5492373e+00   1.3195507e+01   2.0604257e+00
   1.2419559e+00   1.6496262e+01   1.4696877e+00
   2.2635526e+00   1.6699279e+01   2.5147159e+00
   2.0288834e+00   1.5045780e+01   2.3851134e+00
   1.3109540e+00   1.6413888e+01   1.5452458e+00
   1.0450840e+00   1.6023862e+01   1.2924922e+00
   1.0833392e+00   1.3903050e+01   1.4896645e+00
   2.2678579e+00   1.8955757e+01   2.4168661e+00
   1.9137680e+00   9.1813084e+00   3.3111673e+00
   2.3684309e+00   1.2701720e+01   3.0175997e+00
   3.0295450e+00   1.6011565e+01   3.3612618e+00
   2.5197593e+00   1.3159565e+01   3.1166315e+00
   3.3730230e+00   1.7401167e+01   3.6265888e+00
   3.0320578e+00   1.4087707e+01   3.5529516e+00
   3.1104301e+00   1.5383611e+01   3.4996238e+00
   1.7008211e+00   1.2552840e+01   2.3080794e+00
   2.3416432e+00   1.3575589e+01   2.8680595e+00
   9.7518645e-01   1.1643334e+01   1.6522207e+00
   2.8972736e+00   1.6023411e+01   3.2211957e+00
   1.7916410e+00   1.2458134e+01   2.4209418e+00
   2.1259189e+00   1.7206369e+01   2.3447267e+00
   7.5873235e-01   1.1925515e+01   1.3742625e+00
   2.5628112e+00   1.5898941e+01   2.8793319e+00
   1.6896875e+00   1.3072121e+01   2.2266282e+00
   3.1214195e+00   1.6544614e+01   3.4186846e+00
   2.4373457e+00   9.2637319e+00   3.9345151e+00
   3.1531605e+00   1.5924166e+01   3.4985080e+00
   2.9613015e+00   9.9239796e+00   4.3580765e+00
   2.8411492e+00   1.4807700e+01   3.2676911e+00
   1.7559676e+00   8.9715137e+00   3.1885587e+00
   2.2408685e+00   1.3766756e+01   2.7364926e+00
   9.9189113e-01   8.7196014e+00   2.3417810e+00
   2.8210565e+00   1.7251521e+01   3.0615463e+00
   1.8129960e+00   9.5792506e+00   3.0617729e+00
   2.0859217e+00   1.7262837e+01   2.3006264e+00
   9.0705443e-01   9.2833825e+00   2.0732757e+00
   2.4013184e+00   1.4770976e+01   2.8029791e+00
   1.8431995e+00   9.7432207e+00   3.0496014e+00
   3.6209420e+00   1.6825864e+01   3.9229747e+00
   3.7727379e+00   1.5856375e+01   4.1615296e+00
   2.8771364e+00   1.4165060e+01   3.3759469e+00
   2.2648038e+00   1.4701918e+01   2.6645941e+00
   2.7280820e+00   1.3575242e+01   3.2875646e+00
   1.6849088e+00   1.4857360e+01   2.0389559e+00
   3.1762695e+00   1.6271469e+01   3.4958999e+00
   2.5806087e+00   1.6774516e+01   2.8395096e+00
   2.0060587e+00   1.5712837e+01   2.3100961e+00
   1.1730928e+00   1.4873138e+01   1.5015730e+00
   2.7469643e+00   1.5689591e+01   3.0889390e+00
   2.2306107e+00   1.5189108e+01   2.5856513e+00
   3.5535811e+00   1.5860281e+01   3.9279524e+00
   2.5625595e+00   1.6304293e+01   2.8505732e+00
   3.1015432e+00   1.4142540e+01   3.6216397e+00
   2.0722070e+00   1.7200215e+01   2.2896147e+00
   3.4205682e+00   1.6751280e+01   3.7179105e+00
   2.8972378e+00   1.7981633e+01   3.1026420e+00
   2.4562013e+00   1.7803088e+01   2.6563151e+00
   1.5894878e+00   1.6142417e+01   1.8487544e+00
   2.9632831e+00   1.5652075e+01   3.3202555e+00
   2.6052176e+00   1.8306468e+01   2.7873490e+00
   2.0198804e+00   1.3469655e+01   2.5336998e+00
   1.6612807e+00   1.4946056e+01   2.0069409e+00
   2.2640152e+00   1.5817999e+01   2.5722601e+00
   2.5388934e+00   1.5900605e+01   2.8541319e+00
   1.6911179e+00   1.7088048e+01   1.9023972e+00
   1.5028373e+00   1.4840949e+01   1.8491870e+00
   1.8598368e+00   1.4629574e+01   2.2426850e+00
   2.2352153e+00   1.6137949e+01   2.5201408e+00
   1.4016752e+00   1.5137195e+01   1.7204954e+00
   2.0362371e+00   1.3675976e+01   2.5270595e+00
   6.0087059e-01   1.5294437e+01   8.7727962e-01
   1.0550529e+00   1.3384586e+01   1.5115645e+00
   9.8613697e-01   1.3568998e+01   1.4194631e+00
   1.9893406e+00   1.4031802e+01   2.4378733e+00
   1.1295990e+00   1.6953211e+01   1.3314433e+00
   1.3385821e+00   1.6853439e+01   1.5510258e+00
   1.7626635e+00   1.5691541e+01   2.0576374e+00
   2.2466573e+00   1.7120869e+01   2.4738489e+00
   4.6524581e-01   1.4370494e+01   8.0157563e-01
   1.3950206e+00   1.8053914e+01   1.5572358e+00
