  -3.1455022e+00  -3.7066477e-01   3.3133475e+00
  -7.8529385e-01   2.8274753e+00   3.5187361e+00
  -3.1490097e+00  -7.4949126e-01   3.9734454e+00
  -1.9579178e-01   3.2866539e+00   4.0594305e+00
  -1.7370590e+00   1.7482908e+00   3.0686092e+00
  -1.4267112e+00   1.9745888e+00   3.3591761e+00
  -1.9956485e+00   9.8461965e-01   3.5907268e+00
  -7.8547936e-01   2.4476254e+00   3.9695741e+00
  -2.0324680e+00   1.2748859e+00   3.1192729e+00
  -1.5005278e+00   1.8622421e+00   3.3620124e+00
  -2.2752995e+00   1.1182481e+00   2.8699161e+00
  -1.3238101e+00   2.0911847e+00   3.4056894e+00
  -2.1683460e+00   6.6903946e-01   3.7106905e+00
  -8.5283201e-01   2.5769928e+00   3.6851266e+00
  -2.1073419e+00   1.3105584e+00   2.9346213e+00
  -1.6853615e+00   1.9559259e+00   2.9156345e+00
  -2.5606955e+00   3.0054717e-01   3.4665858e+00
  -7.9066396e-01   2.8034981e+00   3.5359932e+00
  -2.1529430e+00   1.6758884e-01   4.6050640e+00
  -8.9293524e-01   1.7608750e+00   4.7242574e+00
  -7.2456402e-01   2.4519133e+00   4.0808122e+00
  -2.1812184e+00   3.8006877e-01   4.1543498e+00
  -1.0631623e+00   1.8329708e+00   4.2541944e+00
  -1.4828385e+00   1.0810478e+00   4.5284017e+00
  -9.7776528e-01   2.3354458e+00   3.7470892e+00
  -2.2541804e+00   3.1302779e-01   4.1062142e+00
  -1.4796565e+00   1.7723278e+00   3.5156279e+00
  -1.5327001e+00   1.3126543e+00   4.0524369e+00
  -1.8241449e+00   9.9960692e-01   3.9202703e+00
  -1.5074279e+00   1.3470767e+00   4.0532474e+00
  -1.6782838e+00   1.7017592e+00   3.2335425e+00
  -2.2648310e+00   7.5995583e-01   3.3779539e+00
  -1.6014862e+00   1.1507479e+00   4.1561178e+00
  -1.6509876e+00   1.1113858e+00   4.1123155e+00
  -5.6340773e-01   3.0318678e+00   3.6851737e+00
  -2.7489381e+00  -2.8131423e-01   4.0348981e+00
  -7.7405090e-01   2.3988149e+00   4.0540009e+00
  -2.1942791e+00   2.0911044e-01   4.4287427e+00
  -7.0454999e-01   2.9181212e+00   3.5610079e+00
  -2.5449782e+00  -3.0712242e-03   4.0022435e+00
  -1.0847888e+00   2.4923120e+00   3.3647448e+00
  -2.2310440e+00   4.3810917e-01   3.9462701e+00
  -1.5238323e+00   1.5546795e+00   3.7214701e+00
  -2.2126715e+00   4.6616317e-01   3.9399681e+00
  -1.3044646e+00   2.4047590e+00   3.0762352e+00
  -2.6118202e+00   2.9936622e-01   3.3631041e+00
  -1.3575992e+00   1.5208695e+00   4.1047619e+00
  -1.8128526e+00   8.5990832e-01   4.1650419e+00
  -1.1291828e+00   1.6003668e+00   4.4646985e+00
  -9.5890966e-01   1.7442739e+00   4.6070393e+00
  -1.0219956e+00   2.3011688e+00   3.7068505e+00
  -1.6062647e+00   1.3165894e+00   3.8949850e+00
  -1.2705578e+00   1.8130823e+00   3.8653147e+00
  -1.0655515e+00   1.8599068e+00   4.2104408e+00
  -1.5609255e+00   1.0535358e+00   4.4003440e+00
  -7.5496078e-01   2.2433387e+00   4.2992702e+00
  -1.6592591e+00   1.6254489e+00   3.3661266e+00
  -1.6011277e+00   1.7420994e+00   3.3259825e+00
  -1.6068663e+00   1.0507445e+00   4.3039444e+00
  -9.8509750e-01   2.0373557e+00   4.1230957e+00
  -9.4349385e-01   2.1506629e+00   4.0512962e+00
  -1.6870830e+00   9.7790139e-01   4.2471951e+00
  -1.3200257e+00   1.7001903e+00   3.9232593e+00
  -1.1996646e+00   1.6228968e+00   4.2810788e+00
  -1.4947502e+00   1.0792008e+00   4.5048234e+00
  -8.6723367e-01   2.0030473e+00   4.4109978e+00
  -1.3794596e+00   1.8179013e+00   3.6472866e+00
  -1.7468107e+00   1.3362052e+00   3.5853560e+00
  -1.7608222e+00   7.1215254e-01   4.5316001e+00
  -9.3097809e-01   2.0094778e+00   4.2710695e+00
  -1.9834160e+00   1.2285369e+00   3.2735088e+00
  -1.1693522e+00   2.0117685e+00   3.7964694e+00
  -2.3822700e+00   4.1611781e-01   3.6580380e+00
  -8.0276137e-01   2.5523543e+00   3.8070855e+00
  -2.2051483e+00   1.1042868e+00   3.0184603e+00
  -1.5826561e+00   1.9022398e+00   3.1623475e+00
  -2.2946009e+00   4.3897210e-01   3.8076237e+00
  -9.9299310e-01   2.2580838e+00   3.8155740e+00
  -2.4736622e+00   5.7416381e-01   3.2321328e+00
  -1.2859597e+00   2.1594728e+00   3.3922864e+00
  -2.7385260e+00   9.2187810e-01   2.2802101e+00
  -1.9901407e+00   1.8384851e+00   2.5194765e+00
  -2.6303720e+00   3.8778791e-01   3.1928151e+00
  -1.3860963e+00   2.1467945e+00   3.2260201e+00
  -2.0483852e+00   1.4374979e+00   2.8840665e+00
  -1.6712568e+00   1.8292694e+00   3.0898567e+00
  -2.5026674e+00   3.4499730e-01   3.5178222e+00
  -1.4022957e+00   1.9321452e+00   3.4571871e+00
  -3.3783366e+00  -2.1309669e-01   2.6005164e+00
  -1.5061073e+00   2.5423168e+00   2.5895415e+00
