  -7.8837509e-02   5.4227813e+00   2.4537336e+00
   1.2025770e+00   7.7790637e+00   2.9512476e+00
  -1.1045611e+00   3.2543117e+00   2.5592859e+00
   1.3724615e+00   8.1172049e+00   3.0280937e+00
   9.3268982e-01   8.0365105e+00   2.5076658e+00
   1.2470736e+00   7.2699250e+00   3.2420568e+00
   2.2520469e-01   5.6113200e+00   2.7626045e+00
   2.7117426e+00   8.5602930e+00   4.5864335e+00
   5.0725338e-01   6.7649795e+00   2.5104738e+00
   6.7564102e-01   7.1414336e+00   2.5531143e+00
  -4.3093262e-01   4.3341024e+00   2.6959301e+00
   2.3008660e+00   8.2529504e+00   4.1785069e+00
   5.6057222e-01   6.8643617e+00   2.5324781e+00
   8.5300678e-01   7.5226943e+00   2.6133349e+00
   7.0260432e-02   6.4335940e+00   2.1007448e+00
   9.9264457e-01   7.9020213e+00   2.6345156e+00
  -1.9346998e-01   6.7707874e+00   1.6110870e+00
   5.9915205e-01   7.7962282e+00   2.1852880e+00
  -5.4195681e-02   4.0907001e+00   3.4871346e+00
   7.9132541e-01   5.3239334e+00   3.7943044e+00
   2.0341654e+00   8.6640012e+00   3.6519482e+00
   1.8027343e-01   4.0396839e+00   3.9247779e+00
   1.4798526e+00   6.5844642e+00   3.9452292e+00
   1.5204426e+00   5.2857893e+00   5.0140732e+00
   1.8787563e+00   7.9398039e+00   3.7619493e+00
  -3.4828394e-01   3.8370249e+00   3.2405997e+00
   6.0105995e-01   4.8480093e+00   3.8802356e+00
   1.4319001e+00   5.4969969e+00   4.6731746e+00
   1.1719179e+00   7.2830655e+00   3.1358112e+00
  -1.6416446e-01   4.4747512e+00   2.9898607e+00
   9.0009983e-01   7.0590906e+00   2.8846439e+00
  -5.5229612e-02   4.6123118e+00   3.0481225e+00
   1.2590961e+00   7.7760622e+00   3.0251286e+00
  -4.0804163e-01   4.3348920e+00   2.7297252e+00
   2.0734789e+00   9.2487352e+00   3.4852567e+00
  -8.5462307e-01   2.3082004e+00   4.0161030e+00
   1.5694380e+00   7.3062458e+00   3.6583301e+00
   3.2751642e-01   3.2875672e+00   5.0590966e+00
   1.7749787e+00   8.4412368e+00   3.4099870e+00
  -9.1553877e-01   2.6677911e+00   3.4667114e+00
   7.5315195e-01   5.4672570e+00   3.6284552e+00
   2.8692167e-01   3.4232224e+00   4.8023605e+00
   1.3722591e+00   8.1479319e+00   3.0155330e+00
  -1.3709244e+00   2.3413895e+00   3.0307239e+00
   1.1108111e+00   7.5885558e+00   2.9154826e+00
  -8.7596620e-01   2.8424390e+00   3.3432504e+00
   1.1653831e+00   7.7169440e+00   2.9300416e+00
  -1.0544002e+00   2.8289228e+00   3.0515573e+00
   1.5664959e+00   6.7005523e+00   3.9981162e+00
   2.7152351e+00   7.5518601e+00   5.1468356e+00
   1.7161550e+00   7.5697729e+00   3.7230167e+00
   9.1455363e-01   6.8519132e+00   3.0071288e+00
   5.7740403e-01   4.7299867e+00   3.9438884e+00
   2.5334828e+00   7.8655278e+00   4.6965546e+00
   1.4952437e+00   7.5193867e+00   3.4513478e+00
   8.6281229e-01   6.9275834e+00   2.8998023e+00
   1.0613917e+00   6.9626751e+00   3.1476193e+00
   9.9055010e-01   7.0286856e+00   3.0194471e+00
   1.2805584e+00   7.3876390e+00   3.2294675e+00
   6.9402610e-01   7.0065315e+00   2.6393264e+00
   2.0544409e+00   7.8834905e+00   4.0246484e+00
   5.9130560e-01   5.8911277e+00   3.1055391e+00
   8.6576311e-01   4.8463448e+00   4.3141888e+00
   2.3230102e+00   7.1604257e+00   4.8150161e+00
   1.6302543e+00   7.3840333e+00   3.7008803e+00
   8.9907955e-01   6.8648619e+00   2.9797639e+00
   1.2897897e+00   7.1236103e+00   3.3730444e+00
   9.0536775e-01   6.6183033e+00   3.1183114e+00
   1.4464648e+00   7.2964168e+00   3.4964319e+00
   6.5763820e-01   6.6490061e+00   2.7672968e+00
  -2.6401377e-02   4.4070078e+00   3.2571477e+00
   1.5470136e+00   6.0640594e+00   4.4012573e+00
   7.3152341e-01   6.9040930e+00   2.7376114e+00
   3.0243397e-01   5.6940289e+00   2.8199134e+00
   3.4691861e-01   6.2322455e+00   2.5699379e+00
   4.6500738e-01   5.8810831e+00   2.9335332e+00
   5.2273412e-01   6.8532881e+00   2.4883791e+00
   3.0157445e-02   5.5900835e+00   2.5033268e+00
   2.5149061e-01   6.6630097e+00   2.2260145e+00
  -1.2605906e-02   5.5723646e+00   2.4547992e+00
  -2.2821702e-01   6.1544861e+00   1.8495323e+00
   1.3758076e-03   5.6250257e+00   2.4427236e+00
  -7.6420401e-02   6.7971146e+00   1.7467220e+00
  -3.3657269e-01   5.4835027e+00   2.0637329e+00
   4.9041963e-01   6.7659761e+00   2.4879518e+00
   3.7383788e-01   5.9070294e+00   2.7907117e+00
   4.8830904e-01   7.1933365e+00   2.2901208e+00
  -1.9550124e-01   5.7993291e+00   2.0767754e+00
  -7.2390597e-01   6.4009756e+00   1.1076897e+00
  -5.3024673e-01   6.5383613e+00   1.2897170e+00
