   1.3419685e+00   1.1488906e+01   2.0813158e+00
   2.3074504e+00   1.6375826e+01   2.5799815e+00
   1.0738922e+00   8.5291593e+00   2.5042250e+00
   2.4815251e+00   1.6914871e+01   2.7283717e+00
   2.1186389e+00   1.9712795e+01   2.2410301e+00
   2.2767799e+00   1.7672099e+01   2.4776144e+00
   2.1827564e+00   1.8141990e+01   2.3604064e+00
   3.4569494e+00   1.7831949e+01   3.6894744e+00
   2.1487833e+00   1.4452433e+01   2.5651864e+00
   1.4121741e+00   1.4544989e+01   1.7784735e+00
   1.6647772e+00   1.2559304e+01   2.2679095e+00
   1.1974943e+00   1.4872413e+01   1.5271204e+00
   2.5252458e+00   1.5361571e+01   2.8819239e+00
   1.8253819e+00   1.4090196e+01   2.2572868e+00
   1.9803582e+00   1.7305069e+01   2.1897408e+00
   6.0059676e-01   1.4511572e+01   9.3178572e-01
   1.6012384e+00   1.4015533e+01   2.0267054e+00
   2.2320786e+00   1.7251341e+01   2.4520255e+00
   2.1369306e+00   9.0871455e+00   3.6212699e+00
   2.0421589e+00   1.1130769e+01   2.9363626e+00
   3.6713673e+00   1.8809183e+01   3.8632518e+00
   1.7545641e+00   1.1691014e+01   2.5039469e+00
   3.7707032e+00   1.8081541e+01   4.0017458e+00
   2.9503714e+00   1.3536531e+01   3.5356734e+00
   3.5217867e+00   1.4937075e+01   3.9843434e+00
   1.2315719e+00   1.1396362e+01   1.9752073e+00
   2.5964204e+00   1.3067853e+01   3.2138079e+00
   9.0807329e-01   1.1370758e+01   1.6228804e+00
   3.1808922e+00   1.5801426e+01   3.5378902e+00
   1.7018518e+00   1.1864957e+01   2.4155332e+00
   2.7184294e+00   1.6888386e+01   2.9759670e+00
   3.5857704e-01   1.1312323e+01   1.0317598e+00
   3.2351785e+00   1.5411479e+01   3.6297651e+00
   1.6677966e+00   1.1578258e+01   2.4273662e+00
   3.3462834e+00   1.7978946e+01   3.5669939e+00
   1.6941733e+00   8.6611174e+00   3.2231828e+00
   3.2441310e+00   1.6010302e+01   3.5876221e+00
   2.8223354e+00   9.4097565e+00   4.3691354e+00
   2.8886184e+00   1.4196919e+01   3.3846249e+00
   1.3518711e+00   8.5368290e+00   2.8427790e+00
   2.4676796e+00   1.2920265e+01   3.0939824e+00
   8.8559508e-01   8.3008312e+00   2.3534957e+00
   2.7403692e+00   1.6212079e+01   3.0428223e+00
   1.6792333e+00   9.1602121e+00   3.0310771e+00
   2.2702801e+00   1.6447257e+01   2.5368432e+00
   3.6789351e-01   8.4260926e+00   1.6894610e+00
   2.9712934e+00   1.4802828e+01   3.4073130e+00
   1.8716998e+00   9.1375822e+00   3.2742142e+00
   3.6973229e+00   1.6261589e+01   4.0463980e+00
   3.6865126e+00   1.5788823e+01   4.0757977e+00
   3.4002455e+00   1.4326101e+01   3.9236462e+00
   1.8431502e+00   1.4770559e+01   2.2127465e+00
   2.7320192e+00   1.2347427e+01   3.4803688e+00
   1.5911318e+00   1.4598968e+01   1.9620941e+00
   3.3562062e+00   1.6182487e+01   3.6922359e+00
   2.4568949e+00   1.5340428e+01   2.8115953e+00
   2.7192960e+00   1.5821702e+01   3.0494658e+00
   9.6802302e-01   1.4469344e+01   1.3188964e+00
   3.3143228e+00   1.5043851e+01   3.7500771e+00
   2.4308439e+00   1.4951469e+01   2.8176803e+00
   3.8526701e+00   1.4836230e+01   4.3538588e+00
   2.0499723e+00   1.4937424e+01   2.4164401e+00
   3.2960648e+00   1.3677794e+01   3.8955540e+00
   1.6362721e+00   1.4937094e+01   1.9814219e+00
   3.6475215e+00   1.6393100e+01   3.9831986e+00
   2.5190880e+00   1.4923361e+01   2.9137951e+00
   3.2440365e+00   1.6947864e+01   3.5200206e+00
   1.0541471e+00   1.3790559e+01   1.4695664e+00
   3.6965392e+00   1.5330338e+01   4.1308427e+00
   2.5792860e+00   1.6277084e+01   2.8698726e+00
   2.1989050e+00   1.2986917e+01   2.7901456e+00
   1.5707732e+00   1.4214427e+01   1.9752444e+00
   2.3718808e+00   1.6136878e+01   2.6627751e+00
   2.4143634e+00   1.5925575e+01   2.7218794e+00
   1.9909519e+00   1.5520657e+01   2.3081691e+00
   1.0225203e+00   1.4968248e+01   1.3374026e+00
   2.5792263e+00   1.4650320e+01   3.0038851e+00
   2.3265034e+00   1.4808526e+01   2.7201400e+00
   1.6622768e+00   1.5303024e+01   1.9804925e+00
   1.8751356e+00   1.2739598e+01   2.4716500e+00
   1.0571789e+00   1.5197144e+01   1.3572007e+00
   7.0737930e-01   1.2846415e+01   1.2010607e+00
   1.4647269e+00   1.3498561e+01   1.9353516e+00
   2.0326101e+00   1.3117954e+01   2.5915959e+00
   2.0203618e+00   1.5713018e+01   2.3250237e+00
   1.0028430e+00   1.4639891e+01   1.3417012e+00
   2.2732142e+00   1.5033525e+01   2.6437281e+00
   2.1940061e+00   1.5352526e+01   2.5339250e+00
   9.4564673e-01   1.4561671e+01   1.2880793e+00
   1.4689748e+00   1.7513629e+01   1.6546269e+00
