  -3.7416406e+00  -1.3670841e+00   3.7611065e+00
  -8.5971756e-01   2.4509754e+00   3.8250983e+00
  -3.7292516e+00  -1.3909628e+00   3.8376562e+00
  -6.3529883e-01   2.6411237e+00   4.0117390e+00
  -2.2395090e+00   7.3047551e-01   3.4718863e+00
  -1.8432352e+00   1.2704992e+00   3.4873818e+00
  -2.5871146e+00  -6.2552567e-02   4.0118619e+00
  -9.4504532e-01   2.0759799e+00   4.1497455e+00
  -2.6092593e+00   2.4802175e-01   3.4477079e+00
  -1.6478498e+00   1.4280349e+00   3.6525565e+00
  -2.9804065e+00   1.2187836e-01   2.8896049e+00
  -1.6578312e+00   1.5655930e+00   3.4469883e+00
  -2.7430028e+00  -2.2663006e-01   3.9497881e+00
  -1.1493528e+00   1.8683269e+00   4.0294201e+00
  -2.8633884e+00  -6.4032134e-02   3.4110606e+00
  -1.7022524e+00   1.5804261e+00   3.3433331e+00
  -3.0565177e+00  -4.1547600e-01   3.5803834e+00
  -1.1865715e+00   2.1195468e+00   3.6253484e+00
  -2.5878166e+00  -3.4811828e-01   4.5478063e+00
  -1.1468022e+00   1.3940798e+00   4.7588310e+00
  -1.3417003e+00   1.3059405e+00   4.4705584e+00
  -2.3505220e+00  -5.9300456e-03   4.4595980e+00
  -1.6624931e+00   7.1638001e-01   4.7537799e+00
  -1.4708019e+00   9.5338321e-01   4.7769575e+00
  -1.4262294e+00   1.4093139e+00   4.1287155e+00
  -2.4079162e+00  -2.7560846e-02   4.3635632e+00
  -2.1114500e+00   7.9737227e-01   3.6326437e+00
  -1.8230356e+00   9.0003185e-01   4.0784055e+00
  -2.3683261e+00   1.0219368e-01   4.2179970e+00
  -1.7003259e+00   9.1560048e-01   4.3203535e+00
  -2.3187265e+00   4.5763432e-01   3.7263431e+00
  -2.3270772e+00   4.4782596e-01   3.7242701e+00
  -2.1488875e+00   4.2624790e-01   4.1474898e+00
  -1.9266404e+00   7.0400753e-01   4.1722529e+00
  -1.1089627e+00   1.8590886e+00   4.1234840e+00
  -2.7528273e+00  -4.0365822e-01   4.2544573e+00
  -1.3650722e+00   1.1664629e+00   4.6495002e+00
  -1.9792893e+00   3.5671112e-01   4.6652022e+00
  -1.0931992e+00   1.9918095e+00   3.9712519e+00
  -2.5843593e+00  -1.9154522e-01   4.2531366e+00
  -1.7158826e+00   1.5235733e+00   3.3917345e+00
  -2.4035286e+00   2.1018216e-01   3.9497297e+00
  -2.0720740e+00   6.1438574e-01   4.0021364e+00
  -2.3126019e+00   1.8535336e-01   4.1972835e+00
  -1.8119936e+00   1.2750151e+00   3.5423448e+00
  -2.6254052e+00   1.0481695e-01   3.6424953e+00
  -1.8011601e+00   8.6343598e-01   4.1847653e+00
  -1.9920964e+00   5.8235908e-01   4.2315922e+00
  -1.8937944e+00   2.3905036e-01   5.1097415e+00
  -1.0360080e+00   1.3690608e+00   5.0572351e+00
  -1.5963484e+00   1.2556448e+00   4.0059477e+00
  -1.8388766e+00   7.2989750e-01   4.3236374e+00
  -1.9225337e+00   8.1123816e-01   4.0067015e+00
  -1.5023122e+00   1.1522818e+00   4.3677109e+00
  -2.2218272e+00   5.4766895e-02   4.6548480e+00
  -1.1014860e+00   1.4983825e+00   4.6875319e+00
  -2.4584996e+00   2.8994084e-01   3.6982162e+00
  -1.8415093e+00   1.1593582e+00   3.6474368e+00
  -2.1277654e+00   3.2449424e-01   4.3740835e+00
  -1.4406211e+00   1.2505170e+00   4.3440659e+00
  -1.5148896e+00   1.1241821e+00   4.3858443e+00
  -1.9797872e+00   3.9918161e-01   4.5847841e+00
  -1.9811691e+00   6.9053127e-01   4.0751231e+00
  -1.6032357e+00   9.6797569e-01   4.4488165e+00
  -2.1756939e+00   7.6385262e-02   4.7260760e+00
  -1.1816448e+00   1.3561935e+00   4.7437885e+00
  -2.1119962e+00   5.2932421e-01   4.0552647e+00
  -1.9064239e+00   8.4735957e-01   3.9837537e+00
  -2.3470651e+00  -3.1474337e-02   4.5166991e+00
  -1.4034131e+00   1.2203799e+00   4.4740179e+00
  -2.6021992e+00   1.9900321e-01   3.5397152e+00
  -1.3378878e+00   1.6643880e+00   3.9378062e+00
  -2.8790437e+00  -4.5908797e-01   4.0605701e+00
  -9.4644150e-01   2.0691388e+00   4.1563936e+00
  -2.7249970e+00  -1.9288873e-03   3.6041500e+00
  -1.6386337e+00   1.4980994e+00   3.5743387e+00
  -2.7748835e+00  -2.4459156e-01   3.9094643e+00
  -1.2415066e+00   1.8127763e+00   3.9230677e+00
  -3.0640584e+00  -3.8893188e-01   3.5185804e+00
  -1.3736869e+00   1.8079788e+00   3.6714754e+00
  -3.3880729e+00  -3.3630598e-01   2.7628598e+00
  -2.0113511e+00   1.5321170e+00   2.8355940e+00
  -3.1838951e+00  -4.1957019e-01   3.3123023e+00
  -1.5759674e+00   1.7663889e+00   3.3421692e+00
  -2.7603570e+00   1.9644577e-01   3.2172950e+00
  -1.6495915e+00   1.7498302e+00   3.2265264e+00
  -3.0729139e+00  -4.2616363e-01   3.5627790e+00
  -1.5954370e+00   1.5706467e+00   3.5600712e+00
  -3.9161959e+00  -9.7779468e-01   2.6938708e+00
  -1.7889876e+00   1.9712721e+00   2.7175504e+00
