   1.1258919e+00   1.0502275e+01   2.0292174e+00
   9.3977906e-01   1.2299706e+01   1.5180229e+00
   4.7121506e-01   7.8970360e+00   1.9909516e+00
   4.9246205e-01   1.3084224e+01   9.4681370e-01
   1.9010694e+00   1.4761649e+01   2.2745714e+00
   1.5347821e+00   1.2591688e+01   2.1221208e+00
   2.0937833e+00   1.3951584e+01   2.5579835e+00
   2.3743456e+00   1.2922368e+01   2.9912087e+00
   1.4204693e+00   9.6203917e+00   2.5830693e+00
   2.1884160e+00   1.2794708e+01   2.8059723e+00
   1.2130606e+00   1.0304280e+01   2.1715602e+00
   4.3530951e-01   1.1620375e+01   1.0683548e+00
   2.1888538e+00   1.0721783e+01   3.1978607e+00
   1.8487819e+00   1.2798105e+01   2.4348637e+00
   1.0618445e+00   1.0123904e+01   2.0401384e+00
   2.9600843e-01   1.1913561e+01   8.7696640e-01
   9.0093003e-01   9.6623261e+00   1.9664852e+00
   1.6863795e+00   1.2645790e+01   2.2793070e+00
   1.9526884e+00   9.3031690e+00   3.3181918e+00
   3.0908375e-02   7.1245576e+00   1.7440304e+00
   3.6480566e+00   1.5407011e+01   4.0711120e+00
   1.1791367e+00   7.7142641e+00   2.9488628e+00
   3.5651417e+00   1.4107816e+01   4.1318651e+00
   2.1146742e+00   9.5269325e+00   3.4433869e+00
   3.2490079e+00   1.0834187e+01   4.4255513e+00
   1.3703009e+00   7.6069406e+00   3.2448395e+00
   2.5890375e+00   1.0743860e+01   3.6612183e+00
   2.1914724e-01   7.4143970e+00   1.8621963e+00
   3.1376632e+00   1.1340692e+01   4.1576448e+00
   1.1512475e+00   8.3946914e+00   2.6461579e+00
   2.1159369e+00   1.1118329e+01   3.0233020e+00
  -2.1131143e-01   7.5204559e+00   1.2982551e+00
   2.6871524e+00   1.1002657e+01   3.7113770e+00
   1.0716478e+00   8.0137794e+00   2.6897597e+00
   3.0648513e+00   1.4928420e+01   3.4946640e+00
   1.8907017e-01   4.8556780e+00   3.2316699e+00
   3.0025704e+00   1.3966117e+01   3.5360205e+00
   1.1862198e+00   5.7789186e+00   4.0577428e+00
   2.5790469e+00   1.0939281e+01   3.6002786e+00
   7.9578869e-01   5.3229794e+00   3.8019318e+00
   2.3702239e+00   1.1412937e+01   3.2513302e+00
  -6.0976518e-01   4.6034574e+00   2.2378797e+00
   2.6685049e+00   1.1813352e+01   3.5094157e+00
   5.8319162e-01   5.8030279e+00   3.1495484e+00
   1.6200703e+00   1.1006016e+01   2.4830717e+00
  -8.1243196e-01   5.0156557e+00   1.6926247e+00
   2.3600797e+00   1.0788190e+01   3.3812708e+00
   7.1068299e-01   5.7689721e+00   3.3554789e+00
   3.5555813e+00   1.4841845e+01   4.0313315e+00
   2.8293060e+00   1.1439025e+01   3.7739920e+00
   2.6257574e+00   1.0537441e+01   3.7597232e+00
   2.0322120e+00   1.1426232e+01   2.8646273e+00
   2.3528206e+00   1.0481485e+01   3.4507082e+00
   9.3604910e-01   1.0906123e+01   1.7358958e+00
   3.0669845e+00   1.1617079e+01   4.0095688e+00
   1.8661402e+00   1.0853452e+01   2.7952329e+00
   1.8991157e+00   1.0860378e+01   2.8314603e+00
   1.4473518e-02   1.0388680e+01   8.1238755e-01
   2.3942361e+00   1.0541898e+01   3.4837467e+00
   1.6836092e+00   1.1104721e+01   2.5348752e+00
   3.1673999e+00   1.0486586e+01   4.4297683e+00
   2.1883472e+00   1.0779802e+01   3.1833844e+00
   2.9326727e+00   1.0959199e+01   4.0120701e+00
   9.4911172e-01   1.0985009e+01   1.7357774e+00
   3.4273306e+00   1.1284308e+01   4.5158635e+00
   2.1687855e+00   1.1433873e+01   3.0177220e+00
   2.3646931e+00   1.1352698e+01   3.2577314e+00
   2.6311302e-01   1.0680562e+01   1.0329686e+00
   2.7900665e+00   1.0321561e+01   4.0193156e+00
   1.9228857e+00   1.2196970e+01   2.6053271e+00
   1.9194044e+00   1.0741760e+01   2.8814424e+00
   4.4767135e-01   9.9718914e+00   1.3779673e+00
   2.4728566e+00   1.1344472e+01   3.3835333e+00
   1.5135103e+00   1.0020004e+01   2.5859068e+00
   1.4775427e+00   1.0574907e+01   2.4127458e+00
  -1.9218694e-01   9.6412318e+00   7.3209244e-01
   1.8129955e+00   1.0046624e+01   2.9294792e+00
   1.4761540e+00   1.0522484e+01   2.4228158e+00
   1.5857902e+00   1.0714471e+01   2.5055384e+00
   1.1179506e+00   9.2476853e+00   2.3313135e+00
   7.7130240e-01   1.0280313e+01   1.6762010e+00
  -2.9801345e-01   8.5516769e+00   8.7588089e-01
   8.5657836e-01   9.6160135e+00   1.9269736e+00
   1.3040455e+00   9.6104764e+00   2.4488973e+00
   1.6235845e+00   1.0705090e+01   2.5506763e+00
   2.1704766e-01   1.0351434e+01   1.0430721e+00
   1.7627313e+00   1.0279206e+01   2.8106522e+00
   1.7374302e+00   1.0932477e+01   2.6313594e+00
   5.0988116e-01   9.5784220e+00   1.5384385e+00
   7.9226495e-01   1.1854823e+01   1.4208311e+00
