   8.4283937e-01   1.1080912e+01   1.6008029e+00
   2.6299335e+00   1.6016282e+01   2.9411234e+00
   9.2201638e-01   8.2690344e+00   2.4092827e+00
   2.6129374e+00   1.5771934e+01   2.9414906e+00
   1.8948768e+00   1.7218646e+01   2.1058814e+00
   3.0891524e+00   1.6541615e+01   3.3850934e+00
   1.3796601e+00   1.3738006e+01   1.8194757e+00
   4.0157373e+00   1.7718429e+01   4.2777735e+00
   1.7283550e+00   1.4181296e+01   2.1452718e+00
   1.9926627e+00   1.5243733e+01   2.3310545e+00
   1.4866616e+00   1.1736186e+01   2.1992130e+00
   3.8575179e+00   1.6918387e+01   4.1650479e+00
   1.9089477e+00   1.3764003e+01   2.3807514e+00
   2.0877971e+00   1.4944753e+01   2.4556970e+00
   1.1390343e+00   1.3952747e+01   1.5437572e+00
   2.3609438e+00   1.6508973e+01   2.6273032e+00
   8.5276362e-01   1.2846505e+01   1.3560677e+00
   2.0523070e+00   1.6048599e+01   2.3354501e+00
   1.6408373e+00   8.0787745e+00   3.3877998e+00
   2.4017030e+00   1.0780185e+01   3.4318891e+00
   3.0058902e+00   1.6341644e+01   3.3118665e+00
   2.6136752e+00   1.0239614e+01   3.8299644e+00
   2.9253066e+00   1.4611381e+01   3.3779873e+00
   3.7063189e+00   1.1624210e+01   4.7603206e+00
   3.1239154e+00   1.4656636e+01   3.5864632e+00
   1.7900997e+00   9.9749919e+00   2.9217511e+00
   2.5655264e+00   1.2068646e+01   3.3436695e+00
   3.3491179e+00   1.1550588e+01   4.3553361e+00
   2.6064143e+00   1.4225290e+01   3.0775011e+00
   1.6859370e+00   1.0904296e+01   2.5787962e+00
   2.0415692e+00   1.4815647e+01   2.4181071e+00
   2.1910536e+00   1.1086506e+01   3.1163212e+00
   2.5163364e+00   1.4063945e+01   2.9987251e+00
   1.6651385e+00   1.0949639e+01   2.5456906e+00
   2.9681783e+00   1.7220457e+01   3.2160527e+00
   1.9573918e+00   7.5040505e+00   4.0872018e+00
   2.7714688e+00   1.4072208e+01   3.2727146e+00
   2.9885831e+00   8.2069124e+00   5.1532811e+00
   2.9259113e+00   1.4952060e+01   3.3438904e+00
   1.4068571e+00   7.3921567e+00   3.3953486e+00
   2.2306117e+00   1.2307448e+01   2.9278042e+00
   2.8970658e+00   8.3195639e+00   4.9622061e+00
   2.5613928e+00   1.5031575e+01   2.9487780e+00
   1.1166397e+00   7.2441134e+00   3.0814108e+00
   1.9244951e+00   1.4502114e+01   2.3226214e+00
   1.6690317e+00   7.8388810e+00   3.5311064e+00
   2.2769791e+00   1.3020604e+01   2.8706750e+00
   1.2187750e+00   7.7047179e+00   3.0040274e+00
   2.8921429e+00   1.3731973e+01   3.4458046e+00
   4.4690482e+00   1.4773560e+01   5.0363983e+00
   2.8471941e+00   1.3930021e+01   3.3718088e+00
   2.6473199e+00   1.4638683e+01   3.0776932e+00
   2.4194221e+00   1.1593195e+01   3.2702711e+00
   4.2292161e+00   1.5422799e+01   4.6951973e+00
   2.6576004e+00   1.4697504e+01   3.0827758e+00
   2.3790409e+00   1.4884709e+01   2.7688499e+00
   1.8877415e+00   1.3924548e+01   2.3407777e+00
   2.7788696e+00   1.4451428e+01   3.2379783e+00
   2.5583943e+00   1.3565144e+01   3.1042765e+00
   2.3232194e+00   1.4582464e+01   2.7379751e+00
   3.1187992e+00   1.4655582e+01   3.5810751e+00
   2.3824137e+00   1.3700071e+01   2.8969233e+00
   2.7038834e+00   1.1971256e+01   3.5184831e+00
   4.1821795e+00   1.5384037e+01   4.6485668e+00
   2.6911108e+00   1.3677499e+01   3.2340739e+00
   2.2762178e+00   1.4389922e+01   2.7069553e+00
   2.2538132e+00   1.4894463e+01   2.6354147e+00
   2.6961553e+00   1.4143429e+01   3.1832193e+00
   2.6383076e+00   1.3338044e+01   3.2214958e+00
   2.2585753e+00   1.4522670e+01   2.6750497e+00
   1.9194341e+00   1.1550151e+01   2.7138117e+00
   3.7581192e+00   1.3804391e+01   4.3877795e+00
   2.1058673e+00   1.3672164e+01   2.6023012e+00
   2.1813645e+00   1.3479673e+01   2.7066602e+00
   1.5525081e+00   1.4319207e+01   1.9462236e+00
   2.4414024e+00   1.4006311e+01   2.9246807e+00
   1.8630359e+00   1.3129423e+01   2.4065371e+00
   1.8897232e+00   1.3575478e+01   2.3813578e+00
   1.2586787e+00   1.3271080e+01   1.7407162e+00
   1.6483094e+00   1.1367186e+01   2.4442429e+00
   6.4785348e-01   1.3903062e+01   1.0313966e+00
   1.9952317e+00   1.1588010e+01   2.7918014e+00
   9.1052173e-01   1.2297317e+01   1.4867860e+00
   1.4899804e+00   1.1169625e+01   2.3043513e+00
   1.2144248e+00   1.4082040e+01   1.6112601e+00
   2.6375503e+00   1.4422076e+01   3.0896170e+00
   1.4154046e+00   1.3007148e+01   1.9394195e+00
   2.1009424e+00   1.5264352e+01   2.4431361e+00
   1.6940788e-01   1.1972351e+01   7.3342311e-01
   1.3705865e+00   1.5945355e+01   1.6338436e+00
