  -3.9777294e+00  -1.5688172e+00   3.5959942e+00
  -1.3992775e+00   1.7904061e+00   3.6454692e+00
  -4.0547101e+00  -1.4936991e+00   3.2778325e+00
  -1.3358779e+00   2.0037070e+00   3.4913460e+00
  -2.9597384e+00  -3.1561908e-01   3.6214600e+00
  -1.9296862e+00   9.8835244e-01   3.7190567e+00
  -3.1362505e+00  -7.7255211e-01   4.0477817e+00
  -1.2194534e+00   1.6261400e+00   4.2349461e+00
  -2.9457463e+00  -1.1794979e-01   3.3247393e+00
  -2.2226661e+00   7.2240040e-01   3.5179649e+00
  -3.3535712e+00  -1.2604052e-01   2.5236255e+00
  -2.7651727e+00   4.9937729e-01   2.7727272e+00
  -3.0210581e+00  -3.9484903e-01   3.6228369e+00
  -1.9042849e+00   1.0073940e+00   3.7426751e+00
  -3.1721202e+00  -1.0644778e-01   2.8473545e+00
  -2.5764351e+00   6.5136235e-01   2.9235612e+00
  -3.3200971e+00  -5.7462168e-01   3.2793380e+00
  -1.8071248e+00   1.4048591e+00   3.3748732e+00
  -2.7830327e+00  -3.8830744e-01   4.1535275e+00
  -1.6545217e+00   9.6694045e-01   4.3365694e+00
  -1.9470409e+00   3.6651947e-01   4.7244474e+00
  -2.2062478e+00   8.8128380e-04   4.8001051e+00
  -2.0614468e+00   1.1503592e-01   4.9348949e+00
  -1.5539087e+00   6.9737152e-01   5.0523586e+00
  -1.7286049e+00   1.0214878e+00   4.0880115e+00
  -2.7354028e+00  -4.0092563e-01   4.2910097e+00
  -2.3659463e+00   6.0381276e-01   3.4041554e+00
  -2.6177947e+00   1.2366979e-01   3.6279918e+00
  -2.5280654e+00   3.0690390e-02   3.9812151e+00
  -2.3298081e+00   2.2550810e-01   4.0877897e+00
  -2.3858924e+00   5.2689485e-01   3.4789983e+00
  -2.9905140e+00  -2.9445925e-01   3.5185800e+00
  -2.2845240e+00   3.4256498e-01   3.9884961e+00
  -2.4145831e+00   1.2995878e-01   4.0632995e+00
  -1.6641467e+00   8.9978029e-01   4.4273871e+00
  -2.5426889e+00  -3.1954504e-01   4.6027469e+00
  -1.8021238e+00   4.7928265e-01   4.8618417e+00
  -1.9673671e+00   2.1979981e-01   4.9612318e+00
  -1.3336956e+00   1.6361969e+00   3.9861956e+00
  -2.8798099e+00  -5.2474703e-01   4.1830516e+00
  -2.0143282e+00   1.2446325e+00   3.1931996e+00
  -3.1434905e+00  -4.6123556e-01   3.4687109e+00
  -2.2833542e+00   4.7185567e-01   3.7787364e+00
  -2.9014055e+00  -4.3858578e-01   3.9706105e+00
  -1.8414568e+00   1.3908951e+00   3.3278924e+00
  -3.2933664e+00  -6.3245666e-01   3.4349421e+00
  -1.9243247e+00   7.8953363e-01   4.0375938e+00
  -2.4327694e+00   9.3122125e-02   4.0868211e+00
  -2.3881866e+00  -5.1051528e-01   5.4315782e+00
  -1.1601362e+00   9.7016650e-01   5.5072433e+00
  -1.8481578e+00   8.5355895e-01   4.0987966e+00
  -2.2714556e+00   1.7242434e-01   4.3153214e+00
  -2.3067639e+00   4.8222228e-01   3.7126147e+00
  -2.2883896e+00   3.5371052e-01   3.9612873e+00
  -2.5225949e+00  -1.4812706e-01   4.3178559e+00
  -1.8187189e+00   7.2296344e-01   4.3807940e+00
  -2.6384172e+00   3.5059681e-01   3.2318119e+00
  -2.7061818e+00   2.1598595e-01   3.2977255e+00
  -2.3037084e+00   2.1799563e-01   4.1598770e+00
  -2.0679512e+00   5.1795411e-01   4.1717919e+00
  -1.6778615e+00   8.4399312e-01   4.4916364e+00
  -2.3123976e+00  -4.3120728e-02   4.6238288e+00
  -2.2194817e+00   4.6187452e-01   3.9322337e+00
  -2.3305398e+00   1.8960199e-01   4.1488947e+00
  -2.3366739e+00  -4.2019107e-03   4.4895711e+00
  -1.8102349e+00   6.5125263e-01   4.5252701e+00
  -2.2367303e+00   5.8022603e-01   3.7057931e+00
  -2.5845744e+00   9.4695369e-02   3.7472955e+00
  -2.3801943e+00   2.6925751e-02   4.3276405e+00
  -1.9519459e+00   5.4201958e-01   4.3922051e+00
  -2.8540569e+00  -4.9810541e-02   3.4078388e+00
  -2.1257509e+00   7.9909930e-01   3.6008175e+00
  -3.0319350e+00  -5.7255080e-01   3.9154638e+00
  -1.6264584e+00   1.2231669e+00   3.9923270e+00
  -2.7588094e+00   7.1006731e-02   3.4147430e+00
  -2.3832153e+00   5.7786916e-01   3.4078339e+00
  -2.9838781e+00  -3.8754159e-01   3.6924335e+00
  -1.8111372e+00   1.1309676e+00   3.7499735e+00
  -3.2940171e+00  -5.7723834e-01   3.3395916e+00
  -1.9094047e+00   1.2252564e+00   3.4207350e+00
  -3.5461643e+00  -3.6578297e-01   2.4975061e+00
  -2.6969135e+00   7.7124202e-01   2.5410067e+00
  -3.4146095e+00  -6.2347137e-01   3.1597168e+00
  -1.9883882e+00   1.2854888e+00   3.1883654e+00
  -2.9419006e+00   1.6885409e-01   2.8969093e+00
  -2.2999045e+00   1.0159380e+00   2.9569138e+00
  -3.2015871e+00  -4.8641331e-01   3.3856790e+00
  -2.1300273e+00   8.7571051e-01   3.4793193e+00
  -3.9782760e+00  -1.0140207e+00   2.6254003e+00
  -2.2664167e+00   1.2619700e+00   2.7060588e+00
