  -3.6236912e-01   5.4228380e+00   2.0638218e+00
   1.6226511e+00   8.6041976e+00   3.1548523e+00
  -1.0436950e+00   3.7619833e+00   2.2246048e+00
   1.7070715e+00   8.8267855e+00   3.1789515e+00
   5.1532120e-01   7.2464332e+00   2.3016116e+00
   1.6303980e+00   8.0967790e+00   3.3666180e+00
  -4.5561061e-01   4.6343822e+00   2.4382789e+00
   2.8059797e+00   9.0705229e+00   4.4841459e+00
   3.4813961e-01   7.1860855e+00   2.1157136e+00
   9.4844280e-01   7.6348078e+00   2.6875383e+00
  -5.1135151e-01   4.8505476e+00   2.2115350e+00
   2.3027524e+00   8.7383091e+00   3.9672131e+00
   5.3661083e-01   7.3348543e+00   2.2910818e+00
   1.0461066e+00   7.9272510e+00   2.6917201e+00
  -3.0651407e-01   5.9093426e+00   1.8712718e+00
   1.4721755e+00   8.3312806e+00   3.0696110e+00
  -3.1220952e-01   6.9922220e+00   1.3730390e+00
   8.2711976e-01   7.9484024e+00   2.4099534e+00
  -1.5314846e-01   4.3962684e+00   3.0692611e+00
   1.2302412e+00   6.0132795e+00   3.9558182e+00
   1.4483792e+00   7.5668456e+00   3.3664203e+00
   7.8466499e-01   4.9786522e+00   4.0642163e+00
   7.8843899e-01   5.5894181e+00   3.5933737e+00
   1.8128769e+00   5.9561408e+00   4.9075276e+00
   1.6449973e+00   8.2042864e+00   3.3402455e+00
   1.6320313e-01   4.6061326e+00   3.3893069e+00
   5.1030182e-01   5.3333973e+00   3.3610190e+00
   1.4945541e+00   5.8372755e+00   4.4930743e+00
   9.2351505e-01   7.5226485e+00   2.7034095e+00
   1.1825531e-01   5.0076182e+00   3.0127580e+00
   5.1074016e-01   6.6564092e+00   2.5683932e+00
   6.1394555e-01   5.5368707e+00   3.3711965e+00
   1.0555697e+00   7.9497354e+00   2.6947168e+00
   1.3988473e-01   5.1586638e+00   2.9378293e+00
   1.6672437e+00   8.3560067e+00   3.3068585e+00
  -1.8516215e-01   3.1027071e+00   4.2945762e+00
   9.7756095e-01   6.2289800e+00   3.4451336e+00
   7.1515374e-01   3.8740901e+00   5.0733668e+00
   1.6797081e+00   8.7306739e+00   3.1795530e+00
  -4.7110871e-01   3.1847975e+00   3.6807766e+00
   6.8015611e-01   5.9356715e+00   3.2039902e+00
   5.2961592e-01   3.8309396e+00   4.7713932e+00
   1.2291040e+00   8.5618317e+00   2.6827364e+00
  -1.0443874e+00   2.7883008e+00   3.1109161e+00
   7.7474709e-01   7.2009423e+00   2.6542495e+00
  -2.4434719e-01   3.5559564e+00   3.6843124e+00
   1.0525395e+00   7.9611263e+00   2.6864160e+00
  -5.5602155e-01   3.4726807e+00   3.2420952e+00
   8.9341789e-01   5.6578497e+00   3.7018395e+00
   2.9262540e+00   8.2523148e+00   5.0394983e+00
   1.5348192e+00   7.9915942e+00   3.2881061e+00
   1.2969165e+00   7.5560439e+00   3.1720229e+00
   5.5441718e-01   5.3222530e+00   3.4350615e+00
   2.5524589e+00   8.2955240e+00   4.4981028e+00
   1.2512882e+00   7.9930895e+00   2.9245053e+00
   1.0990459e+00   7.6569602e+00   2.8706316e+00
   6.0303013e-01   6.6601348e+00   2.6888233e+00
   1.5537573e+00   8.0323228e+00   3.2951395e+00
   1.1768755e+00   7.8165401e+00   2.9025587e+00
   1.1170473e+00   7.8049921e+00   2.8311014e+00
   1.8763537e+00   8.2180017e+00   3.6335254e+00
   9.1500019e-01   6.3294925e+00   3.2958544e+00
   7.4999883e-01   5.2725204e+00   3.7701898e+00
   2.3302052e+00   7.3856970e+00   4.6839348e+00
   1.4016301e+00   7.8445405e+00   3.1794247e+00
   1.0090500e+00   7.1127927e+00   3.0026109e+00
   8.6797461e-01   6.7469345e+00   2.9988483e+00
   1.3444357e+00   7.0643205e+00   3.4783380e+00
   1.3160851e+00   7.6854338e+00   3.1385046e+00
   9.6896879e-01   7.0398277e+00   2.9852295e+00
  -9.8615079e-02   4.8855200e+00   2.7807184e+00
   1.7754048e+00   6.6648723e+00   4.3260416e+00
   5.7620063e-01   7.3832746e+00   2.3208270e+00
   6.0962172e-01   6.2171697e+00   2.9364014e+00
  -4.9522778e-02   5.9032851e+00   2.2155171e+00
   1.0688627e+00   6.6825317e+00   3.3073717e+00
   3.9590482e-01   7.2425453e+00   2.1521992e+00
   4.7215916e-01   6.2849501e+00   2.7105879e+00
   4.3382257e-02   6.9840080e+00   1.8175998e+00
   2.3839265e-01   6.0112826e+00   2.5445576e+00
  -6.2670649e-01   5.7318833e+00   1.5440199e+00
   6.2754476e-01   6.4478149e+00   2.8327694e+00
  -1.7240820e-01   7.0475692e+00   1.5232021e+00
   2.0325276e-01   6.2601327e+00   2.3628526e+00
   4.8820251e-02   6.3495890e+00   2.1139613e+00
   9.6965893e-01   6.7491761e+00   3.1353120e+00
   2.5202875e-01   7.5538491e+00   1.8492130e+00
   3.4542399e-01   6.6776319e+00   2.3411259e+00
  -7.7981343e-01   6.7991997e+00   8.7780557e-01
   3.0540134e-02   7.4686250e+00   1.6099916e+00
