   1.3757226e+00   1.1549211e+01   2.1082673e+00
   2.6307990e+00   1.6972208e+01   2.8799839e+00
   1.2676147e+00   8.7037522e+00   2.6810407e+00
   3.2588305e+00   1.8411559e+01   3.4556477e+00
   2.1748910e+00   1.9102883e+01   2.3169676e+00
   2.2757851e+00   1.9209837e+01   2.4164531e+00
   2.1211912e+00   1.7874243e+01   2.3085083e+00
   3.1102759e+00   1.9172759e+01   3.2713880e+00
   2.1414103e+00   1.4918152e+01   2.5145630e+00
   1.9739023e+00   1.6874555e+01   2.2050286e+00
   2.0083537e+00   1.2510443e+01   2.6506086e+00
   2.2204552e+00   1.7253440e+01   2.4399179e+00
   2.6399473e+00   1.6324678e+01   2.9300274e+00
   2.4075495e+00   1.5409282e+01   2.7539846e+00
   2.1719695e+00   1.7039482e+01   2.4009503e+00
   1.4910616e+00   1.6728932e+01   1.7143319e+00
   1.7745067e+00   1.4562170e+01   2.1586177e+00
   2.7191508e+00   1.9219141e+01   2.8691577e+00
   2.4620794e+00   9.0805006e+00   4.0352217e+00
   3.0235538e+00   1.2838297e+01   3.7224493e+00
   3.4618395e+00   1.7054261e+01   3.7407693e+00
   1.8803598e+00   1.2520043e+01   2.5088804e+00
   3.6596384e+00   1.8465920e+01   3.8670598e+00
   2.5289976e+00   1.3555303e+01   3.0736144e+00
   3.5855238e+00   1.5782402e+01   3.9688347e+00
   1.6641296e+00   1.2052904e+01   2.3431814e+00
   2.9104096e+00   1.2500346e+01   3.6536158e+00
   1.9183726e+00   1.2772734e+01   2.5141216e+00
   3.2929911e+00   1.5862585e+01   3.6513986e+00
   2.1483402e+00   1.2742554e+01   2.7696674e+00
   2.8855142e+00   1.7719840e+01   3.1033907e+00
   1.2047334e+00   1.2838905e+01   1.7337716e+00
   3.2164504e+00   1.5734436e+01   3.5811858e+00
   2.0245588e+00   1.3032022e+01   2.5942215e+00
   3.2470628e+00   1.8680945e+01   3.4316015e+00
   1.5460674e+00   8.6069518e+00   3.0582790e+00
   3.0944616e+00   1.6038492e+01   3.4275447e+00
   2.3647383e+00   9.5515535e+00   3.7425894e+00
   3.0079040e+00   1.5098024e+01   3.4171865e+00
   1.6933640e+00   8.9143724e+00   3.1311402e+00
   2.4663220e+00   1.2458028e+01   3.1646662e+00
   1.7988028e+00   9.1760218e+00   3.1718328e+00
   2.8781002e+00   1.6278881e+01   3.1823722e+00
   1.9695212e+00   9.5056052e+00   3.2733997e+00
   2.4211065e+00   1.6696661e+01   2.6784240e+00
   1.1493855e+00   9.2662075e+00   2.3631352e+00
   2.9431491e+00   1.4784518e+01   3.3790670e+00
   2.2142418e+00   1.0000056e+01   3.4191163e+00
   3.4632398e+00   1.5357233e+01   3.8782049e+00
   3.0923159e+00   1.5646995e+01   3.4571808e+00
   3.5002082e+00   1.4792018e+01   3.9771041e+00
   2.0823318e+00   1.4383773e+01   2.5012691e+00
   3.2546092e+00   1.2232561e+01   4.0944089e+00
   2.4865978e+00   1.5488717e+01   2.8308101e+00
   3.5759408e+00   1.6238697e+01   3.9198376e+00
   2.9109245e+00   1.6859375e+01   3.1781016e+00
   3.0684526e+00   1.6413133e+01   3.3723859e+00
   1.6679238e+00   1.5385255e+01   1.9803755e+00
   3.4208056e+00   1.5552284e+01   3.8144234e+00
   2.7249176e+00   1.6070887e+01   3.0367324e+00
   3.9747384e+00   1.5598511e+01   4.4023710e+00
   2.5655842e+00   1.5908866e+01   2.8815088e+00
   3.6340580e+00   1.3513342e+01   4.2944702e+00
   2.7785220e+00   1.6996819e+01   3.0319975e+00
   3.8143065e+00   1.6391849e+01   4.1596383e+00
   3.1011728e+00   1.7232842e+01   3.3535931e+00
   3.4654945e+00   1.7681972e+01   3.7066155e+00
   1.8055291e+00   1.5152748e+01   2.1418702e+00
   3.6799940e+00   1.5427417e+01   4.1033050e+00
   3.0176394e+00   1.7648860e+01   3.2437741e+00
   2.5599134e+00   1.2658712e+01   3.2359449e+00
   2.5359703e+00   1.5774219e+01   2.8604794e+00
   2.6023619e+00   1.5797003e+01   2.9284685e+00
   2.9502494e+00   1.7497778e+01   3.1819944e+00
   2.3266290e+00   1.6732745e+01   2.5782043e+00
   1.8708200e+00   1.6508919e+01   2.1186752e+00
   2.6192773e+00   1.5224021e+01   2.9929837e+00
   2.7839857e+00   1.6558192e+01   3.0649254e+00
   1.7855323e+00   1.5108922e+01   2.1243375e+00
   2.2385917e+00   1.2958869e+01   2.8373953e+00
   1.3171339e+00   1.5865847e+01   1.5833255e+00
   1.3316382e+00   1.3395973e+01   1.8046713e+00
   1.5848190e+00   1.3837286e+01   2.0272667e+00
   2.3747141e+00   1.4022675e+01   2.8512048e+00
   2.2108540e+00   1.7495343e+01   2.4180578e+00
   1.7586219e+00   1.6354586e+01   2.0114164e+00
   2.4041005e+00   1.5797762e+01   2.7204072e+00
   2.6988561e+00   1.7751113e+01   2.9090005e+00
   9.7782713e-01   1.4443106e+01   1.3313004e+00
   1.7925925e+00   1.8718162e+01   1.9396023e+00
