   8.9532231e-01   1.0922743e+01   1.6875496e+00
   2.4646826e+00   1.5889586e+01   2.7771659e+00
   6.7655331e-02   7.4571236e+00   1.6596289e+00
   2.0953563e+00   1.7105474e+01   2.3183417e+00
   1.5315130e+00   1.6017783e+01   1.7962199e+00
   2.4092687e+00   1.6392492e+01   2.6849341e+00
   1.3508247e+00   1.5606147e+01   1.6348199e+00
   3.9892784e+00   1.6571750e+01   4.3303663e+00
   1.1224551e+00   1.2275355e+01   1.7188154e+00
   2.0299382e+00   1.5261537e+01   2.3687833e+00
   1.0174966e+00   1.1689651e+01   1.6912010e+00
   3.1897333e+00   1.6222941e+01   3.5137089e+00
   1.4187618e+00   1.4350445e+01   1.8023366e+00
   1.7918037e+00   1.4772321e+01   2.1585095e+00
   9.3464792e-01   1.6133395e+01   1.1723851e+00
   9.7464855e-01   1.5147265e+01   1.2748376e+00
   3.0536107e-01   1.3938915e+01   6.6957174e-01
   1.5227191e+00   1.6700507e+01   1.7484500e+00
   1.2160242e+00   8.1427604e+00   2.8206736e+00
   1.9522488e+00   1.1307547e+01   2.7977942e+00
   2.8222916e+00   1.5080874e+01   3.2212187e+00
   2.1911508e+00   1.0926611e+01   3.1523650e+00
   2.5320018e+00   1.5525993e+01   2.8756230e+00
   3.5405362e+00   1.3080991e+01   4.2608604e+00
   2.7463055e+00   1.3562445e+01   3.3091189e+00
   1.8489333e+00   1.1409307e+01   2.6613367e+00
   2.0612987e+00   1.2209053e+01   2.7563558e+00
   2.9059680e+00   1.2987948e+01   3.5674888e+00
   2.3629685e+00   1.6001505e+01   2.6627616e+00
   1.7611780e+00   1.1956590e+01   2.4658857e+00
   1.9695402e+00   1.7373733e+01   2.1752983e+00
   9.0890118e-01   1.1459273e+01   1.6091825e+00
   1.9608782e+00   1.4979880e+01   2.3190120e+00
   1.3395434e+00   1.1399757e+01   2.0942402e+00
   2.8086718e+00   1.5415950e+01   3.1767533e+00
   1.9562044e+00   8.0707607e+00   3.8040269e+00
   2.2906447e+00   1.4541250e+01   2.7073399e+00
   2.9384226e+00   8.8477272e+00   4.7578149e+00
   2.4954993e+00   1.3433107e+01   3.0530361e+00
   1.7038431e+00   8.1751469e+00   3.4281950e+00
   2.0433020e+00   1.1651020e+01   2.8339718e+00
   2.3613093e+00   8.5005281e+00   4.1456231e+00
   2.2117716e+00   1.5639432e+01   2.5305868e+00
   1.2279369e+00   8.0384985e+00   2.8766742e+00
   1.8523290e+00   1.7400316e+01   2.0534165e+00
   7.0750234e-01   7.9779177e+00   2.2511178e+00
   1.9441137e+00   1.4626225e+01   2.3320151e+00
   1.2109088e+00   8.1562835e+00   2.8090302e+00
   2.4620629e+00   1.4795599e+01   2.8651631e+00
   4.1336956e+00   1.5371749e+01   4.5974728e+00
   2.4397280e+00   1.2999711e+01   3.0517136e+00
   2.6268288e+00   1.5619767e+01   2.9679767e+00
   2.1757221e+00   1.2150749e+01   2.8930020e+00
   3.4750751e+00   1.6334331e+01   3.8057864e+00
   2.4051641e+00   1.5703607e+01   2.7285314e+00
   2.2557734e+00   1.4706214e+01   2.6546180e+00
   1.8275436e+00   1.6487125e+01   2.0751135e+00
   1.2815838e+00   1.3927492e+01   1.6967414e+00
   1.8648773e+00   1.4519450e+01   2.2579536e+00
   1.8944580e+00   1.4803856e+01   2.2639533e+00
   2.7525525e+00   1.3242745e+01   3.3600276e+00
   2.4640164e+00   1.4164232e+01   2.9313848e+00
   2.7161679e+00   1.3113857e+01   3.3387391e+00
   3.4816292e+00   1.5764293e+01   3.8599597e+00
   2.6448055e+00   1.4870099e+01   3.0523423e+00
   2.1984823e+00   1.4646455e+01   2.5994447e+00
   2.2626854e+00   1.8338815e+01   2.4344278e+00
   1.4287438e+00   1.4031575e+01   1.8423884e+00
   2.2751437e+00   1.4765349e+01   2.6696790e+00
   2.0868550e+00   1.5180066e+01   2.4350978e+00
   1.7348448e+00   1.2847557e+01   2.3044826e+00
   3.0785925e+00   1.3836226e+01   3.6355269e+00
   1.5621703e+00   1.4833874e+01   1.9119996e+00
   2.1481419e+00   1.4356943e+01   2.5738858e+00
   1.3455207e+00   1.6473897e+01   1.5776735e+00
   1.2134963e+00   1.4000186e+01   1.6178900e+00
   1.3173250e+00   1.4457172e+01   1.6862738e+00
   1.6655837e+00   1.3951890e+01   2.1014068e+00
   9.5007094e-01   1.4590795e+01   1.2904026e+00
   1.5668626e+00   1.1863063e+01   2.2667123e+00
   5.8192399e-01   1.5940597e+01   8.1945844e-01
   8.6873221e-01   1.1619282e+01   1.5396643e+00
   5.3375562e-01   1.4099477e+01   8.9494122e-01
   1.3171398e+00   1.1510868e+01   2.0500572e+00
   1.2223983e+00   1.6466057e+01   1.4511220e+00
   1.4788760e+00   1.4901797e+01   1.8192248e+00
   1.0190605e+00   1.4826501e+01   1.3442949e+00
   1.7073231e+00   1.4432014e+01   2.0994222e+00
  -2.9472832e-01   1.3859232e+01   5.0453377e-02
   1.0613051e+00   1.6994018e+01   1.2594531e+00
