  -3.8270095e+00   8.8935781e-01   5.4993458e-01
  -2.6553076e+00   3.2131276e+00   3.4035993e-01
  -3.9629922e+00   2.2719334e-01   1.0186377e+00
  -2.1417318e+00   3.6040062e+00   7.7516998e-01
  -3.1312926e+00   2.3472008e+00   3.0833252e-01
  -2.4072842e+00   3.3145909e+00   6.0825796e-01
  -3.8262960e+00   6.1955155e-01   8.1848418e-01
  -1.9137723e+00   4.1591199e+00   7.2900958e-01
  -3.2083141e+00   2.4984070e+00   8.9284067e-02
  -2.6201489e+00   3.1452088e+00   4.3417225e-01
  -3.5019937e+00   1.5222638e+00   4.5324509e-01
  -2.6439952e+00   3.1333655e+00   4.0987353e-01
  -3.6235407e+00   2.8508652e+00  -7.0075237e-01
  -4.3896982e+00   1.9719932e+00  -1.1130216e+00
  -3.6817258e+00   2.2451022e+00  -3.6938729e-01
  -3.8691243e+00   2.3560717e+00  -6.9573324e-01
  -3.4844913e+00   3.0785446e+00  -6.6355463e-01
  -4.2450019e+00   2.0900142e+00  -1.0057334e+00
  -3.2611476e+00   7.8878045e-01   1.5447424e+00
  -2.5129837e+00   1.9544669e+00   1.5502653e+00
  -2.6187150e+00   2.9047972e+00   6.0623574e-01
  -3.2269879e+00   1.2596693e+00   1.1094909e+00
  -3.0009320e+00   1.4916161e+00   1.2345360e+00
  -2.6367403e+00   2.0029438e+00   1.3147485e+00
  -2.2841012e+00   3.2565675e+00   8.1818482e-01
  -3.1167013e+00   1.1585146e+00   1.3847669e+00
  -2.8020050e+00   2.2251450e+00   8.7508576e-01
  -3.1575671e+00   1.3792568e+00   1.1006578e+00
  -3.2307396e+00   3.1225189e+00  -3.6297976e-01
  -4.8865415e+00   2.2552736e-01  -3.8752305e-01
  -3.2604234e+00   2.6784089e+00  -1.0904993e-01
  -4.4582743e+00   5.5448920e-01  -7.1380328e-02
  -3.0362969e+00   3.5307468e+00  -3.6051232e-01
  -4.9150213e+00   1.5005009e-01  -3.5798039e-01
  -1.9086342e+00   3.4236633e+00   1.2242173e+00
  -3.2162359e+00   5.8782490e-01   1.8495304e+00
  -2.5386661e+00   1.7721510e+00   1.6861379e+00
  -2.8556774e+00   1.0431582e+00   1.9373284e+00
  -1.6920840e+00   3.7101078e+00   1.3246276e+00
  -3.0489621e+00   7.0377902e-01   2.0001328e+00
  -2.3843859e+00   2.4697887e+00   1.2842900e+00
  -3.2711134e+00   6.4626532e-01   1.6883966e+00
  -2.5921168e+00   3.8821773e+00   5.2745483e-03
  -5.3564507e+00  -9.6323136e-01   1.2512295e-01
  -2.5562090e+00   3.2631824e+00   4.4061797e-01
  -4.4225240e+00  -8.7703453e-02   6.2858500e-01
  -2.5556432e+00   3.5767834e+00   2.3727153e-01
  -4.5975163e+00  -1.3733896e-01   4.0719921e-01
  -2.8165982e+00   1.4380147e+00   1.5781904e+00
  -2.2454540e+00   2.7532479e+00   1.2543300e+00
  -2.0383986e+00   3.2691556e+00   1.1536265e+00
  -2.3223002e+00   2.5737520e+00   1.2888703e+00
  -2.4934953e+00   2.2820726e+00   1.2827056e+00
  -2.4745908e+00   2.5485500e+00   1.0859809e+00
  -2.7777969e+00   3.4311578e+00   3.5686403e-02
  -4.2098028e+00   1.5578256e+00  -5.7184229e-01
  -2.8827163e+00   2.8818679e+00   2.5962361e-01
  -3.8389913e+00   1.7875838e+00  -2.4205796e-01
  -2.5897847e+00   3.6266630e+00   1.6125413e-01
  -4.1359093e+00   1.4704723e+00  -4.0217439e-01
  -1.8225093e+00   3.6484015e+00   1.1851909e+00
  -2.7757052e+00   1.5887505e+00   1.4919992e+00
  -2.4249550e+00   2.3950062e+00   1.2876302e+00
  -2.8193418e+00   1.7612846e+00   1.2584335e+00
  -2.6239351e+00   3.6835587e+00   8.1766018e-02
  -4.5217321e+00   6.9296196e-01  -2.8903298e-01
  -2.4864637e+00   3.2383917e+00   5.5236166e-01
  -4.0024563e+00   8.8270913e-01   2.9391522e-01
  -2.5301191e+00   3.6672006e+00   2.1471796e-01
  -4.4671726e+00   5.8008865e-01  -1.0803786e-01
  -2.8998064e+00   1.9865135e+00   9.3432511e-01
  -2.5234310e+00   2.7683135e+00   8.4196597e-01
  -2.9856774e+00   3.2122626e+00  -9.9200019e-02
  -4.1422380e+00   1.7112242e+00  -5.9724631e-01
  -3.0324668e+00   2.6968375e+00   1.8646262e-01
  -3.7163463e+00   1.9741085e+00  -2.1662675e-01
  -2.9794045e+00   3.4169356e+00  -2.1881848e-01
  -4.2682982e+00   1.5987705e+00  -6.8243099e-01
  -3.9771202e+00   2.5161160e+00  -9.4253479e-01
  -4.4444131e+00   1.8769355e+00  -1.1183691e+00
  -4.1805626e+00   1.7831433e+00  -7.0243482e-01
  -3.9684274e+00   2.3094535e+00  -7.9421083e-01
  -4.0294831e+00   2.5869049e+00  -1.0551372e+00
  -4.4793339e+00   1.9234399e+00  -1.1960083e+00
  -3.4973974e+00   2.4803710e+00  -2.8880389e-01
  -3.8390707e+00   1.9470675e+00  -3.6364935e-01
  -3.6732638e+00   2.9480865e+00  -8.2522932e-01
  -4.7190226e+00   1.1724369e+00  -9.6219435e-01
  -4.9835644e+00   1.8045720e+00  -1.7615005e+00
  -4.7650202e+00   2.0815581e+00  -1.6663347e+00
