  -3.7955730e+00   8.5185160e-01   6.3380901e-01
  -2.4572838e+00   3.9014265e+00   1.6870878e-01
  -3.9319857e+00   6.0863321e-02   1.2575338e+00
  -1.7019803e+00   4.4382525e+00   8.4330165e-01
  -2.9157699e+00   3.0482196e+00   1.0096217e-01
  -2.3426918e+00   3.8908818e+00   3.2471963e-01
  -3.3608843e+00   1.2711919e+00   8.9235365e-01
  -1.5558852e+00   4.6105016e+00   9.3610022e-01
  -3.3739389e+00   1.7946608e+00   4.0615263e-01
  -2.3753082e+00   3.8716734e+00   2.9350012e-01
  -3.3013716e+00   1.7116222e+00   5.8178841e-01
  -2.6109604e+00   3.3219439e+00   3.2755278e-01
  -3.2888527e+00   1.8414198e+00   4.8954485e-01
  -2.3194065e+00   3.9271305e+00   3.3348598e-01
  -3.4616252e+00   2.4138292e+00  -1.9378528e-01
  -3.3946181e+00   3.2243602e+00  -6.3694788e-01
  -3.2692604e+00   1.7812473e+00   5.6882861e-01
  -2.0558224e+00   4.3222721e+00   4.4670114e-01
  -3.0751273e+00   8.1716489e-01   1.8233271e+00
  -2.2395422e+00   2.2626822e+00   1.6870611e+00
  -2.3495573e+00   3.6213423e+00   4.8315394e-01
  -3.1582631e+00   1.5788615e+00   9.1202046e-01
  -2.8269424e+00   1.9119947e+00   1.1088821e+00
  -2.3678595e+00   2.4650378e+00   1.3129120e+00
  -2.4940684e+00   2.5575746e+00   1.0502634e+00
  -2.9399154e+00   1.6250563e+00   1.2012517e+00
  -2.8527801e+00   2.1118654e+00   8.9604422e-01
  -2.9167255e+00   1.9593706e+00   9.3286932e-01
  -2.8384943e+00   2.1650361e+00   8.7208053e-01
  -2.9208352e+00   1.8685318e+00   1.0067878e+00
  -2.9973617e+00   2.8944210e+00   9.5711542e-02
  -4.0259809e+00   1.1642279e+00   6.7599631e-03
  -2.5982017e+00   2.4879577e+00   9.5550547e-01
  -3.0285041e+00   1.6577941e+00   1.0355257e+00
  -1.6885296e+00   4.0939125e+00   1.0721066e+00
  -3.2005830e+00   7.4381417e-01   1.6956950e+00
  -2.1949998e+00   2.3000460e+00   1.7216682e+00
  -2.5407146e+00   1.3081679e+00   2.1723021e+00
  -2.0272972e+00   2.8984160e+00   1.4569069e+00
  -2.8332645e+00   1.1434080e+00   1.8631597e+00
  -2.2129349e+00   2.6287948e+00   1.4049841e+00
  -3.1888044e+00   7.7066094e-01   1.6850654e+00
  -2.3698385e+00   2.6405682e+00   1.1639287e+00
  -3.2463361e+00   8.0276823e-01   1.5537336e+00
  -2.4175437e+00   3.3258138e+00   5.8660267e-01
  -3.9584193e+00   4.6920677e-01   7.6707866e-01
  -2.0887284e+00   2.5406104e+00   1.6680835e+00
  -2.7404762e+00   1.1710878e+00   1.9879418e+00
  -2.4980125e+00   1.8834729e+00   1.6415927e+00
  -1.7300393e+00   3.5013131e+00   1.4212117e+00
  -2.2507972e+00   2.6694185e+00   1.3150261e+00
  -2.1792226e+00   3.1945511e+00   1.0094718e+00
  -2.4090191e+00   2.2746163e+00   1.4165898e+00
  -2.2216487e+00   3.1350431e+00   9.9341562e-01
  -2.3872679e+00   2.4049494e+00   1.3353917e+00
  -2.0894641e+00   3.3719507e+00   1.0072271e+00
  -2.5626836e+00   3.0685694e+00   5.6622535e-01
  -3.2812946e+00   2.6023371e+00  -8.4072406e-02
  -2.3388204e+00   2.4611894e+00   1.3595333e+00
  -2.1665693e+00   3.2638609e+00   9.7684432e-01
  -1.9747183e+00   2.9588243e+00   1.4853883e+00
  -2.5081265e+00   2.2042457e+00   1.3290539e+00
  -2.3122355e+00   2.4519789e+00   1.4072853e+00
  -2.5876434e+00   2.3009710e+00   1.1261892e+00
  -2.1114585e+00   2.7552172e+00   1.4501137e+00
  -2.4289416e+00   2.4184802e+00   1.2616397e+00
  -2.1991982e+00   3.4571653e+00   7.9572787e-01
  -3.5343830e+00   1.5676165e+00   3.6696957e-01
  -2.3524524e+00   2.4096727e+00   1.3834991e+00
  -2.4068095e+00   2.5702021e+00   1.1673703e+00
  -2.7978391e+00   2.0052947e+00   1.0695789e+00
  -2.3755318e+00   2.9379731e+00   9.2283588e-01
  -2.9512290e+00   1.9998881e+00   8.4692018e-01
  -2.1827581e+00   3.4505336e+00   8.2287680e-01
  -2.9612018e+00   2.7036680e+00   2.7909321e-01
  -3.2967012e+00   2.5435266e+00  -6.3343112e-02
  -2.6296055e+00   2.2553902e+00   1.1029123e+00
  -2.3196248e+00   2.9741630e+00   9.7482430e-01
  -3.5562927e+00   1.5998938e+00   3.0783007e-01
  -2.4515032e+00   3.4952177e+00   4.2800525e-01
  -4.0138200e+00   1.9140766e+00  -5.7521795e-01
  -3.4769292e+00   3.1604870e+00  -7.0367967e-01
  -3.6388255e+00   1.5311483e+00   2.4750262e-01
  -2.5506037e+00   3.4836209e+00   3.0305109e-01
  -3.1649316e+00   2.6409337e+00   4.6017416e-02
  -3.2663130e+00   2.6904664e+00  -1.2528015e-01
  -3.3094463e+00   1.8162050e+00   4.8099039e-01
  -2.7149696e+00   2.9215188e+00   4.6110280e-01
  -4.7985097e+00   5.9125174e-01  -5.9196542e-01
  -2.8292889e+00   3.9537557e+00  -3.3832825e-01
