  -4.1783181e+00  -2.2740003e-01   1.1847498e+00
  -2.3476171e+00   2.8100997e+00   1.0608976e+00
  -4.1116264e+00   4.0909418e-02   9.8505017e-01
  -2.5446073e+00   2.6906573e+00   8.7173448e-01
  -3.3549045e+00   7.1874198e-01   1.4676502e+00
  -1.7045287e+00   3.0597168e+00   1.8043743e+00
  -3.7265091e+00  -9.2854963e-02   1.7957564e+00
  -1.3983630e+00   3.4376080e+00   1.9536247e+00
  -3.5320971e+00   6.1847142e-01   1.2879791e+00
  -1.8896668e+00   2.9222527e+00   1.6414951e+00
  -3.7040462e+00   6.3147729e-01   9.9830812e-01
  -2.5658773e+00   2.4317898e+00   1.0485215e+00
  -3.7615133e+00   5.1014482e-01   1.0352336e+00
  -2.4360263e+00   2.6831410e+00   1.0335603e+00
  -3.7924331e+00   9.2197948e-01   5.7089122e-01
  -3.2744719e+00   1.9968526e+00   3.8208824e-01
  -3.5668428e+00   1.1137542e+00   7.2912503e-01
  -2.8029850e+00   2.3949482e+00   7.3518973e-01
  -3.2349279e+00   8.4844766e-01   1.5223629e+00
  -3.0013714e+00   1.1227410e+00   1.6083630e+00
  -2.8390123e+00   1.2528975e+00   1.7349325e+00
  -2.4402915e+00   1.4173397e+00   2.2205091e+00
  -3.2760194e+00   4.1335618e-01   1.9557071e+00
  -1.9782858e+00   2.1341159e+00   2.2267758e+00
  -2.5362817e+00   1.4755990e+00   1.9955579e+00
  -2.4003803e+00   1.2463815e+00   2.4865894e+00
  -2.9706708e+00   1.2035172e+00   1.5727468e+00
  -2.6792189e+00   1.3865823e+00   1.8547209e+00
  -3.3407661e+00   7.8912510e-01   1.4138512e+00
  -2.8777032e+00   1.3101949e+00   1.6115711e+00
  -3.4238924e+00   1.3256679e+00   7.4573963e-01
  -3.8437553e+00   6.2062982e-01   7.9016441e-01
  -3.0128928e+00   1.6664749e+00   1.0511904e+00
  -3.4765273e+00   7.3140430e-01   1.2560015e+00
  -2.1915667e+00   1.7313920e+00   2.2952798e+00
  -2.4368791e+00   9.1816371e-01   2.8294798e+00
  -2.5625847e+00   9.3564523e-01   2.5767351e+00
  -2.2152049e+00   1.1667595e+00   2.9187301e+00
  -2.0981208e+00   1.7643280e+00   2.4172430e+00
  -2.2101946e+00   1.1321123e+00   2.9727163e+00
  -2.4714475e+00   1.6313750e+00   1.9374320e+00
  -2.9744261e+00   5.9709143e-01   2.2609580e+00
  -2.9133456e+00   1.2122187e+00   1.6567112e+00
  -3.1651025e+00   6.0371789e-01   1.9185899e+00
  -2.8717176e+00   1.7477100e+00   1.1908976e+00
  -3.6749400e+00   3.9163371e-01   1.3052851e+00
  -2.5424401e+00   1.7236360e+00   1.7283676e+00
  -3.0557911e+00   6.9002152e-01   2.0046856e+00
  -2.8378737e+00   5.1449314e-01   2.6160136e+00
  -1.5449340e+00   2.4631761e+00   2.6055679e+00
  -2.4461937e+00   1.4483584e+00   2.1760152e+00
  -1.7039004e+00   2.4373616e+00   2.3703455e+00
  -2.6977647e+00   1.2896974e+00   1.9285069e+00
  -2.1996713e+00   2.1467749e+00   1.8585242e+00
  -2.7706137e+00   1.1440405e+00   1.9674228e+00
  -2.2481667e+00   2.1087600e+00   1.8183909e+00
  -3.0478386e+00   1.4392474e+00   1.2124524e+00
  -3.1843683e+00   1.5821408e+00   8.6977952e-01
  -2.7141782e+00   1.6942689e+00   1.4854196e+00
  -2.7795246e+00   1.7387484e+00   1.3409723e+00
  -2.0307663e+00   1.8679589e+00   2.4183342e+00
  -2.1682646e+00   1.3637961e+00   2.7580061e+00
  -2.5541046e+00   1.5014814e+00   1.9384515e+00
  -2.6106714e+00   1.3396328e+00   2.0192554e+00
  -2.5418989e+00   1.4600123e+00   2.0030062e+00
  -2.6048600e+00   1.3600447e+00   2.0066187e+00
  -2.7425045e+00   1.8108252e+00   1.3301819e+00
  -3.4632928e+00   8.0984981e-01   1.1940787e+00
  -2.6893750e+00   1.6799981e+00   1.5383533e+00
  -3.0462662e+00   1.0924998e+00   1.5674494e+00
  -3.2250405e+00   9.1657763e-01   1.4647198e+00
  -2.1744665e+00   2.6982142e+00   1.4040399e+00
  -3.1077449e+00   9.1307591e-01   1.6610606e+00
  -2.1518816e+00   2.6230778e+00   1.5010187e+00
  -3.2977375e+00   1.2511322e+00   1.0083989e+00
  -3.0894522e+00   1.9918319e+00   6.5193751e-01
  -3.1563232e+00   1.3770682e+00   1.1046881e+00
  -2.7384642e+00   2.2621365e+00   9.3702618e-01
  -4.0174362e+00   2.7488668e-01   8.7933042e-01
  -2.4474334e+00   2.7828987e+00   9.3896793e-01
  -4.3163836e+00   4.2881769e-01   2.5877490e-01
  -3.2625263e+00   2.3075370e+00   1.5608112e-01
  -4.1754478e+00   5.6295790e-01   3.3989800e-01
  -2.9014784e+00   2.6166563e+00   4.2533350e-01
  -3.7039948e+00   1.0116606e+00   6.1882603e-01
  -3.0797124e+00   2.1364538e+00   5.4687182e-01
  -3.7140915e+00   1.0059764e+00   6.0899539e-01
  -3.2239865e+00   1.6881380e+00   7.1589215e-01
  -5.1647533e+00  -2.1425186e-01  -3.7203691e-01
  -3.2417443e+00   2.6827819e+00  -8.7002017e-02
