  -3.9168796e+00   3.0155602e-01   1.0113995e+00
  -2.1347986e+00   3.4215657e+00   9.0916219e-01
  -3.8918154e+00  -1.7364169e-01   1.6079705e+00
  -1.4943088e+00   3.8345038e+00   1.5157131e+00
  -3.2071191e+00   1.3238924e+00   1.0776729e+00
  -1.6757964e+00   3.6096192e+00   1.4193616e+00
  -3.6346753e+00   2.7379524e-01   1.5073100e+00
  -1.3020182e+00   4.1754463e+00   1.5507997e+00
  -3.2474799e+00   1.3177886e+00   1.0213841e+00
  -1.7003674e+00   3.5530945e+00   1.4255313e+00
  -3.4562837e+00   5.8321505e-01   1.4510702e+00
  -1.6347377e+00   3.5112736e+00   1.5505040e+00
  -3.5845181e+00   1.6356719e+00   2.3720925e-01
  -2.9568392e+00   2.8544596e+00   1.7810152e-01
  -3.6592280e+00   1.3342324e+00   3.8890623e-01
  -3.0047954e+00   2.7153406e+00   2.1102528e-01
  -3.3335785e+00   1.9851168e+00   3.0766149e-01
  -2.8334353e+00   2.8719727e+00   3.3382589e-01
  -3.0842621e+00   5.5384489e-01   2.1198288e+00
  -2.0181757e+00   2.0628400e+00   2.2340886e+00
  -2.6689405e+00   1.8716999e+00   1.3865285e+00
  -2.4866866e+00   1.6514285e+00   1.8917372e+00
  -3.0182911e+00   9.4242532e-01   1.7772977e+00
  -1.9863482e+00   2.3787656e+00   1.9745893e+00
  -2.3017564e+00   2.1281296e+00   1.7157413e+00
  -2.2732335e+00   1.6093228e+00   2.2907972e+00
  -2.6979581e+00   1.2442604e+00   1.9780738e+00
  -1.9958705e+00   2.0780765e+00   2.2550975e+00
  -3.1676778e+00   1.8974593e+00   6.1779348e-01
  -3.4383509e+00   1.2068592e+00   8.3561872e-01
  -3.2986641e+00   1.7132256e+00   5.8435877e-01
  -3.6132863e+00   1.0636742e+00   7.0647679e-01
  -2.8622854e+00   2.4590421e+00   6.0021583e-01
  -3.5368859e+00   1.0230904e+00   8.6243913e-01
  -2.0137774e+00   2.3531701e+00   1.9554973e+00
  -2.4995447e+00   1.0372843e+00   2.5637675e+00
  -2.4036278e+00   1.3732206e+00   2.3330812e+00
  -2.2518104e+00   1.3417855e+00   2.6353617e+00
  -1.7627649e+00   2.5108333e+00   2.2039728e+00
  -2.1579215e+00   1.2783887e+00   2.8824241e+00
  -2.2846186e+00   1.5417906e+00   2.3464088e+00
  -2.2682935e+00   1.2123893e+00   2.7639039e+00
  -2.6634923e+00   2.4527481e+00   8.8949522e-01
  -3.7989609e+00   2.8781859e-01   1.2181620e+00
  -2.6862687e+00   2.1965073e+00   1.0693742e+00
  -3.5105191e+00   6.2794686e-01   1.3127376e+00
  -2.3764719e+00   2.5007809e+00   1.2698541e+00
  -3.1657019e+00   8.2940497e-01   1.6577130e+00
  -2.6863317e+00   9.8369112e-01   2.2976181e+00
  -1.4990055e+00   3.0470599e+00   2.1277084e+00
  -2.1300669e+00   2.1325171e+00   1.9830343e+00
  -1.4667074e+00   3.0218511e+00   2.1998097e+00
  -2.4535461e+00   1.2649739e+00   2.3717029e+00
  -1.3215596e+00   3.1511856e+00   2.3111053e+00
  -2.6407416e+00   2.2472447e+00   1.0933790e+00
  -2.7394675e+00   2.3752723e+00   8.4242836e-01
  -2.9346744e+00   1.8408751e+00   1.0107504e+00
  -2.8671811e+00   2.3460989e+00   6.8228540e-01
  -2.4504090e+00   2.5396066e+00   1.1286466e+00
  -2.7389515e+00   2.2380152e+00   9.5651487e-01
  -1.7594054e+00   2.5462625e+00   2.1756024e+00
  -1.9250435e+00   1.9164904e+00   2.5447714e+00
  -2.3351367e+00   1.4495945e+00   2.3638583e+00
  -1.7668720e+00   2.2631958e+00   2.4426507e+00
  -2.4411170e+00   2.5361146e+00   1.1451335e+00
  -3.0864454e+00   1.5124110e+00   1.0828809e+00
  -2.5539052e+00   2.2472469e+00   1.2225520e+00
  -3.1577163e+00   1.3829973e+00   1.0968234e+00
  -2.4106132e+00   2.5503262e+00   1.1781683e+00
  -3.0482367e+00   1.4551119e+00   1.1964728e+00
  -2.9481028e+00   9.0150769e-01   1.9420134e+00
  -1.3252358e+00   3.5694231e+00   1.9576634e+00
  -2.9712049e+00   1.9515683e+00   8.5909240e-01
  -2.6113376e+00   2.8178426e+00   6.8056868e-01
  -3.1178576e+00   1.6805022e+00   8.8037529e-01
  -2.7940958e+00   2.5699321e+00   6.1094611e-01
  -2.9020633e+00   2.2332197e+00   7.2333538e-01
  -2.7642629e+00   2.6447010e+00   5.9599912e-01
  -3.8815547e+00   1.3786089e+00   2.9557005e-02
  -3.0455645e+00   2.7570564e+00   1.2596182e-01
  -4.1922584e+00   8.0765834e-01   8.3884331e-02
  -3.0256664e+00   2.8519379e+00   8.6796084e-02
  -3.9694335e+00   1.3907773e+00  -1.0519560e-01
  -2.9907657e+00   2.9291646e+00   8.0830047e-02
  -3.6238038e+00   1.3858072e+00   3.9508272e-01
  -2.8928870e+00   2.6515801e+00   4.1137099e-01
  -3.4639526e+00   1.8765853e+00   2.1062784e-01
  -3.2687144e+00   1.9981059e+00   3.8926578e-01
  -4.8874077e+00   6.8218352e-01  -7.9404999e-01
  -3.3247770e+00   2.9740779e+00  -3.9129559e-01
