  -4.4139174e+00  -3.3320739e-01   9.1841818e-01
  -3.3695264e+00   1.4230654e+00   7.3753183e-01
  -4.3159004e+00  -2.3002660e-01   9.5986369e-01
  -3.1890958e+00   1.5502416e+00   8.9182850e-01
  -3.5940222e+00   6.6149779e-01   1.1418133e+00
  -3.1609138e+00   1.2083142e+00   1.2638946e+00
  -3.9900369e+00  -2.3079473e-01   1.5089083e+00
  -2.5130422e+00   1.9862116e+00   1.5202803e+00
  -3.7663713e+00   1.2194551e+00   3.3431860e-01
  -3.5739834e+00   1.1099604e+00   7.2191394e-01
  -4.0812355e+00  -3.2307381e-01   1.4661049e+00
  -2.7840041e+00   1.5816871e+00   1.4858812e+00
  -3.9856881e+00   9.1098058e-01   2.9248187e-01
  -4.1314950e+00   7.3935099e-01   2.3678418e-01
  -4.1298801e+00   1.0605804e+00  -5.2025592e-02
  -4.6631557e+00   3.7103066e-01  -1.9924446e-01
  -3.9018227e+00   1.6288182e+00  -2.0420278e-01
  -4.6429403e+00   4.6197389e-01  -2.5427831e-01
  -3.6418202e+00   3.5763722e-01   1.3985088e+00
  -3.3870134e+00   6.8409987e-01   1.4530965e+00
  -3.2838534e+00   9.9459065e-01   1.2875456e+00
  -3.6417919e+00   2.4002444e-01   1.5349369e+00
  -3.4484916e+00   4.8921549e-01   1.5705923e+00
  -3.0852060e+00   9.1969436e-01   1.6911168e+00
  -2.8570323e+00   1.9907942e+00   9.9406390e-01
  -3.8288508e+00   2.3216426e-02   1.4753550e+00
  -3.5759608e+00   2.1836729e-01   1.6729287e+00
  -2.8464782e+00   1.1664526e+00   1.8159164e+00
  -3.6615209e+00   1.1577382e+00   5.4546203e-01
  -4.4587734e+00  -1.3468308e-01   6.2240175e-01
  -3.6312767e+00   1.5510474e+00   2.4146328e-01
  -5.0934416e+00  -7.0083219e-01   2.4475251e-01
  -3.2799440e+00   2.2612552e+00   1.6698254e-01
  -5.1955039e+00  -8.7197557e-01   2.7597244e-01
  -2.6581541e+00   1.4771775e+00   1.7936203e+00
  -3.5349207e+00   1.4262652e-02   1.9992157e+00
  -2.8983489e+00   7.8991327e-01   2.1589495e+00
  -3.0923048e+00   4.3827621e-01   2.2501165e+00
  -2.5196167e+00   2.1718228e+00   1.3404967e+00
  -3.5052150e+00   2.3243523e-01   1.7778916e+00
  -2.9936293e+00   5.5222012e-01   2.2829326e+00
  -2.9118715e+00   5.6744755e-01   2.4109981e+00
  -3.0202072e+00   1.7799520e+00   9.3718582e-01
  -4.8319773e+00  -9.5466428e-01   9.6973739e-01
  -2.8803775e+00   2.1575803e+00   8.1720513e-01
  -4.8995922e+00  -8.8985519e-01   7.7676655e-01
  -2.8465537e+00   2.3226063e+00   7.3072051e-01
  -4.7484166e+00  -7.0125726e-01   8.0054569e-01
  -3.2339136e+00   3.6528129e-01   2.0893916e+00
  -2.8279338e+00   1.0440422e+00   1.9832520e+00
  -2.7428208e+00   1.9284234e+00   1.2212088e+00
  -3.3580840e+00   7.2715387e-01   1.4531753e+00
  -3.2980200e+00   2.1932822e-01   2.1603102e+00
  -2.4636868e+00   1.4916665e+00   2.0991032e+00
  -3.0596518e+00   1.5168044e+00   1.1197983e+00
  -4.0567978e+00   1.8153712e-01   9.1774387e-01
  -3.1994819e+00   1.7197325e+00   7.2428565e-01
  -4.6529298e+00  -2.4374472e-01   4.3486286e-01
  -3.0734891e+00   2.1770188e+00   5.2305195e-01
  -4.6482196e+00  -1.5403057e-01   3.4612396e-01
  -2.4738127e+00   2.3473042e+00   1.2557013e+00
  -3.8406608e+00  -1.3245888e-01   1.6455501e+00
  -3.0381273e+00   5.1080613e-01   2.2554349e+00
  -2.8599822e+00   7.0545340e-01   2.3300485e+00
  -2.9921021e+00   1.7049815e+00   1.0473013e+00
  -4.2956071e+00  -2.5942788e-01   1.0273866e+00
  -3.0618415e+00   1.9342080e+00   7.4086904e-01
  -4.8327602e+00  -6.9278786e-01   6.5237880e-01
  -2.9877284e+00   2.2562107e+00   5.8190568e-01
  -4.9163486e+00  -7.6055970e-01   5.9561246e-01
  -3.4782306e+00   1.8935048e-01   1.8779691e+00
  -2.5477239e+00   1.7640941e+00   1.6797104e+00
  -3.4397438e+00   1.2837755e+00   7.6088928e-01
  -3.8164028e+00   1.0813305e+00   3.8580795e-01
  -3.5486029e+00   1.4106299e+00   4.8327482e-01
  -4.3316993e+00   6.7168395e-01   5.0527190e-03
  -3.3049727e+00   2.0791077e+00   2.7314870e-01
  -4.5343778e+00   4.6408468e-01  -9.8327543e-02
  -4.3230400e+00   5.6866754e-01   1.1412331e-01
  -4.0452735e+00   1.0882113e+00   4.5428795e-02
  -4.5108609e+00   6.9189130e-01  -2.7251716e-01
  -4.6470346e+00   6.6374390e-01  -4.4158981e-01
  -4.3029599e+00   1.3484651e+00  -5.3499985e-01
  -4.8339039e+00   5.1478996e-01  -5.7474823e-01
  -3.7883844e+00   1.3564742e+00   1.8191636e-01
  -4.3966294e+00   4.9176553e-01   7.8230723e-02
  -4.0784400e+00   1.5566177e+00  -3.9117606e-01
  -5.1176658e+00  -1.2120423e-01  -3.9381813e-01
  -5.4786099e+00   3.5004745e-01  -1.3245070e+00
  -5.0649345e+00   8.7338744e-01  -1.1922464e+00
