  -4.4417402e+00  -7.7719210e-01   1.4163483e+00
  -2.8429963e+00   1.6710918e+00   1.3070611e+00
  -4.3733697e+00  -2.9978127e-01   9.4621830e-01
  -3.2779540e+00   1.4130038e+00   8.8466161e-01
  -3.8071268e+00   1.9539423e-01   1.3097164e+00
  -2.9275549e+00   1.3945989e+00   1.4453324e+00
  -3.9592275e+00  -3.5168399e-01   1.7158215e+00
  -2.4382011e+00   1.9102607e+00   1.7099554e+00
  -3.8338260e+00   7.4207072e-01   6.8323522e-01
  -3.2965075e+00   1.2055514e+00   1.0547287e+00
  -4.0598859e+00  -1.2114832e-01   1.2572196e+00
  -3.1716270e+00   1.1788238e+00   1.2767740e+00
  -4.0809135e+00   7.1585145e-01   3.3438584e-01
  -4.1349033e+00   6.7652028e-01   2.9124220e-01
  -4.1597075e+00   1.1313666e+00  -1.5575700e-01
  -4.8860441e+00   1.0473732e-01  -2.7264171e-01
  -3.9001674e+00   1.5129114e+00  -1.0840341e-01
  -4.6538522e+00   3.1524361e-01  -1.3306188e-01
  -3.6364788e+00   3.6717844e-01   1.3965023e+00
  -3.5089100e+00   5.1232253e-01   1.4436003e+00
  -3.3088252e+00   6.8508593e-01   1.5812670e+00
  -3.4111192e+00   3.3040894e-01   1.8217476e+00
  -3.5161705e+00   2.6259026e-01   1.7224077e+00
  -2.9517209e+00   1.0038460e+00   1.8200450e+00
  -2.9579451e+00   1.4984926e+00   1.2947113e+00
  -3.5493939e+00   2.0469026e-01   1.7352328e+00
  -3.6323428e+00   3.3175806e-01   1.4439622e+00
  -3.1272780e+00   9.4542022e-01   1.5933714e+00
  -3.7533164e+00   9.5929952e-01   5.9427721e-01
  -4.4265230e+00  -1.3402031e-01   6.7293300e-01
  -3.6794140e+00   1.5944993e+00   1.3622853e-01
  -5.2757580e+00  -8.7569445e-01   1.5352494e-01
  -3.3059360e+00   2.0779745e+00   2.7268819e-01
  -5.1136570e+00  -8.6583854e-01   3.9944077e-01
  -2.7090747e+00   1.1473022e+00   2.0678334e+00
  -3.3054636e+00   1.2965398e-01   2.2638527e+00
  -2.9127410e+00   6.3319566e-01   2.3260227e+00
  -3.0129402e+00   4.4677681e-01   2.3827731e+00
  -2.6213041e+00   1.6728262e+00   1.6532970e+00
  -3.2089683e+00   4.2941491e-01   2.0536093e+00
  -3.0154287e+00   7.1837844e-01   2.0408066e+00
  -3.2378273e+00   3.0549525e-01   2.1580142e+00
  -3.1441340e+00   1.5385885e+00   9.7049656e-01
  -4.7785378e+00  -9.0667013e-01   1.0003990e+00
  -2.9919202e+00   2.1412665e+00   6.6904318e-01
  -5.0658932e+00  -1.0023287e+00   6.3769425e-01
  -2.8823597e+00   2.1223660e+00   8.4383704e-01
  -4.6428284e+00  -6.5751073e-01   9.2320513e-01
  -3.2324247e+00   2.1766418e-01   2.2813862e+00
  -2.7704548e+00   9.6345179e-01   2.1749964e+00
  -2.8083340e+00   1.4805047e+00   1.5483006e+00
  -3.1218302e+00   7.8513883e-01   1.7810736e+00
  -3.3379523e+00   3.5635541e-01   1.9173315e+00
  -2.8204905e+00   1.1561361e+00   1.8704378e+00
  -3.1590293e+00   1.3179268e+00   1.1579811e+00
  -4.0663709e+00   9.6254396e-02   9.9656422e-01
  -3.2932284e+00   1.7103051e+00   5.9482520e-01
  -4.8536981e+00  -4.5437519e-01   3.4925302e-01
  -3.1375375e+00   1.9882161e+00   5.8538743e-01
  -4.6274403e+00  -2.3102737e-01   4.6109333e-01
  -2.5477576e+00   1.8611840e+00   1.5849477e+00
  -3.5750841e+00  -8.0431952e-03   1.9561277e+00
  -3.0711694e+00   6.6346795e-01   2.0097326e+00
  -3.2116678e+00   3.9079084e-01   2.0969099e+00
  -3.0521070e+00   1.5427604e+00   1.1068058e+00
  -4.3026499e+00  -3.3736108e-01   1.1075262e+00
  -3.0740643e+00   2.0021547e+00   6.6561162e-01
  -5.0422756e+00  -9.4308173e-01   6.0553645e-01
  -2.9862071e+00   2.0952727e+00   7.1532274e-01
  -4.8645297e+00  -8.3071873e-01   7.6355048e-01
  -3.5577433e+00   2.8241835e-01   1.6274995e+00
  -2.8612397e+00   1.5181798e+00   1.4268884e+00
  -3.6211295e+00   1.0049653e+00   7.5102332e-01
  -3.7831280e+00   1.1367943e+00   3.8428917e-01
  -3.6427095e+00   1.4104774e+00   3.4586900e-01
  -4.5127799e+00   5.1931873e-01  -1.1826112e-01
  -3.3750714e+00   1.8615621e+00   3.4909700e-01
  -4.4574174e+00   4.6954386e-01   9.5371092e-03
  -4.4163697e+00   3.9501423e-01   1.4187809e-01
  -4.0863112e+00   9.8349139e-01   7.9002559e-02
  -4.5522403e+00   7.2537919e-01  -3.6124453e-01
  -4.8253809e+00   4.4482875e-01  -5.0041504e-01
  -4.3576895e+00   1.1379869e+00  -4.3974013e-01
  -4.7619072e+00   4.8654561e-01  -4.4745131e-01
  -3.8702078e+00   1.3373090e+00   8.0877195e-02
  -4.5536655e+00   3.3277538e-01  -2.1416411e-03
  -4.0295835e+00   1.4324368e+00  -2.2393638e-01
  -5.0531741e+00  -2.2740394e-01  -1.9379534e-01
  -5.4808421e+00   2.2532389e-01  -1.2222734e+00
  -5.0384201e+00   7.7704437e-01  -1.0793097e+00
