  -4.2482403e+00   5.2536910e-01   2.6702919e-01
  -3.1617414e+00   2.6419205e+00   4.9645113e-02
  -4.1415327e+00   1.0689355e+00  -7.6001472e-02
  -3.7376961e+00   2.2322928e+00  -4.3527846e-01
  -3.3432446e+00   1.8565034e+00   3.9878349e-01
  -2.4113459e+00   2.9521058e+00   8.6161203e-01
  -3.6229858e+00   8.8411119e-01   8.6696622e-01
  -2.1816941e+00   3.1973598e+00   1.0039341e+00
  -3.6137189e+00   1.1659885e+00   6.0927154e-01
  -2.4112121e+00   2.9658592e+00   8.5155187e-01
  -3.8842361e+00   1.5158962e+00  -8.8470970e-02
  -3.7659679e+00   2.0205884e+00  -3.1920400e-01
  -3.7552000e+00   9.9029411e-01   5.6194741e-01
  -2.6432746e+00   2.9266069e+00   5.5637259e-01
  -3.9321019e+00   1.6487377e+00  -2.6193709e-01
  -4.0643295e+00   1.8086595e+00  -5.6515054e-01
  -3.6280844e+00   1.7826985e+00   5.4999086e-02
  -3.1727771e+00   2.6133519e+00   5.4967186e-02
  -3.2486668e+00   1.8811618e+00   5.1425054e-01
  -4.1953287e+00   4.1327332e-01   4.5780817e-01
  -2.8012209e+00   2.4427641e+00   6.9974913e-01
  -3.1996431e+00   1.0482586e+00   1.3663650e+00
  -3.3533212e+00   1.2369613e+00   9.3667417e-01
  -2.7607146e+00   1.8507581e+00   1.2650987e+00
  -2.5882221e+00   2.0447680e+00   1.3506489e+00
  -2.9486868e+00   1.0351523e+00   1.7903364e+00
  -3.1717204e+00   2.0024608e+00   5.2438793e-01
  -3.8650029e+00   7.5511534e-01   6.2260824e-01
  -3.3193255e+00   1.2976930e+00   9.3053073e-01
  -3.1664331e+00   1.2866440e+00   1.1771884e+00
  -3.5373188e+00   2.0972773e+00  -6.4192517e-02
  -4.6890488e+00   1.7046206e-01  -4.5715898e-02
  -2.9625558e+00   2.4550422e+00   4.6198679e-01
  -3.9411789e+00   5.6033353e-01   7.0029990e-01
  -2.1383723e+00   2.9253987e+00   1.2727321e+00
  -3.1941820e+00   4.8278974e-01   2.0139072e+00
  -2.5220861e+00   1.8473741e+00   1.6386668e+00
  -2.9840346e+00   7.5356316e-01   2.0533154e+00
  -2.2251180e+00   2.2593646e+00   1.7125019e+00
  -2.7177493e+00   9.6720001e-01   2.2623187e+00
  -2.6002854e+00   2.5911859e+00   8.6998378e-01
  -4.1544646e+00  -9.2848038e-02   1.0670361e+00
  -2.9201395e+00   1.6879145e+00   1.1725442e+00
  -3.4163277e+00   5.8412336e-01   1.5162338e+00
  -2.9971744e+00   2.4927558e+00   3.8492949e-01
  -4.4892983e+00  -7.1181177e-02   5.0558199e-01
  -2.4723518e+00   2.4677710e+00   1.1558942e+00
  -3.5168320e+00   4.5475829e-01   1.4957402e+00
  -2.7308292e+00   1.4542111e+00   1.6995615e+00
  -2.2760296e+00   2.2512232e+00   1.6411550e+00
  -2.5603156e+00   1.9751781e+00   1.4574800e+00
  -2.1868449e+00   2.5347366e+00   1.5243858e+00
  -2.8791674e+00   2.1461500e+00   8.2852686e-01
  -3.3725883e+00   1.7353288e+00   4.5801986e-01
  -2.7124891e+00   1.6728802e+00   1.5089260e+00
  -2.4774989e+00   2.2337247e+00   1.3492139e+00
  -3.0981951e+00   2.2652935e+00   4.1805692e-01
  -4.0203433e+00   1.2492960e+00  -5.8295021e-02
  -2.7366090e+00   2.4245197e+00   8.0681150e-01
  -3.2117304e+00   1.8257777e+00   6.1457494e-01
  -2.1444408e+00   2.3956911e+00   1.7123855e+00
  -2.6661283e+00   1.3180121e+00   1.9503045e+00
  -2.7498310e+00   2.3483192e+00   8.4936843e-01
  -3.7511682e+00   8.6326812e-01   6.9038731e-01
  -2.4948285e+00   1.9640324e+00   1.5694852e+00
  -2.8173339e+00   1.4257867e+00   1.5894926e+00
  -2.8765004e+00   2.5469742e+00   5.1259145e-01
  -4.2443593e+00   5.1029620e-01   2.8749811e-01
  -2.7218556e+00   2.3756385e+00   8.6760336e-01
  -3.4568750e+00   1.1291060e+00   8.8204088e-01
  -3.4006729e+00   1.8083830e+00   3.5639222e-01
  -3.3816054e+00   2.2568951e+00   2.9839489e-02
  -3.0266157e+00   1.5000314e+00   1.1866737e+00
  -2.4456384e+00   2.6445510e+00   1.0504443e+00
  -3.4500738e+00   1.9803869e+00   1.4732533e-01
  -3.9173927e+00   1.7206457e+00  -2.9797188e-01
  -3.1232768e+00   2.1355978e+00   4.8538095e-01
  -3.1656682e+00   2.2826034e+00   3.0984660e-01
  -3.9772302e+00   7.3706090e-01   4.6981230e-01
  -2.6367268e+00   2.8803754e+00   5.9901154e-01
  -4.4094712e+00   1.2145174e+00  -5.7404209e-01
  -4.1348417e+00   1.9165750e+00  -7.3878769e-01
  -4.1082046e+00   1.3411897e+00  -2.5913093e-01
  -3.3730882e+00   2.5168179e+00  -1.4753406e-01
  -3.7561587e+00   1.7874010e+00  -1.2744572e-01
  -3.8729725e+00   1.7372035e+00  -2.4969382e-01
  -3.7158856e+00   1.7480645e+00  -4.0246984e-02
  -3.6958588e+00   1.6232599e+00   8.9088429e-02
  -5.1894154e+00   4.9416646e-01  -1.0513736e+00
  -3.7192382e+00   2.6739266e+00  -7.1130371e-01
