  -4.5913951e+00  -1.0408856e+00   1.5003704e+00
  -2.9615515e+00   1.3561548e+00   1.4301494e+00
  -4.4482343e+00  -5.2425368e-01   1.0879289e+00
  -3.2946299e+00   1.1481523e+00   1.1143634e+00
  -4.1286582e+00   1.1925869e-02   9.8994472e-01
  -3.4958567e+00   8.5682235e-01   1.0934741e+00
  -4.3273638e+00  -1.0536833e+00   2.0036383e+00
  -2.3122925e+00   1.8311860e+00   1.9906695e+00
  -4.0649944e+00   1.4830061e-01   9.4106327e-01
  -3.3119054e+00   9.8362836e-01   1.2542018e+00
  -4.0662835e+00   3.3288905e-01   7.4037031e-01
  -4.2831856e+00   3.5040739e-02   7.1608075e-01
  -4.1990444e+00  -1.2334633e-01   1.0288216e+00
  -3.5473054e+00   8.3569263e-01   1.0340781e+00
  -4.2556610e+00   6.6687530e-01   1.2117194e-01
  -4.7766495e+00  -9.6461483e-02   8.9299453e-02
  -4.1162683e+00  -3.6084039e-03   1.0277027e+00
  -3.3665113e+00   1.0624895e+00   1.0876473e+00
  -3.5592437e+00   2.7709625e-01   1.6312656e+00
  -3.4835563e+00   3.1937053e-01   1.7102439e+00
  -3.4957658e+00   6.1486535e-01   1.3511264e+00
  -3.9335445e+00  -1.5901776e-01   1.5176360e+00
  -3.7627185e+00  -4.1233229e-01   2.1535613e+00
  -2.6891608e+00   1.0722882e+00   2.1881175e+00
  -3.2054716e+00   9.1386938e-01   1.4995247e+00
  -3.5369710e+00   1.3403616e-01   1.8437905e+00
  -3.6273119e+00   7.2265615e-01   1.0245925e+00
  -4.1198457e+00  -6.2165525e-02   1.0887220e+00
  -3.7598408e+00   2.1377528e-01   1.3672345e+00
  -3.7995096e+00   1.0230306e-01   1.4309335e+00
  -3.8401478e+00   1.0764740e+00   3.5517673e-01
  -5.0819943e+00  -8.1631602e-01   3.9322440e-01
  -3.4049953e+00   6.8791080e-01   1.4193875e+00
  -3.8514189e+00  -6.7752288e-02   1.5469451e+00
  -2.8845617e+00   1.0877063e+00   1.8390976e+00
  -3.8179760e+00  -3.4179593e-01   1.9561732e+00
  -3.1806263e+00  -5.0000142e-03   2.6832115e+00
  -2.7873545e+00   5.3073614e-01   2.6885664e+00
  -2.7847164e+00   1.2104648e+00   1.8703865e+00
  -3.2686594e+00   2.5814901e-01   2.1632264e+00
  -3.0598719e+00   1.1590107e+00   1.4753400e+00
  -4.2536733e+00  -5.7717400e-01   1.4876284e+00
  -3.3420994e+00   5.9300307e-01   1.6300848e+00
  -4.0641138e+00  -4.4206137e-01   1.6470151e+00
  -3.2709794e+00   1.5146290e+00   8.0143614e-01
  -4.8562356e+00  -8.4055422e-01   7.8911274e-01
  -2.9369412e+00   8.2846215e-01   2.0460967e+00
  -3.4105548e+00   8.7432808e-02   2.1281385e+00
  -3.5137155e+00  -4.2863359e-01   2.6529711e+00
  -2.6327155e+00   8.2312321e-01   2.5917404e+00
  -2.9753196e+00   1.0189899e+00   1.7638792e+00
  -3.2776601e+00   3.8551445e-01   1.9870261e+00
  -3.2939152e+00   8.2654256e-01   1.4496789e+00
  -3.9434267e+00  -5.6363531e-02   1.3763010e+00
  -3.3467980e+00   4.2573453e-01   1.8179340e+00
  -3.4982985e+00   2.6295178e-01   1.7527719e+00
  -3.4669533e+00   1.2281132e+00   7.7204973e-01
  -4.8153482e+00  -6.7402159e-01   6.5882168e-01
  -3.2020130e+00   6.8846148e-01   1.7564834e+00
  -3.5118804e+00   2.3529671e-01   1.7628659e+00
  -2.7260377e+00   1.2896049e+00   1.8816450e+00
  -3.5861304e+00  -2.0105291e-01   2.1911698e+00
  -3.1258826e+00   1.0711069e+00   1.4610594e+00
  -4.2469403e+00  -5.6820100e-01   1.4878981e+00
  -3.0688953e+00   7.9017753e-01   1.8648610e+00
  -3.7276945e+00  -1.7022232e-01   1.8929672e+00
  -3.0732831e+00   1.6530244e+00   9.7222226e-01
  -4.9503662e+00  -1.1206246e+00   9.7749508e-01
  -3.1442598e+00   7.0306734e-01   1.8375397e+00
  -3.6573602e+00  -1.0556097e-01   1.9349348e+00
  -3.6428407e+00   5.9114981e-01   1.1386259e+00
  -3.7922084e+00   5.8843582e-01   9.0404253e-01
  -3.8809243e+00   3.9178766e-02   1.3683038e+00
  -3.2119622e+00   1.2620654e+00   1.1304857e+00
  -3.8533341e+00   8.7778265e-01   5.2131387e-01
  -4.4224813e+00   3.1352456e-01   2.1250847e-01
  -3.4805002e+00   4.7844723e-01   1.5293377e+00
  -3.2473775e+00   9.7279206e-01   1.3687913e+00
  -4.4569042e+00  -3.4670056e-01   8.6362857e-01
  -3.5269694e+00   1.0358714e+00   8.6517782e-01
  -4.8111617e+00   1.3629922e-01  -1.9307660e-01
  -4.6879050e+00   3.6757099e-01  -2.3203613e-01
  -4.4823499e+00  -2.7707645e-01   7.4287601e-01
  -3.5429493e+00   1.0654769e+00   8.1185803e-01
  -3.9376856e+00   8.8942604e-01   3.8386131e-01
  -4.4208595e+00   1.5881151e-01   3.7070796e-01
  -4.0885566e+00   6.6340503e-02   9.9400921e-01
  -3.7977949e+00   4.1266095e-01   1.0820829e+00
  -5.5679708e+00  -1.1411903e+00  -5.7542265e-03
  -3.7262671e+00   1.5256458e+00   1.2700807e-01
