  -4.5621549e+00  -1.1547611e+00   1.7102853e+00
  -2.6494929e+00   1.6313208e+00   1.6498694e+00
  -4.4033293e+00  -1.2004417e-01   6.9450989e-01
  -3.7138323e+00   9.1722929e-01   6.9474441e-01
  -4.1371846e+00   5.3798477e-02   9.2924966e-01
  -3.3858709e+00   1.0601221e+00   1.0597711e+00
  -4.2278189e+00  -4.3841159e-01   1.3571466e+00
  -2.9797878e+00   1.4585247e+00   1.2996408e+00
  -3.9812479e+00   3.7722543e-01   8.2752286e-01
  -3.3536871e+00   1.0146432e+00   1.1561506e+00
  -4.0383913e+00   5.5372898e-01   5.5716986e-01
  -4.3885351e+00   5.0790834e-02   5.3332203e-01
  -4.1601748e+00   3.3543172e-01   5.9121147e-01
  -3.9967850e+00   6.0203725e-01   5.7266383e-01
  -4.2105624e+00   1.1828997e+00  -2.7125007e-01
  -5.2660780e+00  -3.9475837e-01  -3.4220393e-01
  -4.0192606e+00   6.5018767e-01   4.9080480e-01
  -4.0094968e+00   6.3572840e-01   5.1986492e-01
  -3.5346978e+00   6.6480387e-01   1.2336243e+00
  -3.9195914e+00   3.3459607e-02   1.3101537e+00
  -3.4284655e+00   7.2626051e-01   1.3392841e+00
  -3.8581597e+00  -8.0416364e-02   1.5508572e+00
  -3.7053633e+00   1.7550799e-01   1.5035067e+00
  -3.3578022e+00   6.6551270e-01   1.5219326e+00
  -3.1511128e+00   1.1120668e+00   1.3777577e+00
  -3.5841408e+00   1.4137089e-01   1.7524350e+00
  -3.6359917e+00   9.2767644e-01   8.0371937e-01
  -4.2112732e+00  -2.4653283e-02   8.9700862e-01
  -3.7457112e+00   6.4640693e-01   9.1703794e-01
  -4.2538124e+00  -1.6297858e-01   9.8449709e-01
  -3.8017128e+00   1.5791232e+00  -2.4142970e-02
  -5.5825834e+00  -1.1708432e+00   4.9356827e-03
  -3.3611809e+00   1.2611938e+00   9.0143264e-01
  -4.4372183e+00  -4.5028018e-01   1.0175243e+00
  -2.8416730e+00   1.1790245e+00   1.8101752e+00
  -3.7473317e+00  -2.5812337e-01   1.9729435e+00
  -3.1084528e+00   5.9975010e-01   2.0214926e+00
  -3.4902034e+00   7.7792479e-02   1.9975131e+00
  -2.7513536e+00   1.3727744e+00   1.7511895e+00
  -3.2857193e+00   3.0333811e-01   2.0752381e+00
  -3.0355074e+00   1.3652949e+00   1.3042573e+00
  -4.3590271e+00  -6.0595686e-01   1.3410155e+00
  -3.2571763e+00   1.1010206e+00   1.2205607e+00
  -4.5511437e+00  -7.8394741e-01   1.2347400e+00
  -3.2126803e+00   2.0376398e+00   4.3704676e-01
  -5.3595946e+00  -1.2137917e+00   4.1086063e-01
  -2.9177511e+00   1.3556791e+00   1.5003688e+00
  -3.9804913e+00  -2.6484271e-01   1.5679117e+00
  -3.4314048e+00   1.8242586e-01   1.9691389e+00
  -3.3174710e+00   4.5530679e-01   1.8330468e+00
  -2.9036015e+00   1.2159036e+00   1.6686946e+00
  -3.2753756e+00   4.7037994e-01   1.8876391e+00
  -3.3148394e+00   1.0114913e+00   1.2207953e+00
  -4.0249676e+00   3.1057691e-02   1.1379763e+00
  -3.2798800e+00   9.1172695e-01   1.3810042e+00
  -3.9452555e+00   2.5902925e-02   1.2761030e+00
  -3.4659650e+00   1.6838318e+00   3.6683663e-01
  -5.2659312e+00  -9.0117001e-01   1.9764076e-01
  -3.1615959e+00   1.2520922e+00   1.2189797e+00
  -4.0768612e+00  -6.9795689e-02   1.1686180e+00
  -2.6868391e+00   1.4859541e+00   1.7379126e+00
  -3.6369100e+00  -1.7778474e-01   2.0667369e+00
  -3.0811385e+00   1.3127076e+00   1.2848675e+00
  -4.3736342e+00  -6.1403962e-01   1.3259877e+00
  -3.0565838e+00   1.2300212e+00   1.4072360e+00
  -4.1776659e+00  -4.2491187e-01   1.4267192e+00
  -3.0919945e+00   2.0935079e+00   5.6419843e-01
  -5.4190731e+00  -1.4058257e+00   5.4684527e-01
  -3.0358898e+00   1.3089782e+00   1.3599339e+00
  -4.2447544e+00  -5.2307597e-01   1.4341647e+00
  -3.6175755e+00   8.4485029e-01   9.1476046e-01
  -3.9425119e+00   6.1366183e-01   6.4434831e-01
  -3.7919380e+00   5.4041266e-01   9.5473427e-01
  -3.6411075e+00   1.0920858e+00   6.3743462e-01
  -3.7977607e+00   1.3860196e+00   1.4304078e-01
  -4.8819087e+00   1.0392675e-01  -2.6580947e-01
  -3.4562202e+00   1.0406622e+00   9.6970691e-01
  -3.8194517e+00   7.2965728e-01   7.1769965e-01
  -4.4807099e+00   5.0986442e-02   3.8998521e-01
  -3.9708216e+00   8.5193148e-01   3.6973901e-01
  -4.7415750e+00   6.5290350e-01  -5.6556931e-01
  -5.1642888e+00   7.7926227e-02  -6.4949952e-01
  -4.4643202e+00   2.7604720e-01   1.8656670e-01
  -4.1216982e+00   7.6548979e-01   2.2676670e-01
  -3.9498213e+00   1.3288427e+00  -2.5497132e-02
  -4.8710856e+00  -7.9896708e-02  -6.9694811e-02
  -4.0075482e+00   6.7770338e-01   4.8164552e-01
  -4.4025193e+00   2.2061501e-02   5.4195148e-01
  -5.5081407e+00  -5.3502113e-01  -5.5872315e-01
  -4.3770305e+00   1.0929334e+00  -4.2928500e-01
