  -4.2597460e+00   1.1094532e+00  -2.7863528e-01
  -4.0394008e+00   1.9401392e+00  -6.2855817e-01
  -4.2090428e+00   1.5364789e+00  -5.5429234e-01
  -4.4925380e+00   1.5897058e+00  -9.7572350e-01
  -3.4607724e+00   2.7337329e+00  -4.1276750e-01
  -4.0001628e+00   1.7784662e+00  -4.5555235e-01
  -3.6499123e+00   1.6912885e+00   9.8277956e-02
  -3.3903395e+00   2.2834147e+00  -1.9297163e-03
  -3.7129940e+00   1.5378059e+00   1.3573582e-01
  -3.1573854e+00   2.3667406e+00   2.5715690e-01
  -3.9165178e+00   2.0477110e+00  -5.4214582e-01
  -4.6624709e+00   1.2776589e+00  -9.6763875e-01
  -3.8664199e+00   1.3838467e+00   4.6690812e-02
  -3.5407342e+00   2.2323203e+00  -1.6957591e-01
  -3.9663233e+00   2.0669633e+00  -6.2251387e-01
  -4.8115576e+00   1.1601191e+00  -1.0768759e+00
  -3.7529572e+00   2.1751392e+00  -4.1478607e-01
  -3.9978247e+00   1.9752437e+00  -5.9845712e-01
  -3.3078205e+00   2.3525405e+00   6.0021044e-02
  -4.9118711e+00  -1.7187322e-01  -3.8179951e-02
  -2.9071311e+00   3.3477819e+00  -8.1813701e-02
  -4.7275927e+00  -8.8864422e-02   1.5606850e-01
  -3.4162999e+00   2.0129003e+00   1.6902089e-01
  -3.9021560e+00   1.0242203e+00   3.1151871e-01
  -2.6841904e+00   2.4196566e+00   8.8634440e-01
  -3.6508885e+00   4.9490374e-01   1.2300041e+00
  -3.2429442e+00   2.4835708e+00   5.2749602e-02
  -4.7227743e+00   6.9754124e-02   3.0824115e-03
  -3.4030446e+00   1.7259634e+00   4.2195052e-01
  -4.0449548e+00   6.2748762e-01   4.7407731e-01
  -3.5489804e+00   2.5423540e+00  -4.0035546e-01
  -5.4212452e+00  -4.4866773e-01  -5.1719358e-01
  -3.0706657e+00   2.8717420e+00   1.2693140e-02
  -4.7444720e+00  -6.9885120e-02   1.1095481e-01
  -2.2567230e+00   3.8223199e+00   4.8009998e-01
  -4.7057888e+00  -6.2510493e-01   7.8055472e-01
  -2.5758731e+00   2.6278930e+00   8.7607293e-01
  -4.1082697e+00  -4.7846185e-02   1.0913189e+00
  -2.3443060e+00   2.6118636e+00   1.2248271e+00
  -3.3990660e+00   4.8085477e-01   1.6635542e+00
  -2.6241033e+00   3.1504734e+00   4.2517854e-01
  -5.0002059e+00  -7.5319903e-01   4.5182745e-01
  -3.0181461e+00   2.1129373e+00   6.5451132e-01
  -4.2963064e+00  -5.4930864e-02   7.9376984e-01
  -3.0174706e+00   2.9228018e+00   4.9301096e-02
  -5.1980472e+00  -6.5245757e-01   2.9000255e-02
  -2.5608961e+00   2.8826489e+00   7.0312009e-01
  -4.3062221e+00  -1.5423530e-01   8.8900608e-01
  -2.7495340e+00   2.2580632e+00   9.2424356e-01
  -3.5053000e+00   1.3395260e+00   6.1124700e-01
  -2.6624706e+00   2.3414189e+00   9.8212458e-01
  -2.9320765e+00   1.9547627e+00   9.1413963e-01
  -2.9440430e+00   2.6412940e+00   3.4812779e-01
  -4.2728713e+00   1.0063548e+00  -2.0908335e-01
  -2.8025768e+00   2.1035098e+00   9.7711152e-01
  -3.4327851e+00   1.4963352e+00   5.7753588e-01
  -3.0871336e+00   2.7255392e+00   9.1757831e-02
  -4.8150356e+00   5.2358117e-01  -5.5585364e-01
  -2.8323847e+00   2.8595156e+00   3.4409816e-01
  -4.0767432e+00   1.1349173e+00  -4.0553701e-02
  -2.2781967e+00   2.7465153e+00   1.2119402e+00
  -3.4060777e+00   7.5611602e-01   1.3433628e+00
  -2.8287395e+00   2.8365494e+00   3.6545738e-01
  -4.6312539e+00   1.6091842e-01   4.9802644e-02
  -2.5893091e+00   2.3773227e+00   1.0594106e+00
  -3.7158802e+00   7.3519840e-01   8.7264639e-01
  -2.9045545e+00   2.9696410e+00   1.6925990e-01
  -4.9816794e+00  -1.2137578e-01  -1.9322432e-01
  -2.8309816e+00   2.7872720e+00   3.9778874e-01
  -4.2887430e+00   4.7908328e-01   2.5122486e-01
  -3.4534725e+00   2.3284256e+00  -1.2121216e-01
  -4.2902945e+00   1.5161492e+00  -6.4905466e-01
  -3.1038341e+00   1.9506670e+00   6.6565301e-01
  -3.3989286e+00   1.9016812e+00   2.8239636e-01
  -3.4817887e+00   2.4006587e+00  -2.1157838e-01
  -4.6858294e+00   1.0670552e+00  -8.3394431e-01
  -3.2070788e+00   2.5723128e+00   3.7652972e-02
  -4.0141964e+00   1.5943697e+00  -3.3242139e-01
  -4.0601010e+00   1.1246903e+00  -7.8274436e-03
  -3.4894506e+00   2.2386072e+00  -1.0433411e-01
  -4.4164352e+00   1.6666928e+00  -9.3127108e-01
  -4.8907757e+00   1.2717965e+00  -1.2669088e+00
  -4.1686931e+00   1.7902499e+00  -6.9178095e-01
  -4.2008186e+00   1.8345790e+00  -7.6718187e-01
  -3.7561651e+00   2.2217486e+00  -4.5247812e-01
  -4.5851003e+00   1.1036397e+00  -7.2576435e-01
  -3.8173457e+00   2.1676019e+00  -4.9565694e-01
  -4.5266611e+00   9.7624718e-01  -5.4047434e-01
  -5.2636824e+00   9.2043909e-01  -1.4930425e+00
  -4.5300205e+00   2.0211038e+00  -1.3277150e+00
