  -4.5782422e+00  -1.2101146e+00   1.7588512e+00
  -2.9714186e+00   1.0296573e+00   1.7585932e+00
  -4.5597141e+00  -1.2557706e+00   1.8589621e+00
  -2.7420700e+00   1.2790276e+00   1.8665423e+00
  -4.3141100e+00  -1.1445667e+00   2.1627600e+00
  -2.6356170e+00   1.1692423e+00   2.1681636e+00
  -4.4542229e+00  -1.3972085e+00   2.2747120e+00
  -2.2900804e+00   1.5959553e+00   2.2770082e+00
  -4.3312890e+00  -7.3718859e-01   1.5589867e+00
  -3.2859417e+00   7.1803262e-01   1.5823460e+00
  -4.2819374e+00  -2.2525811e-01   1.0101734e+00
  -4.1883055e+00  -9.9600860e-02   1.0191973e+00
  -4.2868808e+00  -5.6224505e-01   1.4106651e+00
  -3.4383901e+00   6.4565107e-01   1.4111733e+00
  -4.3472542e+00   1.4978699e-01   4.9357255e-01
  -4.5719643e+00  -1.7941928e-01   4.9236510e-01
  -4.1632004e+00  -2.1105948e-01   1.1906672e+00
  -3.6888775e+00   4.7005351e-01   1.1955472e+00
  -3.7738436e+00  -5.5516846e-01   2.3343722e+00
  -2.8597590e+00   6.9424276e-01   2.3444314e+00
  -3.7608354e+00  -5.9947765e-01   2.4238590e+00
  -3.0183305e+00   4.0194443e-01   2.4313560e+00
  -3.7451473e+00  -5.9908867e-01   2.4536757e+00
  -2.6295916e+00   9.3302266e-01   2.4595723e+00
  -3.5777450e+00  -3.8655821e-02   1.9908890e+00
  -3.4319086e+00   1.4515359e-01   2.0154567e+00
  -3.8373970e+00   2.3307699e-01   1.2167435e+00
  -4.0251323e+00  -4.8496719e-02   1.2298152e+00
  -3.9748877e+00  -3.6014595e-01   1.6990144e+00
  -3.5521102e+00   2.2820637e-01   1.7020532e+00
  -3.7914418e+00   6.8693267e-01   8.0404467e-01
  -4.8458445e+00  -8.4104699e-01   8.0694465e-01
  -3.7174158e+00   3.0616838e-01   1.3317766e+00
  -4.0769974e+00  -2.1484841e-01   1.3405065e+00
  -3.0629711e+00  -1.8723724e-02   2.9333167e+00
  -3.0209384e+00   3.4888107e-02   2.9371983e+00
  -3.2215721e+00  -2.8166512e-01   3.0136962e+00
  -2.7036717e+00   4.1011751e-01   3.0156282e+00
  -2.9047982e+00   4.8735766e-01   2.5279779e+00
  -3.3081964e+00  -8.2191702e-02   2.5481976e+00
  -3.1656838e+00   7.7377845e-01   1.7202553e+00
  -4.2356282e+00  -7.3666624e-01   1.7297085e+00
  -3.4204920e+00   1.3774543e-01   2.0452948e+00
  -3.8992055e+00  -5.1716764e-01   2.0452596e+00
  -3.1206199e+00   1.2862303e+00   1.2492468e+00
  -4.7692902e+00  -1.0877469e+00   1.2478989e+00
  -3.1973115e+00   5.3829531e-01   1.9411429e+00
  -3.7188581e+00  -1.9834295e-01   1.9455189e+00
  -3.5588564e+00  -7.6379768e-01   3.0868796e+00
  -2.5923591e+00   5.1302892e-01   3.0862468e+00
  -3.2524403e+00   1.4103791e-01   2.3461188e+00
  -3.3470857e+00  -2.3656790e-03   2.3641976e+00
  -3.3065867e+00   5.4148234e-01   1.7497068e+00
  -4.0591899e+00  -5.1869510e-01   1.7560436e+00
  -3.5704159e+00  -1.3732746e-01   2.1341341e+00
  -3.4130886e+00   8.1918207e-02   2.1307451e+00
  -3.5909888e+00   7.2623203e-01   1.0783996e+00
  -4.7068033e+00  -8.6750349e-01   1.0733362e+00
  -3.3222890e+00   4.3286052e-01   1.8516620e+00
  -3.8854714e+00  -3.5653494e-01   1.8537981e+00
  -2.9432430e+00   4.2775167e-01   2.5357236e+00
  -3.4734863e+00  -3.1110048e-01   2.5585093e+00
  -3.2152414e+00   6.9202963e-01   1.7300610e+00
  -4.2036916e+00  -7.0292847e-01   1.7419272e+00
  -3.3301533e+00   2.4068389e-01   2.0753817e+00
  -3.5700632e+00  -9.4316461e-02   2.0775940e+00
  -3.2488766e+00   1.1198350e+00   1.2145754e+00
  -4.7010629e+00  -9.7183162e-01   1.2159291e+00
  -3.3244590e+00   4.4662810e-01   1.8313953e+00
  -3.9230896e+00  -3.9659053e-01   1.8390207e+00
  -3.7031095e+00   2.2682317e-01   1.4470412e+00
  -4.0191395e+00  -2.1866872e-01   1.4438760e+00
  -3.8918713e+00  -3.7079595e-01   1.8611078e+00
  -3.3403617e+00   4.0970820e-01   1.8483047e+00
  -3.5272957e+00   7.7255741e-01   1.1311590e+00
  -4.5945306e+00  -7.4748699e-01   1.1145953e+00
  -3.7519504e+00   1.2608157e-01   1.4831713e+00
  -3.8329706e+00   1.8207640e-02   1.4743564e+00
  -4.7210493e+00  -9.5890325e-01   1.1647202e+00
  -3.3560958e+00   1.0024679e+00   1.1647676e+00
  -4.8183975e+00  -2.8536894e-01   2.2201971e-01
  -4.5702911e+00   8.1737895e-02   2.2108596e-01
  -4.6706560e+00  -6.1119700e-01   8.2190870e-01
  -3.7818579e+00   6.7811804e-01   8.2792055e-01
  -4.3459141e+00   3.2941464e-01   3.1246130e-01
  -4.4081282e+00   2.3428225e-01   3.1338537e-01
  -4.3663970e+00  -3.3251067e-01   9.9587921e-01
  -4.0255539e+00   1.4993864e-01   1.0029353e+00
  -5.6004766e+00  -1.3567681e+00   1.9179189e-01
  -3.9257919e+00   1.1094423e+00   1.9980463e-01
