  -3.9332262e+00   9.3927178e-01   3.4392325e-01
  -2.6350439e+00   3.7057846e+00   5.3872105e-02
  -4.0288669e+00   2.2825147e-01   9.1154862e-01
  -2.1985137e+00   4.1217981e+00   3.7646569e-01
  -3.1551853e+00   2.3806436e+00   2.4971038e-01
  -2.0311797e+00   4.1376647e+00   5.8654372e-01
  -3.4320701e+00   1.5795562e+00   5.0539031e-01
  -1.8100395e+00   4.4824161e+00   6.7579048e-01
  -3.5050572e+00   1.8635816e+00   1.6308841e-01
  -2.6915826e+00   3.6459411e+00   1.6297906e-02
  -3.4359570e+00   2.8204612e+00  -4.3729499e-01
  -3.6477839e+00   2.8217875e+00  -7.1363636e-01
  -3.4785706e+00   2.3489026e+00  -1.7009883e-01
  -3.1432358e+00   3.3253395e+00  -3.7504408e-01
  -3.7217141e+00   3.0495915e+00  -9.4840030e-01
  -4.4222438e+00   2.4310165e+00  -1.4556382e+00
  -3.4367214e+00   2.4924296e+00  -2.1593255e-01
  -3.2443792e+00   3.3024803e+00  -4.9144848e-01
  -3.2589256e+00   9.0068470e-01   1.4267115e+00
  -2.6652403e+00   2.1025945e+00   1.1823851e+00
  -2.5444251e+00   2.9925849e+00   6.4573946e-01
  -2.8635751e+00   1.8564842e+00   1.1036527e+00
  -2.7559215e+00   2.3556661e+00   8.3457550e-01
  -2.5418588e+00   2.3504427e+00   1.1519376e+00
  -2.7789168e+00   2.5241401e+00   6.6774360e-01
  -3.2122941e+00   1.5994827e+00   8.1225872e-01
  -3.0711140e+00   3.1418335e+00  -1.6648561e-01
  -3.9661219e+00   1.4148316e+00  -1.2047278e-01
  -3.1136449e+00   2.5542086e+00   1.7831772e-01
  -3.6041505e+00   1.5466787e+00   2.8416622e-01
  -3.1532637e+00   3.6453767e+00  -5.7569027e-01
  -5.0301944e+00   3.1322807e-01  -6.7288347e-01
  -3.0020583e+00   3.0242440e+00   1.6995047e-03
  -4.0721472e+00   1.1141056e+00  -1.5895035e-02
  -1.8146882e+00   3.5591681e+00   1.2591649e+00
  -3.0019989e+00   8.3005037e-01   1.9326506e+00
  -2.1738509e+00   2.6979745e+00   1.4051524e+00
  -2.7536818e+00   1.1813851e+00   1.9542693e+00
  -2.0637723e+00   3.0505282e+00   1.2827969e+00
  -3.1803153e+00   8.0828781e-01   1.6569810e+00
  -2.2995530e+00   3.7905587e+00   4.4298693e-01
  -4.2190787e+00   6.2077377e-02   7.8866280e-01
  -2.4714803e+00   3.2213715e+00   5.8458227e-01
  -4.0306474e+00   1.9395597e-01   9.4614426e-01
  -2.4740551e+00   4.2404403e+00  -4.5055332e-02
  -5.0642369e+00  -5.4255532e-01   1.1707671e-01
  -2.4755543e+00   3.1114952e+00   6.5597445e-01
  -3.8356119e+00   5.0696488e-01   9.2081384e-01
  -2.4116152e+00   2.2889642e+00   1.3999544e+00
  -1.8950083e+00   3.3790123e+00   1.2762221e+00
  -2.4047787e+00   2.7108538e+00   1.0566925e+00
  -2.5272350e+00   2.9098479e+00   7.3014059e-01
  -2.4628219e+00   3.5278897e+00   3.9171738e-01
  -3.4409025e+00   2.2810703e+00  -6.9391717e-02
  -2.6813936e+00   2.8232545e+00   5.7872157e-01
  -2.9006569e+00   2.9482955e+00   1.8916705e-01
  -2.9016162e+00   3.7332931e+00  -3.0606594e-01
  -4.3884194e+00   1.7944905e+00  -9.8672734e-01
  -2.5736484e+00   3.1013528e+00   5.2810596e-01
  -3.3291129e+00   2.3703482e+00   1.7696271e-02
  -2.0816824e+00   3.0360095e+00   1.2681932e+00
  -2.7655367e+00   2.0664720e+00   1.0641250e+00
  -2.3407506e+00   3.6816451e+00   4.5649481e-01
  -3.6819803e+00   1.5969564e+00   1.3053735e-01
  -2.4909192e+00   3.1538075e+00   6.0495514e-01
  -3.1974499e+00   2.1526043e+00   3.6664054e-01
  -2.6510685e+00   3.9966614e+00  -1.3574077e-01
  -4.4935102e+00   1.1104618e+00  -6.0540028e-01
  -2.5696624e+00   3.0929108e+00   5.3949073e-01
  -3.5093602e+00   1.8076286e+00   2.0226173e-01
  -2.8150864e+00   3.2956449e+00   7.2533345e-02
  -3.7306584e+00   1.7109214e+00  -3.1184681e-02
  -3.0195667e+00   2.5551054e+00   3.0725875e-01
  -3.1486909e+00   2.3249808e+00   3.0103299e-01
  -2.8659819e+00   3.7101855e+00  -2.4712240e-01
  -4.6072721e+00   8.2862903e-01  -5.2836032e-01
  -3.0437797e+00   2.7920767e+00   1.0385632e-01
  -3.6454612e+00   1.8827687e+00  -4.8557796e-02
  -3.9465117e+00   1.8705313e+00  -4.5212376e-01
  -3.1639795e+00   3.2383066e+00  -3.4848105e-01
  -4.1596388e+00   2.6771588e+00  -1.2766341e+00
  -4.5677592e+00   2.1605435e+00  -1.4677557e+00
  -4.0181162e+00   1.9898953e+00  -6.3618664e-01
  -3.5641153e+00   2.9208104e+00  -6.6814247e-01
  -3.8696591e+00   3.1348674e+00  -1.1844719e+00
  -4.4403052e+00   2.2991095e+00  -1.3951716e+00
  -3.5825943e+00   2.4159238e+00  -3.5761225e-01
  -3.7985079e+00   2.2246819e+00  -5.1110546e-01
  -4.8591142e+00   1.3454434e+00  -1.2798809e+00
  -3.9248360e+00   2.9500130e+00  -1.1454407e+00
