  -3.7476891e+00   3.2567912e-01   1.2597764e+00
  -1.6188508e+00   4.3044744e+00   1.0343099e+00
  -3.9147523e+00  -3.0831602e-01   1.7386445e+00
  -1.1397874e+00   4.7451169e+00   1.4117166e+00
  -2.9347391e+00   2.3286713e+00   5.9973392e-01
  -1.7771533e+00   4.2372249e+00   8.6347457e-01
  -3.2600760e+00   1.3885657e+00   9.3472210e-01
  -1.4593940e+00   4.6295159e+00   1.0527074e+00
  -3.3221139e+00   1.4656332e+00   7.6957389e-01
  -1.9348433e+00   4.0633741e+00   7.5948363e-01
  -3.1592929e+00   1.8796348e+00   6.4509402e-01
  -2.2957175e+00   3.5938506e+00   5.7321433e-01
  -3.1728352e+00   1.6070384e+00   8.6444624e-01
  -1.8301104e+00   4.1399635e+00   8.5225808e-01
  -3.4318986e+00   1.9317305e+00   2.1155361e-01
  -2.7133579e+00   3.6409688e+00  -9.0516453e-03
  -3.1854251e+00   1.7662529e+00   7.0434327e-01
  -1.9687824e+00   4.1682233e+00   6.5064965e-01
  -3.1232300e+00   3.8289396e-01   2.2651684e+00
  -1.6812511e+00   2.6690561e+00   2.1841361e+00
  -2.3933064e+00   2.8883674e+00   9.3518165e-01
  -2.6227257e+00   1.9983983e+00   1.3402680e+00
  -2.6824709e+00   2.1000554e+00   1.1587870e+00
  -2.3022108e+00   2.4706026e+00   1.4062650e+00
  -2.5017078e+00   2.1923066e+00   1.3493608e+00
  -2.5078893e+00   1.9301268e+00   1.5813163e+00
  -2.7468555e+00   2.2763695e+00   9.1291507e-01
  -2.6798479e+00   2.1700156e+00   1.1017073e+00
  -2.7882082e+00   1.8579029e+00   1.2165839e+00
  -2.3916341e+00   2.2621988e+00   1.4540394e+00
  -2.8801054e+00   2.4855961e+00   5.5448198e-01
  -3.3714639e+00   1.5279261e+00   6.3993842e-01
  -2.7078480e+00   2.3276583e+00   9.2729603e-01
  -2.9091404e+00   1.8260962e+00   1.0624039e+00
  -1.6911340e+00   3.4115171e+00   1.5443348e+00
  -2.7388576e+00   1.0266888e+00   2.1555071e+00
  -2.0481632e+00   2.4493209e+00   1.8124362e+00
  -2.4537744e+00   1.3367217e+00   2.2885404e+00
  -1.8833527e+00   2.6530889e+00   1.8831594e+00
  -2.4744507e+00   1.2481361e+00   2.3550072e+00
  -2.0358384e+00   2.8788043e+00   1.4602855e+00
  -2.9951533e+00   8.7286735e-01   1.8949650e+00
  -2.2131380e+00   2.4160152e+00   1.5887615e+00
  -2.7628806e+00   1.0535084e+00   2.0831952e+00
  -2.2284863e+00   3.0337543e+00   1.0593833e+00
  -3.4087653e+00   7.1385888e-01   1.3848193e+00
  -2.1668436e+00   2.4375598e+00   1.6402766e+00
  -2.6792877e+00   1.2286653e+00   2.0267662e+00
  -2.3297916e+00   2.0094193e+00   1.7851682e+00
  -1.5951448e+00   3.5263995e+00   1.5962610e+00
  -2.2119410e+00   2.3389627e+00   1.6598761e+00
  -1.7500856e+00   3.3599985e+00   1.4982637e+00
  -2.1548397e+00   2.5789309e+00   1.5344298e+00
  -2.0493018e+00   3.1009447e+00   1.2647254e+00
  -2.2857201e+00   2.1447323e+00   1.7251584e+00
  -1.5736424e+00   3.6458183e+00   1.5386129e+00
  -2.5648203e+00   2.5831373e+00   9.2732472e-01
  -2.5784255e+00   3.0584146e+00   5.5173990e-01
  -2.3200624e+00   2.3853112e+00   1.4535373e+00
  -2.0791778e+00   3.1999481e+00   1.1470578e+00
  -1.8906458e+00   2.6334059e+00   1.8895427e+00
  -2.0180941e+00   2.4791346e+00   1.8318582e+00
  -2.1097405e+00   2.6942898e+00   1.5036803e+00
  -2.3382257e+00   2.4529896e+00   1.3674585e+00
  -2.0844814e+00   2.4722715e+00   1.7355278e+00
  -1.9164940e+00   2.8322539e+00   1.6767705e+00
  -2.2127544e+00   2.9710102e+00   1.1297532e+00
  -2.8476864e+00   2.1132764e+00   9.0232536e-01
  -2.3582638e+00   2.3412258e+00   1.4345380e+00
  -2.3008630e+00   2.6344028e+00   1.2701504e+00
  -2.5562583e+00   2.2932354e+00   1.1793565e+00
  -2.2859599e+00   2.7059265e+00   1.2334418e+00
  -2.7491992e+00   1.8010667e+00   1.3290204e+00
  -1.7795243e+00   3.3137195e+00   1.4910155e+00
  -2.6628269e+00   2.4756475e+00   8.7202091e-01
  -2.8120126e+00   2.3040338e+00   7.9555230e-01
  -2.7009614e+00   2.1290091e+00   1.1058383e+00
  -2.3481546e+00   2.7475442e+00   1.1094515e+00
  -3.5503754e+00   1.2817972e+00   5.9689518e-01
  -1.9538196e+00   3.8560783e+00   8.6501032e-01
  -3.9265180e+00   1.5012153e+00  -1.3581087e-01
  -2.8392763e+00   3.4450567e+00  -5.3582678e-02
  -3.6554875e+00   1.4219168e+00   3.1733847e-01
  -2.4194656e+00   3.5517622e+00   4.3432374e-01
  -3.3550891e+00   2.1483848e+00   1.4894707e-01
  -2.7491703e+00   3.2669145e+00   1.7877105e-01
  -3.3734673e+00   1.6671518e+00   5.1499557e-01
  -2.5680004e+00   3.0674528e+00   5.5969773e-01
  -4.7428757e+00   5.3943597e-01  -4.6764263e-01
  -2.7124180e+00   3.8985127e+00  -1.5868375e-01
