  -4.3517293e+00  -2.7625733e-03   6.4845218e-01
  -3.6453925e+00   1.3110936e+00   4.2980758e-01
  -4.2565110e+00  -4.4393846e-02   8.4603666e-01
  -3.2346785e+00   1.6017760e+00   7.7682058e-01
  -3.5392125e+00   1.0832529e+00   8.0038947e-01
  -3.5307850e+00   1.0227378e+00   8.7217381e-01
  -4.0143093e+00  -6.3303248e-02   1.2652781e+00
  -2.7198619e+00   1.9715287e+00   1.2169813e+00
  -3.6324603e+00   1.6444426e+00   1.6155149e-01
  -3.7213461e+00   1.0610223e+00   5.4611000e-01
  -3.9798497e+00  -7.7809313e-02   1.3403661e+00
  -2.8952745e+00   1.5977245e+00   1.2962274e+00
  -3.8754240e+00   1.2429836e+00   1.5489992e-01
  -4.2863091e+00   6.7333703e-01   7.0034390e-02
  -4.0551380e+00   1.0913599e+00   2.8443337e-02
  -4.5302964e+00   5.3407244e-01  -1.5739222e-01
  -3.8544226e+00   1.7432586e+00  -2.2882931e-01
  -4.5989756e+00   6.0762074e-01  -3.2330326e-01
  -3.6200130e+00   4.7816993e-01   1.2988459e+00
  -3.3904343e+00   7.5538171e-01   1.3695613e+00
  -3.2289712e+00   1.4344382e+00   9.3889980e-01
  -4.0440541e+00  -7.3406606e-03   1.1506123e+00
  -3.3339454e+00   7.6638622e-01   1.4497423e+00
  -3.3155201e+00   7.2700519e-01   1.5233801e+00
  -2.7010967e+00   2.4118393e+00   8.6823332e-01
  -3.9757148e+00  -8.6414207e-02   1.3576165e+00
  -3.4195990e+00   5.3285085e-01   1.5689902e+00
  -3.0574077e+00   9.7708245e-01   1.6739168e+00
  -3.5405076e+00   1.4967633e+00   4.1933112e-01
  -4.6344308e+00  -2.6837866e-01   4.9074063e-01
  -3.5717313e+00   1.5770889e+00   3.0496923e-01
  -4.9879828e+00  -5.9129972e-01   2.8905233e-01
  -3.2565209e+00   2.3654511e+00   1.2097963e-01
  -5.1969564e+00  -8.1569599e-01   2.1017079e-01
  -2.5669088e+00   1.9444214e+00   1.4760313e+00
  -3.9410978e+00  -2.7650858e-01   1.6514561e+00
  -2.8469339e+00   1.0065324e+00   1.9937134e+00
  -3.3077661e+00   2.8969813e-01   2.0532481e+00
  -2.3158358e+00   2.6511608e+00   1.2343533e+00
  -3.6994363e+00   3.3541005e-02   1.6850225e+00
  -2.8495830e+00   8.4236303e-01   2.1811959e+00
  -3.0933881e+00   4.1607085e-01   2.2765007e+00
  -2.8840886e+00   2.1564778e+00   8.1272050e-01
  -5.0286019e+00  -1.1243263e+00   8.4944639e-01
  -2.7834156e+00   2.2264323e+00   9.0114507e-01
  -4.8223609e+00  -8.4550411e-01   8.5141845e-01
  -2.7944485e+00   2.4796390e+00   6.8039932e-01
  -4.7996989e+00  -7.1819398e-01   7.3625443e-01
  -3.2124992e+00   5.6485953e-01   1.8831481e+00
  -3.0301931e+00   9.8745827e-01   1.7075549e+00
  -2.5696258e+00   2.3486333e+00   1.1124404e+00
  -3.4704569e+00   6.8417570e-01   1.3166887e+00
  -3.1277625e+00   5.4783852e-01   2.0507590e+00
  -2.6312229e+00   1.4034543e+00   1.9158200e+00
  -2.9866915e+00   1.8245201e+00   9.4751514e-01
  -4.1947453e+00   1.7447530e-01   7.0597493e-01
  -3.1411826e+00   1.7740356e+00   7.6272211e-01
  -4.5520252e+00  -8.9916824e-02   4.2759231e-01
  -2.9545357e+00   2.3540974e+00   5.5154976e-01
  -4.6191392e+00  -7.9404904e-02   3.1249370e-01
  -2.3048543e+00   2.7953387e+00   1.1342196e+00
  -3.9828309e+00  -2.1856562e-01   1.5061958e+00
  -2.9172374e+00   7.8474384e-01   2.1321861e+00
  -3.0066994e+00   6.4118145e-01   2.1492822e+00
  -2.9214358e+00   2.0072821e+00   8.8442601e-01
  -4.4533040e+00  -3.1951602e-01   8.3822114e-01
  -2.9919092e+00   1.9838776e+00   8.0089032e-01
  -4.7160347e+00  -5.5257260e-01   6.7930919e-01
  -2.9266487e+00   2.4027512e+00   5.5296851e-01
  -4.9181804e+00  -7.0132729e-01   5.2402933e-01
  -3.3174730e+00   5.1239919e-01   1.7652916e+00
  -2.7190059e+00   1.6560175e+00   1.5151845e+00
  -3.2496496e+00   1.6784437e+00   6.8656095e-01
  -4.0015430e+00   8.8771405e-01   2.9061421e-01
  -3.4251714e+00   1.5075887e+00   5.7876327e-01
  -4.2485875e+00   7.2267276e-01   7.9631871e-02
  -3.2122749e+00   2.2540358e+00   2.6669883e-01
  -4.5525968e+00   4.8205447e-01  -1.4168613e-01
  -4.2331978e+00   8.5831918e-01  -2.1683073e-02
  -4.1561397e+00   1.0822783e+00  -1.0845354e-01
  -4.4740585e+00   7.1279338e-01  -2.3843141e-01
  -4.5484580e+00   8.1823964e-01  -4.3680612e-01
  -4.2457362e+00   1.4857601e+00  -5.6489118e-01
  -4.8349365e+00   5.9505173e-01  -6.4641435e-01
  -3.6829011e+00   1.4595908e+00   2.4516991e-01
  -4.3285680e+00   5.5679234e-01   1.1719718e-01
  -4.0944177e+00   1.6395487e+00  -4.7768114e-01
  -5.1117999e+00   1.6655199e-02  -5.1708055e-01
  -5.4319880e+00   4.5592686e-01  -1.3491391e+00
  -5.0404510e+00   9.6634273e-01  -1.2325010e+00
