  -3.7816139e+00   3.4122769e-01   1.1868486e+00
  -1.7433201e+00   4.3245168e+00   8.5587708e-01
  -4.0120662e+00   7.9785149e-01   3.5929273e-01
  -2.8801147e+00   3.6441198e+00  -2.2666811e-01
  -3.0774100e+00   2.8593231e+00   1.2120341e-02
  -2.4161527e+00   3.9504223e+00   1.9335417e-01
  -3.3399973e+00   1.6414430e+00   5.8616872e-01
  -2.0633960e+00   4.2391836e+00   4.8455344e-01
  -3.3147673e+00   2.0027655e+00   3.2012314e-01
  -2.4572241e+00   3.7653934e+00   2.5036841e-01
  -3.3220090e+00   2.4456860e+00  -2.7550826e-02
  -3.4882105e+00   2.6768159e+00  -4.1097430e-01
  -3.3832356e+00   2.3671314e+00  -5.3847393e-02
  -3.1682963e+00   3.3580692e+00  -4.2714895e-01
  -3.5560949e+00   3.2568206e+00  -8.6136699e-01
  -4.4751855e+00   2.3837935e+00  -1.4928359e+00
  -3.3180994e+00   2.5283707e+00  -8.1512945e-02
  -3.0821569e+00   3.5184813e+00  -4.1205283e-01
  -3.1615359e+00   1.5545635e+00   9.2940512e-01
  -3.3776815e+00   1.4593051e+00   6.9236906e-01
  -2.3374899e+00   3.5782106e+00   5.2717155e-01
  -3.2517541e+00   1.4179606e+00   9.1974554e-01
  -2.8516599e+00   2.2315975e+00   7.9754242e-01
  -2.8019839e+00   2.1846867e+00   9.0898588e-01
  -2.4926347e+00   2.7081883e+00   9.3239437e-01
  -3.0151609e+00   1.5646630e+00   1.1427593e+00
  -2.9372621e+00   2.8120293e+00   2.3447693e-01
  -3.6855629e+00   1.4961498e+00   2.1012596e-01
  -2.9270729e+00   2.6815004e+00   3.4212769e-01
  -3.7246011e+00   1.3099157e+00   3.1495641e-01
  -3.1113964e+00   3.7032515e+00  -5.5542029e-01
  -5.0744987e+00   3.2552389e-01  -7.4626074e-01
  -2.6400935e+00   3.1584481e+00   3.9799950e-01
  -3.8971628e+00   9.9884592e-01   3.4220099e-01
  -1.7091814e+00   4.0302298e+00   1.0849504e+00
  -3.2778872e+00   6.4597646e-01   1.6773342e+00
  -2.2353223e+00   2.6422235e+00   1.3604872e+00
  -3.0449526e+00   9.6525276e-01   1.7075542e+00
  -2.0604599e+00   2.9769932e+00   1.3452562e+00
  -2.8341608e+00   1.2107513e+00   1.7881756e+00
  -2.2787218e+00   3.2792013e+00   8.0964952e-01
  -3.9188658e+00   2.9606472e-01   1.0142012e+00
  -2.3864899e+00   3.2497881e+00   6.8149458e-01
  -4.0920793e+00   1.6558526e-01   8.7863113e-01
  -2.5196403e+00   4.1518774e+00  -5.4517830e-02
  -4.9730930e+00  -3.1624585e-01   1.7452673e-02
  -2.1726985e+00   3.1550707e+00   1.0477712e+00
  -3.5766878e+00   6.0956255e-01   1.2253822e+00
  -2.5364474e+00   2.2384158e+00   1.2563784e+00
  -2.2754465e+00   3.1584859e+00   9.0061289e-01
  -2.2064072e+00   2.8252751e+00   1.2533712e+00
  -2.2071653e+00   3.1884036e+00   9.7464431e-01
  -2.5511812e+00   2.9083255e+00   6.9776218e-01
  -3.0405080e+00   2.7727487e+00   1.2180226e-01
  -2.4275403e+00   2.9774506e+00   8.1998839e-01
  -2.9492118e+00   2.7781516e+00   2.4217470e-01
  -2.7194643e+00   3.8133421e+00  -1.1883731e-01
  -4.3351326e+00   1.8499229e+00  -9.5610641e-01
  -2.4057960e+00   3.1291572e+00   7.3999474e-01
  -3.0807147e+00   2.6636907e+00   1.4433312e-01
  -1.9871488e+00   3.1309125e+00   1.3312824e+00
  -2.6362877e+00   2.0961957e+00   1.2315835e+00
  -2.3302112e+00   3.1924334e+00   7.9975790e-01
  -3.4538991e+00   1.6499124e+00   4.1303119e-01
  -2.2185845e+00   3.2675825e+00   9.0146775e-01
  -3.2931418e+00   1.7995994e+00   5.1856787e-01
  -2.3921265e+00   4.1754562e+00   9.5401970e-02
  -4.5844220e+00   7.8713393e-01  -4.6063923e-01
  -2.2522612e+00   3.1723658e+00   9.2301706e-01
  -3.3301697e+00   1.7246704e+00   5.2860648e-01
  -2.8733563e+00   2.7678740e+00   3.5346129e-01
  -3.2642981e+00   2.5273083e+00  -7.8657648e-03
  -2.9558096e+00   2.5942208e+00   3.6657112e-01
  -2.9595345e+00   3.1163386e+00  -2.5630680e-03
  -3.1035075e+00   3.4640381e+00  -4.0725900e-01
  -4.2823828e+00   2.0620722e+00  -1.0352764e+00
  -2.7116393e+00   2.9187422e+00   4.6766829e-01
  -3.1775890e+00   2.5940166e+00   6.2226490e-02
  -3.7060680e+00   2.0518473e+00  -2.6102408e-01
  -3.2728957e+00   3.0079424e+00  -3.4520217e-01
  -4.0727644e+00   2.7396832e+00  -1.2051927e+00
  -4.5127990e+00   2.3356694e+00  -1.5100352e+00
  -3.7597411e+00   2.1384939e+00  -3.9741680e-01
  -3.4442579e+00   2.9176621e+00  -5.1092033e-01
  -3.3251703e+00   3.3273240e+00  -6.0972474e-01
  -4.2361048e+00   1.9749748e+00  -9.1427385e-01
  -3.2688460e+00   2.5766255e+00  -4.9142748e-02
  -3.6901657e+00   2.0539964e+00  -2.4096257e-01
  -4.8283067e+00   1.3291665e+00  -1.2272329e+00
  -3.8354369e+00   3.1167620e+00  -1.1311963e+00
