  -4.4940645e+00  -1.0705365e+00   1.7174032e+00
  -2.5769348e+00   1.7459321e+00   1.6512797e+00
  -4.3915456e+00  -1.5965116e-01   7.5727477e-01
  -3.5692418e+00   1.1140362e+00   7.2522031e-01
  -4.0379285e+00   7.8067385e-02   1.0632667e+00
  -3.1721008e+00   1.2622426e+00   1.1924562e+00
  -4.0893353e+00  -1.6027516e-01   1.2542162e+00
  -3.0738191e+00   1.4334943e+00   1.1777420e+00
  -3.9420592e+00   4.1940204e-01   8.4486153e-01
  -3.1799167e+00   1.2415246e+00   1.2007977e+00
  -4.0557303e+00   2.5062674e-01   8.4450079e-01
  -3.8435673e+00   5.7250496e-01   8.3990958e-01
  -4.1479284e+00   5.9394898e-01   3.5119762e-01
  -4.1855844e+00   5.5825927e-01   3.2921186e-01
  -4.1867894e+00   1.3027136e+00  -3.3727883e-01
  -5.2595036e+00  -2.8655941e-01  -4.4010554e-01
  -3.9546460e+00   1.2131323e+00   6.6740581e-02
  -4.5000264e+00   3.3155378e-01   7.8700416e-02
  -3.5832019e+00   5.7637761e-01   1.2508553e+00
  -3.7981986e+00   2.0457062e-01   1.3139980e+00
  -3.3586030e+00   7.3069628e-01   1.4484346e+00
  -3.6594683e+00   1.0167115e-01   1.6706305e+00
  -3.6305003e+00   4.2630202e-01   1.3395192e+00
  -3.4896667e+00   6.1047173e-01   1.3659358e+00
  -3.1047303e+00   1.1555342e+00   1.4069752e+00
  -3.4252327e+00   3.1251173e-01   1.8190222e+00
  -3.6524366e+00   6.5373657e-01   1.0568295e+00
  -3.7057699e+00   4.6423910e-01   1.1745201e+00
  -3.7711072e+00   8.7380853e-01   6.4969352e-01
  -4.4562607e+00  -2.2788308e-01   7.2956988e-01
  -3.7512990e+00   1.7201402e+00  -6.7419062e-02
  -5.6032008e+00  -1.1524575e+00  -4.8081477e-02
  -3.3512544e+00   1.7644504e+00   4.6421808e-01
  -4.9135448e+00  -7.5720753e-01   5.9625215e-01
  -2.7893215e+00   1.1657258e+00   1.9119103e+00
  -3.5503721e+00  -7.5672473e-02   2.0887261e+00
  -3.0198858e+00   8.4126307e-01   1.8892699e+00
  -3.6116105e+00   8.7350596e-03   1.8698111e+00
  -2.7364423e+00   1.3712964e+00   1.7770979e+00
  -3.1034378e+00   5.0796116e-01   2.1426768e+00
  -3.0310859e+00   1.0732616e+00   1.6127959e+00
  -3.8543444e+00  -1.8286159e-01   1.6849534e+00
  -3.2056910e+00   1.4074664e+00   9.9979553e-01
  -4.7856338e+00  -9.3692326e-01   1.0261959e+00
  -3.1186490e+00   2.2183323e+00   4.2607246e-01
  -5.3878727e+00  -1.2347502e+00   3.8995386e-01
  -2.9214532e+00   1.8242852e+00   1.0455021e+00
  -4.4400766e+00  -5.4697024e-01   1.1292979e+00
  -3.3359370e+00   4.3143748e-01   1.8298155e+00
  -3.4204167e+00   4.5345617e-01   1.6593618e+00
  -2.8945771e+00   1.2121690e+00   1.6874117e+00
  -3.0610045e+00   7.5118873e-01   1.9235681e+00
  -3.3488045e+00   7.0506263e-01   1.4927994e+00
  -3.4796817e+00   5.7548309e-01   1.4211041e+00
  -3.2218619e+00   1.2088462e+00   1.1676691e+00
  -4.1351786e+00  -3.6955905e-02   1.0346796e+00
  -3.4109448e+00   1.8073457e+00   3.4255497e-01
  -5.2309621e+00  -7.8669574e-01   1.2457877e-01
  -3.1775227e+00   1.7091297e+00   7.6607549e-01
  -4.4931733e+00  -2.4587226e-01   6.9045116e-01
  -2.6680411e+00   1.5182099e+00   1.7350261e+00
  -3.4625751e+00   4.1727387e-02   2.0937056e+00
  -3.0790615e+00   1.0258105e+00   1.5853596e+00
  -3.8539899e+00  -1.5177567e-01   1.6464824e+00
  -3.0545636e+00   1.4815012e+00   1.1612946e+00
  -4.3678111e+00  -4.8354226e-01   1.1740723e+00
  -3.0921310e+00   2.1777768e+00   4.9589525e-01
  -5.4059949e+00  -1.3104701e+00   4.5154340e-01
  -2.9970073e+00   1.8187466e+00   9.3725093e-01
  -4.6978162e+00  -8.0427659e-01   1.0098993e+00
  -3.6004817e+00   5.9797639e-01   1.1994699e+00
  -3.4694439e+00   1.0433421e+00   9.4657239e-01
  -3.7288148e+00   8.4327929e-01   7.4428451e-01
  -3.8244187e+00   1.0631965e+00   3.9059786e-01
  -3.7295017e+00   1.5306536e+00   1.1820477e-01
  -4.8713991e+00   1.9967726e-01  -3.4138675e-01
  -3.4268394e+00   1.5557036e+00   5.3388143e-01
  -4.2780375e+00   5.1943481e-01   2.2814826e-01
  -4.4770877e+00   2.9502542e-01   1.4866659e-01
  -4.1612536e+00   8.3355623e-01   1.0552383e-01
  -4.6546327e+00   8.1620021e-01  -5.8400900e-01
  -5.1637218e+00   1.4030121e-01  -7.0583533e-01
  -4.4192203e+00   8.0818599e-01  -2.4462914e-01
  -4.5796803e+00   5.3060556e-01  -2.2577188e-01
  -3.9342176e+00   1.4438721e+00  -9.9552195e-02
  -4.8744182e+00   1.8125032e-02  -1.7167622e-01
  -3.9891508e+00   1.1906232e+00   3.6707702e-02
  -4.8716370e+00  -2.3543459e-01   8.8000289e-02
  -5.4933808e+00  -3.4074515e-02  -1.0121578e+00
  -4.8700127e+00   8.0031543e-01  -8.6874435e-01
