  -4.5883821e+00  -7.8658372e-01   1.1740498e+00
  -3.4071599e+00   9.6232886e-01   1.1252032e+00
  -4.4696973e+00  -1.0232113e+00   1.6962246e+00
  -2.7061558e+00   1.4593031e+00   1.7342344e+00
  -4.1273963e+00  -1.7678823e-01   1.2099861e+00
  -3.4246229e+00   7.9151388e-01   1.2754685e+00
  -4.3665907e+00  -9.6206612e-01   1.8002296e+00
  -2.6334088e+00   1.5352088e+00   1.7735452e+00
  -4.1208872e+00  -3.3915049e-02   1.0546286e+00
  -3.3700945e+00   8.6167185e-01   1.2887438e+00
  -4.1204872e+00  -2.3138762e-01   1.2867955e+00
  -3.6856666e+00   3.9525345e-01   1.2836040e+00
  -4.2375528e+00  -4.2216266e-01   1.3203289e+00
  -3.2914572e+00   9.3891234e-01   1.3335965e+00
  -4.3221638e+00   1.7857963e-01   5.0250184e-01
  -4.3246553e+00   1.9382450e-01   4.8283074e-01
  -4.1555327e+00  -3.0671586e-01   1.3186089e+00
  -3.1462443e+00   1.1385383e+00   1.3582018e+00
  -3.6038008e+00  -2.4335826e-01   2.2161757e+00
  -2.8893504e+00   6.9934613e-01   2.2852979e+00
  -3.5875126e+00   3.5378698e-01   1.4935702e+00
  -3.8319061e+00  -8.4729414e-02   1.6014669e+00
  -3.7910324e+00  -2.9210884e-01   1.9389112e+00
  -3.0101122e+00   8.0107405e-01   1.9524571e+00
  -3.2460958e+00   7.4589490e-01   1.6173644e+00
  -3.5731976e+00   6.0984074e-02   1.8716043e+00
  -3.6432264e+00   1.9701200e-01   1.5834873e+00
  -3.5517721e+00   2.8527732e-01   1.6342792e+00
  -3.8170129e+00  -9.2554395e-02   1.6369725e+00
  -3.5372098e+00   2.5888388e-01   1.6907132e+00
  -3.8800959e+00   6.1810680e-01   7.3627313e-01
  -4.6224937e+00  -4.9213720e-01   7.6153042e-01
  -3.4817967e+00   3.9164871e-01   1.6276801e+00
  -3.6712236e+00   4.7391408e-02   1.7169167e+00
  -2.9898653e+00   8.1493689e-01   1.9709650e+00
  -3.7308293e+00  -2.8512315e-01   2.0389675e+00
  -3.2037749e+00   9.6219317e-02   2.4974090e+00
  -3.0570765e+00   3.0952178e-01   2.4822487e+00
  -2.8030885e+00   1.0793213e+00   1.9853667e+00
  -3.3460722e+00   1.2710865e-01   2.1931752e+00
  -3.0718575e+00   6.5650451e-01   2.0168720e+00
  -3.7062516e+00  -2.4449853e-01   2.0294063e+00
  -3.4173032e+00   2.6511544e-01   1.8908551e+00
  -3.7888154e+00  -2.6490249e-01   1.9070109e+00
  -3.3068450e+00   1.0688340e+00   1.1748996e+00
  -4.4187867e+00  -5.4218139e-01   1.1594538e+00
  -3.0045033e+00   5.4866029e-01   2.2679412e+00
  -3.2324881e+00   1.8902381e-01   2.3190063e+00
  -3.5553464e+00  -3.4599494e-01   2.4513689e+00
  -2.9557476e+00   5.2112481e-01   2.3908271e+00
  -3.0300331e+00   8.5147796e-01   1.8603567e+00
  -3.3708325e+00   2.2403560e-01   2.0240567e+00
  -3.2757235e+00   3.3505433e-01   2.0531314e+00
  -3.4006643e+00   1.8723117e-01   2.0176121e+00
  -3.4182380e+00   1.0786201e-01   2.0877740e+00
  -3.2691025e+00   3.4366839e-01   2.0540772e+00
  -3.5152483e+00   7.6952006e-01   1.1535335e+00
  -4.3884613e+00  -4.3118264e-01   1.0760770e+00
  -3.2653881e+00   3.9336543e-01   1.9988895e+00
  -3.3421955e+00   2.8310300e-01   2.0005449e+00
  -2.7724756e+00   1.1050763e+00   2.0080785e+00
  -3.6140643e+00  -2.7153482e-01   2.2358144e+00
  -3.1769779e+00   5.1391857e-01   2.0060129e+00
  -3.6559258e+00  -1.8121980e-01   2.0367211e+00
  -3.1119333e+00   4.9640141e-01   2.1419916e+00
  -3.4736716e+00  -3.3332870e-02   2.1723600e+00
  -3.0910158e+00   1.2230323e+00   1.3595862e+00
  -4.5085531e+00  -8.2634021e-01   1.3630886e+00
  -3.2774302e+00   3.6710570e-01   2.0101879e+00
  -3.4609762e+00   5.6309902e-02   2.0776199e+00
  -3.6491039e+00   5.1396096e-02   1.7504701e+00
  -3.2202526e+00   8.0260324e-01   1.5970169e+00
  -3.9539839e+00  -2.8342140e-01   1.6376357e+00
  -3.0141142e+00   1.2313647e+00   1.4737467e+00
  -3.8620267e+00   4.5832665e-01   9.3035605e-01
  -4.0469574e+00   3.8930408e-01   7.1165287e-01
  -3.5412268e+00   1.7869919e-01   1.7811463e+00
  -3.1141594e+00   9.0408007e-01   1.6603699e+00
  -4.4856864e+00  -6.2630892e-01   1.1494344e+00
  -3.2863225e+00   1.1116933e+00   1.1638745e+00
  -4.8661942e+00  -3.2452529e-01   1.8979931e-01
  -4.2572890e+00   6.1483930e-01   1.6778337e-01
  -4.4837582e+00  -5.1620584e-01   1.0187138e+00
  -3.3812193e+00   1.0590434e+00   1.0681127e+00
  -3.9671557e+00   4.8317434e-01   7.3897913e-01
  -4.0342845e+00   3.8651234e-01   7.3438477e-01
  -4.2241494e+00  -3.0106547e-01   1.1957331e+00
  -3.5832270e+00   5.6899775e-01   1.2588633e+00
  -5.6646522e+00  -1.4982342e+00   2.5719308e-01
  -3.4638569e+00   1.7084156e+00   3.4917284e-01
