  -4.2313305e+00  -3.6016310e-01   1.2549543e+00
  -2.3882914e+00   2.6369526e+00   1.1399299e+00
  -4.1039027e+00  -5.8440354e-01   1.7630084e+00
  -1.7606431e+00   3.0474992e+00   1.7304699e+00
  -3.4260724e+00   7.6340964e-01   1.3031496e+00
  -1.9759339e+00   2.7845677e+00   1.6278117e+00
  -3.9972381e+00  -3.7921971e-01   1.6840851e+00
  -1.5863432e+00   3.3459323e+00   1.7481159e+00
  -3.5184135e+00   7.0317738e-01   1.2187331e+00
  -1.9753120e+00   2.7514446e+00   1.6569235e+00
  -3.6840319e+00   8.3422196e-02   1.6505157e+00
  -1.9425031e+00   2.6885683e+00   1.7610394e+00
  -3.8062457e+00   9.9099586e-01   4.8471794e-01
  -3.1985231e+00   2.0454382e+00   4.5091364e-01
  -3.8223481e+00   8.4131953e-01   6.0333342e-01
  -3.2542111e+00   1.9078308e+00   4.8404594e-01
  -3.5895683e+00   1.2444467e+00   5.7277900e-01
  -3.1063426e+00   2.0461971e+00   5.8238126e-01
  -3.2963414e+00   1.4615998e-01   2.2587374e+00
  -2.1904691e+00   1.6488569e+00   2.3876330e+00
  -2.8909892e+00   1.2993805e+00   1.6013638e+00
  -2.6702492e+00   1.2143217e+00   2.0580712e+00
  -3.3733934e+00   2.9096788e-01   1.9358303e+00
  -2.1563987e+00   1.9376783e+00   2.1359281e+00
  -2.5720762e+00   1.5189979e+00   1.8904022e+00
  -2.4483570e+00   1.2046959e+00   2.4517584e+00
  -2.9581223e+00   7.4032376e-01   2.1141960e+00
  -2.1674090e+00   1.6562696e+00   2.4187317e+00
  -3.4196727e+00   1.2409447e+00   8.3161255e-01
  -3.5934138e+00   7.7903142e-01   1.0197388e+00
  -3.4657640e+00   1.2099436e+00   7.9102926e-01
  -3.7709717e+00   6.3283771e-01   8.9139391e-01
  -3.1271972e+00   1.7094115e+00   8.4054416e-01
  -3.6957267e+00   5.9499458e-01   1.0499428e+00
  -2.2358128e+00   1.7919933e+00   2.1567830e+00
  -2.6536806e+00   7.5059878e-01   2.6466232e+00
  -2.7789068e+00   7.1960319e-01   2.4579466e+00
  -2.3986804e+00   1.0594566e+00   2.7184748e+00
  -2.0467053e+00   1.8951305e+00   2.3623038e+00
  -2.3074754e+00   9.9890497e-01   2.9651513e+00
  -2.5466346e+00   1.0223652e+00   2.4978486e+00
  -2.4218460e+00   9.3079336e-01   2.8409314e+00
  -2.9377248e+00   1.7561590e+00   1.0827643e+00
  -3.9410813e+00  -1.1390404e-02   1.3268636e+00
  -2.8560951e+00   1.6988300e+00   1.2605666e+00
  -3.6410880e+00   3.4342334e-01   1.4159774e+00
  -2.6472171e+00   1.7974887e+00   1.4905346e+00
  -3.2945477e+00   5.5216663e-01   1.7576902e+00
  -3.0736372e+00   3.1997363e-01   2.4377158e+00
  -1.8233124e+00   2.2612441e+00   2.3516746e+00
  -2.4207260e+00   1.5252457e+00   2.1344850e+00
  -1.8007655e+00   2.2302801e+00   2.4204110e+00
  -2.7149469e+00   7.5938337e-01   2.5233365e+00
  -1.6446616e+00   2.3758240e+00   2.5295145e+00
  -2.9016431e+00   1.5789022e+00   1.3044491e+00
  -3.0244495e+00   1.5761360e+00   1.1177022e+00
  -3.1097565e+00   1.3376826e+00   1.2153281e+00
  -3.1588442e+00   1.5392810e+00   9.4758050e-01
  -2.7357975e+00   1.7944830e+00   1.3558766e+00
  -3.0320728e+00   1.4555187e+00   1.2211464e+00
  -2.0587077e+00   1.9102385e+00   2.3261348e+00
  -2.2362841e+00   1.2696841e+00   2.7508620e+00
  -2.5962658e+00   9.4659604e-01   2.5024443e+00
  -2.0702637e+00   1.6059209e+00   2.6439558e+00
  -2.7080254e+00   1.8677467e+00   1.3300765e+00
  -3.3512553e+00   8.5194492e-01   1.3293774e+00
  -2.7326555e+00   1.7465320e+00   1.4062247e+00
  -3.4194494e+00   7.4258623e-01   1.3362722e+00
  -2.7011734e+00   1.8136441e+00   1.3913176e+00
  -3.3162568e+00   8.0367274e-01   1.4380360e+00
  -3.2004998e+00   3.9620443e-01   2.1099522e+00
  -1.5923891e+00   2.9234593e+00   2.0921192e+00
  -3.2283845e+00   1.2952163e+00   1.0726362e+00
  -2.8542537e+00   2.1628028e+00   8.5093134e-01
  -3.2786051e+00   1.1939678e+00   1.0939172e+00
  -3.0242252e+00   1.9467137e+00   7.8528437e-01
  -3.1909546e+00   1.4810640e+00   9.5301749e-01
  -2.9945092e+00   2.0152414e+00   7.7041015e-01
  -4.1190632e+00   7.2821612e-01   2.6574714e-01
  -3.2249085e+00   2.2020896e+00   2.8921314e-01
  -4.3693994e+00   3.0623226e-01   2.9998670e-01
  -3.2060178e+00   2.2872518e+00   2.4994459e-01
  -4.2320039e+00   6.5799550e-01   1.6446361e-01
  -3.1651345e+00   2.3713601e+00   2.4290564e-01
  -3.7720362e+00   9.1396810e-01   6.0943035e-01
  -3.0701431e+00   2.1008397e+00   5.8957953e-01
  -3.7457915e+00   1.1164942e+00   4.5812419e-01
  -3.4644167e+00   1.4563800e+00   5.6646709e-01
  -5.1529199e+00  -6.7183804e-02  -4.9709841e-01
  -3.4851143e+00   2.3906415e+00  -2.0891271e-01
