  -4.2404145e+00  -5.1337642e-02   8.7975400e-01
  -3.0458192e+00   1.9599610e+00   7.4235501e-01
  -4.1997666e+00  -2.8901505e-01   1.2223082e+00
  -2.5454143e+00   2.3437553e+00   1.1523467e+00
  -3.6207362e+00   1.0296657e+00   7.2777700e-01
  -2.8554456e+00   2.0053737e+00   9.8369546e-01
  -4.1884508e+00  -2.4979952e-01   1.1944119e+00
  -2.3387701e+00   2.7992477e+00   1.0821482e+00
  -3.5901026e+00   1.4558323e+00   3.8280510e-01
  -3.0314486e+00   1.8572086e+00   8.5213657e-01
  -3.8202975e+00   6.5639546e-01   7.9021148e-01
  -3.0955980e+00   1.7982755e+00   8.0884022e-01
  -3.8966780e+00   2.0080316e+00  -4.8664234e-01
  -4.7400150e+00   6.8379144e-01  -5.9011849e-01
  -4.0049528e+00   1.2479516e+00  -3.5232381e-02
  -4.2465961e+00   1.0453084e+00  -2.0532862e-01
  -3.6981964e+00   2.3459957e+00  -4.6282283e-01
  -4.6362169e+00   7.7828557e-01  -5.2585285e-01
  -3.5150653e+00   2.6695146e-01   1.7190529e+00
  -2.7791446e+00   1.2641416e+00   1.8213317e+00
  -3.1315072e+00   1.5430820e+00   9.8547035e-01
  -3.5112371e+00   5.4835344e-01   1.3993731e+00
  -3.3855324e+00   6.1187294e-01   1.5361232e+00
  -2.8962343e+00   1.3020089e+00   1.5901601e+00
  -2.6656065e+00   2.2296518e+00   1.0716036e+00
  -3.3837706e+00   4.9732982e-01   1.6702584e+00
  -3.1075261e+00   1.3842400e+00   1.1732538e+00
  -3.4067494e+00   7.0775494e-01   1.3947726e+00
  -3.5228341e+00   2.2696593e+00  -1.7258779e-01
  -5.1069697e+00  -4.5375885e-01  -4.2728882e-02
  -3.5926347e+00   1.6572831e+00   2.0759688e-01
  -4.7023990e+00  -1.4863045e-01   2.5671032e-01
  -3.2747033e+00   2.7677438e+00  -1.8929493e-01
  -5.1517660e+00  -5.4787077e-01  -1.1844742e-02
  -2.4434022e+00   2.0667053e+00   1.5529374e+00
  -3.4337757e+00   1.6904292e-01   1.9818257e+00
  -2.9287734e+00   8.8917628e-01   1.9892100e+00
  -3.0612760e+00   6.3023376e-01   2.0669241e+00
  -2.1052892e+00   2.6589951e+00   1.5402912e+00
  -3.2568591e+00   2.9167653e-01   2.1415251e+00
  -2.7204282e+00   1.6036655e+00   1.5646525e+00
  -3.4841951e+00   2.3059055e-01   1.8166411e+00
  -2.8863018e+00   2.9981978e+00   1.7436729e-01
  -5.5576809e+00  -1.4003528e+00   3.1278818e-01
  -2.8845142e+00   2.2616302e+00   7.2548242e-01
  -4.6091227e+00  -5.0449544e-01   7.9771115e-01
  -2.8052952e+00   2.8563439e+00   3.8349624e-01
  -4.7692684e+00  -5.3688668e-01   5.7543201e-01
  -3.2344992e+00   5.2462934e-01   1.8932005e+00
  -2.7194301e+00   1.5271304e+00   1.6431807e+00
  -2.4429743e+00   2.2460937e+00   1.3904688e+00
  -2.8136108e+00   1.3438155e+00   1.6802843e+00
  -2.8238967e+00   1.4256939e+00   1.5790677e+00
  -2.9363056e+00   1.3404142e+00   1.4863092e+00
  -3.0763156e+00   2.5712695e+00   2.1712761e-01
  -4.6127948e+00   3.0276325e-01  -6.0738669e-02
  -3.2389305e+00   1.8468211e+00   5.5719005e-01
  -4.2716533e+00   5.3332343e-01   2.2429496e-01
  -2.8605515e+00   2.8557233e+00   3.0826027e-01
  -4.5510039e+00   2.3803212e-01   9.3938736e-02
  -2.2281164e+00   2.5894126e+00   1.4156100e+00
  -3.2531048e+00   5.1321839e-01   1.8747401e+00
  -2.7481316e+00   1.5493150e+00   1.5749369e+00
  -3.2719170e+00   6.8491334e-01   1.6430137e+00
  -2.9220889e+00   2.8334587e+00   2.4003350e-01
  -4.9109555e+00  -3.8413608e-01   1.8412603e-01
  -2.8192568e+00   2.2365003e+00   8.4053618e-01
  -4.4046324e+00  -1.5436971e-01   7.3040263e-01
  -2.7927562e+00   2.9169435e+00   3.5767021e-01
  -4.8630428e+00  -4.7534725e-01   3.5759868e-01
  -3.2281463e+00   1.1267304e+00   1.2402981e+00
  -2.8520960e+00   1.9025868e+00   1.0794762e+00
  -3.2737038e+00   2.3777128e+00   8.8236598e-02
  -4.4381688e+00   8.3829562e-01  -2.9807579e-01
  -3.3737242e+00   1.6865928e+00   4.9791510e-01
  -4.0043890e+00   1.1264288e+00   7.0807578e-02
  -3.2190866e+00   2.6624261e+00  -4.2335347e-02
  -4.5446143e+00   7.5147893e-01  -3.7332956e-01
  -4.2581938e+00   1.6796797e+00  -7.2971384e-01
  -4.7158294e+00   9.7783871e-01  -8.0291358e-01
  -4.5055502e+00   7.7714818e-01  -3.4034591e-01
  -4.2507949e+00   1.3794613e+00  -4.8797609e-01
  -4.2626322e+00   1.8351484e+00  -8.4972464e-01
  -4.7383813e+00   1.0198825e+00  -8.6767650e-01
  -3.8001964e+00   1.5000200e+00   4.3299320e-02
  -4.1193685e+00   1.0670997e+00  -4.2642591e-02
  -3.9142762e+00   2.1827068e+00  -6.3540211e-01
  -5.0138185e+00   2.6550929e-01  -6.0670631e-01
  -5.2346071e+00   1.0313560e+00  -1.5388548e+00
  -5.0026592e+00   1.1376890e+00  -1.3138619e+00
