  -3.8158420e+00   5.0120158e-01   9.5822957e-01
  -1.8895498e+00   4.1458614e+00   7.6927915e-01
  -3.9723831e+00  -5.3616740e-02   1.3241933e+00
  -1.6543194e+00   4.4379358e+00   9.0657806e-01
  -2.9309105e+00   2.0863766e+00   8.0321682e-01
  -1.3575287e+00   4.4821172e+00   1.2773771e+00
  -3.2702269e+00   1.1633678e+00   1.1373308e+00
  -1.0803121e+00   4.8556492e+00   1.4260904e+00
  -3.3648618e+00   1.5974318e+00   5.8819334e-01
  -2.1863802e+00   3.9116771e+00   5.1822978e-01
  -3.2821058e+00   2.4593708e+00   1.6883702e-02
  -3.0231211e+00   3.1829902e+00  -1.2974206e-01
  -3.3230733e+00   1.9120262e+00   3.8191551e-01
  -2.3907480e+00   3.7893243e+00   3.2319906e-01
  -3.5960945e+00   2.4782130e+00  -4.1884940e-01
  -3.5735058e+00   3.0304097e+00  -7.4813690e-01
  -3.3147727e+00   2.0750715e+00   2.6254727e-01
  -2.5399502e+00   3.7582377e+00   1.4634255e-01
  -3.1975806e+00   6.2210310e-01   1.8411220e+00
  -2.1562028e+00   2.4010332e+00   1.6894271e+00
  -2.3417840e+00   2.6765009e+00   1.1757245e+00
  -2.2374760e+00   2.2128711e+00   1.7365272e+00
  -2.6316664e+00   1.9161267e+00   1.4024852e+00
  -1.9033487e+00   2.7132060e+00   1.7992273e+00
  -2.6123552e+00   2.2771245e+00   1.1099136e+00
  -2.7416166e+00   1.8405434e+00   1.3038108e+00
  -2.9029887e+00   2.8130462e+00   2.8052338e-01
  -3.3777262e+00   1.7697084e+00   4.2160219e-01
  -2.9591217e+00   2.1233812e+00   7.3124095e-01
  -2.8861768e+00   1.9930596e+00   9.4882739e-01
  -3.0242969e+00   3.0619539e+00  -5.2811706e-02
  -4.2023455e+00   9.1242317e-01  -2.5523075e-02
  -2.8774070e+00   2.6031156e+00   4.6896388e-01
  -3.4133187e+00   1.5407443e+00   5.6687552e-01
  -1.6119552e+00   3.2345680e+00   1.7992221e+00
  -2.3870202e+00   1.1959768e+00   2.5707315e+00
  -2.0266010e+00   2.2558502e+00   2.0282240e+00
  -2.0970307e+00   1.5554839e+00   2.6557311e+00
  -1.9137675e+00   2.7916819e+00   1.7154187e+00
  -2.7179385e+00   1.0715945e+00   2.1393716e+00
  -2.1450201e+00   3.4501467e+00   8.7516192e-01
  -3.6550175e+00   4.3061508e-01   1.2943924e+00
  -2.3345944e+00   2.7470327e+00   1.1295065e+00
  -3.2943925e+00   6.8607541e-01   1.6041792e+00
  -2.3502084e+00   3.6491266e+00   4.6452521e-01
  -4.2512287e+00   6.1985618e-02   7.3758648e-01
  -2.3411424e+00   2.7144416e+00   1.1460635e+00
  -3.1927876e+00   9.2408301e-01   1.5092026e+00
  -2.2743589e+00   1.8274365e+00   2.0564071e+00
  -1.1631939e+00   3.7534132e+00   2.0538638e+00
  -2.2552475e+00   2.4579828e+00   1.4878787e+00
  -2.0147321e+00   3.1837976e+00   1.2511666e+00
  -2.2884014e+00   3.1763310e+00   8.6956649e-01
  -2.8179592e+00   2.6388924e+00   5.2514663e-01
  -2.4942431e+00   2.3991452e+00   1.1811775e+00
  -2.1238391e+00   3.3862959e+00   9.4912957e-01
  -2.7648746e+00   3.1394977e+00   2.4222918e-01
  -3.4936845e+00   2.4267731e+00  -2.4613801e-01
  -2.4460352e+00   2.6907640e+00   1.0130701e+00
  -2.6315666e+00   2.8161804e+00   6.5347827e-01
  -1.9306347e+00   2.7653736e+00   1.7124731e+00
  -2.2627973e+00   2.3350773e+00   1.5852943e+00
  -2.1969339e+00   3.3153825e+00   8.9760052e-01
  -3.0735171e+00   1.9774871e+00   6.8713051e-01
  -2.3072064e+00   2.7311885e+00   1.1819933e+00
  -2.4544111e+00   2.5859310e+00   1.0849682e+00
  -2.4792785e+00   3.4543156e+00   4.1739511e-01
  -3.6710575e+00   1.6439652e+00   1.0716696e-01
  -2.4615432e+00   2.6678877e+00   1.0088390e+00
  -2.8303267e+00   2.2601493e+00   8.0496819e-01
  -2.6632658e+00   2.9208519e+00   5.3287412e-01
  -3.0956391e+00   2.1236079e+00   5.3449866e-01
  -2.8717000e+00   2.1091699e+00   8.7057832e-01
  -2.3721160e+00   2.8442608e+00   9.9920063e-01
  -2.7454563e+00   3.1145194e+00   2.8527019e-01
  -3.7388607e+00   1.4840704e+00   1.4402190e-01
  -2.9009258e+00   2.3876066e+00   6.0128766e-01
  -2.9441941e+00   2.3420059e+00   5.7574174e-01
  -3.7673113e+00   1.4859885e+00   1.0179930e-01
  -2.4498149e+00   3.6411497e+00   3.3700974e-01
  -4.0534617e+00   2.0823512e+00  -7.4905700e-01
  -3.7099794e+00   2.7830545e+00  -7.6931102e-01
  -3.8664671e+00   1.6199787e+00  -1.4794769e-01
  -2.9035194e+00   3.3185439e+00  -5.8685845e-02
  -3.6885856e+00   2.6020174e+00  -6.2427856e-01
  -3.6164830e+00   2.8323015e+00  -6.7987032e-01
  -3.4800234e+00   1.9865714e+00   1.0056036e-01
  -3.1108605e+00   2.6906667e+00   8.4169489e-02
  -4.7866305e+00   9.0447738e-01  -8.4004794e-01
  -3.2542467e+00   3.4380465e+00  -5.8454090e-01
