  -4.3351545e+00   3.2837372e-02   6.3624808e-01
  -3.5088807e+00   1.4941654e+00   4.6775693e-01
  -4.2796141e+00   2.0980317e-02   7.3704762e-01
  -3.2257131e+00   1.7249198e+00   6.8111498e-01
  -3.6206136e+00   7.4535882e-01   1.0116330e+00
  -2.9314273e+00   1.6252147e+00   1.2141582e+00
  -4.1244742e+00  -4.6913585e-01   1.5755185e+00
  -2.1435537e+00   2.5432235e+00   1.5824513e+00
  -3.6236412e+00   1.6869349e+00   1.3902214e-01
  -3.4897016e+00   1.3293538e+00   6.4377502e-01
  -3.9906145e+00   2.6341701e-01   9.3457073e-01
  -3.1249859e+00   1.5845361e+00   9.5700362e-01
  -3.8838019e+00   1.2996454e+00   9.3707629e-02
  -4.1567835e+00   8.8176969e-01   6.8142555e-02
  -4.0553955e+00   9.8390344e-01   1.2358676e-01
  -4.2369873e+00   8.4709894e-01  -1.7074580e-02
  -3.8490901e+00   1.6586858e+00  -1.5469290e-01
  -4.2787152e+00   9.6681885e-01  -1.8311394e-01
  -3.6388274e+00   5.2642007e-01   1.2150992e+00
  -3.3692011e+00   8.3619704e-01   1.3171967e+00
  -3.2740232e+00   1.1447894e+00   1.1499438e+00
  -3.5114502e+00   4.6633130e-01   1.4915072e+00
  -3.3153794e+00   4.4988546e-01   1.8431451e+00
  -2.7795665e+00   1.1341724e+00   1.9633863e+00
  -2.6982666e+00   2.4385261e+00   8.5076997e-01
  -3.7583128e+00   1.2432087e-01   1.4744889e+00
  -3.3385725e+00   9.5990097e-01   1.2363368e+00
  -3.3727297e+00   7.3564005e-01   1.4198952e+00
  -3.5430256e+00   1.5536956e+00   3.6641120e-01
  -4.5147319e+00  -1.2173948e-01   5.2000204e-01
  -3.6097760e+00   1.4341523e+00   3.7309901e-01
  -4.6942803e+00  -2.8688618e-01   4.1675963e-01
  -3.2899691e+00   2.2180422e+00   1.8603529e-01
  -4.8571200e+00  -4.6331469e-01   3.5368590e-01
  -2.5882233e+00   1.6724577e+00   1.7064663e+00
  -3.4240348e+00   1.4124442e-01   2.0344892e+00
  -2.8930103e+00   6.4392430e-01   2.3479261e+00
  -2.7902058e+00   6.8619548e-01   2.4799442e+00
  -2.2432277e+00   2.7602570e+00   1.2519170e+00
  -3.5406570e+00   1.2498646e-01   1.8486034e+00
  -2.8301760e+00   1.2400798e+00   1.7631521e+00
  -3.3914883e+00   2.5038951e-01   1.9544377e+00
  -2.8738176e+00   2.2502208e+00   7.5020652e-01
  -4.9310500e+00  -1.0179885e+00   8.8128623e-01
  -2.8094833e+00   2.1148333e+00   9.5721553e-01
  -4.5752581e+00  -6.1328207e-01   9.8264181e-01
  -2.8290901e+00   2.3638034e+00   7.2267843e-01
  -4.5221684e+00  -4.4203518e-01   8.6737782e-01
  -3.2415302e+00   2.2795612e-01   2.2513423e+00
  -2.4825415e+00   1.4286966e+00   2.1364273e+00
  -2.5311986e+00   2.3995597e+00   1.1262658e+00
  -3.2249362e+00   9.2830922e-01   1.4523056e+00
  -3.0413019e+00   1.0019559e+00   1.6732827e+00
  -2.9311375e+00   1.2464694e+00   1.5916969e+00
  -3.0375220e+00   1.8671810e+00   8.3444485e-01
  -4.0429714e+00   4.4650458e-01   6.5875689e-01
  -3.2261345e+00   1.6340710e+00   7.6062579e-01
  -4.2768741e+00   2.7196090e-01   4.7609641e-01
  -2.9331078e+00   2.2640647e+00   6.5369618e-01
  -4.2675392e+00   2.8235235e-01   4.7983033e-01
  -2.2869372e+00   2.8257197e+00   1.1361342e+00
  -3.7303678e+00   3.8796612e-02   1.6250974e+00
  -2.9011095e+00   1.1650475e+00   1.7272151e+00
  -3.2600992e+00   5.6248626e-01   1.8043251e+00
  -2.9503017e+00   2.0685036e+00   7.8996677e-01
  -4.3397929e+00  -1.2686025e-01   8.0389649e-01
  -2.9612753e+00   1.9171147e+00   9.0370353e-01
  -4.4299049e+00  -2.7690192e-01   8.2754391e-01
  -2.9227778e+00   2.3010425e+00   6.3879772e-01
  -4.5952926e+00  -3.7267831e-01   6.6893933e-01
  -3.2909543e+00   8.8872077e-01   1.3876032e+00
  -2.9585265e+00   1.5969974e+00   1.1991829e+00
  -3.2027236e+00   1.7672554e+00   6.7806765e-01
  -3.8801534e+00   9.9877619e-01   3.6744691e-01
  -3.4082107e+00   1.4369029e+00   6.6722352e-01
  -3.9823328e+00   9.7391690e-01   2.3952102e-01
  -3.2185519e+00   2.1514467e+00   3.3778800e-01
  -4.2374691e+00   8.0763717e-01   1.7941524e-02
  -4.2575818e+00   9.0950664e-01  -1.0253694e-01
  -4.0333126e+00   1.2926201e+00  -1.1336567e-01
  -4.5209032e+00   5.7661044e-01  -1.8282833e-01
  -4.2719789e+00   1.1436153e+00  -3.2459614e-01
  -4.2742781e+00   1.3419155e+00  -4.9029726e-01
  -4.4912467e+00   9.9020879e-01  -5.0281362e-01
  -3.6832716e+00   1.3880566e+00   3.0651039e-01
  -4.1002971e+00   7.9239859e-01   2.3327282e-01
  -4.1394776e+00   1.4916592e+00  -4.2390102e-01
  -4.7604965e+00   4.2893388e-01  -3.9337339e-01
  -5.3936195e+00   3.8277566e-01  -1.2365528e+00
  -4.7177002e+00   1.2765682e+00  -1.0407478e+00
