  -3.9572602e+00   3.6573589e-01   8.7767355e-01
  -2.0789830e+00   4.0196822e+00   5.9450066e-01
  -4.0056771e+00   6.4252973e-01   5.1897689e-01
  -2.5519017e+00   3.7688766e+00   1.2434469e-01
  -3.0338417e+00   2.3983588e+00   4.0545329e-01
  -2.0662977e+00   3.7952517e+00   7.5212352e-01
  -3.2359066e+00   1.5221085e+00   8.4721030e-01
  -1.6020826e+00   4.3147478e+00   1.0505326e+00
  -3.3475691e+00   2.2499045e+00   8.1990506e-02
  -2.5252583e+00   3.5940879e+00   2.6660796e-01
  -3.4442408e+00   1.4533024e+00   5.9901629e-01
  -2.3395342e+00   3.5194007e+00   5.6286159e-01
  -3.5375620e+00   2.4502321e+00  -3.2144592e-01
  -3.4356752e+00   3.0759078e+00  -5.9919020e-01
  -3.6813697e+00   2.8471677e+00  -7.7292580e-01
  -4.1996509e+00   2.5310508e+00  -1.2367052e+00
  -3.4620983e+00   3.3323506e+00  -7.8658869e-01
  -3.8971542e+00   2.8145601e+00  -1.0285413e+00
  -3.2749900e+00   1.2917044e+00   1.0042056e+00
  -3.0289021e+00   1.7783329e+00   9.2563844e-01
  -2.5203300e+00   2.9103399e+00   7.3944992e-01
  -2.8742725e+00   1.6347498e+00   1.2933135e+00
  -2.8158258e+00   2.1322562e+00   9.3301948e-01
  -2.4602456e+00   2.3100126e+00   1.3082478e+00
  -2.4739494e+00   2.9875815e+00   7.4751734e-01
  -3.0555038e+00   1.4369807e+00   1.2027547e+00
  -3.0555786e+00   1.8884820e+00   7.8933159e-01
  -2.6443507e+00   2.2866676e+00   1.0545689e+00
  -3.1822882e+00   2.6934958e+00  -1.4433289e-02
  -3.9799357e+00   1.1461542e+00   8.8775791e-02
  -3.1978407e+00   3.3257954e+00  -4.4569438e-01
  -4.8294242e+00   4.1319716e-01  -4.7770635e-01
  -2.8495547e+00   3.9156145e+00  -3.4285939e-01
  -4.6623105e+00   4.0738887e-01  -2.3190427e-01
  -1.8914322e+00   3.3724153e+00   1.2861785e+00
  -2.9002630e+00   8.9509640e-01   2.0311704e+00
  -2.1754727e+00   2.4935292e+00   1.5775512e+00
  -2.6219555e+00   1.2038746e+00   2.1519587e+00
  -2.1216744e+00   3.1586732e+00   1.1174499e+00
  -2.8314976e+00   1.1987730e+00   1.8055489e+00
  -2.3682737e+00   2.3009169e+00   1.4550347e+00
  -2.8490934e+00   1.0710011e+00   1.9171166e+00
  -2.5418477e+00   3.3655016e+00   3.9166586e-01
  -4.3948557e+00  -1.0622176e-01   6.9280387e-01
  -2.5025253e+00   3.8769288e+00   1.2434937e-01
  -4.7353669e+00  -2.4391231e-01   3.0645456e-01
  -2.4026573e+00   3.8583460e+00   2.6567752e-01
  -4.3146921e+00   9.2662011e-02   6.0447526e-01
  -2.4627498e+00   2.0968095e+00   1.4952171e+00
  -1.8315702e+00   3.3037187e+00   1.4234370e+00
  -2.3050321e+00   2.9682683e+00   1.0000178e+00
  -2.1944530e+00   3.1636187e+00   1.0107212e+00
  -2.6897951e+00   1.9294437e+00   1.3010041e+00
  -1.9155446e+00   3.5666246e+00   1.1125238e+00
  -2.5604958e+00   3.0895507e+00   5.5444087e-01
  -3.2398134e+00   2.4357112e+00   9.1982161e-02
  -2.7844328e+00   3.4321632e+00   2.6334448e-02
  -4.0473363e+00   1.8891401e+00  -6.0189185e-01
  -2.6417472e+00   3.8134766e+00  -1.8740838e-02
  -3.8279252e+00   2.1428216e+00  -4.9206289e-01
  -2.0566778e+00   3.3715330e+00   1.0534090e+00
  -2.7101454e+00   1.9806086e+00   1.2235005e+00
  -2.4264151e+00   2.2283382e+00   1.4314280e+00
  -2.3584641e+00   2.3668987e+00   1.4116945e+00
  -2.4654822e+00   3.2802945e+00   5.5228461e-01
  -3.5494070e+00   1.6167513e+00   3.0346014e-01
  -2.5810275e+00   3.7046250e+00   1.2506317e-01
  -4.3060872e+00   9.8893609e-01  -2.4122779e-01
  -2.4905679e+00   3.8784819e+00   1.3897115e-01
  -4.1124431e+00   1.1367415e+00  -9.3120317e-02
  -2.9214465e+00   1.8848874e+00   9.9133278e-01
  -2.2526349e+00   3.1483948e+00   9.3997485e-01
  -3.0429030e+00   2.7577429e+00   1.2909018e-01
  -3.2181793e+00   2.8661901e+00  -1.8035951e-01
  -3.1420481e+00   3.1161718e+00  -2.4315549e-01
  -4.0028121e+00   2.1859529e+00  -7.5463438e-01
  -2.8962453e+00   3.6898981e+00  -2.7412873e-01
  -3.9435511e+00   2.0947825e+00  -6.1205586e-01
  -3.8722512e+00   2.1100133e+00  -5.2781398e-01
  -3.5108726e+00   2.8096243e+00  -5.2817894e-01
  -4.0867893e+00   2.4297540e+00  -1.0277081e+00
  -4.2711143e+00   2.3101113e+00  -1.1865299e+00
  -3.9324573e+00   2.9114600e+00  -1.1320240e+00
  -4.2375736e+00   2.2654942e+00  -1.1141590e+00
  -3.4370241e+00   2.9726156e+00  -5.3642917e-01
  -4.0079028e+00   2.0639917e+00  -6.7569813e-01
  -3.5738199e+00   3.2505543e+00  -8.8009051e-01
  -4.4906493e+00   1.4983682e+00  -9.0526595e-01
  -5.0525788e+00   2.0055670e+00  -1.9781497e+00
  -4.5973495e+00   2.5370023e+00  -1.7391947e+00
