  -4.0042662e+00   7.7999075e-01   3.8793069e-01
  -2.7077271e+00   3.5717938e+00   4.0368132e-02
  -3.9936481e+00   5.8449486e-01   5.9499454e-01
  -2.5251739e+00   3.6953686e+00   2.0390573e-01
  -2.9143469e+00   2.7708928e+00   2.9503008e-01
  -2.3848561e+00   3.3801187e+00   5.9430115e-01
  -3.3563932e+00   1.5269208e+00   6.6313773e-01
  -1.7503430e+00   4.2043176e+00   9.1944651e-01
  -3.3073727e+00   2.6907589e+00  -1.8041041e-01
  -2.8920685e+00   3.2899660e+00  -2.5509099e-02
  -3.4347316e+00   1.2096799e+00   8.3843983e-01
  -1.9966734e+00   3.7703488e+00   8.6268344e-01
  -3.5297513e+00   2.4081934e+00  -2.8143129e-01
  -3.4982738e+00   2.9120064e+00  -5.7745416e-01
  -3.6737747e+00   2.6561584e+00  -6.4059173e-01
  -4.0309796e+00   2.5954729e+00  -1.0624771e+00
  -3.4657649e+00   3.4045372e+00  -8.3285962e-01
  -3.9634177e+00   2.7444254e+00  -1.0695414e+00
  -3.3275616e+00   1.1526084e+00   1.0586505e+00
  -2.9468795e+00   1.8542535e+00   9.8054125e-01
  -2.5645937e+00   3.1518005e+00   5.0537858e-01
  -3.1602415e+00   1.4381382e+00   1.0402268e+00
  -2.8634008e+00   2.2243962e+00   7.8645812e-01
  -2.6395445e+00   2.1047592e+00   1.2190830e+00
  -2.3826466e+00   3.4581401e+00   5.4507531e-01
  -3.3858555e+00   1.1499988e+00   9.7095321e-01
  -2.9815628e+00   1.7212758e+00   1.0483303e+00
  -2.3979909e+00   2.3845279e+00   1.3369557e+00
  -3.1991034e+00   2.6392057e+00   9.5504883e-04
  -4.0517122e+00   1.0314881e+00   8.6335236e-02
  -3.1699994e+00   3.1694867e+00  -3.1341222e-01
  -4.6828925e+00   4.7097674e-01  -3.2017229e-01
  -2.8579442e+00   4.0200462e+00  -4.1075597e-01
  -4.7855155e+00   2.9575500e-01  -3.0676787e-01
  -1.9167194e+00   3.6259940e+00   1.0696315e+00
  -3.1773287e+00   6.9782790e-01   1.7874579e+00
  -2.2574786e+00   2.5360398e+00   1.4171456e+00
  -2.7438586e+00   1.1206576e+00   2.0389603e+00
  -2.0419225e+00   3.6253848e+00   8.9732405e-01
  -3.1733486e+00   9.2249824e-01   1.5427057e+00
  -2.3124370e+00   2.0954183e+00   1.7299897e+00
  -2.5543982e+00   1.2561221e+00   2.2079337e+00
  -2.5297636e+00   3.3436613e+00   4.2242227e-01
  -4.4864319e+00  -2.4087312e-01   6.9567335e-01
  -2.4224222e+00   3.7658536e+00   2.9585420e-01
  -4.5968180e+00  -2.0661844e-01   4.8275440e-01
  -2.3954439e+00   3.9930346e+00   1.9531985e-01
  -4.4567793e+00  -3.1905068e-02   5.1452423e-01
  -2.5626066e+00   2.1271238e+00   1.3153145e+00
  -1.9892847e+00   3.1731030e+00   1.2958259e+00
  -2.2580183e+00   3.3810971e+00   7.6715613e-01
  -2.5320919e+00   2.8942804e+00   7.3485606e-01
  -2.6199142e+00   1.7522862e+00   1.5770910e+00
  -1.6308241e+00   3.6694908e+00   1.4400032e+00
  -2.5815500e+00   3.0219569e+00   5.7330193e-01
  -3.3056560e+00   2.3107955e+00   9.4074485e-02
  -2.7228868e+00   3.3211806e+00   1.7844447e-01
  -3.9212171e+00   1.8560183e+00  -4.0688565e-01
  -2.6003919e+00   3.9357232e+00  -3.6282093e-02
  -3.9272992e+00   1.9968449e+00  -5.1963104e-01
  -1.9862260e+00   3.8506367e+00   8.2463713e-01
  -3.0721332e+00   1.6826017e+00   9.4702320e-01
  -2.3823257e+00   2.0196795e+00   1.6924927e+00
  -2.0594681e+00   2.5310590e+00   1.7212922e+00
  -2.5177197e+00   3.1886564e+00   5.4394314e-01
  -3.6036798e+00   1.5411236e+00   2.8957837e-01
  -2.5921308e+00   3.5256100e+00   2.2119741e-01
  -4.1543274e+00   1.0844340e+00  -1.0773209e-01
  -2.5270492e+00   3.9700709e+00   3.8396848e-02
  -4.2358381e+00   1.0475002e+00  -1.9193407e-01
  -2.8242137e+00   1.7309653e+00   1.2793751e+00
  -1.9802955e+00   3.2344113e+00   1.2622590e+00
  -2.9704110e+00   2.7777573e+00   2.1354008e-01
  -3.3052695e+00   2.6120656e+00  -1.2315247e-01
  -3.0709582e+00   3.0008411e+00  -7.4436242e-02
  -3.8646715e+00   2.1576795e+00  -5.5176495e-01
  -2.8545907e+00   3.8431801e+00  -3.0869735e-01
  -4.0701700e+00   1.9322938e+00  -6.6397596e-01
  -3.8494267e+00   2.0541138e+00  -4.5673640e-01
  -3.5266331e+00   2.7229219e+00  -4.9212471e-01
  -4.0618524e+00   2.2873470e+00  -9.0119087e-01
  -4.1477858e+00   2.3198945e+00  -1.0343022e+00
  -3.8974335e+00   3.0580133e+00  -1.1746614e+00
  -4.3663040e+00   2.0993233e+00  -1.1694009e+00
  -3.3669142e+00   2.8957973e+00  -3.9590486e-01
  -3.8972366e+00   2.0363186e+00  -5.0803064e-01
  -3.6544824e+00   3.3064220e+00  -1.0137219e+00
  -4.6124380e+00   1.4607915e+00  -1.0394173e+00
  -5.0675143e+00   2.0702491e+00  -2.0372706e+00
  -4.6654289e+00   2.4839956e+00  -1.7918321e+00
