  -4.5561624e+00  -1.3301714e+00   1.9747679e+00
  -2.7095854e+00   1.2290677e+00   1.9753813e+00
  -4.5413479e+00  -1.5120103e+00   2.2817743e+00
  -2.2552846e+00   1.6268500e+00   2.3018884e+00
  -4.2629084e+00  -8.1201788e-01   1.7826702e+00
  -2.9885049e+00   9.6889901e-01   1.7975233e+00
  -4.3931678e+00  -1.0944637e+00   1.9386112e+00
  -2.6214842e+00   1.4025598e+00   1.9328891e+00
  -4.2491728e+00  -7.1195600e-01   1.6721290e+00
  -3.0398632e+00   9.1260980e-01   1.7745915e+00
  -4.2046025e+00  -5.8262357e-01   1.5810045e+00
  -3.5006933e+00   3.8793504e-01   1.6000427e+00
  -4.2518598e+00  -8.4885836e-01   1.8537576e+00
  -2.9132784e+00   1.0255332e+00   1.8602145e+00
  -4.3489678e+00  -3.9969687e-01   1.1044675e+00
  -3.7543087e+00   4.5823532e-01   1.1026479e+00
  -4.1214136e+00  -4.9343064e-01   1.6122342e+00
  -3.1589466e+00   8.7128117e-01   1.6224557e+00
  -3.7419298e+00  -7.9714074e-01   2.7620183e+00
  -2.4051414e+00   9.9365043e-01   2.7904142e+00
  -3.7579393e+00  -3.0261093e-01   2.0129668e+00
  -3.3594571e+00   2.2741197e-01   2.0400076e+00
  -3.7573061e+00  -3.4394689e-01   2.0698629e+00
  -2.9930329e+00   7.1999672e-01   2.0777726e+00
  -3.4361304e+00   2.7459572e-02   2.1603436e+00
  -3.2062774e+00   2.6536274e-01   2.2666625e+00
  -3.7404330e+00  -1.2084935e-01   1.8067843e+00
  -3.3644127e+00   3.8286076e-01   1.8391055e+00
  -3.9091160e+00  -6.0189908e-01   2.1449425e+00
  -3.0767161e+00   5.3113739e-01   2.1612384e+00
  -3.8191686e+00   1.1210202e-01   1.3863148e+00
  -4.0383033e+00  -2.0780883e-01   1.3978159e+00
  -3.6430166e+00   5.1968816e-02   1.7603789e+00
  -3.5893482e+00   1.1035587e-01   1.7816125e+00
  -3.1004345e+00   2.2966678e-01   2.5089914e+00
  -3.3341631e+00  -9.8728147e-02   2.5220444e+00
  -3.1933705e+00  -3.8441920e-03   2.6570298e+00
  -3.0272490e+00   2.2703222e-01   2.6503175e+00
  -2.8398640e+00   4.9555597e-01   2.6375553e+00
  -3.0604065e+00   1.2684562e-01   2.7272100e+00
  -3.1087713e+00   4.0784223e-01   2.2592923e+00
  -3.5715932e+00  -2.4674369e-01   2.2808328e+00
  -3.4174025e+00  -1.7015188e-01   2.4644178e+00
  -3.3760962e+00  -1.1797115e-01   2.4694465e+00
  -3.1712546e+00   6.7747285e-01   1.8213451e+00
  -3.9411579e+00  -4.0574363e-01   1.8186349e+00
  -3.1205744e+00   2.8210427e-01   2.4014167e+00
  -3.2167625e+00   1.4315264e-01   2.4092956e+00
  -3.5485795e+00  -4.8435145e-01   2.6676782e+00
  -2.9473665e+00   3.3800568e-01   2.6488354e+00
  -3.1722069e+00   1.6788793e-01   2.4587515e+00
  -3.0915934e+00   2.1808188e-01   2.5412719e+00
  -3.2349618e+00   1.5525554e-01   2.3593645e+00
  -3.3474688e+00  -5.3200632e-03   2.3675101e+00
  -3.4748958e+00  -3.6110490e-01   2.6289265e+00
  -2.9026555e+00   4.1936900e-01   2.6224794e+00
  -3.5684091e+00   1.7877173e-01   1.7339234e+00
  -3.8464596e+00  -1.9858030e-01   1.7187169e+00
  -3.2944052e+00   1.5289921e-01   2.2533943e+00
  -3.3630710e+00   5.9677600e-02   2.2511393e+00
  -2.8684173e+00   4.4574663e-01   2.6510389e+00
  -3.2389912e+00  -1.3013928e-01   2.7508007e+00
  -3.1890539e+00   2.7003072e-01   2.2919074e+00
  -3.5127214e+00  -1.9528447e-01   2.3197750e+00
  -3.2315308e+00   2.2229430e-03   2.5754408e+00
  -3.0719257e+00   2.1074504e-01   2.5882876e+00
  -3.1565390e+00   6.4043466e-01   1.8898446e+00
  -3.9265372e+00  -4.4401528e-01   1.8958681e+00
  -3.3265249e+00   1.3275625e-01   2.2213212e+00
  -3.4192279e+00  -7.9135943e-03   2.2382349e+00
  -3.6625408e+00  -1.9320507e-01   2.0406142e+00
  -3.2426172e+00   4.1293973e-01   2.0147466e+00
  -3.8866531e+00  -6.6583702e-01   2.2788313e+00
  -2.7619269e+00   9.2323681e-01   2.2375797e+00
  -3.6229598e+00   1.3368375e-01   1.6946164e+00
  -3.6950684e+00   7.7705636e-02   1.6384627e+00
  -3.6552532e+00  -1.1509423e-01   1.9510887e+00
  -3.2528259e+00   4.8431774e-01   1.9099037e+00
  -4.5956025e+00  -1.1366190e+00   1.6237468e+00
  -2.8820843e+00   1.2855843e+00   1.6301818e+00
  -4.8463105e+00  -8.5419001e-01   8.2207924e-01
  -3.7308400e+00   7.6265255e-01   8.2158253e-01
  -4.5558860e+00  -7.9830762e-01   1.2448088e+00
  -3.3292104e+00   9.5505996e-01   1.2562768e+00
  -4.1799785e+00  -1.1584948e-01   1.0515387e+00
  -3.5945789e+00   7.4151621e-01   1.0567618e+00
  -4.3593083e+00  -6.4029091e-01   1.3841007e+00
  -3.5063500e+00   5.5464484e-01   1.4004062e+00
  -5.6444565e+00  -1.7075718e+00   5.5008196e-01
  -3.3948083e+00   1.5673835e+00   5.7061135e-01
