  -4.0145010e+00   1.1002446e+00   7.9252509e-02
  -3.0639577e+00   3.2462063e+00  -2.2326247e-01
  -4.0122824e+00   5.5868317e-01   5.9226191e-01
  -2.6379315e+00   3.5374965e+00   1.5324177e-01
  -2.9362707e+00   3.1024851e+00   3.7482630e-02
  -2.8482631e+00   2.9574681e+00   2.5377103e-01
  -3.4884902e+00   1.5458280e+00   4.5241884e-01
  -2.0438726e+00   4.0094052e+00   6.4740516e-01
  -3.2585076e+00   3.0901327e+00  -3.7871827e-01
  -3.1111145e+00   3.0227790e+00  -1.4208742e-01
  -3.4100404e+00   1.4417461e+00   6.6012091e-01
  -2.1861174e+00   3.6086975e+00   7.1168080e-01
  -3.4895150e+00   2.5962331e+00  -3.5826164e-01
  -3.7168702e+00   2.6272806e+00  -6.7781457e-01
  -3.6824576e+00   2.5577489e+00  -5.8681049e-01
  -3.9566071e+00   2.5363815e+00  -9.2921623e-01
  -3.4871520e+00   3.3219396e+00  -8.1220407e-01
  -3.9887624e+00   2.6689659e+00  -1.0548501e+00
  -3.3796117e+00   1.0699377e+00   1.0597285e+00
  -2.9969442e+00   1.8178278e+00   9.3816232e-01
  -2.6571969e+00   3.4445558e+00   1.8640346e-01
  -3.6206223e+00   1.0753532e+00   6.8422534e-01
  -2.8711741e+00   2.3321343e+00   6.8774103e-01
  -2.9156973e+00   1.7871919e+00   1.0877792e+00
  -2.3057392e+00   3.8652522e+00   3.8885443e-01
  -3.5798610e+00   9.2462255e-01   8.9337096e-01
  -2.9001218e+00   2.0197938e+00   9.0508533e-01
  -2.6611288e+00   2.0502981e+00   1.2350246e+00
  -3.1493057e+00   2.8411226e+00  -7.1773979e-02
  -4.2703898e+00   7.7738260e-01  -2.4421773e-03
  -3.1946837e+00   3.0699947e+00  -2.8259451e-01
  -4.6139740e+00   4.6942813e-01  -2.1919967e-01
  -2.8767582e+00   3.9567171e+00  -3.9993435e-01
  -4.8282679e+00   2.3761173e-01  -3.1439662e-01
  -1.9837686e+00   3.9382024e+00   7.7209027e-01
  -3.6299324e+00   3.3119577e-01   1.4486376e+00
  -2.3289654e+00   2.5951422e+00   1.2612257e+00
  -3.0005658e+00   8.9430173e-01   1.8613329e+00
  -1.9182701e+00   4.0915128e+00   7.6427134e-01
  -3.4062783e+00   6.3864167e-01   1.4717798e+00
  -2.2495438e+00   2.3788906e+00   1.5662984e+00
  -2.7690467e+00   1.0342282e+00   2.0948549e+00
  -2.4668656e+00   3.5769233e+00   3.5494907e-01
  -4.7213289e+00  -4.9478799e-01   6.0461742e-01
  -2.4100008e+00   3.7071213e+00   3.4851504e-01
  -4.5486619e+00  -2.4035857e-01   5.9576932e-01
  -2.4006729e+00   3.9776241e+00   1.9753021e-01
  -4.5419049e+00  -1.3129548e-01   4.8764040e-01
  -2.6537732e+00   2.1835926e+00   1.1287551e+00
  -2.2951019e+00   2.8792621e+00   1.0824851e+00
  -2.1734079e+00   3.7762413e+00   6.2019163e-01
  -2.7340243e+00   2.6140471e+00   6.6191362e-01
  -2.5367755e+00   2.0610081e+00   1.4144454e+00
  -1.8914456e+00   3.3254487e+00   1.3210642e+00
  -2.5655412e+00   3.2083823e+00   4.6517045e-01
  -3.5338909e+00   2.0751400e+00  -4.2653894e-02
  -2.7457014e+00   3.2663657e+00   1.8375780e-01
  -3.8931617e+00   1.7881588e+00  -3.1691454e-01
  -2.5601956e+00   3.9179836e+00   2.5702807e-02
  -3.9717846e+00   1.8418500e+00  -4.6486409e-01
  -1.9177864e+00   4.2637050e+00   6.6119991e-01
  -3.2838944e+00   1.4279605e+00   8.6175045e-01
  -2.3401808e+00   2.2831278e+00   1.5136889e+00
  -2.2849743e+00   2.2972985e+00   1.5853958e+00
  -2.5186115e+00   3.3549333e+00   4.2996811e-01
  -3.8302898e+00   1.3144588e+00   1.5786232e-01
  -2.6122372e+00   3.4504756e+00   2.4229006e-01
  -4.0984194e+00   1.0551916e+00  -2.1059687e-03
  -2.5449844e+00   3.9251032e+00   4.1212388e-02
  -4.2997838e+00   9.4277450e-01  -1.9220765e-01
  -2.7484431e+00   2.0298266e+00   1.1218567e+00
  -2.2138552e+00   2.9523360e+00   1.1425900e+00
  -2.8370621e+00   3.0477030e+00   2.0704503e-01
  -3.5487197e+00   2.2037553e+00  -1.5941793e-01
  -3.0477817e+00   2.9653296e+00  -1.9940809e-02
  -3.8262512e+00   2.0221444e+00  -4.0203826e-01
  -2.8251290e+00   3.8340961e+00  -2.6603146e-01
  -4.1387725e+00   1.7706312e+00  -6.3707525e-01
  -3.8368292e+00   2.1976406e+00  -5.4302608e-01
  -3.7013197e+00   2.5182477e+00  -5.8507939e-01
  -4.0987944e+00   2.1973145e+00  -8.8833984e-01
  -4.1042526e+00   2.2819622e+00  -9.5269729e-01
  -3.8995087e+00   3.0162353e+00  -1.1527861e+00
  -4.4178731e+00   1.9998132e+00  -1.1686717e+00
  -3.3358379e+00   2.8923157e+00  -3.5289000e-01
  -3.8772783e+00   1.9177040e+00  -3.9355449e-01
  -3.7316059e+00   3.2050362e+00  -1.0521736e+00
  -4.6571300e+00   1.4467625e+00  -1.0882685e+00
  -5.0806607e+00   1.9934614e+00  -2.0054554e+00
  -4.6781082e+00   2.4168269e+00  -1.7670432e+00
