  -4.2850208e+00   6.4584195e-02   6.8123659e-01
  -3.3547641e+00   1.6755672e+00   5.3499237e-01
  -4.2662681e+00  -2.3203179e-02   8.0685285e-01
  -3.0607632e+00   1.9341072e+00   7.4253278e-01
  -3.6745583e+00   6.5004172e-01   1.0255844e+00
  -2.6908033e+00   1.9906054e+00   1.2437802e+00
  -4.2247436e+00  -5.1127003e-01   1.4539823e+00
  -2.0664132e+00   2.8350523e+00   1.4509269e+00
  -3.5975068e+00   1.7014713e+00   1.6413662e-01
  -3.3692746e+00   1.5188057e+00   6.5131836e-01
  -3.9016719e+00   7.1068517e-01   6.1038032e-01
  -3.4216022e+00   1.4854551e+00   6.0372451e-01
  -3.8878666e+00   1.7138718e+00  -2.5200842e-01
  -4.5102491e+00   7.4515432e-01  -3.1890181e-01
  -4.0554329e+00   1.1298147e+00  -5.5893188e-03
  -4.2860169e+00   9.2408805e-01  -1.5617783e-01
  -3.7848157e+00   1.9986492e+00  -3.2846740e-01
  -4.4578448e+00   8.8933153e-01  -3.7023292e-01
  -3.6066464e+00   4.9197759e-01   1.3054129e+00
  -3.2284267e+00   9.6032974e-01   1.4125196e+00
  -3.2450374e+00   1.1177663e+00   1.2227263e+00
  -3.3232473e+00   6.6392148e-01   1.5810827e+00
  -3.3796196e+00   4.0784653e-01   1.7828669e+00
  -2.6700672e+00   1.3467786e+00   1.9125432e+00
  -2.6666666e+00   2.4661635e+00   8.7410415e-01
  -3.6730419e+00   2.3392691e-01   1.4893244e+00
  -3.2149195e+00   1.4245638e+00   9.6955532e-01
  -3.7080313e+00   4.7706156e-01   1.1568645e+00
  -3.5139940e+00   1.9851945e+00   5.4261783e-02
  -4.8728752e+00  -3.3246408e-01   1.8791954e-01
  -3.6245652e+00   1.5596250e+00   2.4383403e-01
  -4.7358132e+00  -2.3296209e-01   2.9410906e-01
  -3.2854048e+00   2.4829882e+00  -4.6952451e-03
  -4.9970153e+00  -4.9273011e-01   1.6742553e-01
  -2.5432037e+00   1.6549223e+00   1.7965507e+00
  -3.2408223e+00   3.0506584e-01   2.1531931e+00
  -2.9655706e+00   6.2005469e-01   2.2481098e+00
  -2.7540813e+00   8.0271198e-01   2.3983340e+00
  -2.1480840e+00   2.8551924e+00   1.3145201e+00
  -3.5057085e+00   1.2010282e-01   1.9162477e+00
  -2.7857780e+00   1.6716800e+00   1.3953437e+00
  -3.7383564e+00   4.5853148e-02   1.6027426e+00
  -2.8481720e+00   2.7223883e+00   4.2124409e-01
  -5.3214411e+00  -1.2732395e+00   5.4519049e-01
  -2.8676406e+00   2.2141457e+00   7.8876379e-01
  -4.6420058e+00  -5.8837418e-01   8.4213302e-01
  -2.8508104e+00   2.5922319e+00   5.1431241e-01
  -4.6605004e+00  -4.8044643e-01   6.8635341e-01
  -3.2869037e+00   2.3696590e-01   2.1576196e+00
  -2.4374253e+00   1.5981727e+00   2.0283139e+00
  -2.4575403e+00   2.4557716e+00   1.1877594e+00
  -3.1159339e+00   1.0568380e+00   1.4922116e+00
  -2.9111660e+00   1.4863139e+00   1.3798281e+00
  -3.2622275e+00   1.0535826e+00   1.2610235e+00
  -3.0536106e+00   2.2831192e+00   4.6703231e-01
  -4.3901825e+00   3.4943522e-01   2.2570996e-01
  -3.2671480e+00   1.7582752e+00   5.9157253e-01
  -4.3307308e+00   3.8345821e-01   2.8177849e-01
  -2.9092290e+00   2.5474515e+00   4.6640726e-01
  -4.4007386e+00   2.8775448e-01   2.7093775e-01
  -2.2557155e+00   2.8235085e+00   1.1830871e+00
  -3.5889151e+00   2.1356518e-01   1.6564842e+00
  -2.8343131e+00   1.5956076e+00   1.3932266e+00
  -3.5718940e+00   4.1844063e-01   1.4454363e+00
  -2.9337554e+00   2.5205728e+00   4.5244343e-01
  -4.6985365e+00  -2.9889838e-01   4.2312773e-01
  -2.8965237e+00   2.1119569e+00   8.3190089e-01
  -4.4647195e+00  -2.4966399e-01   7.4040708e-01
  -2.8796049e+00   2.5892694e+00   4.7628789e-01
  -4.7340894e+00  -4.1405158e-01   4.9355683e-01
  -3.2314650e+00   1.2872408e+00   1.0756267e+00
  -3.2224761e+00   1.5248042e+00   8.6492894e-01
  -3.2063501e+00   2.1582810e+00   3.4960204e-01
  -4.2308991e+00   8.5156913e-01  -1.2275914e-02
  -3.4090234e+00   1.5881233e+00   5.3161249e-01
  -4.0426281e+00   1.0249697e+00   1.0533004e-01
  -3.2365162e+00   2.3965294e+00   1.2542860e-01
  -4.3947983e+00   7.9561913e-01  -1.9854555e-01
  -4.2566147e+00   1.3537631e+00  -4.7544442e-01
  -4.4380530e+00   1.1008437e+00  -5.2078035e-01
  -4.5412209e+00   6.9649250e-01  -3.2002004e-01
  -4.3175833e+00   1.2347105e+00  -4.6348066e-01
  -4.2806115e+00   1.5778438e+00  -6.8315865e-01
  -4.6120009e+00   1.0242941e+00  -6.9828324e-01
  -3.7350604e+00   1.4988721e+00   1.3696438e-01
  -4.1725694e+00   8.6654998e-01   5.8944775e-02
  -4.0766474e+00   1.7939678e+00  -5.7079603e-01
  -4.8831678e+00   3.9083468e-01  -5.3410524e-01
  -5.3097004e+00   7.1299041e-01  -1.3925898e+00
  -4.8640175e+00   1.2066017e+00  -1.1824072e+00
