  -3.8149049e+00   7.6527447e-01   6.8926786e-01
  -2.3848269e+00   3.8943890e+00   2.6740734e-01
  -3.9087211e+00  -2.0608587e-01   1.6191527e+00
  -1.2878372e+00   4.6722608e+00   1.2562436e+00
  -2.9845139e+00   2.8297948e+00   1.5779214e-01
  -2.3497529e+00   3.8869065e+00   3.1784776e-01
  -3.4092483e+00   1.7439652e+00   3.9784152e-01
  -2.1793695e+00   4.2375452e+00   3.3463875e-01
  -3.3786646e+00   1.6979262e+00   4.8104287e-01
  -2.2743771e+00   3.9053410e+00   4.0580984e-01
  -3.2602859e+00   1.5471841e+00   7.8785597e-01
  -2.2155727e+00   3.6196240e+00   6.6456764e-01
  -3.2464593e+00   1.7554236e+00   6.2423958e-01
  -2.1380555e+00   3.9992551e+00   5.2873186e-01
  -3.4584511e+00   2.1425216e+00   1.0176019e-02
  -3.0546510e+00   3.4654529e+00  -3.4533371e-01
  -3.2572343e+00   1.7639334e+00   6.0117574e-01
  -2.0371216e+00   4.2547156e+00   5.0987500e-01
  -3.0910360e+00   5.1112589e-01   2.1607248e+00
  -1.8349012e+00   2.5481260e+00   2.0544401e+00
  -2.4679339e+00   3.3701322e+00   4.8829366e-01
  -3.1540834e+00   1.6469486e+00   8.5642836e-01
  -2.8589701e+00   2.4193452e+00   6.3595758e-01
  -2.9728294e+00   2.0689237e+00   7.5677268e-01
  -2.4992462e+00   2.4631137e+00   1.1202297e+00
  -2.8354786e+00   1.6955347e+00   1.2954633e+00
  -2.8151932e+00   1.9575715e+00   1.0858328e+00
  -2.5773803e+00   2.2046714e+00   1.2245088e+00
  -2.8202625e+00   2.0621744e+00   9.8656661e-01
  -2.7344024e+00   2.0118331e+00   1.1589049e+00
  -2.9541179e+00   2.6613573e+00   3.1953720e-01
  -3.7002295e+00   1.3746009e+00   2.9363895e-01
  -2.6767810e+00   2.4177724e+00   8.9859774e-01
  -3.0107062e+00   1.7223723e+00   1.0033443e+00
  -1.8014961e+00   3.8563612e+00   1.0726572e+00
  -3.2287598e+00   7.4869712e-01   1.6430890e+00
  -2.2222959e+00   2.7831958e+00   1.2639930e+00
  -3.1104990e+00   9.4239267e-01   1.6242914e+00
  -1.9829780e+00   2.8513138e+00   1.5612925e+00
  -2.7672476e+00   1.1246502e+00   1.9948483e+00
  -2.1432620e+00   2.5223221e+00   1.6011821e+00
  -2.8890305e+00   9.5835562e-01   1.9772534e+00
  -2.3174996e+00   2.5646909e+00   1.3035552e+00
  -3.0758201e+00   8.8950541e-01   1.7403566e+00
  -2.3435081e+00   3.1432989e+00   8.1648849e-01
  -3.6790687e+00   6.2296038e-01   1.0469028e+00
  -2.1548669e+00   2.4889731e+00   1.6128923e+00
  -2.7439940e+00   1.1817726e+00   1.9701080e+00
  -2.5297981e+00   2.3453054e+00   1.1741624e+00
  -2.3469156e+00   3.1291412e+00   8.2195355e-01
  -2.2639155e+00   2.5772003e+00   1.3725928e+00
  -2.0858136e+00   3.2122600e+00   1.1284776e+00
  -2.2959650e+00   2.1862701e+00   1.6702916e+00
  -1.8926850e+00   3.2542559e+00   1.3729964e+00
  -2.3392302e+00   2.3322191e+00   1.4713355e+00
  -1.9189375e+00   3.4381165e+00   1.1991867e+00
  -2.5655780e+00   2.8091553e+00   7.5136531e-01
  -2.9326548e+00   2.8506699e+00   2.1357241e-01
  -2.3652916e+00   2.4221169e+00   1.3534988e+00
  -2.1615107e+00   3.2295618e+00   1.0088209e+00
  -1.9581836e+00   2.8694613e+00   1.5831536e+00
  -2.3777394e+00   2.2801154e+00   1.4591729e+00
  -2.2444640e+00   2.3164731e+00   1.6302455e+00
  -2.2213126e+00   2.5515540e+00   1.4580468e+00
  -2.0976295e+00   2.6638368e+00   1.5476625e+00
  -2.2431499e+00   2.5711714e+00   1.4086440e+00
  -2.1870035e+00   3.2105937e+00   9.8679960e-01
  -3.1949722e+00   1.8379831e+00   6.2857950e-01
  -2.4159701e+00   2.3542293e+00   1.3362418e+00
  -2.3924203e+00   2.6218852e+00   1.1461465e+00
  -2.6941268e+00   1.8977583e+00   1.3235706e+00
  -2.0755243e+00   2.9790015e+00   1.3217444e+00
  -2.8836300e+00   1.9311062e+00   1.0068915e+00
  -2.0578607e+00   3.3350199e+00   1.0780353e+00
  -2.8384292e+00   2.5549042e+00   5.6001261e-01
  -3.0550035e+00   2.4562906e+00   3.3189214e-01
  -2.6826536e+00   2.1998342e+00   1.0718768e+00
  -2.3663556e+00   2.8394765e+00   1.0111428e+00
  -3.5463634e+00   1.5024774e+00   4.0583291e-01
  -2.2812642e+00   3.6071180e+00   5.8404812e-01
  -3.9837936e+00   1.6822599e+00  -3.5936687e-01
  -3.1646295e+00   3.3372856e+00  -4.0988513e-01
  -3.6395753e+00   1.5167326e+00   2.5869409e-01
  -2.5377286e+00   3.4618604e+00   3.3423255e-01
  -3.2197255e+00   2.4061004e+00   1.4144294e-01
  -3.0064955e+00   2.9551170e+00   4.2118691e-02
  -3.3867616e+00   1.7301894e+00   4.4188676e-01
  -2.6687089e+00   3.0179390e+00   4.5632464e-01
  -4.8255204e+00   5.3204275e-01  -5.7812169e-01
  -2.7872410e+00   3.9703037e+00  -2.9422853e-01
