   2.1242220e+00   2.1274610e+00   3.5475211e+01
   3.2008421e+00   3.2069537e+00   3.3416546e+01
   1.7653930e+00   1.7664844e+00   3.9980415e+01
   3.2612144e+00   3.2631688e+00   3.8408160e+01
   3.6095285e+00   3.6874142e+00   2.2658404e+01
   3.4418013e+00   3.4764817e+00   2.6047154e+01
   2.8324358e+00   2.8980755e+00   2.2870032e+01
   3.5494683e+00   3.5890437e+00   2.5549274e+01
   3.0655527e+00   3.0797144e+00   2.9677217e+01
   3.2821731e+00   3.2907607e+00   3.1994999e+01
   2.4337164e+00   2.4348669e+00   4.0164494e+01
   3.2668633e+00   3.2680773e+00   4.0479898e+01
   2.6515541e+00   2.6527941e+00   3.9978873e+01
   3.3895842e+00   3.3908049e+00   4.0539603e+01
   2.0275349e+00   2.0288248e+00   3.9413608e+01
   3.3624917e+00   3.3641265e+00   3.9252658e+01
   2.5097895e+00   2.5687472e+00   2.3124814e+01
   3.4733456e+00   3.5078580e+00   2.6089983e+01
   1.8195398e+00   1.8207171e+00   3.9683908e+01
   2.2295746e+00   2.2311971e+00   3.8542697e+01
   3.7278615e+00   3.7293187e+00   4.0005552e+01
   2.1631659e+00   2.1644215e+00   3.9614526e+01
   3.0512476e+00   3.0524098e+00   4.0523885e+01
   2.3393079e+00   2.3401637e+00   4.1389675e+01
   3.1606892e+00   3.1617441e+00   4.1017947e+01
   2.2224683e+00   2.2234680e+00   4.0641621e+01
   2.6432740e+00   2.6458232e+00   3.6844207e+01
   2.3114124e+00   2.3132768e+00   3.7990654e+01
   2.5621121e+00   2.5689040e+00   3.2536559e+01
   2.1651538e+00   2.1695662e+00   3.4158023e+01
   1.9470291e+00   1.9482504e+00   3.9601932e+01
   2.1444289e+00   2.1455924e+00   3.9933912e+01
   2.5452078e+00   2.5463283e+00   4.0350596e+01
   2.2539128e+00   2.2549634e+00   4.0445749e+01
   3.7748778e+00   3.7789694e+00   3.5555397e+01
   1.7460081e+00   1.7482973e+00   3.6751807e+01
   2.9853497e+00   2.9883734e+00   3.6327607e+01
   1.8144165e+00   1.8161499e+00   3.8000546e+01
   3.2665768e+00   3.2685986e+00   3.8264415e+01
   1.9224701e+00   1.9237388e+00   3.9421459e+01
   2.6189515e+00   2.6217718e+00   3.6389622e+01
   1.8086332e+00   1.8104510e+00   3.7790564e+01
   2.4435025e+00   2.4452337e+00   3.8396403e+01
   1.5843540e+00   1.5853412e+00   4.0308339e+01
   2.1085344e+00   2.1105710e+00   3.7480384e+01
   1.8487857e+00   1.8503078e+00   3.8585925e+01
   2.6512755e+00   2.6544303e+00   3.5923747e+01
   1.8992176e+00   1.9013535e+00   3.7145247e+01
   2.8399712e+00   2.8414217e+00   3.9421426e+01
   3.6902181e+00   3.6913603e+00   4.1037064e+01
   3.1360016e+00   3.1375210e+00   3.9416823e+01
   3.8250833e+00   3.8266273e+00   3.9822513e+01
   2.5667293e+00   2.5681469e+00   3.9342945e+01
   3.7870577e+00   3.7883577e+00   4.0542697e+01
   2.5628348e+00   2.5642665e+00   3.9297341e+01
   3.7409817e+00   3.7422216e+00   4.0715806e+01
   1.9663483e+00   1.9681737e+00   3.7868470e+01
   3.7409539e+00   3.7432002e+00   3.8135419e+01
   2.5434748e+00   2.5449565e+00   3.9136074e+01
   3.8183596e+00   3.8199200e+00   3.9772208e+01
   3.1496359e+00   3.1504589e+00   4.2088242e+01
   2.9751366e+00   2.9763186e+00   4.0399623e+01
   2.5811092e+00   2.5818820e+00   4.1986915e+01
   2.9421987e+00   2.9431479e+00   4.1330404e+01
   2.6747811e+00   2.6755523e+00   4.2056688e+01
   2.9909858e+00   2.9918579e+00   4.1730653e+01
   2.0634035e+00   2.0645833e+00   3.9823236e+01
   2.9809602e+00   2.9825464e+00   3.9126304e+01
   2.5362857e+00   2.5371373e+00   4.1536911e+01
   2.9597220e+00   2.9608828e+00   4.0468026e+01
   2.5289511e+00   2.5358242e+00   3.2463649e+01
   3.0732526e+00   3.0753775e+00   3.7918115e+01
   2.6308320e+00   2.6319751e+00   4.0318756e+01
   3.1201315e+00   3.1210843e+00   4.1432706e+01
   1.9876583e+00   1.9890275e+00   3.9130088e+01
   3.0764631e+00   3.0779253e+00   3.9543381e+01
   2.5550628e+00   2.5562903e+00   3.9960862e+01
   3.1444966e+00   3.1457493e+00   4.0260833e+01
   2.6588382e+00   2.6614224e+00   3.6795066e+01
   2.6007535e+00   2.6043627e+00   3.5306798e+01
   1.9200707e+00   1.9215131e+00   3.8862617e+01
   2.4644236e+00   2.4661399e+00   3.8447158e+01
   2.5457276e+00   2.5466821e+00   4.1047222e+01
   2.5963868e+00   2.5975279e+00   4.0304592e+01
   2.2555668e+00   2.2566729e+00   4.0222897e+01
   2.8580521e+00   2.8594440e+00   3.9612350e+01
   2.4274659e+00   2.4284088e+00   4.1024648e+01
   2.5309197e+00   2.5321149e+00   4.0061144e+01
   2.4123997e+00   2.4141331e+00   3.8370835e+01
   1.9249723e+00   1.9265670e+00   3.8429762e+01
