   1.5603963e+00   1.5635769e+00   3.5213348e+01
   2.4788067e+00   2.4840927e+00   3.3571456e+01
   1.4007825e+00   1.4018450e+00   3.9881365e+01
   2.5382633e+00   2.5401016e+00   3.8196232e+01
   2.8431409e+00   2.9084523e+00   2.2898835e+01
   2.7225066e+00   2.7597224e+00   2.5257731e+01
   2.1423159e+00   2.1982652e+00   2.3118951e+01
   2.8290346e+00   2.8693900e+00   2.4976418e+01
   2.7271550e+00   2.7403457e+00   2.9761701e+01
   2.5554766e+00   2.5633779e+00   3.1875327e+01
   1.8954500e+00   1.8964976e+00   4.0236252e+01
   2.5809662e+00   2.5820338e+00   4.0583587e+01
   2.0466357e+00   2.0477307e+00   4.0136728e+01
   2.6360951e+00   2.6371037e+00   4.0866164e+01
   1.5635912e+00   1.5647665e+00   3.9538492e+01
   2.6038004e+00   2.6051655e+00   3.9530916e+01
   2.0277474e+00   2.0805089e+00   2.3302234e+01
   2.7633498e+00   2.8001664e+00   2.5331236e+01
   1.4575156e+00   1.4586650e+00   3.9573243e+01
   1.6690837e+00   1.6706570e+00   3.8334297e+01
   2.9518073e+00   2.9531167e+00   3.9939394e+01
   1.5883431e+00   1.5897518e+00   3.8766437e+01
   2.3534425e+00   2.3544478e+00   4.0699261e+01
   1.7689034e+00   1.7696666e+00   4.1535632e+01
   2.8258204e+00   2.8268881e+00   4.0742321e+01
   1.6679131e+00   1.6689917e+00   3.9973353e+01
   2.1170129e+00   2.1192861e+00   3.7008193e+01
   1.7440120e+00   1.7457593e+00   3.7923549e+01
   1.9511803e+00   1.9571028e+00   3.2748045e+01
   1.5956955e+00   1.5998209e+00   3.4104626e+01
   1.4811732e+00   1.4822823e+00   3.9742018e+01
   1.5719335e+00   1.5729530e+00   4.0161078e+01
   2.0552954e+00   2.0563338e+00   4.0373035e+01
   1.6779178e+00   1.6789539e+00   4.0153623e+01
   2.9964482e+00   2.9999652e+00   3.5678638e+01
   1.3847531e+00   1.3872138e+00   3.6225001e+01
   2.2888175e+00   2.2914186e+00   3.6530372e+01
   1.4588566e+00   1.4605281e+00   3.7947659e+01
   2.9363855e+00   2.9383441e+00   3.8180577e+01
   1.5744172e+00   1.5757955e+00   3.8852861e+01
   2.0805144e+00   2.0830249e+00   3.6554433e+01
   1.4441876e+00   1.4459325e+00   3.7752538e+01
   1.8270083e+00   1.8285323e+00   3.8567189e+01
   1.2195514e+00   1.2204635e+00   4.0440237e+01
   1.6484128e+00   1.6502559e+00   3.7634747e+01
   1.4936567e+00   1.4950636e+00   3.8716463e+01
   2.1720344e+00   2.1748924e+00   3.6048237e+01
   1.5473533e+00   1.5494911e+00   3.6930916e+01
   2.1324188e+00   2.1336747e+00   3.9594455e+01
   2.9101948e+00   2.9112423e+00   4.0880929e+01
   2.7975521e+00   2.7990438e+00   3.9271787e+01
   3.0547605e+00   3.0563646e+00   3.9126692e+01
   2.0299675e+00   2.0312439e+00   3.9461188e+01
   3.0128634e+00   3.0140541e+00   4.0392906e+01
   1.9591271e+00   1.9603899e+00   3.9464230e+01
   2.9741337e+00   2.9752142e+00   4.0789146e+01
   1.4971858e+00   1.4988456e+00   3.8000446e+01
   2.9659681e+00   2.9679174e+00   3.8221173e+01
   2.0546124e+00   2.0559762e+00   3.9188566e+01
   3.0463618e+00   3.0478841e+00   3.9348268e+01
   2.8096674e+00   2.8105245e+00   4.1686217e+01
   2.2763079e+00   2.2775288e+00   3.9807169e+01
   2.0437631e+00   2.0444665e+00   4.2057239e+01
   2.2398731e+00   2.2406864e+00   4.1548073e+01
   2.0649378e+00   2.0656255e+00   4.2168273e+01
   2.2927145e+00   2.2934133e+00   4.2240936e+01
   1.6009029e+00   1.6019787e+00   3.9944580e+01
   2.2828480e+00   2.2841710e+00   3.9462437e+01
   2.0485556e+00   2.0493494e+00   4.1534998e+01
   2.2615409e+00   2.2626321e+00   4.0285678e+01
   1.9889786e+00   1.9950661e+00   3.2651840e+01
   2.7227754e+00   2.7239928e+00   4.0105268e+01
   2.0202216e+00   2.0212330e+00   4.0465151e+01
   2.7881109e+00   2.7890073e+00   4.1477513e+01
   1.5226791e+00   1.5239254e+00   3.9260056e+01
   2.7432726e+00   2.7446808e+00   3.9486390e+01
   2.0687865e+00   2.0699238e+00   3.9986035e+01
   2.8152092e+00   2.8165581e+00   3.9720482e+01
   2.0490129e+00   2.0514784e+00   3.6613660e+01
   2.0755127e+00   2.0786590e+00   3.5571068e+01
   1.4473486e+00   1.4486632e+00   3.8983866e+01
   1.9292199e+00   1.9307215e+00   3.8693744e+01
   2.0584891e+00   2.0593817e+00   4.1031422e+01
   2.0724686e+00   2.0735769e+00   4.0100238e+01
   1.8047557e+00   1.8057664e+00   4.0337354e+01
   2.2639979e+00   2.2651779e+00   3.9947425e+01
   1.9310657e+00   1.9319472e+00   4.1007950e+01
   1.9150243e+00   1.9161633e+00   3.9885554e+01
   1.9186981e+00   1.9202827e+00   3.8453518e+01
   1.4571879e+00   1.4587076e+00   3.8360181e+01
