   5.8285632e-01   5.8591187e-01   3.4838554e+01
   1.0399578e+00   1.0437145e+00   3.4191239e+01
   7.4198759e-01   7.4294641e-01   3.9957622e+01
   1.1071780e+00   1.1084414e+00   3.8961842e+01
   1.2967228e+00   1.3423185e+00   2.3498896e+01
   1.2454965e+00   1.2830588e+00   2.4310561e+01
   8.3415957e-01   8.7549642e-01   2.3663856e+01
   1.3466258e+00   1.3856275e+00   2.4205631e+01
   1.7163463e+00   1.7268475e+00   3.0119194e+01
   1.1173694e+00   1.1240499e+00   3.1735023e+01
   8.7172636e-01   8.7256441e-01   4.0613191e+01
   1.1023945e+00   1.1031396e+00   4.1252265e+01
   1.0214551e+00   1.0223299e+00   4.0509638e+01
   1.1532044e+00   1.1539540e+00   4.1254950e+01
   6.6371140e-01   6.6467083e-01   3.9912600e+01
   1.1100759e+00   1.1110574e+00   4.0059771e+01
   9.9200265e-01   1.0335535e+00   2.3729000e+01
   1.2908337e+00   1.3282566e+00   2.4352752e+01
   8.0176839e-01   8.0280254e-01   3.9661707e+01
   7.0250108e-01   7.0370079e-01   3.8962861e+01
   1.3693393e+00   1.3702915e+00   4.0339518e+01
   5.9398183e-01   5.9498461e-01   3.9683272e+01
   1.0345054e+00   1.0352545e+00   4.1190990e+01
   7.8853223e-01   7.8913348e-01   4.2009774e+01
   1.8230081e+00   1.8238943e+00   4.0919635e+01
   7.0901236e-01   7.0979596e-01   4.0816180e+01
   1.1168194e+00   1.1186311e+00   3.7401645e+01
   7.6621039e-01   7.6771213e-01   3.8022228e+01
   9.2143135e-01   9.2612172e-01   3.3161424e+01
   6.1677607e-01   6.2057185e-01   3.3914600e+01
   5.8288800e-01   5.8379111e-01   4.0131969e+01
   5.8448164e-01   5.8529922e-01   4.0564970e+01
   1.0064733e+00   1.0073077e+00   4.0706816e+01
   6.9060046e-01   6.9139003e-01   4.0773234e+01
   1.4118939e+00   1.4143980e+00   3.6164806e+01
   7.1613094e-01   7.1821802e-01   3.6565655e+01
   9.7309642e-01   9.7502433e-01   3.7051135e+01
   8.0847043e-01   8.0997322e-01   3.8042253e+01
   1.9340422e+00   1.9356316e+00   3.8449658e+01
   9.2540545e-01   9.2651991e-01   3.9404875e+01
   1.0578350e+00   1.0598356e+00   3.6937585e+01
   7.7488017e-01   7.7641697e-01   3.7926758e+01
   7.7771802e-01   7.7892604e-01   3.8973700e+01
   5.4286618e-01   5.4366581e-01   4.0639219e+01
   7.5680674e-01   7.5830764e-01   3.8019559e+01
   8.4023558e-01   8.4146374e-01   3.8936052e+01
   1.1338184e+00   1.1360821e+00   3.6443843e+01
   8.9908938e-01   9.0098541e-01   3.7082572e+01
   7.9454373e-01   7.9547750e-01   4.0101182e+01
   1.3186973e+00   1.3194286e+00   4.1455994e+01
   1.7926321e+00   1.7938637e+00   3.9471783e+01
   1.4807904e+00   1.4818583e+00   3.9906158e+01
   1.0182710e+00   1.0192957e+00   3.9821186e+01
   1.4348263e+00   1.4356550e+00   4.0980934e+01
   9.3387202e-01   9.3488090e-01   3.9841791e+01
   1.4002806e+00   1.4010586e+00   4.1235131e+01
   5.9589806e-01   5.9726431e-01   3.8341063e+01
   1.3854978e+00   1.3868787e+00   3.8734451e+01
   1.0079471e+00   1.0090396e+00   3.9537071e+01
   1.4724206e+00   1.4734540e+00   4.0043870e+01
   1.8067619e+00   1.8074725e+00   4.1868438e+01
   9.5921397e-01   9.6001345e-01   4.0866171e+01
   1.0237490e+00   1.0243203e+00   4.2361400e+01
   9.0640441e-01   9.0697996e-01   4.2264155e+01
   1.0419816e+00   1.0425377e+00   4.2489539e+01
   9.7460021e-01   9.7512091e-01   4.2736843e+01
   7.1060537e-01   7.1148547e-01   4.0312701e+01
   9.6257171e-01   9.6354621e-01   4.0008254e+01
   9.9777431e-01   9.9840615e-01   4.1909630e+01
   9.3775839e-01   9.3850605e-01   4.1145238e+01
   9.7346375e-01   9.7830249e-01   3.3055037e+01
   1.7029932e+00   1.7040295e+00   4.0167890e+01
   9.8765344e-01   9.8845848e-01   4.0851844e+01
   1.7683779e+00   1.7691098e+00   4.1717471e+01
   6.2878770e-01   6.2980123e-01   3.9655563e+01
   1.7266397e+00   1.7277682e+00   3.9811657e+01
   1.0269334e+00   1.0278552e+00   4.0285881e+01
   1.8065076e+00   1.8075474e+00   4.0215046e+01
   1.0124869e+00   1.0147752e+00   3.6328852e+01
   1.0570234e+00   1.0595177e+00   3.5979490e+01
   5.4233502e-01   5.4341746e-01   3.9323742e+01
   9.0599464e-01   9.0718359e-01   3.9113124e+01
   1.0150237e+00   1.0157393e+00   4.1378791e+01
   1.0664341e+00   1.0672644e+00   4.0762054e+01
   9.3301114e-01   9.3383585e-01   4.0716645e+01
   1.2550449e+00   1.2559619e+00   4.0437185e+01
   8.7829891e-01   8.7900671e-01   4.1350362e+01
   8.7956865e-01   8.8041072e-01   4.0596724e+01
   8.5794647e-01   8.5920150e-01   3.8851795e+01
   5.5116880e-01   5.5235594e-01   3.8927472e+01
