  -8.2565009e-02  -7.9531001e-02   3.4526874e+01
  -9.1460125e-02  -8.8429191e-02   3.4526874e+01
  -7.3129404e-03  -6.1377734e-03   3.8683492e+01
  -1.3771720e-02  -1.2597426e-02   3.8683492e+01
  -1.3578595e-01  -1.0287123e-01   2.4146643e+01
   3.7874315e-02   7.1452509e-02   2.4146643e+01
  -8.3103764e-02  -4.9617172e-02   2.4097942e+01
   1.4202144e-01   1.7639382e-01   2.4097942e+01
  -7.1444635e-02  -6.4285726e-02   3.0804071e+01
  -1.6480789e-02  -9.2766286e-03   3.0804071e+01
  -1.7890138e-01  -1.7818230e-01   4.0731826e+01
  -1.7784997e-01  -1.7713080e-01   4.0731826e+01
   3.1143949e-02   3.1882077e-02   4.0722426e+01
   3.1404872e-02   3.2143022e-02   4.0722426e+01
  -1.3111084e-02  -1.2192591e-02   3.9750833e+01
  -1.9219129e-02  -1.8301280e-02   3.9750833e+01
   1.4645200e-02   4.7916630e-02   2.4174806e+01
   7.9480124e-02   1.1300316e-01   2.4174806e+01
   5.2389356e-02   5.3650424e-02   3.8407033e+01
   4.6056519e-02   4.7316664e-02   3.8407033e+01
  -1.0002370e-01  -9.9055068e-02   3.9476814e+01
  -8.8063671e-02  -8.7093716e-02   3.9476814e+01
   1.1104924e-01   1.1170454e-01   4.1279628e+01
   1.1801986e-01   1.1867570e-01   4.1279628e+01
   3.9044988e-02   3.9826559e-02   4.0478026e+01
   5.1580732e-02   5.2363438e-02   4.0478026e+01
   7.8682972e-02   8.0171095e-02   3.7701282e+01
   9.3760609e-02   9.5251344e-02   3.7701282e+01
  -6.9721755e-02  -6.5946179e-02   3.3583575e+01
  -5.0156395e-02  -4.6372361e-02   3.3583575e+01
  -9.0611258e-02  -8.9741310e-02   3.9948135e+01
  -9.0621742e-02  -8.9751794e-02   3.9948135e+01
   1.6913506e-02   1.7728489e-02   4.0285124e+01
   1.8533664e-02   1.9348799e-02   4.0285124e+01
  -5.8899211e-02  -5.6819426e-02   3.6178602e+01
  -4.6693879e-02  -4.4611186e-02   3.6178602e+01
   5.2149017e-02   5.3753691e-02   3.7360434e+01
   6.2039592e-02   6.3646106e-02   3.7360434e+01
   1.4084906e-01   1.4209386e-01   3.8508158e+01
   1.6536350e-01   1.6661188e-01   3.8508158e+01
   9.9187902e-03   1.1558115e-02   3.7246457e+01
   1.5193464e-02   1.6833786e-02   3.7246457e+01
  -2.2898133e-01  -2.2798179e-01   3.9277126e+01
  -2.2271548e-01  -2.2171523e-01   3.9277126e+01
   8.6209482e-02   8.7591834e-02   3.8025284e+01
   8.9696231e-02   9.1079143e-02   3.8025284e+01
   1.4269505e-01   1.4464674e-01   3.6556000e+01
   1.4899219e-01   1.5094531e-01   3.6556000e+01
  -1.3879021e-01  -1.3798774e-01   4.0275013e+01
  -1.4946356e-01  -1.4866206e-01   4.0275013e+01
   1.1262444e-02   1.2284455e-02   3.9299224e+01
   2.1231958e-02   2.2255145e-02   3.9299224e+01
  -1.8852074e-02  -1.7979607e-02   3.9971238e+01
  -2.2159692e-02  -2.1287557e-02   3.9971238e+01
  -5.7118180e-02  -5.6270752e-02   4.0078646e+01
  -6.2359384e-02  -6.1512464e-02   4.0078646e+01
  -7.6591968e-02  -7.5295870e-02   3.8223635e+01
  -7.6056113e-02  -7.4759937e-02   3.8223635e+01
   1.8344672e-02   1.9365944e-02   3.9305913e+01
   1.6223398e-02   1.7244420e-02   3.9305913e+01
   2.8597103e-02   2.9256190e-02   4.1213043e+01
   4.1599512e-02   4.2259590e-02   4.1213043e+01
  -2.2584155e-02  -2.2069422e-02   4.2261039e+01
  -2.5655608e-02  -2.5141056e-02   4.2261039e+01
   5.9221185e-02   5.9704905e-02   4.2571915e+01
   5.5369056e-02   5.5852561e-02   4.2571915e+01
   4.3830590e-02   4.4699690e-02   4.0019417e+01
   4.0693766e-02   4.1562551e-02   4.0019417e+01
   3.6376865e-03   4.2877379e-03   4.1260486e+01
   1.0309698e-02   1.0960249e-02   4.1260486e+01
  -6.1915412e-02  -5.8037440e-02   3.3471235e+01
  -4.0901395e-02  -3.7014081e-02   3.3471235e+01
  -6.9838366e-03  -6.3034509e-03   4.1057100e+01
  -1.8363373e-02  -1.7683877e-02   4.1057100e+01
  -3.9625190e-02  -3.8666115e-02   3.9549849e+01
  -5.5500610e-02  -5.4543277e-02   3.9549849e+01
   3.9760879e-02   4.0650469e-02   3.9916172e+01
   2.9149818e-02   3.0038318e-02   3.9916172e+01
   1.3574505e-02   1.5610022e-02   3.6308189e+01
   1.0259380e-02   1.2294119e-02   3.6308189e+01
  -1.3058579e-01  -1.2956060e-01   3.9215310e+01
  -1.3708745e-01  -1.3606302e-01   3.9215310e+01
   2.7570966e-02   2.8290596e-02   4.0830857e+01
   3.0153517e-02   3.0873362e-02   4.0830857e+01
   2.7322835e-01   2.7402931e-01   4.0490787e+01
   2.7429954e-01   2.7510061e-01   4.0490787e+01
  -1.1053315e-01  -1.0981807e-01   4.0789707e+01
  -1.0516682e-01  -1.0445131e-01   4.0789707e+01
  -1.4205747e-01  -1.4091090e-01   3.8723660e+01
  -1.2581650e-01  -1.2466781e-01   3.8723660e+01
