   2.1475170e+00   2.1507623e+00   3.5481255e+01
   3.2058372e+00   3.2120529e+00   3.3346565e+01
   1.7585460e+00   1.7596523e+00   3.9916970e+01
   3.2661944e+00   3.2683011e+00   3.8085774e+01
   3.5972082e+00   3.6748956e+00   2.2660811e+01
   3.4366599e+00   3.4711358e+00   2.6069240e+01
   2.8654018e+00   2.9315534e+00   2.2858196e+01
   3.5460214e+00   3.5851373e+00   2.5597503e+01
   2.9052234e+00   2.9188960e+00   2.9722985e+01
   3.2855399e+00   3.2943317e+00   3.1895300e+01
   2.4414273e+00   2.4425882e+00   4.0130621e+01
   3.2547481e+00   3.2560083e+00   4.0309409e+01
   2.6696571e+00   2.6709082e+00   3.9952097e+01
   3.3949462e+00   3.3961682e+00   4.0538962e+01
   2.0382811e+00   2.0395785e+00   3.9395342e+01
   3.3681366e+00   3.3697732e+00   3.9251732e+01
   2.4758661e+00   2.5343655e+00   2.3136836e+01
   3.4678505e+00   3.5019662e+00   2.6136328e+01
   1.8120997e+00   1.8132941e+00   3.9616433e+01
   2.2529501e+00   2.2547009e+00   3.8226834e+01
   3.7138148e+00   3.7152970e+00   3.9921532e+01
   2.1854421e+00   2.1869281e+00   3.8896817e+01
   3.0847261e+00   3.0859028e+00   4.0492344e+01
   2.3625418e+00   2.3634339e+00   4.1224457e+01
   2.9999992e+00   3.0010401e+00   4.0968026e+01
   2.2444315e+00   2.2455877e+00   4.0023844e+01
   2.6504140e+00   2.6529761e+00   3.6826844e+01
   2.3342672e+00   2.3361756e+00   3.7903786e+01
   2.5808256e+00   2.5876534e+00   3.2525682e+01
   2.1888252e+00   2.1932503e+00   3.4160272e+01
   1.9578169e+00   1.9590455e+00   3.9582584e+01
   2.1678716e+00   2.1690493e+00   3.9895748e+01
   2.5104431e+00   2.5115702e+00   4.0302778e+01
   2.2774100e+00   2.2785528e+00   4.0094975e+01
   3.7610538e+00   3.7651664e+00   3.5523318e+01
   1.7378337e+00   1.7403366e+00   3.6359148e+01
   3.0186686e+00   3.0217206e+00   3.6309249e+01
   1.8072073e+00   1.8089866e+00   3.7882722e+01
   3.1048382e+00   3.1068094e+00   3.8265371e+01
   1.9131508e+00   1.9145763e+00   3.8909744e+01
   2.6271813e+00   2.6300145e+00   3.6375040e+01
   1.8013258e+00   1.8031981e+00   3.7657806e+01
   2.4620338e+00   2.4637806e+00   3.8369253e+01
   1.5771907e+00   1.5782051e+00   4.0186166e+01
   2.1194316e+00   2.1214807e+00   3.7460577e+01
   1.8410294e+00   1.8425755e+00   3.8513378e+01
   2.6154017e+00   2.6185463e+00   3.5914600e+01
   1.8910197e+00   1.8932491e+00   3.6954215e+01
   2.8738490e+00   2.8753186e+00   3.9386856e+01
   3.6774021e+00   3.6786061e+00   4.0798953e+01
   2.9756535e+00   2.9771425e+00   3.9397277e+01
   3.8110501e+00   3.8128122e+00   3.9239037e+01
   2.5750566e+00   2.5764841e+00   3.9318211e+01
   3.7743209e+00   3.7756892e+00   4.0311351e+01
   2.5810927e+00   2.5825364e+00   3.9273061e+01
   3.7270830e+00   3.7283465e+00   4.0624569e+01
   1.9776951e+00   1.9795325e+00   3.7846773e+01
   3.7280631e+00   3.7303287e+00   3.8088977e+01
   2.5086610e+00   2.5101469e+00   3.9101616e+01
   3.8052070e+00   3.8069026e+00   3.9401995e+01
   2.9896068e+00   2.9904225e+00   4.2019793e+01
   3.0088431e+00   3.0102018e+00   3.9817013e+01
   2.5891017e+00   2.5898829e+00   4.1945310e+01
   2.9762384e+00   2.9772245e+00   4.1187135e+01
   2.6940728e+00   2.6948529e+00   4.2019753e+01
   3.0254084e+00   3.0262806e+00   4.1753032e+01
   2.0746494e+00   2.0758385e+00   3.9796149e+01
   3.0149056e+00   3.0164981e+00   3.9131608e+01
   2.5012748e+00   2.5021350e+00   4.1470542e+01
   2.9932263e+00   2.9944880e+00   4.0128373e+01
   2.5377950e+00   2.5446856e+00   3.2458232e+01
   2.9232553e+00   2.9261253e+00   3.6512960e+01
   2.6495180e+00   2.6506730e+00   4.0286288e+01
   2.9597624e+00   2.9606862e+00   4.1460049e+01
   1.9988626e+00   2.0002414e+00   3.9106893e+01
   2.9163036e+00   2.9177238e+00   3.9563160e+01
   2.5201522e+00   2.5213842e+00   3.9922623e+01
   2.9845087e+00   2.9858174e+00   3.9963709e+01
   2.6773139e+00   2.6799031e+00   3.6798643e+01
   2.6091124e+00   2.6127170e+00   3.5317702e+01
   1.9316934e+00   1.9331461e+00   3.8838821e+01
   2.4737844e+00   2.4755060e+00   3.8439812e+01
   2.5107844e+00   2.5117445e+00   4.0999437e+01
   2.6046846e+00   2.6059094e+00   4.0002587e+01
   2.2658283e+00   2.2669433e+00   4.0194850e+01
   2.8762489e+00   2.8776405e+00   3.9625199e+01
   2.3932427e+00   2.3941952e+00   4.0959237e+01
   2.5507437e+00   2.5520243e+00   3.9774416e+01
   2.3775501e+00   2.3792832e+00   3.8349651e+01
   1.9358979e+00   1.9375749e+00   3.8217904e+01
