   2.1729893e+00   2.1763132e+00   3.5393098e+01
   3.1606866e+00   3.1668622e+00   3.3344157e+01
   1.7046494e+00   1.7060201e+00   3.8954395e+01
   3.2224193e+00   3.2246719e+00   3.7765126e+01
   3.4823868e+00   3.5581905e+00   2.2687024e+01
   3.3613494e+00   3.3943335e+00   2.6209261e+01
   2.9129894e+00   2.9799158e+00   2.2839344e+01
   3.4735098e+00   3.5111616e+00   2.5712604e+01
   2.3979784e+00   2.4102401e+00   2.9866711e+01
   3.2358294e+00   3.2445285e+00   3.1907519e+01
   2.4123800e+00   2.4135861e+00   3.9946119e+01
   3.1584393e+00   3.1596881e+00   4.0283594e+01
   2.6660433e+00   2.6673335e+00   3.9816199e+01
   3.3483849e+00   3.3496439e+00   4.0377205e+01
   2.0335014e+00   2.0348986e+00   3.9070401e+01
   3.3217658e+00   3.3234719e+00   3.9039497e+01
   2.3317554e+00   2.3884300e+00   2.3182263e+01
   3.3901545e+00   3.4229166e+00   2.6258339e+01
   1.7578459e+00   1.7593073e+00   3.8707931e+01
   2.2791491e+00   2.2810485e+00   3.7889517e+01
   3.5944729e+00   3.5961112e+00   3.9403383e+01
   2.2093245e+00   2.2107597e+00   3.9062800e+01
   3.1328898e+00   3.1341165e+00   4.0344076e+01
   2.3869534e+00   2.3878631e+00   4.1154452e+01
   2.4913508e+00   2.4923712e+00   4.0722418e+01
   2.2684520e+00   2.2695627e+00   4.0213234e+01
   2.6202400e+00   2.6228322e+00   3.6756657e+01
   2.3573104e+00   2.3592316e+00   3.7889300e+01
   2.5790031e+00   2.5858675e+00   3.2501271e+01
   2.2132594e+00   2.2177415e+00   3.4119991e+01
   1.9537536e+00   1.9550878e+00   3.9222070e+01
   2.1917154e+00   2.1929855e+00   3.9582433e+01
   2.3633639e+00   2.3645540e+00   3.9973040e+01
   2.3021484e+00   2.3033293e+00   3.9968316e+01
   3.6417214e+00   3.6459030e+00   3.5367421e+01
   1.6845148e+00   1.6870472e+00   3.6276429e+01
   3.0668319e+00   3.0699537e+00   3.6243358e+01
   1.7543818e+00   1.7562703e+00   3.7592360e+01
   2.5942021e+00   2.5960484e+00   3.8213570e+01
   1.8574060e+00   1.8589098e+00   3.8643697e+01
   2.5985705e+00   2.6014317e+00   3.6313813e+01
   1.7491061e+00   1.7511048e+00   3.7342945e+01
   2.4591169e+00   2.4608990e+00   3.8280395e+01
   1.5241389e+00   1.5253142e+00   3.9515330e+01
   2.1148188e+00   2.1169648e+00   3.7256929e+01
   1.7877358e+00   1.7894644e+00   3.7996522e+01
   2.4654826e+00   2.4686273e+00   3.5818158e+01
   1.8367881e+00   1.8391346e+00   3.6698860e+01
   2.9230428e+00   2.9245676e+00   3.9259414e+01
   3.5617851e+00   3.5630437e+00   4.0525772e+01
   2.4683548e+00   2.4697770e+00   3.9265881e+01
   3.6951196e+00   3.6968139e+00   3.9327973e+01
   2.5475220e+00   2.5489934e+00   3.9168943e+01
   3.6597946e+00   3.6612086e+00   4.0088576e+01
   2.5781397e+00   2.5796222e+00   3.9155898e+01
   3.6094714e+00   3.6108309e+00   4.0224008e+01
   1.9742827e+00   1.9762243e+00   3.7605040e+01
   3.6125159e+00   3.6148977e+00   3.7791060e+01
   2.3612781e+00   2.3628034e+00   3.8893932e+01
   3.6897042e+00   3.6914492e+00   3.9195968e+01
   2.4820137e+00   2.4828310e+00   4.1680305e+01
   3.0597575e+00   3.0609966e+00   4.0251393e+01
   2.5606072e+00   2.5614328e+00   4.1686985e+01
   3.0264634e+00   3.0274044e+00   4.1423850e+01
   2.6935072e+00   2.6943252e+00   4.1813047e+01
   3.0757692e+00   3.0766363e+00   4.1812099e+01
   2.0709299e+00   2.0722251e+00   3.9422969e+01
   3.0651484e+00   3.0667898e+00   3.9033942e+01
   2.3533741e+00   2.3543045e+00   4.1035748e+01
   3.0421873e+00   3.0434238e+00   4.0248573e+01
   2.5113219e+00   2.5182150e+00   3.2439709e+01
   2.4431306e+00   2.4478493e+00   3.4041790e+01
   2.6468138e+00   2.6480079e+00   4.0140106e+01
   2.4531023e+00   2.4539610e+00   4.1447570e+01
   1.9949547e+00   1.9964369e+00   3.8790324e+01
   2.4107568e+00   2.4121006e+00   3.9475491e+01
   2.3729806e+00   2.3742788e+00   3.9601545e+01
   2.4790855e+00   2.4802812e+00   4.0025954e+01
   2.6747303e+00   2.6773381e+00   3.6765809e+01
   2.5825766e+00   2.5861387e+00   3.5352112e+01
   1.9287327e+00   1.9302826e+00   3.8556030e+01
   2.4495447e+00   2.4512908e+00   3.8362723e+01
   2.3629868e+00   2.3640168e+00   4.0600394e+01
   2.5789505e+00   2.5801363e+00   4.0126394e+01
   2.2601829e+00   2.2614031e+00   3.9799471e+01
   2.8739377e+00   2.8753605e+00   3.9527508e+01
   2.2468024e+00   2.2478253e+00   4.0557095e+01
   2.5519460e+00   2.5531916e+00   3.9895339e+01
   2.2298442e+00   2.2316241e+00   3.8140794e+01
   1.9325171e+00   1.9342264e+00   3.8133058e+01
