   2.0472977e+00   2.0505240e+00   3.5444651e+01
   3.1294299e+00   3.1354370e+00   3.3443219e+01
   1.7431469e+00   1.7442438e+00   3.9945266e+01
   3.1886570e+00   3.1905804e+00   3.8428313e+01
   3.5508836e+00   3.6277517e+00   2.2674335e+01
   3.3813990e+00   3.4168179e+00   2.5914175e+01
   2.7341287e+00   2.7982851e+00   2.2904353e+01
   3.4883347e+00   3.5285069e+00   2.5441946e+01
   3.2106230e+00   3.2252739e+00   2.9627586e+01
   3.2119873e+00   3.2204977e+00   3.1986558e+01
   2.3708782e+00   2.3720053e+00   4.0213761e+01
   3.2184213e+00   3.2196186e+00   4.0507126e+01
   2.5685511e+00   2.5697677e+00   4.0008504e+01
   3.3158387e+00   3.3170397e+00   4.0559686e+01
   1.9745280e+00   1.9757979e+00   3.9448920e+01
   3.2880546e+00   3.2896622e+00   3.9274801e+01
   2.5057308e+00   2.5646662e+00   2.3123845e+01
   3.4147887e+00   3.4500593e+00   2.5955350e+01
   1.7979135e+00   1.7990976e+00   3.9646078e+01
   2.1527788e+00   2.1543674e+00   3.8586599e+01
   3.6708310e+00   3.6722824e+00   3.9982856e+01
   2.0859415e+00   2.0871757e+00   3.9641266e+01
   2.9518739e+00   2.9530075e+00   4.0565662e+01
   2.2618483e+00   2.2626877e+00   4.1424862e+01
   3.3065741e+00   3.3076725e+00   4.0941314e+01
   2.1476018e+00   2.1485819e+00   4.0680879e+01
   2.5821464e+00   2.5846544e+00   3.6875422e+01
   2.2347323e+00   2.2365733e+00   3.7997306e+01
   2.4775093e+00   2.4841738e+00   3.2564477e+01
   2.0874614e+00   2.0918368e+00   3.4146419e+01
   1.8932557e+00   1.8944561e+00   3.9644202e+01
   2.0667959e+00   2.0679364e+00   3.9972595e+01
   2.5414011e+00   2.5425250e+00   4.0335268e+01
   2.1753448e+00   2.1763758e+00   4.0478063e+01
   3.7172767e+00   3.7213378e+00   3.5547380e+01
   1.7253983e+00   1.7276734e+00   3.6766093e+01
   2.8861206e+00   2.8890716e+00   3.6367555e+01
   1.7935772e+00   1.7952932e+00   3.8031855e+01
   3.4145464e+00   3.4166427e+00   3.8208542e+01
   1.9050473e+00   1.9062923e+00   3.9492998e+01
   2.5556554e+00   2.5584332e+00   3.6414702e+01
   1.7868393e+00   1.7886352e+00   3.7830136e+01
   2.3590923e+00   2.3607896e+00   3.8428542e+01
   1.5630187e+00   1.5639846e+00   4.0390400e+01
   2.0556829e+00   2.0576898e+00   3.7511520e+01
   1.8283501e+00   1.8298488e+00   3.8640719e+01
   2.6501247e+00   2.6532819e+00   3.5919621e+01
   1.8796722e+00   1.8817913e+00   3.7167595e+01
   2.7390736e+00   2.7404867e+00   3.9468746e+01
   3.6310893e+00   3.6322219e+00   4.1031927e+01
   3.2810539e+00   3.2826353e+00   3.9341295e+01
   3.7679492e+00   3.7694959e+00   3.9774990e+01
   2.5031034e+00   2.5044985e+00   3.9371654e+01
   3.7281858e+00   3.7294796e+00   4.0521973e+01
   2.4798622e+00   2.4812638e+00   3.9336808e+01
   3.6844907e+00   3.6857204e+00   4.0712236e+01
   1.9117540e+00   1.9135549e+00   3.7893603e+01
   3.6823420e+00   3.6845725e+00   3.8124906e+01
   2.5400186e+00   2.5415040e+00   3.9123109e+01
   3.7601311e+00   3.7616826e+00   3.9756005e+01
   3.2938048e+00   3.2946566e+00   4.2036731e+01
   2.8747560e+00   2.8759129e+00   4.0426368e+01
   2.5180901e+00   2.5188505e+00   4.2016710e+01
   2.8419345e+00   2.8428647e+00   4.1352278e+01
   2.5896743e+00   2.5904311e+00   4.2083367e+01
   2.8906190e+00   2.8914754e+00   4.1742635e+01
   2.0095922e+00   2.0107508e+00   3.9869035e+01
   2.8808460e+00   2.8823982e+00   3.9153841e+01
   2.5333725e+00   2.5342221e+00   4.1544982e+01
   2.8602212e+00   2.8613554e+00   4.0502824e+01
   2.4642992e+00   2.4710744e+00   3.2484473e+01
   3.2046313e+00   3.2058539e+00   4.0406831e+01
   2.5464700e+00   2.5475918e+00   4.0346331e+01
   3.2658189e+00   3.2668096e+00   4.1361821e+01
   1.9336140e+00   1.9349605e+00   3.9169505e+01
   3.2215692e+00   3.2230884e+00   3.9475297e+01
   2.5516269e+00   2.5528626e+00   3.9930061e+01
   3.2898804e+00   3.2911856e+00   4.0181062e+01
   2.5748775e+00   2.5774405e+00   3.6776506e+01
   2.5377667e+00   2.5413278e+00   3.5324430e+01
   1.8646141e+00   1.8660344e+00   3.8896125e+01
   2.3990254e+00   2.4007206e+00   3.8459356e+01
   2.5422669e+00   2.5432208e+00   4.1047378e+01
   2.5329027e+00   2.5340282e+00   4.0323224e+01
   2.2040550e+00   2.2051427e+00   4.0263749e+01
   2.7754768e+00   2.7768408e+00   3.9645976e+01
   2.4225067e+00   2.4234510e+00   4.1015408e+01
   2.4441368e+00   2.4453089e+00   4.0090398e+01
   2.4087842e+00   2.4105178e+00   3.8368195e+01
   1.8707672e+00   1.8723339e+00   3.8474032e+01
