   1.0233819e+00   1.0265272e+00   3.4953415e+01
   1.7174421e+00   1.7219460e+00   3.3795841e+01
   1.0123835e+00   1.0134800e+00   3.9523526e+01
   1.7792390e+00   1.7808362e+00   3.8334567e+01
   2.0169830e+00   2.0710719e+00   2.3187832e+01
   1.9427715e+00   1.9807734e+00   2.4673421e+01
   1.4461329e+00   1.4937713e+00   2.3395530e+01
   2.0456605e+00   2.0858757e+00   2.4491098e+01
   2.1458072e+00   2.1575266e+00   2.9904613e+01
   1.7903994e+00   1.7974766e+00   3.1877079e+01
   1.3805919e+00   1.3815425e+00   4.0352765e+01
   1.8078282e+00   1.8088567e+00   4.0263673e+01
   1.5140216e+00   1.5149979e+00   4.0315366e+01
   1.8426842e+00   1.8436645e+00   4.0493115e+01
   1.0857821e+00   1.0868356e+00   3.9738940e+01
   1.8046431e+00   1.8059016e+00   3.9385200e+01
   1.4651997e+00   1.5116134e+00   2.3519692e+01
   1.9882395e+00   2.0260619e+00   2.4721848e+01
   1.0710268e+00   1.0721973e+00   3.9272772e+01
   1.1389770e+00   1.1404165e+00   3.8412887e+01
   2.1073252e+00   2.1086182e+00   3.9452577e+01
   1.0433443e+00   1.0445852e+00   3.9003973e+01
   1.6507211e+00   1.6516028e+00   4.0838216e+01
   1.2307855e+00   1.2315566e+00   4.1175795e+01
   2.2487459e+00   2.2498510e+00   4.0222746e+01
   1.1420847e+00   1.1430652e+00   4.0082473e+01
   1.6152667e+00   1.6173137e+00   3.7159424e+01
   1.2078823e+00   1.2095822e+00   3.7729880e+01
   1.4152597e+00   1.4205097e+00   3.2952001e+01
   1.0584421e+00   1.0624880e+00   3.3879653e+01
   1.0039231e+00   1.0049161e+00   3.9949596e+01
   1.0303696e+00   1.0313634e+00   3.9960854e+01
   1.4837834e+00   1.4847702e+00   4.0250916e+01
   1.1359506e+00   1.1369179e+00   4.0137654e+01
   2.1492652e+00   2.1523939e+00   3.5641180e+01
   9.9230779e-01   9.9467380e-01   3.6172537e+01
   1.5881975e+00   1.5904312e+00   3.6764256e+01
   1.0769410e+00   1.0786622e+00   3.7601643e+01
   2.3562904e+00   2.3581722e+00   3.7978516e+01
   1.1893653e+00   1.1907229e+00   3.8695789e+01
   1.5657590e+00   1.5680237e+00   3.6691325e+01
   1.0508802e+00   1.0526530e+00   3.7458834e+01
   1.2820706e+00   1.2834209e+00   3.8772139e+01
   8.2396758e-01   8.2496543e-01   3.9829004e+01
   1.1751019e+00   1.1767518e+00   3.7840688e+01
   1.1099103e+00   1.1113593e+00   3.8367666e+01
   1.6070943e+00   1.6096754e+00   3.6147838e+01
   1.1666373e+00   1.1687627e+00   3.6736185e+01
   1.4198814e+00   1.4209705e+00   3.9785058e+01
   2.0644138e+00   2.0655265e+00   4.0078170e+01
   2.2201766e+00   2.2216678e+00   3.8903533e+01
   2.2191790e+00   2.2207349e+00   3.8718255e+01
   1.5208526e+00   1.5220201e+00   3.9542569e+01
   2.1735725e+00   2.1748173e+00   3.9658734e+01
   1.4272287e+00   1.4283530e+00   3.9651421e+01
   2.1381252e+00   2.1392945e+00   3.9908181e+01
   1.0176550e+00   1.0191530e+00   3.8171582e+01
   2.1257493e+00   2.1276353e+00   3.7824697e+01
   1.4838761e+00   1.4851501e+00   3.9141564e+01
   2.2089952e+00   2.2104726e+00   3.8936780e+01
   2.2312730e+00   2.2321777e+00   4.1080616e+01
   1.5737554e+00   1.5747678e+00   4.0192572e+01
   1.5307412e+00   1.5314006e+00   4.2028776e+01
   1.5299831e+00   1.5307322e+00   4.1474865e+01
   1.5325241e+00   1.5331439e+00   4.2299509e+01
   1.5904798e+00   1.5911526e+00   4.1976876e+01
   1.1277491e+00   1.1287182e+00   4.0125258e+01
   1.5800355e+00   1.5812237e+00   3.9500767e+01
   1.4765537e+00   1.4773153e+00   4.1372080e+01
   1.5574721e+00   1.5584030e+00   4.0547733e+01
   1.4780335e+00   1.4834906e+00   3.2820648e+01
   2.1509177e+00   2.1522523e+00   3.9342264e+01
   1.4834192e+00   1.4843201e+00   4.0646235e+01
   2.2170267e+00   2.2180518e+00   4.0529165e+01
   1.0481121e+00   1.0492260e+00   3.9475650e+01
   2.1730380e+00   2.1745008e+00   3.8957485e+01
   1.4994482e+00   1.5005323e+00   3.9851549e+01
   2.2479081e+00   2.2492920e+00   3.9244982e+01
   1.5109714e+00   1.5133513e+00   3.6443539e+01
   1.5632361e+00   1.5661251e+00   3.5632561e+01
   9.6552150e-01   9.6670615e-01   3.9161846e+01
   1.4125609e+00   1.4139664e+00   3.8673287e+01
   1.4899581e+00   1.4908113e+00   4.0886389e+01
   1.5654271e+00   1.5664391e+00   4.0189167e+01
   1.3426136e+00   1.3435206e+00   4.0534885e+01
   1.7428677e+00   1.7439482e+00   4.0010309e+01
   1.3557915e+00   1.3566352e+00   4.0856701e+01
   1.3774209e+00   1.3784166e+00   4.0150003e+01
   1.3408991e+00   1.3423528e+00   3.8485492e+01
   9.7705728e-01   9.7842010e-01   3.8559781e+01
