   4.1720861e-01   4.2022621e-01   3.4805218e+01
   7.7533447e-01   7.7894218e-01   3.4220942e+01
   6.2414070e-01   6.2503998e-01   4.0172488e+01
   8.4531742e-01   8.4661909e-01   3.8686367e+01
   9.9638220e-01   1.0388063e+00   2.3641181e+01
   9.7172803e-01   1.0090185e+00   2.4187259e+01
   5.9454329e-01   6.3364465e-01   2.3775028e+01
   1.0723119e+00   1.1106909e+00   2.4118755e+01
   1.5254118e+00   1.5353896e+00   3.0228019e+01
   8.5423605e-01   8.6108520e-01   3.1480198e+01
   6.4474700e-01   6.4553338e-01   4.0766147e+01
   8.1939429e-01   8.2012068e-01   4.1205483e+01
   8.0401335e-01   8.0484835e-01   4.0591923e+01
   8.8925306e-01   8.8996570e-01   4.1326833e+01
   5.0243708e-01   5.0335220e-01   4.0031849e+01
   8.4372344e-01   8.4466223e-01   4.0104817e+01
   8.1125268e-01   8.5105367e-01   2.3815628e+01
   1.0164608e+00   1.0534793e+00   2.4244028e+01
   6.8429906e-01   6.8528491e-01   3.9805678e+01
   5.3864929e-01   5.3991502e-01   3.8642460e+01
   1.0603960e+00   1.0611989e+00   4.0903871e+01
   4.2447426e-01   4.2559558e-01   3.9108322e+01
   7.9322182e-01   7.9392250e-01   4.1347624e+01
   6.2266115e-01   6.2326066e-01   4.1932650e+01
   1.6333757e+00   1.6341522e+00   4.1379769e+01
   5.4600487e-01   5.4686736e-01   4.0312198e+01
   8.9345373e-01   8.9516351e-01   3.7528479e+01
   6.0045770e-01   6.0195214e-01   3.7954017e+01
   7.0403490e-01   7.0849462e-01   3.3261512e+01
   4.5164617e-01   4.5538835e-01   3.3888681e+01
   4.2229816e-01   4.2315937e-01   4.0253395e+01
   4.1742458e-01   4.1821846e-01   4.0604338e+01
   8.2435772e-01   8.2512763e-01   4.0955481e+01
   5.2435208e-01   5.2516606e-01   4.0552150e+01
   1.1032448e+00   1.1054965e+00   3.6449674e+01
   5.9531376e-01   5.9748494e-01   3.6329108e+01
   7.3234775e-01   7.3416538e-01   3.7174761e+01
   6.9147509e-01   6.9293580e-01   3.8102028e+01
   1.7444118e+00   1.7458643e+00   3.8726076e+01
   8.0756605e-01   8.0872286e-01   3.9178078e+01
   8.3143994e-01   8.3332934e-01   3.7060587e+01
   6.5490572e-01   6.5639242e-01   3.8005768e+01
   5.5596552e-01   5.5711823e-01   3.9057826e+01
   4.2062383e-01   4.2136176e-01   4.0923381e+01
   5.9720330e-01   5.9864370e-01   3.8112210e+01
   7.2227671e-01   7.2344404e-01   3.9092409e+01
   9.5206367e-01   9.5420126e-01   3.6591078e+01
   7.8191764e-01   7.8379589e-01   3.7059218e+01
   5.5015021e-01   5.5102737e-01   4.0241165e+01
   1.0092717e+00   1.0099205e+00   4.1800598e+01
   1.6022557e+00   1.6033570e+00   3.9843865e+01
   1.1731071e+00   1.1741582e+00   3.9797768e+01
   7.9419992e-01   7.9515712e-01   3.9993381e+01
   1.1284169e+00   1.1291614e+00   4.1270249e+01
   7.1644330e-01   7.1740754e-01   3.9919310e+01
   1.0930405e+00   1.0937041e+00   4.1749929e+01
   4.3558975e-01   4.3689788e-01   3.8444922e+01
   1.0782972e+00   1.0795348e+00   3.9034956e+01
   8.2603230e-01   8.2705146e-01   3.9738398e+01
   1.1669671e+00   1.1679378e+00   4.0140003e+01
   1.6189117e+00   1.6195257e+00   4.2391509e+01
   7.1879493e-01   7.1969026e-01   4.0242581e+01
   7.9759095e-01   7.9812050e-01   4.2566142e+01
   6.6213028e-01   6.6272463e-01   4.1991435e+01
   8.2609858e-01   8.2662928e-01   4.2572345e+01
   7.3394280e-01   7.3445655e-01   4.2663104e+01
   5.5135349e-01   5.5219073e-01   4.0444063e+01
   7.2128997e-01   7.2224081e-01   3.9982720e+01
   8.1456035e-01   8.1513910e-01   4.2189641e+01
   6.9493597e-01   6.9572868e-01   4.0758381e+01
   7.4927859e-01   7.5385994e-01   3.3169190e+01
   1.5113417e+00   1.5122425e+00   4.0662738e+01
   7.6923039e-01   7.6999726e-01   4.0942585e+01
   1.5769965e+00   1.5776626e+00   4.2012578e+01
   4.6903651e-01   4.7000214e-01   3.9780919e+01
   1.5363187e+00   1.5373763e+00   3.9980721e+01
   8.4628252e-01   8.4712761e-01   4.0562846e+01
   1.6180349e+00   1.6190603e+00   4.0163121e+01
   7.9303371e-01   7.9527065e-01   3.6306294e+01
   8.3118255e-01   8.3357660e-01   3.6032372e+01
   3.8191151e-01   3.8294374e-01   3.9445576e+01
   6.8068204e-01   6.8183443e-01   3.9125888e+01
   8.3396209e-01   8.3462131e-01   4.1634832e+01
   8.4328586e-01   8.4416032e-01   4.0412881e+01
   7.7596196e-01   7.7674715e-01   4.0843706e+01
   1.0403030e+00   1.0412163e+00   4.0333120e+01
   6.9633727e-01   6.9698503e-01   4.1636125e+01
   6.6276947e-01   6.6366737e-01   4.0199930e+01
   6.7332135e-01   6.7449145e-01   3.9055654e+01
   3.8922530e-01   3.9044064e-01   3.8740161e+01
