   8.3799170e-01   8.4117865e-01   3.4793712e+01
   1.4392753e+00   1.4435617e+00   3.3846550e+01
   8.7794901e-01   8.7915627e-01   3.9031319e+01
   1.5030697e+00   1.5046718e+00   3.8157601e+01
   1.7172099e+00   1.7679083e+00   2.3286126e+01
   1.6545960e+00   1.6927167e+00   2.4485771e+01
   1.1960808e+00   1.2410766e+00   2.3498622e+01
   1.7571405e+00   1.7969747e+00   2.4356425e+01
   1.9857568e+00   1.9972432e+00   2.9892991e+01
   1.5132252e+00   1.5202445e+00   3.1748005e+01
   1.1810634e+00   1.1820171e+00   4.0224253e+01
   1.5178364e+00   1.5188633e+00   4.0097979e+01
   1.3205615e+00   1.3215076e+00   4.0339364e+01
   1.5574948e+00   1.5584502e+00   4.0434244e+01
   9.1335379e-01   9.1440390e-01   3.9656472e+01
   1.5171791e+00   1.5184016e+00   3.9340434e+01
   1.2625064e+00   1.3069077e+00   2.3594395e+01
   1.7007131e+00   1.7386066e+00   2.4539261e+01
   9.3730977e-01   9.3858721e-01   3.8818699e+01
   9.5485888e-01   9.5632956e-01   3.8216638e+01
   1.8009334e+00   1.8024004e+00   3.8717037e+01
   8.5375803e-01   8.5510743e-01   3.8534602e+01
   1.3987415e+00   1.3996068e+00   4.0772094e+01
   1.0440030e+00   1.0447961e+00   4.0948156e+01
   2.0901046e+00   2.0913594e+00   3.9572187e+01
   9.5965660e-01   9.6071298e-01   3.9656275e+01
   1.4200437e+00   1.4220430e+00   3.7147460e+01
   1.0217119e+00   1.0234179e+00   3.7609331e+01
   1.2211315e+00   1.2261660e+00   3.3022232e+01
   8.7200237e-01   8.7602474e-01   3.3801375e+01
   8.3172137e-01   8.3271238e-01   3.9863159e+01
   8.4243991e-01   8.4344187e-01   3.9821297e+01
   1.2791559e+00   1.2801957e+00   3.9905202e+01
   9.4774116e-01   9.4876183e-01   3.9799010e+01
   1.8425089e+00   1.8456865e+00   3.5385786e+01
   8.5570432e-01   8.5821592e-01   3.5837656e+01
   1.3366471e+00   1.3387865e+00   3.6804917e+01
   9.4356957e-01   9.4534270e-01   3.7398184e+01
   2.1988988e+00   2.2009005e+00   3.7611694e+01
   1.0577617e+00   1.0592418e+00   3.8246356e+01
   1.3663220e+00   1.3685294e+00   3.6686188e+01
   9.1426626e-01   9.1609322e-01   3.7252100e+01
   1.0840735e+00   1.0853770e+00   3.8812890e+01
   6.8566021e-01   6.8671256e-01   3.9522902e+01
   1.0041112e+00   1.0057299e+00   3.7827434e+01
   9.7627279e-01   9.7776832e-01   3.8155773e+01
   1.4043422e+00   1.4069013e+00   3.6066088e+01
   1.0335968e+00   1.0358071e+00   3.6491412e+01
   1.1642589e+00   1.1653182e+00   3.9759228e+01
   1.7541767e+00   1.7554050e+00   3.9460323e+01
   2.0613065e+00   2.0629357e+00   3.8420437e+01
   1.9124932e+00   1.9142234e+00   3.8068189e+01
   1.3235818e+00   1.3247461e+00   3.9439591e+01
   1.8663512e+00   1.8677026e+00   3.9113044e+01
   1.2337699e+00   1.2348584e+00   3.9680272e+01
   1.8314139e+00   1.8326772e+00   3.9384799e+01
   8.4514543e-01   8.4662492e-01   3.8130210e+01
   1.8179035e+00   1.8198467e+00   3.7506673e+01
   1.2795896e+00   1.2809044e+00   3.8886331e+01
   1.9024976e+00   1.9041102e+00   3.8367827e+01
   2.0725874e+00   2.0736475e+00   4.0293670e+01
   1.3216132e+00   1.3226484e+00   3.9948829e+01
   1.3319529e+00   1.3326294e+00   4.1802337e+01
   1.2746712e+00   1.2753913e+00   4.1498178e+01
   1.3397085e+00   1.3403134e+00   4.2292585e+01
   1.3381053e+00   1.3387389e+00   4.2090548e+01
   9.5714455e-01   9.5811270e-01   4.0033660e+01
   1.3270622e+00   1.3281921e+00   3.9571888e+01
   1.2716721e+00   1.2724931e+00   4.0926754e+01
   1.3035307e+00   1.3044566e+00   4.0423251e+01
   1.2799434e+00   1.2852036e+00   3.2865464e+01
   1.9817842e+00   1.9831271e+00   3.9211017e+01
   1.2885905e+00   1.2894638e+00   4.0668289e+01
   2.0480434e+00   2.0491321e+00   4.0162973e+01
   8.7654271e-01   8.7764859e-01   3.9411493e+01
   2.0048787e+00   2.0063952e+00   3.8696769e+01
   1.2965412e+00   1.2976805e+00   3.9518431e+01
   2.0812768e+00   2.0827783e+00   3.8787470e+01
   1.3152794e+00   1.3176362e+00   3.6372407e+01
   1.3644667e+00   1.3672227e+00   3.5721224e+01
   7.9211285e-01   7.9328981e-01   3.9094668e+01
   1.2131738e+00   1.2145343e+00   3.8700121e+01
   1.2862667e+00   1.2871771e+00   4.0486107e+01
   1.3691287e+00   1.3701500e+00   4.0035172e+01
   1.1754557e+00   1.1763621e+00   4.0442215e+01
   1.5516946e+00   1.5527113e+00   4.0161136e+01
   1.1506430e+00   1.1515457e+00   4.0446093e+01
   1.1813463e+00   1.1823304e+00   4.0088492e+01
   1.1340143e+00   1.1354989e+00   3.8275863e+01
   8.0278948e-01   8.0414787e-01   3.8477851e+01
