  -4.4085901e-02  -4.1108877e-02   3.4628326e+01
  -1.9682865e-02  -1.6609947e-02   3.4502801e+01
   7.8318468e-02   7.9304588e-02   3.9488188e+01
   5.7869645e-02   5.9012586e-02   3.8836941e+01
  -2.4461769e-02   9.1808258e-03   2.4107009e+01
   1.1909610e-01   1.5321425e-01   2.4118501e+01
  -3.2572444e-02   1.2825237e-03   2.4075622e+01
   2.2258067e-01   2.5739909e-01   2.4083238e+01
   1.6354785e-01   1.7101498e-01   3.0739219e+01
   5.6418406e-02   6.3695260e-02   3.0797032e+01
  -1.1496935e-01  -1.1427279e-01   4.0901439e+01
  -8.9353629e-02  -8.8653873e-02   4.0894224e+01
   8.9980303e-02   9.0703346e-02   4.0841733e+01
   1.0364657e-01   1.0434735e-01   4.0984502e+01
   2.9945127e-02   3.0810053e-02   4.0033354e+01
   5.3266576e-02   5.4138525e-02   4.0009951e+01
   9.8100594e-02   1.3194334e-01   2.4143027e+01
   1.6151467e-01   1.9546632e-01   2.4161380e+01
   1.3812236e-01   1.3918691e-01   3.9186122e+01
   8.4165627e-02   8.5369694e-02   3.8623926e+01
   1.3227237e-02   1.4082470e-02   4.0073917e+01
  -4.8724754e-02  -4.7639916e-02   3.9010198e+01
   1.6197834e-01   1.6261564e-01   4.1426456e+01
   1.5704033e-01   1.5767824e-01   4.1419799e+01
   2.7411012e-01   2.7484682e-01   4.0854466e+01
   8.9686832e-02   9.0548766e-02   4.0078484e+01
   1.4211608e-01   1.4359293e-01   3.7766433e+01
   1.3344182e-01   1.3491874e-01   3.7761795e+01
  -1.0981123e-02  -7.1791123e-03   3.3582520e+01
  -1.0845812e-02  -7.1095888e-03   3.3658393e+01
  -4.8018505e-02  -4.7200848e-02   4.0238490e+01
  -5.0852765e-02  -5.0042595e-02   4.0277029e+01
   1.0181431e-01   1.0256957e-01   4.0658421e+01
   5.7985333e-02   5.8806633e-02   4.0272217e+01
   5.4453592e-02   5.6450973e-02   3.6410852e+01
   3.9462642e-02   4.1631569e-02   3.6045475e+01
   1.0269100e-01   1.0429019e-01   3.7400804e+01
   1.4753654e-01   1.4908473e-01   3.7564334e+01
   3.7669500e-01   3.7792082e-01   3.8696325e+01
   2.5183477e-01   2.5310809e-01   3.8466531e+01
   7.3737774e-02   7.5367791e-02   3.7303254e+01
   1.0162397e-01   1.0320415e-01   3.7452204e+01
  -1.6943649e-01  -1.6844574e-01   3.9344579e+01
  -1.3623217e-01  -1.3533219e-01   3.9778230e+01
   1.2856596e-01   1.2989698e-01   3.8211054e+01
   1.7577617e-01   1.7704911e-01   3.8428858e+01
   2.2796775e-01   2.2988180e-01   3.6684125e+01
   2.3485791e-01   2.3678250e-01   3.6663810e+01
  -8.7721712e-02  -8.6935552e-02   4.0389393e+01
  -3.6224004e-02  -3.5493416e-02   4.0733343e+01
   2.4590781e-01   2.4689501e-01   3.9568812e+01
   1.3355180e-01   1.3460989e-01   3.9210217e+01
   4.4437008e-02   4.5290646e-02   4.0097682e+01
   9.0373572e-02   9.1183317e-02   4.0350085e+01
   1.7543001e-03   2.5907505e-03   4.0164619e+01
   5.0798387e-02   5.1547974e-02   4.0665397e+01
  -3.3841385e-02  -3.2595915e-02   3.8417920e+01
   3.7036839e-02   3.8237955e-02   3.8610856e+01
   1.0321126e-01   1.0417680e-01   3.9592397e+01
   1.2922230e-01   1.3020515e-01   3.9528377e+01
   2.6356568e-01   2.6417422e-01   4.1679037e+01
   9.1627789e-02   9.2403049e-02   4.0539725e+01
   4.1026936e-02   4.1517159e-02   4.2504773e+01
   2.5176305e-02   2.5712379e-02   4.2108502e+01
   1.1743227e-01   1.1789880e-01   4.2758501e+01
   1.0585411e-01   1.0632651e-01   4.2698270e+01
   8.6354767e-02   8.7166010e-02   4.0340031e+01
   9.1053805e-02   9.1901699e-02   4.0150495e+01
   8.8611017e-02   8.9198075e-02   4.1745871e+01
   6.1139175e-02   6.1832070e-02   4.1012152e+01
   1.1259175e-03   5.0278847e-03   3.3475870e+01
   1.8762548e-01   1.9098888e-01   3.4215224e+01
   5.2043549e-02   5.2710093e-02   4.1175954e+01
   2.1699908e-01   2.1763689e-01   4.1451056e+01
   2.9733261e-03   3.8808182e-03   3.9811202e+01
   1.7944581e-01   1.8036164e-01   3.9860672e+01
   1.2478714e-01   1.2561660e-01   4.0263043e+01
   2.6380583e-01   2.6471655e-01   3.9928219e+01
   7.2810701e-02   7.4843279e-02   3.6344235e+01
   7.3907855e-02   7.5953960e-02   3.6315984e+01
  -8.7750308e-02  -8.6772777e-02   3.9443181e+01
  -7.3740023e-02  -7.2732821e-02   3.9320261e+01
   1.1250481e-01   1.1316226e-01   4.1266172e+01
   9.3160701e-02   9.3920427e-02   4.0628411e+01
   3.1552190e-01   3.1626573e-01   4.0834028e+01
   3.3278615e-01   3.3357137e-01   4.0607815e+01
  -2.5727242e-02  -2.5074926e-02   4.1230720e+01
  -4.6551649e-02  -4.5783642e-02   4.0511274e+01
  -5.6643676e-02  -5.5552285e-02   3.8980107e+01
  -8.2973440e-02  -8.1801943e-02   3.8659438e+01
