   2.5849634e-01   2.6148677e-01   3.4762020e+01
   5.1922830e-01   5.2255046e-01   3.4441397e+01
   4.9336986e-01   4.9424172e-01   4.0237413e+01
   5.9170728e-01   5.9277230e-01   3.9420534e+01
   6.9579517e-01   7.3532996e-01   2.3781775e+01
   7.0493469e-01   7.4122578e-01   2.4158392e+01
   3.7271369e-01   4.0985542e-01   2.3880698e+01
   8.0461301e-01   8.4213215e-01   2.4068287e+01
   1.3273427e+00   1.3368676e+00   3.0314431e+01
   5.9922194e-01   6.0600657e-01   3.1383056e+01
   4.0230145e-01   4.0304417e-01   4.0885688e+01
   5.3833599e-01   5.3899477e-01   4.1478284e+01
   5.7478213e-01   5.7557185e-01   4.0710344e+01
   6.3567591e-01   6.3637055e-01   4.1300019e+01
   3.4883104e-01   3.4971455e-01   4.0103978e+01
   5.8856221e-01   5.8945347e-01   4.0192397e+01
   6.2083708e-01   6.5890625e-01   2.3905298e+01
   7.4836401e-01   7.8458637e-01   2.4190240e+01
   5.5336452e-01   5.5432291e-01   3.9858238e+01
   3.8305002e-01   3.8411594e-01   3.9306635e+01
   7.5082037e-01   7.5156094e-01   4.1084126e+01
   2.6360547e-01   2.6442353e-01   4.0394096e+01
   5.7012127e-01   5.7078412e-01   4.1468401e+01
   4.6376119e-01   4.6432064e-01   4.2148659e+01
   1.4368857e+00   1.4376183e+00   4.1516938e+01
   3.9061515e-01   3.9127846e-01   4.1370701e+01
   6.5420935e-01   6.5582764e-01   3.7637063e+01
   4.4138728e-01   4.4282040e-01   3.8051670e+01
   4.7445950e-01   4.7868843e-01   3.3369654e+01
   2.9368803e-01   2.9740304e-01   3.3837932e+01
   2.6959661e-01   2.7042933e-01   4.0320027e+01
   2.5757659e-01   2.5834129e-01   4.0683969e+01
   6.3182979e-01   6.3256067e-01   4.1077097e+01
   3.6557172e-01   3.6625876e-01   4.1204971e+01
   7.9364645e-01   7.9573506e-01   3.6604580e+01
   4.6188140e-01   4.6372746e-01   3.6962827e+01
   5.0980700e-01   5.1153305e-01   3.7280037e+01
   5.6113306e-01   5.6254246e-01   3.8187479e+01
   1.5460565e+00   1.5474340e+00   3.8839105e+01
   6.7507368e-01   6.7602107e-01   3.9973508e+01
   5.8949342e-01   5.9128073e-01   3.7170934e+01
   5.2168889e-01   5.2310930e-01   3.8132723e+01
   3.2253220e-01   3.2362264e-01   3.9176412e+01
   2.8530578e-01   2.8603132e-01   4.0926498e+01
   4.4492152e-01   4.4631275e-01   3.8182357e+01
   5.9118392e-01   5.9231859e-01   3.9145161e+01
   7.5939881e-01   7.6143816e-01   3.6689585e+01
   6.5127848e-01   6.5301207e-01   3.7336574e+01
   3.2427009e-01   3.2510161e-01   4.0354622e+01
   7.0012233e-01   7.0069184e-01   4.2197298e+01
   1.4058202e+00   1.4068643e+00   3.9960667e+01
   8.6614616e-01   8.6693244e-01   4.0887007e+01
   5.5487614e-01   5.5578342e-01   4.0097065e+01
   8.2179918e-01   8.2245429e-01   4.1655337e+01
   4.8658052e-01   4.8749259e-01   4.0037989e+01
   7.8546695e-01   7.8608471e-01   4.1890447e+01
   2.8300915e-01   2.8427742e-01   3.8499881e+01
   7.7083525e-01   7.7197718e-01   3.9214303e+01
   6.3383074e-01   6.3480136e-01   3.9846148e+01
   8.6096530e-01   8.6175361e-01   4.0872968e+01
   1.4240542e+00   1.4246309e+00   4.2548617e+01
   4.9767518e-01   4.9835638e-01   4.1311386e+01
   5.5607087e-01   5.5657042e-01   4.2689326e+01
   4.3654996e-01   4.3709451e-01   4.2251529e+01
   5.9839600e-01   5.9889721e-01   4.2697464e+01
   5.1158862e-01   5.1209345e-01   4.2619984e+01
   4.0027806e-01   4.0108864e-01   4.0504961e+01
   4.9834958e-01   4.9925909e-01   4.0056424e+01
   6.2065999e-01   6.2120765e-01   4.2324463e+01
   4.7121320e-01   4.7187186e-01   4.1443521e+01
   5.1030686e-01   5.1464190e-01   3.3280986e+01
   1.3166669e+00   1.3174516e+00   4.1149099e+01
   5.3877733e-01   5.3950493e-01   4.1046991e+01
   1.3806644e+00   1.3813106e+00   4.2029462e+01
   3.1762857e-01   3.1856005e-01   3.9858160e+01
   1.3407923e+00   1.3417931e+00   4.0106676e+01
   6.5453470e-01   6.5533627e-01   4.0688332e+01
   1.4241171e+00   1.4249704e+00   4.0847459e+01
   5.6162596e-01   5.6379674e-01   3.6311942e+01
   5.8936408e-01   5.9165511e-01   3.6092571e+01
   2.2954778e-01   2.3054629e-01   3.9510883e+01
   4.3990003e-01   4.4099359e-01   3.9225228e+01
   6.4188888e-01   6.4251685e-01   4.1741520e+01
   6.0473180e-01   6.0546948e-01   4.1022356e+01
   6.2681103e-01   6.2756689e-01   4.0928464e+01
   8.1371055e-01   8.1458475e-01   4.0397996e+01
   5.0409636e-01   5.0471006e-01   4.1767956e+01
   4.3542588e-01   4.3619052e-01   4.0776800e+01
   4.7798108e-01   4.7909655e-01   3.9159158e+01
   2.3629013e-01   2.3737851e-01   3.9140085e+01
