  -7.2483946e-02  -6.9489240e-02   3.4588499e+01
  -7.2985502e-02  -6.9965846e-02   3.4552216e+01
   1.5448083e-02   1.6496555e-02   3.9190307e+01
   5.0709759e-03   6.1657595e-03   3.8997397e+01
  -1.0661679e-01  -7.3531765e-02   2.4138665e+01
   5.8859784e-02   9.2570490e-02   2.4140130e+01
  -6.9993398e-02  -3.6420050e-02   2.4093227e+01
   1.6288677e-01   1.9736775e-01   2.4094899e+01
  -9.7927202e-03  -2.5598766e-03   3.0790156e+01
   2.4159466e-03   9.6410333e-03   3.0800923e+01
  -1.6248190e-01  -1.6177833e-01   4.0834586e+01
  -1.5486330e-01  -1.5415882e-01   4.0832675e+01
   4.6322255e-02   4.7045235e-02   4.0820104e+01
   5.0034382e-02   5.0750995e-02   4.0860390e+01
  -1.9601508e-03  -1.0822154e-03   3.9952538e+01
  -3.6853666e-04   5.1049966e-04   3.9947891e+01
   3.6348542e-02   6.9751513e-02   2.4168596e+01
   1.0093559e-01   1.3455932e-01   2.4172662e+01
   7.5345940e-02   7.6475593e-02   3.8896533e+01
   5.6044817e-02   5.7216383e-02   3.8728592e+01
  -7.0483412e-02  -6.9565323e-02   3.9724193e+01
  -7.7822833e-02  -7.6833763e-02   3.9397132e+01
   1.2425691e-01   1.2490008e-01   4.1367460e+01
   1.2807657e-01   1.2872090e-01   4.1361528e+01
   1.0076727e-01   1.0153144e-01   4.0606903e+01
   6.1413203e-02   6.2217072e-02   4.0367113e+01
   9.5095650e-02   9.6571326e-02   3.7746048e+01
   1.0391144e-01   1.0538986e-01   3.7742443e+01
  -5.4800350e-02  -5.1027711e-02   3.3594366e+01
  -3.9842584e-02  -3.6081529e-02   3.3615161e+01
  -7.9543605e-02  -7.8713332e-02   4.0156344e+01
  -8.0309077e-02  -7.9480885e-02   4.0166858e+01
   3.9098541e-02   3.9881407e-02   4.0470867e+01
   2.8777289e-02   2.9580954e-02   4.0351809e+01
  -2.9081689e-02  -2.7043008e-02   3.6280132e+01
  -2.3856677e-02  -2.1761886e-02   3.6164819e+01
   6.5251460e-02   6.6847383e-02   3.7390778e+01
   8.4879334e-02   8.6462941e-02   3.7434324e+01
   2.0272524e-01   2.0395960e-01   3.8576262e+01
   1.8849568e-01   1.8974994e-01   3.8499575e+01
   2.6397384e-02   2.8025242e-02   3.7285201e+01
   3.8195233e-02   3.9810425e-02   3.7325043e+01
  -2.1389207e-01  -2.1290498e-01   3.9338932e+01
  -1.9941509e-01  -1.9845290e-01   3.9456980e+01
   9.7000006e-02   9.8341333e-02   3.8161573e+01
   1.1297231e-01   1.1429756e-01   3.8222012e+01
   1.6510581e-01   1.6703096e-01   3.6626843e+01
   1.7187306e-01   1.7380452e-01   3.6616098e+01
  -1.2571031e-01  -1.2491931e-01   4.0343972e+01
  -1.1972223e-01  -1.1894687e-01   4.0433680e+01
   7.2891678e-02   7.3899472e-02   3.9391029e+01
   5.0558919e-02   5.1591418e-02   3.9274603e+01
  -2.4794374e-03  -1.6211909e-03   4.0050783e+01
   7.1485531e-03   7.9951263e-03   4.0115074e+01
  -4.2119722e-02  -4.1284424e-02   4.0148718e+01
  -3.2655599e-02  -3.1844851e-02   4.0282984e+01
  -6.5499748e-02  -6.4240852e-02   3.8355615e+01
  -4.6436134e-02  -4.5190188e-02   3.8409991e+01
   4.0474869e-02   4.1463136e-02   3.9459690e+01
   4.5881759e-02   4.6876976e-02   3.9431973e+01
   9.0412912e-02   9.1053194e-02   4.1369875e+01
   5.4373665e-02   5.5064595e-02   4.1021077e+01
  -6.3098559e-03  -5.8100453e-03   4.2396935e+01
  -1.2505326e-02  -1.1992018e-02   4.2278110e+01
   7.4176637e-02   7.4646566e-02   4.2705074e+01
   6.8362801e-02   6.8834087e-02   4.2689616e+01
   5.5073983e-02   5.5903200e-02   4.0229092e+01
   5.3516694e-02   5.4355668e-02   4.0177504e+01
   2.5654530e-02   2.6270422e-02   4.1505945e+01
   2.3651463e-02   2.4299152e-02   4.1286321e+01
  -4.5731862e-02  -4.1857330e-02   3.3483135e+01
   1.9114111e-02   2.2857975e-02   3.3664515e+01
   8.1340872e-03   8.8004954e-03   4.1154809e+01
   4.3439337e-02   4.4096900e-02   4.1230547e+01
  -2.8637224e-02  -2.7715776e-02   3.9729137e+01
   6.2955224e-03   7.2172065e-03   3.9745472e+01
   6.2042442e-02   6.2899667e-02   4.0088330e+01
   9.0731565e-02   9.1611937e-02   3.9987092e+01
   2.8763789e-02   3.0789704e-02   3.6336339e+01
   2.6564330e-02   2.8592642e-02   3.6330100e+01
  -1.1937015e-01  -1.1837928e-01   3.9368694e+01
  -1.2092052e-01  -1.1992207e-01   3.9334854e+01
   4.9668470e-02   5.0353478e-02   4.1056096e+01
   4.6455135e-02   4.7170539e-02   4.0865922e+01
   2.8433234e-01   2.8509381e-01   4.0716142e+01
   2.8914505e-01   2.8991778e-01   4.0654861e+01
  -8.8317243e-02  -8.7636729e-02   4.1015837e+01
  -9.0198198e-02  -8.9483199e-02   4.0800221e+01
  -1.1967283e-01  -1.1855778e-01   3.8855765e+01
  -1.1474776e-01  -1.1360704e-01   3.8759361e+01
