   1.6400876e+00   1.6432756e+00   3.5250382e+01
   2.5828464e+00   2.5881633e+00   3.3613000e+01
   1.4479802e+00   1.4490626e+00   3.9828218e+01
   2.6420336e+00   2.6437963e+00   3.8445449e+01
   2.9435472e+00   3.0103922e+00   2.2864965e+01
   2.8259430e+00   2.8626239e+00   2.5388421e+01
   2.2398105e+00   2.2970334e+00   2.3082449e+01
   2.9331596e+00   2.9733357e+00   2.5064662e+01
   2.7584391e+00   2.7717121e+00   2.9755107e+01
   2.6603953e+00   2.6682862e+00   3.1948869e+01
   1.9677292e+00   1.9687878e+00   4.0235657e+01
   2.6805856e+00   2.6816123e+00   4.0817625e+01
   2.1250594e+00   2.1261764e+00   4.0099097e+01
   2.7447760e+00   2.7457887e+00   4.0919165e+01
   1.6309795e+00   1.6321789e+00   3.9489986e+01
   2.7136008e+00   2.7149704e+00   3.9587978e+01
   2.1007505e+00   2.1544323e+00   2.3272471e+01
   2.8653388e+00   2.9017658e+00   2.5444543e+01
   1.5041414e+00   1.5053128e+00   3.9518136e+01
   1.7479566e+00   1.7494594e+00   3.8580570e+01
   3.0546548e+00   3.0559816e+00   3.9950787e+01
   1.6696418e+00   1.6708916e+00   3.9334159e+01
   2.4519069e+00   2.4529318e+00   4.0678336e+01
   1.8489749e+00   1.8497116e+00   4.1737117e+01
   2.8564382e+00   2.8574998e+00   4.0787697e+01
   1.7461235e+00   1.7470877e+00   4.0507006e+01
   2.1876215e+00   2.1899271e+00   3.6990679e+01
   1.8233182e+00   1.8250352e+00   3.8047342e+01
   2.0300625e+00   2.0360959e+00   3.2715817e+01
   1.6752793e+00   1.6794253e+00   3.4130158e+01
   1.5487454e+00   1.5498786e+00   3.9688173e+01
   1.6520392e+00   1.6530533e+00   4.0231268e+01
   2.1295602e+00   2.1306156e+00   4.0348212e+01
   1.7582527e+00   1.7592315e+00   4.0448727e+01
   3.0998853e+00   3.1034763e+00   3.5657453e+01
   1.4325336e+00   1.4348381e+00   3.6537723e+01
   2.3871524e+00   2.3898083e+00   3.6501878e+01
   1.5051568e+00   1.5068011e+00   3.8046054e+01
   2.9674959e+00   2.9694558e+00   3.8198577e+01
   1.6215516e+00   1.6228198e+00   3.9242585e+01
   2.1528524e+00   2.1554001e+00   3.6535431e+01
   1.4919446e+00   1.4936638e+00   3.7844739e+01
   1.9071313e+00   1.9086823e+00   3.8539603e+01
   1.2678754e+00   1.2687818e+00   4.0495055e+01
   1.7150120e+00   1.7168903e+00   3.7592447e+01
   1.5401691e+00   1.5415701e+00   3.8761990e+01
   2.2452917e+00   2.2482011e+00   3.6016619e+01
   1.5934003e+00   1.5954828e+00   3.7071917e+01
   2.2322066e+00   2.2334870e+00   3.9572686e+01
   3.0129859e+00   3.0139934e+00   4.1118530e+01
   2.8284958e+00   2.8299877e+00   3.9291545e+01
   3.1565052e+00   3.1579724e+00   3.9582427e+01
   2.1017580e+00   2.1030505e+00   3.9450845e+01
   3.1144755e+00   3.1156221e+00   4.0624976e+01
   2.0371767e+00   2.0384606e+00   3.9439961e+01
   3.0754259e+00   3.0765037e+00   4.0867510e+01
   1.5647287e+00   1.5664227e+00   3.7951691e+01
   3.0679799e+00   3.0699327e+00   3.8281323e+01
   2.1288569e+00   2.1302427e+00   3.9165002e+01
   3.1477551e+00   3.1491985e+00   3.9647462e+01
   2.8403144e+00   2.8411606e+00   4.1761792e+01
   2.3753893e+00   2.3764817e+00   4.0352905e+01
   2.1158857e+00   2.1165966e+00   4.2056087e+01
   2.3398574e+00   2.3406355e+00   4.1803244e+01
   2.1433639e+00   2.1440649e+00   4.2133519e+01
   2.3915202e+00   2.3922175e+00   4.2312259e+01
   1.6675771e+00   1.6686769e+00   3.9888377e+01
   2.3816832e+00   2.3830109e+00   3.9509285e+01
   2.1228399e+00   2.1236475e+00   4.1505919e+01
   2.3608831e+00   2.3619096e+00   4.0613686e+01
   2.0607602e+00   2.0669441e+00   3.2627782e+01
   2.7519652e+00   2.7532702e+00   3.9822692e+01
   2.0990563e+00   2.1000864e+00   4.0434562e+01
   2.8153478e+00   2.8162185e+00   4.1621696e+01
   1.5895589e+00   1.5908316e+00   3.9208010e+01
   2.7706601e+00   2.7720341e+00   3.9611163e+01
   2.1426388e+00   2.1438007e+00   3.9938872e+01
   2.8422577e+00   2.8435086e+00   4.0065838e+01
   2.1279748e+00   2.1304518e+00   3.6642201e+01
   2.1453996e+00   2.1485758e+00   3.5573361e+01
   1.5152408e+00   1.5165816e+00   3.8937961e+01
   2.0002362e+00   2.0017384e+00   3.8735133e+01
   2.1322438e+00   2.1331493e+00   4.1015194e+01
   2.1420642e+00   2.1431040e+00   4.0420560e+01
   1.8699703e+00   1.8710051e+00   4.0274579e+01
   2.3399269e+00   2.3411036e+00   4.0007098e+01
   2.0062284e+00   2.0071248e+00   4.0981520e+01
   1.9936826e+00   1.9947549e+00   4.0195428e+01
   1.9939291e+00   1.9955421e+00   3.8422559e+01
   1.5245300e+00   1.5260020e+00   3.8537955e+01
