   9.2908655e-01   9.3226740e-01   3.4852225e+01
   1.5767654e+00   1.5812158e+00   3.3764124e+01
   9.3777940e-01   9.3896940e-01   3.9126889e+01
   1.6399777e+00   1.6416916e+00   3.7945353e+01
   1.8625597e+00   1.9149347e+00   2.3232856e+01
   1.7965879e+00   1.8348002e+00   2.4560579e+01
   1.3200599e+00   1.3663536e+00   2.3446445e+01
   1.8992566e+00   1.9393144e+00   2.4418249e+01
   2.0602935e+00   2.0719292e+00   2.9882774e+01
   1.6498876e+00   1.6570257e+00   3.1755808e+01
   1.2810338e+00   1.2819953e+00   4.0246261e+01
   1.6608298e+00   1.6618994e+00   4.0005239e+01
   1.4172525e+00   1.4182165e+00   4.0313508e+01
   1.6982633e+00   1.6992566e+00   4.0349254e+01
   9.9912399e-01   1.0001811e+00   3.9675141e+01
   1.6588053e+00   1.6600811e+00   3.9238714e+01
   1.3612758e+00   1.4066714e+00   2.3555327e+01
   1.8424219e+00   1.8803664e+00   2.4618831e+01
   9.9724462e-01   9.9850722e-01   3.8902734e+01
   1.0452392e+00   1.0467987e+00   3.8012202e+01
   1.9497458e+00   1.9511902e+00   3.8874810e+01
   9.4678233e-01   9.4819985e-01   3.8372051e+01
   1.5233864e+00   1.5242669e+00   4.0769086e+01
   1.1358967e+00   1.1367130e+00   4.0874610e+01
   2.1638751e+00   2.1651021e+00   3.9714897e+01
   1.0493022e+00   1.0504063e+00   3.9514478e+01
   1.5179525e+00   1.5199866e+00   3.7129354e+01
   1.1131292e+00   1.1148658e+00   3.7583430e+01
   1.3182533e+00   1.3233972e+00   3.2984503e+01
   9.6349592e-01   9.6755547e-01   3.3811993e+01
   9.1730019e-01   9.1829648e-01   3.9887141e+01
   9.3464303e-01   9.3567121e-01   3.9759907e+01
   1.3787801e+00   1.3798189e+00   3.9966896e+01
   1.0401534e+00   1.0412112e+00   3.9695146e+01
   1.9914284e+00   1.9946465e+00   3.5421384e+01
   9.1695025e-01   9.1951990e-01   3.5772167e+01
   1.4612228e+00   1.4634159e+00   3.6769485e+01
   1.0034068e+00   1.0051947e+00   3.7395412e+01
   2.2719339e+00   2.2739220e+00   3.7686881e+01
   1.1165027e+00   1.1180188e+00   3.8174863e+01
   1.4661903e+00   1.4684361e+00   3.6669291e+01
   9.7571774e-01   9.7756143e-01   3.7246563e+01
   1.1831707e+00   1.1845012e+00   3.8779869e+01
   7.4808560e-01   7.4914451e-01   3.9529730e+01
   1.0890564e+00   1.0906958e+00   3.7819797e+01
   1.0362598e+00   1.0377732e+00   3.8137647e+01
   1.5030990e+00   1.5056916e+00   3.6067349e+01
   1.0932306e+00   1.0954671e+00   3.6473483e+01
   1.2908389e+00   1.2919193e+00   3.9745438e+01
   1.9050411e+00   1.9062892e+00   3.9481829e+01
   2.1353033e+00   2.1369112e+00   3.8523161e+01
   2.0616838e+00   2.0634799e+00   3.7997246e+01
   1.4224639e+00   1.4236403e+00   3.9452044e+01
   2.0158018e+00   2.0171798e+00   3.9119568e+01
   1.3307022e+00   1.3318111e+00   3.9655310e+01
   1.9805440e+00   1.9818254e+00   3.9413550e+01
   9.3079304e-01   9.3228626e-01   3.8137290e+01
   1.9676195e+00   1.9696103e+00   3.7492274e+01
   1.3789889e+00   1.3803055e+00   3.8937694e+01
   2.0516521e+00   2.0533109e+00   3.8336469e+01
   2.1463804e+00   2.1474088e+00   4.0471162e+01
   1.4458011e+00   1.4469060e+00   3.9737755e+01
   1.4315658e+00   1.4322450e+00   4.1842790e+01
   1.4007474e+00   1.4015087e+00   4.1329253e+01
   1.4362069e+00   1.4368220e+00   4.2275581e+01
   1.4626209e+00   1.4632889e+00   4.1933180e+01
   1.0417334e+00   1.0427067e+00   4.0057782e+01
   1.4520525e+00   1.4532324e+00   3.9456269e+01
   1.3714855e+00   1.3723003e+00   4.1017131e+01
   1.4288421e+00   1.4298245e+00   4.0238016e+01
   1.3791358e+00   1.3845054e+00   3.2833226e+01
   2.0613441e+00   2.0627421e+00   3.9085123e+01
   1.3861166e+00   1.3870058e+00   4.0645976e+01
   2.1274554e+00   2.1285612e+00   4.0144011e+01
   9.6142632e-01   9.6254268e-01   3.9417422e+01
   2.0840888e+00   2.0856394e+00   3.8649330e+01
   1.3951648e+00   1.3963032e+00   3.9578708e+01
   2.1594389e+00   2.1609848e+00   3.8709029e+01
   1.4132728e+00   1.4156446e+00   3.6401333e+01
   1.4640994e+00   1.4669373e+00   3.5651841e+01
   8.7814992e-01   8.7933271e-01   3.9120387e+01
   1.3131036e+00   1.3145088e+00   3.8616844e+01
   1.3853662e+00   1.3862716e+00   4.0567698e+01
   1.4674377e+00   1.4685111e+00   3.9875930e+01
   1.2583634e+00   1.2592768e+00   4.0456514e+01
   1.6474928e+00   1.6485608e+00   4.0004216e+01
   1.2504353e+00   1.2513325e+00   4.0529710e+01
   1.2793904e+00   1.2804296e+00   3.9907845e+01
   1.2347924e+00   1.2362853e+00   3.8309185e+01
   8.8925929e-01   8.9066791e-01   3.8367625e+01
