   2.1699357e+00   2.1731908e+00   3.5481978e+01
   3.1804314e+00   3.1866771e+00   3.3308489e+01
   1.7259287e+00   1.7270867e+00   3.9699435e+01
   3.2423309e+00   3.2445399e+00   3.7863518e+01
   3.5271992e+00   3.6036777e+00   2.2679820e+01
   3.3906313e+00   3.4243467e+00   2.6134270e+01
   2.9036011e+00   2.9703570e+00   2.2844154e+01
   3.5021591e+00   3.5402836e+00   2.5678347e+01
   2.5573206e+00   2.5699901e+00   2.9826581e+01
   3.2571540e+00   3.2660835e+00   3.1808505e+01
   2.4263701e+00   2.4275445e+00   4.0070715e+01
   3.1945924e+00   3.1958735e+00   4.0197065e+01
   2.6725170e+00   2.6737734e+00   3.9935604e+01
   3.3691845e+00   3.3704080e+00   4.0515806e+01
   2.0384473e+00   2.0397743e+00   3.9297219e+01
   3.3425519e+00   3.3441977e+00   3.9209828e+01
   2.3805482e+00   2.4377986e+00   2.3169448e+01
   3.4208204e+00   3.4540707e+00   2.6215295e+01
   1.7792118e+00   1.7804588e+00   3.9409556e+01
   2.2755198e+00   2.2773690e+00   3.8003713e+01
   3.6406763e+00   3.6422049e+00   3.9736749e+01
   2.2061065e+00   2.2077697e+00   3.8420482e+01
   3.1232566e+00   3.1244573e+00   4.0430480e+01
   2.3837402e+00   2.3846622e+00   4.1094628e+01
   2.6510748e+00   2.6520838e+00   4.0873936e+01
   2.2651554e+00   2.2664358e+00   3.9593463e+01
   2.6344963e+00   2.6370629e+00   3.6809078e+01
   2.3548682e+00   2.3568094e+00   3.7842705e+01
   2.5848340e+00   2.5916741e+00   3.2520456e+01
   2.2104865e+00   2.2149309e+00   3.4154877e+01
   1.9583956e+00   1.9596541e+00   3.9478289e+01
   2.1891906e+00   2.1904028e+00   3.9783673e+01
   2.4132841e+00   2.4144171e+00   4.0218030e+01
   2.2990887e+00   2.3003192e+00   3.9787290e+01
   3.6879614e+00   3.6920681e+00   3.5478320e+01
   1.7053256e+00   1.7080271e+00   3.6008284e+01
   3.0572097e+00   3.0603028e+00   3.6277037e+01
   1.7752813e+00   1.7771396e+00   3.7674975e+01
   2.7544034e+00   2.7562688e+00   3.8272737e+01
   1.8789073e+00   1.8805122e+00   3.8374097e+01
   2.6124279e+00   2.6152621e+00   3.6364019e+01
   1.7699249e+00   1.7718907e+00   3.7427308e+01
   2.4653973e+00   2.4671504e+00   3.8355596e+01
   1.5452886e+00   1.5463875e+00   3.9819706e+01
   2.1196712e+00   2.1217438e+00   3.7411126e+01
   1.8091718e+00   1.8108022e+00   3.8263388e+01
   2.5162904e+00   2.5194007e+00   3.5898557e+01
   1.8580108e+00   1.8603653e+00   3.6697046e+01
   2.9133252e+00   2.9148171e+00   3.9347521e+01
   3.6066928e+00   3.6079548e+00   4.0545173e+01
   2.6276392e+00   2.6290633e+00   3.9362756e+01
   3.7398109e+00   3.7417281e+00   3.8822324e+01
   2.5610579e+00   2.5625001e+00   3.9264782e+01
   3.7044100e+00   3.7058370e+00   4.0080059e+01
   2.5843584e+00   2.5858119e+00   3.9245896e+01
   3.6550215e+00   3.6563174e+00   4.0463721e+01
   1.9789860e+00   1.9808562e+00   3.7770842e+01
   3.6576432e+00   3.6599456e+00   3.7969763e+01
   2.4112862e+00   2.4127653e+00   3.9059256e+01
   3.7347248e+00   3.7365356e+00   3.9066694e+01
   2.6415613e+00   2.6423621e+00   4.1871646e+01
   3.0487609e+00   3.0502324e+00   3.9497386e+01
   2.5743435e+00   2.5751399e+00   4.1852277e+01
   3.0159472e+00   3.0169383e+00   4.1191708e+01
   2.6988962e+00   2.6996817e+00   4.1992588e+01
   3.0653502e+00   3.0662028e+00   4.1878950e+01
   2.0756960e+00   2.0769171e+00   3.9681649e+01
   3.0545764e+00   3.0561731e+00   3.9146688e+01
   2.4035244e+00   2.4043946e+00   4.1357820e+01
   3.0321240e+00   3.0334485e+00   3.9943111e+01
   2.5245533e+00   2.5314365e+00   3.2454383e+01
   2.5947536e+00   2.5989622e+00   3.4635650e+01
   2.6530306e+00   2.6541920e+00   4.0264576e+01
   2.6124586e+00   2.6133156e+00   4.1558039e+01
   1.9998913e+00   2.0012988e+00   3.9018088e+01
   2.5696411e+00   2.5709734e+00   3.9614373e+01
   2.4229517e+00   2.4241936e+00   3.9825998e+01
   2.6377979e+00   2.6390936e+00   3.9779312e+01
   2.6808769e+00   2.6834611e+00   3.6809361e+01
   2.5958792e+00   2.5994427e+00   3.5358953e+01
   1.9331989e+00   1.9346784e+00   3.8760581e+01
   2.4621961e+00   2.4639094e+00   3.8453313e+01
   2.4131398e+00   2.4141104e+00   4.0889878e+01
   2.5919539e+00   2.5932212e+00   3.9845923e+01
   2.2655101e+00   2.2666527e+00   4.0087977e+01
   2.8800366e+00   2.8814195e+00   3.9654842e+01
   2.2965872e+00   2.2975523e+00   4.0840594e+01
   2.5569788e+00   2.5583108e+00   3.9607219e+01
   2.2799590e+00   2.2816877e+00   3.8299115e+01
   1.9371828e+00   1.9389415e+00   3.8012302e+01
