   1.8624775e+00   1.8657307e+00   3.5295773e+01
   2.8811690e+00   2.8869750e+00   3.3425509e+01
   1.6017464e+00   1.6029407e+00   3.9491209e+01
   2.9395264e+00   2.9415867e+00   3.7963044e+01
   3.2594939e+00   3.3316119e+00   2.2749339e+01
   3.1269307e+00   3.1632640e+00   2.5630400e+01
   2.5116776e+00   2.5726415e+00   2.2980994e+01
   3.2356762e+00   3.2758309e+00   2.5270414e+01
   2.9719195e+00   2.9859632e+00   2.9651031e+01
   2.9614016e+00   2.9699306e+00   3.1808932e+01
   2.1807647e+00   2.1818856e+00   4.0118387e+01
   2.9730414e+00   2.9742469e+00   4.0312610e+01
   2.3568409e+00   2.3580116e+00   4.0040273e+01
   3.0576830e+00   3.0588236e+00   4.0609650e+01
   1.8197766e+00   1.8210339e+00   3.9398568e+01
   3.0282755e+00   3.0298100e+00   3.9301603e+01
   2.3229524e+00   2.3795611e+00   2.3181739e+01
   3.1638800e+00   3.1998239e+00   2.5702083e+01
   1.6572700e+00   1.6585435e+00   3.9245508e+01
   1.9683876e+00   1.9700942e+00   3.8161772e+01
   3.3767623e+00   3.3783840e+00   3.9297264e+01
   1.8962561e+00   1.8978108e+00   3.8522758e+01
   2.7268914e+00   2.7280002e+00   4.0513614e+01
   2.0737147e+00   2.0745713e+00   4.1219943e+01
   3.0684849e+00   3.0696992e+00   4.0345007e+01
   1.9650595e+00   1.9662451e+00   3.9741922e+01
   2.3956572e+00   2.3980937e+00   3.6881779e+01
   2.0476288e+00   2.0494763e+00   3.7865823e+01
   2.2634838e+00   2.2698453e+00   3.2630948e+01
   1.8998346e+00   1.9041353e+00   3.4106234e+01
   1.7376920e+00   1.7388806e+00   3.9592828e+01
   1.8783446e+00   1.8794644e+00   3.9936730e+01
   2.3557949e+00   2.3569663e+00   4.0037045e+01
   1.9850118e+00   1.9861559e+00   3.9908565e+01
   3.4223246e+00   3.4263817e+00   3.5346616e+01
   1.5859204e+00   1.5885185e+00   3.6106838e+01
   2.6612990e+00   2.6641332e+00   3.6395667e+01
   1.6558032e+00   1.6575595e+00   3.7848667e+01
   3.1789930e+00   3.1811497e+00   3.7924820e+01
   1.7710722e+00   1.7725499e+00   3.8667741e+01
   2.3656027e+00   2.3682972e+00   3.6425704e+01
   1.6462947e+00   1.6481428e+00   3.7621687e+01
   2.1438386e+00   2.1454680e+00   3.8470979e+01
   1.4230059e+00   1.4239935e+00   4.0212102e+01
   1.9022044e+00   1.9041671e+00   3.7514116e+01
   1.6909722e+00   1.6924788e+00   3.8535495e+01
   2.4682363e+00   2.4713551e+00   3.5855913e+01
   1.7430085e+00   1.7452585e+00   3.6824784e+01
   2.5110445e+00   2.5124149e+00   3.9454271e+01
   3.3350605e+00   3.3363192e+00   4.0369468e+01
   3.0418654e+00   3.0435403e+00   3.8930585e+01
   3.4752221e+00   3.4771518e+00   3.8609938e+01
   2.3131212e+00   2.3145009e+00   3.9299245e+01
   3.4343315e+00   3.4357543e+00   3.9905017e+01
   2.2686512e+00   2.2700008e+00   3.9366851e+01
   3.3931193e+00   3.3944155e+00   4.0281523e+01
   1.7551728e+00   1.7569486e+00   3.7859950e+01
   3.3881685e+00   3.3904242e+00   3.7872264e+01
   2.3547733e+00   2.3562885e+00   3.8918740e+01
   3.4669078e+00   3.4686985e+00   3.8928955e+01
   3.0532365e+00   3.0542149e+00   4.1273058e+01
   2.6491448e+00   2.6504854e+00   3.9638827e+01
   2.3282919e+00   2.3290617e+00   4.1842765e+01
   2.6160243e+00   2.6169321e+00   4.1310549e+01
   2.3759751e+00   2.3767095e+00   4.2077661e+01
   2.6656292e+00   2.6664138e+00   4.1975888e+01
   1.8551552e+00   1.8563075e+00   3.9798615e+01
   2.6557165e+00   2.6571755e+00   3.9275557e+01
   2.3489898e+00   2.3498914e+00   4.1169323e+01
   2.6350910e+00   2.6362918e+00   4.0108305e+01
   2.2730592e+00   2.2795849e+00   3.2526284e+01
   2.9640819e+00   2.9655452e+00   3.9465110e+01
   2.3326688e+00   2.3337500e+00   4.0370480e+01
   3.0266065e+00   3.0276076e+00   4.1155389e+01
   1.7781559e+00   1.7794893e+00   3.9117993e+01
   2.9819094e+00   2.9834361e+00   3.9292835e+01
   2.3673258e+00   2.3686141e+00   3.9631195e+01
   3.0515127e+00   3.0530065e+00   3.9433996e+01
   2.3616059e+00   2.3641248e+00   3.6715787e+01
   2.3519845e+00   2.3553574e+00   3.5441834e+01
   1.7066537e+00   1.7080590e+00   3.8847232e+01
   2.2095880e+00   2.2112127e+00   3.8524657e+01
   2.3574415e+00   2.3584456e+00   4.0707266e+01
   2.3469188e+00   2.3481165e+00   3.9934783e+01
   2.0534578e+00   2.0545422e+00   4.0183534e+01
   2.5668763e+00   2.5681404e+00   3.9840758e+01
   2.2345648e+00   2.2355622e+00   4.0658752e+01
   2.2281381e+00   2.2293580e+00   3.9780616e+01
   2.2221488e+00   2.2238981e+00   3.8211450e+01
   1.7145493e+00   1.7161698e+00   3.8233100e+01
