   2.1727984e+00   2.1760617e+00   3.5472895e+01
   3.1662478e+00   3.1723965e+00   3.3366924e+01
   1.7101367e+00   1.7113294e+00   3.9561980e+01
   3.2286406e+00   3.2307337e+00   3.8088263e+01
   3.4947239e+00   3.5706663e+00   2.2687677e+01
   3.3694656e+00   3.4026232e+00   2.6192076e+01
   2.9108617e+00   2.9777345e+00   2.2841395e+01
   3.4814653e+00   3.5192288e+00   2.5705266e+01
   2.4401247e+00   2.4524836e+00   2.9859253e+01
   3.2419024e+00   3.2506647e+00   3.1880236e+01
   2.4164815e+00   2.4176605e+00   4.0047333e+01
   3.1685447e+00   3.1697836e+00   4.0324902e+01
   2.6684100e+00   2.6696730e+00   3.9910582e+01
   3.3541158e+00   3.3553426e+00   4.0493733e+01
   2.0350618e+00   2.0364003e+00   3.9257798e+01
   3.3278348e+00   3.3294721e+00   3.9222520e+01
   2.3449949e+00   2.4017966e+00   2.3180956e+01
   3.3987808e+00   3.4316418e+00   2.6251192e+01
   1.7635693e+00   1.7648502e+00   3.9284098e+01
   2.2788462e+00   2.2806134e+00   3.8202858e+01
   3.6070408e+00   3.6085998e+00   3.9627567e+01
   2.2089549e+00   2.2104342e+00   3.8931228e+01
   3.1305079e+00   3.1317162e+00   4.0408063e+01
   2.3864271e+00   2.3873282e+00   4.1195746e+01
   2.5336768e+00   2.5346844e+00   4.0804351e+01
   2.2678362e+00   2.2689933e+00   4.0035047e+01
   2.6246238e+00   2.6271912e+00   3.6801243e+01
   2.3568711e+00   2.3587837e+00   3.7908422e+01
   2.5809697e+00   2.5878099e+00   3.2517883e+01
   2.2130192e+00   2.2174753e+00   3.4145153e+01
   1.9552592e+00   1.9565299e+00   3.9434726e+01
   2.1914307e+00   2.1926432e+00   3.9784075e+01
   2.3768726e+00   2.3780140e+00   4.0162870e+01
   2.3016531e+00   2.3028251e+00   4.0000844e+01
   3.6546401e+00   3.6587586e+00   3.5442524e+01
   1.6902774e+00   1.6928385e+00   3.6231013e+01
   3.0646165e+00   3.0677212e+00   3.6265638e+01
   1.7602804e+00   1.7621512e+00   3.7636875e+01
   2.6366306e+00   2.6384716e+00   3.8253237e+01
   1.8635281e+00   1.8650597e+00   3.8567689e+01
   2.6028586e+00   2.6056946e+00   3.6355086e+01
   1.7549137e+00   1.7568910e+00   3.7393264e+01
   2.4612737e+00   2.4630298e+00   3.8345554e+01
   1.5303392e+00   1.5314797e+00   3.9649508e+01
   2.1161820e+00   2.1182694e+00   3.7377949e+01
   1.7941032e+00   1.7957656e+00   3.8169950e+01
   2.4793468e+00   2.4824478e+00   3.5887803e+01
   1.8427673e+00   1.8450949e+00   3.6737753e+01
   2.9206615e+00   2.9221630e+00   3.9324268e+01
   3.5745219e+00   3.5757640e+00   4.0591829e+01
   2.5105732e+00   2.5119874e+00   3.9317458e+01
   3.7075403e+00   3.7092958e+00   3.9182365e+01
   2.5517356e+00   2.5531803e+00   3.9251213e+01
   3.6721150e+00   3.6735119e+00   4.0149798e+01
   2.5802577e+00   2.5817148e+00   3.9232459e+01
   3.6223958e+00   3.6237158e+00   4.0361066e+01
   1.9756387e+00   1.9775214e+00   3.7739906e+01
   3.6254369e+00   3.6277401e+00   3.7945831e+01
   2.3747389e+00   2.3762203e+00   3.9029311e+01
   3.7023659e+00   3.7040954e+00   3.9243666e+01
   2.5243970e+00   2.5252008e+00   4.1779738e+01
   3.0570112e+00   3.0583147e+00   4.0029596e+01
   2.5647378e+00   2.5655370e+00   4.1830618e+01
   3.0239921e+00   3.0249310e+00   4.1432277e+01
   2.6953423e+00   2.6961336e+00   4.1958228e+01
   3.0733235e+00   3.0741669e+00   4.1930738e+01
   2.0724078e+00   2.0736447e+00   3.9623408e+01
   3.0625182e+00   3.0640992e+00   3.9194962e+01
   2.3669140e+00   2.3677957e+00   4.1277513e+01
   3.0401503e+00   3.0413834e+00   4.0259457e+01
   2.5152843e+00   2.5221539e+00   3.2457067e+01
   2.4834580e+00   2.4880312e+00   3.4203456e+01
   2.6490204e+00   2.6501877e+00   4.0240024e+01
   2.4953297e+00   2.4961681e+00   4.1578190e+01
   1.9965485e+00   1.9979682e+00   3.8978077e+01
   2.4529392e+00   2.4542342e+00   3.9663023e+01
   2.3865743e+00   2.3878254e+00   3.9770516e+01
   2.5211624e+00   2.5223587e+00   4.0050875e+01
   2.6767812e+00   2.6793646e+00   3.6808021e+01
   2.5862988e+00   2.5898451e+00   3.5373817e+01
   1.9300714e+00   1.9315628e+00   3.8723694e+01
   2.4531767e+00   2.4548731e+00   3.8490643e+01
   2.3764599e+00   2.3774401e+00   4.0824121e+01
   2.5829090e+00   2.5840922e+00   4.0138622e+01
   2.2618556e+00   2.2630141e+00   4.0025924e+01
   2.8757516e+00   2.8771185e+00   3.9702860e+01
   2.2603715e+00   2.2613463e+00   4.0774775e+01
   2.5535174e+00   2.5547611e+00   3.9903093e+01
   2.2434961e+00   2.2452300e+00   3.8262983e+01
   1.9339379e+00   1.9356379e+00   3.8157575e+01
