   1.3922729e+00   1.3954292e+00   3.5148304e+01
   2.2532891e+00   2.2582925e+00   3.3667329e+01
   1.2997799e+00   1.3007964e+00   4.0015598e+01
   2.3131284e+00   2.3148171e+00   3.8421499e+01
   2.6150721e+00   2.6769838e+00   2.2980991e+01
   2.4967071e+00   2.5343031e+00   2.5067363e+01
   1.9330597e+00   1.9863523e+00   2.3200563e+01
   2.6011882e+00   2.6417459e+00   2.4805836e+01
   2.6095205e+00   2.6223456e+00   2.9807310e+01
   2.3282470e+00   2.3357638e+00   3.1947131e+01
   1.7423880e+00   1.7433950e+00   4.0315837e+01
   2.3606084e+00   2.3616327e+00   4.0622804e+01
   1.8822856e+00   1.8833386e+00   4.0206223e+01
   2.3996360e+00   2.4006224e+00   4.0811370e+01
   1.4182662e+00   1.4193835e+00   3.9673260e+01
   2.3656964e+00   2.3670094e+00   3.9547649e+01
   1.8664489e+00   1.9172454e+00   2.3367956e+01
   2.5392807e+00   2.5765960e+00   2.5127240e+01
   1.3569928e+00   1.3580958e+00   3.9693758e+01
   1.5035477e+00   1.5050213e+00   3.8521158e+01
   2.7179196e+00   2.7191414e+00   4.0086620e+01
   1.4182538e+00   1.4194975e+00   3.9207846e+01
   2.1420204e+00   2.1429730e+00   4.0801256e+01
   1.6008690e+00   1.6016089e+00   4.1570641e+01
   2.7098680e+00   2.7108927e+00   4.0845525e+01
   1.5035306e+00   1.5045019e+00   4.0331161e+01
   1.9681394e+00   1.9703315e+00   3.7074370e+01
   1.5765740e+00   1.5782829e+00   3.7920673e+01
   1.7856972e+00   1.7913953e+00   3.2815365e+01
   1.4279453e+00   1.4320261e+00   3.4053407e+01
   1.3361286e+00   1.3371816e+00   3.9883548e+01
   1.4027454e+00   1.4037341e+00   4.0195277e+01
   1.8911280e+00   1.8921164e+00   4.0486535e+01
   1.5088009e+00   1.5097574e+00   4.0400978e+01
   2.7618855e+00   2.7652045e+00   3.5775447e+01
   1.2831356e+00   1.2854425e+00   3.6446739e+01
   2.0780651e+00   2.0805412e+00   3.6612922e+01
   1.3604891e+00   1.3621365e+00   3.7953534e+01
   2.8188939e+00   2.8207876e+00   3.8249629e+01
   1.4741685e+00   1.4754417e+00   3.9138597e+01
   1.9276632e+00   1.9300845e+00   3.6617747e+01
   1.3422348e+00   1.3439423e+00   3.7787629e+01
   1.6588545e+00   1.6603193e+00   3.8638716e+01
   1.1168866e+00   1.1177871e+00   4.0437512e+01
   1.5046233e+00   1.5063912e+00   3.7730997e+01
   1.3945177e+00   1.3958975e+00   3.8743235e+01
   2.0099107e+00   2.0126491e+00   3.6133720e+01
   1.4495125e+00   1.4515755e+00   3.7028154e+01
   1.9178622e+00   1.9190561e+00   3.9682678e+01
   2.6780349e+00   2.6790034e+00   4.1069680e+01
   2.6811268e+00   2.6825652e+00   3.9353739e+01
   2.8252608e+00   2.8266740e+00   3.9524773e+01
   1.8786273e+00   1.8798523e+00   3.9546747e+01
   2.7823482e+00   2.7834550e+00   4.0557926e+01
   1.7950282e+00   1.7962407e+00   3.9541178e+01
   2.7448940e+00   2.7459216e+00   4.0855787e+01
   1.3511338e+00   1.3527204e+00   3.8111535e+01
   2.7351722e+00   2.7370075e+00   3.8330851e+01
   1.8904747e+00   1.8917763e+00   3.9290734e+01
   2.8164173e+00   2.8177860e+00   3.9657827e+01
   2.6935154e+00   2.6943354e+00   4.1802820e+01
   2.0650133e+00   2.0661051e+00   4.0160741e+01
   1.8912334e+00   1.8919072e+00   4.2150289e+01
   2.0263205e+00   2.0271088e+00   4.1551741e+01
   1.9004948e+00   1.9011562e+00   4.2237153e+01
   2.0815432e+00   2.0822404e+00   4.2118785e+01
   1.4568480e+00   1.4578688e+00   4.0088097e+01
   2.0716556e+00   2.0729343e+00   3.9478818e+01
   1.8841218e+00   1.8848757e+00   4.1658384e+01
   2.0501071e+00   2.0511118e+00   4.0512866e+01
   1.8372384e+00   1.8431127e+00   3.2714215e+01
   2.6124630e+00   2.6135214e+00   4.0641679e+01
   1.8545864e+00   1.8555578e+00   4.0539862e+01
   2.6800396e+00   2.6809398e+00   4.1388164e+01
   1.3783953e+00   1.3795797e+00   3.9396758e+01
   2.6351775e+00   2.6365706e+00   3.9463096e+01
   1.9049146e+00   1.9059924e+00   4.0118608e+01
   2.7080675e+00   2.7093390e+00   3.9906711e+01
   1.8831502e+00   1.8855869e+00   3.6563239e+01
   1.9245505e+00   1.9276301e+00   3.5571664e+01
   1.3007428e+00   1.3019991e+00   3.9096383e+01
   1.7765335e+00   1.7780001e+00   3.8703758e+01
   1.8951039e+00   1.8959525e+00   4.1151613e+01
   1.9229443e+00   1.9239899e+00   4.0261506e+01
   1.6643941e+00   1.6653532e+00   4.0481076e+01
   2.1041933e+00   2.1053557e+00   3.9913022e+01
   1.7653562e+00   1.7661907e+00   4.1145753e+01
   1.7498636e+00   1.7509332e+00   4.0058465e+01
   1.7523841e+00   1.7538944e+00   3.8561681e+01
   1.3115166e+00   1.3129493e+00   3.8531779e+01
