   1.2126202e+00   1.2157227e+00   3.5119752e+01
   1.9968404e+00   2.0015423e+00   3.3778133e+01
   1.1714178e+00   1.1723676e+00   4.0236956e+01
   2.0576019e+00   2.0592790e+00   3.8292251e+01
   2.3329412e+00   2.3908248e+00   2.3091509e+01
   2.2343689e+00   2.2720126e+00   2.4895298e+01
   1.6999008e+00   1.7503775e+00   2.3294745e+01
   2.3368441e+00   2.3773130e+00   2.4646014e+01
   2.3761351e+00   2.3882391e+00   2.9909057e+01
   2.0707598e+00   2.0778238e+00   3.2056116e+01
   1.5705513e+00   1.5714962e+00   4.0490271e+01
   2.0998335e+00   2.1007826e+00   4.0790928e+01
   1.7035695e+00   1.7045729e+00   4.0308271e+01
   2.1320684e+00   2.1330423e+00   4.0698703e+01
   1.2575793e+00   1.2586499e+00   3.9765890e+01
   2.0959411e+00   2.0972676e+00   3.9334410e+01
   1.6758828e+00   1.7244702e+00   2.3445864e+01
   2.2779168e+00   2.3155075e+00   2.4928803e+01
   1.2294272e+00   1.2304584e+00   3.9912825e+01
   1.3267047e+00   1.3282137e+00   3.8315376e+01
   2.4297927e+00   2.4308515e+00   4.0522721e+01
   1.2368488e+00   1.2378584e+00   4.0008858e+01
   1.9064809e+00   1.9073719e+00   4.0946153e+01
   1.4211720e+00   1.4218682e+00   4.1729120e+01
   2.4776468e+00   2.4785632e+00   4.1180443e+01
   1.3284819e+00   1.3292730e+00   4.1120489e+01
   1.8008360e+00   1.8029231e+00   3.7186070e+01
   1.3975201e+00   1.3991633e+00   3.7986056e+01
   1.6061399e+00   1.6116056e+00   3.2889058e+01
   1.2480481e+00   1.2520896e+00   3.3991738e+01
   1.1755100e+00   1.1765170e+00   3.9985496e+01
   1.2218849e+00   1.2228967e+00   3.9990775e+01
   1.6973041e+00   1.6982185e+00   4.0708145e+01
   1.3278790e+00   1.3287544e+00   4.0680509e+01
   2.4726011e+00   2.4756299e+00   3.5985687e+01
   1.1542730e+00   1.1563585e+00   3.6811604e+01
   1.8434181e+00   1.8457491e+00   3.6731681e+01
   1.2346553e+00   1.2362586e+00   3.7999346e+01
   2.5854352e+00   2.5871731e+00   3.8470340e+01
   1.3474767e+00   1.3485825e+00   3.9677201e+01
   1.7556842e+00   1.7579959e+00   3.6715088e+01
   1.2127776e+00   1.2144293e+00   3.7857496e+01
   1.4762259e+00   1.4776229e+00   3.8736925e+01
   9.8625410e-01   9.8715402e-01   4.0367208e+01
   1.3451081e+00   1.3468023e+00   3.7822931e+01
   1.2682614e+00   1.2696694e+00   3.8582324e+01
   1.8184687e+00   1.8210554e+00   3.6264705e+01
   1.3241306e+00   1.3261133e+00   3.7127991e+01
   1.6793033e+00   1.6804190e+00   3.9833238e+01
   2.3894818e+00   2.3903398e+00   4.1410360e+01
   2.4490439e+00   2.4503587e+00   3.9594622e+01
   2.5409053e+00   2.5420366e+00   4.0306327e+01
   1.7087574e+00   1.7099194e+00   3.9674213e+01
   2.4961644e+00   2.4971568e+00   4.0846180e+01
   1.6166947e+00   1.6178521e+00   3.9636427e+01
   2.4595878e+00   2.4605528e+00   4.0944581e+01
   1.1897676e+00   1.1912892e+00   3.8200796e+01
   2.4485906e+00   2.4503648e+00   3.8292890e+01
   1.6968267e+00   1.6980418e+00   3.9472965e+01
   2.5311689e+00   2.5323749e+00   4.0022069e+01
   2.4608079e+00   2.4615220e+00   4.2252855e+01
   1.8299714e+00   1.8308485e+00   4.0968108e+01
   1.7200206e+00   1.7206536e+00   4.2318726e+01
   1.7883778e+00   1.7891139e+00   4.1704511e+01
   1.7219926e+00   1.7226215e+00   4.2347734e+01
   1.8458923e+00   1.8465878e+00   4.1985917e+01
   1.2975557e+00   1.2985312e+00   4.0193028e+01
   1.8362473e+00   1.8375297e+00   3.9322246e+01
   1.6901446e+00   1.6908318e+00   4.1944167e+01
   1.8142462e+00   1.8151552e+00   4.0804167e+01
   1.6668221e+00   1.6724609e+00   3.2789762e+01
   2.3845057e+00   2.3856284e+00   4.0239575e+01
   1.6746088e+00   1.6755326e+00   4.0650130e+01
   2.4511805e+00   2.4520695e+00   4.1295251e+01
   1.2185136e+00   1.2196426e+00   3.9513140e+01
   2.4070073e+00   2.4084160e+00   3.9268283e+01
   1.7118630e+00   1.7128675e+00   4.0308593e+01
   2.4805564e+00   2.4817263e+00   4.0121672e+01
   1.7028751e+00   1.7052737e+00   3.6523037e+01
   1.7533135e+00   1.7563133e+00   3.5582151e+01
   1.1384831e+00   1.1396801e+00   3.9213945e+01
   1.6039952e+00   1.6054688e+00   3.8580130e+01
   1.7023629e+00   1.7031422e+00   4.1404845e+01
   1.7537556e+00   1.7547246e+00   4.0490146e+01
   1.5089529e+00   1.5098658e+00   4.0603757e+01
   1.9294999e+00   1.9306959e+00   3.9682113e+01
   1.5702903e+00   1.5710557e+00   4.1404644e+01
   1.5698005e+00   1.5707925e+00   4.0278688e+01
   1.5567764e+00   1.5581856e+00   3.8746241e+01
   1.1498724e+00   1.1512211e+00   3.8701955e+01
