   6.6581378e-01   6.6891234e-01   3.4822323e+01
   1.1726076e+00   1.1765318e+00   3.4076631e+01
   7.8871580e-01   7.8975806e-01   3.9620659e+01
   1.2379984e+00   1.2394399e+00   3.8463026e+01
   1.4395751e+00   1.4868526e+00   2.3424691e+01
   1.3817027e+00   1.4193933e+00   2.4374383e+01
   9.5480639e-01   9.9732855e-01   2.3607942e+01
   1.4831266e+00   1.5224241e+00   2.4252408e+01
   1.8166004e+00   1.8274598e+00   3.0033802e+01
   1.2487427e+00   1.2554273e+00   3.1806960e+01
   9.7768293e-01   9.7856038e-01   4.0472275e+01
   1.2412434e+00   1.2420717e+00   4.0871326e+01
   1.1237836e+00   1.1246821e+00   4.0451038e+01
   1.2866476e+00   1.2874760e+00   4.0896207e+01
   7.4600346e-01   7.4699118e-01   3.9830820e+01
   1.2443090e+00   1.2454021e+00   3.9668217e+01
   1.0805490e+00   1.1230207e+00   2.3683598e+01
   1.4267848e+00   1.4643856e+00   2.4410976e+01
   8.4850699e-01   8.4962144e-01   3.9362549e+01
   7.8455857e-01   7.8591103e-01   3.8486930e+01
   1.5162429e+00   1.5173706e+00   3.9690430e+01
   6.7892217e-01   6.7995218e-01   3.9612453e+01
   1.1559692e+00   1.1567559e+00   4.1046609e+01
   8.7198638e-01   8.7264168e-01   4.1681612e+01
   1.9224851e+00   1.9235042e+00   4.0372918e+01
   7.9095048e-01   7.9175070e-01   4.0769543e+01
   1.2207504e+00   1.2226247e+00   3.7313097e+01
   8.4955308e-01   8.5111377e-01   3.7900570e+01
   1.0241638e+00   1.0289671e+00   3.3115240e+01
   6.9967972e-01   7.0356054e-01   3.3862978e+01
   6.6508873e-01   6.6602004e-01   4.0042463e+01
   6.6832673e-01   6.6923602e-01   4.0148177e+01
   1.0954821e+00   1.0963860e+00   4.0409314e+01
   7.7431453e-01   7.7516206e-01   4.0511054e+01
   1.5583137e+00   1.5610427e+00   3.5876974e+01
   7.6406050e-01   7.6620673e-01   3.6470283e+01
   1.0943265e+00   1.0963216e+00   3.6970256e+01
   8.5457397e-01   8.5616434e-01   3.7821513e+01
   2.0329906e+00   2.0347287e+00   3.8121848e+01
   9.7100494e-01   9.7217390e-01   3.9222784e+01
   1.1634392e+00   1.1655095e+00   3.6848619e+01
   8.2242232e-01   8.2405545e-01   3.7688676e+01
   8.8271857e-01   8.8395713e-01   3.8922785e+01
   5.9130336e-01   5.9220442e-01   4.0146314e+01
   8.3865150e-01   8.4019054e-01   3.7955257e+01
   8.8626804e-01   8.8762572e-01   3.8525943e+01
   1.2222147e+00   1.2245775e+00   3.6307928e+01
   9.4512235e-01   9.4711193e-01   3.6898849e+01
   9.1787853e-01   9.1885280e-01   3.9984534e+01
   1.4663112e+00   1.4672000e+00   4.0694995e+01
   1.8926947e+00   1.8940711e+00   3.9049496e+01
   1.6276041e+00   1.6288020e+00   3.9493578e+01
   1.1228028e+00   1.1238742e+00   3.9686154e+01
   1.5812929e+00   1.5822841e+00   4.0288923e+01
   1.0367259e+00   1.0377600e+00   3.9791895e+01
   1.5465455e+00   1.5474979e+00   4.0441911e+01
   6.7803811e-01   6.7943897e-01   3.8276486e+01
   1.5320189e+00   1.5336220e+00   3.8171846e+01
   1.0967081e+00   1.0978768e+00   3.9294127e+01
   1.6181206e+00   1.6193249e+00   3.9464927e+01
   1.9055187e+00   1.9063549e+00   4.1221560e+01
   1.0802824e+00   1.0810768e+00   4.0961134e+01
   1.1293963e+00   1.1300022e+00   4.2165495e+01
   1.0292583e+00   1.0298658e+00   4.2097880e+01
   1.1439433e+00   1.1445158e+00   4.2420169e+01
   1.0957739e+00   1.0963388e+00   4.2450558e+01
   7.9169992e-01   7.9260829e-01   4.0219423e+01
   1.0843234e+00   1.0853775e+00   3.9735168e+01
   1.0875001e+00   1.0881989e+00   4.1522318e+01
   1.0595534e+00   1.0603373e+00   4.1007719e+01
   1.0783864e+00   1.0833669e+00   3.2988336e+01
   1.8049969e+00   1.8061198e+00   3.9880189e+01
   1.0907190e+00   1.0915440e+00   4.0803182e+01
   1.8706686e+00   1.8715349e+00   4.1046668e+01
   7.1046837e-01   7.1150856e-01   3.9586823e+01
   1.8282862e+00   1.8295853e+00   3.9261540e+01
   1.1149198e+00   1.1159161e+00   3.9997314e+01
   1.9071798e+00   1.9083506e+00   3.9761178e+01
   1.1161209e+00   1.1184321e+00   3.6343715e+01
   1.1624676e+00   1.1650554e+00   3.5879072e+01
   6.2442432e-01   6.2553468e-01   3.9256970e+01
   1.0112409e+00   1.0125121e+00   3.8881128e+01
   1.1036787e+00   1.1044625e+00   4.1032545e+01
   1.1701214e+00   1.1709939e+00   4.0604864e+01
   1.0128015e+00   1.0136532e+00   4.0621034e+01
   1.3567449e+00   1.3577247e+00   4.0208009e+01
   9.6714194e-01   9.6791682e-01   4.1006252e+01
   9.8260496e-01   9.8347028e-01   4.0535489e+01
   9.4815144e-01   9.4948519e-01   3.8637351e+01
   6.3401869e-01   6.3524481e-01   3.8831441e+01
