   2.0909030e+00   2.0941271e+00   3.5474477e+01
   3.1761693e+00   3.1822969e+00   3.3388526e+01
   1.7619567e+00   1.7630236e+00   4.0076803e+01
   3.2352776e+00   3.2374550e+00   3.7921312e+01
   3.5958913e+00   3.6735196e+00   2.2663185e+01
   3.4245998e+00   3.4596830e+00   2.5985208e+01
   2.7889395e+00   2.8539137e+00   2.2885492e+01
   3.5316724e+00   3.5716386e+00   2.5494291e+01
   3.1738892e+00   3.1883925e+00   2.9646671e+01
   3.2585854e+00   3.2670970e+00   3.2017576e+01
   2.4104530e+00   2.4115852e+00   4.0219377e+01
   3.2563144e+00   3.2575281e+00   4.0474031e+01
   2.6178756e+00   2.6191008e+00   4.0009271e+01
   3.3641953e+00   3.3654399e+00   4.0438187e+01
   2.0069597e+00   2.0082370e+00   3.9443967e+01
   3.3366096e+00   3.3383320e+00   3.9008171e+01
   2.5217748e+00   2.5808995e+00   2.3120271e+01
   3.4567311e+00   3.4917116e+00   2.6020087e+01
   1.8161554e+00   1.8173101e+00   3.9765762e+01
   2.1963593e+00   2.1981881e+00   3.8002131e+01
   3.7155180e+00   3.7169449e+00   4.0087934e+01
   2.1299556e+00   2.1311831e+00   3.9692282e+01
   3.0071999e+00   3.0083444e+00   4.0560872e+01
   2.3060996e+00   2.3069517e+00   4.1387519e+01
   3.2695510e+00   3.2706175e+00   4.1044257e+01
   2.1903758e+00   2.1913306e+00   4.0821303e+01
   2.6208747e+00   2.6233997e+00   3.6871084e+01
   2.2785214e+00   2.2803779e+00   3.7988248e+01
   2.5277719e+00   2.5345102e+00   3.2548882e+01
   2.1314699e+00   2.1358890e+00   3.4130499e+01
   1.9258090e+00   1.9270154e+00   3.9642063e+01
   2.1112570e+00   2.1124833e+00   3.9684789e+01
   2.5574716e+00   2.5585869e+00   4.0378765e+01
   2.2200723e+00   2.2211364e+00   4.0368995e+01
   3.7622426e+00   3.7663036e+00   3.5578984e+01
   1.7430435e+00   1.7453082e+00   3.6796499e+01
   2.9414495e+00   2.9444389e+00   3.6347934e+01
   1.8113432e+00   1.8130703e+00   3.8014437e+01
   3.3764725e+00   3.3785284e+00   3.8266985e+01
   1.9211306e+00   1.9223509e+00   3.9589829e+01
   2.5955712e+00   2.5983676e+00   3.6411334e+01
   1.8049882e+00   1.8067948e+00   3.7815387e+01
   2.4093780e+00   2.4110921e+00   3.8417726e+01
   1.5808558e+00   1.5818498e+00   4.0276145e+01
   2.0878533e+00   2.0898776e+00   3.7493894e+01
   1.8457399e+00   1.8473144e+00   3.8437080e+01
   2.6651323e+00   2.6682833e+00   3.5938090e+01
   1.8965141e+00   1.8986585e+00   3.7126271e+01
   2.7952798e+00   2.7967129e+00   3.9444283e+01
   3.6765839e+00   3.6777188e+00   4.1054974e+01
   3.2444170e+00   3.2459602e+00   3.9422520e+01
   3.8124361e+00   3.8139169e+00   3.9995399e+01
   2.5430212e+00   2.5444212e+00   3.9381827e+01
   3.7734266e+00   3.7747229e+00   4.0545391e+01
   2.5293584e+00   2.5307763e+00   3.9318128e+01
   3.7284259e+00   3.7296823e+00   4.0649722e+01
   1.9449335e+00   1.9467431e+00   3.7893019e+01
   3.7275165e+00   3.7298418e+00   3.7975850e+01
   2.5558850e+00   2.5573617e+00   3.9158951e+01
   3.8053898e+00   3.8069753e+00   3.9693843e+01
   3.2576956e+00   3.2585193e+00   4.2158053e+01
   2.9304834e+00   2.9316124e+00   4.0569414e+01
   2.5577284e+00   2.5584900e+00   4.2035697e+01
   2.8975479e+00   2.8984977e+00   4.1298123e+01
   2.6400527e+00   2.6408149e+00   4.2085500e+01
   2.9462497e+00   2.9471436e+00   4.1593913e+01
   2.0423251e+00   2.0434877e+00   3.9874130e+01
   2.9364515e+00   2.9381002e+00   3.8928931e+01
   2.5490884e+00   2.5499313e+00   4.1589346e+01
   2.9154038e+00   2.9165854e+00   4.0361260e+01
   2.5047606e+00   2.5115908e+00   3.2475263e+01
   3.1732827e+00   3.1748452e+00   3.9320596e+01
   2.5966528e+00   2.5977822e+00   4.0349598e+01
   3.2284500e+00   3.2294526e+00   4.1284288e+01
   1.9664726e+00   1.9678255e+00   3.9169355e+01
   3.1847008e+00   3.1862900e+00   3.9254547e+01
   2.5674197e+00   2.5686385e+00   3.9999748e+01
   3.2528496e+00   3.2541603e+00   4.0137487e+01
   2.6248052e+00   2.6273783e+00   3.6791846e+01
   2.5772391e+00   2.5808582e+00   3.5279691e+01
   1.8981548e+00   1.8995784e+00   3.8906548e+01
   2.4397934e+00   2.4415727e+00   3.8274931e+01
   2.5582430e+00   2.5591874e+00   4.1101320e+01
   2.5725454e+00   2.5737093e+00   4.0202850e+01
   2.2356623e+00   2.2367559e+00   4.0259801e+01
   2.8243408e+00   2.8258063e+00   3.9366347e+01
   2.4392659e+00   2.4402008e+00   4.1069196e+01
   2.4952551e+00   2.4964731e+00   3.9956179e+01
   2.4251485e+00   2.4268700e+00   3.8408898e+01
   1.9031388e+00   1.9047423e+00   3.8392821e+01
