   1.7162053e+00   1.7194025e+00   3.5283083e+01
   2.6836350e+00   2.6891010e+00   3.3558141e+01
   1.4964609e+00   1.4975568e+00   3.9802526e+01
   2.7417526e+00   2.7437043e+00   3.8067924e+01
   3.0431923e+00   3.1116396e+00   2.2829050e+01
   2.9263556e+00   2.9627043e+00   2.5494304e+01
   2.3340419e+00   2.3925288e+00   2.3047264e+01
   3.0342710e+00   3.0743514e+00   2.5142484e+01
   2.8008356e+00   2.8142606e+00   2.9733498e+01
   2.7618763e+00   2.7698591e+00   3.1964721e+01
   2.0382294e+00   2.0393059e+00   4.0205556e+01
   2.7772294e+00   2.7782900e+00   4.0740030e+01
   2.2018795e+00   2.2030110e+00   4.0090905e+01
   2.8504419e+00   2.8515072e+00   4.0768704e+01
   1.6955394e+00   1.6967485e+00   3.9493452e+01
   2.8196661e+00   2.8211310e+00   3.9365212e+01
   2.1725472e+00   2.2271525e+00   2.3243272e+01
   2.9642388e+00   3.0004040e+00   2.5541456e+01
   1.5525213e+00   1.5536971e+00   3.9529980e+01
   1.8233778e+00   1.8250218e+00   3.8236100e+01
   3.1566434e+00   3.1580431e+00   3.9786925e+01
   1.7476327e+00   1.7488665e+00   3.9436944e+01
   2.5473749e+00   2.5484215e+00   4.0648191e+01
   1.9262050e+00   1.9269635e+00   4.1657621e+01
   2.8981420e+00   2.8992350e+00   4.0688551e+01
   1.8215562e+00   1.8224945e+00   4.0670707e+01
   2.2562134e+00   2.2585575e+00   3.6961700e+01
   1.9002002e+00   1.9019413e+00   3.8033396e+01
   2.1076965e+00   2.1138319e+00   3.2690958e+01
   1.7520295e+00   1.7562341e+00   3.4115072e+01
   1.6134213e+00   1.6145670e+00   3.9678522e+01
   1.7293788e+00   1.7304601e+00   3.9999235e+01
   2.2025842e+00   2.2036692e+00   4.0273135e+01
   1.8359745e+00   1.8369786e+00   4.0384567e+01
   3.2018562e+00   3.2055658e+00   3.5585073e+01
   1.4808525e+00   1.4831432e+00   3.6591976e+01
   2.4821897e+00   2.4848973e+00   3.6478758e+01
   1.5521221e+00   1.5537852e+00   3.8024147e+01
   3.0094026e+00   3.0114018e+00   3.8140159e+01
   1.6687162e+00   1.6699608e+00   3.9351814e+01
   2.2231985e+00   2.2257905e+00   3.6504414e+01
   1.5402674e+00   1.5420142e+00   3.7803920e+01
   1.9859324e+00   1.9875048e+00   3.8528106e+01
   1.3162759e+00   1.3172144e+00   4.0371588e+01
   1.7791615e+00   1.7810593e+00   3.7585780e+01
   1.5868245e+00   1.5882923e+00   3.8587239e+01
   2.3171769e+00   2.3201460e+00   3.5973620e+01
   1.6400491e+00   1.6421584e+00   3.7043972e+01
   2.3289568e+00   2.3302630e+00   3.9546895e+01
   3.1144932e+00   3.1155494e+00   4.0981541e+01
   2.8706647e+00   2.8721963e+00   3.9205124e+01
   3.2571957e+00   3.2586653e+00   3.9643313e+01
   2.1715464e+00   2.1728647e+00   3.9408229e+01
   3.2153635e+00   3.2165634e+00   4.0495522e+01
   2.1141316e+00   2.1154344e+00   3.9424012e+01
   3.1753894e+00   3.1765360e+00   4.0665728e+01
   1.6298653e+00   1.6315793e+00   3.7939102e+01
   3.1686450e+00   3.1707273e+00   3.8069986e+01
   2.2018059e+00   2.2032236e+00   3.9111670e+01
   3.2481845e+00   3.2496889e+00   3.9535934e+01
   2.8820143e+00   2.8828857e+00   4.1661667e+01
   2.4707006e+00   2.4717593e+00   4.0549116e+01
   2.1861711e+00   2.1868968e+00   4.2010009e+01
   2.4358508e+00   2.4366489e+00   4.1754131e+01
   2.2206817e+00   2.2213925e+00   4.2121950e+01
   2.4866127e+00   2.4873474e+00   4.2146381e+01
   1.7315441e+00   1.7326548e+00   3.9883517e+01
   2.4769810e+00   2.4783902e+00   3.9311147e+01
   2.1960116e+00   2.1968434e+00   4.1423703e+01
   2.4558301e+00   2.4568813e+00   4.0570710e+01
   2.1309243e+00   2.1372167e+00   3.2595614e+01
   2.7934471e+00   2.7948726e+00   3.9466146e+01
   2.1766426e+00   2.1776840e+00   4.0435318e+01
   2.8556035e+00   2.8565147e+00   4.1450530e+01
   1.6539836e+00   1.6552672e+00   3.9209081e+01
   2.8107701e+00   2.8122211e+00   3.9400467e+01
   2.2151728e+00   2.2163675e+00   3.9862890e+01
   2.8819281e+00   2.8832070e+00   3.9995815e+01
   2.2055907e+00   2.2080770e+00   3.6674126e+01
   2.2140075e+00   2.2172523e+00   3.5523168e+01
   1.5805305e+00   1.5818858e+00   3.8929790e+01
   2.0696553e+00   2.0712280e+00   3.8578998e+01
   2.2049914e+00   2.2059224e+00   4.0939875e+01
   2.2097754e+00   2.2108358e+00   4.0377484e+01
   1.9324478e+00   1.9334929e+00   4.0269410e+01
   2.4151853e+00   2.4164280e+00   3.9818018e+01
   2.0798750e+00   2.0807957e+00   4.0910325e+01
   2.0715277e+00   2.0726166e+00   4.0176466e+01
   2.0676894e+00   2.0693391e+00   3.8370229e+01
   1.5894401e+00   1.5909384e+00   3.8499271e+01
