   3.3620010e-01   3.3920834e-01   3.4776425e+01
   6.4580528e-01   6.4926890e-01   3.4327865e+01
   5.5937092e-01   5.6025571e-01   4.0208428e+01
   7.1655213e-01   7.1772107e-01   3.9083281e+01
   8.4545323e-01   8.8640624e-01   2.3710571e+01
   8.3698007e-01   8.7380050e-01   2.4167670e+01
   4.8010755e-01   5.1818689e-01   2.3829012e+01
   9.3741410e-01   9.7539152e-01   2.4088907e+01
   1.4356103e+00   1.4453825e+00   3.0265841e+01
   7.2536190e-01   7.3217271e-01   3.1434251e+01
   5.2454226e-01   5.2530776e-01   4.0818893e+01
   6.7815775e-01   6.7885324e-01   4.1317618e+01
   6.9025097e-01   6.9106305e-01   4.0651031e+01
   7.6063627e-01   7.6133860e-01   4.1319709e+01
   4.2431572e-01   4.2521295e-01   4.0076496e+01
   7.1448046e-01   7.1538866e-01   4.0178273e+01
   7.1786718e-01   7.5680783e-01   2.3859495e+01
   8.8121438e-01   9.1785910e-01   2.4212826e+01
   6.1905293e-01   6.2002449e-01   3.9834038e+01
   4.5916940e-01   4.6032474e-01   3.8996709e+01
   9.0492151e-01   9.0569543e-01   4.0977203e+01
   3.4225694e-01   3.4322761e-01   3.9691962e+01
   6.7831109e-01   6.7899239e-01   4.1407183e+01
   5.4165215e-01   5.4223334e-01   4.2024245e+01
   1.5445536e+00   1.5453114e+00   4.1432980e+01
   4.6657520e-01   4.6733999e-01   4.0792302e+01
   7.7491317e-01   7.7657769e-01   3.7580034e+01
   5.1942819e-01   5.2089442e-01   3.7993638e+01
   5.8991172e-01   5.9425483e-01   3.3315253e+01
   3.7124538e-01   3.7497330e-01   3.3863141e+01
   3.4466687e-01   3.4551282e-01   4.0290459e+01
   3.3602186e-01   3.3679501e-01   4.0676753e+01
   7.3009726e-01   7.3085011e-01   4.1001427e+01
   4.4336170e-01   4.4410947e-01   4.0877811e+01
   9.4782533e-01   9.4999751e-01   3.6519018e+01
   5.2875144e-01   5.3075966e-01   3.6632510e+01
   6.1761363e-01   6.1938554e-01   3.7223566e+01
   6.2669574e-01   6.2813269e-01   3.8138413e+01
   1.6547768e+00   1.6561965e+00   3.8772114e+01
   7.4169588e-01   7.4274724e-01   3.9557339e+01
   7.1171233e-01   7.1355144e-01   3.7112560e+01
   5.8836740e-01   5.8982145e-01   3.8066523e+01
   4.3995550e-01   4.4107810e-01   3.9111473e+01
   3.5321092e-01   3.5394100e-01   4.0934671e+01
   5.1993142e-01   5.2134530e-01   3.8151807e+01
   6.5687640e-01   6.5802059e-01   3.9144052e+01
   8.5785060e-01   8.5994191e-01   3.6634141e+01
   7.1686315e-01   7.1866646e-01   3.7200730e+01
   4.3363222e-01   4.3448740e-01   4.0289821e+01
   8.5397278e-01   8.5458451e-01   4.1970503e+01
   1.5132122e+00   1.5142885e+00   3.9891030e+01
   1.0186724e+00   1.0195916e+00   4.0292902e+01
   6.7567187e-01   6.7660483e-01   4.0040496e+01
   9.7424952e-01   9.7495269e-01   4.1432008e+01
   6.0223249e-01   6.0317201e-01   3.9970642e+01
   9.3858441e-01   9.3922653e-01   4.1806586e+01
   3.5804727e-01   3.5933499e-01   3.8472653e+01
   9.2378977e-01   9.2497376e-01   3.9141129e+01
   7.3203505e-01   7.3303280e-01   3.9779424e+01
   1.0130870e+00   1.0139651e+00   4.0488517e+01
   1.5308252e+00   1.5314238e+00   4.2448997e+01
   6.0472715e-01   6.0551733e-01   4.0723803e+01
   6.7792871e-01   6.7844408e-01   4.2619166e+01
   5.4581803e-01   5.4638961e-01   4.2098869e+01
   7.1298748e-01   7.1350345e-01   4.2633019e+01
   6.1940992e-01   6.1991947e-01   4.2637070e+01
   4.7466223e-01   4.7548430e-01   4.0482862e+01
   6.0626626e-01   6.0719089e-01   4.0042222e+01
   7.1966246e-01   7.2022783e-01   4.2239562e+01
   5.7958052e-01   5.8030472e-01   4.1089033e+01
   6.3081399e-01   6.3527096e-01   3.3224761e+01
   1.4225151e+00   1.4233106e+00   4.1151174e+01
   6.5485361e-01   6.5560158e-01   4.0989110e+01
   1.4880151e+00   1.4886732e+00   4.2013019e+01
   3.9229991e-01   3.9324753e-01   3.9822397e+01
   1.4474709e+00   1.4484961e+00   4.0063944e+01
   7.5246184e-01   7.5328667e-01   4.0617038e+01
   1.5303522e+00   1.5312889e+00   4.0504423e+01
   6.7803245e-01   6.8023821e-01   3.6304878e+01
   7.1142413e-01   7.1376729e-01   3.6060496e+01
   3.0448080e-01   3.0549789e-01   3.9469495e+01
   5.6135537e-01   5.6247637e-01   3.9181845e+01
   7.3986730e-01   7.4051280e-01   4.1674885e+01
   7.2511705e-01   7.2592176e-01   4.0709461e+01
   7.0026796e-01   7.0103611e-01   4.0897962e+01
   9.2784744e-01   9.2873492e-01   4.0395240e+01
   6.0224521e-01   6.0287835e-01   4.1684724e+01
   5.4977277e-01   5.5060158e-01   4.0487201e+01
   5.7758488e-01   5.7873021e-01   3.9097251e+01
   3.1152907e-01   3.1267714e-01   3.8947024e+01
