   7.5052530e-01   7.5367962e-01   3.4790668e+01
   1.3050282e+00   1.3090988e+00   3.3993196e+01
   8.3032310e-01   8.3147393e-01   3.9213065e+01
   1.3699254e+00   1.3713603e+00   3.8559032e+01
   1.5779881e+00   1.6269922e+00   2.3350540e+01
   1.5171746e+00   1.5550404e+00   2.4433474e+01
   1.0750637e+00   1.1188055e+00   2.3552615e+01
   1.6191311e+00   1.6586957e+00   2.4303336e+01
   1.9072132e+00   1.9184303e+00   2.9948014e+01
   1.3801353e+00   1.3869448e+00   3.1802181e+01
   1.0802391e+00   1.0811610e+00   4.0315069e+01
   1.3788598e+00   1.3797799e+00   4.0493545e+01
   1.2233152e+00   1.2242397e+00   4.0384125e+01
   1.4206396e+00   1.4215267e+00   4.0676863e+01
   8.2901650e-01   8.3004290e-01   3.9709285e+01
   1.3795628e+00   1.3806996e+00   3.9575626e+01
   1.1695591e+00   1.2129871e+00   2.3637420e+01
   1.5629575e+00   1.6006983e+00   2.4474834e+01
   8.9010863e-01   8.9133308e-01   3.8976611e+01
   8.6845708e-01   8.6979470e-01   3.8580765e+01
   1.6582617e+00   1.6596016e+00   3.9025311e+01
   7.6503602e-01   7.6617634e-01   3.9217269e+01
   1.2769015e+00   1.2777322e+00   4.0879080e+01
   9.5649935e-01   9.5721789e-01   4.1328210e+01
   2.0124463e+00   2.0136144e+00   3.9835105e+01
   8.7389118e-01   8.7479409e-01   4.0290665e+01
   1.3214105e+00   1.3233547e+00   3.7211633e+01
   9.3398133e-01   9.3560757e-01   3.7768454e+01
   1.1235214e+00   1.1284438e+00   3.3064635e+01
   7.8435201e-01   7.8830326e-01   3.3830832e+01
   7.4775940e-01   7.4872709e-01   3.9920774e+01
   7.5384441e-01   7.5478477e-01   4.0048479e+01
   1.1853411e+00   1.1863286e+00   4.0075816e+01
   8.5941995e-01   8.6033394e-01   4.0229737e+01
   1.7002533e+00   1.7032527e+00   3.5550969e+01
   8.0722114e-01   8.0951098e-01   3.6212539e+01
   1.2150851e+00   1.2171571e+00   3.6874274e+01
   8.9646773e-01   8.9815384e-01   3.7590673e+01
   2.1220580e+00   2.1239619e+00   3.7781383e+01
   1.0119651e+00   1.0132749e+00   3.8751640e+01
   1.2658083e+00   1.2679540e+00   3.6751541e+01
   8.6566773e-01   8.6739934e-01   3.7458116e+01
   9.8425392e-01   9.8552828e-01   3.8855253e+01
   6.3610599e-01   6.3709121e-01   3.9782552e+01
   9.2060554e-01   9.2219116e-01   3.7870877e+01
   9.2891219e-01   9.3033287e-01   3.8352525e+01
   1.3114576e+00   1.3139351e+00   3.6153144e+01
   9.8677075e-01   9.8886003e-01   3.6709660e+01
   1.0405336e+00   1.0415561e+00   3.9842931e+01
   1.6099385e+00   1.6110096e+00   3.9969365e+01
   1.9831431e+00   1.9846789e+00   3.8628991e+01
   1.7697862e+00   1.7712368e+00   3.8747236e+01
   1.2241407e+00   1.2252656e+00   3.9532364e+01
   1.7232741e+00   1.7244531e+00   3.9619728e+01
   1.1363033e+00   1.1373674e+00   3.9723667e+01
   1.6887457e+00   1.6898715e+00   3.9799733e+01
   7.6083939e-01   7.6228697e-01   3.8178846e+01
   1.6745984e+00   1.6763704e+00   3.7820999e+01
   1.1861383e+00   1.1873951e+00   3.9028972e+01
   1.7598928e+00   1.7612910e+00   3.8901011e+01
   1.9951600e+00   1.9961388e+00   4.0592649e+01
   1.2003644e+00   1.2012442e+00   4.0585913e+01
   1.2315481e+00   1.2321967e+00   4.1927308e+01
   1.1515308e+00   1.1521789e+00   4.1885354e+01
   1.2428092e+00   1.2434003e+00   4.2337671e+01
   1.2163604e+00   1.2169511e+00   4.2325271e+01
   8.7388607e-01   8.7483215e-01   4.0087786e+01
   1.2050395e+00   1.2061081e+00   3.9744143e+01
   1.1775432e+00   1.1783178e+00   4.1126418e+01
   1.1813083e+00   1.1821330e+00   4.0855726e+01
   1.1799751e+00   1.1851025e+00   3.2919521e+01
   1.8989961e+00   1.9002132e+00   3.9587407e+01
   1.1906446e+00   1.1914970e+00   4.0717524e+01
   1.9649930e+00   1.9659782e+00   4.0545545e+01
   7.9266681e-01   7.9374804e-01   3.9463415e+01
   1.9223755e+00   1.9237749e+00   3.8995581e+01
   1.2036788e+00   1.2047641e+00   3.9676133e+01
   1.9999014e+00   2.0012210e+00   3.9297892e+01
   1.2167270e+00   1.2190645e+00   3.6351598e+01
   1.2641957e+00   1.2668595e+00   3.5811271e+01
   7.0746262e-01   7.0861471e-01   3.9141443e+01
   1.1129682e+00   1.1142639e+00   3.8855122e+01
   1.1929093e+00   1.1937707e+00   4.0673144e+01
   1.2705902e+00   1.2715067e+00   4.0448536e+01
   1.0934830e+00   1.0943713e+00   4.0483835e+01
   1.4550612e+00   1.4560340e+00   4.0296061e+01
   1.0569262e+00   1.0577810e+00   4.0629935e+01
   1.0827171e+00   1.0836080e+00   4.0465152e+01
   1.0392658e+00   1.0406906e+00   3.8401536e+01
   7.1769837e-01   7.1896376e-01   3.8739607e+01
