   5.1851546e-01   2.8431354e+01   5.3177163e-01
   1.0776126e+00   2.0540863e+01   1.1652113e+00
   6.6719293e-01   2.5343373e+01   6.9468601e-01
   1.6810326e+00   2.2733133e+01   1.7383372e+00
   4.3850080e-01   2.2593116e+01   4.8886395e-01
   1.6372317e+00   2.2745332e+01   1.6940316e+00
   6.3050539e-01   2.2436357e+01   6.8396751e-01
   1.5747973e+00   2.2667639e+01   1.6321310e+00
   3.7858780e-01   2.0572017e+01   4.5822939e-01
   1.1426896e+00   2.1550715e+01   1.2126885e+00
   5.5439568e-01   2.3138506e+01   5.9944777e-01
  -4.9611348e-01   2.1109114e+01  -4.3248793e-01
   4.6755449e-01   2.5810174e+01   4.9164630e-01
   3.1122289e-01   2.1733373e+01   3.7167788e-01
   1.9703915e-01   2.1906463e+01   2.5434554e-01
  -9.7729413e-01   2.0225799e+01  -9.0321288e-01
   1.7781472e-01   1.9494594e+01   2.7746022e-01
  -7.1796153e-02   2.1036725e+01  -3.9465075e-03
   9.6297726e-01   2.2012293e+01   1.0244587e+00
   1.2936690e+00   2.4070011e+01   1.3336261e+00
   9.6520227e-01   2.1580470e+01   1.0331364e+00
   1.6863159e+00   2.8060578e+01   1.7031182e+00
   9.7951168e-01   2.2617586e+01   1.0331029e+00
   2.1212495e+00   2.7031352e+01   2.1438875e+00
   1.2955625e+00   2.1341664e+01   1.3705182e+00
   1.3475020e+00   2.7706967e+01   1.3649134e+00
   7.1516693e-01   2.2232409e+01   7.7179618e-01
  -2.4908237e-01   2.2864340e+01  -2.0542618e-01
   9.6154380e-01   2.2973172e+01   1.0108051e+00
   2.5884712e-01   2.9380840e+01   2.6917191e-01
   8.7272752e-01   2.2192657e+01   9.3102796e-01
  -8.5139288e-01   2.8839522e+01  -8.4105752e-01
   7.1427657e-01   2.1993241e+01   7.7410713e-01
   4.8913148e-02   2.4756124e+01   7.8132080e-02
   1.8580454e+00   2.3245717e+01   1.9102322e+00
   2.1372623e+00   2.5301842e+01   2.1710625e+00
   1.8292288e+00   2.2735056e+01   1.8877002e+00
   2.2072940e+00   2.6888017e+01   2.2309831e+00
   1.3160027e+00   2.0375128e+01   1.4099296e+00
   1.2860707e+00   2.4221732e+01   1.3246162e+00
   1.4753839e+00   2.2856488e+01   1.5295379e+00
  -4.1426740e-02   2.1630984e+01   1.7953518e-02
   1.3123248e+00   2.2172049e+01   1.3743597e+00
   2.6718324e-01   2.4475806e+01   2.9916111e-01
   1.2415747e+00   2.1759871e+01   1.3091544e+00
  -6.8165464e-01   2.4691870e+01  -6.5431612e-01
   1.2296078e+00   2.3084826e+01   1.2793246e+00
   4.5498619e-01   2.4468878e+01   4.8774734e-01
   1.7702803e+00   2.2698684e+01   1.8287610e+00
   1.8272845e+00   2.2528800e+01   1.8885874e+00
   1.5643211e+00   2.1078233e+01   1.6469174e+00
   8.2993403e-01   2.2009337e+01   8.9041960e-01
   1.5582329e+00   2.5777411e+01   1.5861703e+00
  -1.4075877e-01   2.2531849e+01  -9.3048244e-02
   1.4987188e+00   2.3523417e+01   1.5453036e+00
   1.8095683e-01   2.1209469e+01   2.4811334e-01
   1.1288118e+00   2.0782262e+01   1.2122256e+00
  -9.8189585e-01   2.1304671e+01  -9.2412582e-01
   1.5329016e+00   2.2098623e+01   1.5978998e+00
   1.8141063e-01   2.1369152e+01   2.4614575e-01
   1.9870971e+00   2.1677463e+01   2.0634030e+00
   1.1085862e+00   2.3533116e+01   1.1527172e+00
   1.8695472e+00   2.6731634e+01   1.8929550e+00
   2.4846745e-02   2.4394347e+01   5.6515438e-02
   1.5541593e+00   2.6902765e+01   1.5757046e+00
   2.9082351e-01   2.5131710e+01   3.1839596e-01
   1.6202307e+00   2.2133785e+01   1.6854790e+00
  -8.4765762e-01   2.7353412e+01  -8.3310019e-01
   1.6614664e+00   2.3738971e+01   1.7067895e+00
   3.8918656e-01   2.5787219e+01   4.1317723e-01
   1.1058840e+00   2.5123898e+01   1.1364631e+00
  -3.8579331e-01   2.0742565e+01  -3.1572039e-01
   1.1797214e+00   2.6502266e+01   1.2021975e+00
   3.8753693e-01   2.1055375e+01   4.5886402e-01
   1.0617608e+00   2.0602591e+01   1.1479431e+00
  -9.1632348e-01   2.0179014e+01  -8.4096647e-01
   7.4204418e-01   2.1493181e+01   8.0941580e-01
  -8.4948086e-03   2.0598312e+01   6.7112861e-02
  -4.1206048e-01   2.3119272e+01  -3.7163270e-01
   9.2372716e-02   2.1975006e+01   1.4809032e-01
  -4.7866672e-01   2.0602997e+01  -4.0704363e-01
  -9.3963381e-01   2.5202459e+01  -9.1597479e-01
  -4.8702656e-01   2.2163407e+01  -4.3706115e-01
   2.6234491e-01   2.3625725e+01   3.0121529e-01
  -5.8354458e-01   1.8504507e+01  -4.6878051e-01
  -1.1717331e+00   2.2769747e+01  -1.1312825e+00
   8.5249222e-02   2.0840321e+01   1.5754469e-01
   4.8901151e-02   2.4294482e+01   8.1397099e-02
  -1.2448592e+00   2.0369506e+01  -1.1751037e+00
  -9.7278172e-02   2.0899899e+01  -2.7461679e-02
