   6.2246252e-01   2.9629644e+01   6.3265135e-01
   2.1250983e+00   2.4666921e+01   2.1641571e+00
   5.1413091e-01   2.2073657e+01   5.7142253e-01
   1.3097561e+00   2.4220815e+01   1.3484312e+00
   7.3871851e-01   2.8791837e+01   7.5125537e-01
   1.0679163e+00   2.0686409e+01   1.1525170e+00
   7.2718056e-01   2.3794548e+01   7.6675429e-01
   1.0480534e+00   2.1922016e+01   1.1115218e+00
   6.6029198e-01   2.9019975e+01   6.7207156e-01
   1.6550267e+00   2.3095860e+01   1.7075456e+00
   4.2668552e-01   1.9877365e+01   5.2069756e-01
   5.3743910e-01   2.1676168e+01   6.0040456e-01
   3.7321790e-01   2.7751197e+01   3.8845104e-01
   2.7631230e-01   2.2841234e+01   3.2295725e-01
   5.5352491e-01   2.5619619e+01   5.7896344e-01
  -1.2954946e+00   2.1637854e+01  -1.2436518e+00
   1.8274260e-01   2.3770436e+01   2.1998569e-01
  -1.9143461e-02   2.2546618e+01   2.9073027e-02
   8.6665558e-01   2.2572242e+01   9.2003231e-01
   7.7858511e-01   2.1620991e+01   8.4430379e-01
   1.3530814e+00   2.8038743e+01   1.3692237e+00
   1.2425298e+00   2.9039593e+01   1.2551626e+00
   1.0877279e+00   2.3866337e+01   1.1284866e+00
   1.4107688e+00   2.7247493e+01   1.4302881e+00
   1.5267041e+00   2.9463164e+01   1.5386059e+00
   1.7558433e+00   2.9385257e+01   1.7683465e+00
   7.0546966e-01   2.5732157e+01   7.3072810e-01
   3.2392080e-01   2.4543189e+01   3.5562045e-01
   1.1697127e+00   2.3390547e+01   1.2156836e+00
   2.3314368e-01   2.7558237e+01   2.4880490e-01
   7.9575506e-01   2.3609147e+01   8.3741331e-01
  -7.2772115e-01   3.3156472e+01  -7.2384601e-01
   8.8942046e-01   2.6592989e+01   9.1062205e-01
  -1.1362802e-01   2.2650902e+01  -6.7063669e-02
   1.9894788e+00   2.6340535e+01   2.0155297e+00
   1.7696194e+00   2.9862917e+01   1.7808413e+00
   1.7998704e+00   2.1852406e+01   1.8712483e+00
   1.6781393e+00   2.9969226e+01   1.6889525e+00
   1.4728374e+00   2.7592200e+01   1.4910178e+00
   1.8416601e+00   2.7958409e+01   1.8592365e+00
   1.6430485e+00   2.5590826e+01   1.6725528e+00
   3.7762668e-01   2.1624981e+01   4.4010812e-01
   1.2907092e+00   2.2215712e+01   1.3519463e+00
   5.6234555e-02   2.6483619e+01   7.5880836e-02
   1.2456336e+00   2.5333106e+01   1.2753125e+00
  -6.4966949e-01   2.9737937e+01  -6.4108492e-01
   1.5808365e+00   2.4220826e+01   1.6209501e+00
   5.9523956e-01   2.4630651e+01   6.2734968e-01
   1.7426760e+00   2.4430761e+01   1.7817551e+00
   1.4302916e+00   2.3547269e+01   1.4761947e+00
   1.9898575e+00   2.7984457e+01   2.0076961e+00
   1.3876295e+00   2.5401287e+01   1.4174025e+00
   1.6592931e+00   2.8019325e+01   1.6761929e+00
   4.1150831e-01   2.5516087e+01   4.3711362e-01
   1.6050773e+00   2.7581941e+01   1.6236305e+00
   1.9913246e-01   2.2878149e+01   2.4496001e-01
   1.4975378e+00   2.2585432e+01   1.5553569e+00
  -9.4428159e-01   2.6580384e+01  -9.2706170e-01
   1.8470120e+00   2.6594927e+01   1.8710929e+00
   2.1889454e-01   2.6577714e+01   2.3848980e-01
   2.0302392e+00   2.5554635e+01   2.0616430e+00
   1.6410371e+00   2.6425615e+01   1.6653724e+00
   1.9820419e+00   2.8002493e+01   1.9997870e+00
   4.7180851e-01   2.5540966e+01   4.9745450e-01
   1.7840993e+00   2.7226348e+01   1.8047384e+00
   1.1443807e-01   2.3266724e+01   1.5592699e-01
   1.8255990e+00   2.1938300e+01   1.8958291e+00
  -6.1106955e-01   2.6024634e+01  -5.9080201e-01
   1.8657365e+00   2.7049194e+01   1.8874813e+00
   4.6674195e-01   2.6937394e+01   4.8532381e-01
   1.4872077e+00   3.0611730e+01   1.4962946e+00
   3.5759230e-01   2.8194591e+01   3.7132106e-01
   1.0800196e+00   2.8190609e+01   1.0950578e+00
   5.0188532e-01   2.4800064e+01   5.3241460e-01
   1.4776495e+00   2.5194744e+01   1.5092537e+00
  -9.0655535e-01   2.4575870e+01  -8.7913206e-01
   1.4557645e+00   2.4913759e+01   1.4893831e+00
   2.3074776e-01   2.7655935e+01   2.4605625e-01
  -2.3309194e-01   2.3951193e+01  -1.9903910e-01
  -8.1422298e-02   2.2272657e+01  -3.0433162e-02
  -2.8210767e-01   2.1650795e+01  -2.2459396e-01
  -8.3203251e-01   2.7200044e+01  -8.1692733e-01
  -2.4976136e-01   2.5559130e+01  -2.2628882e-01
   3.6561087e-01   2.6187388e+01   3.8742749e-01
   6.3606293e-02   1.8768128e+01   1.7982123e-01
  -1.0859281e+00   2.5273904e+01  -1.0629998e+00
   2.8343304e-01   2.3235571e+01   3.2606479e-01
   7.3487260e-02   2.4266245e+01   1.0628891e-01
  -1.2430769e+00   2.3098820e+01  -1.2058421e+00
  -3.6204230e-01   2.1222034e+01  -2.9912609e-01
