   4.4794316e-01   2.1040495e+01   5.2004310e-01
   1.6822664e+00   2.7154433e+01   1.7029572e+00
   4.6435945e-01   2.5286085e+01   4.9153122e-01
   3.1718455e+00   2.6903531e+01   3.1991270e+00
   9.1260409e-01   2.5522698e+01   9.3981300e-01
   2.5562835e+00   2.7436875e+01   2.5782519e+00
   6.6882869e-01   1.9327482e+01   7.7878984e-01
   2.3700080e+00   2.6048394e+01   2.3994413e+00
   6.9185265e-01   2.7824188e+01   7.0742760e-01
   3.3700868e+00   2.5657099e+01   3.4076018e+00
   8.8954815e-01   2.3429331e+01   9.3348815e-01
   2.6889416e+00   2.2695749e+01   2.7558043e+00
  -8.1557740e-02   1.5607596e+01   1.5503002e-01
   9.2961253e-01   2.5915995e+01   9.5451899e-01
   8.0238951e-01   2.5520497e+01   8.2923427e-01
   9.5773258e-01   2.5417456e+01   9.8577048e-01
  -1.2460633e-01   1.4336490e+01   1.9085368e-01
   1.0608060e+00   2.4669667e+01   1.0945600e+00
   8.3458321e-01   2.1246713e+01   9.0673202e-01
   2.5868855e+00   2.4890753e+01   2.6265720e+00
   1.2138742e+00   2.2386154e+01   1.2721557e+00
   2.5444928e+00   2.9914968e+01   2.5568835e+00
   9.8008716e-01   2.0372157e+01   1.0700125e+00
   2.6824365e+00   3.0769048e+01   2.6928256e+00
   1.5327143e+00   2.7750682e+01   1.5503854e+00
   3.5320457e+00   3.1238694e+01   3.5426801e+00
   1.1485080e+00   2.1031184e+01   1.2274735e+00
   3.1553572e+00   2.5659172e+01   3.1916103e+00
   2.1803050e-01   1.5056421e+01   4.9645557e-01
   1.0317041e+00   3.0827073e+01   1.0398473e+00
   1.1666424e+00   2.4120447e+01   1.2054815e+00
   9.4388507e-01   3.3645270e+01   9.4809295e-01
   4.9212071e-01   1.6236871e+01   7.1147310e-01
   9.7445256e-01   2.4536624e+01   1.0088714e+00
   2.1447902e+00   2.5814932e+01   2.1748533e+00
   3.0791463e+00   3.0847708e+01   3.0899836e+00
   1.7845896e+00   2.0425480e+01   1.8835859e+00
   3.1045503e+00   3.3061600e+01   3.1110841e+00
   1.7863538e+00   2.0908053e+01   1.8749387e+00
   3.4190343e+00   2.8217166e+01   3.4399876e+00
   1.8041240e+00   2.2815069e+01   1.8613254e+00
   3.1264987e+00   2.3810282e+01   3.1817849e+00
   5.9826043e-01   1.6172099e+01   8.2390219e-01
   8.3531330e-01   2.4358882e+01   8.7053969e-01
   1.4083168e+00   2.2178231e+01   1.4710651e+00
   1.0102738e+00   2.7296002e+01   1.0285871e+00
   1.1214565e+00   1.8223883e+01   1.2718109e+00
   1.6835779e+00   2.6192017e+01   1.7094092e+00
   2.0133845e+00   2.2135862e+01   2.0822902e+00
   2.8255877e+00   2.5704162e+01   2.8596914e+00
   1.8697962e+00   2.4706535e+01   1.9071242e+00
   2.9628323e+00   2.6793488e+01   2.9899245e+00
   1.8851684e+00   2.4841741e+01   1.9214293e+00
   3.2020249e+00   2.8013774e+01   3.2232465e+00
   9.0807190e-01   1.5263097e+01   1.1977688e+00
   8.1837474e-01   2.4201256e+01   8.5482545e-01
   1.9224835e+00   2.5232794e+01   1.9557936e+00
   9.1347244e-01   2.5388384e+01   9.4153940e-01
   1.3487666e+00   1.7080037e+01   1.5506470e+00
   1.4669773e+00   2.6058048e+01   1.4928440e+00
   2.0476271e+00   2.5047438e+01   2.0830122e+00
   3.2141799e+00   2.6009994e+01   3.2479244e+00
   2.1108718e+00   2.6110016e+01   2.1388224e+00
   3.1937352e+00   2.7341985e+01   3.2184785e+00
   1.0638298e+00   1.7243434e+01   1.2509486e+00
   8.8657470e-01   2.4998818e+01   9.1717157e-01
   2.0437672e+00   2.4738138e+01   2.0817461e+00
   1.0570701e+00   2.4268451e+01   1.0940748e+00
   1.4144861e+00   1.6718266e+01   1.6359603e+00
   1.5443652e+00   2.8197360e+01   1.5603337e+00
   1.4736616e+00   2.3412294e+01   1.5212929e+00
   2.9678164e+00   2.8667253e+01   2.9854217e+00
   7.1282401e-01   1.5861112e+01   9.5881939e-01
   9.7128314e-01   2.6677026e+01   9.9229688e-01
   1.6598990e+00   2.4802313e+01   1.6953638e+00
   9.7380438e-01   2.6662656e+01   9.9489460e-01
   8.9459580e-01   1.5682416e+01   1.1570651e+00
   1.1161871e+00   2.6841740e+01   1.1368009e+00
  -7.7161802e-01   1.5065268e+01  -5.2362681e-01
   2.1153474e-01   2.0448063e+01   2.9185473e-01
   3.4762724e-02   2.3587515e+01   7.2940871e-02
   8.9155236e-01   2.6952653e+01   9.1107376e-01
  -6.2760489e-01   1.4339796e+01  -3.2997070e-01
   1.3290978e+00   2.6386836e+01   1.3526391e+00
   1.0260264e-01   2.1604183e+01   1.6336008e-01
   6.7837942e-01   2.5722256e+01   7.0361018e-01
  -2.5878525e-01   1.6362332e+01  -6.3972573e-02
   1.1830123e+00   2.5914213e+01   1.2087598e+00
  -1.5333297e+00   1.5563672e+01  -1.3287782e+00
   1.0330916e+00   2.4103250e+01   1.0714127e+00
