   7.4502554e-01   2.8981894e+01   7.5703500e-01
   7.6805081e-01   2.4651229e+01   8.0070475e-01
   8.8190523e-01   2.6117254e+01   9.0553935e-01
   1.3985294e+00   2.4553162e+01   1.4347805e+00
   1.0589121e+00   2.7490186e+01   1.0765346e+00
   1.7266072e+00   2.5920967e+01   1.7542668e+00
   1.1482009e+00   2.6108417e+01   1.1727101e+00
   1.7990906e+00   2.2260238e+01   1.8640536e+00
   8.4122960e-01   3.1320978e+01   8.4832286e-01
   1.0876351e+00   2.3488551e+01   1.1321000e+00
   6.9477679e-01   2.3938914e+01   7.3290133e-01
   9.9077838e-01   2.3442696e+01   1.0351554e+00
   8.1181971e-01   2.1935118e+01   8.7320733e-01
  -8.0488607e-01   2.3217255e+01  -7.6699524e-01
   6.8464161e-01   2.6160810e+01   7.0746625e-01
   1.5381252e-01   2.3014697e+01   1.9798443e-01
   3.6031305e-01   1.7844266e+01   5.0929314e-01
  -5.4016215e-01   2.4815315e+01  -5.1318279e-01
   1.1508436e+00   2.3852164e+01   1.1920739e+00
   1.0417288e+00   2.0574122e+01   1.1282525e+00
   1.0715589e+00   2.4325303e+01   1.1081508e+00
   1.6343917e+00   2.6525358e+01   1.6581526e+00
   1.4299993e+00   2.8341980e+01   1.4452082e+00
   2.0505065e+00   3.1570639e+01   2.0583835e+00
   1.6904036e+00   3.1705699e+01   1.6976648e+00
   1.4305973e+00   3.0244000e+01   1.4404123e+00
   9.1086566e-01   2.2809324e+01   9.6169087e-01
   6.3410271e-01   2.4866008e+01   6.6466515e-01
   9.8594489e-01   2.2355239e+01   1.0429229e+00
  -6.3614769e-01   3.0860932e+01  -6.2950944e-01
   1.0955899e+00   2.6962355e+01   1.1155853e+00
   2.6904660e-01   3.1939699e+01   2.7478134e-01
   8.5777462e-01   1.9773037e+01   9.5940729e-01
  -3.1079382e-01   2.7258239e+01  -2.9502857e-01
   2.1778789e+00   2.8118595e+01   2.1956444e+00
   2.1915113e+00   3.0907227e+01   2.2008753e+00
   2.1586556e+00   2.6001587e+01   2.1875104e+00
   2.4983377e+00   3.1247821e+01   2.5073909e+00
   1.8310571e+00   2.4840300e+01   1.8670563e+00
   1.3370895e+00   2.6989797e+01   1.3575998e+00
   1.4636453e+00   2.4023437e+01   1.5049631e+00
   1.2647542e+00   2.2737498e+01   1.3188654e+00
   1.5022328e+00   2.3477503e+01   1.5493355e+00
  -7.0733910e-01   2.5184239e+01  -6.8299666e-01
   1.5843443e+00   2.6062154e+01   1.6106010e+00
   3.1059137e-01   2.7138610e+01   3.2800111e-01
   1.3455815e+00   2.1932059e+01   1.4114370e+00
  -1.3111012e-01   2.4711086e+01  -1.0219137e-01
   2.1394803e+00   2.4322848e+01   2.1818507e+00
   1.9733803e+00   2.1936898e+01   2.0451130e+00
   2.1175360e+00   2.9430902e+01   2.1305538e+00
   1.0882825e+00   2.6656373e+01   1.1097176e+00
   1.6686632e+00   2.5614866e+01   1.6981079e+00
   1.1874459e+00   2.7086013e+01   1.2071141e+00
   1.9328737e+00   2.1185793e+01   2.0176912e+00
  -9.5470841e-01   2.3471039e+01  -9.1951974e-01
   1.5703687e+00   2.4088332e+01   1.6116669e+00
   1.8487179e-01   2.3259331e+01   2.2677730e-01
   1.8363916e+00   2.1371916e+01   1.9165453e+00
  -9.0392732e-03   2.9277419e+01   1.2082830e-03
   2.2922033e+00   2.7205429e+01   2.3144938e+00
   1.0616687e+00   2.3825789e+01   1.1026710e+00
   1.8171087e+00   2.5350368e+01   1.8490534e+00
   1.3328056e+00   2.7114011e+01   1.3527260e+00
   1.8388398e+00   2.3108736e+01   1.8925564e+00
  -8.8268955e-01   2.4936160e+01  -8.5738634e-01
   2.0538057e+00   2.5510172e+01   2.0856395e+00
   2.9662549e-01   2.5071932e+01   3.2459950e-01
   1.8153905e+00   2.2081695e+01   1.8832388e+00
  -4.1008909e-03   2.7600921e+01   1.0983135e-02
   1.2390432e+00   2.5285790e+01   1.2690213e+00
   1.1375932e+00   2.6718332e+01   1.1588606e+00
   1.5012756e+00   2.4006083e+01   1.5429707e+00
  -8.2086130e-01   2.3141730e+01  -7.8237056e-01
   1.6448546e+00   2.5610720e+01   1.6742312e+00
   1.0479143e-01   2.4580911e+01   1.3541209e-01
   1.1795594e+00   1.9586788e+01   1.2901900e+00
  -4.0628354e-01   2.6163641e+01  -3.8621274e-01
  -2.0266629e-01   1.9472962e+01  -1.0685672e-01
  -1.1050376e+00   2.4550299e+01  -1.0780062e+00
  -6.2010655e-02   2.6290267e+01  -4.1748216e-02
   1.1228045e-01   2.7325819e+01   1.2856942e-01
  -2.9610746e-01   1.8928612e+01  -1.8864939e-01
  -5.2342887e-02   2.4015099e+01  -1.8090799e-02
   1.6322550e-01   2.7473538e+01   1.7906400e-01
  -2.4455928e-02   3.1073414e+01  -1.7691191e-02
  -2.9160316e-02   2.0703771e+01   4.4456949e-02
  -4.5734046e-01   2.6432370e+01  -4.3857914e-01
  -1.1344667e+00   2.0449283e+01  -1.0652173e+00
  -5.6553776e-01   2.2283323e+01  -5.1734599e-01
