   6.6314098e-01   2.5675595e+01   6.8859606e-01
   1.1014733e+00   2.3804390e+01   1.1428919e+00
   5.5921049e-01   2.7051180e+01   5.7751743e-01
   1.2405632e+00   2.4635583e+01   1.2753928e+00
   8.3158706e-01   2.8488882e+01   8.4518766e-01
   1.6424502e+00   2.4207400e+01   1.6830288e+00
   6.5461910e-01   2.3795712e+01   6.9382547e-01
   1.8343053e+00   2.1658618e+01   1.9093071e+00
   5.3618598e-01   2.7648713e+01   5.5209447e-01
   1.4751529e+00   2.2822516e+01   1.5297309e+00
   6.6998246e-01   2.6668466e+01   6.9025164e-01
   2.2341429e+00   2.3739995e+01   2.2832739e+00
   4.7010894e-01   2.4007962e+01   5.0660623e-01
   2.9749173e-01   2.2845208e+01   3.4421217e-01
   5.2094422e-01   2.3959315e+01   5.5808274e-01
  -1.2052988e-01   2.3095127e+01  -7.8525825e-02
   1.8081420e-01   2.3559485e+01   2.1990227e-01
  -7.9777290e-01   2.2700957e+01  -7.5506905e-01
   1.0067501e+00   2.3519217e+01   1.0504415e+00
   9.5779576e-01   2.0829790e+01   1.0384850e+00
   1.1580105e+00   2.6513336e+01   1.1803657e+00
   1.6398344e+00   2.7242857e+01   1.6599904e+00
   7.7736528e-01   2.2538778e+01   8.3054971e-01
   1.9347157e+00   2.8425307e+01   1.9507069e+00
   1.3551915e+00   2.8422408e+01   1.3699728e+00
   1.6641303e+00   3.1655637e+01   1.6714493e+00
   7.4820478e-01   2.1777335e+01   8.1135563e-01
   2.4690430e+00   2.7173271e+01   2.4920879e+00
   1.1445414e+00   2.1814931e+01   1.2104205e+00
   1.0591915e-01   2.6176788e+01   1.2712607e-01
   1.0594765e+00   2.5770422e+01   1.0856661e+00
   1.3779061e-02   3.3450412e+01   1.7709698e-02
   7.5965810e-01   2.2865502e+01   8.0887623e-01
  -6.4357057e-01   2.4836711e+01  -6.1702091e-01
   1.8896697e+00   2.4715370e+01   1.9270258e+00
   2.1754026e+00   3.1318092e+01   2.1839015e+00
   1.6461235e+00   2.3515910e+01   1.6937373e+00
   2.3550875e+00   3.0255685e+01   2.3662284e+00
   1.4721054e+00   2.3723247e+01   1.5164335e+00
   1.6111541e+00   2.7180563e+01   1.6315213e+00
   1.6242832e+00   2.4599065e+01   1.6612674e+00
   2.4439549e+00   2.4303171e+01   2.4884465e+00
   1.3921801e+00   2.2051596e+01   1.4566472e+00
   2.9729980e-01   2.6677976e+01   3.1662704e-01
   1.4129972e+00   2.5035792e+01   1.4454962e+00
   1.7015305e-01   2.9332992e+01   1.8048343e-01
   1.2954792e+00   2.1587060e+01   1.3663111e+00
  -3.9778730e-01   2.4890444e+01  -3.7085487e-01
   1.6840148e+00   2.5855264e+01   1.7119318e+00
   2.0637007e+00   2.1537549e+01   2.1433770e+00
   1.5885654e+00   2.5231920e+01   1.6203754e+00
   1.3141387e+00   2.6393155e+01   1.3375990e+00
   1.7514284e+00   2.4635244e+01   1.7887538e+00
   2.5300488e+00   2.7417555e+01   2.5520296e+00
   1.9083133e+00   2.5330583e+01   1.9408163e+00
   2.6737198e-01   2.4061158e+01   3.0255470e-01
   1.6332148e+00   2.4565051e+01   1.6705357e+00
  -2.0972813e-02   2.5407797e+01   3.9722962e-03
   1.4682927e+00   2.3017740e+01   1.5204208e+00
  -4.4959336e-01   2.8182868e+01  -4.3704470e-01
   1.9137697e+00   2.6284165e+01   1.9398810e+00
   1.3642389e+00   2.3997660e+01   1.4052516e+00
   1.9962655e+00   3.0625063e+01   2.0059840e+00
   2.6332138e+00   2.7021765e+01   2.6576660e+00
   1.8576869e+00   2.5934245e+01   1.8857690e+00
   1.0242059e-01   2.3616236e+01   1.4064733e-01
   1.9263450e+00   2.5398984e+01   1.9584210e+00
   2.2848830e-02   2.5008870e+01   5.0332603e-02
   1.4927741e+00   2.3847541e+01   1.5359710e+00
  -4.1442774e-01   2.5944041e+01  -3.9333498e-01
   1.5009067e+00   2.5761231e+01   1.5287312e+00
   2.4674018e+00   2.7772716e+01   2.4874689e+00
   1.3858461e+00   2.8782019e+01   1.3995083e+00
   2.8275635e-01   2.3380113e+01   3.2398899e-01
   1.4569957e+00   2.4726127e+01   1.4921054e+00
  -5.5865278e-02   2.9937982e+01  -4.7110822e-02
   1.1506097e+00   2.2847031e+01   1.2025840e+00
  -5.7763622e-01   2.6467671e+01  -5.5926810e-01
  -1.9489194e-01   2.2042747e+01  -1.4182180e-01
   9.3406969e-03   2.5090769e+01   3.6268913e-02
  -4.4685502e-02   2.5570089e+01  -2.0720814e-02
  -8.7518228e-02   2.6261040e+01  -6.7178415e-02
  -4.6966187e-01   2.1891255e+01  -4.1636499e-01
  -3.9603023e-01   2.5984726e+01  -3.7509178e-01
  -5.5130799e-02   2.1202711e+01   1.0300092e-02
  -5.1024408e-01   2.8511496e+01  -4.9868648e-01
  -3.6948897e-01   2.0660769e+01  -2.9795481e-01
  -7.3531388e-01   2.4477465e+01  -7.0675525e-01
  -1.4798719e+00   2.1962304e+01  -1.4326146e+00
  -1.0755395e+00   1.9026624e+01  -9.7890815e-01
