   3.9896646e-01   2.1816263e+01   4.5890949e-01
   3.3639619e-01   2.3027140e+01   3.8140906e-01
  -7.4515575e-02   2.0151297e+01   8.6516824e-03
   1.1813578e+00   2.5162267e+01   1.2119682e+00
   6.8708082e-01   2.2592298e+01   7.3902131e-01
   1.4319730e+00   2.5479061e+01   1.4613918e+00
   4.7469648e-02   1.5154000e+01   3.1415772e-01
   1.2466183e+00   2.2413422e+01   1.3047859e+00
   2.8060284e-01   2.4701028e+01   3.1101303e-01
   1.2742105e+00   2.4389979e+01   1.3112322e+00
  -4.7282673e-02   1.7194403e+01   1.1754252e-01
   1.3846925e+00   2.6686009e+01   1.4068295e+00
   2.3815528e-01   2.2374188e+01   2.8986146e-01
   1.0505712e-01   2.3708222e+01   1.4249421e-01
  -2.6371045e-01   1.9076320e+01  -1.5946441e-01
  -2.5758688e-01   2.3131245e+01  -2.1657177e-01
  -2.4196591e-02   2.2346071e+01   2.6269179e-02
  -2.3651355e-01   2.3581471e+01  -1.9944935e-01
   1.4400928e-01   1.7536768e+01   2.9981140e-01
   7.7820927e-01   2.1343751e+01   8.4826000e-01
   7.9658352e-01   2.0320744e+01   8.8546562e-01
   1.4799758e+00   2.9105719e+01   1.4928176e+00
   4.2269324e-01   1.4736605e+01   7.3011195e-01
   1.2670092e+00   2.7085179e+01   1.2868883e+00
   1.0660327e+00   2.4373003e+01   1.1021988e+00
   1.5483393e+00   3.0816347e+01   1.5570798e+00
   1.4044071e-01   1.5540842e+01   3.8711558e-01
   1.0707251e+00   2.3172315e+01   1.1184459e+00
   6.8340802e-01   2.0341722e+01   7.7060715e-01
   5.6641442e-02   2.8577479e+01   6.8772871e-02
   2.6622746e-01   2.0252295e+01   3.5080273e-01
  -2.2863764e-02   3.1667597e+01  -1.6962945e-02
   5.6579507e-01   2.3445162e+01   6.0783371e-01
   5.5423073e-03   2.6823226e+01   2.3604486e-02
   1.7140676e+00   2.3887879e+01   1.7581804e+00
   1.8170187e+00   3.0812215e+01   1.8260963e+00
   1.2121469e+00   1.5788185e+01   1.4793264e+00
   1.8722715e+00   3.2499366e+01   1.8784741e+00
   1.2848060e+00   2.0798953e+01   1.3696321e+00
   1.3994097e+00   3.0496853e+01   1.4086309e+00
   3.4334466e-01   1.5233545e+01   6.1476556e-01
   1.6280742e+00   2.2953138e+01   1.6821491e+00
   7.6922294e-01   1.9227919e+01   8.8317239e-01
   7.4550614e-02   2.6147409e+01   9.5823524e-02
   9.3690616e-01   2.3318462e+01   9.8225671e-01
   1.3744716e-01   2.3742586e+01   1.7473048e-01
   1.1374792e+00   2.3345744e+01   1.1837314e+00
   1.9970244e-01   2.3352442e+01   2.4079097e-01
   1.0641889e+00   1.4884361e+01   1.3870396e+00
   1.2370008e+00   2.1257311e+01   1.3128358e+00
   1.3308248e+00   2.3668515e+01   1.3748722e+00
   1.3548812e+00   2.8120973e+01   1.3707245e+00
   8.5190018e-01   1.9500209e+01   9.6004971e-01
   1.8665766e+00   2.8480327e+01   1.8822163e+00
   1.2145431e+00   2.1241772e+01   1.2904243e+00
  -1.3637454e-01   2.4204656e+01  -1.0389872e-01
   7.2727171e-01   2.0157416e+01   8.1875777e-01
  -2.6347923e-01   2.2427480e+01  -2.1528183e-01
   1.4323146e+00   2.5075682e+01   1.4645999e+00
   3.3524375e-01   3.0285336e+01   3.4370399e-01
   1.7547188e+00   2.3568376e+01   1.8024711e+00
   1.0941261e+00   2.6074300e+01   1.1186552e+00
   1.2565969e+00   1.9285819e+01   1.3764029e+00
   1.6025858e+00   2.5736189e+01   1.6309608e+00
   1.2436134e+00   2.2554060e+01   1.2999034e+00
  -1.9938900e-01   2.4909329e+01  -1.7197349e-01
   1.3883188e+00   2.4328566e+01   1.4264432e+00
   1.6500362e-02   2.4304604e+01   4.8799042e-02
   1.3682672e+00   2.4357459e+01   1.4060371e+00
   2.4802235e-01   2.7246009e+01   2.6488074e-01
   6.3119735e-01   1.8503375e+01   7.6353874e-01
   1.6507621e+00   2.8508252e+01   1.6658443e+00
   8.0933404e-01   2.0950068e+01   8.8634026e-01
  -1.4143177e-01   2.1520997e+01  -8.1223175e-02
   7.7811887e-01   2.0097463e+01   8.7147608e-01
  -2.0449840e-01   2.8104675e+01  -1.9136953e-01
   1.0187191e+00   2.3309716e+01   1.0646422e+00
  -1.3341319e-01   2.7696339e+01  -1.1887366e-01
  -6.0496575e-01   1.8424970e+01  -4.8835409e-01
  -3.2437150e-01   2.5810706e+01  -3.0240363e-01
  -6.6865746e-01   1.8200381e+01  -5.4670551e-01
  -3.0913340e-01   2.8118373e+01  -2.9619821e-01
  -5.3150293e-01   2.2421184e+01  -4.8464379e-01
   3.0251473e-02   2.3998976e+01   6.4960324e-02
  -8.9000079e-01   1.7178156e+01  -7.3932336e-01
  -5.4303929e-01   1.9372707e+01  -4.4864142e-01
  -1.9318705e-01   2.3052377e+01  -1.5111621e-01
  -3.8389477e-01   2.4725904e+01  -3.5587963e-01
  -1.2752904e+00   2.1212710e+01  -1.2180066e+00
  -4.1781823e-01   2.1831986e+01  -3.6348042e-01
