  -5.7138108e-01   1.2061526e+01  -6.5719630e-02
   4.8603977e-03   2.3559208e+01   4.3155254e-02
  -1.0817788e+00   9.6862140e+00  -2.5831293e-01
  -9.5821960e-02   2.4242006e+01  -6.3475024e-02
  -5.2566553e-01   1.3975428e+01  -1.9832586e-01
  -4.2647801e-02   1.5390087e+01   2.0723534e-01
  -2.0075418e+00   5.7315376e+00  -1.7872047e-01
  -1.1248635e+00   1.8891047e+01  -1.0256712e+00
  -1.0322841e+00   9.1688235e+00  -1.0007535e-01
   7.3551451e-02   2.3661594e+01   1.1125366e-01
  -7.3119896e-01   9.8562783e+00   9.2939060e-02
  -4.8736125e-01   1.7710003e+01  -3.4811740e-01
  -4.7728687e-01   1.2430275e+01  -7.7052199e-03
   2.1794907e-01   2.1910341e+01   2.7534653e-01
  -6.0980278e-01   1.1465831e+01  -3.2472514e-02
  -2.1198609e+00   2.3099925e+01  -2.0855661e+00
  -6.9759282e-01   1.1115374e+01  -7.8085110e-02
  -4.3018691e-01   2.3910098e+01  -3.9655538e-01
  -5.7019287e-01   9.4366338e+00   3.5489495e-01
  -7.7490804e-01   1.9705683e+01  -6.8962533e-01
  -4.5280125e-02   1.4503132e+01   2.6115837e-01
   4.1431472e-01   2.1218462e+01   4.8323564e-01
  -1.3677544e+00   6.6255681e+00   2.3756904e-01
  -7.9741036e-01   2.3624542e+01  -7.6288316e-01
  -5.1900106e-01   9.0504107e+00   4.9852426e-01
   1.4003460e-01   2.4830831e+01   1.6906241e-01
  -3.8070164e-01   1.0365299e+01   3.8333148e-01
  -1.8954582e-01   2.1425362e+01  -1.2833268e-01
  -1.4477520e-02   1.1974004e+01   5.3661809e-01
   2.1844706e-01   2.7618880e+01   2.3386428e-01
  -2.5237863e-01   1.1684474e+01   3.2005932e-01
  -2.2000281e+00   2.4086531e+01  -2.1728881e+00
  -1.7017996e-01   1.1414172e+01   4.4513146e-01
  -4.8937362e-01   2.3008864e+01  -4.4825528e-01
   7.6954193e-01   1.5309184e+01   1.0510357e+00
   1.0485399e+00   2.8265571e+01   1.0632606e+00
  -7.3163833e-01   7.0033304e+00   8.5908675e-01
  -4.2779541e-01   2.9646021e+01  -4.1881436e-01
  -2.2112247e-01   9.2392379e+00   7.8963475e-01
   2.6681253e-01   2.4588863e+01   2.9796720e-01
   1.8041764e-01   1.0431940e+01   9.8731134e-01
   9.9531791e-03   2.1385937e+01   7.3155035e-02
  -6.4620246e-02   1.2195060e+01   4.5587318e-01
  -1.7102909e-01   1.8408733e+01  -4.8177238e-02
  -6.8712556e-02   1.1922398e+01   4.8530296e-01
  -1.9949956e+00   1.8908092e+01  -1.9040880e+00
   5.6819265e-01   1.2186382e+01   1.1330834e+00
   1.0655913e-01   2.3621384e+01   1.4475908e-01
  -1.1722075e+00   5.6224345e+00   8.9876455e-01
  -1.2740828e+00   1.6645118e+01  -1.1103591e+00
  -1.1941794e-01   8.9573172e+00   9.7375587e-01
  -1.5740488e-01   2.4454578e+01  -1.2681825e-01
   4.8693633e-01   1.0938192e+01   1.2336825e+00
  -8.8698396e-02   2.3952698e+01  -5.4095149e-02
   4.0530789e-01   1.2798996e+01   8.8527441e-01
   2.9111847e-01   2.3590121e+01   3.3044366e-01
   5.0622717e-01   1.2657281e+01   1.0086590e+00
  -1.7662183e+00   2.3664018e+01  -1.7351220e+00
   6.2591690e-01   1.2288549e+01   1.1817780e+00
  -3.2317979e-01   2.4307552e+01  -2.9212384e-01
   1.2423571e-01   9.5041474e+00   1.1179274e+00
  -1.4326139e-01   2.3697619e+01  -1.0679264e-01
   5.8056958e-01   1.0964272e+01   1.3321258e+00
  -2.0395587e-01   2.3924676e+01  -1.6958183e-01
   6.1997157e-01   1.2592694e+01   1.1375790e+00
  -1.0643549e-01   1.9219279e+01  -3.7392616e-03
   8.5321544e-01   1.3443851e+01   1.2914317e+00
  -1.6349100e+00   2.3511273e+01  -1.6023047e+00
   5.7812797e-01   1.2574736e+01   1.0950596e+00
  -2.8651477e-02   2.6129850e+01  -7.5459370e-03
   1.2460194e-01   1.0500941e+01   9.1300615e-01
  -2.5079474e-01   2.4581452e+01  -2.2139999e-01
  -1.9585384e-01   1.2450965e+01   2.8713670e-01
  -1.3343197e-01   1.9139394e+01  -2.9153336e-02
   3.4094476e-01   1.2514883e+01   8.4933628e-01
  -1.7015694e+00   2.3581321e+01  -1.6696850e+00
  -2.0084201e-02   1.1420556e+01   6.0571351e-01
  -3.4974239e-01   2.3673593e+01  -3.1391211e-01
  -1.2809606e+00   1.1662892e+01  -7.6819235e-01
  -3.1529116e-01   1.8694182e+01  -2.0211971e-01
  -1.5464573e+00   1.0291504e+01  -8.6405626e-01
  -2.1141638e+00   2.1468363e+01  -2.0642274e+00
  -1.2458673e+00   1.0959239e+01  -6.4132160e-01
  -1.9515847e-01   2.2266098e+01  -1.4474989e-01
  -1.0631220e+00   1.1356018e+01  -5.0016907e-01
  -2.3187045e+00   1.7545439e+01  -2.1979010e+00
  -8.6831507e-01   1.0773442e+01  -2.1100836e-01
  -6.3779082e-01   2.1365690e+01  -5.7872779e-01
  -1.8732899e+00   9.8488101e+00  -1.1429810e+00
  -7.8982974e-01   2.3591331e+01  -7.5500986e-01
