   2.7670956e-01   2.2323634e+01   3.2926234e-01
   5.7589577e-01   2.3948999e+01   6.1337493e-01
  -1.1054147e-01   2.0628764e+01  -3.6340534e-02
   2.1066841e+00   2.5632910e+01   2.1378644e+00
   4.2311525e-01   2.0746813e+01   5.0002871e-01
   1.8603437e+00   2.6217090e+01   1.8866638e+00
   3.8499991e-01   1.7218910e+01   5.5759921e-01
   1.4427279e+00   2.3269063e+01   1.4917527e+00
   2.9931140e-01   2.2930702e+01   3.4513091e-01
   1.4506645e+00   2.4409409e+01   1.4884000e+00
   4.4539834e-01   2.2992948e+01   4.9136914e-01
   1.4873053e+00   2.6321267e+01   1.5117169e+00
   2.9491661e-01   2.4211467e+01   3.2901421e-01
  -5.1789323e-01   2.3626516e+01  -4.8233533e-01
  -2.1138383e-02   2.1255036e+01   4.3763201e-02
  -2.1104182e-01   2.3596060e+01  -1.7399576e-01
   1.6955596e-01   2.2089779e+01   2.2431504e-01
  -9.0373485e-01   2.2813626e+01  -8.6258186e-01
   2.6395500e-01   1.8966143e+01   3.7766425e-01
   1.6271099e+00   2.2562496e+01   1.6862729e+00
   6.7142973e-01   1.9264140e+01   7.8304466e-01
   1.7925375e+00   3.0803175e+01   1.8016031e+00
   6.6195591e-01   1.6124570e+01   8.9193595e-01
   1.4930324e+00   2.6997591e+01   1.5139384e+00
   1.1820338e+00   2.3189498e+01   1.2302626e+00
   1.6499954e+00   3.1294293e+01   1.6579341e+00
   4.2434131e-01   1.8509815e+01   5.5314076e-01
   1.0848487e+00   2.4385573e+01   1.1209984e+00
   8.4424823e-01   2.1947157e+01   9.0571838e-01
  -5.4476188e-01   2.7778805e+01  -5.3113153e-01
   4.4691921e-01   2.2225287e+01   5.0179149e-01
  -1.2723172e-01   3.1318472e+01  -1.2091273e-01
   7.6593298e-01   2.5056320e+01   7.9567002e-01
  -7.9887739e-01   2.5342009e+01  -7.7562871e-01
   1.5369512e+00   2.1002191e+01   1.6206950e+00
   2.1322925e+00   3.1705043e+01   2.1400189e+00
   1.4529402e+00   1.7401623e+01   1.6430430e+00
   2.1409484e+00   3.2984604e+01   2.1467098e+00
   1.4457912e+00   1.9538123e+01   1.5617387e+00
   1.7063032e+00   3.0016754e+01   1.7170402e+00
   8.0155612e-01   2.1442963e+01   8.7022616e-01
   1.6191173e+00   2.4392275e+01   1.6578792e+00
   9.5375602e-01   2.1496823e+01   1.0229104e+00
  -3.9906573e-01   2.5455284e+01  -3.7542083e-01
   8.5655695e-01   2.0014935e+01   9.5266214e-01
  -1.1465360e-01   2.5074540e+01  -8.8006540e-02
   1.1885872e+00   2.2606771e+01   1.2437951e+00
  -3.6991403e-01   2.5712611e+01  -3.4755748e-01
   1.3294152e+00   1.6165124e+01   1.5782110e+00
   1.3529648e+00   2.1413920e+01   1.4272500e+00
   1.4477629e+00   2.4308076e+01   1.4863749e+00
   1.4465589e+00   2.7526896e+01   1.4649497e+00
   1.0923699e+00   2.3075026e+01   1.1413102e+00
   1.7282281e+00   2.7088997e+01   1.7493667e+00
   1.4531242e+00   2.5443866e+01   1.4828670e+00
  -6.1127931e-01   2.3263864e+01  -5.7301385e-01
   9.2950820e-01   2.3625545e+01   9.7172114e-01
  -2.6235258e-01   2.2005655e+01  -2.0923303e-01
   1.6219576e+00   2.6877858e+01   1.6438280e+00
  -3.7479161e-01   3.0339403e+01  -3.6709105e-01
   1.6741993e+00   2.2688768e+01   1.7320385e+00
   1.2496237e+00   2.6337523e+01   1.2731846e+00
   1.3513921e+00   2.2428908e+01   1.4101665e+00
   1.6745010e+00   2.6595237e+01   1.6980115e+00
   1.2370673e+00   2.4012979e+01   1.2772507e+00
  -7.5005163e-01   2.5015228e+01  -7.2485754e-01
   1.3911559e+00   2.3370959e+01   1.4387118e+00
  -1.3608469e-01   2.4251636e+01  -1.0395722e-01
   1.4891188e+00   2.7139718e+01   1.5093407e+00
  -4.0285143e-01   2.7183893e+01  -3.8697646e-01
   7.8940532e-01   2.0856400e+01   8.6789329e-01
   1.5974347e+00   2.7870156e+01   1.6147780e+00
   8.5362960e-01   2.2857736e+01   9.0352555e-01
  -3.7475527e-01   2.1884430e+01  -3.2081328e-01
   7.5051337e-01   2.0823570e+01   8.2920944e-01
  -1.4296974e-01   2.7727799e+01  -1.2855080e-01
   1.2163955e+00   2.5349490e+01   1.2458489e+00
  -8.2912238e-01   2.6422966e+01  -8.1105264e-01
  -5.8861623e-01   2.0166382e+01  -5.1036545e-01
  -9.6530013e-01   2.4313499e+01  -9.3634556e-01
  -5.1572057e-01   2.1167868e+01  -4.5308395e-01
  -2.9350499e-01   2.7597926e+01  -2.7889768e-01
  -3.6503428e-01   2.3066942e+01  -3.2390334e-01
  -4.8042306e-01   2.4650328e+01  -4.5221665e-01
  -4.4624772e-01   1.9327472e+01  -3.4984306e-01
  -4.8673293e-01   2.4703093e+01  -4.5888625e-01
  -3.7880029e-02   2.4869495e+01  -9.6981269e-03
  -8.5854166e-01   2.4027331e+01  -8.2727222e-01
  -1.0043659e+00   2.2072697e+01  -9.5606561e-01
  -7.9650195e-01   2.1690425e+01  -7.4260934e-01
