   9.2568506e-01   2.7071934e+01   9.4476025e-01
   1.7160122e+00   2.6193616e+01   1.7419498e+00
   7.5106486e-01   3.1726530e+01   7.5745284e-01
   3.1974769e+00   2.6440141e+01   3.2279557e+00
   1.0717941e+00   2.8679066e+01   1.0852180e+00
   2.3665455e+00   2.5470648e+01   2.4001540e+00
   1.0927290e+00   2.9054056e+01   1.1050757e+00
   2.4262911e+00   2.4431877e+01   2.4693694e+00
   9.1663086e-01   2.8449110e+01   9.3050551e-01
   2.9880636e+00   2.5135286e+01   3.0279255e+00
   9.9337069e-01   2.4475655e+01   1.0283614e+00
   2.5509734e+00   2.5921355e+01   2.5821006e+00
   7.7446673e-01   3.1494660e+01   7.8122484e-01
   7.5205572e-01   2.5290109e+01   7.8018476e-01
   8.6325843e-01   3.2385773e+01   8.6882476e-01
   9.2644929e-01   2.6480161e+01   9.4831197e-01
   4.9388124e-01   2.3002860e+01   5.4001928e-01
   7.1335782e-01   2.3886581e+01   7.5203444e-01
   1.0027303e+00   2.6256639e+01   1.0259742e+00
   2.6762890e+00   2.0870750e+01   2.7780046e+00
   1.4003782e+00   2.5033828e+01   1.4328369e+00
   2.5026617e+00   3.0270877e+01   2.5140067e+00
   1.3014553e+00   2.6301330e+01   1.3253768e+00
   2.8122154e+00   3.2620668e+01   2.8191312e+00
   1.7126084e+00   3.1610939e+01   1.7200525e+00
   3.2968440e+00   3.0320919e+01   3.3095017e+00
   1.2555996e+00   2.0762232e+01   1.3408150e+00
   2.8972550e+00   2.7100853e+01   2.9222423e+00
   1.2598927e+00   2.3243871e+01   1.3080127e+00
   7.6189747e-01   2.9562752e+01   7.7242555e-01
   1.2792771e+00   3.1113484e+01   1.2871509e+00
   9.0741839e-01   3.3387764e+01   9.1186263e-01
   1.1398238e+00   2.5488974e+01   1.1680611e+00
   8.5162448e-01   2.7709347e+01   8.6794091e-01
   2.2298740e+00   2.7091629e+01   2.2525511e+00
   2.9519997e+00   3.1189502e+01   2.9618225e+00
   2.2840510e+00   2.6254224e+01   2.3117713e+00
   3.0466340e+00   3.2751766e+01   3.0535886e+00
   1.8788845e+00   2.5596927e+01   1.9093265e+00
   3.0423904e+00   2.8615798e+01   3.0604111e+00
   2.0474834e+00   2.3913099e+01   2.0934424e+00
   2.8032527e+00   2.3158932e+01   2.8643862e+00
   1.4947620e+00   2.1711484e+01   1.5654612e+00
   5.3168262e-01   2.7650708e+01   5.4757503e-01
   1.4748595e+00   2.9075982e+01   1.4877806e+00
   9.3504434e-01   2.6701672e+01   9.5584242e-01
   1.6908931e+00   2.5318452e+01   1.7225157e+00
   1.4235593e+00   2.6115211e+01   1.4489389e+00
   2.3776073e+00   3.0214377e+01   2.3888917e+00
   2.6270625e+00   2.2282873e+01   2.6999288e+00
   2.2413823e+00   2.8277573e+01   2.2586664e+00
   2.7024533e+00   2.6233350e+01   2.7320838e+00
   2.0359538e+00   2.7365935e+01   2.0566590e+00
   2.9263087e+00   2.8184596e+01   2.9458604e+00
   1.9632219e+00   2.6653519e+01   1.9873706e+00
   5.8157161e-01   2.3066419e+01   6.2753176e-01
   1.8298688e+00   2.9464325e+01   1.8422730e+00
   8.1058424e-01   2.5045728e+01   8.4056207e-01
   2.1102422e+00   2.7753161e+01   2.1293817e+00
   1.1279054e+00   2.7434317e+01   1.1459167e+00
   2.3640093e+00   2.7500709e+01   2.3850526e+00
   3.0815273e+00   2.4850902e+01   3.1247105e+00
   2.2798142e+00   2.7483015e+01   2.3006861e+00
   3.0933542e+00   2.7710886e+01   3.1157288e+00
   2.0554985e+00   2.8332426e+01   2.0721169e+00
   6.2390780e-01   2.5978040e+01   6.4753493e-01
   2.3100659e+00   3.6505031e+01   2.3126903e+00
   9.0371793e-01   2.3995559e+01   9.4235408e-01
   2.0889505e+00   3.0081207e+01   2.1001117e+00
   1.2298815e+00   2.8482819e+01   1.2442188e+00
   1.7716735e+00   2.4625801e+01   1.8091855e+00
   2.6059880e+00   2.8782870e+01   2.6222182e+00
   1.5853751e+00   2.9000487e+01   1.5987210e+00
   8.3117050e-01   2.2972742e+01   8.7962337e-01
   1.7340673e+00   2.7171682e+01   1.7548237e+00
   7.3021650e-01   2.7530501e+01   7.4696125e-01
   1.4574398e+00   2.6242728e+01   1.4821972e+00
   7.4698577e-01   2.5311112e+01   7.7496128e-01
  -1.8502065e-01   2.4463107e+01  -1.5458935e-01
   3.4992013e-01   2.3013007e+01   3.9515328e-01
   1.2140851e-01   2.6357108e+01   1.4178979e-01
   7.6621638e-01   2.6680097e+01   7.8667583e-01
  -1.6833584e-01   2.1372817e+01  -1.0622825e-01
   1.2381372e+00   2.6295442e+01   1.2618916e+00
  -6.1413746e-02   2.1225722e+01   3.6242941e-03
   5.3560232e-01   2.7359306e+01   5.5260595e-01
   4.2957632e-01   2.5817245e+01   4.5351828e-01
   9.0618223e-01   2.5269771e+01   9.3499977e-01
  -8.7539837e-01   2.3799244e+01  -8.4250119e-01
   8.0013234e-01   2.3717467e+01   8.4078643e-01
