   7.1737009e-01   3.0341497e+01   7.2612091e-01
   1.9488244e+00   2.1326228e+01   2.0311232e+00
   8.1481736e-01   2.7712310e+01   8.3104700e-01
   2.3350377e+00   2.3789426e+01   2.3843304e+00
   7.9117109e-01   2.2782148e+01   8.4154328e-01
   2.4538627e+00   2.4275531e+01   2.4987042e+00
   8.7003051e-01   2.2705915e+01   9.2181061e-01
   2.4801201e+00   2.4064497e+01   2.5273808e+00
   6.1835942e-01   2.2276506e+01   6.7374338e-01
   1.7515962e+00   2.2428266e+01   1.8136779e+00
   8.0987508e-01   2.3765810e+01   8.5012846e-01
   9.4021791e-02   2.2477496e+01   1.4366077e-01
   6.9620830e-01   2.6609377e+01   7.1682237e-01
   1.1678704e+00   2.2699471e+01   1.2217644e+00
   4.8273646e-01   2.1711894e+01   5.4476786e-01
  -1.4805567e-01   2.1274344e+01  -8.4377043e-02
   4.3963300e-01   1.9484788e+01   5.4270820e-01
   6.0825461e-01   2.2548013e+01   6.6021549e-01
   1.1377732e+00   2.3191804e+01   1.1856973e+00
   1.9499190e+00   2.4374025e+01   1.9906771e+00
   1.2184523e+00   2.1790440e+01   1.2853524e+00
   2.5509240e+00   2.8967498e+01   2.5663516e+00
   1.2608209e+00   2.3811780e+01   1.3030434e+00
   3.0057603e+00   2.7962597e+01   3.0265903e+00
   1.4544615e+00   2.2743097e+01   1.5098926e+00
   2.0229837e+00   2.8271492e+01   2.0397594e+00
   8.9196797e-01   2.2621273e+01   9.4491572e-01
   3.4429176e-01   2.2865342e+01   3.9105801e-01
   1.3107364e+00   2.3701772e+01   1.3543307e+00
   1.2005003e+00   2.9970992e+01   1.2106381e+00
   1.1241002e+00   2.2960751e+01   1.1745547e+00
   2.8884031e-02   3.0655427e+01   3.6378132e-02
   9.0633011e-01   2.2651347e+01   9.5900883e-01
   7.5734688e-01   2.4831329e+01   7.8863182e-01
   2.1441342e+00   2.3896216e+01   2.1909152e+00
   3.0875818e+00   2.7247645e+01   3.1124551e+00
   2.0247032e+00   2.2335968e+01   2.0906067e+00
   3.1628326e+00   2.9631213e+01   3.1773626e+00
   1.5591884e+00   2.0702060e+01   1.6492090e+00
   1.8670691e+00   2.5403960e+01   1.8988427e+00
   1.6910426e+00   2.3643487e+01   1.7375635e+00
   6.4412248e-01   2.3160112e+01   6.8945125e-01
   1.4602044e+00   2.1560189e+01   1.5330713e+00
   1.1985853e+00   2.5957185e+01   1.2241313e+00
   1.4695795e+00   2.2337528e+01   1.5305676e+00
   8.8574649e-02   2.6033341e+01   1.1044942e-01
   1.4812628e+00   2.3797568e+01   1.5248920e+00
   1.3392735e+00   2.6190378e+01   1.3639380e+00
   2.0586326e+00   2.2911565e+01   2.1166229e+00
   2.8283526e+00   2.3597624e+01   2.8838120e+00
   1.8164516e+00   2.2873006e+01   1.8729913e+00
   1.4703502e+00   2.3466857e+01   1.5173653e+00
   1.7921301e+00   2.6410584e+01   1.8170644e+00
   5.8552677e-01   2.3995834e+01   6.2264786e-01
   1.7622852e+00   2.4426812e+01   1.8015064e+00
   1.1229376e+00   2.2474514e+01   1.1793660e+00
   1.5353343e+00   2.2914146e+01   1.5892100e+00
  -1.1311075e-01   2.3154843e+01  -7.1645181e-02
   1.8008995e+00   2.2635639e+01   1.8604903e+00
   9.9203266e-01   2.3146500e+01   1.0395516e+00
   2.1840137e+00   2.2841473e+01   2.2440204e+00
   1.8537128e+00   2.4224793e+01   1.8953304e+00
   2.1696258e+00   2.8875135e+01   2.1845323e+00
   6.9716618e-01   2.5290235e+01   7.2510191e-01
   1.7926636e+00   2.7012564e+01   1.8143705e+00
   1.2190772e+00   2.4492131e+01   1.2549753e+00
   1.9308275e+00   2.2369067e+01   1.9953640e+00
  -3.4260275e-02   2.8516064e+01  -2.2084514e-02
   1.8538089e+00   2.4161995e+01   1.8960339e+00
   1.0894499e+00   2.6304797e+01   1.1126965e+00
   1.4781992e+00   2.6405937e+01   1.5021099e+00
   3.0845362e-01   2.4110726e+01   3.4340808e-01
   1.4304118e+00   2.7597704e+01   1.4484659e+00
   1.2555392e+00   2.4235935e+01   1.2938038e+00
   1.4822171e+00   2.1905227e+01   1.5497125e+00
  -5.6966076e-02   2.3799051e+01  -2.0986095e-02
   1.0122224e+00   2.2066282e+01   1.0733308e+00
   8.7185193e-01   2.3723203e+01   9.1282315e-01
  -1.3320048e-01   2.3378525e+01  -9.3906538e-02
   9.1915557e-01   2.3543955e+01   9.6211254e-01
  -1.9997596e-01   2.0599841e+01  -1.2603724e-01
  -1.6593667e-01   2.6462664e+01  -1.4669190e-01
  -2.3490781e-01   2.2717401e+01  -1.8967741e-01
   9.9927685e-01   2.4665097e+01   1.0327989e+00
  -4.5873521e-01   1.9244835e+01  -3.6061488e-01
  -2.9937880e-01   2.3897228e+01  -2.6515535e-01
   3.1062217e-01   2.1279006e+01   3.7774203e-01
   8.3000672e-01   2.5438533e+01   8.5745868e-01
  -9.9208486e-01   2.0944157e+01  -9.2938422e-01
   6.9734960e-01   2.2683677e+01   7.4827344e-01
