   6.5926410e-01   2.1759328e+01   7.2197449e-01
   7.3260442e-01   2.3975095e+01   7.7059191e-01
   3.6152451e-01   1.9793003e+01   4.5662472e-01
   1.1014626e+00   2.6152297e+01   1.1255780e+00
   9.1146946e-01   2.3949117e+01   9.5055986e-01
   1.3358010e+00   2.5125339e+01   1.3673095e+00
   4.7407744e-01   1.6851861e+01   6.6399503e-01
   1.4977858e+00   2.1735313e+01   1.5681265e+00
   7.2542989e-01   2.6668043e+01   7.4584164e-01
   1.1553336e+00   2.4695817e+01   1.1893006e+00
   1.4472701e-01   1.6070450e+01   3.6317063e-01
   1.7390058e+00   2.3010176e+01   1.7931977e+00
   2.3900921e-01   1.9855231e+01   3.3138314e-01
  -4.8840901e-01   2.3453039e+01  -4.5128332e-01
   5.4479415e-01   2.2254722e+01   5.9995286e-01
  -8.5467592e-01   2.6480330e+01  -8.3689067e-01
   1.9429380e-01   2.0844437e+01   2.6745588e-01
  -1.2691674e+00   2.3470253e+01  -1.2350712e+00
   5.9487604e-01   1.7847777e+01   7.4811413e-01
   6.8262717e-01   2.0708728e+01   7.6274682e-01
   9.7989662e-01   2.1582738e+01   1.0479240e+00
   1.2649985e+00   2.7715807e+01   1.2821854e+00
   6.3344397e-01   1.8119840e+01   7.7806202e-01
   1.4417806e+00   2.9421025e+01   1.4536617e+00
   1.4576169e+00   2.5587985e+01   1.4864057e+00
   1.3255687e+00   3.0389030e+01   1.3349292e+00
   4.2679010e-01   1.7380711e+01   5.9392625e-01
   1.8300898e+00   2.4146397e+01   1.8723265e+00
   8.4155988e-01   1.8564504e+01   9.7557638e-01
  -6.3477101e-01   2.5489090e+01  -6.1190223e-01
   9.7224589e-01   2.4422547e+01   1.0075712e+00
  -7.9703369e-01   2.8811353e+01  -7.8657191e-01
   7.3629638e-01   2.2589434e+01   7.8859263e-01
  -1.2099324e+00   2.4964362e+01  -1.1856152e+00
   1.8288869e+00   2.5350026e+01   1.8608866e+00
   1.5816955e+00   3.2088706e+01   1.5882456e+00
   1.4422715e+00   1.6775017e+01   1.6616932e+00
   2.0480461e+00   3.2755928e+01   2.0540393e+00
   1.5561103e+00   2.2465874e+01   1.6160207e+00
   1.1301553e+00   2.7819799e+01   1.1466413e+00
   9.2927106e-01   1.6682351e+01   1.1385479e+00
   1.9014377e+00   2.4082390e+01   1.9447331e+00
   1.1468998e+00   1.9044305e+01   1.2717394e+00
  -7.2418935e-01   2.4186471e+01  -6.9361621e-01
   1.2653505e+00   2.3525131e+01   1.3104832e+00
  -8.7035389e-01   2.1220345e+01  -8.1076739e-01
   1.4388597e+00   2.1224627e+01   1.5173619e+00
  -9.5753013e-01   2.4676011e+01  -9.3087227e-01
   1.4668152e+00   1.7994283e+01   1.6329000e+00
   1.7427543e+00   2.2417445e+01   1.8049147e+00
   1.9651733e+00   2.4793464e+01   2.0022553e+00
   9.6380776e-01   2.7762562e+01   9.8015737e-01
   1.0911828e+00   1.8294153e+01   1.2385285e+00
   2.2461392e+00   2.9006489e+01   2.2607616e+00
   1.6075258e+00   2.0965781e+01   1.6927968e+00
  -5.4976884e-01   2.3565348e+01  -5.1383123e-01
   1.6795041e+00   2.3703308e+01   1.7253150e+00
  -7.9945887e-01   2.3631917e+01  -7.6499764e-01
   1.7052107e+00   2.4267760e+01   1.7455760e+00
  -8.7375411e-01   2.9817812e+01  -8.6552225e-01
   2.0331564e+00   2.4384752e+01   2.0742964e+00
   9.7243566e-01   2.5766074e+01   9.9835898e-01
   1.4991224e+00   1.8437127e+01   1.6497216e+00
   1.9896929e+00   2.5810570e+01   2.0191283e+00
   1.5221250e+00   1.9134921e+01   1.6507154e+00
  -8.3536337e-01   2.5041005e+01  -8.1054157e-01
   2.1127108e+00   2.3094157e+01   2.1687421e+00
  -8.3802326e-01   2.4744254e+01  -8.1145399e-01
   1.5430870e+00   2.3224480e+01   1.5932964e+00
  -9.4223929e-01   2.5790647e+01  -9.2158182e-01
   7.6970787e-01   1.8062244e+01   9.1880843e-01
   1.9637963e+00   2.8691234e+01   1.9788991e+00
   1.0947399e+00   2.0661808e+01   1.1801206e+00
  -4.7851640e-01   2.1662089e+01  -4.2238706e-01
   1.4472280e+00   1.9349375e+01   1.5683619e+00
  -1.0465284e+00   2.9332273e+01  -1.0374846e+00
   1.2951166e+00   2.1387499e+01   1.3692800e+00
  -1.2535816e+00   2.7845339e+01  -1.2411072e+00
  -3.0440757e-01   1.6990372e+01  -1.3668807e-01
  -9.6102825e-01   2.6610464e+01  -9.4395659e-01
   5.5828473e-02   2.1477777e+01   1.1803907e-01
  -1.0793135e+00   2.6766015e+01  -1.0630396e+00
  -3.3927783e-01   2.1287918e+01  -2.7715146e-01
  -1.0357495e+00   2.5622709e+01  -1.0144822e+00
  -3.5127827e-01   1.7325351e+01  -1.9682257e-01
  -1.2625267e+00   1.9679541e+01  -1.1809194e+00
   1.0824274e-01   2.0680776e+01   1.8344662e-01
  -1.4365275e+00   2.2946094e+01  -1.3986847e+00
  -1.3787639e+00   2.0192654e+01  -1.3070663e+00
  -1.6045297e+00   1.9703492e+01  -1.5260240e+00
