   9.0945168e-01   3.0881645e+01   9.1736830e-01
   1.0111086e+00   2.4622773e+01   1.0450107e+00
   7.1770167e-01   2.5326410e+01   7.4547675e-01
   2.0484078e+00   2.4982960e+01   2.0843267e+00
   9.6513351e-01   2.8211679e+01   9.7987904e-01
   1.5001419e+00   2.5170705e+01   1.5320184e+00
   1.0724776e+00   2.7735663e+01   1.0891608e+00
   1.2391289e+00   2.2656790e+01   1.2940692e+00
   9.1454829e-01   3.2189526e+01   9.2040998e-01
   1.3502529e+00   2.3563023e+01   1.3955014e+00
   9.7352093e-01   2.6439000e+01   9.9572525e-01
   1.4344394e+00   2.3518991e+01   1.4806685e+00
   7.7626669e-01   2.4323418e+01   8.1151817e-01
  -1.1947185e+00   2.3939631e+01  -1.1638865e+00
   7.0360301e-01   2.7050877e+01   7.2224130e-01
   3.1675092e-02   2.4036391e+01   6.6091888e-02
   1.0534659e-01   1.6351780e+01   3.0911588e-01
  -4.5072963e-01   2.3872197e+01  -4.1687976e-01
   1.0468704e+00   2.3435531e+01   1.0916442e+00
   1.8071907e+00   2.0655629e+01   1.9013636e+00
   1.1369899e+00   2.3792132e+01   1.1787187e+00
   1.4554235e+00   2.8604588e+01   1.4697888e+00
   1.5166197e+00   2.8625484e+01   1.5310345e+00
   1.4694713e+00   3.3805017e+01   1.4738165e+00
   1.7307154e+00   3.2926439e+01   1.7362276e+00
   1.5841669e+00   2.9303282e+01   1.5966118e+00
   1.0930611e+00   2.2671187e+01   1.1467792e+00
   1.2882448e+00   2.5301316e+01   1.3183109e+00
   1.1514609e+00   2.2955745e+01   1.2021549e+00
  -1.0803964e+00   3.1241796e+01  -1.0745897e+00
   1.1380669e+00   2.7815136e+01   1.1545876e+00
   4.9679434e-02   3.2154684e+01   5.4998539e-02
   6.7465648e-01   1.8744397e+01   8.0052992e-01
  -3.5347971e-01   2.8029526e+01  -3.4034197e-01
   2.0885383e+00   2.8827752e+01   2.1034346e+00
   1.9241996e+00   3.0453870e+01   1.9342069e+00
   2.1471752e+00   2.6529033e+01   2.1726856e+00
   1.8348157e+00   3.0387077e+01   1.8448519e+00
   1.9933956e+00   2.5261749e+01   2.0268171e+00
   1.5755314e+00   2.7782629e+01   1.5931752e+00
   1.7681271e+00   2.4470508e+01   1.8069868e+00
   1.5758919e+00   2.3534587e+01   1.6228472e+00
   1.3078075e+00   2.2394808e+01   1.3667020e+00
  -8.8654137e-01   2.4975547e+01  -8.6147656e-01
   1.5531607e+00   2.8045639e+01   1.5697170e+00
   1.2045431e-01   2.9232031e+01   1.3096626e-01
   1.1945225e+00   1.9738747e+01   1.3015542e+00
   1.3381596e-01   2.6566614e+01   1.5326557e-01
   2.1757119e+00   2.6254767e+01   2.2029981e+00
   1.3051938e+00   2.1990015e+01   1.3698257e+00
   2.1863173e+00   2.9509335e+01   2.1992286e+00
   1.2819889e+00   2.5397255e+01   1.3113734e+00
   1.8770029e+00   2.8319028e+01   1.8932583e+00
   1.6815627e+00   2.6691238e+01   1.7045813e+00
   1.9069422e+00   2.2510562e+01   1.9691964e+00
  -1.4607604e+00   2.3425568e+01  -1.4269498e+00
   1.6620380e+00   2.4225428e+01   1.7025574e+00
  -7.6568881e-02   2.3040554e+01  -3.3819291e-02
   1.7123264e+00   1.9341696e+01   1.8381898e+00
  -2.1215444e-01   2.8841607e+01  -2.0108407e-01
   2.3445342e+00   2.8750340e+01   2.3602685e+00
   1.4930983e+00   2.4106924e+01   1.5337905e+00
   2.0742984e+00   2.7202125e+01   2.0959176e+00
   1.7452777e+00   2.7094771e+01   1.7664379e+00
   1.7152690e+00   2.4365412e+01   1.7547910e+00
  -1.1363647e+00   2.6453809e+01  -1.1189783e+00
   2.1720353e+00   2.6148967e+01   2.1999802e+00
   5.7983156e-02   2.4518744e+01   8.8876215e-02
   1.6543715e+00   2.0068808e+01   1.7599307e+00
  -2.3896459e-02   2.7606048e+01  -8.8645295e-03
   1.6191777e+00   2.7389759e+01   1.6386080e+00
   1.4933509e+00   2.7433763e+01   1.5122593e+00
   1.2700449e+00   2.4705269e+01   1.3044535e+00
  -8.9710766e-01   2.3247745e+01  -8.5984211e-01
   1.5931780e+00   2.8418619e+01   1.6084542e+00
   6.6879497e-02   2.6373207e+01   8.7056611e-02
   8.6416259e-01   1.7674572e+01   1.0291994e+00
  -2.4536562e-01   2.5603618e+01  -2.2212083e-01
  -2.3132601e-01   2.1324559e+01  -1.6897112e-01
  -1.3117056e+00   2.2021317e+01  -1.2643164e+00
  -1.1591950e-01   2.7108964e+01  -9.9241270e-02
  -4.3445699e-02   2.7606184e+01  -2.8447962e-02
  -5.6021657e-01   1.6784011e+01  -3.8928966e-01
  -4.6138975e-02   2.3609291e+01  -8.5052565e-03
   2.1474072e-01   2.5913149e+01   2.3756507e-01
  -2.2774686e-01   3.0056773e+01  -2.1939298e-01
  -8.9182809e-03   1.9670128e+01   8.4701551e-02
  -5.3992226e-01   2.5875939e+01  -5.1878747e-01
  -1.2361678e+00   1.9481542e+01  -1.1505343e+00
  -6.3746279e-01   2.2793245e+01  -5.9493891e-01
