   5.2908535e-01   2.1860679e+01   5.8936854e-01
   1.8776938e+00   2.7321096e+01   1.8981524e+00
   4.4933415e-01   2.5339530e+01   4.7612457e-01
   1.8643290e+00   2.6559394e+01   1.8886666e+00
   1.0813041e+00   2.7108390e+01   1.1006023e+00
   2.7222120e+00   2.6667121e+01   2.7491033e+00
   7.3148293e-01   2.0573610e+01   8.1464556e-01
   2.7113915e+00   2.5867826e+01   2.7436702e+00
   7.2647390e-01   2.7473874e+01   7.4343051e-01
   3.2403222e+00   2.5522761e+01   3.2782342e+00
   7.5174931e-01   2.5247368e+01   7.8015555e-01
   1.6221060e+00   2.1283356e+01   1.7015129e+00
  -5.8546543e-02   1.5293545e+01   1.9647753e-01
   1.3412466e+00   2.6584843e+01   1.3637746e+00
   8.3151258e-01   2.7067388e+01   8.5038071e-01
   5.4052688e-01   2.5136729e+01   5.6891247e-01
  -1.7021378e-02   1.4736104e+01   2.7437763e-01
   3.5899807e-01   2.4564579e+01   3.9067511e-01
   7.6058451e-01   2.0825361e+01   8.3934821e-01
   1.3584645e+00   2.4698536e+01   1.3933341e+00
   1.4068602e+00   2.4075525e+01   1.4473742e+00
   2.9149290e+00   3.1028353e+01   2.9250657e+00
   9.2516442e-01   2.0262182e+01   1.0167474e+00
   2.9099224e+00   2.9751668e+01   2.9235147e+00
   1.6421640e+00   2.9835759e+01   1.6532600e+00
   3.3880292e+00   3.2319141e+01   3.3961329e+00
   9.6965674e-01   2.1543500e+01   1.0382115e+00
   2.2392676e+00   2.6766396e+01   2.2637427e+00
   4.5314142e-01   1.4256062e+01   7.9795251e-01
   1.2564604e+00   2.7846353e+01   1.2731195e+00
   1.2046699e+00   2.6445214e+01   1.2275180e+00
   6.2605358e-01   3.3409235e+01   6.3032268e-01
   6.3749959e-01   1.6824999e+01   8.3254911e-01
   5.3719241e-01   2.4148271e+01   5.7282024e-01
   2.2265630e+00   2.6109423e+01   2.2549862e+00
   3.3416151e+00   3.0057867e+01   3.3551587e+00
   1.9366953e+00   2.0707231e+01   2.0314691e+00
   3.3121183e+00   3.3701880e+01   3.3179417e+00
   1.6458982e+00   2.1853655e+01   1.7157468e+00
   3.5743632e+00   2.9348685e+01   3.5909120e+00
   1.7589141e+00   2.4248486e+01   1.7997618e+00
   2.0027296e+00   2.3165227e+01   2.0569911e+00
   6.5414071e-01   1.5318649e+01   9.3088096e-01
   1.3223694e+00   2.5932348e+01   1.3484856e+00
   1.3357438e+00   2.5355313e+01   1.3656262e+00
   7.8108729e-01   2.7881666e+01   7.9662997e-01
   1.1404102e+00   1.6584310e+01   1.3605322e+00
   1.1297999e+00   2.6910367e+01   1.1501265e+00
   2.1605057e+00   2.2326498e+01   2.2278525e+00
   3.1792048e+00   2.6532235e+01   3.2089583e+00
   1.8185553e+00   2.1766968e+01   1.8915444e+00
   2.8454448e+00   2.8671233e+01   2.8627086e+00
   1.7646202e+00   2.5248666e+01   1.7970846e+00
   2.2281679e+00   2.8337343e+01   2.2451831e+00
   9.3663415e-01   1.4105357e+01   1.3167738e+00
   1.2033312e+00   2.4399888e+01   1.2399244e+00
   1.9407521e+00   2.6247036e+01   1.9671878e+00
   6.2171998e-01   2.7103689e+01   6.3994671e-01
   1.3812881e+00   1.6813571e+01   1.5969513e+00
   7.6966041e-01   2.5502492e+01   7.9650587e-01
   2.1447481e+00   2.5439433e+01   2.1775285e+00
   3.1356881e+00   2.6955298e+01   3.1624946e+00
   2.0756592e+00   2.8409816e+01   2.0920308e+00
   2.1509955e+00   2.7056996e+01   2.1735962e+00
   1.1743132e+00   1.5636030e+01   1.4496568e+00
   1.0501342e+00   2.4268755e+01   1.0871031e+00
   2.1209770e+00   2.7819364e+01   2.1398558e+00
   7.4005335e-01   2.4810260e+01   7.7142235e-01
   1.4030413e+00   1.6701741e+01   1.6250150e+00
   9.2279449e-01   2.8297246e+01   9.3717427e-01
   1.3593948e+00   2.4541937e+01   1.3955500e+00
   1.9011450e+00   2.9810202e+01   1.9127140e+00
   8.8369514e-01   1.5665435e+01   1.1468210e+00
   1.2369101e+00   2.4761092e+01   1.2707307e+00
   1.7015564e+00   2.7027708e+01   1.7229168e+00
   7.4055251e-01   2.9070410e+01   7.5231306e-01
   8.1170245e-01   1.5970614e+01   1.0546289e+00
   7.1684627e-01   2.5426486e+01   7.4398556e-01
  -8.0753614e-01   1.4214158e+01  -5.0715338e-01
   7.1365169e-01   2.0398391e+01   8.0004704e-01
   8.0825369e-02   2.5462847e+01   1.0574849e-01
   5.8554152e-01   2.5994126e+01   6.0897003e-01
  -5.4162715e-01   1.5104183e+01  -2.8957231e-01
   8.2972386e-01   2.5656545e+01   8.5583045e-01
   8.9726022e-03   2.0663489e+01   8.3605244e-02
   2.2670531e-01   2.3148601e+01   2.6990667e-01
  -2.9379391e-01   1.5745558e+01  -7.0161362e-02
   7.3400768e-01   2.7433472e+01   7.5113894e-01
  -1.4825764e+00   1.4824084e+01  -1.2390065e+00
   4.4041138e-01   2.4210518e+01   4.7511952e-01
