  -7.6104962e-01   1.0408879e+01  -3.7653736e-02
  -3.4869788e-01   2.3701010e+01  -3.1308892e-01
  -1.5687379e+00   7.6469528e+00  -3.2563889e-01
  -9.1076496e-02   2.0444626e+01  -1.3488838e-02
  -3.1125744e-03   1.3879169e+01   3.5250072e-01
  -7.3298272e-02   2.3454879e+01  -3.4423890e-02
  -9.7886086e-02   1.5056413e+01   1.7021166e-01
   8.5468879e-02   2.1268748e+01   1.5097387e-01
  -1.2166044e+00   8.0127097e+00  -2.7120304e-02
   5.4564940e-01   2.3139970e+01   5.9063787e-01
  -1.0563792e+00   9.3249009e+00  -1.5934997e-01
  -3.2322964e-01   1.8481278e+01  -2.0448014e-01
  -6.9385944e-01   1.1172726e+01  -8.2200582e-02
   1.1138991e-01   2.0467024e+01   1.9041768e-01
  -5.3232577e-01   1.2311025e+01  -5.2721737e-02
  -1.2709249e+00   2.4148245e+01  -1.2417596e+00
  -9.6362118e-01   1.1182278e+01  -3.7142447e-01
  -2.8676001e-01   1.9502053e+01  -1.9249095e-01
  -1.0950864e+00   7.6574523e+00   2.1350567e-01
  -6.3465993e-01   1.7473183e+01  -4.8997159e-01
   3.6782720e-01   1.4274240e+01   7.0753867e-01
  -3.8437986e-01   2.0641266e+01  -3.1264255e-01
   2.2875205e-01   1.6346944e+01   4.3579610e-01
   1.5407461e-01   2.3832737e+01   1.9066337e-01
  -5.6168665e-01   8.4475873e+00   6.0167480e-01
   6.9993503e-01   2.7241796e+01   7.1776342e-01
  -9.7475800e-01   9.6244660e+00  -1.2949315e-01
  -5.0840747e-02   1.8425740e+01   7.3238429e-02
  -6.7244778e-01   1.0016444e+01   1.2735094e-01
  -1.9813145e-01   1.9376802e+01  -1.0012668e-01
  -2.5348348e-01   1.3007085e+01   1.6854572e-01
  -1.2826839e+00   2.2451201e+01  -1.2396346e+00
  -1.6677835e-01   1.1681909e+01   4.1191895e-01
  -2.6479442e-01   2.2648622e+01  -2.1899623e-01
   1.1257200e+00   1.5025627e+01   1.4407775e+00
   2.0929876e-01   2.8382904e+01   2.2221484e-01
   1.1319284e+00   1.6044320e+01   1.3810353e+00
   5.6446264e-01   3.0326111e+01   5.7307993e-01
  -4.7074338e-01   8.0107073e+00   8.3112391e-01
   5.2517720e-01   2.2541827e+01   5.7668161e-01
  -2.3518112e-01   1.0370671e+01   5.4151826e-01
  -1.1501975e-01   1.8198554e+01   1.4755658e-02
  -3.2862521e-01   1.0811160e+01   3.6510240e-01
  -3.6969481e-01   1.7370446e+01  -2.1714968e-01
  -7.9827477e-02   1.3343868e+01   3.1880815e-01
  -1.1976314e+00   1.7735532e+01  -1.0692075e+00
   3.1087038e-01   1.1854839e+01   9.0089732e-01
  -1.6696494e-01   2.0980316e+01  -9.8972875e-02
   1.0758128e+00   1.5582843e+01   1.3509059e+00
   1.5267459e-01   1.8117453e+01   2.8910947e-01
  -4.0384327e-01   8.2702944e+00   8.3244225e-01
   1.4227945e-01   2.0498712e+01   2.2101878e-01
  -5.7455597e-02   1.0166794e+01   7.7492845e-01
   2.2342854e-01   2.1383313e+01   2.8827549e-01
   2.7099915e-01   1.1645930e+01   8.8712339e-01
   8.8740063e-03   1.9347868e+01   1.0991466e-01
   4.9920284e-01   1.3199762e+01   9.4195326e-01
  -1.1354549e+00   2.2053456e+01  -1.0875821e+00
   6.9487778e-01   1.2531037e+01   1.2251399e+00
  -1.1264363e-01   2.3400121e+01  -7.3452832e-02
   5.2438737e-02   8.8848108e+00   1.1894771e+00
   4.0077259e-01   2.3656093e+01   4.4001893e-01
   1.5191814e-01   1.0230372e+01   9.9434450e-01
   1.1939035e-01   2.5077322e+01   1.4675015e-01
   2.5813518e-01   1.1207984e+01   9.3892114e-01
  -1.5158596e-01   1.9282583e+01  -5.0898734e-02
   7.8345960e-01   1.3999809e+01   1.1651952e+00
  -1.2355684e+00   2.1721993e+01  -1.1844168e+00
   6.0554899e-01   1.2358163e+01   1.1510459e+00
   5.2263312e-02   2.5117891e+01   7.9157334e-02
  -2.9715767e-01   9.8859297e+00   5.6496416e-01
  -9.3950895e-02   2.2072537e+01  -4.0633973e-02
  -5.5453948e-01   1.0341843e+01   1.9790203e-01
  -4.1775578e-01   1.7269747e+01  -2.6247170e-01
   2.6430778e-01   1.2622025e+01   7.5548302e-01
  -1.0961970e+00   2.1753017e+01  -1.0446938e+00
  -7.7486577e-02   1.1495603e+01   5.3323012e-01
  -2.6619618e-01   2.3885607e+01  -2.3175347e-01
  -1.8649404e+00   9.7770255e+00  -1.1220090e+00
  -6.5392126e-01   1.5890249e+01  -4.4613131e-01
  -1.5528785e+00   1.0544581e+01  -9.0916947e-01
  -1.4251051e+00   2.1786471e+01  -1.3756360e+00
  -1.3196674e+00   1.0568213e+01  -6.6372809e-01
  -2.1684468e-01   2.0487973e+01  -1.4112188e-01
  -1.1408837e+00   1.1708266e+01  -6.2587386e-01
  -1.7890935e+00   1.8037468e+01  -1.6759486e+00
  -8.6191121e-01   1.1273324e+01  -2.7540229e-01
  -5.3261375e-01   2.0417677e+01  -4.5830928e-01
  -2.0009848e+00   9.7622201e+00  -1.2654270e+00
  -7.7069719e-01   2.2893879e+01  -7.2973145e-01
