   5.0236520e-01   2.7702538e+01   5.1801289e-01
   8.2698132e-01   2.3570387e+01   8.6917950e-01
   7.8163511e-01   3.1583078e+01   7.8826298e-01
   1.3159508e+00   2.4926406e+01   1.3488500e+00
   7.3483760e-01   2.9097658e+01   7.4651624e-01
   1.2232487e+00   2.3851395e+01   1.2648805e+00
   5.5718390e-01   2.6570818e+01   5.7762720e-01
   1.5729934e+00   2.1554095e+01   1.6470922e+00
   4.0307169e-01   2.7645339e+01   4.1873697e-01
   1.3201169e+00   2.3047912e+01   1.3708642e+00
   6.3172649e-01   2.7244969e+01   6.4939159e-01
   1.9420262e+00   2.2747106e+01   2.0012680e+00
   5.2202607e-01   2.5918513e+01   5.4568092e-01
  -3.0295339e-01   2.2641156e+01  -2.5727198e-01
   4.3537530e-01   2.6230137e+01   4.5716094e-01
  -2.1896340e-01   2.2814394e+01  -1.7465229e-01
   1.4668775e-01   2.2010031e+01   2.0231152e-01
  -7.7593567e-01   2.3684732e+01  -7.4180655e-01
   1.0172185e+00   2.3412674e+01   1.0620563e+00
   8.5291966e-01   2.0616329e+01   9.3654548e-01
   8.4511409e-01   2.4957495e+01   8.7584134e-01
   1.1964894e+00   2.6914834e+01   1.2169729e+00
   7.1943635e-01   2.2700591e+01   7.7030265e-01
   1.7089174e+00   2.8297759e+01   1.7248759e+00
   1.2016650e+00   2.7527545e+01   1.2194646e+00
   1.6774015e+00   3.1326540e+01   1.6853111e+00
   8.5111763e-01   2.3034628e+01   8.9900570e-01
   2.0298424e+00   2.6479439e+01   2.0552175e+00
   9.6613338e-01   2.2238268e+01   1.0245189e+00
  -3.8600107e-01   3.0078375e+01  -3.7783361e-01
   7.9152447e-01   2.7038709e+01   8.1042208e-01
   8.1629880e-03   3.2269141e+01   1.3318939e-02
   7.7710721e-01   2.3238931e+01   8.2236759e-01
  -4.9231414e-01   2.5510472e+01  -4.6920498e-01
   1.6935429e+00   2.4681834e+01   1.7301754e+00
   1.5952338e+00   3.0369991e+01   1.6049825e+00
   1.5548742e+00   2.4665547e+01   1.5909526e+00
   2.1810898e+00   3.0543693e+01   2.1912564e+00
   1.4461836e+00   2.4116384e+01   1.4865307e+00
   1.5237175e+00   2.6881044e+01   1.5452816e+00
   1.5141148e+00   2.4799943e+01   1.5488999e+00
   2.3153782e+00   2.3196482e+01   2.3717323e+00
   1.3150961e+00   2.3149439e+01   1.3646367e+00
  -2.3825517e-01   2.5229086e+01  -2.1289671e-01
   1.2997125e+00   2.7985730e+01   1.3159377e+00
   2.0492959e-01   2.7214736e+01   2.2182344e-01
   1.2480894e+00   2.2725165e+01   1.3022349e+00
  -6.6300593e-02   2.4500721e+01  -3.5721125e-02
   1.4928079e+00   2.4985713e+01   1.5260394e+00
   1.8221633e+00   2.1766154e+01   1.8952030e+00
   1.5398468e+00   2.5744636e+01   1.5679256e+00
   1.2163772e+00   2.6327087e+01   1.2398916e+00
   1.7040678e+00   2.6711610e+01   1.7270497e+00
   2.1782183e+00   2.7753604e+01   2.1975433e+00
   1.8136988e+00   2.6779139e+01   1.8366721e+00
  -2.1029824e-01   2.3678002e+01  -1.7394150e-01
   1.4303543e+00   2.6631072e+01   1.4529109e+00
  -8.2661513e-02   2.4766937e+01  -5.3954030e-02
   1.5838916e+00   2.3353979e+01   1.6328963e+00
  -3.3303035e-01   2.8343353e+01  -3.2078071e-01
   1.8373945e+00   2.5222758e+01   1.8703857e+00
   1.1529364e+00   2.3878303e+01   1.1939303e+00
   1.9164177e+00   2.9783113e+01   1.9280841e+00
   2.2470636e+00   2.7132898e+01   2.2695820e+00
   1.6284081e+00   2.6789270e+01   1.6507492e+00
  -3.8398455e-01   2.4332576e+01  -3.5331441e-01
   1.7736496e+00   2.7095592e+01   1.7948891e+00
  -2.2851995e-02   2.4740376e+01   6.2306197e-03
   1.4410035e+00   2.3587994e+01   1.4865434e+00
  -2.6250979e-01   2.5293187e+01  -2.3759072e-01
   1.3660303e+00   2.6214246e+01   1.3906472e+00
   2.1704817e+00   2.7112303e+01   2.1928588e+00
   1.3068215e+00   2.8736923e+01   1.3204819e+00
  -2.2337030e-01   2.2280133e+01  -1.7328427e-01
   1.2793092e+00   2.4894141e+01   1.3122932e+00
  -4.0324527e-02   2.7307931e+01  -2.4254877e-02
   1.0942510e+00   2.1986153e+01   1.1571654e+00
  -4.9556263e-01   2.6258794e+01  -4.7611760e-01
  -3.4978058e-01   2.2382977e+01  -3.0155394e-01
  -3.6858473e-01   2.4771721e+01  -3.4081661e-01
  -2.7597557e-01   2.6492564e+01  -2.5709788e-01
  -1.5937199e-01   2.6655439e+01  -1.4094906e-01
  -4.4863896e-01   2.1850770e+01  -3.9471885e-01
  -2.2693325e-01   2.5061153e+01  -2.0054155e-01
   1.6090552e-02   2.5110131e+01   4.2919916e-02
  -4.2093697e-01   2.5321095e+01  -3.9660877e-01
  -2.7531260e-01   2.2845089e+01  -2.3159137e-01
  -6.2904407e-01   2.5425844e+01  -6.0582564e-01
  -1.4057139e+00   2.5473805e+01  -1.3844989e+00
  -7.7172643e-01   2.0847086e+01  -7.0611963e-01
