  -5.0668786e+00   4.5597359e+00  -3.2625335e+00
  -6.5451901e+00   1.5607477e+00  -3.5157888e+00
  -8.7703215e+00   4.6565762e-01  -5.4352150e+00
  -6.8148327e+00   5.9098461e+00  -5.5850248e+00
  -3.6358831e+00   6.1064458e+00  -2.1966449e+00
  -2.5915256e+00   1.1470117e+01  -2.1185874e+00
  -5.2406106e+00   4.4532269e+00  -3.4165530e+00
  -9.2428931e-01   1.1797697e+01  -4.0781027e-01
  -3.3307590e+00   9.7328009e+00  -2.6718717e+00
  -4.1756081e+00   9.1227227e+00  -3.4660692e+00
  -3.0993714e+00   6.6080583e+00  -1.7502437e+00
  -2.7736995e+00   8.2771425e+00  -1.8165800e+00
  -3.1690215e+00   5.9305246e+00  -1.6115554e+00
  -5.9079229e+00   9.0154478e+00  -5.2525984e+00
   1.1069046e+00   1.3018937e+01   1.6074233e+00
  -2.1957682e+00   1.1730742e+01  -1.7340837e+00
  -3.2682305e+00   5.9887771e+00  -1.7441888e+00
  -6.8218236e+00   7.0127120e+00  -5.8504082e+00
  -4.3710498e+00   5.8795925e+00  -2.9427814e+00
  -5.6759714e+00   5.2400544e+00  -4.1723677e+00
  -2.8711783e+00   7.0440279e+00  -1.6212740e+00
  -6.3208159e+00   4.6283475e+00  -4.6714096e+00
  -1.5300947e+00   8.1372663e+00  -4.1354116e-01
  -8.1078115e+00   2.8939213e+00  -5.9484629e+00
  -4.1492792e+00   1.3572543e+01  -3.8885608e+00
  -3.0776163e+00   7.2767308e+00  -1.9124142e+00
  -5.0376795e+00   1.3593451e+01  -4.7919172e+00
  -1.1018879e+00   5.7620020e+00   9.2130883e-01
  -4.4384840e+00   7.5204809e+00  -3.4449262e+00
  -6.1042605e+00   4.4339931e+00  -4.3663942e+00
  -2.1921856e+00   1.0581309e+01  -1.5924124e+00
  -5.1777446e+00   6.6846883e+00  -4.0411151e+00
  -4.7574611e+00   8.5438711e+00  -3.9810713e+00
  -3.2383019e+00   6.9577661e+00  -2.0048247e+00
  -8.1325139e+00   3.8671755e+00  -6.3558036e+00
  -6.7944565e+00   6.6629184e+00  -5.7459826e+00
  -4.2697077e+00   7.6139876e+00  -3.2849149e+00
  -4.3509130e+00   7.6442601e+00  -3.3781970e+00
  -2.6273746e+00   1.3112435e+01  -2.3028933e+00
  -7.5659802e+00   5.7585461e+00  -6.3363500e+00
  -1.0026927e+01   6.8390381e+00  -9.1193369e+00
  -6.5497462e+00   3.0369194e+00  -4.2916619e+00
  -4.7333438e+00   7.5959310e+00  -3.7751288e+00
  -8.2439927e+00   4.5904322e+00  -6.7164791e+00
  -1.8551604e+00   8.6596672e+00  -8.9682046e-01
  -4.8801230e+00   5.9740291e+00  -3.5294062e+00
  -7.7760212e-01   6.7844268e+00   8.8617578e-01
  -7.2571810e+00   9.0682029e+00  -6.6473714e+00
  -1.7019749e+00   7.1300905e+00  -3.2416560e-01
  -4.9452756e+00   9.4049654e+00  -4.3112548e+00
  -2.9132532e+00   1.1012259e+01  -2.4026504e+00
  -4.2560484e+00   9.2555415e+00  -3.5710000e+00
  -7.9501108e+00   5.8793615e+00  -6.7687448e+00
  -3.0900858e+00   7.8457254e+00  -2.0647047e+00
  -5.7568637e+00   6.2054916e+00  -4.5385228e+00
  -1.0469922e+01   2.0779479e+00  -8.1269637e+00
  -4.5323306e+00   8.5330544e+00  -3.7427020e+00
  -3.9497071e+00   1.0450479e+01  -3.4142462e+00
  -5.8392396e+00   6.4866154e+00  -4.6974703e+00
  -4.0969840e+00   7.5041207e+00  -3.0755120e+00
  -2.6455477e+00   1.2126598e+01  -2.2400351e+00
  -8.0977170e+00   5.0433182e+00  -6.6987835e+00
  -5.9254035e+00   3.7735305e+00  -3.9119484e+00
  -3.2577682e+00   7.0173866e+00  -2.0425069e+00
  -2.3309003e+00   6.1807919e+00  -7.3393806e-01
  -8.7627794e+00   4.2953297e+00  -7.1691819e+00
  -2.7923651e+00   7.3385053e+00  -1.6135017e+00
  -3.5736476e+00   9.1165877e+00  -2.8312791e+00
  -3.6774574e+00   7.2485378e+00  -2.5618371e+00
  -6.9702761e+00   6.3703684e+00  -5.8628580e+00
  -4.1253177e+00   9.6893660e+00  -3.4979269e+00
  -2.9253403e+00   7.7752695e+00  -1.8687074e+00
  -9.6244186e-01   7.7839264e+00   3.2881368e-01
  -7.0078772e+00   9.5350605e+00  -6.4522123e+00
  -2.5880088e+00   1.3421887e+01  -2.2846269e+00
  -3.5451073e+00   1.1656274e+01  -3.1250728e+00
  -9.9819667e+00   6.0843821e+00  -8.9167612e+00
  -7.8120178e+00   4.7641369e+00  -6.3139989e+00
  -4.1017013e+00   8.4019945e+00  -3.2644911e+00
  -4.2561802e+00   1.0020826e+01  -3.6788232e+00
  -3.5311439e+00   1.1270479e+01  -3.0723398e+00
  -4.6978766e+00   7.8686462e+00  -3.7933243e+00
  -3.8691020e+00   9.5371141e+00  -3.2081023e+00
  -3.9836777e+00   1.0853073e+01  -3.4957482e+00
  -3.6292116e+00   9.2298800e+00  -2.9084804e+00
  -4.5695585e+00   1.0200159e+01  -4.0261674e+00
  -2.4684395e+00   9.8368523e+00  -1.7761859e+00
  -6.0385292e+00   8.3237105e+00  -5.2804499e+00
  -3.2293377e+00   7.1673953e+00  -2.0509908e+00
  -5.3121981e+00   1.0373941e+01  -4.8120884e+00
