  -1.3000809e+01   6.1335126e-02  -9.8010162e+00
  -5.4924919e+00   4.3335933e-01  -1.4120333e+00
  -1.3672144e+01   6.8361235e-01  -1.0827921e+01
  -3.5590918e+00   2.7546424e+00  -5.5536326e-01
  -1.2132922e+01   9.4154422e-01  -9.3485159e+00
  -6.0964137e+00   1.4248519e+00  -2.8945790e+00
  -1.3881695e+01   1.9337679e+00  -1.1616183e+01
  -4.4461130e+00   1.1619159e+00  -5.8192307e-01
  -1.2779355e+01   1.6595338e+00  -1.0360873e+01
  -6.8043019e+00   1.8976610e+00  -4.0109859e+00
  -7.2154783e+00   4.2214895e-01  -3.5899550e+00
  -1.3907336e+01   7.6617579e-01  -1.1112609e+01
  -1.2574694e+01   1.5146946e+00  -1.0083274e+01
  -6.2712619e+00   1.1033008e+00  -2.8996833e+00
  -1.3005436e+01   1.3575849e+00  -1.0459080e+01
  -6.2708995e+00  -6.3982895e-01  -1.5415114e+00
  -8.3619826e+00  -1.3113629e+00  -3.6926892e+00
  -1.0734772e+01   2.3481188e+00  -8.5227547e+00
  -1.1038915e+01   4.7032809e+00  -9.6551123e+00
  -3.9157238e+00   1.2671393e+00   7.5908691e-02
  -1.2218243e+01   1.6999492e+00  -9.7954104e+00
  -5.7958670e+00  -3.6499011e-01  -1.1340308e+00
  -1.3079876e+01   3.9522310e+00  -1.1523937e+01
  -4.0264004e+00  -2.9631997e-01   1.5276111e+00
  -1.3673309e+01   1.7075891e+00  -1.1305752e+01
  -5.8434918e+00   1.0597799e+00  -2.3398566e+00
  -1.2504864e+01   1.2884942e-01  -9.3149924e+00
  -5.9015073e+00   1.2765472e+00  -2.5594851e+00
  -1.3167695e+01   1.0324211e+00  -1.0474668e+01
  -4.6068579e+00   4.7375942e-01  -2.1287871e-01
  -5.7640527e+00   7.1675387e-01  -1.9911407e+00
  -1.1065227e+01  -4.3718022e-01  -7.4377537e+00
  -1.2092380e+01   2.2986701e+00  -9.9201209e+00
  -5.5435543e+00   1.9321958e-01  -1.2805164e+00
  -4.3581563e+00   1.5952707e+00  -8.0064082e-01
  -1.3571356e+01   1.6769511e+00  -1.1187409e+01
  -3.4797381e+00   2.1777585e+00  -4.5723445e-02
  -1.9488737e+01   1.4019549e+00  -1.7087566e+01
  -4.0117237e+00   1.8572230e+00  -5.3036596e-01
  -1.5319792e+01   3.3971965e+00  -1.3625302e+01
  -4.8297777e+00   3.0977146e+00  -2.3346120e+00
  -1.1384388e+01   2.3143364e+00  -9.1894989e+00
  -4.6500391e+00   1.4782901e+00  -1.1022230e+00
  -1.3735455e+01   2.2685735e+00  -1.1602590e+01
  -3.5356257e+00   2.5399286e+00  -3.8097329e-01
  -1.2886735e+01   1.8048456e+00  -1.0535762e+01
  -4.2098332e+00   2.0564778e+00  -9.3669056e-01
  -1.4585156e+01   8.2226919e-01  -1.1839686e+01
  -1.5265499e+01   6.9289081e-01  -1.2476280e+01
  -8.0314624e+00  -3.3850390e-01  -4.0388713e+00
  -1.4789623e+01   2.6742427e-03  -1.1634153e+01
  -7.4218442e+00   4.2158733e-01  -3.8376904e+00
  -8.8845875e+00   2.9448081e-01  -5.4598731e+00
  -1.2255028e+01   1.5882845e+00  -9.7836116e+00
  -7.4878078e+00   2.0305595e-01  -3.7676777e+00
  -1.3281042e+01   8.2447329e-01  -1.0491331e+01
  -6.6745991e+00   1.8602454e+00  -3.8399259e+00
  -1.1675881e+01   2.7712988e-01  -8.5157049e+00
  -6.5956107e+00   2.0683038e-01  -2.6702905e+00
  -1.1973280e+01   2.3496641e+00  -9.8172615e+00
  -5.7964426e+00   9.1398538e-04  -1.4601727e+00
  -1.3385049e+01   2.3050997e+00  -1.1257360e+01
  -6.5241973e+00  -2.2321894e-01  -2.2410429e+00
  -1.1300551e+01   2.1877592e+00  -9.0487966e+00
  -6.9654530e+00  -9.1105234e-01  -2.2376022e+00
  -1.3261588e+01   1.4456058e+00  -1.0764761e+01
  -5.8115309e+00   1.1655928e+00  -2.3727905e+00
  -1.2950427e+01   1.1531030e+00  -1.0306329e+01
  -6.8917284e+00  -4.5535990e-01  -2.5285871e+00
  -1.2532469e+01   2.8896198e+00  -1.0604516e+01
  -5.4812192e+00   1.0823878e+00  -1.8959882e+00
  -1.3317870e+01  -2.3565299e-01  -9.9691337e+00
  -1.4758921e+01   6.2442472e-01  -1.1922031e+01
  -8.2873424e+00  -6.3853023e-01  -4.1272066e+00
  -6.9725021e+00   2.4427519e+00  -4.4863635e+00
  -1.2920417e+01  -3.0366149e-01  -9.5111338e+00
  -7.1071484e+00   3.1880616e-01  -3.3867713e+00
  -1.1399226e+01   2.1202107e+00  -9.1233594e+00
  -1.2743243e+01   4.6452630e-01  -9.7463834e+00
  -5.5591794e+00   1.7098396e+00  -2.4182008e+00
  -6.7003765e+00   1.9349745e-01  -2.7923570e+00
  -1.2527272e+01   5.7932943e-01  -9.5792300e+00
  -5.6737644e+00   7.0092799e-01  -1.8623090e+00
  -1.2943272e+01   7.5059929e-01  -1.0102473e+01
  -6.4109918e+00   1.3473727e+00  -3.2258777e+00
  -1.2789371e+01   1.6653531e+00  -1.0373839e+01
  -1.5400507e+01   3.1807954e-01  -1.2428354e+01
  -6.6651650e+00  -3.1472237e-03  -2.5982561e+00
  -1.2449528e+01   2.0385006e-01  -9.2975696e+00
  -7.9689627e+00   2.0322815e-01  -4.3413644e+00
