   2.3920592e+00   1.7026493e+01   2.6293693e+00
   4.8695953e-01   1.6503433e+01   6.9309818e-01
  -2.6471581e-01   1.1949232e+01   2.7304912e-01
   1.3631996e-01   1.0547144e+01   9.1749613e-01
   7.3188782e-01   1.8494558e+01   8.6619262e-01
   1.7929530e+00   1.8706323e+01   1.9403731e+00
   1.6925802e+00   1.6878344e+01   1.9144131e+00
  -3.8619272e-01   1.1701330e+01   1.7505896e-01
   9.9293310e-01   1.7954585e+01   1.1502501e+00
   1.5659099e+00   1.3309284e+01   2.0649105e+00
   1.8998464e+00   1.6238424e+01   2.1648480e+00
   1.9954767e+00   1.8612324e+01   2.1505404e+00
  -2.1894092e-04   1.2067617e+01   5.4003823e-01
   5.5012920e-01   1.2317603e+01   1.0968014e+00
   1.8163130e+00   1.2795991e+01   2.3998577e+00
   3.4793995e-01   1.9249883e+01   4.5553911e-01
   3.2788918e-01   1.2817596e+01   8.0112652e-01
   7.9504500e-01   1.6527280e+01   1.0082091e+00
   7.9248463e-01   1.3279207e+01   1.2440929e+00
   1.0066192e+00   1.2861657e+01   1.5186934e+00
   1.4198295e+00   1.7438512e+01   1.6074654e+00
   1.8885522e+00   2.3630216e+01   1.9365170e+00
   2.0825687e+00   1.4282263e+01   2.5115595e+00
  -3.3659029e-01   1.6352481e+01  -1.4305520e-01
   7.2446068e-01   1.7040186e+01   9.1212215e-01
  -3.2751555e+00   6.6053967e+00  -1.9458322e+00
   1.6996676e+00   1.8102468e+01   1.8669614e+00
   2.3463553e+00   1.8815771e+01   2.5020618e+00
   7.0901156e-01   1.3698365e+01   1.1143663e+00
  -2.8164135e+00   7.6968129e+00  -1.7306234e+00
   4.2309992e-01   1.2339915e+01   9.5808279e-01
   1.4378808e+00   1.7838087e+01   1.6093887e+00
   4.5868912e-01   1.3851072e+01   8.3758501e-01
   4.8848414e-01   1.3605980e+01   8.9098422e-01
   5.7348765e-01   1.8072663e+01   7.1859411e-01
  -2.4089221e+00   5.8264797e+00  -6.9383614e-01
   1.2965602e+00   1.3802545e+01   1.7248315e+00
  -2.2694950e+00   9.0069223e+00  -1.4189006e+00
   2.3212252e-01   1.8582567e+01   3.5586348e-01
   2.1531598e+00   1.3940257e+01   2.6227732e+00
   9.0667514e-01   1.4814101e+01   1.2280153e+00
   1.6098780e+00   1.5414793e+01   1.9176560e+00
   5.4352504e-01   1.3455390e+01   9.6323339e-01
  -9.6317415e-02   1.6732310e+01   8.5970069e-02
  -3.9923348e-01   1.1782328e+01   1.5080758e-01
   5.6407345e-01   1.6548326e+01   7.7006490e-01
   1.7363508e-01   1.2473806e+01   6.7619509e-01
   6.8472710e-01   1.7387422e+01   8.5706899e-01
   2.9201047e+00   1.9369081e+01   3.0695432e+00
   1.0579598e+00   2.1065957e+01   1.1353722e+00
   2.4371932e+00   1.9444472e+01   2.5736517e+00
   2.4271223e+00   2.1994282e+01   2.5027221e+00
   2.3124171e+00   1.9061819e+01   2.4587715e+00
   2.5641358e+00   2.0151659e+01   2.6822298e+00
   9.5080093e-01   1.3600381e+01   1.3789455e+00
   3.7191210e-01   1.9270369e+01   4.7931668e-01
   1.1079926e+00   1.2310797e+01   1.6982599e+00
   1.0135113e+00   2.1742671e+01   1.0793624e+00
   1.6586958e+00   1.4821539e+01   2.0143677e+00
   5.2328772e-01   2.2055101e+01   5.8088951e-01
   1.0555068e+00   1.7593763e+01   1.2278960e+00
   2.3798884e+00   2.0436275e+01   2.4874707e+00
   1.4874966e+00   1.6799909e+01   1.7070224e+00
   2.5369579e+00   1.8627654e+01   2.7042931e+00
   4.9399900e-01   1.4732026e+01   8.0451169e-01
   9.2505739e-01   1.9450821e+01   1.0354785e+00
   4.5050345e-01   1.0977136e+01   1.1869618e+00
   3.7813246e-01   2.0884222e+01   4.5224332e-01
   7.6546874e-01   1.4358017e+01   1.1160133e+00
   4.1933359e-01   2.0450103e+01   5.0165031e-01
   2.4262578e+00   1.8023131e+01   2.6155705e+00
   2.0221990e+00   2.1668624e+01   2.0990440e+00
   7.7984313e-01   1.4364158e+01   1.1305475e+00
   6.9396994e-01   1.9884125e+01   7.9099627e-01
   9.4542536e-01   1.2230523e+01   1.5335037e+00
   4.2525757e-01   2.1525142e+01   4.8956313e-01
   1.0997146e+00   1.1651163e+01   1.7873543e+00
   3.9134164e-01   2.2082576e+01   4.4766613e-01
   9.9146532e-01   1.4136594e+01   1.3716392e+00
   1.4140033e+00   2.0084633e+01   1.5157736e+00
   3.1849614e-01   1.2255785e+01   8.5675597e-01
   1.5898698e+00   1.7940260e+01   1.7609179e+00
  -5.7108308e-02   1.2536954e+01   4.2435054e-01
   7.0526323e-01   2.0916227e+01   7.8185925e-01
   1.2185861e+00   1.2021801e+01   1.8598695e+00
   7.4315970e-01   2.3319355e+01   7.8739989e-01
   1.1040161e+00   1.6115542e+01   1.3481421e+00
   1.1536520e+00   2.3026125e+01   1.2035448e+00
   3.5726820e-01   1.6423297e+01   5.6391165e-01
  -5.8881911e-01   1.5913703e+01  -3.8066813e-01
