   3.0433541e+00   2.1363610e+01   3.1393786e+00
   2.3461578e+00   1.8950759e+01   2.4970717e+00
   2.3567485e+00   1.5555574e+01   2.6890070e+00
   1.6258982e+00   1.7089280e+01   1.8351945e+00
   2.2436893e+00   2.0888181e+01   2.3386902e+00
   2.8791218e+00   2.1194842e+01   2.9764620e+00
   2.0400044e+00   2.1338652e+01   2.1231405e+00
   2.4596857e+00   1.9977278e+01   2.5807318e+00
   2.1627266e+00   2.1543226e+01   2.2434408e+00
   2.7853621e+00   1.8225785e+01   2.9761183e+00
   2.3235092e+00   1.7010656e+01   2.5592616e+00
   1.9333708e+00   1.9987951e+01   2.0452130e+00
   2.1884056e+00   2.0352731e+01   2.2950499e+00
   1.9688420e+00   1.7528663e+01   2.1673300e+00
   2.3938031e+00   1.7593469e+01   2.6019246e+00
   5.5896582e-01   1.7057769e+01   7.4200172e-01
   1.8082944e+00   1.9122252e+01   1.9424960e+00
   2.0410733e+00   2.0836053e+01   2.1344497e+00
   2.7047213e+00   1.8753957e+01   2.8714226e+00
   2.7145853e+00   2.4379013e+01   2.7601059e+00
   2.5598413e+00   2.1743453e+01   2.6415440e+00
   3.0058017e+00   2.5087296e+01   3.0462175e+00
   2.8215046e+00   1.8981175e+01   2.9825182e+00
   2.6370055e+00   2.0673533e+01   2.7428341e+00
   1.3001430e+00   2.0266099e+01   1.3962577e+00
   3.0411904e+00   2.3109337e+01   3.1053289e+00
   2.2299990e+00   2.1480743e+01   2.3126883e+00
   3.0513689e+00   2.0840850e+01   3.1598646e+00
   2.4842445e+00   2.1368178e+01   2.5723442e+00
   2.4633996e+00   2.3037452e+01   2.5231453e+00
   2.6205916e+00   1.8053883e+01   2.8141562e+00
   1.0698687e+00   2.1561666e+01   1.1390295e+00
   2.2255718e+00   1.8793705e+01   2.3793143e+00
   2.3189604e+00   2.3052588e+01   2.3772467e+00
   3.1285057e+00   2.2277762e+01   3.2072856e+00
   3.3464822e+00   2.0597081e+01   3.4667437e+00
   3.2701862e+00   2.0951420e+01   3.3796442e+00
   2.7539693e+00   2.0117956e+01   2.8764575e+00
   2.6509875e+00   2.0959237e+01   2.7502641e+00
   3.6919507e+00   1.7741501e+01   3.9387846e+00
   3.1377091e+00   2.0461331e+01   3.2577722e+00
   2.7504012e+00   1.8290290e+01   2.9373168e+00
   2.7294157e+00   1.8950679e+01   2.8892941e+00
   2.0248010e+00   1.9290425e+01   2.1579267e+00
   2.7513732e+00   1.8164173e+01   2.9438642e+00
   1.3224095e+00   1.8580424e+01   1.4646484e+00
   2.8793160e+00   1.7725009e+01   3.0967210e+00
   2.3697395e+00   2.1264620e+01   2.4584552e+00
   3.3337818e+00   2.0347163e+01   3.4609481e+00
   1.9012622e+00   2.1375490e+01   1.9820848e+00
   3.7774746e+00   2.0872474e+01   3.8984719e+00
   3.0419056e+00   2.4829016e+01   3.0850419e+00
   2.9878602e+00   2.2757472e+01   3.0568545e+00
   2.4045871e+00   2.0747532e+01   2.5050713e+00
   3.0980225e+00   1.9618273e+01   3.2430536e+00
   1.5376742e+00   1.8831433e+01   1.6758941e+00
   2.9787116e+00   1.6934736e+01   3.2440621e+00
   4.2837055e-01   2.0743619e+01   5.0538992e-01
   3.0464834e+00   1.9415347e+01   3.1972702e+00
   2.1439879e+00   2.2062958e+01   2.2153863e+00
   2.0996973e+00   1.8899904e+01   2.2469830e+00
   3.4033752e+00   2.2657519e+01   3.4787392e+00
   2.4045192e+00   2.2413781e+01   2.4729145e+00
   3.4110499e+00   2.2782001e+01   3.4843673e+00
   2.7319301e+00   1.9715296e+01   2.8659248e+00
   2.6375078e+00   1.9831102e+01   2.7661027e+00
   3.3177461e+00   1.7652799e+01   3.5547557e+00
   1.3805500e+00   2.2628134e+01   1.4369062e+00
   2.5612909e+00   2.0338108e+01   2.6743549e+00
   2.6055269e+00   2.1338512e+01   2.6958549e+00
   2.6121220e+00   2.2527709e+01   2.6808304e+00
   1.0213680e+00   1.8102355e+01   1.1739768e+00
   2.6800576e+00   1.8050439e+01   2.8755426e+00
   4.8544900e-01   1.8828300e+01   6.0603560e-01
   2.9389338e+00   1.9448124e+01   3.0860912e+00
   1.1230922e-01   1.9422291e+01   2.1284516e-01
   2.9844856e+00   1.8277706e+01   3.1788828e+00
   1.2060013e+00   2.1987655e+01   1.2698232e+00
   2.0990923e+00   1.9162715e+01   2.2376831e+00
   2.2661861e+00   2.1450687e+01   2.3498912e+00
   2.0504853e+00   1.7088297e+01   2.2729003e+00
   6.2681998e-01   1.9582086e+01   7.2996979e-01
   1.8957344e+00   2.0720797e+01   1.9896653e+00
   1.8717912e+00   2.0052422e+01   1.9810230e+00
   2.3857157e+00   1.5298062e+01   2.7400670e+00
   1.0171538e+00   2.1056142e+01   1.0943312e+00
   2.1645131e+00   1.9614705e+01   2.2905458e+00
   1.9293735e+00   2.0787460e+01   2.0223119e+00
   1.3486556e+00   2.0209197e+01   1.4466755e+00
   1.5396687e+00   1.7924649e+01   1.7101468e+00
