  -8.4823757e+00   6.4382535e+00  -7.4514839e+00
  -4.9790415e+00   4.8749147e+00  -3.2812391e+00
  -6.1934578e+00   6.6990688e+00  -5.1227841e+00
  -7.2615000e+00   4.6867747e+00  -5.7042952e+00
  -1.0498763e+01   1.2482223e+00  -7.7672547e+00
  -6.3824712e+00   5.5946665e+00  -5.0401851e+00
  -1.0140986e+01   1.5557036e+00  -7.5349911e+00
  -4.7482496e+00   7.9052443e+00  -3.8538629e+00
  -6.8185346e+00   3.2165080e+00  -4.6715773e+00
  -1.0127681e+01   2.2067207e+00  -7.8206385e+00
  -8.8619396e+00   4.4769355e+00  -7.3309521e+00
  -6.1145279e+00   6.0598156e+00  -4.8816882e+00
  -6.6334122e+00   8.6111621e+00  -5.9414000e+00
  -6.9516757e+00   3.6977339e+00  -5.0169722e+00
  -6.0683941e+00   6.1059891e+00  -4.8446861e+00
  -1.1852128e+01   5.2176987e+00  -1.0624014e+01
  -1.2139035e+01  -2.6757195e+00  -7.0664721e+00
  -1.2404748e+01   4.4530632e+00  -1.0983139e+01
  -5.8730602e+00   2.4970141e+00  -3.2511261e+00
  -1.0975514e+01   1.6060298e+00  -8.4478621e+00
  -5.7459061e+00   3.6972848e+00  -3.6780437e+00
  -1.0786569e+01   4.7265585e+00  -9.4021967e+00
  -9.8500518e+00   4.9650142e+00  -8.5025819e+00
  -7.2610416e+00   3.9137542e+00  -5.4362166e+00
  -4.8356086e+00   5.9061436e+00  -3.4609093e+00
  -9.5699730e+00   4.5501991e+00  -8.0927489e+00
  -4.7457605e+00   4.4124011e+00  -2.8418131e+00
  -8.0462860e+00   2.9271374e+00  -5.8957293e+00
  -5.9859012e+00   2.5377600e+00  -3.4042235e+00
  -8.0026897e+00   7.6453801e+00  -7.1935721e+00
  -4.9788418e+00   4.5695878e+00  -3.1673887e+00
  -8.2741031e+00   5.9536509e+00  -7.1242888e+00
  -7.0314637e+00   4.4010315e+00  -5.3624622e+00
  -1.2085409e+01   7.5683112e-01  -9.2052669e+00
  -7.5393417e+00   3.5922010e+00  -5.6155869e+00
  -9.7964798e+00   4.2822748e+00  -8.2464046e+00
  -1.0523585e+01   8.5056973e+00  -9.8958180e+00
  -8.8964030e+00  -4.5389134e-01  -4.9823494e+00
  -6.9886745e+00   6.5062712e+00  -5.9137657e+00
  -7.2978899e+00   1.9967687e+00  -4.6286995e+00
  -6.0316918e+00   5.1498667e+00  -4.5297891e+00
  -8.0300459e+00   6.9231991e+00  -7.0859893e+00
  -7.5670247e+00   1.3607025e+00  -4.5891412e+00
  -8.7680202e+00   2.9525432e+00  -6.6852411e+00
  -7.7000163e+00   2.6962405e+00  -5.4161761e+00
  -9.0536244e+00   2.3474658e+00  -6.7338321e+00
  -9.4589893e+00   1.4728736e-01  -6.0180993e+00
  -1.3652502e+01   2.7215069e+00  -1.1691916e+01
  -8.0193601e+00   3.8578060e+00  -6.2315435e+00
  -6.9864941e+00   6.1871282e+00  -5.8358569e+00
  -9.7173583e+00   3.5201913e+00  -7.9087205e+00
  -8.5209297e+00   3.7041511e+00  -6.7109097e+00
  -9.7627918e+00   1.2636278e+00  -6.9813356e+00
  -7.9549474e+00   3.8404378e+00  -6.1563274e+00
  -1.0780933e+01   2.3715988e+00  -8.5811141e+00
  -1.0708535e+01   2.8664216e+00  -8.7041460e+00
  -7.8496799e+00   2.9795022e+00  -5.7039729e+00
  -8.0106084e+00   7.2589874e+00  -7.1315069e+00
  -9.8398334e+00   3.9263640e-02  -6.3779022e+00
  -1.2909359e+01   1.9597911e+00  -1.0625439e+01
  -7.8468290e+00   1.0217629e+00  -4.7138213e+00
  -1.1583792e+01   4.0655854e-01  -8.4883176e+00
  -9.4179264e+00   1.2264163e+00  -6.5861426e+00
  -6.9321469e+00   4.6573347e+00  -5.3418687e+00
  -1.1454873e+01  -7.4158658e-01  -7.6728750e+00
  -1.0817253e+01   1.5122533e+00  -8.2358568e+00
  -6.3237004e+00   4.9344362e+00  -4.7766735e+00
  -1.3719354e+01  -2.0681543e+00  -9.2454373e+00
  -1.1762968e+01   7.8553045e-01  -8.8792120e+00
  -9.1310752e+00   7.6954791e-01  -6.0197680e+00
  -7.1338234e+00   3.4859869e+00  -5.1318909e+00
  -8.2828211e+00   6.0609309e+00  -7.1590072e+00
  -8.0096130e+00   2.7463672e+00  -5.7777709e+00
  -7.8836688e+00   6.0134318e+00  -6.7323832e+00
  -7.4945884e+00   2.7659821e+00  -5.2211353e+00
  -6.5273507e+00   5.7625693e+00  -5.2412019e+00
  -8.4230533e+00   5.6520559e-01  -5.1001225e+00
  -8.5552775e+00   5.8564871e+00  -7.3926809e+00
  -8.5229447e+00   4.2979394e+00  -6.9173510e+00
  -7.0491143e+00   5.1042982e+00  -5.6077256e+00
  -6.0140632e+00   4.5181791e+00  -4.2977514e+00
  -6.4411687e+00   6.2039695e+00  -5.2652678e+00
  -8.8766759e+00   2.7045338e+00  -6.6986737e+00
  -1.0512672e+01   3.2734164e+00  -8.6521737e+00
  -9.1693039e+00   1.3783561e+00  -6.3929501e+00
  -8.3168039e+00   6.5212227e+00  -7.2983709e+00
  -8.9994391e+00   1.7902103e+00  -6.4145647e+00
  -8.1695377e+00   5.4653985e+00  -6.8913231e+00
  -1.2049589e+01   7.9409179e-01  -9.1864974e+00
  -9.5831177e+00   6.1607762e+00  -8.5244073e+00
