   2.3763816e+00   2.1873841e+01   2.4535331e+00
   2.0520400e+00   1.5920960e+01   2.3436889e+00
   1.9921012e+00   1.5850588e+01   2.2859662e+00
   2.0185900e+00   1.5692634e+01   2.3246185e+00
   1.3529836e+00   1.6428627e+01   1.5878195e+00
   2.7421783e+00   1.7834360e+01   2.9496798e+00
   2.0694731e+00   2.0147771e+01   2.1793810e+00
   2.8853015e+00   1.7392144e+01   3.1204023e+00
   1.1132483e+00   1.4234025e+01   1.4910861e+00
   9.9735423e-01   1.6139205e+01   1.2367376e+00
   1.6221752e+00   1.8952403e+01   1.7581636e+00
   1.0404987e+00   1.5634449e+01   1.3110519e+00
   1.9090962e+00   1.9510241e+01   2.0335550e+00
   1.9960904e+00   1.4553728e+01   2.3936301e+00
   1.5892481e+00   1.7401180e+01   1.7829836e+00
   1.3596945e+00   1.4591374e+01   1.7194370e+00
   1.8203810e+00   1.6302104e+01   2.0785338e+00
   1.9372305e+00   1.7731932e+01   2.1257372e+00
   3.0000987e+00   1.7182503e+01   3.2514328e+00
   3.0428733e+00   2.1602669e+01   3.1337297e+00
   2.1445586e+00   1.6923946e+01   2.3788102e+00
   3.0747850e+00   2.1030336e+01   3.1790096e+00
   3.1341991e+00   2.1130981e+01   3.2369773e+00
   3.4544288e+00   2.0548792e+01   3.5781645e+00
   1.5589272e+00   1.4824177e+01   1.9093844e+00
   1.4472842e+00   2.0559512e+01   1.5389063e+00
   1.8959960e+00   1.7510955e+01   2.0932257e+00
   2.1050738e+00   1.8948645e+01   2.2508224e+00
   2.7185064e+00   2.0246371e+01   2.8367699e+00
   2.5524375e+00   2.0638601e+01   2.6577760e+00
   2.2740907e+00   1.6120807e+01   2.5618177e+00
   1.6100222e+00   1.9668833e+01   1.7250834e+00
   2.5644771e+00   1.7315443e+01   2.7922535e+00
   2.1257854e+00   1.9907516e+01   2.2429132e+00
   2.3001174e+00   1.7524607e+01   2.5086553e+00
   3.0715179e+00   1.4920719e+01   3.5025731e+00
   3.2317255e+00   2.1793270e+01   3.3212765e+00
   3.1538150e+00   1.7160954e+01   3.4126586e+00
   1.7246892e+00   1.4318174e+01   2.1283201e+00
   1.6526639e+00   1.7451506e+01   1.8458584e+00
   2.4101331e+00   1.7871964e+01   2.6057220e+00
   1.8969263e+00   1.5413917e+01   2.2176821e+00
   2.9042257e+00   2.1160425e+01   3.0027229e+00
   1.9970719e+00   1.5801384e+01   2.2945295e+00
   2.1172186e+00   1.5430772e+01   2.4472137e+00
   1.3382935e+00   1.7146307e+01   1.5368222e+00
   2.3896232e+00   1.6666644e+01   2.6475146e+00
   2.2050633e+00   1.5438235e+01   2.5388206e+00
   3.2527943e+00   2.2435495e+01   3.3302525e+00
   2.6934188e+00   1.7390650e+01   2.9217105e+00
   1.7456664e+00   1.3750597e+01   2.2077425e+00
   9.4550574e-01   1.8457891e+01   1.0847123e+00
   2.2535330e+00   1.8055550e+01   2.4366689e+00
   1.6748564e+00   1.6364897e+01   1.9240732e+00
   2.8303041e+00   1.9922043e+01   2.9599782e+00
   1.9258383e+00   1.6080423e+01   2.2017671e+00
   2.3275334e+00   1.5937274e+01   2.6302180e+00
   8.7856051e-01   1.6896409e+01   1.0764353e+00
   2.6724501e+00   1.7039715e+01   2.9193314e+00
   1.7338301e+00   1.7463495e+01   1.9286977e+00
   1.8592842e+00   1.5655166e+01   2.1609169e+00
   1.7787550e+00   2.1639829e+01   1.8534992e+00
   2.2241166e+00   1.6635741e+01   2.4775226e+00
   2.1891549e+00   1.9622846e+01   2.3154026e+00
   2.7555208e+00   1.8053424e+01   2.9531461e+00
   2.7414443e+00   1.9613755e+01   2.8788239e+00
   2.4980623e+00   1.4403750e+01   2.9422921e+00
   7.9065489e-01   1.9995896e+01   8.8637562e-01
   2.8031238e+00   1.7322394e+01   3.0390276e+00
   2.3165881e+00   1.9218888e+01   2.4578078e+00
   1.3474415e+00   1.7229240e+01   1.5424429e+00
   5.9677070e-01   1.3868504e+01   9.8085283e-01
   1.3746406e+00   1.9429099e+01   1.4924018e+00
   1.2308409e+00   1.4982550e+01   1.5536249e+00
   7.7682114e-01   1.7223148e+01   9.5793216e-01
   3.9547384e-01   1.2991015e+01   8.5401745e-01
   1.3805643e+00   1.6667315e+01   1.6036251e+00
   7.0645879e-01   1.4108731e+01   1.0749706e+00
   2.0501286e+00   1.9656694e+01   2.1728972e+00
   2.2005314e+00   1.6413326e+01   2.4664319e+00
   1.2904057e+00   1.5976327e+01   1.5489333e+00
   8.8558588e-01   1.6383859e+01   1.1085255e+00
   1.5612508e+00   1.5607871e+01   1.8535463e+00
  -1.4380212e+00   1.5394787e+01  -1.2233943e+00
   1.4451998e+00   1.3509211e+01   1.9133616e+00
   1.1106290e+00   1.7425713e+01   1.2911484e+00
   2.0988629e+00   1.6190343e+01   2.3747193e+00
   1.4895657e+00   1.8007055e+01   1.6556786e+00
   1.0727838e+00   1.6565354e+01   1.2918918e+00
   1.4496884e+00   1.5678977e+01   1.7327684e+00
