  -1.7084730e+01  -2.1276770e+00  -1.2740612e+01
  -7.5046815e+00   4.3183546e+00  -5.8423476e+00
  -1.3896658e+01   2.5246635e+00  -1.1867611e+01
  -5.6979210e+00   3.6790699e+00  -3.6160373e+00
  -8.8234645e+00   2.4182749e+00  -6.5169087e+00
  -9.9511567e+00   1.9659279e+00  -7.5248286e+00
  -9.4944533e+00   1.8743391e+00  -6.9919380e+00
  -4.9102017e+00   7.5002602e+00  -3.9426713e+00
  -9.5096991e+00   6.2309269e+00  -8.4644819e+00
  -7.3734012e+00   2.5709063e+00  -4.9972232e+00
  -1.0849220e+01   1.4638520e+00  -8.2467057e+00
  -6.0234929e+00   5.1692854e+00  -4.5270505e+00
  -9.6556487e+00   1.0322280e+01  -9.2261800e+00
  -8.5828421e+00   1.9956434e+00  -6.0589213e+00
  -8.3825319e+00   7.5824453e+00  -7.5726716e+00
  -8.8377509e+00   4.5108920e+00  -7.3161399e+00
  -1.0896735e+01   8.1284261e-02  -7.5655404e+00
  -1.1044276e+01   1.1927880e+00  -8.3220103e+00
  -7.2238236e+00   4.0255756e+00  -5.4371045e+00
  -5.1307094e+00   3.3765156e+00  -2.8283061e+00
  -1.1629198e+01   1.2264871e+00  -8.9579325e+00
  -6.6920748e+00   3.0376081e+00  -4.4515702e+00
  -1.2546264e+01   2.8802838e+00  -1.0615271e+01
  -4.5052621e+00   1.6489763e+00  -1.0359136e+00
  -7.8223746e+00   6.0064394e-01  -4.4278753e+00
  -1.2506350e+01   3.0725786e+00  -1.0644207e+01
  -7.3909781e+00   8.6271184e+00  -6.7226711e+00
  -7.4122345e+00   6.1172307e+00  -6.2652037e+00
  -9.2007038e+00   2.5893777e+00  -6.9973471e+00
  -1.0158534e+01   4.6859727e+00  -8.7429517e+00
  -9.1854243e+00   1.9370969e+00  -6.6875218e+00
  -9.0591747e+00   2.1418991e+00  -6.6465720e+00
  -1.0670439e+01   2.0178854e+00  -8.3125339e+00
  -1.0947184e+01   3.8771407e+00  -9.3110280e+00
  -7.3679550e+00   2.8212349e+00  -5.1060482e+00
  -1.1652534e+01   2.7078435e+00  -9.6263280e+00
  -1.1530524e+01   5.0608984e+00  -1.0255507e+01
  -8.0126656e+00  -4.9329937e-01  -3.9025202e+00
  -6.6296873e+00   2.5204305e+00  -4.1361183e+00
  -9.0844353e+00  -4.9468265e-01  -5.1729902e+00
  -1.2342494e+01   1.3260994e+00  -9.7540905e+00
  -1.0218164e+01   2.6631427e+00  -8.1087619e+00
  -1.2791046e+01   1.2236176e+00  -1.0173778e+01
  -9.4545594e+00   4.2613238e+00  -7.8833564e+00
  -6.9454423e+00   1.0040064e+00  -3.6492058e+00
  -1.0838348e+01   2.6721056e+00  -8.7637830e+00
  -1.0221383e+01   5.0261497e+00  -8.9026364e+00
  -1.6039802e+01  -2.2899417e+00  -1.1548198e+01
  -9.0567377e+00   4.3852337e+00  -7.5064016e+00
  -6.3123235e+00   5.9964236e+00  -5.0753539e+00
  -6.7316925e+00   9.7291084e-01  -3.3733016e+00
  -1.4349690e+01  -6.9562718e-01  -1.0786277e+01
  -1.1642591e+01   1.8308372e+00  -9.2522333e+00
  -7.9155224e+00   3.1451575e+00  -5.8448498e+00
  -1.2308707e+01   4.6139121e+00  -1.0930338e+01
  -8.4051145e+00   3.9455798e+00  -6.6737265e+00
  -1.2746664e+01   4.0802534e+00  -1.1222835e+01
  -1.0334508e+01   2.4021293e+00  -8.1236109e+00
  -8.4841176e+00   1.9766311e+00  -5.9413637e+00
  -1.2079860e+01   3.2632987e+00  -1.0272861e+01
  -8.6909861e+00   2.8115773e-01  -5.2306118e+00
  -1.1052512e+01   2.7982631e+00  -9.0370329e+00
  -9.0033851e+00   2.8443408e+00  -6.8929480e+00
  -6.9099089e+00   4.6176849e+00  -5.3048403e+00
  -9.9369564e+00   1.6298344e+00  -7.3517261e+00
  -9.4741620e+00   4.2419667e+00  -7.8976836e+00
  -9.9887646e+00   2.0827073e+00  -7.6178719e+00
  -7.2855561e+00   3.4080029e+00  -5.2662777e+00
  -9.6479199e+00   2.4468358e+00  -7.4142097e+00
  -1.2741141e+01   3.9488881e+00  -1.1177046e+01
  -9.8762200e+00  -1.1563412e+00  -5.6231503e+00
  -9.3933107e+00   3.8788856e+00  -7.6936658e+00
  -1.1208900e+01   2.6493554e+00  -9.1418996e+00
  -8.0903392e+00   3.8767665e+00  -6.3142145e+00
  -1.2124277e+01   1.1760373e+00  -9.4542856e+00
  -1.0150303e+01   2.3924798e+00  -7.9247148e+00
  -8.4226240e+00   9.1182540e-01  -5.3061135e+00
  -1.3976533e+01   2.9105369e+00  -1.2092252e+01
  -9.3571813e+00   3.1189516e+00  -7.3794011e+00
  -8.9024913e+00   4.7878511e+00  -7.4674981e+00
  -9.2492905e+00   1.0767053e+00  -6.3212424e+00
  -7.8970292e+00   4.4016993e+00  -6.2886248e+00
  -6.8691098e+00   4.8104445e+00  -5.3239949e+00
  -1.3530967e+01   4.9381153e+00  -1.2260480e+01
  -1.2637811e+01  -7.9786107e-01  -8.9162422e+00
  -9.3347842e+00   2.4363912e+00  -7.0751224e+00
  -1.2298819e+01  -2.5651974e-01  -8.8781518e+00
  -9.0719512e+00   2.8654973e+00  -6.9749398e+00
  -9.7717364e+00  -1.0120233e+00  -5.6059320e+00
  -1.0260207e+01   6.7260610e+00  -9.3355192e+00
