   3.1726012e+00   2.2374312e+01   3.2501772e+00
   1.9299454e+00   1.9233256e+01   2.0630231e+00
   2.4920659e+00   1.7563712e+01   2.7047463e+00
   1.7016860e+00   1.7006526e+01   1.9173100e+00
   2.2728704e+00   2.2324816e+01   2.3413502e+00
   2.1932155e+00   2.0639012e+01   2.2931065e+00
   2.0237385e+00   1.6738978e+01   2.2639736e+00
   1.9771288e+00   1.8327164e+01   2.1423273e+00
   2.0841466e+00   2.2544574e+01   2.1474899e+00
   2.1362233e+00   1.9448764e+01   2.2666466e+00
   2.5210067e+00   1.8560051e+01   2.6905744e+00
   3.2984778e-01   1.9192995e+01   4.3862786e-01
   2.5639866e+00   2.1722503e+01   2.6461363e+00
   1.4215268e+00   1.7789906e+01   1.5945677e+00
   2.5541349e+00   1.8115344e+01   2.7430464e+00
   5.5314504e-02   1.7228931e+01   2.2081564e-01
   2.0643214e+00   2.1382293e+01   2.1469115e+00
   1.6162871e+00   2.0758977e+01   1.7058329e+00
   2.8877775e+00   1.9285562e+01   3.0393735e+00
   2.6335273e+00   2.2334462e+01   2.7056010e+00
   2.3456388e+00   2.1726537e+01   2.4250987e+00
   2.6873350e+00   2.4507412e+01   2.7313464e+00
   3.0257159e+00   1.9289535e+01   3.1804584e+00
   2.4085511e+00   2.0143623e+01   2.5241496e+00
   5.2872778e-01   2.0028138e+01   6.2067459e-01
   2.2348418e+00   2.3905677e+01   2.2821360e+00
   1.9868742e+00   2.2417311e+01   2.0512054e+00
   1.7161779e+00   2.1476832e+01   1.7931129e+00
   1.4294992e+00   2.0650528e+01   1.5190019e+00
   2.3601022e+00   2.1479273e+01   2.4444087e+00
   2.7092352e+00   1.9034529e+01   2.8655562e+00
   7.7056708e-01   2.1505190e+01   8.3799463e-01
   2.3235373e+00   1.9409632e+01   2.4588017e+00
   1.9106591e+00   2.3000859e+01   1.9662870e+00
   3.1242143e+00   2.3389223e+01   3.1851212e+00
   3.2002248e+00   1.9056036e+01   3.3681282e+00
   3.1582030e+00   1.8712530e+01   3.3388229e+00
   1.2482256e+00   1.4283349e+01   1.6287150e+00
   2.2539901e+00   2.0361246e+01   2.3614471e+00
   3.0200275e+00   1.7578528e+01   3.2499752e+00
   2.8990907e+00   1.9506692e+01   3.0433719e+00
   1.5323302e+00   1.7751878e+01   1.7095741e+00
   2.9022667e+00   2.2195744e+01   2.9797873e+00
   1.7607302e+00   2.0923387e+01   1.8486867e+00
   2.9345380e+00   1.8606989e+01   3.1132405e+00
   4.6165301e-01   1.9480183e+01   5.6511645e-01
   3.1100441e+00   2.2906364e+01   3.1779830e+00
   2.2049693e+00   1.9628017e+01   2.3313571e+00
   3.5140626e+00   2.1938811e+01   3.6046358e+00
   1.7343519e+00   1.8749668e+01   1.8791057e+00
   3.5529285e+00   2.2058497e+01   3.6415836e+00
   2.2846028e+00   2.4848293e+01   2.3229349e+00
   2.9249652e+00   2.0104496e+01   3.0511068e+00
   7.6968360e-01   1.8515211e+01   9.0399349e-01
   3.5236625e+00   2.2622242e+01   3.6011211e+00
   1.1150906e+00   1.8549194e+01   1.2544527e+00
   3.2291046e+00   1.8873941e+01   3.4050573e+00
  -2.0727193e-01   1.7898943e+01  -6.9692892e-02
   3.4037376e+00   2.2415768e+01   3.4834353e+00
   1.7815722e+00   2.2579980e+01   1.8417703e+00
  -5.8879329e-01   1.7346327e+01  -4.3907490e-01
   2.8418447e+00   2.3339075e+01   2.9008347e+00
   1.3028417e+00   2.0110385e+01   1.4025074e+00
   1.6614713e+00   2.2203176e+01   1.7260495e+00
   1.8530886e+00   2.0303689e+01   1.9558923e+00
   2.2274576e+00   2.1600666e+01   2.3078597e+00
   3.3432813e+00   1.9076116e+01   3.5142654e+00
   1.0533976e+00   2.2884082e+01   1.1042808e+00
   2.5478013e+00   1.9982757e+01   2.6702974e+00
   2.1033819e+00   2.1512826e+01   2.1839719e+00
   2.2710916e+00   1.9742312e+01   2.3953806e+00
   1.1125871e-01   1.7120060e+01   2.8209190e-01
   1.4734709e+00   1.7568467e+01   1.6568978e+00
   3.8725949e-01   1.6183884e+01   6.0643925e-01
   2.8692992e+00   1.9952060e+01   2.9988508e+00
  -8.7434346e-01   1.4387322e+01  -5.8774119e-01
   3.1017541e+00   2.1508324e+01   3.1954695e+00
   7.8424790e-01   1.7342975e+01   9.6058749e-01
   2.6471760e+00   2.2727504e+01   2.7131343e+00
   1.6509827e+00   2.2111223e+01   1.7168494e+00
   2.0969594e+00   1.7686883e+01   2.2918918e+00
   1.4707013e-03   1.8400595e+01   1.2703311e-01
   1.9395708e+00   2.2818007e+01   1.9978316e+00
   1.4039060e+00   1.9481199e+01   1.5207211e+00
   2.5613176e+00   1.6505498e+01   2.8361128e+00
   4.9774078e-01   2.1453624e+01   5.6369593e-01
   2.3154717e+00   2.1334361e+01   2.4020770e+00
   1.6850085e+00   2.1007459e+01   1.7703718e+00
   1.4017428e+00   2.1787962e+01   1.4703380e+00
   1.5134348e+00   1.7412588e+01   1.7046413e+00
