   2.4111455e+00   2.1190745e+01   2.5019405e+00
   2.9444945e+00   1.7592118e+01   3.1710104e+00
   2.2235205e+00   1.8422337e+01   2.3910073e+00
   2.4052453e+00   1.6562596e+01   2.6700673e+00
   1.6335891e+00   1.8484376e+01   1.7853446e+00
   3.5173181e+00   1.8731972e+01   3.7078077e+00
   1.9050584e+00   2.0235626e+01   2.0102601e+00
   3.6634415e+00   1.8769318e+01   3.8568592e+00
   5.2884506e-01   1.6141877e+01   7.5408989e-01
   1.5608352e+00   1.6411067e+01   1.8034895e+00
   1.6204927e+00   1.9955898e+01   1.7283326e+00
   2.1505481e+00   1.6963960e+01   2.3828407e+00
   2.0648765e+00   2.0824734e+01   2.1588173e+00
   2.6697188e+00   1.5763442e+01   3.0018315e+00
   1.7374228e+00   1.7028832e+01   1.9530209e+00
   1.8709292e+00   1.5971639e+01   2.1516745e+00
   1.7665845e+00   1.6819651e+01   1.9938177e+00
   2.3492555e+00   1.8517029e+01   2.5161802e+00
   2.9645303e+00   1.8973078e+01   3.1294625e+00
   3.6131110e+00   2.1866107e+01   3.7067058e+00
   2.5274680e+00   1.7391951e+01   2.7499819e+00
   3.7503581e+00   2.2119438e+01   3.8406233e+00
   3.1512638e+00   2.1044600e+01   3.2563967e+00
   4.2584019e+00   2.0752146e+01   4.3932471e+00
   8.0124370e-01   1.4491185e+01   1.1427462e+00
   2.0934145e+00   2.1341985e+01   2.1771254e+00
   1.9047480e+00   1.9743632e+01   2.0226021e+00
   2.6941525e+00   1.9236049e+01   2.8430048e+00
   2.7159865e+00   2.0565937e+01   2.8257852e+00
   3.1041116e+00   2.1746080e+01   3.1928492e+00
   2.3521090e+00   1.6829542e+01   2.5990346e+00
   2.3744899e+00   2.0473434e+01   2.4810676e+00
   2.4600488e+00   1.7730192e+01   2.6636907e+00
   2.4575050e+00   2.0417557e+01   2.5668040e+00
   2.0271737e+00   1.7464140e+01   2.2303544e+00
   3.5864042e+00   1.7990277e+01   3.8153181e+00
   2.0703710e+00   2.0976509e+01   2.1611490e+00
   3.6638190e+00   1.9274963e+01   3.8358159e+00
   8.1614553e-01   1.4140989e+01   1.1871975e+00
   1.9600630e+00   1.7174768e+01   2.1752296e+00
   2.2139892e+00   1.7837251e+01   2.4055027e+00
   2.4600784e+00   1.6105295e+01   2.7570567e+00
   2.8430098e+00   2.1875940e+01   2.9257181e+00
   3.0013891e+00   1.7639650e+01   3.2274288e+00
   1.7806309e+00   1.5853675e+01   2.0654474e+00
   2.0888052e+00   1.8398204e+01   2.2539515e+00
   2.3253683e+00   1.6600893e+01   2.5847148e+00
   2.0625361e+00   1.6252678e+01   2.3329842e+00
   3.0621368e+00   2.2159255e+01   3.1422695e+00
   3.2817124e+00   1.8355541e+01   3.4818389e+00
   1.5092222e+00   1.6564274e+01   1.7417474e+00
   1.4656363e+00   1.8490451e+01   1.6137115e+00
   1.9344375e+00   2.1499783e+01   2.0133445e+00
   2.4012956e+00   1.7578074e+01   2.6103957e+00
   2.9393687e+00   1.9937943e+01   3.0707596e+00
   2.3974680e+00   1.7892600e+01   2.5917555e+00
   2.4983195e+00   1.6724294e+01   2.7569957e+00
   1.7481689e+00   1.8411650e+01   1.9049871e+00
   2.7396395e+00   1.7735389e+01   2.9518786e+00
   2.1760360e+00   1.9401179e+01   2.3086669e+00
   9.3197190e-01   1.4386979e+01   1.2878900e+00
   2.1559031e+00   2.1617753e+01   2.2351626e+00
   2.1678906e+00   1.7989681e+01   2.3515162e+00
   2.7929642e+00   2.0370999e+01   2.9091805e+00
   3.1027891e+00   2.0161166e+01   3.2307850e+00
   3.4057129e+00   2.0864383e+01   3.5198358e+00
   2.7367688e+00   1.7180035e+01   2.9781125e+00
   2.7427604e+00   2.1899857e+01   2.8237664e+00
   2.6300840e+00   1.7801680e+01   2.8356035e+00
   2.6121069e+00   1.9646657e+01   2.7457926e+00
   1.4823304e+00   1.9656495e+01   1.5957158e+00
   1.3506968e+00   1.4800932e+01   1.6929449e+00
   1.6369907e+00   2.0473095e+01   1.7329158e+00
   1.8475029e+00   1.5914000e+01   2.1310692e+00
   1.1125140e+00   1.7444626e+01   1.2922916e+00
   1.2187629e+00   1.5093266e+01   1.5328566e+00
   1.2342899e+00   1.5528572e+01   1.5188672e+00
   1.3482226e+00   1.5731384e+01   1.6240016e+00
   2.1913625e+00   2.0692131e+01   2.2900091e+00
   2.9893451e+00   1.7854581e+01   3.2039693e+00
   1.2897240e+00   1.6731447e+01   1.5068006e+00
   1.7957631e+00   1.7084893e+01   2.0103479e+00
   1.5732496e+00   1.6416008e+01   1.8160467e+00
   1.8388852e+00   1.8245890e+01   2.0039295e+00
   1.7486966e+00   1.5310155e+01   2.0703263e+00
   2.0138626e+00   1.8831252e+01   2.1616625e+00
   1.9731515e+00   1.8361308e+01   2.1369570e+00
   2.4131871e+00   1.8558024e+01   2.5801152e+00
   9.3706030e-01   1.6603458e+01   1.1504021e+00
   1.9945898e+00   1.5198983e+01   2.3366179e+00
