  -6.9416288e+00   5.2884358e+00  -5.5479042e+00
  -9.8789043e+00  -2.5566628e+00  -4.5149958e+00
  -7.7753104e+00   2.9019643e+00  -5.5895353e+00
  -1.0649124e+01  -1.5494733e+00  -6.2251619e+00
  -1.1404050e+01   2.8935831e+00  -9.4393615e+00
  -4.3670631e+00   4.9289701e+00  -2.6132504e+00
  -7.1738967e+00   5.7023156e+00  -5.9093091e+00
  -9.2344998e+00   1.3783965e+00  -6.4644182e+00
  -6.3741518e+00   6.3921237e+00  -5.2408621e+00
  -7.5558558e+00   5.5590669e+00  -6.2731151e+00
  -8.0034447e+00   2.6656892e+00  -5.7353853e+00
  -7.6535067e+00   4.7895190e+00  -6.1539129e+00
  -8.9970737e+00   5.4532531e+00  -7.7496880e+00
  -7.9321996e+00   6.0509696e+00  -6.7920257e+00
  -6.6151848e+00   5.9996488e+00  -5.3972764e+00
  -1.8453819e+01   2.7537462e+00  -1.6572682e+01
  -7.9669572e+00   4.7352913e+00  -6.4689631e+00
  -7.4165617e+00   4.9215061e+00  -5.9430636e+00
  -6.6348428e+00   2.0741175e+00  -3.9110176e+00
  -1.1125320e+01   3.9317146e+00  -9.5126574e+00
  -5.7822041e+00   7.5693974e+00  -4.8762696e+00
  -9.6803406e+00   2.3221952e+00  -7.3948643e+00
  -7.4902496e+00   6.0350688e+00  -6.3267612e+00
  -7.4316723e+00   6.2131194e-01  -3.9814304e+00
  -6.3544285e+00   6.9918245e+00  -5.3571880e+00
  -8.3994228e+00   2.1350685e+00  -5.9247003e+00
  -3.5805243e+00   5.4458728e+00  -1.9096698e+00
  -8.5090094e+00   5.4402763e+00  -7.2389279e+00
  -6.1608395e+00   5.4290698e+00  -4.7547036e+00
  -6.7302025e+00   4.9750292e+00  -5.2272427e+00
  -3.6047142e+00   7.8620716e+00  -2.6252400e+00
  -1.1137390e+01   3.8468771e+00  -9.4977625e+00
  -6.3412233e+00   7.6288388e+00  -5.4719364e+00
  -9.4041026e+00   4.1434059e+00  -7.7928028e+00
  -6.7296630e+00   4.8656470e+00  -5.1919863e+00
  -6.9295042e+00   5.3248961e+00  -5.5456224e+00
  -1.0611929e+01   2.0937878e+00  -8.2841438e+00
  -1.4338365e+01   3.1251591e+00  -1.2536814e+01
  -7.3637765e+00   8.0868547e+00  -6.6110375e+00
  -7.0502132e+00   3.1925325e+00  -4.9177772e+00
  -4.8648232e+00   4.4724797e+00  -3.0009439e+00
  -8.0534212e+00   6.8270449e+00  -7.0905592e+00
  -6.6113682e+00   2.9248931e+00  -4.3095033e+00
  -7.8217314e+00   4.1499021e+00  -6.1235218e+00
  -1.1099670e+01   1.6484938e+00  -8.5988559e+00
  -9.3284552e+00   4.7764770e+00  -7.9082483e+00
  -6.0124058e+00   2.9588118e+00  -3.6457498e+00
  -8.5339761e+00   7.6812977e+00  -7.7449743e+00
  -8.1730151e+00   3.2792345e+00  -6.1773676e+00
  -1.6477625e+01   1.3104658e+00  -1.4000435e+01
  -8.7203346e+00   5.3120710e+00  -7.4248860e+00
  -7.1695805e+00   4.6761833e+00  -5.6026058e+00
  -9.2893789e+00   2.6529504e+00  -7.1190941e+00
  -9.0141549e+00   2.8157854e+00  -6.8926879e+00
  -8.9979745e+00   6.7941956e+00  -8.0569887e+00
  -7.7824567e+00   4.3507708e+00  -6.1498609e+00
  -8.4748190e+00   6.4973542e+00  -7.4565085e+00
  -7.1758958e+00   4.1703767e+00  -5.4375076e+00
  -1.1155926e+01   4.4434157e+00  -9.7009298e+00
  -9.2198960e+00   1.4966491e+00  -6.5089727e+00
  -9.6508232e+00   2.2160157e+00  -7.3165322e+00
  -9.5815225e+00   5.2242263e-01  -6.3784057e+00
  -9.3657648e+00  -9.5499990e-01  -5.1755606e+00
  -1.0244394e+01   1.3270722e+00  -7.5336509e+00
  -1.1654139e+01   1.8682328e+00  -9.2808466e+00
  -1.2220688e+01  -2.5321198e-01  -8.7966900e+00
  -8.4925364e+00   2.4045363e+00  -6.1517324e+00
  -7.7718295e+00   1.3834917e+00  -4.8359835e+00
  -1.0233878e+01   1.4537398e+00  -7.5849874e+00
  -8.0593220e+00   1.2494870e+00  -5.0873531e+00
  -8.5935044e+00   4.4830578e+00  -7.0509619e+00
  -7.0024438e+00   6.2070471e+00  -5.8574692e+00
  -6.9010956e+00   1.0914274e+01  -6.4903523e+00
  -6.9169007e+00   9.0521857e+00  -6.2964526e+00
  -7.8548330e+00   7.3065278e+00  -6.9798612e+00
  -7.2999352e+00   5.4925808e+00  -5.9854360e+00
  -6.6854079e+00   4.9035011e+00  -5.1565339e+00
  -7.8153117e+00   6.8108425e+00  -6.8408514e+00
  -5.5387443e+00   7.3204254e+00  -4.5694674e+00
  -8.0514219e+00   5.2424290e+00  -6.7067917e+00
  -6.8962484e+00   6.0486936e+00  -5.7065212e+00
  -7.1491645e+00   3.0430875e+00  -4.9624241e+00
  -4.3169375e+00   4.5549020e+00  -2.4093286e+00
  -9.4031675e+00   6.2482112e+00  -8.3587989e+00
  -7.5471443e+00   5.3945575e+00  -6.2190031e+00
  -9.7867594e+00   4.4816927e+00  -8.2975112e+00
  -7.8584939e+00   2.2578103e+00  -5.3871560e+00
  -7.9833443e+00   6.1133848e+00  -6.8601761e+00
  -8.3579633e+00   1.6494908e+01  -8.2474675e+00
  -8.6562200e+00   5.4056507e+00  -7.3830814e+00
