  -3.6578873e+00   6.6308355e+00  -2.3775188e+00
  -4.2459975e+00   6.4409113e+00  -2.9702191e+00
  -3.7685201e+00   6.5200162e+00  -2.4681469e+00
  -4.1767012e+00   6.6978651e+00  -2.9644272e+00
  -2.9740281e+00   1.0723016e+01  -2.4316156e+00
  -3.3541422e+00   1.1214841e+01  -2.8832617e+00
  -5.7218746e+00   7.3028560e+00  -4.7587060e+00
  -2.0700936e+00   1.1976806e+01  -1.6284920e+00
  -3.0331182e+00   1.0972538e+01  -2.5229380e+00
  -4.2715943e+00   6.4305768e+00  -2.9953244e+00
  -2.9283891e+00   6.5613478e+00  -1.5440295e+00
  -3.4000479e+00   8.4828376e+00  -2.5330483e+00
  -2.1567165e+00   7.7919376e+00  -1.0254187e+00
  -4.8927359e+00   6.8750649e+00  -3.7824655e+00
  -1.8036945e+00   1.0604358e+01  -1.1844652e+00
  -3.1607279e+00   1.1720352e+01  -2.7344013e+00
  -4.8289277e+00   7.2631609e+00  -3.8045972e+00
  -3.7730964e+00   7.1715708e+00  -2.6468189e+00
  -7.8926616e+00   5.0913197e+00  -6.4969628e+00
  -4.2477427e+00   5.3933980e+00  -2.6464041e+00
  -3.0934534e+00   7.4882190e+00  -1.9833509e+00
  -4.8502985e+00   7.5635931e+00  -3.8924794e+00
  -2.1205629e+00   1.0470033e+01  -1.5013068e+00
  -2.9191991e+00   6.6048661e+00  -1.5470070e+00
  -2.0525519e+00   1.1405949e+01  -1.5488004e+00
  -4.1144544e+00   7.7956395e+00  -3.1578319e+00
  -2.9439989e+00   8.8840313e+00  -2.1210300e+00
  -2.6550539e+00   8.9810732e+00  -1.8292799e+00
  -4.4866754e+00   9.8600911e+00  -3.8972067e+00
  -3.3946818e+00   6.0031139e+00  -1.8921315e+00
  -3.1233938e+00   6.5531737e+00  -1.7606664e+00
  -3.6614207e+00   7.3025084e+00  -2.5576316e+00
  -2.6590180e+00   9.5328160e+00  -1.9300529e+00
  -4.1979411e+00   7.2243920e+00  -3.1195165e+00
  -2.6948386e+00   6.6021409e+00  -1.2927786e+00
  -5.3573851e+00   8.2009774e+00  -4.5496682e+00
  -3.4232225e+00   1.0626863e+01  -2.8883210e+00
  -2.8526859e+00   8.6167353e+00  -1.9719219e+00
  -2.2096811e+00   1.0801446e+01  -1.6400799e+00
  -4.5417482e+00   9.4766406e+00  -3.9018791e+00
  -3.0647420e+00   6.9894373e+00  -1.8212892e+00
  -2.9122827e+00   6.1777663e+00  -1.4026292e+00
  -3.1415448e+00   1.0339382e+01  -2.5580458e+00
  -4.9082697e+00   6.3198712e+00  -3.6570868e+00
  -2.5346644e+00   8.7838933e+00  -1.6619677e+00
  -2.9186499e+00   7.1987499e+00  -1.7162635e+00
  -2.8561633e+00   8.2308498e+00  -1.8960915e+00
  -3.9780985e+00   9.5357867e+00  -3.3220491e+00
  -2.5108993e+00   1.0201738e+01  -1.8759197e+00
  -2.8324988e+00   9.8623519e+00  -2.1658580e+00
  -1.5048419e+00   1.0158712e+01  -7.9843541e-01
  -4.3873310e+00   8.9572204e+00  -3.6616925e+00
  -9.7994514e+00   1.4158632e+00  -7.0982807e+00
  -3.2159959e+00   7.1791305e+00  -2.0393755e+00
  -2.3586159e+00   7.4142994e+00  -1.1511941e+00
  -5.5650443e+00   7.9463411e+00  -4.7208170e+00
  -1.7511409e+00   9.1241246e+00  -8.7949779e-01
  -4.5657520e+00   1.3580339e+01  -4.3123031e+00
  -3.5568293e+00   6.6676645e+00  -2.2763259e+00
  -5.5844066e+00   7.5396101e+00  -4.6626847e+00
  -3.6047382e+00   8.4482722e+00  -2.7449791e+00
  -4.4977419e+00   8.5395935e+00  -3.7074550e+00
  -5.4591822e+00   5.5225546e+00  -4.0247742e+00
  -3.5216877e+00   8.5480397e+00  -2.6753906e+00
  -4.4256174e+00   8.2286445e+00  -3.5749391e+00
  -5.0218628e+00   7.2560151e+00  -4.0083594e+00
  -1.6818394e+00   7.8481396e+00  -5.0874380e-01
  -4.0031173e+00   9.8538050e+00  -3.3932281e+00
  -4.4399311e+00   7.8549000e+00  -3.5169778e+00
  -4.7908115e+00   9.1872707e+00  -4.1190427e+00
  -2.8104356e+00   1.0266801e+01  -2.2008279e+00
  -2.3425496e+00   8.6793461e+00  -1.4329667e+00
  -7.3608587e-01   8.2234296e+00   4.6315177e-01
  -6.3163665e+00   1.0165133e+01  -5.8184391e+00
   5.5363452e-02   8.5661042e+00   1.2806455e+00
  -4.1134882e+00   1.3867062e+01  -3.8690836e+00
  -1.5330325e+00   9.3795168e+00  -6.9181480e-01
  -4.3685781e+00   1.1719619e+01  -3.9774641e+00
  -2.4735735e+00   9.9974424e+00  -1.8063236e+00
  -3.2927156e+00   8.7369826e+00  -2.4664782e+00
  -1.9939436e+00   9.5690810e+00  -1.2249088e+00
  -3.9045256e+00   1.0814959e+01  -3.4096534e+00
  -2.7078247e+00   8.3722765e+00  -1.7653866e+00
  -3.8283596e+00   9.5461690e+00  -3.1667443e+00
  -1.2325852e+00   8.3364192e+00  -1.2996503e-01
  -5.1735815e+00   1.4241356e+01  -4.9630576e+00
  -3.4170862e+00   1.0617872e+01  -2.8808469e+00
  -3.7502693e+00   1.1072298e+01  -3.2781200e+00
  -3.4357564e+00   6.7596227e+00  -2.1683424e+00
  -4.4772935e+00   8.9247933e+00  -3.7507588e+00
