   2.8360477e+00   1.8844759e+01   3.0026045e+00
   1.9096198e+00   1.6840922e+01   2.1404044e+00
   2.6968584e+00   2.1594099e+01   2.7831888e+00
   2.8450513e+00   1.7141322e+01   3.0927038e+00
   1.7531147e+00   1.9618732e+01   1.8718531e+00
   2.7916588e+00   1.9693027e+01   2.9275815e+00
   2.4331045e+00   2.0870785e+01   2.5311814e+00
   3.0975653e+00   1.9726135e+01   3.2390082e+00
   5.6256281e-01   1.3893713e+01   9.4273954e-01
   1.8344033e+00   1.6928625e+01   2.0581225e+00
   1.8535814e+00   1.9357809e+01   1.9814904e+00
   2.3330925e+00   1.7337615e+01   2.5519402e+00
   2.2344321e+00   2.2281564e+01   2.3032130e+00
   2.6547544e+00   1.6552584e+01   2.9304838e+00
   2.0944039e+00   1.7838140e+01   2.2825577e+00
   2.0374154e+00   1.7740900e+01   2.2282675e+00
   1.6060126e+00   1.6530393e+01   1.8435495e+00
   2.5511265e+00   1.8719999e+01   2.7152718e+00
   3.2048886e+00   2.1686700e+01   3.2962854e+00
   3.9360449e+00   2.1782843e+01   4.0366512e+00
   2.6018778e+00   1.9615308e+01   2.7363287e+00
   3.1655754e+00   2.2493965e+01   3.2409538e+00
   3.2147821e+00   2.1388168e+01   3.3128617e+00
   3.5469051e+00   2.0352310e+01   3.6783500e+00
   5.4199645e-01   1.4612505e+01   8.6314469e-01
   2.2624897e+00   2.1560432e+01   2.3440569e+00
   1.3662797e+00   2.1227928e+01   1.4439587e+00
   2.9888820e+00   1.9530985e+01   3.1343685e+00
   2.5671471e+00   2.3609293e+01   2.6203223e+00
   2.9983828e+00   2.0836908e+01   3.1060857e+00
   2.4447631e+00   1.8279739e+01   2.6236449e+00
   2.5588492e+00   2.1084106e+01   2.6539759e+00
   1.5171858e+00   1.8609426e+01   1.6622685e+00
   2.5929534e+00   2.2534217e+01   2.6613620e+00
   2.5844140e+00   2.0461332e+01   2.6946854e+00
   3.6147342e+00   1.8082882e+01   3.8398143e+00
   9.8576886e-01   2.0305592e+01   1.0771521e+00
   3.6830886e+00   1.9440184e+01   3.8491393e+00
   1.3711085e+00   1.4422682e+01   1.7458060e+00
   2.2489962e+00   1.8048462e+01   2.4323102e+00
   2.0658631e+00   1.8651297e+01   2.2211024e+00
   1.5041363e+00   1.6374448e+01   1.7469342e+00
   2.0336983e+00   2.3400419e+01   2.0853224e+00
   2.8586966e+00   1.9480395e+01   3.0029559e+00
   1.5414443e+00   1.8139560e+01   1.7037025e+00
   2.7366693e+00   1.9017893e+01   2.8942530e+00
   2.1569461e+00   1.7708508e+01   2.3526112e+00
   2.7272642e+00   1.7801197e+01   2.9358892e+00
   3.5428321e+00   2.1857488e+01   3.6355535e+00
   2.7754914e+00   1.7345111e+01   3.0091504e+00
   1.9086758e+00   1.4936455e+01   2.2676927e+00
   1.7484196e+00   2.0419509e+01   1.8470524e+00
   2.3654533e+00   2.0458241e+01   2.4722632e+00
   2.4108502e+00   1.7254111e+01   2.6365885e+00
   2.8246614e+00   2.1516496e+01   2.9142783e+00
   2.3669255e+00   1.8199896e+01   2.5470407e+00
   2.5315511e+00   1.7442956e+01   2.7515834e+00
   1.3296993e+00   1.7421312e+01   1.5157857e+00
   2.7825882e+00   1.8144813e+01   2.9768773e+00
   2.4197625e+00   2.0118623e+01   2.5362244e+00
   7.7311239e-01   1.4602649e+01   1.1047033e+00
   2.7378601e+00   2.1349549e+01   2.8297770e+00
   2.0024009e+00   2.0047710e+01   2.1138013e+00
   3.0236289e+00   2.0571678e+01   3.1385955e+00
   2.8982619e+00   2.0609389e+01   3.0100379e+00
   3.3274259e+00   2.1574713e+01   3.4230554e+00
   2.7905447e+00   1.7476093e+01   3.0177314e+00
   2.5864442e+00   2.2175097e+01   2.6606925e+00
   2.6584010e+00   1.8134617e+01   2.8494743e+00
   2.7565133e+00   2.0432675e+01   2.8704479e+00
  -9.0612256e+00   2.2154616e+01  -9.0315783e+00
   1.2431061e+00   1.7574538e+01   1.4206348e+00
   4.7193250e-01   2.1754936e+01   5.3327080e-01
   1.5775199e+00   1.7561323e+01   1.7639083e+00
  -6.7161479e-01   1.8128005e+01  -5.4765496e-01
   1.4191943e+00   1.6437698e+01   1.6556737e+00
   1.6667559e+00   1.6607105e+01   1.9021089e+00
   1.2912699e+00   1.7164034e+01   1.4877312e+00
   2.3122292e+00   1.9753387e+01   2.4369519e+00
   3.1675959e+00   2.0776670e+01   3.2797374e+00
   1.5252544e+00   1.8351665e+01   1.6794087e+00
   2.1174537e+00   1.9086920e+01   2.2588700e+00
   1.4236714e+00   1.6659579e+01   1.6484559e+00
   2.4123490e+00   1.9679553e+01   2.5411107e+00
   1.9596373e+00   1.6691792e+01   2.2002668e+00
   2.4744693e+00   1.9711001e+01   2.6034859e+00
   1.6945793e+00   1.6052462e+01   1.9632550e+00
   2.7851940e+00   1.9375376e+01   2.9313417e+00
   9.0352221e-01   1.5221898e+01   1.1958173e+00
   2.0978863e+00   1.5223841e+01   2.4431641e+00
