  -3.3499476e+00  -1.1452844e+00   4.2708581e+00
  -5.6024483e-01   2.4446306e+00   4.4132564e+00
  -3.7472290e+00  -1.6262573e+00   4.2817864e+00
  -2.2090250e-01   3.0389938e+00   4.3047386e+00
  -1.6986997e+00   1.0471477e+00   4.1114164e+00
  -1.7795461e+00   8.8907370e-01   4.1901034e+00
  -2.2743077e+00   2.4135798e-01   4.1855884e+00
  -8.8107830e-01   1.8606001e+00   4.5944467e+00
  -2.5053282e+00   2.6978016e-01   3.6311374e+00
  -1.8011897e+00   1.2876650e+00   3.5459683e+00
  -2.6301608e+00   5.6687591e-01   2.9372063e+00
  -2.1983086e+00   9.1861396e-01   3.2831596e+00
  -2.7227178e+00  -1.7392073e-01   3.9021533e+00
  -1.1385955e+00   1.9604238e+00   3.9245407e+00
  -2.9762100e+00  -5.2364966e-02   3.1588624e+00
  -1.7309959e+00   1.7294709e+00   3.1025392e+00
  -2.7437929e+00  -7.4327259e-02   3.6840083e+00
  -1.4371134e+00   1.8113394e+00   3.5458040e+00
  -2.6060991e+00  -5.2329423e-01   4.8649440e+00
  -8.3118977e-01   1.7040332e+00   4.9539414e+00
  -6.7187581e-01   1.9273495e+00   4.9451918e+00
  -2.5961389e+00  -5.5315744e-01   4.9562602e+00
  -1.1331286e+00   1.2808376e+00   4.9855518e+00
  -1.5833350e+00   5.4883079e-01   5.2734010e+00
  -1.3756103e+00   1.4346188e+00   4.1963854e+00
  -2.6069644e+00  -2.0473121e-01   4.2244911e+00
  -1.9559834e+00   1.1038990e+00   3.4986242e+00
  -2.4131383e+00   2.9066835e-01   3.7943356e+00
  -2.1463789e+00   2.5272878e-01   4.4612131e+00
  -1.7109882e+00   8.2213999e-01   4.4541134e+00
  -2.1772588e+00   6.8330757e-01   3.6701931e+00
  -2.4581848e+00   3.0213755e-01   3.6792230e+00
  -2.0733576e+00   4.5950681e-01   4.2600427e+00
  -1.9309785e+00   7.0623185e-01   4.1590238e+00
  -2.4032438e-01   2.9633031e+00   4.3615234e+00
  -3.4804998e+00  -1.3681775e+00   4.4112238e+00
  -6.3896815e-01   2.2710516e+00   4.4955452e+00
  -2.7031427e+00  -5.8912039e-01   4.7526652e+00
  -8.0643127e-01   2.5059906e+00   3.8570081e+00
  -3.3818178e+00  -9.4102661e-01   3.7903589e+00
  -1.1618179e+00   2.4364610e+00   3.2914350e+00
  -3.6396817e+00  -9.9869082e-01   3.3125648e+00
  -1.6208911e+00   1.3258589e+00   3.8516742e+00
  -2.9804490e+00  -5.3387889e-01   3.9632642e+00
  -1.3524376e+00   1.9540271e+00   3.5228804e+00
  -3.1988241e+00  -5.1111922e-01   3.4333444e+00
  -1.4544755e+00   1.4694337e+00   3.9814055e+00
  -2.5709055e+00   8.6873194e-02   3.7901590e+00
  -1.6480177e+00   6.2897488e-01   4.9522656e+00
  -1.1862942e+00   1.0137739e+00   5.3538090e+00
  -1.7392884e+00   1.1202964e+00   3.9133213e+00
  -2.1468188e+00   6.4376209e-01   3.7952476e+00
  -1.9450224e+00   1.1375878e+00   3.4727991e+00
  -2.0908197e+00   7.2700399e-01   3.7828769e+00
  -2.3757916e+00   9.1380462e-02   4.2202507e+00
  -1.2399960e+00   1.5573387e+00   4.2953191e+00
  -2.5058187e+00   4.0483727e-01   3.4190620e+00
  -1.9693466e+00   1.1483943e+00   3.4100576e+00
  -2.2522097e+00   3.0302354e-01   4.1279127e+00
  -1.5295501e+00   1.3825297e+00   3.9550614e+00
  -1.8679935e+00   7.0050195e-01   4.3083561e+00
  -2.0046315e+00   5.2579935e-01   4.3005760e+00
  -2.2229166e+00   6.8761975e-01   3.5695775e+00
  -1.9334749e+00   8.4216927e-01   3.9344847e+00
  -2.4614133e+00  -1.4168397e-01   4.4521361e+00
  -1.1038685e+00   1.6819614e+00   4.3933792e+00
  -2.3834581e+00   3.0505312e-01   3.8348464e+00
  -1.8025335e+00   1.1159532e+00   3.7896320e+00
  -2.6617326e+00  -3.4970274e-01   4.3696969e+00
  -1.2890385e+00   1.5335308e+00   4.2283489e+00
  -2.5987304e+00   6.6879880e-01   2.8574896e+00
  -2.2132041e+00   1.0063914e+00   3.1336154e+00
  -2.7930932e+00  -1.4870719e-01   3.7021011e+00
  -1.2362139e+00   1.8570828e+00   3.8729204e+00
  -2.6745505e+00   2.8350288e-01   3.2594936e+00
  -1.8927452e+00   1.3311552e+00   3.3094948e+00
  -2.7451996e+00  -3.0754858e-02   3.6082979e+00
  -1.5554804e+00   1.6335563e+00   3.5530281e+00
  -3.2296326e+00  -4.7596227e-01   3.3082173e+00
  -1.3460454e+00   2.0048917e+00   3.4709372e+00
  -3.3768531e+00  -3.0655985e-01   2.7405553e+00
  -2.0797031e+00   1.5292524e+00   2.7171943e+00
  -3.3852168e+00  -5.3754985e-01   3.0814307e+00
  -1.6929154e+00   1.8026367e+00   3.0827891e+00
  -2.6869620e+00   4.7048691e-01   2.9624364e+00
  -1.8596934e+00   1.6209519e+00   3.0012732e+00
  -2.9879275e+00  -3.2714213e-01   3.5794476e+00
  -1.6688197e+00   1.5637698e+00   3.4284382e+00
  -3.5291312e+00  -6.9405713e-01   3.0349416e+00
  -1.7866045e+00   1.7826316e+00   2.9383740e+00
