  -2.0645740e+00   1.3102358e+00   3.0138620e+00
   5.1938371e-01   5.4332611e+00   3.3037782e+00
  -2.2830415e+00   6.4408077e-01   3.5122491e+00
   7.6434673e-01   5.4537678e+00   3.6552798e+00
  -4.1130520e-01   4.6779898e+00   2.4717776e+00
  -5.3683528e-01   3.8783351e+00   2.9040752e+00
  -1.0723057e+00   2.7963418e+00   3.0550274e+00
   6.7618203e-01   5.1389940e+00   3.7602367e+00
  -1.1044899e+00   2.8965055e+00   2.8988366e+00
  -2.6102778e-01   4.5702864e+00   2.7706401e+00
  -1.0064521e+00   2.9769652e+00   2.9814119e+00
  -8.3553206e-01   3.3398540e+00   2.9108613e+00
  -1.3177097e+00   2.6278652e+00   2.8156437e+00
   2.7960936e-02   4.8043232e+00   3.0274343e+00
  -1.1359969e+00   3.7659725e+00   2.0843219e+00
  -9.5497452e-01   4.1890674e+00   2.0332781e+00
  -1.3349497e+00   2.9752865e+00   2.4488159e+00
  -2.1881196e-01   4.6805799e+00   2.7516257e+00
  -1.1837362e+00   1.7779201e+00   4.0874509e+00
  -5.9883291e-01   2.6722793e+00   4.0419685e+00
   5.7181616e-01   5.4395802e+00   3.3769354e+00
  -1.8362987e+00   1.2276320e+00   3.5607423e+00
   4.8558056e-02   3.5837564e+00   4.1686607e+00
  -4.6694504e-01   2.6490790e+00   4.3248316e+00
   8.5041816e-02   4.0212550e+00   3.7819240e+00
  -1.4777119e+00   1.6892964e+00   3.6286137e+00
  -2.6859928e-01   3.6557499e+00   3.5432193e+00
  -1.6479912e+00   1.6109697e+00   3.4062046e+00
  -6.7996587e-01   3.1668376e+00   3.3385810e+00
  -9.4770175e-01   2.4546232e+00   3.6571955e+00
  -2.5593250e-01   4.8781940e+00   2.5571844e+00
  -2.0601216e+00   1.5060112e+00   2.7797302e+00
  -4.6934550e-01   3.5346999e+00   3.3258402e+00
  -1.1612898e+00   2.1977271e+00   3.5752209e+00
   8.6444775e-01   6.3975398e+00   3.1855912e+00
  -3.0614048e+00  -2.6912639e-01   3.3253904e+00
   4.1172962e-01   4.8123496e+00   3.6096537e+00
  -1.9848742e+00   6.8624573e-01   4.0740744e+00
   3.3169139e-01   5.0203841e+00   3.3228813e+00
  -2.2502851e+00   7.2169380e-01   3.4631040e+00
   2.8073166e-01   4.7017294e+00   3.4948077e+00
  -2.9698395e+00  -2.0375120e-01   3.4125973e+00
  -7.6474863e-02   4.3273835e+00   3.2451338e+00
  -2.3904762e+00   5.5289737e-01   3.4304417e+00
   4.1857264e-01   6.0959184e+00   2.7428243e+00
  -3.2462029e+00  -2.1500523e-01   2.8624324e+00
  -1.2919236e-01   4.3487062e+00   3.1450863e+00
  -2.1518287e+00   8.4817449e-01   3.4756783e+00
  -8.2561057e-02   3.6643685e+00   3.8517662e+00
   4.0509378e-01   4.2330216e+00   4.1178955e+00
  -3.8558226e-01   3.5684437e+00   3.4326215e+00
  -4.8651841e-01   3.7301667e+00   3.1146499e+00
  -5.7819014e-01   3.3290178e+00   3.3463515e+00
  -4.3874322e-01   3.6886421e+00   3.2301759e+00
  -6.5977822e-01   3.1731520e+00   3.3664785e+00
  -1.1157677e-02   4.1956668e+00   3.4626524e+00
  -4.7022052e-01   4.5503576e+00   2.4768438e+00
  -1.0955468e+00   3.3080615e+00   2.5254450e+00
  -8.3964175e-01   3.2190521e+00   3.0192137e+00
  -2.7394821e-01   4.1182013e+00   3.1117447e+00
  -4.3969383e-01   3.3705487e+00   3.5394591e+00
  -5.5154770e-01   3.3643810e+00   3.3558388e+00
  -6.9485065e-01   2.9687670e+00   3.5224831e+00
  -6.8032316e-01   3.0820570e+00   3.4262384e+00
  -8.7626214e-01   2.8511798e+00   3.3333062e+00
  -1.5312514e-01   3.8327739e+00   3.5647162e+00
  -2.8097317e-01   4.5562817e+00   2.7514166e+00
  -1.3772249e+00   2.7428725e+00   2.6018317e+00
  -1.2379464e+00   2.5209443e+00   3.0642561e+00
  -1.7079731e-01   3.9458019e+00   3.4294808e+00
  -9.3670756e-01   3.2027364e+00   2.8759792e+00
  -1.2798065e+00   2.5428287e+00   2.9688179e+00
  -1.2490785e+00   2.8904635e+00   2.6670636e+00
  -4.7442004e-01   3.7381000e+00   3.1269301e+00
  -1.0818287e+00   4.1310326e+00   1.8925286e+00
  -1.5517368e+00   2.8609209e+00   2.2114807e+00
  -1.2910313e+00   2.9778622e+00   2.5164064e+00
  -8.2706776e-01   3.3004255e+00   2.9617654e+00
  -1.8187828e+00   2.4424295e+00   2.1800712e+00
  -8.8733609e-01   3.4250986e+00   2.7495207e+00
  -1.6466603e+00   3.7161215e+00   1.3843205e+00
  -1.9409390e+00   2.6075188e+00   1.8351526e+00
  -2.0083348e+00   2.4103241e+00   1.9104526e+00
  -9.7489617e-01   3.3693116e+00   2.6608785e+00
  -4.5539943e-01   5.0342120e+00   2.1715774e+00
  -1.3990851e+00   2.9480063e+00   2.3722809e+00
  -1.4115523e+00   2.8073214e+00   2.4839526e+00
  -9.2738919e-01   3.3415092e+00   2.7615852e+00
  -2.1143588e+00   2.3756157e+00   1.7772520e+00
  -1.1911567e+00   3.7123453e+00   2.0443642e+00
