   1.6581253e+00   1.0479886e+01   2.6411883e+00
   2.4444029e+00   1.3014640e+01   3.0546901e+00
   4.3498602e-01   7.9562358e+00   1.9257101e+00
   2.1613982e+00   1.3633003e+01   2.6666319e+00
   2.5421343e+00   1.4996165e+01   2.9315729e+00
   2.3009161e+00   1.3385215e+01   2.8479185e+00
   2.1951522e+00   1.5157397e+01   2.5509285e+00
   3.6451738e+00   1.4939571e+01   4.1172015e+00
   1.9230022e+00   1.0181023e+01   3.0232588e+00
   3.2669519e+00   1.3402369e+01   3.9037421e+00
   1.7312495e+00   1.1831903e+01   2.4536675e+00
   1.4245284e+00   1.1544953e+01   2.1630306e+00
   1.7569096e+00   1.1024995e+01   2.6341003e+00
   3.0539623e+00   1.4447602e+01   3.5342848e+00
   1.3409017e+00   1.0947742e+01   2.1802650e+00
   1.5483693e+00   1.2699300e+01   2.1222522e+00
   1.0756856e+00   9.6473682e+00   2.1725526e+00
   1.9813890e+00   1.4243916e+01   2.4077666e+00
   1.4333386e+00   8.6969646e+00   2.8864969e+00
   1.2994677e+00   8.6508815e+00   2.7380873e+00
   3.5782683e+00   1.5209649e+01   4.0162332e+00
   1.3838631e+00   8.2118763e+00   3.0048807e+00
   3.0220649e+00   1.4852818e+01   3.4565470e+00
   3.0819079e+00   1.0282839e+01   4.3887293e+00
   2.9199228e+00   1.0958075e+01   3.9972336e+00
   2.4664410e+00   8.7220656e+00   4.1871755e+00
   2.5971323e+00   1.2656290e+01   3.2776049e+00
   1.2790741e+00   8.2991195e+00   2.8398160e+00
   2.4131904e+00   1.1126789e+01   3.3631434e+00
   2.3240329e+00   9.4387824e+00   3.7304765e+00
   2.0606051e+00   1.1918916e+01   2.8047911e+00
   7.6179447e-01   8.4486325e+00   2.1530051e+00
   2.0008194e+00   1.0249009e+01   3.0968963e+00
   1.3993963e+00   8.9920291e+00   2.7458522e+00
   3.2774780e+00   1.6158149e+01   3.6111080e+00
   7.0480411e-02   5.0338347e+00   2.9236243e+00
   3.0518134e+00   1.6024899e+01   3.3836787e+00
   1.2424534e+00   6.1375447e+00   3.8886887e+00
   2.6427743e+00   1.1978132e+01   3.4479159e+00
   9.4818264e-01   5.5544944e+00   3.8603639e+00
   2.6675668e+00   1.3491638e+01   3.2326740e+00
  -2.5026751e-01   4.8762887e+00   2.5666687e+00
   2.3613431e+00   1.1802694e+01   3.1633573e+00
   9.4309804e-01   6.2001389e+00   3.4138463e+00
   2.0885356e+00   1.2724400e+01   2.7068226e+00
  -8.1011348e-02   5.7150324e+00   2.2778424e+00
   1.9531575e+00   1.0340166e+01   3.0174601e+00
   3.6065339e-01   6.0009788e+00   2.7176080e+00
   3.2835218e+00   1.5441746e+01   3.6784334e+00
   3.5120704e+00   1.2858734e+01   4.2679297e+00
   2.4223288e+00   1.0764910e+01   3.4598258e+00
   3.0832200e+00   1.2674037e+01   3.8172439e+00
   2.3709263e+00   1.2337159e+01   3.0786967e+00
   1.8978533e+00   1.1751389e+01   2.6528941e+00
   2.3637308e+00   1.1604119e+01   3.2047860e+00
   3.0202154e+00   1.2938252e+01   3.7023446e+00
   1.7359957e+00   1.1182840e+01   2.5783786e+00
   1.5262810e+00   1.1874254e+01   2.2201480e+00
   1.7592053e+00   9.9786361e+00   2.8843675e+00
   1.9864899e+00   1.3656316e+01   2.4759165e+00
   2.7215014e+00   1.0424579e+01   3.9061710e+00
   3.3855599e+00   1.2898921e+01   4.1179939e+00
   2.4365745e+00   1.2101767e+01   3.1927449e+00
   2.0911205e+00   1.2459796e+01   2.7493503e+00
   2.3114793e+00   1.0716611e+01   3.3420882e+00
   3.0682415e+00   1.3894635e+01   3.6166213e+00
   1.8595657e+00   1.1567484e+01   2.6434730e+00
   1.5024484e+00   1.2232211e+01   2.1383021e+00
   1.6191640e+00   9.3287678e+00   2.9049221e+00
   2.2380483e+00   1.4437311e+01   2.6615856e+00
   1.5858476e+00   1.1790383e+01   2.2997309e+00
   1.3656695e+00   1.0457451e+01   2.3112359e+00
   1.6368690e+00   1.0962733e+01   2.5109493e+00
   2.3584506e+00   1.0953557e+01   3.3397466e+00
   1.1165617e+00   1.0881144e+01   1.9419139e+00
   1.0588303e+00   1.0184376e+01   2.0228809e+00
   1.0255015e+00   9.4134896e+00   2.1761996e+00
   1.4490468e+00   1.1792253e+01   2.1484446e+00
   7.3975632e-01   1.0380150e+01   1.6198998e+00
   1.9852146e+00   9.8903439e+00   3.1767312e+00
   3.9904518e-01   1.0423922e+01   1.2309184e+00
   7.0894348e-01   8.7681335e+00   1.9888081e+00
   1.3742601e-01   8.7343780e+00   1.3285250e+00
   1.2344032e+00   9.6815967e+00   2.3483592e+00
   1.4096754e+00   1.1651250e+01   2.1284426e+00
   1.5231635e+00   1.1938317e+01   2.2063769e+00
   1.2988468e+00   9.6433068e+00   2.4339164e+00
   1.9863935e+00   1.2253978e+01   2.6662869e+00
   1.1245267e-01   8.8650557e+00   1.2638938e+00
   1.1251643e+00   1.2849954e+01   1.6470526e+00
