  -1.0204259e+00   2.6516561e+00   3.2995088e+00
   1.0901586e+00   5.4744651e+00   4.1422277e+00
  -2.0097861e+00   1.0457566e+00   3.4745601e+00
   1.0799841e+00   6.2847588e+00   3.5568738e+00
   3.8121091e-01   5.7537795e+00   2.8938297e+00
  -5.2179066e-01   4.2116944e+00   2.6542779e+00
  -2.5669996e-01   4.4299044e+00   2.8844048e+00
   7.6062136e-01   5.1135520e+00   3.9131203e+00
  -6.1934767e-01   3.6274358e+00   2.9943985e+00
   4.1835389e-01   5.1898064e+00   3.3276068e+00
  -6.4919572e-01   3.4379570e+00   3.1219008e+00
   5.3673676e-02   4.2829215e+00   3.4899429e+00
  -8.6813705e-01   3.3266885e+00   2.8704396e+00
   4.3503929e-01   5.3262135e+00   3.2543350e+00
  -7.5704602e-01   4.6742739e+00   1.9818099e+00
  -5.6407636e-01   4.5709424e+00   2.3260854e+00
  -8.6155310e-01   3.8577327e+00   2.4219492e+00
  -2.1262257e-02   5.2402791e+00   2.6505795e+00
  -8.9085126e-01   2.2411760e+00   4.0337460e+00
  -3.8342347e-01   3.1632307e+00   3.8600718e+00
   1.2930766e+00   6.6514344e+00   3.6377795e+00
  -1.8244562e+00   1.3808149e+00   3.3737915e+00
   7.1496166e-01   5.0087631e+00   3.9270276e+00
  -3.0128387e-01   2.7199813e+00   4.5579360e+00
   5.8324403e-01   4.6765592e+00   4.0006598e+00
  -8.1620685e-01   2.2953558e+00   4.1076712e+00
   1.6468325e-01   4.2742006e+00   3.6776160e+00
  -8.3797299e-01   2.4331460e+00   3.8882292e+00
  -2.9610903e-01   3.7728918e+00   3.3849469e+00
  -6.8483026e-01   2.8008159e+00   3.7289258e+00
   1.3533839e-01   5.6243322e+00   2.6287420e+00
  -1.8385767e+00   1.6502317e+00   3.0038426e+00
   1.4332445e-01   4.6116244e+00   3.3538407e+00
  -1.2066168e+00   2.3263893e+00   3.3382344e+00
   1.4523489e+00   7.5182380e+00   3.3948141e+00
  -2.9803561e+00  -1.2451265e-01   3.2630992e+00
   9.6349864e-01   6.2253485e+00   3.4273407e+00
  -1.7154403e+00   1.0119037e+00   4.1312971e+00
   6.4946158e-01   5.6797840e+00   3.3258315e+00
  -1.6958558e+00   1.3239998e+00   3.7034700e+00
   5.6976977e-01   5.3937861e+00   3.4064288e+00
  -2.4284683e+00   4.2821300e-01   3.5425530e+00
   2.9301926e-01   4.9998982e+00   3.2797945e+00
  -2.1799707e+00   7.9883358e-01   3.4912793e+00
   7.7648657e-01   7.1529020e+00   2.6784992e+00
  -3.0165124e+00   7.2689426e-02   2.8904009e+00
   3.5107038e-01   5.2909023e+00   3.1552444e+00
  -2.0294484e+00   1.0414509e+00   3.4418041e+00
   6.0689077e-01   5.1657781e+00   3.6320454e+00
   5.5710889e-01   4.3551260e+00   4.2580740e+00
   1.1825004e-01   4.3288120e+00   3.5534777e+00
   2.1895601e-01   4.5771829e+00   3.5008012e+00
  -3.0015512e-01   3.8332244e+00   3.3221804e+00
   3.8573966e-01   4.6720775e+00   3.6854114e+00
  -1.6772880e-01   3.9753461e+00   3.4074107e+00
   3.5074484e-01   4.8397600e+00   3.4922959e+00
  -1.0234040e-01   5.3273657e+00   2.4802200e+00
  -7.9506029e-01   3.6672148e+00   2.6817625e+00
  -3.2468881e-01   4.1235259e+00   3.0277891e+00
  -5.3737655e-02   4.7290276e+00   2.9613822e+00
  -1.7949086e-02   4.0340406e+00   3.5985495e+00
   1.8792962e-01   4.1728633e+00   3.8096109e+00
  -2.4607485e-01   3.6748977e+00   3.5622869e+00
   1.8899219e-01   3.9929306e+00   3.9859392e+00
  -4.6946776e-01   3.5019199e+00   3.3575124e+00
   3.5642900e-01   4.5268731e+00   3.7638415e+00
   2.2820907e-02   5.2463534e+00   2.7094808e+00
  -9.3654637e-01   3.3289829e+00   2.7584137e+00
  -6.5158339e-01   3.4878585e+00   3.0708830e+00
  -5.1466181e-02   4.3921285e+00   3.2303203e+00
  -6.7273660e-01   3.7255518e+00   2.8227123e+00
  -7.9381901e-01   3.0723768e+00   3.2421300e+00
  -8.7477344e-01   3.5953422e+00   2.6194158e+00
  -1.0298192e-01   4.1414224e+00   3.3630154e+00
  -8.3460514e-01   4.8575240e+00   1.7580051e+00
  -1.2451767e+00   3.1057367e+00   2.4715262e+00
  -8.2791267e-01   3.8343390e+00   2.4917461e+00
  -6.9191118e-01   3.6420537e+00   2.8656926e+00
  -1.4472860e+00   3.0897181e+00   2.1702450e+00
  -3.9564619e-01   4.0184764e+00   3.0056131e+00
  -1.2832597e+00   4.6220641e+00   1.2924006e+00
  -1.6985209e+00   2.9195181e+00   1.9324377e+00
  -1.5292544e+00   3.3349445e+00   1.8412724e+00
  -9.3350563e-01   3.6278046e+00   2.5009632e+00
  -9.7784146e-02   5.8030117e+00   2.2057824e+00
  -1.2444683e+00   3.1513003e+00   2.4315027e+00
  -7.5958413e-01   3.9426241e+00   2.5080658e+00
  -9.2701553e-01   3.5032477e+00   2.6176977e+00
  -1.5447743e+00   3.5054749e+00   1.6851131e+00
  -1.2717751e+00   3.7443258e+00   1.9014370e+00
