   1.0270397e+00   8.2089965e+00   2.5602918e+00
   3.1731133e+00   1.2419428e+01   3.9650428e+00
  -2.5856030e-01   4.7458436e+00   2.6460334e+00
   4.3738621e+00   1.3369468e+01   5.1542939e+00
   2.1324010e+00   1.2199457e+01   2.8367268e+00
   2.6304047e+00   1.1174644e+01   3.6038634e+00
   1.6122479e+00   1.0610903e+01   2.5586013e+00
   3.6575175e+00   1.2713175e+01   4.4604241e+00
   1.3765869e+00   9.4978775e+00   2.5655714e+00
   3.4121303e+00   1.2510133e+01   4.2196108e+00
   1.5654484e+00   9.0264289e+00   2.9363294e+00
   3.4770208e+00   1.1646756e+01   4.4826965e+00
   1.4528948e+00   1.0223982e+01   2.4652679e+00
   2.3098931e+00   1.1828751e+01   3.1004515e+00
   8.3345969e-01   8.8280251e+00   2.1184283e+00
   2.9794438e+00   1.3065175e+01   3.6368922e+00
   1.2892111e+00   9.4181495e+00   2.4849170e+00
   2.5145687e+00   1.1550887e+01   3.3874304e+00
   8.9817098e-01   5.7514460e+00   3.6429085e+00
   3.6139672e+00   8.8680235e+00   5.6821293e+00
   3.2060566e+00   1.2600892e+01   3.9686775e+00
   1.7112697e+00   7.1917725e+00   3.9155028e+00
   2.6838015e+00   1.1157978e+01   3.6699402e+00
   2.6006116e+00   8.4113843e+00   4.5071450e+00
   2.5908767e+00   1.0354794e+01   3.7690610e+00
   2.1170365e+00   7.3024390e+00   4.4260114e+00
   2.1330846e+00   9.1247954e+00   3.6028742e+00
   2.4081235e+00   7.6371731e+00   4.6474146e+00
   2.3211385e+00   1.1010142e+01   3.2833845e+00
   1.2322105e+00   7.1878476e+00   3.2628792e+00
   1.6994928e+00   9.7886564e+00   2.8658770e+00
   2.0962298e+00   8.2910428e+00   3.8893020e+00
   2.3073237e+00   1.0262857e+01   3.4558309e+00
   1.4794613e+00   7.2627158e+00   3.5584217e+00
   2.8320853e+00   1.3169108e+01   3.4582389e+00
  -2.0137518e-01   3.8018349e+00   3.5140696e+00
   2.5015830e+00   1.1671100e+01   3.3480116e+00
   8.9435223e-01   4.7654156e+00   4.4374327e+00
   2.3568181e+00   1.0960048e+01   3.3363307e+00
   6.4430378e-01   4.6228960e+00   4.1502740e+00
   2.1682071e+00   1.0270606e+01   3.2886036e+00
   8.7999824e-01   4.7725474e+00   4.4064203e+00
   2.2734156e+00   1.1539371e+01   3.1152404e+00
  -2.9290537e-01   4.1624739e+00   3.0447330e+00
   1.7954372e+00   1.0618533e+01   2.7670701e+00
   9.0085598e-01   5.5369363e+00   3.8011830e+00
   2.1941675e+00   1.0536441e+01   3.2498278e+00
   2.8966251e-01   4.7610305e+00   3.4605709e+00
   2.6289254e+00   1.1299213e+01   3.5735220e+00
   3.5155874e+00   1.1340626e+01   4.6065277e+00
   2.1713393e+00   1.0337582e+01   3.2744319e+00
   3.1830985e+00   1.1298093e+01   4.2218852e+00
   2.1714211e+00   9.5527809e+00   3.5044270e+00
   3.4761985e+00   1.0967268e+01   4.6628788e+00
   2.0726194e+00   1.1140450e+01   2.9690628e+00
   2.3525308e+00   1.1680022e+01   3.1770736e+00
   1.3057276e+00   9.2820764e+00   2.5439236e+00
   3.0232536e+00   1.1765377e+01   3.9260486e+00
   2.0201624e+00   9.8328815e+00   3.2351484e+00
   2.5444590e+00   1.0860461e+01   3.5792156e+00
   2.2359474e+00   9.9194878e+00   3.4689304e+00
   3.5580008e+00   1.1528786e+01   4.6080932e+00
   2.0584809e+00   9.0995300e+00   3.5187910e+00
   3.5287257e+00   1.1251043e+01   4.6464438e+00
   2.0970564e+00   1.0699153e+01   3.0966610e+00
   2.2795231e+00   1.1290798e+01   3.1734616e+00
   1.5531939e+00   9.4029947e+00   2.8031977e+00
   2.8492573e+00   1.1427027e+01   3.7998732e+00
   1.9175474e+00   9.4132681e+00   3.2395112e+00
   2.5514029e+00   1.0882894e+01   3.5817914e+00
   1.3730273e+00   9.1031957e+00   2.6787334e+00
   2.6689602e+00   9.5651590e+00   4.1170604e+00
   1.4720658e+00   1.0699486e+01   2.3794162e+00
   1.6501575e+00   9.0929919e+00   3.0176641e+00
   8.4039989e-01   8.9288595e+00   2.0963251e+00
   2.4080708e+00   9.9337166e+00   3.6729112e+00
   1.2552377e+00   9.4636469e+00   2.4320022e+00
   1.7277076e+00   8.7191773e+00   3.2436521e+00
   5.1303811e-01   9.8876854e+00   1.4702569e+00
   1.0056473e+00   7.8679931e+00   2.6643966e+00
  -4.1170359e-02   8.4799231e+00   1.1930334e+00
   2.0617986e+00   9.0883830e+00   3.5269021e+00
   1.5720322e-01   8.7239295e+00   1.3544009e+00
   1.2733622e+00   7.9579959e+00   2.9668897e+00
   9.2301660e-01   9.5537873e+00   2.0196700e+00
   2.8851235e+00   1.1495514e+01   3.8259410e+00
   1.5442876e+00   9.9086073e+00   2.6506838e+00
   1.9720135e+00   9.2971260e+00   3.3438952e+00
   3.5397129e-01   8.7699286e+00   1.5706125e+00
   1.4640308e+00   1.0013821e+01   2.5299191e+00
