   3.0224125e+00   1.3382118e+01   3.6366897e+00
   2.6257965e+00   1.6609649e+01   2.8966813e+00
   1.7466880e+00   8.5174717e+00   3.3439495e+00
   3.3215920e+00   1.9894683e+01   3.4625329e+00
   3.2245698e+00   1.8227079e+01   3.4288804e+00
   2.7248776e+00   1.7285195e+01   2.9599651e+00
   3.1672598e+00   1.7873435e+01   3.3870470e+00
   3.3255687e+00   1.5355857e+01   3.7313076e+00
   3.3659935e+00   1.6578323e+01   3.6728344e+00
   1.7809264e+00   1.5506842e+01   2.0896242e+00
   2.7783073e+00   1.5109801e+01   3.1717988e+00
   1.4904450e+00   1.6237083e+01   1.7406125e+00
   3.1394817e+00   1.6492128e+01   3.4412803e+00
   2.7108547e+00   1.6178033e+01   3.0143198e+00
   2.8563413e+00   1.7871509e+01   3.0657266e+00
   1.0810427e+00   1.5288819e+01   1.3757059e+00
   2.7092869e+00   1.6664801e+01   2.9801842e+00
   2.7748333e+00   1.8980406e+01   2.9347236e+00
   2.8125108e+00   9.1472640e+00   4.4607839e+00
   3.0806781e+00   1.4167995e+01   3.5958997e+00
   4.3422927e+00   1.7809632e+01   4.6136106e+00
   2.2641027e+00   1.3276271e+01   2.8220898e+00
   4.1644887e+00   1.7807831e+01   4.4277149e+00
   2.7375618e+00   1.2760040e+01   3.4167892e+00
   4.3675499e+00   1.6855620e+01   4.7082901e+00
   1.5561740e+00   1.2452940e+01   2.1647633e+00
   3.5059840e+00   1.5350846e+01   3.9245467e+00
   1.1934250e+00   1.2621632e+01   1.7490379e+00
   3.9694048e+00   1.7599730e+01   4.2366923e+00
   2.5016527e+00   1.4388343e+01   2.9477353e+00
   3.5684656e+00   1.6842032e+01   3.8667518e+00
   8.9934379e-01   1.2800647e+01   1.4112290e+00
   3.8748163e+00   1.6114094e+01   4.2471962e+00
   2.3314746e+00   1.4826973e+01   2.7237171e+00
   3.9059687e+00   2.3083637e+01   3.9800701e+00
   1.5105381e+00   8.6427361e+00   3.0011405e+00
   3.8327688e+00   2.1366625e+01   3.9416723e+00
   2.1525210e+00   8.9039643e+00   3.7090989e+00
   3.7838016e+00   2.0079304e+01   3.9293661e+00
   1.1200433e+00   8.6030673e+00   2.5352940e+00
   3.3398184e+00   1.6394321e+01   3.6587642e+00
   6.7448995e-01   8.4827337e+00   2.0369388e+00
   3.6004823e+00   2.2402695e+01   3.6829886e+00
   1.8652767e+00   1.0315908e+01   2.9209416e+00
   3.1405434e+00   2.1612909e+01   3.2325776e+00
   3.1091185e-01   8.7338902e+00   1.5306117e+00
   3.6201501e+00   1.9410560e+01   3.7856295e+00
   1.9218657e+00   9.7600319e+00   3.1387339e+00
   3.9902113e+00   1.7918920e+01   4.2391920e+00
   3.2600299e+00   1.7026400e+01   3.5317098e+00
   3.9834821e+00   1.6854798e+01   4.3023732e+00
   1.8562551e+00   1.9108770e+01   1.9917904e+00
   3.4157576e+00   1.5608883e+01   3.8038621e+00
   1.7594414e+00   1.7838660e+01   1.9387576e+00
   3.6101402e+00   1.7413736e+01   3.8729828e+00
   3.0186064e+00   1.9206347e+01   3.1761850e+00
   3.3155148e+00   1.7808691e+01   3.5440013e+00
   1.3429450e+00   1.8370606e+01   1.4926585e+00
   3.5402601e+00   1.6899005e+01   3.8332353e+00
   2.9090075e+00   2.0191618e+01   3.0323273e+00
   4.1900208e+00   1.5439738e+01   4.6509474e+00
   2.4255282e+00   1.7654337e+01   2.6317112e+00
   3.6501394e+00   1.4130712e+01   4.2220677e+00
   1.8421238e+00   1.6180091e+01   2.1085124e+00
   3.9659517e+00   1.5674717e+01   4.3853438e+00
   3.1071344e+00   1.8397650e+01   3.2998807e+00
   3.5865802e+00   1.6204987e+01   3.9338164e+00
   1.4844593e+00   1.7777378e+01   1.6595040e+00
   3.9759685e+00   1.5429365e+01   4.4210817e+00
   3.1007299e+00   2.0713912e+01   3.2133232e+00
   2.7444457e+00   1.4071771e+01   3.2435867e+00
   1.5360236e+00   1.4405736e+01   1.9210014e+00
   2.7893519e+00   1.7335709e+01   3.0240252e+00
   2.9137753e+00   1.7903525e+01   3.1234778e+00
   2.4205460e+00   1.8284095e+01   2.5986011e+00
   1.3019703e+00   1.6486200e+01   1.5320951e+00
   2.8647790e+00   1.6195732e+01   3.1743549e+00
   2.7290979e+00   1.7655137e+01   2.9449763e+00
   2.0926046e+00   1.7396513e+01   2.3009650e+00
   2.4521611e+00   1.4782436e+01   2.8558868e+00
   1.7311201e+00   1.7930470e+01   1.9059706e+00
   8.3349069e-01   1.3074136e+01   1.3096760e+00
   1.8844868e+00   1.5500344e+01   2.1983013e+00
   2.4698843e+00   1.4869193e+01   2.8665936e+00
   2.6499064e+00   1.5440472e+01   3.0068995e+00
   1.5157800e+00   1.5923570e+01   1.7857346e+00
   2.9211269e+00   1.6287016e+01   3.2268898e+00
   2.6350460e+00   1.8657766e+01   2.8037034e+00
   1.6634739e+00   1.6321282e+01   1.9148175e+00
   1.9262718e+00   2.0136954e+01   2.0342222e+00
