  -2.6587448e+00  -1.0656775e-01   3.9276762e+00
  -3.5865478e-01   3.0123320e+00   4.0788657e+00
  -3.2592747e+00  -1.0008359e+00   4.2003639e+00
   1.8938592e-01   3.5920931e+00   4.4153235e+00
  -1.1329635e+00   1.9786934e+00   3.9109723e+00
  -1.3534192e+00   1.6079560e+00   3.9866810e+00
  -1.6422523e+00   1.1652847e+00   4.0473668e+00
  -5.6000122e-01   2.4167364e+00   4.4520354e+00
  -1.9732929e+00   1.1496760e+00   3.4005819e+00
  -1.3922596e+00   1.9925040e+00   3.4006444e+00
  -2.0098025e+00   1.3771183e+00   3.0300449e+00
  -1.7867128e+00   1.5254363e+00   3.2555765e+00
  -2.2202316e+00   5.6690434e-01   3.7614151e+00
  -5.6542774e-01   2.8354149e+00   3.9065636e+00
  -2.0648853e+00   1.2952673e+00   3.0324329e+00
  -1.4685911e+00   2.0875990e+00   3.1475830e+00
  -2.2507566e+00   5.9547398e-01   3.6528160e+00
  -8.1855789e-01   2.7390183e+00   3.5590122e+00
  -2.1812464e+00   2.9076184e-02   4.8062160e+00
  -6.1080059e-01   2.1033106e+00   4.8021263e+00
  -2.8739024e-01   2.6576374e+00   4.6708549e+00
  -2.3906910e+00  -9.5911549e-02   4.5352473e+00
  -6.7659459e-01   2.0429361e+00   4.7532141e+00
  -1.5102429e+00   7.1652211e-01   5.1235694e+00
  -8.5623314e-01   2.2386629e+00   4.1047322e+00
  -2.4883233e+00   6.6882759e-02   4.0073899e+00
  -1.4172753e+00   1.9274113e+00   3.4352057e+00
  -2.0992135e+00   7.3056398e-01   3.7598010e+00
  -1.6101296e+00   1.0464819e+00   4.3037409e+00
  -1.3911496e+00   1.2951338e+00   4.3801379e+00
  -1.5402678e+00   1.8285334e+00   3.3304466e+00
  -2.4243361e+00   5.0668145e-01   3.4310648e+00
  -1.6142588e+00   1.0740602e+00   4.2502076e+00
  -1.5587494e+00   1.2837291e+00   4.0418144e+00
   7.3881121e-02   3.6714766e+00   4.1184362e+00
  -3.2059599e+00  -9.4993536e-01   4.2289247e+00
  -2.2128769e-01   3.0715282e+00   4.2643562e+00
  -2.6883569e+00  -5.2854879e-01   4.6631862e+00
  -4.1030635e-01   3.2646679e+00   3.7014406e+00
  -3.2579375e+00  -7.1659245e-01   3.6615140e+00
  -6.8036996e-01   3.2096735e+00   3.2941932e+00
  -3.4360765e+00  -8.0964192e-01   3.4292979e+00
  -1.2275170e+00   2.0329166e+00   3.6579960e+00
  -2.7369538e+00  -2.1796156e-01   3.9480573e+00
  -8.9905835e-01   3.0031418e+00   3.1349688e+00
  -3.1139264e+00  -3.3343805e-01   3.3192470e+00
  -1.0739140e+00   2.0432017e+00   3.9398982e+00
  -2.2721824e+00   4.8868825e-01   3.7755758e+00
  -9.3548587e-01   1.6211652e+00   4.8563640e+00
  -9.5057481e-01   1.4890965e+00   5.0460998e+00
  -1.2282494e+00   1.9557962e+00   3.7565695e+00
  -1.7254273e+00   1.3224549e+00   3.6468292e+00
  -1.3250051e+00   1.9841142e+00   3.5362975e+00
  -1.6633570e+00   1.3520793e+00   3.7284793e+00
  -1.8296215e+00   8.4423536e-01   4.1540550e+00
  -6.0491070e-01   2.4430028e+00   4.3264595e+00
  -1.7030597e+00   1.6548576e+00   3.2466175e+00
  -1.6306821e+00   1.7023914e+00   3.3211734e+00
  -1.7984870e+00   9.2970549e-01   4.0838042e+00
  -9.3144880e-01   2.2893529e+00   3.8928430e+00
  -1.3966232e+00   1.5047280e+00   4.0482107e+00
  -1.6061414e+00   1.1607142e+00   4.1306689e+00
  -1.6396948e+00   1.5017244e+00   3.5673550e+00
  -1.6290899e+00   1.3217196e+00   3.8410550e+00
  -1.9902883e+00   5.4899588e-01   4.2928678e+00
  -5.8644504e-01   2.3151109e+00   4.5406094e+00
  -1.6046813e+00   1.5300261e+00   3.5969961e+00
  -1.5398565e+00   1.4885778e+00   3.7818636e+00
  -2.1240328e+00   3.4515609e-01   4.3456740e+00
  -7.3549879e-01   2.3240703e+00   4.2279912e+00
  -2.0172644e+00   1.5481214e+00   2.8057832e+00
  -1.8780012e+00   1.4139238e+00   3.2284560e+00
  -2.3900736e+00   5.4998802e-01   3.4356257e+00
  -8.2658731e-01   2.4845996e+00   3.8456364e+00
  -2.1090388e+00   1.3869655e+00   2.8364053e+00
  -1.7054004e+00   1.7016717e+00   3.1836423e+00
  -2.3192465e+00   5.8169305e-01   3.5324242e+00
  -1.1348775e+00   2.2300565e+00   3.5844386e+00
  -2.7800660e+00   3.3583746e-01   2.9727641e+00
  -1.0829559e+00   2.4147652e+00   3.4577804e+00
  -2.7054153e+00   9.0595962e-01   2.3578771e+00
  -1.8734948e+00   1.7957566e+00   2.7693733e+00
  -2.9514171e+00   1.2848703e-01   2.9369082e+00
  -1.3091331e+00   2.4560161e+00   3.0119371e+00
  -1.9543882e+00   1.6391695e+00   2.8093869e+00
  -1.7019045e+00   1.8819210e+00   2.9723378e+00
  -2.5782752e+00   2.7568811e-01   3.4688430e+00
  -1.2480015e+00   2.2533402e+00   3.3493431e+00
  -3.0908689e+00  -6.5568775e-02   2.9476906e+00
  -1.3753514e+00   2.5321651e+00   2.8179374e+00
