   6.5350569e-01   5.8904485e+00   3.1944791e+00
   1.7224634e+00   7.5067051e+00   3.7633913e+00
  -1.0691153e+00   3.0593645e+00   2.7973742e+00
   1.7226419e+00   8.1147435e+00   3.4783372e+00
   1.6540832e+00   9.1916140e+00   2.9903400e+00
   1.6857645e+00   7.5262704e+00   3.7037443e+00
   8.9346692e-01   7.0931318e+00   2.8595139e+00
   3.2110394e+00   8.8929846e+00   5.1065129e+00
   9.2175368e-01   7.4667494e+00   2.7253831e+00
   9.3047399e-01   7.4063304e+00   2.7632211e+00
  -2.5357485e-01   4.8826004e+00   2.5575554e+00
   1.6762719e+00   8.7371277e+00   3.1729290e+00
   8.5978875e-01   7.2798307e+00   2.7285792e+00
   1.4132238e+00   7.8806460e+00   3.1787772e+00
   2.9990105e-01   7.0787155e+00   2.1004651e+00
   1.4834200e+00   8.5452841e+00   3.0029079e+00
   5.2693751e-01   7.4078302e+00   2.2485311e+00
   8.9254830e-01   7.6921232e+00   2.5928603e+00
  -1.5872275e-01   3.7889744e+00   3.5975743e+00
   5.4543640e-01   4.8351267e+00   3.8022302e+00
   2.6703804e+00   9.7039249e+00   4.0702808e+00
   1.5744642e-01   4.0113476e+00   3.9138375e+00
   1.9538449e+00   7.6195553e+00   4.0212574e+00
   1.2821491e+00   5.1037891e+00   4.7776867e+00
   2.2254061e+00   8.3486991e+00   4.0339322e+00
  -4.6579759e-01   3.6486192e+00   3.2233434e+00
   7.0073351e-01   5.5417321e+00   3.4963602e+00
   7.4201344e-01   5.4037431e+00   3.6584003e+00
   1.4900292e+00   7.5580344e+00   3.4258351e+00
  -1.8238136e-01   4.2007059e+00   3.1856196e+00
   1.3392367e+00   7.9053453e+00   3.0730127e+00
  -7.4327212e-03   4.6210322e+00   3.1140747e+00
   1.5588027e+00   7.9935554e+00   3.3182765e+00
  -4.9332920e-01   4.0706766e+00   2.8104125e+00
   2.4927783e+00   1.0759509e+01   3.5438436e+00
  -1.3015539e+00   1.8713846e+00   3.7266142e+00
   1.9162945e+00   8.7198998e+00   3.4803927e+00
  -1.4035089e-01   2.9106393e+00   4.6240242e+00
   1.9659346e+00   9.2813455e+00   3.3416862e+00
  -1.4217755e+00   2.1287915e+00   3.1831455e+00
   7.4549406e-01   6.3116996e+00   3.0699832e+00
  -7.3388825e-01   2.8138857e+00   3.6255648e+00
   1.7037028e+00   8.7087088e+00   3.2175124e+00
  -1.5913652e+00   1.9232759e+00   3.1213845e+00
   1.7427086e+00   9.2158276e+00   3.0902798e+00
  -1.1108262e+00   2.4925736e+00   3.3181585e+00
   1.5143957e+00   8.4183667e+00   3.0892047e+00
  -1.3475919e+00   2.3216384e+00   3.0935132e+00
   1.7811701e+00   7.6976867e+00   3.7473562e+00
   2.7609682e+00   7.6545359e+00   5.1498083e+00
   1.7700680e+00   8.1207074e+00   3.5373934e+00
   7.4922577e-01   6.6071502e+00   2.9121781e+00
   4.6068141e-01   5.3287342e+00   3.2905440e+00
   1.8725985e+00   8.3236424e+00   3.5835325e+00
   1.3911403e+00   7.7564038e+00   3.2045252e+00
   1.0386648e+00   6.8009564e+00   3.2015306e+00
   1.0547848e+00   7.7149530e+00   2.7893677e+00
   1.0508800e+00   7.0017385e+00   3.1135740e+00
   1.2833845e+00   7.7487549e+00   3.0682547e+00
   7.5636968e-01   7.0413710e+00   2.7043265e+00
   1.7246156e+00   7.9624121e+00   3.5480345e+00
   9.0030585e-01   6.5022656e+00   3.1756610e+00
   3.1407820e-01   4.9144382e+00   3.3770269e+00
   1.7899124e+00   7.8881724e+00   3.6681088e+00
   1.3081871e+00   7.2623802e+00   3.3274758e+00
   1.2349540e+00   6.7790605e+00   3.4831801e+00
   1.0045778e+00   7.5300832e+00   2.8042056e+00
   1.2142236e+00   6.9349303e+00   3.3693496e+00
   1.0751237e+00   7.2424797e+00   3.0273652e+00
   7.5475408e-01   6.6105962e+00   2.9178189e+00
  -1.7498767e-02   5.2095541e+00   2.6761440e+00
   7.0458787e-01   6.1262464e+00   3.1216758e+00
   8.5635683e-01   7.5760416e+00   2.5950907e+00
   4.2703084e-01   5.5277791e+00   3.1043413e+00
   5.2803319e-01   7.2903549e+00   2.2990145e+00
   4.7329390e-01   5.7317812e+00   3.0380678e+00
   6.2816268e-01   7.3179405e+00   2.4143950e+00
  -1.9407867e-03   5.3063279e+00   2.6351178e+00
  -6.4105516e-02   6.5394703e+00   1.8773060e+00
   1.6920962e-01   5.5174615e+00   2.7425185e+00
  -3.0073534e-01   6.6114397e+00   1.5451525e+00
   2.1928112e-01   5.4502839e+00   2.8566641e+00
  -3.2412905e-01   6.5689765e+00   1.5342839e+00
  -3.3613398e-01   5.1896073e+00   2.2400896e+00
   6.0548399e-01   7.6927853e+00   2.2327774e+00
   4.7059199e-01   6.2573646e+00   2.7235742e+00
   6.0105424e-01   7.5308514e+00   2.2914347e+00
  -9.7923745e-02   5.5928605e+00   2.3252981e+00
  -1.8861188e-01   6.8847189e+00   1.5693163e+00
  -4.5359074e-01   5.9376637e+00   1.6647711e+00
