   2.3481736e+00   1.3150949e+01   2.9303616e+00
   2.9183589e+00   1.3035634e+01   3.5737865e+00
   1.1725198e+00   8.1474029e+00   2.7643796e+00
   3.2427881e+00   1.8342956e+01   3.4422535e+00
   2.8065160e+00   1.7340895e+01   3.0415317e+00
   2.8914754e+00   1.6078812e+01   3.2109466e+00
   2.3964016e+00   1.7433684e+01   2.6124622e+00
   4.4184344e+00   1.7234570e+01   4.7329927e+00
   2.4553876e+00   1.5982591e+01   2.7607479e+00
   2.2726456e+00   1.5097309e+01   2.6376617e+00
   2.3317391e+00   1.5248019e+01   2.6873216e+00
   3.4756002e+00   1.6863423e+01   3.7678886e+00
   2.5216846e+00   1.5088398e+01   2.9016251e+00
   2.7855308e+00   1.5781539e+01   3.1222769e+00
   2.0381641e+00   1.6997111e+01   2.2649221e+00
   1.8934046e+00   1.4599099e+01   2.2808721e+00
   1.7764901e+00   1.3291987e+01   2.2930800e+00
   2.3107986e+00   1.7430756e+01   2.5242615e+00
   2.2766782e+00   9.2747159e+00   3.7287972e+00
   2.6745255e+00   1.2449749e+01   3.3981012e+00
   3.8568496e+00   1.8385487e+01   4.0752258e+00
   2.0930678e+00   1.1268312e+01   2.9655199e+00
   3.3257807e+00   1.7651033e+01   3.5631955e+00
   3.6636436e+00   1.2920586e+01   4.4284181e+00
   3.5127481e+00   1.5836638e+01   3.8866473e+00
   1.7609748e+00   1.1239553e+01   2.5953187e+00
   2.9966652e+00   1.5411663e+01   3.3762936e+00
   3.2076708e+00   1.3472222e+01   3.8277976e+00
   3.3421088e+00   1.6852220e+01   3.6288347e+00
   2.4221446e+00   1.2281116e+01   3.1452135e+00
   2.9142546e+00   1.7846728e+01   3.1267564e+00
   1.4397122e+00   1.1788465e+01   2.1387809e+00
   2.9907651e+00   1.4446113e+01   3.4663489e+00
   1.7815670e+00   1.2212334e+01   2.4472206e+00
   3.5015929e+00   2.1078976e+01   3.6118733e+00
   8.8727596e-01   7.2827458e+00   2.7628922e+00
   3.1948011e+00   1.8399818e+01   3.3901489e+00
   2.6877658e+00   8.7947722e+00   4.4471335e+00
   2.9370595e+00   1.7915939e+01   3.1469207e+00
   1.1163273e+00   7.7703834e+00   2.8446138e+00
   3.0670474e+00   1.7232734e+01   3.3181087e+00
   2.4261221e+00   9.0210585e+00   4.0124061e+00
   3.1646062e+00   2.0148256e+01   3.2942394e+00
   1.6444694e+00   8.8029603e+00   3.1098280e+00
   2.9163844e+00   2.0204389e+01   3.0394806e+00
   7.1222885e-01   7.5316026e+00   2.4310370e+00
   2.8319115e+00   1.6247118e+01   3.1362275e+00
   9.0838522e-01   7.5557528e+00   2.6699042e+00
   3.3347223e+00   1.7259286e+01   3.5951834e+00
   4.2584649e+00   1.7304364e+01   4.5594093e+00
   3.0371680e+00   1.6795163e+01   3.3138315e+00
   2.5291605e+00   1.6910558e+01   2.7780469e+00
   2.8954735e+00   1.6058091e+01   3.2166949e+00
   3.9675888e+00   1.8112999e+01   4.2046459e+00
   3.0918072e+00   1.6326821e+01   3.4030812e+00
   2.9739695e+00   1.7113499e+01   3.2283194e+00
   2.6213731e+00   1.6832023e+01   2.8784366e+00
   1.8729176e+00   1.5140352e+01   2.2135345e+00
   2.4997239e+00   1.3919802e+01   2.9973972e+00
   2.1207134e+00   1.6609202e+01   2.3718232e+00
   3.2222594e+00   1.4654387e+01   3.6925793e+00
   2.8016327e+00   1.6810004e+01   3.0673150e+00
   3.0191698e+00   1.5301567e+01   3.4101133e+00
   4.1808041e+00   1.8331222e+01   4.4144231e+00
   3.1932649e+00   1.4434609e+01   3.6861801e+00
   3.0151972e+00   1.5298857e+01   3.4061390e+00
   2.8409674e+00   1.6001083e+01   3.1637034e+00
   2.0545443e+00   1.5724031e+01   2.3599559e+00
   2.6849763e+00   1.2897752e+01   3.3368594e+00
   2.5309356e+00   1.7361510e+01   2.7551446e+00
   2.3369111e+00   1.5861379e+01   2.6454212e+00
   3.4674959e+00   1.5855163e+01   3.8369887e+00
   2.4480479e+00   1.6241494e+01   2.7352417e+00
   2.7181775e+00   1.5529776e+01   3.0715498e+00
   2.0452702e+00   1.7448555e+01   2.2497214e+00
   1.6918702e+00   1.3815082e+01   2.1435143e+00
   2.0811293e+00   1.4159323e+01   2.5225107e+00
   2.0134889e+00   1.5233613e+01   2.3537171e+00
   1.5097420e+00   1.6543280e+01   1.7434165e+00
   2.4314007e+00   1.3056322e+01   3.0344936e+00
   1.1911209e+00   1.7613381e+01   1.3658440e+00
   1.5749027e+00   1.2514628e+01   2.1764125e+00
   1.0025760e+00   1.4205255e+01   1.3773075e+00
   1.7970375e+00   1.2298494e+01   2.4508768e+00
   2.0826336e+00   1.5779929e+01   2.3853530e+00
   1.8050891e+00   1.3626043e+01   2.2849335e+00
   2.0286359e+00   1.4736769e+01   2.4114207e+00
   2.0948450e+00   1.5134484e+01   2.4472184e+00
   7.9330304e-01   1.3167787e+01   1.2567767e+00
   1.5419075e+00   1.7956640e+01   1.7111822e+00
