   1.4097242e+00   9.6246933e+00   2.5692229e+00
   3.0949507e+00   1.2723059e+01   3.8218939e+00
  -1.0867593e-01   6.3549680e+00   1.9067891e+00
   3.3222212e+00   1.3598499e+01   3.9357741e+00
   2.2911274e+00   1.3950977e+01   2.7694992e+00
   3.3197058e+00   1.3056297e+01   4.0172731e+00
   1.6424081e+00   1.3014165e+01   2.1829274e+00
   4.1790216e+00   1.4141781e+01   4.8049530e+00
   1.4555900e+00   9.0296212e+00   2.8017826e+00
   3.8735356e+00   1.3388080e+01   4.5831879e+00
   1.4993761e+00   1.0721194e+01   2.4057882e+00
   2.5256157e+00   1.0767137e+01   3.5805214e+00
   1.3021577e+00   1.0211823e+01   2.2947676e+00
   3.5392926e+00   1.4069697e+01   4.1086366e+00
   6.5722573e-01   9.5361343e+00   1.7175035e+00
   2.1539138e+00   1.2405843e+01   2.8270444e+00
   8.2503750e-01   9.1319180e+00   2.0194102e+00
   2.5711922e+00   1.3875306e+01   3.0797512e+00
   1.0337652e+00   7.4564721e+00   2.8744037e+00
   2.3537285e+00   8.8660920e+00   3.9809851e+00
   3.3283325e+00   1.4205202e+01   3.8604300e+00
   2.3484774e+00   8.2742731e+00   4.2323368e+00
   2.6649045e+00   1.3281252e+01   3.2584655e+00
   3.3489304e+00   9.6140976e+00   4.9702237e+00
   2.5303164e+00   9.9664976e+00   3.8116001e+00
   2.9135174e+00   8.4395259e+00   4.9224834e+00
   2.2248805e+00   1.1515233e+01   3.0650250e+00
   2.1111647e+00   7.8852760e+00   4.1007204e+00
   1.9381166e+00   1.0392069e+01   2.9868005e+00
   2.7283084e+00   9.0038163e+00   4.4104892e+00
   1.4713884e+00   1.0503106e+01   2.4217146e+00
   1.4042414e+00   8.2906289e+00   2.9998485e+00
   1.7413262e+00   9.6546336e+00   2.9537365e+00
   1.8073377e+00   8.6717777e+00   3.3612516e+00
   3.0694417e+00   1.5280416e+01   3.4655203e+00
   6.0603796e-01   4.9681837e+00   3.7878790e+00
   2.7658997e+00   1.4694553e+01   3.1986933e+00
   1.5283821e+00   5.8900191e+00   4.5050737e+00
   2.3012845e+00   1.1106677e+01   3.2385917e+00
   1.1077079e+00   5.3104326e+00   4.3041755e+00
   2.4035104e+00   1.2543392e+01   3.0811201e+00
   5.7862349e-01   4.9998517e+00   3.7190525e+00
   2.0246799e+00   1.1420074e+01   2.8573306e+00
   1.0340369e+00   5.7776028e+00   3.8276386e+00
   1.5817796e+00   1.1471561e+01   2.3507232e+00
   3.7999321e-01   5.7927671e+00   2.8681195e+00
   1.6491904e+00   9.9595459e+00   2.7601650e+00
   6.3466745e-01   5.7967227e+00   3.2274118e+00
   2.7228105e+00   1.3730450e+01   3.2617740e+00
   4.2223438e+00   1.2602225e+01   5.1359951e+00
   2.0711648e+00   9.9632714e+00   3.2584711e+00
   3.5671675e+00   1.1982876e+01   4.5092840e+00
   2.0800438e+00   1.1410619e+01   2.9218199e+00
   2.9875967e+00   1.1068157e+01   4.0489706e+00
   1.8787066e+00   1.0728584e+01   2.8376311e+00
   3.4132201e+00   1.2513411e+01   4.2202196e+00
   1.1671800e+00   9.9061878e+00   2.2129866e+00
   2.1406233e+00   1.1812164e+01   2.9133774e+00
   1.4062761e+00   9.4101523e+00   2.6259351e+00
   2.5001678e+00   1.3096448e+01   3.1041028e+00
   2.1516770e+00   9.3184711e+00   3.5581067e+00
   4.1488586e+00   1.2951946e+01   4.9770102e+00
   2.0788834e+00   1.1158675e+01   2.9723384e+00
   3.1307845e+00   1.1658632e+01   4.0743232e+00
   1.7321207e+00   9.9758143e+00   2.8532502e+00
   3.5276123e+00   1.3226145e+01   4.2218671e+00
   1.1853900e+00   1.0222273e+01   2.1586392e+00
   2.1298091e+00   1.1968251e+01   2.8733261e+00
   1.1613001e+00   8.7618429e+00   2.5324862e+00
   2.6870320e+00   1.3952364e+01   3.1957007e+00
   1.3148683e+00   1.0986508e+01   2.1434591e+00
   2.2481227e+00   9.8269346e+00   3.5115840e+00
   1.1822230e+00   1.0263534e+01   2.1456076e+00
   2.7914298e+00   1.0696015e+01   3.9141065e+00
   6.0458082e-01   9.7389662e+00   1.6082321e+00
   1.6594198e+00   1.0173437e+01   2.7169130e+00
   6.4789511e-01   8.7838751e+00   1.9118347e+00
   1.8043339e+00   1.0884797e+01   2.7177576e+00
   3.3801151e-01   9.7989558e+00   1.2924232e+00
   2.2101866e+00   9.2924097e+00   3.6396949e+00
  -1.7651407e-01   9.2222835e+00   8.4397537e-01
   1.3671919e+00   8.8632643e+00   2.7488889e+00
  -2.5543768e-01   8.1860884e+00   1.0295360e+00
   1.5571418e+00   9.3358171e+00   2.8282056e+00
   7.8454790e-01   1.0310531e+01   1.6847294e+00
   2.0543986e+00   1.1288086e+01   2.9175020e+00
   8.8612161e-01   9.0741716e+00   2.1077400e+00
   2.4357718e+00   1.1853758e+01   3.2376478e+00
  -2.2810880e-01   8.3393602e+00   1.0162744e+00
   1.8174090e+00   1.2759926e+01   2.4059986e+00
