   2.7386025e+00   1.3920514e+01   3.2553155e+00
   3.0250566e+00   1.6317234e+01   3.3337194e+00
   1.4159477e+00   8.6028816e+00   2.8983277e+00
   2.9805542e+00   2.0379032e+01   3.0999574e+00
   2.8565461e+00   2.0196722e+01   2.9787282e+00
   2.0048113e+00   1.6655714e+01   2.2490560e+00
   2.7277763e+00   1.8199380e+01   2.9180112e+00
   3.2796439e+00   1.4985388e+01   3.7189016e+00
   2.9535231e+00   1.7444598e+01   3.1882706e+00
   2.1091451e+00   1.6493998e+01   2.3666190e+00
   2.3194420e+00   1.5933904e+01   2.6219956e+00
   1.8702032e+00   1.8826337e+01   2.0151656e+00
   2.7758897e+00   1.6892592e+01   3.0354764e+00
   2.3303874e+00   1.5824848e+01   2.6412246e+00
   2.3396520e+00   1.7919760e+01   2.5310641e+00
   1.2294509e+00   1.5790021e+01   1.4971431e+00
   2.1410499e+00   1.6048238e+01   2.4279392e+00
   2.2468078e+00   1.7614761e+01   2.4494284e+00
   2.5082328e+00   9.1318963e+00   4.0742929e+00
   2.6859382e+00   1.3632943e+01   3.2341690e+00
   3.9763202e+00   1.9290982e+01   4.1568064e+00
   1.7304455e+00   1.2154446e+01   2.4000752e+00
   3.5882318e+00   1.8772137e+01   3.7791508e+00
   2.7224136e+00   1.2362488e+01   3.4669194e+00
   3.9781329e+00   1.8231053e+01   4.2091687e+00
   1.9703760e+00   1.2269478e+01   2.6461424e+00
   2.9819050e+00   1.6524902e+01   3.2739737e+00
   1.5455477e+00   1.2946625e+01   2.0870068e+00
   3.5445293e+00   1.8378161e+01   3.7522626e+00
   2.3027280e+00   1.3188960e+01   2.8756808e+00
   3.2478349e+00   1.7540094e+01   3.4884171e+00
   9.3739615e-01   1.2088507e+01   1.5445664e+00
   3.3561404e+00   1.6336128e+01   3.6803150e+00
   1.8524795e+00   1.2965262e+01   2.4163772e+00
   3.6142269e+00   2.3658024e+01   3.6761007e+00
   6.3957952e-01   7.5884658e+00   2.3165203e+00
   3.4382004e+00   2.0938821e+01   3.5509602e+00
   1.9490676e+00   8.5621942e+00   3.5838164e+00
   3.3222349e+00   2.0354563e+01   3.4489500e+00
   1.2901220e+00   8.3783552e+00   2.8239985e+00
   2.9451262e+00   1.6896805e+01   3.2114152e+00
   7.5649501e-01   8.2238801e+00   2.2229195e+00
   3.2946330e+00   2.2376356e+01   3.3736774e+00
   1.4848010e+00   9.3569351e+00   2.7351984e+00
   2.9336226e+00   2.1000712e+01   3.0362883e+00
   1.5482219e-01   7.6201585e+00   1.7056178e+00
   3.1449051e+00   1.8165418e+01   3.3495495e+00
   1.0844536e+00   8.4251697e+00   2.5532144e+00
   3.4708901e+00   1.7360914e+01   3.7309618e+00
   3.4471365e+00   1.5750974e+01   3.8244846e+00
   3.5407120e+00   1.7837410e+01   3.7761443e+00
   2.2588824e+00   1.9164907e+01   2.4006670e+00
   2.8038967e+00   1.6106540e+01   3.1169687e+00
   2.1098024e+00   1.8724273e+01   2.2634182e+00
   3.3051124e+00   1.8056494e+01   3.5204460e+00
   2.8170413e+00   1.8702815e+01   2.9886635e+00
   2.8946575e+00   1.7730550e+01   3.1123030e+00
   1.4211301e+00   1.7902583e+01   1.5897151e+00
   3.0172441e+00   1.7051463e+01   3.2770617e+00
   2.3116294e+00   1.8681414e+01   2.4714298e+00
   3.6992230e+00   1.6170277e+01   4.0559598e+00
   2.5929574e+00   1.8112253e+01   2.7831199e+00
   3.1080102e+00   1.4780606e+01   3.5561217e+00
   2.1454895e+00   1.8133337e+01   2.3225286e+00
   3.5928093e+00   1.6253759e+01   3.9364604e+00
   2.7491380e+00   1.7009008e+01   3.0007474e+00
   3.1267773e+00   1.7258080e+01   3.3787452e+00
   1.4871174e+00   1.7088328e+01   1.6924651e+00
   3.2291568e+00   1.5613938e+01   3.6051009e+00
   2.4849550e+00   1.8441435e+01   2.6583031e+00
   2.3280906e+00   1.5193703e+01   2.6880030e+00
   1.8286612e+00   1.6406685e+01   2.0809302e+00
   2.4206753e+00   1.8046723e+01   2.6087988e+00
   2.4830671e+00   1.6436044e+01   2.7590239e+00
   2.1134996e+00   1.8703030e+01   2.2679548e+00
   1.2923558e+00   1.4896905e+01   1.6243929e+00
   2.3728938e+00   1.6668690e+01   2.6300153e+00
   2.0940328e+00   1.5879333e+01   2.3903388e+00
   1.7145257e+00   1.7822814e+01   1.8933662e+00
   2.1965459e+00   1.3686913e+01   2.6981181e+00
   1.2458840e+00   1.7265239e+01   1.4366334e+00
   9.9652866e-01   1.3023854e+01   1.4889909e+00
   1.1635391e+00   1.5344492e+01   1.4576738e+00
   1.7823946e+00   1.3338109e+01   2.2938932e+00
   2.2572622e+00   1.5420477e+01   2.5950323e+00
   1.3429441e+00   1.4357741e+01   1.7218467e+00
   2.3834218e+00   1.6720289e+01   2.6378832e+00
   2.1179387e+00   1.6241238e+01   2.3913213e+00
   1.2575437e+00   1.6446424e+01   1.4884008e+00
   1.3864951e+00   1.8069791e+01   1.5479292e+00
