   1.3050040e+00   9.2129513e+00   2.5636353e+00
   3.6474720e+00   1.3401003e+01   4.3273801e+00
  -2.0840779e-01   5.3351299e+00   2.3275252e+00
   4.2521133e+00   1.4023170e+01   4.9045456e+00
   2.2763728e+00   1.3217431e+01   2.8431919e+00
   3.4534167e+00   1.2297403e+01   4.3093370e+00
   1.4696209e+00   1.1683602e+01   2.1892179e+00
   4.3655335e+00   1.3238484e+01   5.1697883e+00
   1.4891603e+00   9.4303101e+00   2.7186551e+00
   4.1604173e+00   1.3251425e+01   4.9325268e+00
   1.8271228e+00   1.0311584e+01   2.8775425e+00
   3.5737243e+00   1.1137423e+01   4.7324322e+00
   1.4912254e+00   1.0329262e+01   2.4844139e+00
   3.3900531e+00   1.3199448e+01   4.0724024e+00
   7.3636515e-01   9.4354254e+00   1.8342242e+00
   2.7217389e+00   1.2602153e+01   3.4250302e+00
   1.1509255e+00   9.2389958e+00   2.3728299e+00
   3.0940912e+00   1.3194934e+01   3.7438813e+00
   9.4269499e-01   6.4017949e+00   3.2921203e+00
   3.5058337e+00   9.3705079e+00   5.2835418e+00
   3.3528381e+00   1.3584453e+01   3.9716311e+00
   2.3867342e+00   7.7719728e+00   4.5412229e+00
   2.5065985e+00   1.1931181e+01   3.3029203e+00
   3.0318783e+00   8.8437339e+00   4.8858621e+00
   2.6558956e+00   1.0269760e+01   3.8721125e+00
   2.8553441e+00   7.9168102e+00   5.1284903e+00
   2.2562186e+00   1.0397961e+01   3.3586551e+00
   2.9680039e+00   7.9607693e+00   5.2665476e+00
   2.1954343e+00   1.0688292e+01   3.2136340e+00
   2.3889223e+00   8.2883606e+00   4.2800429e+00
   1.5178494e+00   1.0187869e+01   2.5490410e+00
   2.2577210e+00   8.9667137e+00   3.8186315e+00
   2.1563382e+00   1.0050307e+01   3.3353822e+00
   1.9524632e+00   8.1198359e+00   3.7767282e+00
   2.9421121e+00   1.4377486e+01   3.4216366e+00
   5.5812594e-01   4.4917231e+00   4.1283833e+00
   2.6227537e+00   1.3735680e+01   3.1525556e+00
   1.3379069e+00   5.1232022e+00   4.8548195e+00
   2.1744900e+00   1.0309568e+01   3.2855953e+00
   1.3477309e+00   5.3393863e+00   4.6722269e+00
   2.3923914e+00   1.1685397e+01   3.2211716e+00
   1.3927492e+00   5.2123957e+00   4.8643219e+00
   2.1074418e+00   1.1133963e+01   3.0102250e+00
   6.4518242e-01   5.0926354e+00   3.7487341e+00
   1.5753033e+00   1.1079767e+01   2.4177331e+00
   9.8581150e-01   5.9282135e+00   3.6513304e+00
   2.0456657e+00   1.0325966e+01   3.1295280e+00
   7.8932914e-01   5.4396671e+00   3.7036344e+00
   2.4404715e+00   1.2184496e+01   3.1824321e+00
   4.2774261e+00   1.1859690e+01   5.3843882e+00
   2.0659273e+00   1.0167880e+01   3.1953247e+00
   3.9574559e+00   1.2163002e+01   4.9254311e+00
   2.2394986e+00   1.0764308e+01   3.2465257e+00
   3.8491836e+00   1.1114306e+01   5.0757197e+00
   2.0230527e+00   1.0779227e+01   2.9922671e+00
   3.4137366e+00   1.2543435e+01   4.2150241e+00
   1.2107195e+00   9.6308578e+00   2.3341613e+00
   2.7793456e+00   1.1843414e+01   3.6297240e+00
   1.8560368e+00   9.7562016e+00   3.0611676e+00
   3.0408646e+00   1.2309173e+01   3.8358794e+00
   2.2389925e+00   9.8630345e+00   3.4895543e+00
   4.3924814e+00   1.2512940e+01   5.3564812e+00
   2.2468140e+00   1.0509704e+01   3.3184223e+00
   4.0703151e+00   1.1609000e+01   5.2023050e+00
   2.0372859e+00   1.0572510e+01   3.0577598e+00
   3.4374622e+00   1.2759997e+01   4.2014184e+00
   1.3164113e+00   1.0008429e+01   2.3601368e+00
   2.6886110e+00   1.1792542e+01   3.5365141e+00
   1.6189480e+00   9.0016088e+00   3.0099122e+00
   3.1003488e+00   1.2589706e+01   3.8514259e+00
   1.4736362e+00   1.0403341e+01   2.4469754e+00
   3.0820191e+00   9.8229395e+00   4.5459314e+00
   1.3232836e+00   1.0368821e+01   2.2827784e+00
   2.5790074e+00   9.9716179e+00   3.8694758e+00
   5.4710962e-01   9.1882693e+00   1.6799939e+00
   2.2598154e+00   1.0207946e+01   3.4144865e+00
   1.0929272e+00   9.2360273e+00   2.3051052e+00
   2.3161780e+00   1.0258121e+01   3.4676884e+00
   3.5658600e-01   9.5866952e+00   1.3619467e+00
   2.0460572e+00   8.8516420e+00   3.5942441e+00
  -2.8758482e-01   8.8539060e+00   8.0831457e-01
   2.0718471e+00   9.2423730e+00   3.4854236e+00
  -2.9032649e-02   8.4745434e+00   1.2087120e+00
   1.6660467e+00   8.6792374e+00   3.1813289e+00
   7.4901263e-01   9.9446928e+00   1.7248782e+00
   2.7328022e+00   1.1590878e+01   3.6290936e+00
   1.3007491e+00   9.4959099e+00   2.4766068e+00
   2.7355380e+00   1.0982121e+01   3.7733016e+00
   1.4345989e-01   8.6915116e+00   1.3475297e+00
   2.0639919e+00   1.1475805e+01   2.8907888e+00
