   2.3861427e+00   1.3473569e+01   2.9290437e+00
   3.4107429e+00   1.4707196e+01   3.8900160e+00
   1.3083771e+00   8.3848744e+00   2.8442842e+00
   3.1063805e+00   1.8414169e+01   3.2983663e+00
   2.7729106e+00   1.7165872e+01   3.0164078e+00
   3.7014277e+00   1.7327914e+01   3.9736782e+00
   2.4823834e+00   1.7023847e+01   2.7230940e+00
   4.7942250e+00   1.7477200e+01   5.1118699e+00
   2.6379550e+00   1.7020749e+01   2.8846162e+00
   2.3168618e+00   1.5914098e+01   2.6206942e+00
   2.3922086e+00   1.4442087e+01   2.8253379e+00
   3.6030584e+00   1.5553132e+01   4.0087491e+00
   2.5608449e+00   1.5470241e+01   2.9105112e+00
   3.0351802e+00   1.7209438e+01   3.2863338e+00
   2.1996365e+00   1.6395209e+01   2.4666224e+00
   2.8481763e+00   1.5177016e+01   3.2398372e+00
   1.9907230e+00   1.4023028e+01   2.4402673e+00
   2.3659944e+00   1.8385187e+01   2.5385211e+00
   2.4605315e+00   9.3485798e+00   3.9327742e+00
   2.6634689e+00   1.2405130e+01   3.3934255e+00
   3.8066882e+00   1.8632712e+01   4.0111386e+00
   3.0216200e+00   1.1771400e+01   3.9228596e+00
   3.5311770e+00   1.7839108e+01   3.7661486e+00
   4.1042693e+00   1.2940486e+01   4.9279699e+00
   3.7210492e+00   1.6734913e+01   4.0347696e+00
   1.8429094e+00   1.1251830e+01   2.6853293e+00
   3.2428186e+00   1.5016888e+01   3.6762050e+00
   3.5392660e+00   1.2730951e+01   4.3223053e+00
   3.3842309e+00   1.7117437e+01   3.6556187e+00
   2.5367989e+00   1.2120813e+01   3.3017999e+00
   2.9207056e+00   1.7301563e+01   3.1621422e+00
   2.2748405e+00   1.2002687e+01   3.0292992e+00
   3.1682732e+00   1.5295751e+01   3.5693054e+00
   1.8101372e+00   1.2249857e+01   2.4727823e+00
   3.4702283e+00   2.0265456e+01   3.6026918e+00
   1.4993683e+00   7.3655415e+00   3.5328637e+00
   3.2798000e+00   1.8363855e+01   3.4794791e+00
   2.6314004e+00   8.3048519e+00   4.6014134e+00
   3.0931551e+00   1.8566987e+01   3.2780657e+00
   8.6472191e-01   7.4812701e+00   2.6459957e+00
   3.2044102e+00   1.6960026e+01   3.4778627e+00
   1.9612331e+00   8.4457577e+00   3.6469470e+00
   3.1430737e+00   2.0094842e+01   3.2738754e+00
   1.4582469e+00   8.3774166e+00   3.0343434e+00
   2.8670066e+00   1.8896132e+01   3.0323820e+00
   1.5332096e+00   8.4403234e+00   3.1044570e+00
   3.0243940e+00   1.6511553e+01   3.3193551e+00
   8.9998015e-01   7.3856000e+00   2.7330890e+00
   3.4194723e+00   1.7407019e+01   3.6746137e+00
   4.7371536e+00   1.7166636e+01   5.0753499e+00
   3.1873619e+00   1.7151733e+01   3.4481590e+00
   2.4327971e+00   1.7132751e+01   2.6657494e+00
   3.0059493e+00   1.5935577e+01   3.3423332e+00
   3.9467868e+00   1.6568836e+01   4.2856374e+00
   3.1208894e+00   1.6453413e+01   3.4245183e+00
   3.0172844e+00   1.7824895e+01   3.2343455e+00
   2.6787679e+00   1.6165540e+01   2.9816062e+00
   2.7510182e+00   1.5556189e+01   3.1040287e+00
   2.7972361e+00   1.4896072e+01   3.2121402e+00
   2.3030085e+00   1.7155397e+01   2.5302816e+00
   3.3235589e+00   1.5557982e+01   3.7103938e+00
   2.6875033e+00   1.7360757e+01   2.9171761e+00
   3.1271292e+00   1.4908692e+01   3.5633269e+00
   4.1827927e+00   1.8572133e+01   4.4037313e+00
   3.1443822e+00   1.4893349e+01   3.5833866e+00
   3.0663284e+00   1.6424707e+01   3.3693398e+00
   2.8096910e+00   1.5273434e+01   3.1902966e+00
   2.8287818e+00   1.6469703e+01   3.1175815e+00
   2.7529924e+00   1.3627076e+01   3.3079018e+00
   2.5256196e+00   1.7726878e+01   2.7314435e+00
   2.4438625e+00   1.5729929e+01   2.7671510e+00
   3.5221615e+00   1.4475553e+01   4.0379146e+00
   2.5532702e+00   1.6845050e+01   2.8069020e+00
   2.6617495e+00   1.5428695e+01   3.0203852e+00
   2.0542840e+00   1.6558876e+01   2.3058822e+00
   2.5797590e+00   1.4360853e+01   3.0342185e+00
   2.1989785e+00   1.4504314e+01   2.6134901e+00
   1.9596279e+00   1.5531748e+01   2.2745838e+00
   1.4091753e+00   1.6228834e+01   1.6570237e+00
   2.4655448e+00   1.2944123e+01   3.0881264e+00
   1.1528639e+00   1.6504003e+01   1.3774833e+00
   2.4775444e+00   1.2273443e+01   3.2083673e+00
   1.0693567e+00   1.4392469e+01   1.4314166e+00
   1.7556082e+00   1.2274016e+01   2.4091582e+00
   2.0572963e+00   1.5472594e+01   2.3812170e+00
   2.8052064e+00   1.4765089e+01   3.2335714e+00
   2.1709221e+00   1.5139032e+01   2.5269309e+00
   2.1854761e+00   1.5421747e+01   2.5195380e+00
   9.5947434e-01   1.4330793e+01   1.3213749e+00
   1.5459562e+00   1.8488303e+01   1.6957469e+00
