   2.4273846e+00   1.3311835e+01   2.9949448e+00
   3.9067404e+00   1.8238190e+01   4.1346346e+00
   1.8278315e+00   8.9513152e+00   3.2845602e+00
   3.7796125e+00   1.8526492e+01   3.9882352e+00
   2.8380986e+00   1.8123496e+01   3.0350334e+00
   3.3644653e+00   1.8482765e+01   3.5613673e+00
   2.5818506e+00   1.7024202e+01   2.8262074e+00
   4.2137513e+00   1.8374244e+01   4.4463482e+00
   2.8377196e+00   1.7764426e+01   3.0517548e+00
   2.7761701e+00   1.8157335e+01   2.9697041e+00
   2.4799820e+00   1.4615461e+01   2.9015730e+00
   3.3089728e+00   1.6569519e+01   3.6136006e+00
   2.5184606e+00   1.4933471e+01   2.9121986e+00
   2.9264532e+00   1.9134537e+01   3.0843905e+00
   1.7797911e+00   1.4250835e+01   2.1930812e+00
   3.2657569e+00   1.8441115e+01   3.4614448e+00
   2.2525349e+00   1.4199413e+01   2.7012579e+00
   2.5853210e+00   1.8590091e+01   2.7553559e+00
   2.8797437e+00   9.5723780e+00   4.3809863e+00
   3.3705447e+00   1.2226701e+01   4.2286057e+00
   3.8997929e+00   1.8688520e+01   4.1047689e+00
   2.9595378e+00   1.1704867e+01   3.8656416e+00
   3.8710088e+00   1.7975839e+01   4.1118173e+00
   3.5995733e+00   1.2970470e+01   4.3468219e+00
   3.8541911e+00   1.7636844e+01   4.1140699e+00
   2.2913416e+00   1.1336487e+01   3.1772940e+00
   3.3526640e+00   1.4967183e+01   3.7991631e+00
   3.1744595e+00   1.1459857e+01   4.1718760e+00
   3.3633453e+00   1.6386491e+01   3.6841059e+00
   2.5275182e+00   1.2055342e+01   3.3033309e+00
   2.5941079e+00   1.5391788e+01   2.9520662e+00
   2.9541450e+00   1.2538297e+01   3.6960539e+00
   3.4710465e+00   1.6045948e+01   3.8246035e+00
   2.2769787e+00   1.2566123e+01   2.9376901e+00
   3.5709184e+00   2.0540558e+01   3.6972464e+00
   1.3312913e+00   7.1517919e+00   3.4146948e+00
   3.4570967e+00   1.8835576e+01   3.6412471e+00
   2.2442600e+00   7.9925990e+00   4.2282643e+00
   3.4061457e+00   1.8898489e+01   3.5861366e+00
   9.7052222e-01   7.3988610e+00   2.8183217e+00
   3.0103385e+00   1.6027662e+01   3.3397997e+00
   1.6999099e+00   7.6921031e+00   3.6411615e+00
   3.1787003e+00   1.8893674e+01   3.3524518e+00
   1.2039494e+00   7.9522432e+00   2.8810425e+00
   2.7076588e+00   1.7238203e+01   2.9446962e+00
   1.9753083e+00   8.8106864e+00   3.5204133e+00
   3.3498783e+00   1.6801972e+01   3.6403513e+00
   9.1494142e-01   7.2068425e+00   2.8339026e+00
   3.5853285e+00   1.7294101e+01   3.8545003e+00
   4.3293040e+00   1.7020811e+01   4.6549065e+00
   3.4332779e+00   1.8537849e+01   3.6298510e+00
   2.6108238e+00   1.6592404e+01   2.8821723e+00
   3.1220943e+00   1.5342239e+01   3.5158194e+00
   3.4311945e+00   1.5647186e+01   3.8168142e+00
   3.0340134e+00   1.6011736e+01   3.3659538e+00
   3.1061431e+00   1.8870269e+01   3.2788466e+00
   2.3380733e+00   1.4447739e+01   2.7670583e+00
   3.4910565e+00   1.6533699e+01   3.8075439e+00
   3.2196930e+00   1.5317382e+01   3.6220575e+00
   2.7527625e+00   1.7997918e+01   2.9528637e+00
   3.5249470e+00   1.7239816e+01   3.7948477e+00
   3.0162654e+00   1.8091465e+01   3.2202648e+00
   3.0039088e+00   1.4930253e+01   3.4293261e+00
   3.6295554e+00   1.7593909e+01   3.8823987e+00
   3.1871783e+00   1.5246292e+01   3.5941373e+00
   3.0500923e+00   1.9413452e+01   3.2010307e+00
   2.4301717e+00   1.4516584e+01   2.8583169e+00
   3.3527044e+00   1.7992595e+01   3.5729438e+00
   3.1314402e+00   1.4570536e+01   3.6040229e+00
   2.8209314e+00   1.8216152e+01   3.0131672e+00
   2.3814364e+00   1.4724339e+01   2.7862605e+00
   3.3443810e+00   1.4506768e+01   3.8412857e+00
   2.4109195e+00   1.5527798e+01   2.7480939e+00
   2.6106667e+00   1.5968497e+01   2.9244046e+00
   1.7603578e+00   1.4520151e+01   2.1474490e+00
   3.0601867e+00   1.5780230e+01   3.4120405e+00
   2.4802330e+00   1.4415969e+01   2.9219722e+00
   2.3006935e+00   1.5979252e+01   2.5992318e+00
   1.2546652e+00   1.4992410e+01   1.5777617e+00
   2.1207306e+00   1.2716037e+01   2.7432962e+00
   7.9871733e-01   1.4643053e+01   1.1283230e+00
   2.7922718e+00   1.3232464e+01   3.4051484e+00
   1.1090374e+00   1.3582664e+01   1.5482531e+00
   1.9835739e+00   1.2317767e+01   2.6530545e+00
   1.7172064e+00   1.4136533e+01   2.1378120e+00
   3.4610257e+00   1.7068675e+01   3.7389824e+00
   2.5282679e+00   1.5910324e+01   2.8422821e+00
   2.6196783e+00   1.6626232e+01   2.8892672e+00
   1.2505672e+00   1.5392119e+01   1.5449290e+00
   2.0235389e+00   1.9142822e+01   2.1612594e+00
