   2.0034028e+00   1.2588607e+01   2.6334975e+00
   3.3478664e+00   1.6028512e+01   3.6957394e+00
   9.1276347e-01   9.3231969e+00   2.0690286e+00
   3.0020887e+00   1.5670765e+01   3.3597146e+00
   2.5615738e+00   1.8115818e+01   2.7506774e+00
   4.0066443e+00   1.5553003e+01   4.4412785e+00
   2.1550045e+00   1.7602425e+01   2.3554797e+00
   4.4432902e+00   1.5330022e+01   4.9381056e+00
   2.3917103e+00   1.3768894e+01   2.8987154e+00
   4.0442411e+00   1.5979475e+01   4.4399319e+00
   1.6219216e+00   1.2296184e+01   2.2593507e+00
   2.5448839e+00   1.5829778e+01   2.8656594e+00
   2.2407230e+00   1.4615704e+01   2.6471531e+00
   3.8146573e+00   1.6179464e+01   4.1776368e+00
   7.7285481e-01   1.1036065e+01   1.5314575e+00
   2.3658006e+00   1.7402776e+01   2.5824214e+00
   1.5795328e+00   1.1440954e+01   2.3537721e+00
   3.0261039e+00   1.6037991e+01   3.3555997e+00
   2.0669676e+00   1.0018603e+01   3.2377797e+00
   2.6620444e+00   1.0702695e+01   3.7583760e+00
   3.7124176e+00   1.8362394e+01   3.9267551e+00
   3.2442404e+00   1.0563832e+01   4.5002289e+00
   3.2019071e+00   1.8703723e+01   3.3841568e+00
   3.8179823e+00   1.2207799e+01   4.7513927e+00
   3.6335921e+00   1.4176585e+01   4.1977334e+00
   3.2338209e+00   1.0425983e+01   4.5306289e+00
   2.5512544e+00   1.2785905e+01   3.2063682e+00
   2.0164471e+00   1.0608686e+01   3.0247973e+00
   2.9565671e+00   1.5054394e+01   3.3666573e+00
   3.1669647e+00   1.1862067e+01   4.0710808e+00
   1.5302816e+00   1.2017920e+01   2.2015679e+00
   1.9156062e+00   1.1628485e+01   2.6949710e+00
   2.6472689e+00   1.2843572e+01   3.3035493e+00
   2.4141905e+00   1.0899908e+01   3.4172966e+00
   3.3323804e+00   1.9341947e+01   3.4928605e+00
   1.5414953e+00   6.6140716e+00   4.0159387e+00
   3.1791924e+00   1.9241356e+01   3.3394991e+00
   2.0753619e+00   7.2639187e+00   4.3890329e+00
   3.0663423e+00   1.4181894e+01   3.5786767e+00
   1.9322896e+00   6.9662950e+00   4.3632599e+00
   2.3745746e+00   1.3181501e+01   2.9549806e+00
   7.3089295e-01   6.3952028e+00   3.0025692e+00
   2.7432314e+00   1.5473207e+01   3.1027070e+00
   1.6508625e+00   7.4988129e+00   3.6703572e+00
   1.5709204e+00   1.2717007e+01   2.1443053e+00
   9.4268383e-01   7.7846759e+00   2.6185256e+00
   2.5192999e+00   1.2636346e+01   3.1945120e+00
   1.3749176e+00   7.4441831e+00   3.3274954e+00
   2.9511164e+00   1.7161336e+01   3.2017485e+00
   4.3911252e+00   1.4382954e+01   5.0050951e+00
   3.0567310e+00   1.3548713e+01   3.6506416e+00
   3.8428213e+00   1.5762342e+01   4.2450668e+00
   2.3581136e+00   1.2387958e+01   3.0560256e+00
   2.7000286e+00   1.5547717e+01   3.0509288e+00
   2.8737248e+00   1.5356478e+01   3.2508176e+00
   3.7731561e+00   1.5622767e+01   4.1839099e+00
   1.1602580e+00   1.0976335e+01   1.9724600e+00
   2.4328692e+00   1.5784631e+01   2.7515333e+00
   2.2898219e+00   1.1937040e+01   3.0579101e+00
   3.0584439e+00   1.4835614e+01   3.4972589e+00
   3.3863429e+00   1.3770015e+01   3.9818829e+00
   4.2855490e+00   1.5692006e+01   4.7271980e+00
   2.5163641e+00   1.2663638e+01   3.1869227e+00
   2.8760340e+00   1.6800710e+01   3.1454044e+00
   3.1353586e+00   1.4789523e+01   3.5845320e+00
   4.0241669e+00   1.6117742e+01   4.4058799e+00
   1.3544438e+00   1.1609228e+01   2.0745348e+00
   2.3609591e+00   1.6422760e+01   2.6327073e+00
   2.3459457e+00   1.1378124e+01   3.2309083e+00
   3.0809605e+00   1.5294964e+01   3.4764272e+00
   1.6973821e+00   1.1740070e+01   2.4318326e+00
   2.3139579e+00   1.5041094e+01   2.6861045e+00
   2.2689433e+00   1.4207743e+01   2.7179132e+00
   3.2738769e+00   1.3958694e+01   3.8327529e+00
   7.2002373e-01   1.1034897e+01   1.4733791e+00
   2.1007686e+00   1.5006489e+01   2.4641175e+00
   1.6187420e+00   1.1234006e+01   2.4364071e+00
   2.5370856e+00   1.3666200e+01   3.0683743e+00
   1.0513336e+00   1.4052200e+01   1.4421504e+00
   2.8130665e+00   1.2035112e+01   3.6300012e+00
  -1.9675715e-01   1.0648641e+01   5.3509306e-01
   1.6541223e+00   1.2252733e+01   2.3011330e+00
   5.0516236e-01   1.0799314e+01   1.2782950e+00
   2.2742836e+00   1.2213212e+01   2.9920550e+00
   8.7560975e-01   1.1648559e+01   1.5426094e+00
   2.5116386e+00   1.6240751e+01   2.8016743e+00
   1.7528831e+00   1.1909109e+01   2.4646131e+00
   2.9751582e+00   1.3912972e+01   3.5129184e+00
   5.9807423e-01   1.1065709e+01   1.3338212e+00
   2.1136310e+00   1.4566001e+01   2.5170207e+00
