   2.2468061e+00   1.3532960e+01   2.7708014e+00
   3.5884217e+00   1.6085296e+01   3.9456375e+00
   9.6652338e-01   8.0959150e+00   2.5273145e+00
   3.0893990e+00   1.9764422e+01   3.2294137e+00
   2.5204723e+00   1.8184961e+01   2.7054177e+00
   2.2189371e+00   1.5797629e+01   2.5265661e+00
   2.1699247e+00   1.6894255e+01   2.4066764e+00
   3.5666284e+00   1.5478653e+01   3.9769597e+00
   2.4313705e+00   1.6335397e+01   2.7116533e+00
   2.6498731e+00   1.6963469e+01   2.9002964e+00
   1.7441880e+00   1.5609830e+01   2.0440147e+00
   2.2319848e+00   1.8065057e+01   2.4141389e+00
   2.3624314e+00   1.4966236e+01   2.7439293e+00
   2.7040545e+00   1.6524137e+01   2.9837359e+00
   1.7612870e+00   1.6577725e+01   2.0014354e+00
   1.3898325e+00   1.6616404e+01   1.6158220e+00
   1.6112262e+00   1.4496323e+01   1.9922296e+00
   2.0812787e+00   1.7358320e+01   2.2911441e+00
   1.9668798e+00   8.7592340e+00   3.5293133e+00
   2.5992089e+00   1.3437302e+01   3.1653955e+00
   3.6508175e+00   1.8123836e+01   3.8750931e+00
   1.9058617e+00   1.1798407e+01   2.6534952e+00
   2.9707776e+00   1.7195513e+01   3.2201962e+00
   3.0748050e+00   1.2264243e+01   3.8830229e+00
   3.4708325e+00   1.6861563e+01   3.7630188e+00
   2.4993681e+00   1.2432077e+01   3.2057297e+00
   2.4646049e+00   1.5955957e+01   2.7722949e+00
   2.0711739e+00   1.2873175e+01   2.6666563e+00
   3.1488831e+00   1.6475578e+01   3.4523067e+00
   2.5782023e+00   1.3072035e+01   3.1931919e+00
   2.7121473e+00   1.6622511e+01   2.9858436e+00
   1.2232588e+00   1.2130328e+01   1.8489135e+00
   2.7169732e+00   1.5144623e+01   3.1035266e+00
   1.8052331e+00   1.2551651e+01   2.4221366e+00
   3.3900234e+00   2.2813824e+01   3.4625603e+00
   6.3538145e-01   7.2734593e+00   2.4428109e+00
   3.0215204e+00   2.0131943e+01   3.1487573e+00
   2.0627616e+00   8.4109912e+00   3.7931489e+00
   2.9873243e+00   1.9282231e+01   3.1414020e+00
   1.6684051e+00   8.4192950e+00   3.2832103e+00
   2.6348977e+00   1.7149808e+01   2.8741622e+00
   1.0503878e+00   8.2908071e+00   2.5592734e+00
   3.0140763e+00   2.1148533e+01   3.1145370e+00
   1.5923554e+00   9.0631384e+00   2.9570286e+00
   2.6569830e+00   2.0750466e+01   2.7612608e+00
   1.8582701e-01   7.2558626e+00   1.8836428e+00
   2.7033189e+00   1.7453081e+01   2.9286682e+00
   8.7590004e-01   7.8620412e+00   2.5039452e+00
   2.8868435e+00   1.6623155e+01   3.1680557e+00
   3.6392126e+00   1.5345204e+01   4.0678197e+00
   3.1227500e+00   1.7719322e+01   3.3489443e+00
   2.8099713e+00   1.9207719e+01   2.9624832e+00
   2.3661288e+00   1.6145582e+01   2.6561834e+00
   2.5812409e+00   1.7368146e+01   2.8068229e+00
   2.9421346e+00   1.6371569e+01   3.2429281e+00
   3.0841487e+00   1.8706271e+01   3.2629261e+00
   2.3780910e+00   1.6468651e+01   2.6476512e+00
   1.4782448e+00   1.6931899e+01   1.6908976e+00
   2.4473396e+00   1.5712412e+01   2.7721213e+00
   2.0572647e+00   1.7532686e+01   2.2581204e+00
   3.1279170e+00   1.4803209e+01   3.5751060e+00
   3.2132038e+00   1.7878705e+01   3.4343378e+00
   2.5733552e+00   1.4878834e+01   2.9755568e+00
   2.7339962e+00   1.7958271e+01   2.9353639e+00
   3.0630030e+00   1.4508523e+01   3.5371955e+00
   3.0245037e+00   1.6556772e+01   3.3163780e+00
   2.5399012e+00   1.6040668e+01   2.8450740e+00
   1.5772444e+00   1.5889290e+01   1.8516989e+00
   2.5641058e+00   1.4171828e+01   3.0379777e+00
   2.3511045e+00   1.7883527e+01   2.5444592e+00
   1.8940506e+00   1.5127695e+01   2.2367220e+00
   2.2305894e+00   1.5520497e+01   2.5592714e+00
   2.0868792e+00   1.6254928e+01   2.3581528e+00
   2.8400277e+00   1.6402972e+01   3.1338673e+00
   1.6560189e+00   1.7527774e+01   1.8459245e+00
   1.3489292e+00   1.5168960e+01   1.6631124e+00
   1.8579105e+00   1.5414308e+01   2.1768290e+00
   1.8617895e+00   1.5357982e+01   2.1850891e+00
   1.3650775e+00   1.6811935e+01   1.5803454e+00
   2.3734086e+00   1.3518899e+01   2.9095034e+00
   7.6347033e-01   1.7314041e+01   9.4051983e-01
   1.0567254e+00   1.2852914e+01   1.5733671e+00
   8.8386000e-01   1.5777948e+01   1.1402381e+00
   1.6462728e+00   1.2627108e+01   2.2383033e+00
   1.7727993e+00   1.4676331e+01   2.1467537e+00
   1.4995624e+00   1.3905650e+01   1.9297733e+00
   1.8919799e+00   1.5990799e+01   2.1723302e+00
   1.9381247e+00   1.5570624e+01   2.2492727e+00
   7.9956279e-01   1.4942042e+01   1.1071840e+00
   1.3820158e+00   1.7662826e+01   1.5592563e+00
