   2.3078059e+00   1.2438087e+01   2.9920641e+00
   2.4346510e+00   1.4935520e+01   2.8231565e+00
   1.0187195e+00   9.4851347e+00   2.1489583e+00
   1.7080413e+00   1.4865896e+01   2.0625585e+00
   2.9804576e+00   1.6554237e+01   3.2704705e+00
   2.2939369e+00   1.4697846e+01   2.6958780e+00
   2.7917197e+00   1.6643331e+01   3.0674800e+00
   3.2847794e+00   1.5428506e+01   3.6810000e+00
   2.2725304e+00   1.1079542e+01   3.2115497e+00
   2.7983340e+00   1.4527241e+01   3.2507536e+00
   1.8597801e+00   1.1915676e+01   2.5819629e+00
   1.0898169e+00   1.3288061e+01   1.5588951e+00
   2.4785571e+00   1.2810714e+01   3.1223542e+00
   2.8683340e+00   1.5889943e+01   3.2009761e+00
   1.6744179e+00   1.1758489e+01   2.4031899e+00
   1.3364013e+00   1.4408314e+01   1.7105432e+00
   1.7443288e+00   1.1069181e+01   2.6107361e+00
   1.9061830e+00   1.5093831e+01   2.2521734e+00
   1.9118848e+00   9.9472582e+00   3.0734065e+00
   9.0578175e-01   8.8935312e+00   2.1845013e+00
   4.0474038e+00   1.6700584e+01   4.3816619e+00
   1.4908508e+00   8.8279581e+00   2.9118224e+00
   3.5638115e+00   1.7065984e+01   3.8466871e+00
   2.7337778e+00   1.0935728e+01   3.7828937e+00
   3.4388256e+00   1.2284611e+01   4.2951887e+00
   2.1773446e+00   9.1357331e+00   3.6543093e+00
   2.8008305e+00   1.2702505e+01   3.4965245e+00
   8.9686858e-01   8.9255189e+00   2.1642587e+00
   3.3668902e+00   1.3575692e+01   3.9884474e+00
   2.1497800e+00   1.0004147e+01   3.3407170e+00
   2.3794123e+00   1.2914888e+01   2.9978536e+00
   6.5089779e-01   9.3425709e+00   1.7594952e+00
   2.7270352e+00   1.1943787e+01   3.5501224e+00
   1.2722389e+00   9.2560499e+00   2.5117756e+00
   3.5860876e+00   1.7962694e+01   3.8164639e+00
   3.2288688e-01   5.5374869e+00   2.9481189e+00
   3.5425735e+00   1.8187290e+01   3.7596648e+00
   1.2176865e+00   6.4131763e+00   3.6744276e+00
   3.0721400e+00   1.3461269e+01   3.6800020e+00
   7.8330871e-01   5.7207351e+00   3.4941930e+00
   2.7718705e+00   1.3881342e+01   3.2961439e+00
  -5.3306685e-01   4.8797896e+00   2.1618897e+00
   3.0965515e+00   1.3920675e+01   3.6441183e+00
   9.5978135e-01   6.6086359e+00   3.1981986e+00
   2.2732904e+00   1.3599270e+01   2.7913075e+00
  -1.6152210e-01   6.0724851e+00   1.9777705e+00
   2.5707796e+00   1.1685554e+01   3.4238837e+00
   5.1515856e-01   6.3784506e+00   2.7181242e+00
   3.8192268e+00   1.6812564e+01   4.1324307e+00
   3.1033899e+00   1.3391913e+01   3.7245201e+00
   2.7923260e+00   1.1681823e+01   3.6780999e+00
   2.6643599e+00   1.3639324e+01   3.2098898e+00
   2.5912698e+00   1.2355479e+01   3.3212705e+00
   1.4964758e+00   1.3349721e+01   1.9859050e+00
   3.3157989e+00   1.3731993e+01   3.9096134e+00
   2.7836841e+00   1.3953131e+01   3.3001600e+00
   2.0984447e+00   1.1933841e+01   2.8443785e+00
   1.4180206e+00   1.3569849e+01   1.8778524e+00
   2.4825221e+00   1.1337614e+01   3.3961352e+00
   1.9287016e+00   1.4446991e+01   2.3322215e+00
   3.2345633e+00   1.1485358e+01   4.2363426e+00
   2.9667834e+00   1.3731522e+01   3.5272721e+00
   2.5930480e+00   1.1967753e+01   3.3936454e+00
   1.6120633e+00   1.4173864e+01   2.0227787e+00
   3.4673348e+00   1.3305015e+01   4.1416288e+00
   2.8827566e+00   1.4946130e+01   3.2984401e+00
   2.2488224e+00   1.2422006e+01   2.9293641e+00
   1.3749650e+00   1.4140916e+01   1.7752094e+00
   2.5376931e+00   1.0840996e+01   3.5761271e+00
   2.2525984e+00   1.5359945e+01   2.5949218e+00
   1.8445460e+00   1.1991721e+01   2.5522873e+00
   1.1242196e+00   1.2409458e+01   1.7023787e+00
   2.3741063e+00   1.2725125e+01   3.0202802e+00
   2.3229602e+00   1.2423309e+01   3.0112463e+00
   1.3942588e+00   1.1622519e+01   2.1162638e+00
   7.3458080e-01   1.1446358e+01   1.4204446e+00
   1.6701336e+00   1.0797073e+01   2.5837215e+00
   1.4724955e+00   1.2506304e+01   2.0663023e+00
   1.4320474e+00   1.2742156e+01   1.9907880e+00
   1.7894070e+00   1.0550595e+01   2.7759208e+00
   6.9669259e-01   1.1343916e+01   1.3955205e+00
   5.7855282e-01   9.7540916e+00   1.5750638e+00
   6.4316046e-01   1.0232493e+01   1.5421556e+00
   1.1680731e+00   1.0264812e+01   2.1291772e+00
   1.7490496e+00   1.2366213e+01   2.3879959e+00
   1.2832064e+00   1.3318143e+01   1.7616297e+00
   1.9935158e+00   1.1105319e+01   2.8862922e+00
   1.8310133e+00   1.3027885e+01   2.3849392e+00
   7.8743245e-01   1.0417317e+01   1.6657513e+00
   1.0160342e+00   1.3348905e+01   1.4739097e+00
