   2.3949330e+00   1.3222203e+01   2.9716428e+00
   3.3178412e+00   1.6619972e+01   3.6193379e+00
   1.5278160e+00   9.0890240e+00   2.8701682e+00
   3.1338870e+00   1.9616426e+01   3.2798013e+00
   2.8016524e+00   1.8661456e+01   2.9745169e+00
   3.2855559e+00   1.7325996e+01   3.5399707e+00
   2.8658882e+00   1.7482746e+01   3.0953955e+00
   3.6442334e+00   1.5029322e+01   4.1063103e+00
   2.7242174e+00   1.6219548e+01   3.0253874e+00
   2.1386572e+00   1.5942101e+01   2.4326036e+00
   2.2587748e+00   1.4979022e+01   2.6332086e+00
   1.2971867e+00   1.9285933e+01   1.4176419e+00
   2.8236134e+00   1.6382297e+01   3.1181131e+00
   2.6222186e+00   1.5347461e+01   2.9854778e+00
   1.9303551e+00   1.7459255e+01   2.1309448e+00
   1.6770159e+00   1.6185146e+01   1.9369094e+00
   2.2570750e+00   1.6306613e+01   2.5319469e+00
   2.5226719e+00   1.7437493e+01   2.7426871e+00
   2.5524000e+00   9.6273816e+00   3.9495925e+00
   3.1451504e+00   1.6012535e+01   3.4830037e+00
   3.9403629e+00   1.8348041e+01   4.1637605e+00
   2.4774340e+00   1.3845529e+01   2.9820918e+00
   3.8572516e+00   1.7219115e+01   4.1438955e+00
   3.0295910e+00   1.3121688e+01   3.6837056e+00
   3.7885056e+00   1.6183128e+01   4.1495693e+00
   1.9321258e+00   1.3421818e+01   2.4449511e+00
   2.8973804e+00   1.4458104e+01   3.3645362e+00
   1.1087676e+00   1.3734098e+01   1.5327989e+00
   3.6626393e+00   1.8492697e+01   3.8688752e+00
   2.5567710e+00   1.4705900e+01   2.9744841e+00
   2.8076641e+00   1.8346687e+01   2.9937859e+00
   1.4468222e+00   1.3662727e+01   1.8986584e+00
   3.1955719e+00   1.5960264e+01   3.5403757e+00
   2.0161098e+00   1.5025734e+01   2.3733320e+00
   3.5218042e+00   2.1603615e+01   3.6197991e+00
   1.7149823e+00   8.8899683e+00   3.1663823e+00
   3.6288985e+00   2.1588703e+01   3.7289513e+00
   2.4447203e+00   9.3811744e+00   3.9012066e+00
   3.3766452e+00   1.8727784e+01   3.5630227e+00
   1.4311321e+00   8.9438933e+00   2.8000289e+00
   3.0473682e+00   1.6229254e+01   3.3635534e+00
   4.7618218e-01   9.0484152e+00   1.6353490e+00
   3.4502631e+00   2.1984379e+01   3.5389735e+00
   1.7913557e+00   1.0045663e+01   2.9042815e+00
   2.7577212e+00   2.2744981e+01   2.8245197e+00
   7.8039346e-01   9.0440716e+00   1.9919428e+00
   3.2650155e+00   1.9635533e+01   3.4133340e+00
   1.5554140e+00   9.4605852e+00   2.7887403e+00
   3.7592077e+00   1.8338664e+01   3.9764113e+00
   3.5742619e+00   1.6822886e+01   3.8741725e+00
   3.3116823e+00   1.6144910e+01   3.6482175e+00
   2.2171239e+00   1.8525447e+01   2.3805082e+00
   2.9591677e+00   1.5703090e+01   3.3116800e+00
   1.6336482e+00   1.8818658e+01   1.7741264e+00
   3.2873552e+00   1.8042734e+01   3.5027626e+00
   2.9570457e+00   1.8419451e+01   3.1443484e+00
   2.4642288e+00   1.9482407e+01   2.6000417e+00
   1.8735353e+00   1.9007656e+01   2.0126147e+00
   2.9076346e+00   1.6389769e+01   3.2055282e+00
   2.6546412e+00   1.9235211e+01   2.8026305e+00
   3.4619284e+00   1.4835301e+01   3.9309633e+00
   2.6896004e+00   1.8166478e+01   2.8801740e+00
   3.0006215e+00   1.4132353e+01   3.5134341e+00
   1.7561953e+00   1.9014015e+01   1.8927906e+00
   3.4895464e+00   1.5975553e+01   3.8500819e+00
   3.1637153e+00   1.7044775e+01   3.4300777e+00
   2.6354839e+00   1.6884416e+01   2.8899869e+00
   2.0728777e+00   1.7563687e+01   2.2727496e+00
   3.0103925e+00   1.4891273e+01   3.4401639e+00
   2.8195194e+00   1.8992178e+01   2.9800740e+00
   2.3809414e+00   1.4332128e+01   2.8245800e+00
   1.5510298e+00   1.6829744e+01   1.7709728e+00
   2.6128327e+00   1.7321641e+01   2.8419643e+00
   2.9910658e+00   1.7806297e+01   3.2081691e+00
   1.8045533e+00   1.8761345e+01   1.9503490e+00
   1.8851611e+00   1.7799887e+01   2.0693491e+00
   2.2785434e+00   1.5588676e+01   2.6043868e+00
   2.5652317e+00   1.6758831e+01   2.8244682e+00
   1.7535245e+00   1.7777681e+01   1.9352359e+00
   2.4063577e+00   1.4542778e+01   2.8303345e+00
   1.0402666e+00   1.9058342e+01   1.1629711e+00
   1.4553632e+00   1.4637086e+01   1.8160860e+00
   1.4166966e+00   1.4920177e+01   1.7526703e+00
   2.2933426e+00   1.4899994e+01   2.6767363e+00
   1.6730594e+00   1.6841599e+01   1.8961735e+00
   1.7677562e+00   1.6025953e+01   2.0409151e+00
   2.3286381e+00   1.6405555e+01   2.6001540e+00
   2.4597908e+00   1.8426439e+01   2.6330866e+00
   1.2105909e+00   1.6030870e+01   1.4631298e+00
   1.5982437e+00   1.8339426e+01   1.7544001e+00
