   2.8634588e+00   1.3194747e+01   3.4890219e+00
   3.5960431e+00   1.7194402e+01   3.8720360e+00
   1.7767766e+00   8.9664680e+00   3.2160172e+00
   3.6261107e+00   1.9404827e+01   3.7919721e+00
   3.2003057e+00   1.8972291e+01   3.3715039e+00
   3.5789868e+00   1.6550710e+01   3.8988407e+00
   3.1711408e+00   1.7711079e+01   3.3995220e+00
   4.0226367e+00   1.4447555e+01   4.5886963e+00
   3.1824581e+00   1.6988826e+01   3.4531261e+00
   2.3657770e+00   1.6044038e+01   2.6627453e+00
   2.7830793e+00   1.5099504e+01   3.1778165e+00
   1.7254627e+00   1.8811630e+01   1.8679813e+00
   3.1360474e+00   1.6505367e+01   3.4367500e+00
   3.1303697e+00   1.5232633e+01   3.5348766e+00
   2.5147635e+00   1.8813998e+01   2.6744980e+00
   2.0766515e+00   1.6034522e+01   2.3617381e+00
   2.6612607e+00   1.6685751e+01   2.9288504e+00
   2.9754426e+00   1.8849367e+01   3.1454616e+00
   2.7648464e+00   9.3833637e+00   4.3056658e+00
   3.6584127e+00   1.5729666e+01   4.0512753e+00
   4.4129023e+00   1.8689116e+01   4.6365905e+00
   2.7263918e+00   1.3171220e+01   3.3416043e+00
   4.1568872e+00   1.7639399e+01   4.4303185e+00
   3.3752707e+00   1.3023905e+01   4.0849467e+00
   4.1691711e+00   1.6363603e+01   4.5386196e+00
   2.1615398e+00   1.3348794e+01   2.7015581e+00
   3.4364169e+00   1.5196880e+01   3.8653862e+00
   1.5212755e+00   1.4156063e+01   1.9284019e+00
   4.0073597e+00   1.8738731e+01   4.2136525e+00
   3.1023009e+00   1.5208486e+01   3.5072550e+00
   3.2909250e+00   1.8785953e+01   3.4722882e+00
   1.9455311e+00   1.3916994e+01   2.4032578e+00
   3.7496945e+00   1.6813424e+01   4.0591922e+00
   2.4983888e+00   1.5411618e+01   2.8494769e+00
   3.8853157e+00   2.2667809e+01   3.9666151e+00
   1.9852257e+00   8.6226339e+00   3.6058826e+00
   3.9004573e+00   2.1671558e+01   4.0030811e+00
   2.7347761e+00   9.3070544e+00   4.2965107e+00
   3.6229975e+00   1.9115070e+01   3.8003075e+00
   1.5788780e+00   8.9849023e+00   2.9665074e+00
   3.3972861e+00   1.6373518e+01   3.7208140e+00
   1.0083247e+00   9.2889295e+00   2.1904506e+00
   3.6218696e+00   2.1772502e+01   3.7176486e+00
   2.3553794e+00   1.0489279e+01   3.4516759e+00
   3.0918014e+00   2.3118563e+01   3.1563086e+00
   1.1976912e+00   9.4129980e+00   2.3784046e+00
   3.5407710e+00   1.9603257e+01   3.6969811e+00
   2.0578664e+00   9.8108257e+00   3.2868812e+00
   4.0809573e+00   1.8250719e+01   4.3149803e+00
   3.8598823e+00   1.6518565e+01   4.1977136e+00
   3.7006129e+00   1.6381887e+01   4.0401794e+00
   2.4474446e+00   1.9377432e+01   2.5862475e+00
   3.4287788e+00   1.5516322e+01   3.8262551e+00
   2.0236844e+00   1.9684722e+01   2.1451980e+00
   3.6220508e+00   1.7802414e+01   3.8626075e+00
   3.4985057e+00   1.8444967e+01   3.7015074e+00
   3.0064793e+00   2.0007054e+01   3.1371409e+00
   2.2555183e+00   1.9483137e+01   2.3871800e+00
   3.4544616e+00   1.6890401e+01   3.7439093e+00
   3.0999723e+00   2.0728366e+01   3.2121764e+00
   3.9307652e+00   1.5226503e+01   4.3940501e+00
   2.9671904e+00   1.8392697e+01   3.1559582e+00
   3.4716501e+00   1.4134546e+01   4.0259150e+00
   2.2452698e+00   1.9212759e+01   2.3852145e+00
   3.9273565e+00   1.5849165e+01   4.3272226e+00
   3.7617413e+00   1.7220864e+01   4.0437058e+00
   3.2315736e+00   1.7430895e+01   3.4777032e+00
   2.4377367e+00   1.8090228e+01   2.6244499e+00
   3.6990450e+00   1.5518263e+01   4.1147505e+00
   3.4079037e+00   2.0090576e+01   3.5444666e+00
   2.7833458e+00   1.4431448e+01   3.2449389e+00
   1.9477584e+00   1.7262832e+01   2.1582076e+00
   2.8507361e+00   1.7727427e+01   3.0670547e+00
   3.5184560e+00   1.8517160e+01   3.7187306e+00
   2.2406586e+00   2.0207117e+01   2.3517939e+00
   2.3504098e+00   1.8278009e+01   2.5268624e+00
   2.7225243e+00   1.6415464e+01   3.0101907e+00
   2.9875906e+00   1.7815427e+01   3.2041157e+00
   2.0254653e+00   1.7355814e+01   2.2337563e+00
   3.0758891e+00   1.5064702e+01   3.4929315e+00
   1.5000744e+00   1.9449003e+01   1.6193105e+00
   1.9540506e+00   1.4655456e+01   2.3398841e+00
   1.8066695e+00   1.5097610e+01   2.1474030e+00
   2.8505204e+00   1.5383258e+01   3.2238847e+00
   2.1679871e+00   1.7651372e+01   2.3665797e+00
   2.2839999e+00   1.6576433e+01   2.5432165e+00
   2.8044609e+00   1.7329678e+01   3.0400146e+00
   2.9551666e+00   1.9140960e+01   3.1135746e+00
   1.5746839e+00   1.6636801e+01   1.8054289e+00
   2.0349305e+00   1.9582352e+01   2.1595534e+00
