  -3.1572483e+00  -1.1289406e+00   4.7353621e+00
  -1.5175092e+00   9.1551302e-01   4.7353621e+00
  -4.0375681e+00  -1.8357243e+00   3.9913595e+00
  -1.2009864e+00   1.8216119e+00   3.9913595e+00
  -2.8702792e+00  -5.1094048e-01   4.1793354e+00
  -2.1378796e+00   4.2206224e-01   4.1793354e+00
  -2.5723942e+00  -2.5959921e-01   4.4113156e+00
  -2.0429640e+00   4.1317700e-01   4.4113156e+00
  -2.8306949e+00  -2.5585489e-01   3.8037552e+00
  -2.5090380e+00   1.5935643e-01   3.8037552e+00
  -2.9290619e+00  -9.3547736e-02   3.3206801e+00
  -3.1230273e+00  -3.4608889e-01   3.3206801e+00
  -2.8247418e+00  -2.8796219e-01   3.8737652e+00
  -2.3337800e+00   3.4676368e-01   3.8737652e+00
  -3.0070228e+00  -9.6909525e-02   3.1648547e+00
  -2.8932660e+00   5.3689205e-02   3.1648547e+00
  -2.8395730e+00  -8.0153820e-02   3.4875555e+00
  -2.5599269e+00   2.8811829e-01   3.4875555e+00
  -2.7801238e+00  -6.3482519e-01   4.6507271e+00
  -1.6454447e+00   7.9566224e-01   4.6507271e+00
  -1.8877923e+00   3.0812401e-01   4.9846559e+00
  -2.6144446e+00  -5.8821013e-01   4.9846559e+00
  -1.4883417e+00   7.6338427e-01   5.0870321e+00
  -2.4600576e+00  -4.4724365e-01   5.0870321e+00
  -1.7758774e+00   8.6606284e-01   4.2357674e+00
  -3.0841718e+00  -8.0428797e-01   4.2357674e+00
  -2.1890783e+00   6.3612191e-01   3.7184384e+00
  -3.0700546e+00  -5.1170717e-01   3.7184384e+00
  -2.2561350e+00   2.1852569e-01   4.2676977e+00
  -2.7422804e+00  -3.9739125e-01   4.2676977e+00
  -2.1028899e+00   8.1413509e-01   3.6250143e+00
  -3.5135174e+00  -1.0153235e+00   3.6250143e+00
  -2.1471494e+00   4.2984811e-01   4.1452166e+00
  -2.7769723e+00  -3.7628248e-01   4.1452166e+00
  -1.3648582e+00   1.3489123e+00   4.3517172e+00
  -3.5177656e+00  -1.3852147e+00   4.3517172e+00
  -1.0656166e+00   1.6562966e+00   4.5142274e+00
  -3.5880264e+00  -1.5425413e+00   4.5142274e+00
  -1.1756757e+00   1.8178285e+00   4.0472959e+00
  -3.6321355e+00  -1.3776261e+00   4.0472959e+00
  -1.3322629e+00   2.1134276e+00   3.3632414e+00
  -4.4622178e+00  -2.0327185e+00   3.3632414e+00
  -1.6625637e+00   1.1555428e+00   4.0196786e+00
  -3.8693407e+00  -1.6489036e+00   4.0196786e+00
  -1.2456488e+00   2.0186145e+00   3.6419562e+00
  -4.1527053e+00  -1.8031202e+00   3.6419562e+00
  -1.4721209e+00   1.5342977e+00   3.8526212e+00
  -3.5417821e+00  -1.1703459e+00   3.8526212e+00
  -2.1035569e+00  -4.2669158e-02   5.1552012e+00
  -2.3183845e+00  -3.0575137e-01   5.1552012e+00
  -2.1481912e+00   4.7915144e-01   4.0594584e+00
  -2.8181311e+00  -3.8198846e-01   4.0594584e+00
  -2.3572195e+00   4.9303612e-01   3.5900237e+00
  -3.1499693e+00  -5.3999461e-01   3.5900237e+00
  -2.5531235e+00  -6.8085673e-02   4.0992979e+00
  -2.5779562e+00  -9.9741225e-02   4.0992979e+00
  -2.5825412e+00   3.5529896e-01   3.3377308e+00
  -3.2526361e+00  -5.2320091e-01   3.3377308e+00
  -2.3061014e+00   2.6804668e-01   4.0674369e+00
  -2.6890320e+00  -2.2330454e-01   4.0674369e+00
  -2.2213266e+00   1.8828025e-01   4.4034750e+00
  -2.4503552e+00  -1.0233093e-01   4.4034750e+00
  -2.5152390e+00   2.0639090e-01   3.7126238e+00
  -2.8654430e+00  -2.4784683e-01   3.7126238e+00
  -2.5946442e+00  -2.0513258e-01   4.2542980e+00
  -2.1704955e+00   3.3660643e-01   4.2542980e+00
  -2.4734665e+00   3.2863710e-01   3.6046045e+00
  -2.8682899e+00  -1.8806715e-01   3.6046045e+00
  -2.6577941e+00  -2.3325500e-01   4.1582677e+00
  -2.2658840e+00   2.6783242e-01   4.1582677e+00
  -2.9340763e+00   1.0660944e-01   3.0033714e+00
  -3.1642242e+00  -1.9952681e-01   3.0033714e+00
  -2.7891310e+00  -1.5032247e-01   3.7135468e+00
  -2.5767610e+00   1.2523514e-01   3.7135468e+00
  -2.6751089e+00   3.0881932e-01   3.2203585e+00
  -3.1867698e+00  -3.6692503e-01   3.2203585e+00
  -2.8779993e+00  -1.0510382e-01   3.4466067e+00
  -2.6732451e+00   1.6384765e-01   3.4466067e+00
  -3.3508400e+00  -5.9304562e-01   3.2444955e+00
  -2.4251135e+00   6.3211287e-01   3.2444955e+00
  -3.4328474e+00  -2.2126802e-01   2.5074330e+00
  -3.3137785e+00  -6.0755649e-02   2.5074330e+00
  -3.3861772e+00  -4.6549519e-01   2.9649103e+00
  -2.6666144e+00   4.9671138e-01   2.9649103e+00
  -2.6576488e+00   5.5954997e-01   2.8946928e+00
  -3.0303933e+00   5.1095746e-02   2.8946928e+00
  -3.0715817e+00  -2.9513825e-01   3.3462633e+00
  -2.7890037e+00   7.4611636e-02   3.3462633e+00
  -3.5556645e+00  -6.4285297e-01   2.8979727e+00
  -2.7969688e+00   3.6531253e-01   2.8979727e+00
