   6.6363754e-01   7.3891744e+00   2.4291010e+00
   3.0924006e+00   1.1545131e+01   4.0556692e+00
  -5.6902295e-01   4.3642796e+00   2.4678089e+00
   3.4863019e+00   1.1754065e+01   4.4677874e+00
   1.7774102e+00   1.0945910e+01   2.6739834e+00
   2.5154772e+00   1.0663503e+01   3.5951844e+00
   1.4519761e+00   9.3225057e+00   2.7062768e+00
   3.3798693e+00   1.2002164e+01   4.2870258e+00
   1.0980640e+00   9.4036689e+00   2.2638931e+00
   2.4131134e+00   1.1298010e+01   3.3250069e+00
   9.4946882e-01   7.5196847e+00   2.7379438e+00
   2.6726119e+00   1.0772004e+01   3.7526960e+00
   1.3690393e+00   9.9076911e+00   2.4464659e+00
   1.6947800e+00   1.0344515e+01   2.7157014e+00
   5.2336929e-01   7.8883878e+00   2.0578576e+00
   2.4972337e+00   1.1979720e+01   3.2832399e+00
   1.0847556e+00   9.3072173e+00   2.2751842e+00
   1.7757922e+00   1.0283677e+01   2.8247384e+00
   5.1295776e-01   5.3279871e+00   3.3688682e+00
   2.8411019e+00   7.8981450e+00   5.1188542e+00
   2.7412915e+00   1.1704664e+01   3.6147682e+00
   1.3075229e+00   6.6300162e+00   3.6708603e+00
   2.4254466e+00   1.0094569e+01   3.6455047e+00
   2.1155646e+00   7.5778681e+00   4.2673769e+00
   2.4293229e+00   1.0646925e+01   3.4978758e+00
   1.1398996e+00   6.3664045e+00   3.5920047e+00
   1.4804406e+00   7.7258003e+00   3.3348914e+00
   1.6745065e+00   7.0491889e+00   3.9444235e+00
   2.0993980e+00   1.0638310e+01   3.1140056e+00
   6.3548430e-01   6.2845425e+00   2.9337140e+00
   1.3209836e+00   8.9507514e+00   2.6642957e+00
   1.4967316e+00   7.6087563e+00   3.4106388e+00
   2.0018497e+00   9.9807679e+00   3.1709141e+00
   7.8324196e-01   6.4427477e+00   3.0478785e+00
   2.5923216e+00   1.2187346e+01   3.3521439e+00
  -2.3634636e-01   3.6789776e+00   3.5746466e+00
   2.2780880e+00   1.0587762e+01   3.3352227e+00
   6.2430589e-01   4.5043589e+00   4.2279639e+00
   2.2879439e+00   1.1173725e+01   3.2084026e+00
  -3.1502113e-01   3.6883397e+00   3.4340155e+00
   1.7007362e+00   8.9856971e+00   3.1156254e+00
   1.5379293e-02   4.0603249e+00   3.6290254e+00
   2.0385338e+00   1.0902741e+01   2.9819855e+00
  -8.0177065e-01   3.4160225e+00   2.8945995e+00
   1.5969937e+00   9.8603787e+00   2.7253375e+00
   2.6663865e-01   4.7405871e+00   3.4412429e+00
   1.8980756e+00   1.0076996e+01   3.0215745e+00
  -2.0874056e-01   4.1454276e+00   3.1912299e+00
   2.2500845e+00   9.8380737e+00   3.5105578e+00
   3.1332197e+00   1.0671842e+01   4.3322522e+00
   1.9995785e+00   1.0363500e+01   3.0658377e+00
   2.1186678e+00   1.0057653e+01   3.2883767e+00
   1.5938278e+00   8.0189122e+00   3.3526843e+00
   2.6694538e+00   1.0281186e+01   3.8851370e+00
   1.9321955e+00   1.0736406e+01   2.8973955e+00
   1.9289917e+00   1.0464274e+01   2.9582792e+00
   9.8246412e-01   8.4764316e+00   2.4108891e+00
   2.4534686e+00   1.0889255e+01   3.4656767e+00
   1.7433258e+00   9.5806602e+00   2.9778259e+00
   1.8954377e+00   9.9732961e+00   3.0466938e+00
   2.0264879e+00   9.9384316e+00   3.2122379e+00
   2.4037427e+00   1.0339992e+01   3.5493537e+00
   1.5398399e+00   7.8175569e+00   3.3711335e+00
   2.7027277e+00   1.0371091e+01   3.8989994e+00
   1.8182646e+00   1.0188494e+01   2.8984633e+00
   1.5762872e+00   9.7033257e+00   2.7439253e+00
   1.2800781e+00   8.4751433e+00   2.7762256e+00
   2.3290134e+00   1.0534817e+01   3.4086634e+00
   1.6786131e+00   9.1212257e+00   3.0430800e+00
   1.7394720e+00   9.4428337e+00   3.0147223e+00
   9.1916342e-01   7.7919190e+00   2.5859812e+00
   1.7545604e+00   8.4099133e+00   3.3965042e+00
   1.2865517e+00   1.0075938e+01   2.3091743e+00
   1.2030581e+00   8.0437788e+00   2.8431726e+00
   5.4256978e-01   8.0939137e+00   2.0081084e+00
   1.8090038e+00   8.9303718e+00   3.2686120e+00
   1.0513027e+00   9.2069917e+00   2.2643069e+00
   1.0066449e+00   7.6718103e+00   2.7461252e+00
   3.2026057e-01   9.2319761e+00   1.4071142e+00
   4.7818651e-01   7.0827343e+00   2.3256034e+00
  -3.5920027e-01   7.5553773e+00   1.1089843e+00
   1.2957832e+00   8.0303673e+00   2.9658531e+00
  -4.0565773e-02   8.4091093e+00   1.2142952e+00
   5.8611851e-01   7.1849045e+00   2.4185853e+00
   6.5558678e-01   8.7805319e+00   1.9219228e+00
   2.0351903e+00   9.8754519e+00   3.2407459e+00
   1.2576375e+00   9.5923456e+00   2.3993990e+00
   1.0523200e+00   7.9608641e+00   2.6862436e+00
   1.5759073e-01   8.3842030e+00   1.4539297e+00
   6.2359116e-01   8.7190703e+00   1.9025443e+00
