  -2.4456171e+00   4.3231185e-01   3.5007367e+00
  -4.0450041e-01   3.5953773e+00   3.3748981e+00
  -2.9527301e+00  -4.7545233e-01   3.9198149e+00
   4.7247830e-01   4.3287476e+00   4.1393372e+00
  -9.8223613e-01   2.6560058e+00   3.3618021e+00
  -1.0469441e+00   2.4798208e+00   3.4468664e+00
  -1.7599166e+00   1.0431835e+00   3.9879210e+00
  -2.7427331e-01   3.4213095e+00   3.7724684e+00
  -1.6387914e+00   1.7986402e+00   3.1860853e+00
  -1.3227806e+00   2.6184937e+00   2.8167919e+00
  -1.5312356e+00   2.1516831e+00   2.9631554e+00
  -1.8774712e+00   1.7867180e+00   2.7728137e+00
  -1.8885592e+00   1.2753576e+00   3.3926419e+00
  -4.6152139e-01   3.5580412e+00   3.3162931e+00
  -1.6169235e+00   2.2918876e+00   2.6630889e+00
  -1.6716048e+00   2.3555438e+00   2.5056488e+00
  -1.9647341e+00   1.1867768e+00   3.3661263e+00
  -4.8288769e-01   3.6892838e+00   3.1578479e+00
  -1.8981066e+00   6.0592166e-01   4.4032654e+00
  -6.6428122e-01   2.3172226e+00   4.3794438e+00
  -1.7084755e-01   3.2984178e+00   4.0913695e+00
  -2.2052203e+00   4.9821760e-01   3.9036153e+00
  -8.0387766e-01   1.8900854e+00   4.7149024e+00
  -1.2795366e+00   1.3901579e+00   4.4709806e+00
  -5.2364845e-01   2.8533983e+00   3.9623234e+00
  -2.5243493e+00   3.7822395e-01   3.4217218e+00
  -8.3980493e-01   2.8629392e+00   3.3840133e+00
  -2.3275011e+00   6.5680025e-01   3.4032583e+00
  -1.3100252e+00   1.6880097e+00   3.9603703e+00
  -1.3079815e+00   1.7334992e+00   3.9008336e+00
  -1.1244218e+00   2.8472762e+00   2.9151446e+00
  -2.6059267e+00   6.6570309e-01   2.8480712e+00
  -1.3816856e+00   1.5871951e+00   3.9592429e+00
  -1.3440681e+00   1.7895239e+00   3.7534091e+00
   1.9765221e-01   4.4144666e+00   3.6061390e+00
  -2.9868246e+00  -4.7701715e-01   3.8446056e+00
  -3.0096467e-01   2.9516084e+00   4.2604311e+00
  -2.4552073e+00  -2.1447253e-02   4.2410953e+00
  -1.0901558e-01   3.9834514e+00   3.4958201e+00
  -3.1466534e+00  -3.8723960e-01   3.3381538e+00
  -2.2771356e-01   3.9866693e+00   3.3001022e+00
  -3.5228044e+00  -8.1467435e-01   3.2489843e+00
  -9.6009143e-01   2.6979597e+00   3.3541897e+00
  -2.6478523e+00   1.0941870e-01   3.5870708e+00
  -4.7615778e-01   4.0542733e+00   2.8503634e+00
  -3.3898273e+00  -3.3962503e-01   2.7643652e+00
  -8.9628976e-01   2.4632508e+00   3.7417980e+00
  -2.0259972e+00   8.8770305e-01   3.6721900e+00
  -9.7179854e-01   1.6264211e+00   4.7666054e+00
  -7.6829500e-01   2.3761051e+00   4.0946833e+00
  -8.1413165e-01   2.7105139e+00   3.5994963e+00
  -1.6200441e+00   1.8887501e+00   3.1109372e+00
  -9.1763797e-01   2.6942007e+00   3.4332515e+00
  -1.7243465e+00   1.7342946e+00   3.1087505e+00
  -1.3806632e+00   1.6682257e+00   3.8471876e+00
  -4.4108771e-01   3.1882900e+00   3.7298622e+00
  -1.1676041e+00   2.7229408e+00   2.9699734e+00
  -1.7070649e+00   2.1263276e+00   2.6875506e+00
  -1.6110184e+00   1.4034439e+00   3.7601475e+00
  -5.1211921e-01   3.2569760e+00   3.5326853e+00
  -1.1105887e+00   2.0920495e+00   3.8045778e+00
  -1.4575401e+00   1.7779980e+00   3.5502909e+00
  -1.2226742e+00   2.2672407e+00   3.3787304e+00
  -1.7614724e+00   1.5900637e+00   3.2200966e+00
  -1.6566907e+00   1.2375549e+00   3.9083056e+00
  -5.1575747e-01   2.8656863e+00   3.9622883e+00
  -1.1310603e+00   2.5557744e+00   3.2117941e+00
  -1.7498523e+00   1.7509391e+00   3.0422531e+00
  -1.9488603e+00   8.1732863e-01   3.9409280e+00
  -4.3624641e-01   3.0640214e+00   3.8768811e+00
  -1.5224186e+00   2.3864718e+00   2.7226841e+00
  -2.0442485e+00   1.4281327e+00   2.9031154e+00
  -2.0697372e+00   1.2692869e+00   3.0568422e+00
  -8.1114149e-01   2.9245254e+00   3.3674746e+00
  -1.7495288e+00   2.3567524e+00   2.3762498e+00
  -1.9522332e+00   1.8725476e+00   2.5466566e+00
  -2.0942241e+00   1.1082791e+00   3.2234373e+00
  -8.7116667e-01   2.8623556e+00   3.3301196e+00
  -2.3984638e+00   1.1223144e+00   2.6403951e+00
  -1.1011915e+00   2.8162339e+00   2.9856789e+00
  -2.2660076e+00   2.0227855e+00   1.8734474e+00
  -2.1657036e+00   1.9307225e+00   2.1278407e+00
  -2.7339146e+00   6.4102876e-01   2.6416029e+00
  -1.0561878e+00   3.0778529e+00   2.8006941e+00
  -1.3835156e+00   2.7489035e+00   2.5856790e+00
  -1.8924368e+00   1.9397934e+00   2.5748265e+00
  -2.2900055e+00   8.5960567e-01   3.1870439e+00
  -1.0175803e+00   2.7659539e+00   3.1804689e+00
  -2.9355250e+00   4.2055503e-01   2.5596178e+00
  -1.1845528e+00   3.1714234e+00   2.5077482e+00
