   2.4978983e+01   2.5397368e+01   3.5361101e+01
   2.4473464e+01   2.6710937e+01   2.8433792e+01
   2.2974868e+01   2.3527967e+01   3.2217527e+01
   2.5454336e+01   2.6693978e+01   3.1513589e+01
   1.7480497e+01   2.7233664e+01   1.7974588e+01
   2.6020912e+01   2.6773297e+01   3.4014237e+01
   1.7034883e+01   2.6504072e+01   1.7565353e+01
   2.6395990e+01   2.6902163e+01   3.5990330e+01
   2.2021311e+01   2.5984059e+01   2.4261870e+01
   2.6191644e+01   2.6768998e+01   3.5249674e+01
   2.5029016e+01   2.5482520e+01   3.5078097e+01
   2.5990155e+01   2.6571805e+01   3.5018513e+01
   2.5463055e+01   2.6194503e+01   3.3570078e+01
   2.6354253e+01   2.6924651e+01   3.5461201e+01
   2.3274224e+01   2.3870781e+01   3.2208192e+01
   2.5868619e+01   2.6970170e+01   3.2374272e+01
   1.7215072e+01   2.5299411e+01   1.7961573e+01
   2.6058821e+01   2.6789032e+01   3.4171262e+01
   2.2930584e+01   2.3538447e+01   3.1789939e+01
   2.4358053e+01   2.5311476e+01   3.1423797e+01
   2.6649358e+01   2.7371322e+01   3.4805974e+01
   2.4906266e+01   2.5433754e+01   3.4335475e+01
   2.6160088e+01   2.6679688e+01   3.5647765e+01
   2.5120788e+01   2.5444060e+01   3.6575959e+01
   2.5630429e+01   2.6035707e+01   3.6142615e+01
   2.4868745e+01   2.5280579e+01   3.5316514e+01
   2.4767338e+01   2.5483757e+01   3.2959069e+01
   2.5051720e+01   2.5462572e+01   3.5508851e+01
   2.2596580e+01   2.6178435e+01   2.5112328e+01
   2.4950619e+01   2.5389230e+01   3.5137657e+01
   2.3271080e+01   2.3877084e+01   3.2141398e+01
   2.4602003e+01   2.5406385e+01   3.2333696e+01
   2.4870447e+01   2.5390368e+01   3.4358818e+01
   2.4937457e+01   2.5436036e+01   3.4597271e+01
   2.5673761e+01   2.7372606e+01   3.0579780e+01
   2.2655287e+01   2.3129605e+01   3.2528508e+01
   2.5277907e+01   2.6660798e+01   3.0930344e+01
   2.2777413e+01   2.3130543e+01   3.3872355e+01
   2.5211179e+01   2.6040637e+01   3.2820007e+01
   2.2668065e+01   2.3103190e+01   3.2896720e+01
   2.4430635e+01   2.5472999e+01   3.1151347e+01
   2.2733772e+01   2.3144955e+01   3.3196233e+01
   2.5345102e+01   2.6180398e+01   3.2925948e+01
   2.2664712e+01   2.3097900e+01   3.2911807e+01
   2.3027926e+01   2.3866570e+01   3.0600362e+01
   2.2410005e+01   2.3070915e+01   3.0934051e+01
   2.4112330e+01   2.5372069e+01   3.0114608e+01
   2.2649702e+01   2.3118717e+01   3.2569200e+01
   2.6236750e+01   2.6673577e+01   3.6437416e+01
   2.6713390e+01   2.7218165e+01   3.6318431e+01
   2.5629093e+01   2.6031810e+01   3.6167557e+01
   2.6491592e+01   2.7133000e+01   3.5123243e+01
   2.5027799e+01   2.5478751e+01   3.5100143e+01
   2.6519028e+01   2.7171116e+01   3.5084096e+01
   2.5635084e+01   2.6182757e+01   3.4909121e+01
   2.6495330e+01   2.7174512e+01   3.4896794e+01
   2.3244271e+01   2.3845101e+01   3.2149426e+01
   2.5819648e+01   2.7181030e+01   3.1528921e+01
   2.4893018e+01   2.5375500e+01   3.4687635e+01
   2.6406345e+01   2.7162114e+01   3.4381041e+01
   2.5729670e+01   2.6027045e+01   3.7533137e+01
   2.6059997e+01   2.6503197e+01   3.6201263e+01
   2.5125348e+01   2.5466075e+01   3.6360698e+01
   2.6047636e+01   2.6495503e+01   3.6145724e+01
   2.5767638e+01   2.6192669e+01   3.6082479e+01
   2.6028144e+01   2.6485371e+01   3.6041024e+01
   2.3355243e+01   2.3865521e+01   3.2925459e+01
   2.5458008e+01   2.6484029e+01   3.2236954e+01
   2.4985349e+01   2.5365166e+01   3.5768585e+01
   2.5956239e+01   2.6500646e+01   3.5253910e+01
   2.2489667e+01   2.5441353e+01   2.5571771e+01
   2.5656595e+01   2.6091965e+01   3.5872383e+01
   2.5725491e+01   2.6181308e+01   3.5751790e+01
   2.5663564e+01   2.6101707e+01   3.5853125e+01
   2.3308467e+01   2.3858657e+01   3.2571196e+01
   2.5192398e+01   2.6104688e+01   3.2427715e+01
   2.4947674e+01   2.5371454e+01   3.5276875e+01
   2.5564945e+01   2.6099102e+01   3.4941091e+01
   2.5686520e+01   2.6192911e+01   3.5280663e+01
   2.4416325e+01   2.5331277e+01   3.1642338e+01
   2.3369987e+01   2.3915805e+01   3.2664994e+01
   2.4194366e+01   2.5317841e+01   3.0628956e+01
   2.4901109e+01   2.5352561e+01   3.4969252e+01
   2.4829275e+01   2.5330631e+01   3.4466630e+01
   2.3282775e+01   2.3879837e+01   3.2213274e+01
   2.4959261e+01   2.5878014e+01   3.2167603e+01
   2.4907782e+01   2.5377767e+01   3.4810225e+01
   2.5321579e+01   2.5879052e+01   3.4524143e+01
   2.4463021e+01   2.5374116e+01   3.1705397e+01
   2.2793508e+01   2.3308875e+01   3.2325542e+01
