   2.4897547e+01   2.5356689e+01   3.4896101e+01
   2.4369259e+01   2.6674390e+01   2.8231180e+01
   2.2855694e+01   2.3464874e+01   3.1706620e+01
   2.5280688e+01   2.6689686e+01   3.0864194e+01
   1.7451841e+01   2.7110289e+01   1.7957519e+01
   2.5778996e+01   2.6764167e+01   3.2714138e+01
   1.7031859e+01   2.6488675e+01   1.7563942e+01
   2.6314011e+01   2.6872776e+01   3.5504864e+01
   2.2016219e+01   2.6021090e+01   2.4228650e+01
   2.6015231e+01   2.6739777e+01   3.4158841e+01
   2.4974525e+01   2.5443078e+01   3.4889338e+01
   2.5896845e+01   2.6542343e+01   3.4504115e+01
   2.5381827e+01   2.6112614e+01   3.3492649e+01
   2.6296512e+01   2.6901645e+01   3.5163755e+01
   2.3185711e+01   2.3767298e+01   3.2223158e+01
   2.5825140e+01   2.6939945e+01   3.2285258e+01
   1.7200373e+01   2.5249723e+01   1.7953491e+01
   2.5905480e+01   2.6742879e+01   3.3475161e+01
   2.2816767e+01   2.3471895e+01   3.1374277e+01
   2.4200417e+01   2.5267444e+01   3.0831996e+01
   2.6415965e+01   2.7249465e+01   3.4003014e+01
   2.4699979e+01   2.5419088e+01   3.2876924e+01
   2.6095463e+01   2.6667032e+01   3.5194619e+01
   2.5053333e+01   2.5412562e+01   3.6068317e+01
   2.5602095e+01   2.6074582e+01   3.5480850e+01
   2.4749190e+01   2.5265842e+01   3.4263718e+01
   2.4726872e+01   2.5442235e+01   3.2924610e+01
   2.4987929e+01   2.5438516e+01   3.5063726e+01
   2.2563060e+01   2.6095478e+01   2.5117988e+01
   2.4927324e+01   2.5370326e+01   3.5073318e+01
   2.3168166e+01   2.3775688e+01   3.2028779e+01
   2.4535942e+01   2.5380500e+01   3.2075495e+01
   2.4788142e+01   2.5344497e+01   3.4000341e+01
   2.4829088e+01   2.5413729e+01   3.3839546e+01
   2.5475800e+01   2.7257477e+01   3.0213938e+01
   2.2517026e+01   2.3109439e+01   3.1482632e+01
   2.5274565e+01   2.6647802e+01   3.0952881e+01
   2.2743195e+01   2.3111129e+01   3.3667173e+01
   2.5191617e+01   2.6077248e+01   3.2542928e+01
   2.2586078e+01   2.3094245e+01   3.2176709e+01
   2.4315515e+01   2.5431166e+01   3.0776382e+01
   2.2712919e+01   2.3139074e+01   3.3027447e+01
   2.5285888e+01   2.6096847e+01   3.2983568e+01
   2.2649451e+01   2.3087884e+01   3.2846914e+01
   2.2966259e+01   2.3767838e+01   3.0717464e+01
   2.2386137e+01   2.3077010e+01   3.0732184e+01
   2.4084061e+01   2.5324727e+01   3.0143657e+01
   2.2575659e+01   2.3094101e+01   3.2084393e+01
   2.6217340e+01   2.6659063e+01   3.6372032e+01
   2.6541372e+01   2.7116921e+01   3.5611415e+01
   2.5616651e+01   2.6069963e+01   3.5665927e+01
   2.6207470e+01   2.7048878e+01   3.3757721e+01
   2.4985173e+01   2.5438845e+01   3.5032854e+01
   2.6359945e+01   2.7084427e+01   3.4503209e+01
   2.5558626e+01   2.6100080e+01   3.4879411e+01
   2.6351396e+01   2.7093934e+01   3.4396504e+01
   2.3158724e+01   2.3743540e+01   3.2173806e+01
   2.5697934e+01   2.7096244e+01   3.1308623e+01
   2.4808751e+01   2.5328685e+01   3.4297198e+01
   2.6158315e+01   2.7067117e+01   3.3406473e+01
   2.5712132e+01   2.6065527e+01   3.6793604e+01
   2.5896788e+01   2.6481449e+01   3.4904393e+01
   2.5082016e+01   2.5424986e+01   3.6290090e+01
   2.5996502e+01   2.6480719e+01   3.5773559e+01
   2.5695088e+01   2.6110483e+01   3.6104989e+01
   2.6004187e+01   2.6473329e+01   3.5911216e+01
   2.3254796e+01   2.3765581e+01   3.2821353e+01
   2.5409509e+01   2.6453255e+01   3.2122647e+01
   2.4894357e+01   2.5316065e+01   3.5243979e+01
   2.5845018e+01   2.6487243e+01   3.4472885e+01
   2.2461197e+01   2.5399787e+01   2.5556918e+01
   2.5546856e+01   2.6056109e+01   3.5118250e+01
   2.5648932e+01   2.6098384e+01   3.5733380e+01
   2.5594746e+01   2.6067558e+01   3.5470694e+01
   2.3203961e+01   2.3753722e+01   3.2470300e+01
   2.5125076e+01   2.6081035e+01   3.2178436e+01
   2.4861419e+01   2.5323061e+01   3.4837718e+01
   2.5409084e+01   2.6056374e+01   3.4006314e+01
   2.5611550e+01   2.6110547e+01   3.5266148e+01
   2.4381108e+01   2.5295535e+01   3.1609465e+01
   2.3259598e+01   2.3818131e+01   3.2461217e+01
   2.4158913e+01   2.5298593e+01   3.0539116e+01
   2.4819740e+01   2.5303654e+01   3.4602403e+01
   2.4744843e+01   2.5309915e+01   3.3893890e+01
   2.3203373e+01   2.3778463e+01   3.2286388e+01
   2.4958671e+01   2.5877997e+01   3.2164585e+01
   2.4826993e+01   2.5328728e+01   3.4461252e+01
   2.5246308e+01   2.5876341e+01   3.3952935e+01
   2.4392149e+01   2.5326886e+01   3.1534806e+01
   2.2734683e+01   2.3288360e+01   3.1974180e+01
