   2.4950022e+01   2.5313163e+01   3.5920175e+01
   2.4574552e+01   2.6785409e+01   2.8574517e+01
   2.2619067e+01   2.3006161e+01   3.3332538e+01
   2.5798016e+01   2.6792964e+01   3.2694916e+01
   1.7474725e+01   2.7121781e+01   1.7981765e+01
   2.6181815e+01   2.6855170e+01   3.4618495e+01
   1.7020245e+01   2.6348208e+01   1.7569394e+01
   2.6505239e+01   2.6968708e+01   3.6461269e+01
   2.2105045e+01   2.6166277e+01   2.4280308e+01
   2.6326104e+01   2.6834125e+01   3.5905664e+01
   2.4936001e+01   2.5339511e+01   3.5468179e+01
   2.6125784e+01   2.6626962e+01   3.5761315e+01
   2.5262270e+01   2.5878479e+01   3.4058499e+01
   2.6512349e+01   2.7000048e+01   3.6258892e+01
   2.2856331e+01   2.3247313e+01   3.3527147e+01
   2.6181338e+01   2.7037131e+01   3.3664948e+01
   1.7218505e+01   2.5252323e+01   1.7974507e+01
   2.6239198e+01   2.6855250e+01   3.5034201e+01
   2.2585187e+01   2.3018317e+01   3.2833241e+01
   2.4583142e+01   2.5348064e+01   3.2514319e+01
   2.6597493e+01   2.7261521e+01   3.5089408e+01
   2.5046308e+01   2.5500107e+01   3.5092657e+01
   2.6057656e+01   2.6532094e+01   3.5918408e+01
   2.5213618e+01   2.5488703e+01   3.7345858e+01
   2.5801409e+01   2.6216754e+01   3.6211540e+01
   2.4955138e+01   2.5313283e+01   3.5982995e+01
   2.4671946e+01   2.5338607e+01   3.3152493e+01
   2.5144394e+01   2.5503923e+01   3.6155629e+01
   2.2496860e+01   2.5862456e+01   2.5189991e+01
   2.5087311e+01   2.5440625e+01   3.6171395e+01
   2.2827012e+01   2.3251596e+01   3.3156274e+01
   2.4801062e+01   2.5436856e+01   3.3472162e+01
   2.4901406e+01   2.5352743e+01   3.4970599e+01
   2.5082349e+01   2.5490232e+01   3.5569433e+01
   2.5648546e+01   2.7258694e+01   3.0746118e+01
   2.2732405e+01   2.3150798e+01   3.3122893e+01
   2.5224524e+01   2.6520265e+01   3.1118628e+01
   2.2831284e+01   2.3153740e+01   3.4305618e+01
   2.5385930e+01   2.6219074e+01   3.2976843e+01
   2.2716914e+01   2.3121600e+01   3.3245458e+01
   2.4281305e+01   2.5330092e+01   3.0978833e+01
   2.2798583e+01   2.3170014e+01   3.3682907e+01
   2.5060747e+01   2.5861153e+01   3.2810796e+01
   2.2742829e+01   2.3133922e+01   3.3413011e+01
   2.2617219e+01   2.3245258e+01   3.1345959e+01
   2.2560273e+01   2.3113336e+01   3.1805123e+01
   2.4153795e+01   2.5337794e+01   3.0389371e+01
   2.2746068e+01   2.3155073e+01   3.3230476e+01
   2.6077922e+01   2.6519614e+01   3.6233215e+01
   2.6825578e+01   2.7277095e+01   3.6888604e+01
   2.5800003e+01   2.6217882e+01   3.6184961e+01
   2.6654356e+01   2.7215514e+01   3.5827141e+01
   2.4947145e+01   2.5334148e+01   3.5652612e+01
   2.6692093e+01   2.7237685e+01   3.5979393e+01
   2.5407852e+01   2.5861237e+01   3.5456990e+01
   2.6686135e+01   2.7270911e+01   3.5691322e+01
   2.2808411e+01   2.3218891e+01   3.3277609e+01
   2.6129020e+01   2.7267345e+01   3.2509077e+01
   2.4904851e+01   2.5342122e+01   3.5104662e+01
   2.6605230e+01   2.7251324e+01   3.5207329e+01
   2.5916984e+01   2.6205276e+01   3.7850247e+01
   2.6166568e+01   2.6553291e+01   3.6871928e+01
   2.5061439e+01   2.5323597e+01   3.7396792e+01
   2.6197475e+01   2.6553945e+01   3.7241698e+01
   2.5567086e+01   2.5876692e+01   3.7201922e+01
   2.6185835e+01   2.6549118e+01   3.7151203e+01
   2.2909592e+01   2.3244700e+01   3.4222588e+01
   2.5733712e+01   2.6549108e+01   3.3408791e+01
   2.5026068e+01   2.5329610e+01   3.6745313e+01
   2.6109792e+01   2.6556494e+01   3.6218481e+01
   2.2440220e+01   2.5296586e+01   2.5622919e+01
   2.5712870e+01   2.6060411e+01   3.6864010e+01
   2.5491603e+01   2.5861900e+01   3.6379025e+01
   2.5719972e+01   2.6079852e+01   3.6725623e+01
   2.2867523e+01   2.3234227e+01   3.3804847e+01
   2.5380313e+01   2.6066252e+01   3.3744487e+01
   2.4965579e+01   2.5334551e+01   3.5869365e+01
   2.5641442e+01   2.6074238e+01   3.5881764e+01
   2.5490388e+01   2.5878201e+01   3.6185672e+01
   2.4525123e+01   2.5373888e+01   3.2045144e+01
   2.2928070e+01   2.3295732e+01   3.3854242e+01
   2.4403412e+01   2.5373204e+01   3.1402929e+01
   2.4935978e+01   2.5312292e+01   3.5757880e+01
   2.4964529e+01   2.5382250e+01   3.5353257e+01
   2.2871786e+01   2.3254986e+01   3.3626046e+01
   2.5226223e+01   2.5938728e+01   3.3438619e+01
   2.4941198e+01   2.5345032e+01   3.5470027e+01
   2.5452261e+01   2.5933122e+01   3.5259187e+01
   2.4507969e+01   2.5339645e+01   3.2108158e+01
   2.2869634e+01   2.3331684e+01   3.2849679e+01
