   2.4994402e+01   2.5406461e+01   3.5439541e+01
   2.4496526e+01   2.6716685e+01   2.8482659e+01
   2.2961266e+01   2.3507430e+01   3.2255421e+01
   2.5551137e+01   2.6712758e+01   3.1855455e+01
   1.7474933e+01   2.7229022e+01   1.7968923e+01
   2.6079346e+01   2.6787878e+01   3.4312136e+01
   1.7034408e+01   2.6507604e+01   1.7564360e+01
   2.6435203e+01   2.6918732e+01   3.6217163e+01
   2.1982062e+01   2.5897706e+01   2.4254733e+01
   2.6267609e+01   2.6789767e+01   3.5734988e+01
   2.5041695e+01   2.5490125e+01   3.5137128e+01
   2.6041421e+01   2.6588742e+01   3.5317143e+01
   2.5428240e+01   2.6169746e+01   3.3480890e+01
   2.6353158e+01   2.6932892e+01   3.5394144e+01
   2.3263908e+01   2.3862052e+01   3.2187145e+01
   2.5894181e+01   2.6994965e+01   3.2402442e+01
   1.7205493e+01   2.5275928e+01   1.7954626e+01
   2.6059269e+01   2.6792887e+01   3.4153134e+01
   2.2937979e+01   2.3521598e+01   3.1962335e+01
   2.4400003e+01   2.5295018e+01   3.1712181e+01
   2.6641420e+01   2.7365462e+01   3.4786576e+01
   2.4997266e+01   2.5454110e+01   3.5016197e+01
   2.6131520e+01   2.6684880e+01   3.5362333e+01
   2.5164605e+01   2.5458984e+01   3.7012070e+01
   2.5541461e+01   2.5950314e+01   3.6017471e+01
   2.4927862e+01   2.5297343e+01   3.5826012e+01
   2.4771183e+01   2.5493677e+01   3.2929165e+01
   2.5077308e+01   2.5481854e+01   3.5598448e+01
   2.2581020e+01   2.6152654e+01   2.5104825e+01
   2.4976858e+01   2.5408164e+01   3.5233201e+01
   2.3261150e+01   2.3870851e+01   3.2106885e+01
   2.4599125e+01   2.5401701e+01   3.2339721e+01
   2.4831781e+01   2.5369457e+01   3.4183078e+01
   2.4970074e+01   2.5458904e+01   3.4710807e+01
   2.5638012e+01   2.7366220e+01   3.0483339e+01
   2.2686803e+01   2.3135772e+01   3.2786082e+01
   2.5267634e+01   2.6666297e+01   3.0878273e+01
   2.2790405e+01   2.3140115e+01   3.3925869e+01
   2.5134631e+01   2.5954843e+01   3.2787876e+01
   2.2706727e+01   2.3112579e+01   3.3223387e+01
   2.4367054e+01   2.5482498e+01   3.0828486e+01
   2.2771428e+01   2.3155132e+01   3.3520701e+01
   2.5230159e+01   2.6154516e+01   3.2414100e+01
   2.2697343e+01   2.3120052e+01   3.3045532e+01
   2.3038489e+01   2.3860735e+01   3.0688770e+01
   2.2445914e+01   2.3093143e+01   3.1054029e+01
   2.4140304e+01   2.5352304e+01   3.0287682e+01
   2.2667798e+01   2.3121400e+01   3.2724830e+01
   2.6187600e+01   2.6676287e+01   3.5926516e+01
   2.6763978e+01   2.7242281e+01   3.6589932e+01
   2.5526958e+01   2.5945465e+01   3.5906376e+01
   2.6597626e+01   2.7169725e+01   3.5691994e+01
   2.5027924e+01   2.5486637e+01   3.5029954e+01
   2.6600181e+01   2.7199959e+01   3.5502825e+01
   2.5598927e+01   2.6156772e+01   3.4798077e+01
   2.6547082e+01   2.7216276e+01   3.5007940e+01
   2.3249390e+01   2.3837957e+01   3.2238141e+01
   2.5898419e+01   2.7218456e+01   3.1721949e+01
   2.4836525e+01   2.5353399e+01   3.4349039e+01
   2.6449882e+01   2.7192763e+01   3.4492956e+01
   2.5645569e+01   2.5942156e+01   3.7460379e+01
   2.6118055e+01   2.6509646e+01   3.6771590e+01
   2.5143358e+01   2.5475447e+01   3.6485942e+01
   2.6091073e+01   2.6512655e+01   3.6438868e+01
   2.5750327e+01   2.6167372e+01   3.6143675e+01
   2.6054830e+01   2.6499345e+01   3.6183887e+01
   2.3347422e+01   2.3859984e+01   3.2899383e+01
   2.5461610e+01   2.6466451e+01   3.2321004e+01
   2.4939551e+01   2.5343351e+01   3.5468733e+01
   2.5970079e+01   2.6513724e+01   3.5273437e+01
   2.2495207e+01   2.5450471e+01   2.5573613e+01
   2.5681637e+01   2.6079652e+01   3.6268666e+01
   2.5685413e+01   2.6155478e+01   3.5585101e+01
   2.5660395e+01   2.6090627e+01   3.5925218e+01
   2.3305405e+01   2.3852363e+01   3.2592169e+01
   2.5205649e+01   2.6081441e+01   3.2600716e+01
   2.4892053e+01   2.5348291e+01   3.4916761e+01
   2.5557163e+01   2.6080073e+01   3.5020265e+01
   2.5668833e+01   2.6167557e+01   3.5325531e+01
   2.4420741e+01   2.5324920e+01   3.1693014e+01
   2.3345635e+01   2.3910965e+01   3.2497671e+01
   2.4209158e+01   2.5336774e+01   3.0629692e+01
   2.4855626e+01   2.5330158e+01   3.4718634e+01
   2.4844826e+01   2.5337561e+01   3.4553257e+01
   2.3291133e+01   2.3873781e+01   3.2320744e+01
   2.4992000e+01   2.5895609e+01   3.2265172e+01
   2.4852223e+01   2.5356254e+01   3.4467707e+01
   2.5332140e+01   2.5901590e+01   3.4448180e+01
   2.4458579e+01   2.5354692e+01   3.1765791e+01
   2.2786924e+01   2.3293314e+01   3.2390953e+01
