   2.5057886e+01   2.5400932e+01   3.6265105e+01
   2.4581108e+01   2.6745221e+01   2.8652547e+01
   2.2944183e+01   2.3320148e+01   3.3777350e+01
   2.5807175e+01   2.6739334e+01   3.2957054e+01
   1.7486889e+01   2.7219846e+01   1.7983405e+01
   2.6285651e+01   2.6841557e+01   3.5497444e+01
   1.7034158e+01   2.6482875e+01   1.7567290e+01
   2.6503309e+01   2.6942275e+01   3.6683247e+01
   2.2021265e+01   2.5958141e+01   2.4279336e+01
   2.6361886e+01   2.6803571e+01   3.6516635e+01
   2.5011830e+01   2.5435336e+01   3.5343510e+01
   2.6119409e+01   2.6609610e+01   3.5845774e+01
   2.5398042e+01   2.6080114e+01   3.3784852e+01
   2.6450039e+01   2.6964570e+01   3.5977225e+01
   2.3129690e+01   2.3591644e+01   3.3109435e+01
   2.6069763e+01   2.7003335e+01   3.3213204e+01
   1.7221174e+01   2.5289891e+01   1.7970584e+01
   2.6217042e+01   2.6825562e+01   3.5061856e+01
   2.2928874e+01   2.3333687e+01   3.3455120e+01
   2.4645243e+01   2.5330589e+01   3.3014867e+01
   2.6703277e+01   2.7358266e+01   3.5250130e+01
   2.5118417e+01   2.5479897e+01   3.6107181e+01
   2.6161846e+01   2.6661879e+01   3.5806676e+01
   2.5213848e+01   2.5478086e+01   3.7515473e+01
   2.5611156e+01   2.6010929e+01   3.6180089e+01
   2.4994219e+01   2.5307426e+01   3.6582183e+01
   2.4756497e+01   2.5436185e+01   3.3159063e+01
   2.5152417e+01   2.5503837e+01   3.6258734e+01
   2.2560528e+01   2.6063383e+01   2.5139226e+01
   2.5034679e+01   2.5423825e+01   3.5716953e+01
   2.3130736e+01   2.3600765e+01   3.3039145e+01
   2.4752132e+01   2.5430830e+01   3.3160558e+01
   2.4900865e+01   2.5387663e+01   3.4658883e+01
   2.5071327e+01   2.5474045e+01   3.5611265e+01
   2.5642311e+01   2.7357370e+01   3.0514684e+01
   2.2771909e+01   2.3154345e+01   3.3534933e+01
   2.5290175e+01   2.6647196e+01   3.1012399e+01
   2.2826953e+01   2.3151062e+01   3.4279899e+01
   2.5229818e+01   2.6013308e+01   3.3064048e+01
   2.2757262e+01   2.3121842e+01   3.3719300e+01
   2.4341988e+01   2.5425759e+01   3.0913511e+01
   2.2802361e+01   2.3170285e+01   3.3726171e+01
   2.5202466e+01   2.6063272e+01   3.2665290e+01
   2.2736236e+01   2.3134592e+01   3.3330075e+01
   2.2868302e+01   2.3588109e+01   3.1047888e+01
   2.2521456e+01   2.3107693e+01   3.1529574e+01
   2.4168611e+01   2.5370272e+01   3.0348212e+01
   2.2747681e+01   2.3149550e+01   3.3305040e+01
   2.6209003e+01   2.6651421e+01   3.6357227e+01
   2.6857428e+01   2.7271794e+01   3.7275103e+01
   2.5596802e+01   2.6007425e+01   3.6054780e+01
   2.6716181e+01   2.7202450e+01   3.6474395e+01
   2.5009580e+01   2.5432137e+01   3.5350554e+01
   2.6696305e+01   2.7225335e+01   3.6109397e+01
   2.5552721e+01   2.6064768e+01   3.5101715e+01
   2.6656919e+01   2.7245734e+01   3.5634241e+01
   2.3094328e+01   2.3565101e+01   3.2996382e+01
   2.6073323e+01   2.7252739e+01   3.2319035e+01
   2.4906310e+01   2.5374580e+01   3.4823800e+01
   2.6616651e+01   2.7231213e+01   3.5420709e+01
   2.5732378e+01   2.5999890e+01   3.7980759e+01
   2.6196949e+01   2.6527035e+01   3.7562180e+01
   2.5138188e+01   2.5420006e+01   3.7168937e+01
   2.6165909e+01   2.6521311e+01   3.7222709e+01
   2.5728287e+01   2.6077274e+01   3.6862061e+01
   2.6122958e+01   2.6517434e+01   3.6746015e+01
   2.3200373e+01   2.3589257e+01   3.3891971e+01
   2.5635106e+01   2.6496712e+01   3.3093261e+01
   2.5059783e+01   2.5362383e+01   3.6791975e+01
   2.6106190e+01   2.6528121e+01   3.6450525e+01
   2.2479975e+01   2.5392179e+01   2.5603166e+01
   2.5716117e+01   2.6054928e+01   3.6973455e+01
   2.5656191e+01   2.6064609e+01   3.6136330e+01
   2.5700290e+01   2.6066011e+01   3.6638941e+01
   2.3149828e+01   2.3579446e+01   3.3428889e+01
   2.5333320e+01   2.6072778e+01   3.3397227e+01
   2.4992347e+01   2.5367128e+01   3.5831070e+01
   2.5656810e+01   2.6066951e+01   3.6119504e+01
   2.5649951e+01   2.6078573e+01   3.5930298e+01
   2.4479024e+01   2.5343435e+01   3.1927376e+01
   2.3208717e+01   2.3639101e+01   3.3480152e+01
   2.4338277e+01   2.5352054e+01   3.1166376e+01
   2.4960852e+01   2.5346968e+01   3.5675815e+01
   2.4941528e+01   2.5347936e+01   3.5444025e+01
   2.3155742e+01   2.3601721e+01   3.3280432e+01
   2.5138686e+01   2.5908065e+01   3.3045268e+01
   2.4963015e+01   2.5375550e+01   3.5403462e+01
   2.5436497e+01   2.5905501e+01   3.5346096e+01
   2.4531152e+01   2.5371995e+01   3.2088071e+01
   2.2869233e+01   2.3321551e+01   3.2937001e+01
