   2.4243242e+01   2.5037881e+01   3.2024243e+01
   2.4117954e+01   2.6674775e+01   2.7643993e+01
   2.1465799e+01   2.2480462e+01   2.8302344e+01
   2.4317579e+01   2.6664723e+01   2.8120221e+01
   1.7350574e+01   2.6622498e+01   1.7906570e+01
   2.5744610e+01   2.6790633e+01   3.2448645e+01
   1.6958070e+01   2.5970152e+01   1.7551655e+01
   2.6364312e+01   2.6869550e+01   3.5966285e+01
   2.1851608e+01   2.5651555e+01   2.4205792e+01
   2.6147480e+01   2.6712385e+01   3.5294208e+01
   2.4481933e+01   2.4974173e+01   3.4195591e+01
   2.5929555e+01   2.6527915e+01   3.4843169e+01
   2.4709432e+01   2.5439913e+01   3.2823704e+01
   2.6250570e+01   2.6887495e+01   3.4910987e+01
   2.2069919e+01   2.2663116e+01   3.1032460e+01
   2.5547859e+01   2.6946971e+01   3.1156732e+01
   1.7117242e+01   2.4944855e+01   1.7913780e+01
   2.5788825e+01   2.6750295e+01   3.2818352e+01
   2.1362063e+01   2.2488508e+01   2.7798281e+01
   2.3364747e+01   2.5293512e+01   2.7831364e+01
   2.5691875e+01   2.6767970e+01   3.2287287e+01
   2.4678013e+01   2.5413526e+01   3.2764983e+01
   2.5595939e+01   2.6161070e+01   3.4742297e+01
   2.5117402e+01   2.5425991e+01   3.6767258e+01
   2.5267159e+01   2.5702344e+01   3.5485707e+01
   2.4871825e+01   2.5246685e+01   3.5710019e+01
   2.4242839e+01   2.4968800e+01   3.2383283e+01
   2.5010320e+01   2.5444345e+01   3.5240605e+01
   2.2185527e+01   2.5421852e+01   2.4993430e+01
   2.4923948e+01   2.5386344e+01   3.4893342e+01
   2.2055656e+01   2.2668675e+01   3.0885095e+01
   2.4362654e+01   2.5415866e+01   3.1043771e+01
   2.4331295e+01   2.5056617e+01   3.2474975e+01
   2.4728989e+01   2.5425920e+01   3.3031174e+01
   2.4890703e+01   2.6771187e+01   2.9441341e+01
   2.2514753e+01   2.3116803e+01   3.1414953e+01
   2.4947483e+01   2.6152687e+01   3.1113914e+01
   2.2894974e+01   2.3126812e+01   3.5757467e+01
   2.5055047e+01   2.5705200e+01   3.3635413e+01
   2.2786228e+01   2.3082459e+01   3.4616344e+01
   2.3970672e+01   2.4960385e+01   3.0892722e+01
   2.2671250e+01   2.3131125e+01   3.2671671e+01
   2.4639595e+01   2.5418325e+01   3.2499573e+01
   2.2731773e+01   2.3094081e+01   3.3719987e+01
   2.1912322e+01   2.2663184e+01   2.9928046e+01
   2.2377724e+01   2.3085082e+01   3.0629344e+01
   2.3747093e+01   2.5036483e+01   2.9663448e+01
   2.2670023e+01   2.3135040e+01   3.2624665e+01
   2.5656077e+01   2.6151137e+01   3.5343049e+01
   2.6680501e+01   2.7169861e+01   3.6412767e+01
   2.5265086e+01   2.5707792e+01   3.5412900e+01
   2.6535081e+01   2.7113549e+01   3.5584586e+01
   2.4457415e+01   2.4965727e+01   3.4039453e+01
   2.6463413e+01   2.7134601e+01   3.4912477e+01
   2.4848045e+01   2.5422856e+01   3.3927316e+01
   2.6475318e+01   2.7172702e+01   3.4770791e+01
   2.2026583e+01   2.2634591e+01   3.0889409e+01
   2.5570917e+01   2.7191868e+01   3.0644640e+01
   2.4347316e+01   2.5047437e+01   3.2632351e+01
   2.6158688e+01   2.7182971e+01   3.2942710e+01
   2.5370305e+01   2.5694068e+01   3.6818437e+01
   2.6027669e+01   2.6458561e+01   3.6285304e+01
   2.4561825e+01   2.4956009e+01   3.5192127e+01
   2.5945641e+01   2.6457974e+01   3.5491411e+01
   2.4985609e+01   2.5440240e+01   3.5024585e+01
   2.5935928e+01   2.6477242e+01   3.5256890e+01
   2.2131305e+01   2.2660932e+01   3.1555043e+01
   2.5219510e+01   2.6480661e+01   3.1214764e+01
   2.4434530e+01   2.5028627e+01   3.3381087e+01
   2.5662204e+01   2.6480145e+01   3.3325137e+01
   2.2147191e+01   2.4916545e+01   2.5426572e+01
   2.5506128e+01   2.5995736e+01   3.5238901e+01
   2.4898023e+01   2.5420692e+01   3.4364763e+01
   2.5510384e+01   2.6022250e+01   3.5060925e+01
   2.2062310e+01   2.2649211e+01   3.1068189e+01
   2.4870614e+01   2.6009744e+01   3.1250719e+01
   2.4369536e+01   2.5029716e+01   3.2890281e+01
   2.5219758e+01   2.6011814e+01   3.3010922e+01
   2.4925236e+01   2.5436385e+01   3.4483067e+01
   2.4337161e+01   2.5295118e+01   3.1384534e+01
   2.2156491e+01   2.2717670e+01   3.1344051e+01
   2.3975090e+01   2.5290428e+01   2.9816470e+01
   2.4362978e+01   2.5011483e+01   3.2955582e+01
   2.4596012e+01   2.5298571e+01   3.2866374e+01
   2.2084295e+01   2.2672455e+01   3.1081348e+01
   2.4684159e+01   2.5843182e+01   3.0999009e+01
   2.4359642e+01   2.5051371e+01   3.2692946e+01
   2.5037781e+01   2.5842755e+01   3.2765376e+01
   2.4025905e+01   2.5046032e+01   3.0830856e+01
   2.2705172e+01   2.3303563e+01   3.1629177e+01
