   2.5105215e+01   2.5441400e+01   3.6396676e+01
   2.4671516e+01   2.6907702e+01   2.8633344e+01
   2.2879495e+01   2.3226212e+01   3.4050402e+01
   2.5998762e+01   2.6902841e+01   3.3267593e+01
   1.7500206e+01   2.7317089e+01   1.7986659e+01
   2.6311665e+01   2.6975386e+01   3.4805993e+01
   1.7040698e+01   2.6554954e+01   1.7565347e+01
   2.6623831e+01   2.7093044e+01   3.6528944e+01
   2.2068200e+01   2.6071362e+01   2.4281636e+01
   2.6425736e+01   2.6957513e+01   3.5818203e+01
   2.5055576e+01   2.5466576e+01   3.5511207e+01
   2.6235835e+01   2.6748743e+01   3.5776378e+01
   2.5411247e+01   2.6050806e+01   3.4056907e+01
   2.6638370e+01   2.7133836e+01   3.6319844e+01
   2.3082370e+01   2.3498079e+01   3.3497879e+01
   2.6287922e+01   2.7175637e+01   3.3627644e+01
   1.7235941e+01   2.5353700e+01   1.7976160e+01
   2.6353407e+01   2.6976967e+01   3.5099221e+01
   2.2843679e+01   2.3237328e+01   3.3486332e+01
   2.4724742e+01   2.5415668e+01   3.3061617e+01
   2.6808462e+01   2.7461653e+01   3.5366188e+01
   2.5119734e+01   2.5563193e+01   3.5260927e+01
   2.6211012e+01   2.6734707e+01   3.5666488e+01
   2.5277317e+01   2.5557870e+01   3.7326603e+01
   2.5719813e+01   2.6122298e+01   3.6260436e+01
   2.5010114e+01   2.5382093e+01   3.5880004e+01
   2.4784531e+01   2.5464138e+01   3.3187495e+01
   2.5214566e+01   2.5574601e+01   3.6219747e+01
   2.2568656e+01   2.6034195e+01   2.5177751e+01
   2.5145171e+01   2.5506510e+01   3.6135493e+01
   2.3074239e+01   2.3506305e+01   3.3330150e+01
   2.4864073e+01   2.5509220e+01   3.3476107e+01
   2.5000213e+01   2.5453248e+01   3.5053648e+01
   2.5146048e+01   2.5557220e+01   3.5599687e+01
   2.5737436e+01   2.7452909e+01   3.0608779e+01
   2.2761633e+01   2.3180248e+01   3.3149786e+01
   2.5370244e+01   2.6723999e+01   3.1101220e+01
   2.2851897e+01   2.3182469e+01   3.4222146e+01
   2.5311828e+01   2.6126505e+01   3.2991371e+01
   2.2733621e+01   2.3150644e+01   3.3137674e+01
   2.4379832e+01   2.5455710e+01   3.0979230e+01
   2.2820548e+01   2.3198237e+01   3.3635278e+01
   2.5200203e+01   2.6033078e+01   3.2792846e+01
   2.2760931e+01   2.3158584e+01   3.3361975e+01
   2.2826182e+01   2.3496276e+01   3.1292780e+01
   2.2572167e+01   2.3134951e+01   3.1746000e+01
   2.4233593e+01   2.5438337e+01   3.0403342e+01
   2.2763439e+01   2.3180182e+01   3.3170136e+01
   2.6261885e+01   2.6721727e+01   3.6250758e+01
   2.6967004e+01   2.7419739e+01   3.7018668e+01
   2.5703426e+01   2.6122970e+01   3.6072163e+01
   2.6767224e+01   2.7348731e+01   3.5795017e+01
   2.5047943e+01   2.5460204e+01   3.5490905e+01
   2.6821674e+01   2.7377683e+01   3.6031675e+01
   2.5555492e+01   2.6032967e+01   3.5391197e+01
   2.6812208e+01   2.7402182e+01   3.5781258e+01
   2.3034348e+01   2.3470404e+01   3.3252458e+01
   2.6237582e+01   2.7403043e+01   3.2528045e+01
   2.5002356e+01   2.5438018e+01   3.5217105e+01
   2.6738180e+01   2.7385030e+01   3.5335325e+01
   2.5838065e+01   2.6109100e+01   3.8031106e+01
   2.6272138e+01   2.6677323e+01   3.6783789e+01
   2.5180654e+01   2.5448121e+01   3.7431217e+01
   2.6309770e+01   2.6676549e+01   3.7235002e+01
   2.5733484e+01   2.6047380e+01   3.7310240e+01
   2.6299510e+01   2.6669423e+01   3.7189338e+01
   2.3142132e+01   2.3495572e+01   3.4231709e+01
   2.5832064e+01   2.6668740e+01   3.3405299e+01
   2.5137482e+01   2.5428766e+01   3.7029412e+01
   2.6231005e+01   2.6678790e+01   3.6329440e+01
   2.2505974e+01   2.5423689e+01   2.5623314e+01
   2.5761935e+01   2.6106645e+01   3.6947078e+01
   2.5652909e+01   2.6035021e+01   3.6409297e+01
   2.5768429e+01   2.6118694e+01   3.6886855e+01
   2.3096178e+01   2.3485252e+01   3.3786204e+01
   2.5421638e+01   2.6109112e+01   3.3776749e+01
   2.5070062e+01   2.5433276e+01   3.6039037e+01
   2.5690704e+01   2.6112702e+01   3.6035350e+01
   2.5650337e+01   2.6049483e+01   3.6225673e+01
   2.4561256e+01   2.5418524e+01   3.2041974e+01
   2.3158306e+01   2.3546531e+01   3.3857132e+01
   2.4437445e+01   2.5415843e+01   3.1402616e+01
   2.5041030e+01   2.5411779e+01   3.5924596e+01
   2.5007230e+01   2.5424807e+01   3.5397266e+01
   2.3097632e+01   2.3506259e+01   3.3584248e+01
   2.5242724e+01   2.5969128e+01   3.3377900e+01
   2.5049095e+01   2.5442435e+01   3.5686830e+01
   2.5490523e+01   2.5966329e+01   3.5340779e+01
   2.4596881e+01   2.5437343e+01   3.2155400e+01
   2.2911631e+01   2.3378128e+01   3.2852054e+01
