   2.3707290e+01   2.5318478e+01   2.8807130e+01
   2.3404159e+01   2.6663192e+01   2.6188557e+01
   2.1090642e+01   2.3769145e+01   2.4478395e+01
   2.2389453e+01   2.6700076e+01   2.4409652e+01
   1.7258250e+01   2.7125955e+01   1.7739186e+01
   2.4902648e+01   2.6757168e+01   2.9501643e+01
   1.6973328e+01   2.6465300e+01   1.7500991e+01
   2.6039539e+01   2.6863025e+01   3.3674995e+01
   2.1788732e+01   2.5778846e+01   2.4011555e+01
   2.5893028e+01   2.6739981e+01   3.3418065e+01
   2.4554131e+01   2.5453584e+01   3.1846513e+01
   2.5381392e+01   2.6522439e+01   3.1753901e+01
   2.4927880e+01   2.6213242e+01   3.0852685e+01
   2.5660291e+01   2.6884772e+01   3.1765368e+01
   2.2520817e+01   2.4117911e+01   2.7656253e+01
   2.4302426e+01   2.6907340e+01   2.7768728e+01
   1.7019568e+01   2.5143882e+01   1.7759217e+01
   2.5021749e+01   2.6778827e+01   2.9809751e+01
   2.0986806e+01   2.3782185e+01   2.4241360e+01
   2.1701007e+01   2.5270079e+01   2.4229187e+01
   2.5168674e+01   2.7266367e+01   2.9343953e+01
   2.4026714e+01   2.5428866e+01   2.9631262e+01
   2.5718327e+01   2.6641873e+01   3.2904581e+01
   2.4864584e+01   2.5413914e+01   3.4128336e+01
   2.5139894e+01   2.5829858e+01   3.3481219e+01
   2.4690713e+01   2.5267855e+01   3.3753994e+01
   2.4341386e+01   2.5461298e+01   3.0787652e+01
   2.4560233e+01   2.5439352e+01   3.1942141e+01
   2.2325914e+01   2.6232755e+01   2.4603785e+01
   2.4470455e+01   2.5369039e+01   3.1766858e+01
   2.2828692e+01   2.4582796e+01   2.7628647e+01
   2.3375207e+01   2.5343903e+01   2.7771161e+01
   2.3972687e+01   2.5306363e+01   2.9762593e+01
   2.4120326e+01   2.5417108e+01   3.0014227e+01
   2.4539110e+01   2.7266031e+01   2.7860721e+01
   2.2233267e+01   2.3135416e+01   2.9522646e+01
   2.5102121e+01   2.6616438e+01   3.0422431e+01
   2.2745127e+01   2.3106199e+01   3.3747502e+01
   2.4938181e+01   2.5837458e+01   3.2230286e+01
   2.2682340e+01   2.3103966e+01   3.3041215e+01
   2.4058955e+01   2.5491926e+01   2.9583471e+01
   2.2587297e+01   2.3143884e+01   3.1806143e+01
   2.4826944e+01   2.6189261e+01   3.0535802e+01
   2.2426050e+01   2.3094138e+01   3.0906567e+01
   2.2638443e+01   2.4576740e+01   2.7090360e+01
   2.1790452e+01   2.3112961e+01   2.7619951e+01
   2.3346467e+01   2.5211363e+01   2.7929956e+01
   2.2225260e+01   2.3068103e+01   2.9781621e+01
   2.5762396e+01   2.6636149e+01   3.3165319e+01
   2.6324745e+01   2.7154989e+01   3.3927392e+01
   2.5146708e+01   2.5824579e+01   3.3558958e+01
   2.6290198e+01   2.7113513e+01   3.3925969e+01
   2.4566825e+01   2.5459098e+01   3.1890527e+01
   2.5878985e+01   2.7140695e+01   3.1871210e+01
   2.5027273e+01   2.6162437e+01   3.1420251e+01
   2.5868474e+01   2.7116249e+01   3.1902342e+01
   2.2545727e+01   2.4085350e+01   2.7813440e+01
   2.4383615e+01   2.7156401e+01   2.7653525e+01
   2.3881449e+01   2.5216404e+01   2.9668066e+01
   2.5280936e+01   2.7120861e+01   2.9906730e+01
   2.5246178e+01   2.5824413e+01   3.4300234e+01
   2.5752821e+01   2.6448408e+01   3.4060130e+01
   2.4669406e+01   2.5445689e+01   3.2541790e+01
   2.5493344e+01   2.6486884e+01   3.2396376e+01
   2.5301163e+01   2.6215355e+01   3.2528080e+01
   2.5406293e+01   2.6443025e+01   3.2145369e+01
   2.2629034e+01   2.4107366e+01   2.8044211e+01
   2.4080349e+01   2.6447825e+01   2.7855260e+01
   2.3987187e+01   2.5210271e+01   3.0100731e+01
   2.4887935e+01   2.6497103e+01   2.9989253e+01
   2.2178416e+01   2.5384280e+01   2.5014132e+01
   2.5020912e+01   2.5993940e+01   3.2005845e+01
   2.5167014e+01   2.6217266e+01   3.1856836e+01
   2.5028060e+01   2.6015173e+01   3.1957304e+01
   2.2564398e+01   2.4096498e+01   2.7849799e+01
   2.3814991e+01   2.6009890e+01   2.7840887e+01
   2.3927992e+01   2.5216626e+01   2.9845983e+01
   2.4528081e+01   2.5999063e+01   2.9955498e+01
   2.5126788e+01   2.6162654e+01   3.1869731e+01
   2.4001739e+01   2.5282233e+01   2.9943186e+01
   2.2633800e+01   2.4176951e+01   2.7892879e+01
   2.3134066e+01   2.5289685e+01   2.7222337e+01
   2.3871148e+01   2.5185052e+01   2.9716897e+01
   2.3960696e+01   2.5248317e+01   2.9881527e+01
   2.2595446e+01   2.4150522e+01   2.7826803e+01
   2.3731124e+01   2.5816796e+01   2.7929051e+01
   2.3899123e+01   2.5213833e+01   2.9742504e+01
   2.4397277e+01   2.5855679e+01   2.9856424e+01
   2.3582776e+01   2.5207706e+01   2.8652509e+01
   2.2246278e+01   2.3237218e+01   2.9170261e+01
