   2.4902113e+01   2.5296022e+01   3.5534269e+01
   2.4479203e+01   2.6699927e+01   2.8464526e+01
   2.2681756e+01   2.3097649e+01   3.3097303e+01
   2.5697055e+01   2.6715609e+01   3.2503629e+01
   1.7456044e+01   2.7047233e+01   1.7970075e+01
   2.6071887e+01   2.6785156e+01   3.4278046e+01
   1.7008438e+01   2.6308982e+01   1.7561315e+01
   2.6431871e+01   2.6897633e+01   3.6367734e+01
   2.2048574e+01   2.6070142e+01   2.4249896e+01
   2.6235821e+01   2.6755064e+01   3.5726148e+01
   2.4853163e+01   2.5306448e+01   3.4904744e+01
   2.6033618e+01   2.6559147e+01   3.5475185e+01
   2.5194502e+01   2.5866207e+01   3.3643317e+01
   2.6406929e+01   2.6916373e+01   3.5974867e+01
   2.2894435e+01   2.3342373e+01   3.3002221e+01
   2.6013069e+01   2.6953853e+01   3.3126667e+01
   1.7197654e+01   2.5204723e+01   1.7958809e+01
   2.6107248e+01   2.6793026e+01   3.4470706e+01
   2.2622777e+01   2.3113514e+01   3.2356349e+01
   2.4471639e+01   2.5298839e+01   3.2093213e+01
   2.6460874e+01   2.7184064e+01   3.4611069e+01
   2.4958790e+01   2.5430883e+01   3.4842689e+01
   2.5967060e+01   2.6491744e+01   3.5415358e+01
   2.5149109e+01   2.5436846e+01   3.7092478e+01
   2.5676782e+01   2.6118587e+01   3.5831953e+01
   2.4900028e+01   2.5268985e+01   3.5804182e+01
   2.4610825e+01   2.5305723e+01   3.2925055e+01
   2.5100392e+01   2.5462265e+01   3.6084685e+01
   2.2445295e+01   2.5852154e+01   2.5103509e+01
   2.5027122e+01   2.5397591e+01   3.5913870e+01
   2.2887949e+01   2.3348211e+01   3.2883882e+01
   2.4703263e+01   2.5390694e+01   3.3060531e+01
   2.4789316e+01   2.5303499e+01   3.4323322e+01
   2.4985827e+01   2.5435926e+01   3.5066093e+01
   2.5471641e+01   2.7184402e+01   3.0349086e+01
   2.2723535e+01   2.3151445e+01   3.3021027e+01
   2.5223504e+01   2.6477151e+01   3.1241113e+01
   2.2809589e+01   2.3139354e+01   3.4190253e+01
   2.5358206e+01   2.6125823e+01   3.3273345e+01
   2.2706318e+01   2.3110465e+01   3.3240438e+01
   2.4268879e+01   2.5298960e+01   3.1035672e+01
   2.2775805e+01   2.3157774e+01   3.3543897e+01
   2.5059727e+01   2.5847840e+01   3.2871067e+01
   2.2717791e+01   2.3116031e+01   3.3312926e+01
   2.2640781e+01   2.3341398e+01   3.0929493e+01
   2.2517398e+01   2.3094029e+01   3.1592635e+01
   2.4063784e+01   2.5285996e+01   3.0179784e+01
   2.2714298e+01   2.3132889e+01   3.3102914e+01
   2.5974740e+01   2.6480625e+01   3.5572304e+01
   2.6771639e+01   2.7223460e+01   3.6831990e+01
   2.5628678e+01   2.6121029e+01   3.5338223e+01
   2.6592735e+01   2.7153772e+01   3.5766520e+01
   2.4819542e+01   2.5299827e+01   3.4633118e+01
   2.6638310e+01   2.7188029e+01   3.5894995e+01
   2.5305960e+01   2.5850385e+01   3.4605071e+01
   2.6617416e+01   2.7206987e+01   3.5589606e+01
   2.2830254e+01   2.3315848e+01   3.2606092e+01
   2.5997217e+01   2.7216101e+01   3.2118870e+01
   2.4767164e+01   2.5291092e+01   3.4224450e+01
   2.6491260e+01   2.7196350e+01   3.4742706e+01
   2.5811145e+01   2.6110365e+01   3.7588457e+01
   2.6083864e+01   2.6486712e+01   3.6619900e+01
   2.5005235e+01   2.5292387e+01   3.6957564e+01
   2.6099443e+01   2.6479420e+01   3.6878079e+01
   2.5531040e+01   2.5866390e+01   3.6831737e+01
   2.6099483e+01   2.6485543e+01   3.6812127e+01
   2.2962927e+01   2.3343847e+01   3.3741565e+01
   2.5629806e+01   2.6459990e+01   3.3234185e+01
   2.4941313e+01   2.5278322e+01   3.6223023e+01
   2.5995285e+01   2.6483974e+01   3.5734605e+01
   2.2391488e+01   2.5266081e+01   2.5554772e+01
   2.5731024e+01   2.6107052e+01   3.6553959e+01
   2.5415178e+01   2.5850593e+01   3.5631156e+01
   2.5732614e+01   2.6123618e+01   3.6393269e+01
   2.2900181e+01   2.3332406e+01   3.3155358e+01
   2.5386069e+01   2.6127977e+01   3.3436665e+01
   2.4870554e+01   2.5285964e+01   3.5282512e+01
   2.5652180e+01   2.6126989e+01   3.5510662e+01
   2.5440961e+01   2.5866989e+01   3.5746930e+01
   2.4443471e+01   2.5307960e+01   3.1891568e+01
   2.2973628e+01   2.3395213e+01   3.3331538e+01
   2.4308135e+01   2.5301162e+01   3.1216217e+01
   2.4855311e+01   2.5263667e+01   3.5338253e+01
   2.4852451e+01   2.5314468e+01   3.4825428e+01
   2.2917257e+01   2.3354113e+01   3.3128331e+01
   2.5094754e+01   2.5865988e+01   3.2991879e+01
   2.4864302e+01   2.5294037e+01   3.5136048e+01
   2.5324157e+01   2.5871911e+01   3.4598361e+01
   2.4411949e+01   2.5289255e+01   3.1802382e+01
   2.2800273e+01   2.3296652e+01   3.2486092e+01
