   2.4970575e+01   2.5341537e+01   3.5851964e+01
   2.4566631e+01   2.6766814e+01   2.8582768e+01
   2.2645340e+01   2.3065321e+01   3.3020575e+01
   2.5765248e+01   2.6751669e+01   3.2695515e+01
   1.7475166e+01   2.7138224e+01   1.7980231e+01
   2.6225487e+01   2.6854149e+01   3.4938648e+01
   1.7019626e+01   2.6381480e+01   1.7564240e+01
   2.6497664e+01   2.6960111e+01   3.6462791e+01
   2.2086306e+01   2.6132016e+01   2.4271713e+01
   2.6336088e+01   2.6820961e+01   3.6106851e+01
   2.4960826e+01   2.5354170e+01   3.5598772e+01
   2.6126175e+01   2.6619610e+01   3.5825551e+01
   2.5296168e+01   2.5926454e+01   3.4001047e+01
   2.6493688e+01   2.6978414e+01   3.6265376e+01
   2.2886935e+01   2.3311364e+01   3.3217419e+01
   2.6157044e+01   2.7041432e+01   3.3511729e+01
   1.7218813e+01   2.5259112e+01   1.7973587e+01
   2.6236162e+01   2.6834901e+01   3.5146554e+01
   2.2602901e+01   2.3078089e+01   3.2468841e+01
   2.4561694e+01   2.5335805e+01   3.2445504e+01
   2.6622269e+01   2.7279914e+01   3.5152985e+01
   2.5064024e+01   2.5478007e+01   3.5489672e+01
   2.6049705e+01   2.6564496e+01   3.5575655e+01
   2.5211990e+01   2.5485671e+01   3.7365765e+01
   2.5782540e+01   2.6181634e+01   3.6358107e+01
   2.4974980e+01   2.5312156e+01   3.6254518e+01
   2.4701582e+01   2.5353271e+01   3.3273429e+01
   2.5148617e+01   2.5503227e+01   3.6217262e+01
   2.2509519e+01   2.5909092e+01   2.5173711e+01
   2.5074053e+01   2.5439591e+01   3.6016458e+01
   2.2877289e+01   2.3317898e+01   3.3053229e+01
   2.4793159e+01   2.5451329e+01   3.3324913e+01
   2.4891629e+01   2.5360572e+01   3.4803254e+01
   2.5071675e+01   2.5486071e+01   3.5493180e+01
   2.5622827e+01   2.7276864e+01   3.0624145e+01
   2.2733459e+01   2.3151770e+01   3.3124754e+01
   2.5247368e+01   2.6552535e+01   3.1114397e+01
   2.2839178e+01   2.3158181e+01   3.4358528e+01
   2.5350534e+01   2.6185289e+01   3.2933922e+01
   2.2730445e+01   2.3121748e+01   3.3398450e+01
   2.4286318e+01   2.5345859e+01   3.0944656e+01
   2.2798295e+01   2.3167795e+01   3.3704329e+01
   2.5096446e+01   2.5909067e+01   3.2786514e+01
   2.2741947e+01   2.3130938e+01   3.3434505e+01
   2.2668902e+01   2.3308475e+01   3.1323934e+01
   2.2559461e+01   2.3115576e+01   3.1781893e+01
   2.4196256e+01   2.5347247e+01   3.0538833e+01
   2.2742856e+01   2.3153665e+01   3.3209042e+01
   2.6107216e+01   2.6553566e+01   3.6219164e+01
   2.6837927e+01   2.7275849e+01   3.7027045e+01
   2.5752222e+01   2.6182475e+01   3.6016626e+01
   2.6679906e+01   2.7206129e+01   3.6114761e+01
   2.4952739e+01   2.5350670e+01   3.5542599e+01
   2.6684810e+01   2.7231805e+01   3.5961657e+01
   2.5444604e+01   2.5908562e+01   3.5398700e+01
   2.6682454e+01   2.7259976e+01   3.5738327e+01
   2.2839465e+01   2.3282756e+01   3.2990530e+01
   2.6109083e+01   2.7269684e+01   3.2415620e+01
   2.4901651e+01   2.5348053e+01   3.5016175e+01
   2.6622235e+01   2.7255200e+01   3.5307084e+01
   2.5893506e+01   2.6171687e+01   3.7976895e+01
   2.6194344e+01   2.6543248e+01   3.7328027e+01
   2.5068128e+01   2.5339558e+01   3.7257076e+01
   2.6189004e+01   2.6543685e+01   3.7254216e+01
   2.5603850e+01   2.5924266e+01   3.7094863e+01
   2.6177908e+01   2.6545622e+01   3.7092826e+01
   2.2956606e+01   2.3307749e+01   3.4074228e+01
   2.5707163e+01   2.6533242e+01   3.3330922e+01
   2.5015422e+01   2.5335027e+01   3.6518654e+01
   2.6113429e+01   2.6554462e+01   3.6274805e+01
   2.2438665e+01   2.5312242e+01   2.5602895e+01
   2.5701362e+01   2.6057596e+01   3.6749508e+01
   2.5529703e+01   2.5909367e+01   3.6313127e+01
   2.5717520e+01   2.6072484e+01   3.6780502e+01
   2.2903352e+01   2.3299951e+01   3.3514737e+01
   2.5359264e+01   2.6061981e+01   3.3626668e+01
   2.4952240e+01   2.5341048e+01   3.5638369e+01
   2.5630821e+01   2.6064042e+01   3.5867120e+01
   2.5520659e+01   2.5924946e+01   3.6043269e+01
   2.4509496e+01   2.5362612e+01   3.2009449e+01
   2.2964254e+01   2.3360015e+01   3.3584131e+01
   2.4376567e+01   2.5371439e+01   3.1277272e+01
   2.4922051e+01   2.5317640e+01   3.5536494e+01
   2.4954301e+01   2.5372015e+01   3.5343120e+01
   2.2901163e+01   2.3320133e+01   3.3285147e+01
   2.5180904e+01   2.5922856e+01   3.3231776e+01
   2.4923341e+01   2.5351613e+01   3.5209002e+01
   2.5436966e+01   2.5925851e+01   3.5175973e+01
   2.4505116e+01   2.5345971e+01   3.2062059e+01
   2.2869048e+01   2.3325611e+01   3.2898316e+01
