   2.4396079e+01   2.4976716e+01   3.3435748e+01
   2.4281648e+01   2.6683343e+01   2.8009271e+01
   2.1639164e+01   2.2420377e+01   2.9498868e+01
   2.4754612e+01   2.6711847e+01   2.9167202e+01
   1.7370254e+01   2.6574723e+01   1.7935480e+01
   2.5867114e+01   2.6775958e+01   3.3115676e+01
   1.6957973e+01   2.5913114e+01   1.7559939e+01
   2.6322357e+01   2.6877719e+01   3.5538064e+01
   2.1868965e+01   2.5624101e+01   2.4255544e+01
   2.6193520e+01   2.6730340e+01   3.5547931e+01
   2.4502104e+01   2.4941000e+01   3.4687830e+01
   2.5998420e+01   2.6539449e+01   3.5321388e+01
   2.4662701e+01   2.5347115e+01   3.3037733e+01
   2.6328457e+01   2.6907096e+01   3.5377177e+01
   2.2112740e+01   2.2598905e+01   3.1887371e+01
   2.5799483e+01   2.6932944e+01   3.2196463e+01
   1.7131126e+01   2.4892189e+01   1.7941096e+01
   2.5925015e+01   2.6763202e+01   3.3490943e+01
   2.1586818e+01   2.2427131e+01   2.9158396e+01
   2.3746685e+01   2.5288864e+01   2.9004305e+01
   2.5835727e+01   2.6715796e+01   3.3210251e+01
   2.4820987e+01   2.5454663e+01   3.3505496e+01
   2.5598142e+01   2.6108189e+01   3.5163039e+01
   2.5107412e+01   2.5426546e+01   3.6616551e+01
   2.5293162e+01   2.5671600e+01   3.6090654e+01
   2.4890606e+01   2.5249181e+01   3.5913656e+01
   2.4259059e+01   2.4938144e+01   3.2666688e+01
   2.4979476e+01   2.5444273e+01   3.4927401e+01
   2.2184962e+01   2.5329634e+01   2.5077634e+01
   2.4978725e+01   2.5387221e+01   3.5459883e+01
   2.2098572e+01   2.2604591e+01   3.1709071e+01
   2.4526032e+01   2.5367420e+01   3.2080418e+01
   2.4440468e+01   2.5002458e+01   3.3612694e+01
   2.4893807e+01   2.5436121e+01   3.4209882e+01
   2.5042569e+01   2.6715759e+01   3.0003968e+01
   2.2572788e+01   2.3115832e+01   3.1892118e+01
   2.4940143e+01   2.6098585e+01   3.1256248e+01
   2.2772344e+01   2.3122811e+01   3.3898871e+01
   2.5006540e+01   2.5677544e+01   3.3460051e+01
   2.2663659e+01   2.3086389e+01   3.3011814e+01
   2.4006251e+01   2.4930403e+01   3.1194476e+01
   2.2716373e+01   2.3141855e+01   3.3037425e+01
   2.4588683e+01   2.5326571e+01   3.2663063e+01
   2.2663130e+01   2.3112785e+01   3.2756215e+01
   2.1950236e+01   2.2598481e+01   3.0554592e+01
   2.2418109e+01   2.3101474e+01   3.0807844e+01
   2.3811513e+01   2.4989069e+01   3.0068771e+01
   2.2643565e+01   2.3133505e+01   3.2383698e+01
   2.5643206e+01   2.6095153e+01   3.5704845e+01
   2.6652752e+01   2.7167146e+01   3.6180625e+01
   2.5280421e+01   2.5677651e+01   3.5876683e+01
   2.6575628e+01   2.7138194e+01   3.5738369e+01
   2.4480441e+01   2.4932600e+01   3.4543413e+01
   2.6553454e+01   2.7147509e+01   3.5495046e+01
   2.4795775e+01   2.5331792e+01   3.4159783e+01
   2.6553833e+01   2.7203434e+01   3.5134225e+01
   2.2067622e+01   2.2570337e+01   3.1705139e+01
   2.5794974e+01   2.7190041e+01   3.1414030e+01
   2.4446820e+01   2.4995430e+01   3.3717173e+01
   2.6373372e+01   2.7176906e+01   3.4105059e+01
   2.5371194e+01   2.5661827e+01   3.7271874e+01
   2.6029534e+01   2.6465385e+01   3.6239887e+01
   2.4578730e+01   2.4923296e+01   3.5768953e+01
   2.6009987e+01   2.6471838e+01   3.5981464e+01
   2.4960376e+01   2.5346629e+01   3.5673850e+01
   2.5989579e+01   2.6470957e+01   3.5790805e+01
   2.2159131e+01   2.2594936e+01   3.2383958e+01
   2.5383050e+01   2.6472724e+01   3.1931155e+01
   2.4543933e+01   2.4978865e+01   3.4767002e+01
   2.5830142e+01   2.6472515e+01   3.4457113e+01
   2.2165138e+01   2.4882437e+01   2.5503733e+01
   2.5572148e+01   2.5997281e+01   3.5886474e+01
   2.4857120e+01   2.5327392e+01   3.4757207e+01
   2.5577983e+01   2.6036508e+01   3.5580242e+01
   2.2114764e+01   2.2584061e+01   3.2034555e+01
   2.5074430e+01   2.6013596e+01   3.2196836e+01
   2.4522220e+01   2.5037571e+01   3.4047751e+01
   2.5426537e+01   2.6026777e+01   3.4328626e+01
   2.4897647e+01   2.5346660e+01   3.4988139e+01
   2.4378336e+01   2.5290516e+01   3.1616312e+01
   2.2167946e+01   2.2645956e+01   3.2011789e+01
   2.4118549e+01   2.5289180e+01   3.0397201e+01
   2.4471409e+01   2.4961186e+01   3.4205689e+01
   2.4731591e+01   2.5299330e+01   3.3861525e+01
   2.2142803e+01   2.2606152e+01   3.2114952e+01
   2.4902964e+01   2.5864664e+01   3.1933629e+01
   2.4469413e+01   2.4997116e+01   3.3898263e+01
   2.5206097e+01   2.5853344e+01   3.3804114e+01
   2.4117766e+01   2.4994517e+01   3.1511580e+01
   2.2741832e+01   2.3293224e+01   3.1998149e+01
