   2.5098418e+01   2.5441935e+01   3.6299804e+01
   2.4666473e+01   2.6897251e+01   2.8636365e+01
   2.2998239e+01   2.3359447e+01   3.3997855e+01
   2.5950793e+01   2.6888007e+01   3.3079311e+01
   1.7499986e+01   2.7315129e+01   1.7986646e+01
   2.6304932e+01   2.6967173e+01   3.4808252e+01
   1.7040571e+01   2.6555782e+01   1.7565098e+01
   2.6625052e+01   2.7089567e+01   3.6571563e+01
   2.2079525e+01   2.6093004e+01   2.4286105e+01
   2.6414840e+01   2.6951366e+01   3.5771029e+01
   2.5071015e+01   2.5498551e+01   3.5363382e+01
   2.6238195e+01   2.6754729e+01   3.5749913e+01
   2.5477467e+01   2.6142737e+01   3.3964266e+01
   2.6619487e+01   2.7117687e+01   3.6278431e+01
   2.3194892e+01   2.3650609e+01   3.3230350e+01
   2.6234204e+01   2.7162014e+01   3.3401447e+01
   1.7230920e+01   2.5333076e+01   1.7974051e+01
   2.6340465e+01   2.6975073e+01   3.5015399e+01
   2.2961981e+01   2.3371761e+01   3.3437533e+01
   2.4712462e+01   2.5407215e+01   3.3027234e+01
   2.6812168e+01   2.7455085e+01   3.5433749e+01
   2.5104672e+01   2.5548528e+01   3.5242224e+01
   2.6203614e+01   2.6733277e+01   3.5612798e+01
   2.5269530e+01   2.5549341e+01   3.7329968e+01
   2.5739704e+01   2.6143989e+01   3.6261783e+01
   2.5002812e+01   2.5375804e+01   3.5861390e+01
   2.4806539e+01   2.5496251e+01   3.3150229e+01
   2.5209316e+01   2.5567711e+01   3.6233539e+01
   2.2606056e+01   2.6125581e+01   2.5171207e+01
   2.5127762e+01   2.5496123e+01   3.6037984e+01
   2.3184833e+01   2.3660611e+01   3.3043009e+01
   2.4835658e+01   2.5503968e+01   3.3305806e+01
   2.4968819e+01   2.5428987e+01   3.4957976e+01
   2.5128549e+01   2.5545897e+01   3.5520510e+01
   2.5736890e+01   2.7450185e+01   3.0612738e+01
   2.2775797e+01   2.3189839e+01   3.3209359e+01
   2.5363279e+01   2.6719566e+01   3.1087350e+01
   2.2869324e+01   2.3191356e+01   3.4348974e+01
   2.5334900e+01   2.6149004e+01   3.3017165e+01
   2.2752557e+01   2.3160572e+01   3.3246968e+01
   2.4398681e+01   2.5487399e+01   3.0952621e+01
   2.2835600e+01   2.3207054e+01   3.3719499e+01
   2.5266902e+01   2.6126076e+01   3.2737024e+01
   2.2773205e+01   2.3163873e+01   3.3447742e+01
   2.2952762e+01   2.3647855e+01   3.1271798e+01
   2.2568327e+01   2.3139233e+01   3.1683879e+01
   2.4207907e+01   2.5413673e+01   3.0374530e+01
   2.2771425e+01   2.3185554e+01   3.3204139e+01
   2.6263094e+01   2.6722321e+01   3.6257477e+01
   2.7010408e+01   2.7453841e+01   3.7147591e+01
   2.5723978e+01   2.6142056e+01   3.6107155e+01
   2.6790672e+01   2.7375067e+01   3.5798310e+01
   2.5075916e+01   2.5492177e+01   3.5478815e+01
   2.6847468e+01   2.7409118e+01   3.6016332e+01
   2.5625641e+01   2.6126205e+01   3.5267349e+01
   2.6834364e+01   2.7425839e+01   3.5793075e+01
   2.3151449e+01   2.3624140e+01   3.3036537e+01
   2.6225755e+01   2.7428562e+01   3.2397016e+01
   2.4974645e+01   2.5413001e+01   3.5164024e+01
   2.6759552e+01   2.7409545e+01   3.5337128e+01
   2.5859677e+01   2.6131730e+01   3.8036870e+01
   2.6233504e+01   2.6643197e+01   3.6699395e+01
   2.5195438e+01   2.5479502e+01   3.7192648e+01
   2.6261439e+01   2.6640411e+01   3.7050725e+01
   2.5800124e+01   2.6139269e+01   3.7053133e+01
   2.6248142e+01   2.6631933e+01   3.6984941e+01
   2.3258807e+01   2.3648669e+01   3.3939728e+01
   2.5762743e+01   2.6631235e+01   3.3189365e+01
   2.5103341e+01   2.5404687e+01   3.6852829e+01
   2.6184660e+01   2.6643330e+01   3.6184212e+01
   2.2516030e+01   2.5456027e+01   2.5610137e+01
   2.5833149e+01   2.6191859e+01   3.6852106e+01
   2.5727265e+01   2.6128409e+01   3.6281714e+01
   2.5845917e+01   2.6206577e+01   3.6842250e+01
   2.3208107e+01   2.3640608e+01   3.3459279e+01
   2.5467333e+01   2.6200568e+01   3.3564609e+01
   2.5041698e+01   2.5410121e+01   3.5951455e+01
   2.5763047e+01   2.6201263e+01   3.5951676e+01
   2.5713226e+01   2.6140341e+01   3.6007982e+01
   2.4578226e+01   2.5453494e+01   3.1977301e+01
   2.3273781e+01   2.3699244e+01   3.3592496e+01
   2.4435191e+01   2.5447048e+01   3.1270325e+01
   2.5007641e+01   2.5389237e+01   3.5771383e+01
   2.5025401e+01   2.5457414e+01   3.5274841e+01
   2.3208734e+01   2.3660180e+01   3.3282943e+01
   2.5234665e+01   2.6007697e+01   3.3122196e+01
   2.5015966e+01   2.5416856e+01   3.5574919e+01
   2.5516594e+01   2.6005650e+01   3.5253974e+01
   2.4566844e+01   2.5412806e+01   3.2099767e+01
   2.2896886e+01   2.3366603e+01   3.2809071e+01
