   2.4505539e+01   2.5065054e+01   3.3695529e+01
   2.4328628e+01   2.6683190e+01   2.8120904e+01
   2.1735111e+01   2.2444382e+01   2.9979304e+01
   2.4948689e+01   2.6715840e+01   2.9716693e+01
   1.7388765e+01   2.6675671e+01   1.7942641e+01
   2.5846077e+01   2.6784269e+01   3.2970755e+01
   1.6970795e+01   2.6018446e+01   1.7559176e+01
   2.6374979e+01   2.6880053e+01   3.5978258e+01
   2.1893399e+01   2.5721768e+01   2.4227188e+01
   2.6148342e+01   2.6722956e+01   3.5225786e+01
   2.4540709e+01   2.5006406e+01   3.4481972e+01
   2.5896057e+01   2.6533439e+01   3.4554332e+01
   2.4821293e+01   2.5495041e+01   3.3258919e+01
   2.6288963e+01   2.6897780e+01   3.5131655e+01
   2.2248405e+01   2.2724061e+01   3.2112109e+01
   2.5848057e+01   2.6930753e+01   3.2419740e+01
   1.7147624e+01   2.5003539e+01   1.7938408e+01
   2.5915936e+01   2.6764213e+01   3.3434781e+01
   2.1663220e+01   2.2456876e+01   2.9460124e+01
   2.3847336e+01   2.5281889e+01   2.9368416e+01
   2.5978444e+01   2.6819067e+01   3.3532834e+01
   2.4818877e+01   2.5454640e+01   3.3490121e+01
   2.5701698e+01   2.6207951e+01   3.5296919e+01
   2.5108224e+01   2.5440300e+01   3.6451064e+01
   2.5353233e+01   2.5769143e+01   3.5758862e+01
   2.4836709e+01   2.5255326e+01   3.5216938e+01
   2.4316587e+01   2.5005384e+01   3.2667061e+01
   2.4990853e+01   2.5441407e+01   3.5066943e+01
   2.2257338e+01   2.5477931e+01   2.5079344e+01
   2.4936170e+01   2.5390752e+01   3.4975734e+01
   2.2251516e+01   2.2728614e+01   3.2102751e+01
   2.4602477e+01   2.5381367e+01   3.2461745e+01
   2.4527541e+01   2.5110317e+01   3.3551864e+01
   2.4876625e+01   2.5446954e+01   3.3987632e+01
   2.5103086e+01   2.6819484e+01   2.9973745e+01
   2.2571415e+01   2.3128467e+01   3.1786931e+01
   2.5008722e+01   2.6199507e+01   3.1220435e+01
   2.2764374e+01   2.3132249e+01   3.3688915e+01
   2.4972200e+01   2.5772454e+01   3.2723232e+01
   2.2671555e+01   2.3094098e+01   3.3021500e+01
   2.4010591e+01   2.4998400e+01   3.0939968e+01
   2.2710257e+01   2.3143662e+01   3.2955073e+01
   2.4754378e+01   2.5475655e+01   3.2919138e+01
   2.2685069e+01   2.3109173e+01   3.3019687e+01
   2.2093645e+01   2.2723919e+01   3.0810656e+01
   2.2461455e+01   2.3103394e+01   3.1102583e+01
   2.3870393e+01   2.5096432e+01   2.9975209e+01
   2.2628856e+01   2.3150334e+01   3.2113440e+01
   2.5744766e+01   2.6198943e+01   3.5785877e+01
   2.6717770e+01   2.7216902e+01   3.6368867e+01
   2.5327323e+01   2.5775235e+01   3.5426739e+01
   2.6528066e+01   2.7135690e+01   3.5378218e+01
   2.4527201e+01   2.4997797e+01   3.4425449e+01
   2.6480425e+01   2.7156009e+01   3.4903241e+01
   2.4937589e+01   2.5479997e+01   3.4252834e+01
   2.6480422e+01   2.7191970e+01   3.4695420e+01
   2.2208505e+01   2.2697304e+01   3.1960427e+01
   2.5854006e+01   2.7186070e+01   3.1643916e+01
   2.4532080e+01   2.5103228e+01   3.3638271e+01
   2.6387945e+01   2.7188031e+01   3.4136614e+01
   2.5451962e+01   2.5761455e+01   3.7088625e+01
   2.6007876e+01   2.6466692e+01   3.6006511e+01
   2.4629878e+01   2.4990587e+01   3.5628995e+01
   2.6004678e+01   2.6472959e+01   3.5919270e+01
   2.5116540e+01   2.5495427e+01   3.5909583e+01
   2.6030866e+01   2.6488647e+01   3.6038749e+01
   2.2315601e+01   2.2723534e+01   3.2813055e+01
   2.5449325e+01   2.6444858e+01   3.2344706e+01
   2.4642406e+01   2.5085045e+01   3.4792636e+01
   2.5856845e+01   2.6484776e+01   3.4575501e+01
   2.2192191e+01   2.4951269e+01   2.5483007e+01
   2.5606919e+01   2.6049215e+01   3.5757678e+01
   2.5015261e+01   2.5477298e+01   3.4987596e+01
   2.5627756e+01   2.6084934e+01   3.5642013e+01
   2.2265882e+01   2.2711036e+01   3.2402503e+01
   2.5157592e+01   2.6027848e+01   3.2577656e+01
   2.4583361e+01   2.5091366e+01   3.4167476e+01
   2.5488273e+01   2.6086700e+01   3.4402466e+01
   2.5053946e+01   2.5495769e+01   3.5210589e+01
   2.4408891e+01   2.5306514e+01   3.1709656e+01
   2.2357768e+01   2.2779647e+01   3.2715806e+01
   2.4180178e+01   2.5277942e+01   3.0703123e+01
   2.4549295e+01   2.5068209e+01   3.4046560e+01
   2.4727066e+01   2.5290990e+01   3.3884440e+01
   2.2266752e+01   2.2734490e+01   3.2199423e+01
   2.4931205e+01   2.5857506e+01   3.2107707e+01
   2.4565672e+01   2.5103554e+01   3.3916200e+01
   2.5228877e+01   2.5868011e+01   3.3877683e+01
   2.4197751e+01   2.5099668e+01   3.1480483e+01
   2.2764205e+01   2.3314846e+01   3.2025970e+01
