   2.5067785e+01   2.5416314e+01   3.6208800e+01
   2.4646670e+01   2.6879475e+01   2.8613583e+01
   2.2930527e+01   2.3285092e+01   3.4007828e+01
   2.5988335e+01   2.6898496e+01   3.3230996e+01
   1.7490261e+01   2.7254274e+01   1.7983031e+01
   2.6278611e+01   2.6980405e+01   3.4549227e+01
   1.7038967e+01   2.6544639e+01   1.7564721e+01
   2.6614828e+01   2.7079402e+01   3.6560840e+01
   2.2057830e+01   2.6060652e+01   2.4271517e+01
   2.6379409e+01   2.6935428e+01   3.5590182e+01
   2.5030050e+01   2.5468791e+01   3.5215648e+01
   2.6207068e+01   2.6742429e+01   3.5572560e+01
   2.5423042e+01   2.6088918e+01   3.3906311e+01
   2.6601195e+01   2.7106899e+01   3.6198927e+01
   2.3123952e+01   2.3559307e+01   3.3348318e+01
   2.6250295e+01   2.7143977e+01   3.3563861e+01
   1.7224930e+01   2.5307740e+01   1.7971688e+01
   2.6310887e+01   2.6954975e+01   3.4926090e+01
   2.2884427e+01   2.3296995e+01   3.3332245e+01
   2.4707117e+01   2.5387254e+01   3.3107174e+01
   2.6735403e+01   2.7397520e+01   3.5238650e+01
   2.5080813e+01   2.5551739e+01   3.4974545e+01
   2.6189537e+01   2.6723111e+01   3.5568713e+01
   2.5262375e+01   2.5542679e+01   3.7315429e+01
   2.5703073e+01   2.6111898e+01   3.6178974e+01
   2.4994580e+01   2.5376839e+01   3.5751148e+01
   2.4782275e+01   2.5465777e+01   3.3162310e+01
   2.5204160e+01   2.5558521e+01   3.6275580e+01
   2.2578094e+01   2.6071840e+01   2.5164130e+01
   2.5134627e+01   2.5495117e+01   3.6134780e+01
   2.3112183e+01   2.3568708e+01   3.3140698e+01
   2.4842380e+01   2.5499991e+01   3.3377412e+01
   2.4932030e+01   2.5404923e+01   3.4809041e+01
   2.5115551e+01   2.5545266e+01   3.5386770e+01
   2.5656272e+01   2.7392242e+01   3.0485715e+01
   2.2750746e+01   2.3189971e+01   3.2940268e+01
   2.5351847e+01   2.6709409e+01   3.1072464e+01
   2.2868557e+01   2.3189843e+01   3.4357926e+01
   2.5299754e+01   2.6116395e+01   3.2969814e+01
   2.2753895e+01   2.3167557e+01   3.3191365e+01
   2.4383361e+01   2.5457126e+01   3.0990284e+01
   2.2851851e+01   2.3214280e+01   3.3838082e+01
   2.5236541e+01   2.6071878e+01   3.2817461e+01
   2.2787183e+01   2.3166638e+01   3.3582667e+01
   2.2867647e+01   2.3558755e+01   3.1210098e+01
   2.2590791e+01   2.3156832e+01   3.1741045e+01
   2.4171156e+01   2.5390029e+01   3.0297140e+01
   2.2759460e+01   2.3183234e+01   3.3096945e+01
   2.6264173e+01   2.6710797e+01   3.6373251e+01
   2.7009908e+01   2.7445151e+01   3.7224048e+01
   2.5675166e+01   2.6111334e+01   3.5883356e+01
   2.6761898e+01   2.7369367e+01   3.5612648e+01
   2.5039081e+01   2.5461152e+01   3.5384731e+01
   2.6848702e+01   2.7403909e+01   3.6064530e+01
   2.5559258e+01   2.6072241e+01   3.5100755e+01
   2.6817060e+01   2.7422321e+01   3.5682447e+01
   2.3078420e+01   2.3533689e+01   3.3118440e+01
   2.6252061e+01   2.7421786e+01   3.2528667e+01
   2.4939633e+01   2.5389298e+01   3.5024019e+01
   2.6734045e+01   2.7401351e+01   3.5205913e+01
   2.5817862e+01   2.6099579e+01   3.7848315e+01
   2.6197894e+01   2.6626246e+01   3.6479581e+01
   2.5169507e+01   2.5449564e+01   3.7226532e+01
   2.6250703e+01   2.6626876e+01   3.7070831e+01
   2.5749373e+01   2.6085655e+01   3.7037916e+01
   2.6242050e+01   2.6624898e+01   3.6989074e+01
   2.3187232e+01   2.3558215e+01   3.4074806e+01
   2.5761393e+01   2.6598715e+01   3.3331742e+01
   2.5063798e+01   2.5379831e+01   3.6613938e+01
   2.6159609e+01   2.6632570e+01   3.6032951e+01
   2.2494637e+01   2.5426308e+01   2.5597447e+01
   2.5826343e+01   2.6193662e+01   3.6746545e+01
   2.5668431e+01   2.6073629e+01   3.6181336e+01
   2.5843166e+01   2.6205524e+01   3.6819947e+01
   2.3138710e+01   2.3547984e+01   3.3618585e+01
   2.5491298e+01   2.6198324e+01   3.3733912e+01
   2.5003705e+01   2.5386578e+01   3.5753573e+01
   2.5744104e+01   2.6198750e+01   3.5780966e+01
   2.5661211e+01   2.6087209e+01   3.5966919e+01
   2.4565361e+01   2.5436304e+01   3.1983908e+01
   2.3195761e+01   2.3610301e+01   3.3622434e+01
   2.4433255e+01   2.5432983e+01   3.1314972e+01
   2.4977951e+01   2.5364442e+01   3.5688825e+01
   2.5005130e+01   2.5442648e+01   3.5202319e+01
   2.3138948e+01   2.3569366e+01   3.3410373e+01
   2.5256458e+01   2.6006960e+01   3.3261509e+01
   2.4991382e+01   2.5393446e+01   3.5538278e+01
   2.5512989e+01   2.6006292e+01   3.5214885e+01
   2.4545587e+01   2.5388816e+01   3.2091309e+01
   2.2888775e+01   2.3358648e+01   3.2799632e+01
