   2.4997809e+01   2.5415936e+01   3.5382413e+01
   2.4515105e+01   2.6735140e+01   2.8501385e+01
   2.2915131e+01   2.3441096e+01   3.2363353e+01
   2.5637788e+01   2.6746698e+01   3.2118510e+01
   1.7478191e+01   2.7215759e+01   1.7974166e+01
   2.6192708e+01   2.6824692e+01   3.4884660e+01
   1.7035024e+01   2.6503409e+01   1.7565598e+01
   2.6469827e+01   2.6932775e+01   3.6430554e+01
   2.1980276e+01   2.5878042e+01   2.4265257e+01
   2.6324141e+01   2.6802141e+01   3.6153574e+01
   2.5035037e+01   2.5481281e+01   3.5150643e+01
   2.6059121e+01   2.6597170e+01   3.5404495e+01
   2.5423658e+01   2.6142400e+01   3.3600736e+01
   2.6404248e+01   2.6954493e+01   3.5657496e+01
   2.3192801e+01   2.3741383e+01   3.2467941e+01
   2.5970872e+01   2.6996092e+01   3.2751741e+01
   1.7209984e+01   2.5280695e+01   1.7959053e+01
   2.6150228e+01   2.6825852e+01   3.4573460e+01
   2.2893889e+01   2.3454544e+01   3.2081642e+01
   2.4492938e+01   2.5323224e+01   3.2099766e+01
   2.6651526e+01   2.7352989e+01   3.4923314e+01
   2.5058434e+01   2.5472213e+01   3.5486138e+01
   2.6122962e+01   2.6681416e+01   3.5316484e+01
   2.5177598e+01   2.5466426e+01   3.7104981e+01
   2.5521927e+01   2.5931024e+01   3.5995524e+01
   2.4973926e+01   2.5305206e+01   3.6327190e+01
   2.4779906e+01   2.5483132e+01   3.3045942e+01
   2.5113468e+01   2.5489261e+01   3.5940626e+01
   2.2580199e+01   2.6124928e+01   2.5125274e+01
   2.5001593e+01   2.5415489e+01   3.5428288e+01
   2.3191530e+01   2.3749940e+01   3.2394333e+01
   2.4664335e+01   2.5412564e+01   3.2683046e+01
   2.4861937e+01   2.5376838e+01   3.4390025e+01
   2.5013918e+01   2.5468021e+01   3.5057597e+01
   2.5647886e+01   2.7353738e+01   3.0539338e+01
   2.2734123e+01   2.3149499e+01   3.3154560e+01
   2.5285388e+01   2.6664356e+01   3.0948299e+01
   2.2812713e+01   2.3144883e+01   3.4162987e+01
   2.5145073e+01   2.5934364e+01   3.2950272e+01
   2.2744646e+01   2.3121671e+01   3.3567059e+01
   2.4361111e+01   2.5472546e+01   3.0836284e+01
   2.2791484e+01   2.3168853e+01   3.3609864e+01
   2.5342880e+01   2.6124936e+01   3.3184093e+01
   2.2713263e+01   2.3126709e+01   3.3153086e+01
   2.2972518e+01   2.3738441e+01   3.0904168e+01
   2.2500201e+01   2.3114758e+01   3.1317220e+01
   2.4153101e+01   2.5359800e+01   3.0316967e+01
   2.2692018e+01   2.3130688e+01   3.2887046e+01
   2.6186831e+01   2.6672207e+01   3.5953653e+01
   2.6807933e+01   2.7256900e+01   3.6894347e+01
   2.5500737e+01   2.5925902e+01   3.5814932e+01
   2.6673658e+01   2.7189490e+01   3.6190066e+01
   2.5032984e+01   2.5477899e+01   3.5160902e+01
   2.6652040e+01   2.7212380e+01   3.5830772e+01
   2.5598666e+01   2.6128787e+01   3.5005697e+01
   2.6600402e+01   2.7215924e+01   3.5398176e+01
   2.3162813e+01   2.3715379e+01   3.2408590e+01
   2.5978571e+01   2.7232848e+01   3.1992738e+01
   2.4859001e+01   2.5362069e+01   3.4482303e+01
   2.6519614e+01   2.7215147e+01   3.4825647e+01
   2.5633821e+01   2.5921531e+01   3.7576268e+01
   2.6162597e+01   2.6517223e+01   3.7228515e+01
   2.5152845e+01   2.5466172e+01   3.6738762e+01
   2.6132189e+01   2.6521976e+01   3.6804853e+01
   2.5749982e+01   2.6140227e+01   3.6418665e+01
   2.6091516e+01   2.6507921e+01   3.6490431e+01
   2.3282791e+01   2.3738544e+01   3.3317540e+01
   2.5539472e+01   2.6492524e+01   3.2603691e+01
   2.4979667e+01   2.5350911e+01   3.5857868e+01
   2.6038665e+01   2.6527230e+01   3.5778933e+01
   2.2489705e+01   2.5441551e+01   2.5571645e+01
   2.5696059e+01   2.6071045e+01   3.6530619e+01
   2.5678211e+01   2.6126929e+01   3.5769329e+01
   2.5683126e+01   2.6082463e+01   3.6256399e+01
   2.3228580e+01   2.3731012e+01   3.2862800e+01
   2.5256854e+01   2.6082541e+01   3.2883539e+01
   2.4919314e+01   2.5356587e+01   3.5119071e+01
   2.5596658e+01   2.6073515e+01   3.5437579e+01
   2.5679375e+01   2.6139722e+01   3.5665055e+01
   2.4461422e+01   2.5335969e+01   3.1864063e+01
   2.3273075e+01   2.3791006e+01   3.2782699e+01
   2.4248057e+01   2.5337250e+01   3.0800760e+01
   2.4892718e+01   2.5337306e+01   3.5024071e+01
   2.4887724e+01   2.5338738e+01   3.4959910e+01
   2.3236950e+01   2.3752801e+01   3.2763189e+01
   2.5065510e+01   2.5885651e+01   3.2719270e+01
   2.4898271e+01   2.5364463e+01   3.4834085e+01
   2.5379525e+01   2.5896049e+01   3.4893323e+01
   2.4495746e+01   2.5363749e+01   3.1927761e+01
   2.2827083e+01   2.3306492e+01   3.2655599e+01
