  -7.2062665e-01   5.3511138e+00   1.6233555e+00
   6.1744756e-01   8.1562105e+00   2.0773602e+00
  -1.7240775e+00   2.9356117e+00   1.8796410e+00
   1.0801511e+00   8.9115647e+00   2.3869996e+00
  -1.9956154e-01   7.3087444e+00   1.3892565e+00
   7.6333540e-01   8.3835524e+00   2.1765439e+00
  -2.9349140e-01   6.3116381e+00   1.6897503e+00
   1.4278492e+00   9.1290952e+00   2.7366182e+00
  -4.6539729e-01   5.5764984e+00   1.8385425e+00
   3.8551194e-01   7.8817430e+00   1.8919905e+00
  -8.6484571e-01   4.8623932e+00   1.7136749e+00
   7.9434187e-01   8.2889476e+00   2.2463896e+00
  -5.5822620e-01   6.6954011e+00   1.1895924e+00
  -1.7626753e-01   8.0455475e+00   1.1653157e+00
  -1.3057227e+00   5.5814553e+00   7.4994391e-01
  -3.3008366e-01   8.2191865e+00   9.3279607e-01
  -8.4391878e-01   5.9867865e+00   1.1417404e+00
  -1.1747039e-01   8.0088235e+00   1.2462671e+00
  -8.6537642e-01   3.4864209e+00   2.7294136e+00
   1.9438191e-01   5.3489462e+00   2.8876021e+00
   5.7855230e-01   7.9915706e+00   2.0880444e+00
  -4.4888716e-01   4.6650887e+00   2.4264444e+00
   5.1933773e-01   7.1326854e+00   2.3561584e+00
   4.1962075e-01   5.9654370e+00   2.8197381e+00
   4.3310193e-01   6.1160960e+00   2.7512880e+00
  -6.2655316e-01   4.2407314e+00   2.4753138e+00
  -3.9976444e-02   5.3151729e+00   2.5756440e+00
  -2.7523668e-02   5.2320563e+00   2.6470450e+00
  -1.3952914e-01   6.8567369e+00   1.6421886e+00
  -1.0941708e+00   4.7927745e+00   1.4447049e+00
  -8.9123202e-01   6.0520980e+00   1.0523571e+00
  -1.2256462e+00   4.8974549e+00   1.2082739e+00
  -1.7585423e-01   6.4894470e+00   1.7575710e+00
  -1.2386608e+00   4.4910092e+00   1.4333528e+00
   7.8115162e-01   8.5990028e+00   2.1274229e+00
  -1.1328532e+00   2.6618405e+00   3.0934850e+00
   7.8536530e-01   8.0364421e+00   2.3254601e+00
  -4.6753649e-01   3.4521797e+00   3.4097579e+00
   5.8105993e-01   6.4940050e+00   2.7453912e+00
  -1.1003143e+00   2.7461469e+00   3.0598758e+00
   8.2389320e-02   5.8801702e+00   2.4062163e+00
  -8.9066491e-01   3.0105032e+00   3.1416161e+00
   1.0024868e-01   7.5406138e+00   1.6683394e+00
  -1.9292631e+00   2.6295729e+00   1.8334291e+00
  -5.8309053e-01   6.5179977e+00   1.2326771e+00
  -1.6459279e+00   3.2268819e+00   1.7549756e+00
  -1.5714995e-02   6.3764130e+00   2.0168035e+00
  -1.5077663e+00   2.9030600e+00   2.2421664e+00
   5.6925914e-01   6.8086942e+00   2.5705940e+00
   1.4079673e+00   8.0576607e+00   3.0974745e+00
   4.0469038e-01   6.1266711e+00   2.7064536e+00
   6.0776411e-01   7.4637611e+00   2.3272525e+00
   2.7196962e-02   5.3242489e+00   2.6648751e+00
   1.0974737e+00   7.8530719e+00   2.7864426e+00
   1.3976674e-01   7.1836117e+00   1.8555246e+00
  -3.0895015e-02   7.6901640e+00   1.4557457e+00
  -8.8982340e-01   5.8289966e+00   1.1578245e+00
  -2.4521231e-01   7.5377145e+00   1.2514627e+00
   4.5173003e-03   6.4028051e+00   2.0302739e+00
  -4.3894089e-02   7.2177858e+00   1.6144119e+00
   9.0858558e-01   6.7773192e+00   3.0377369e+00
   5.7065379e-01   6.8644583e+00   2.5456017e+00
   2.3721840e-01   5.6194026e+00   2.7744791e+00
   1.0038903e+00   7.6834797e+00   2.7377148e+00
   5.0649507e-01   7.5167368e+00   2.1787707e+00
  -1.2662033e-01   7.1240072e+00   1.5493403e+00
  -3.7300986e-01   6.4913801e+00   1.5069294e+00
  -3.2026138e-01   7.1149224e+00   1.3154500e+00
   2.5654370e-01   6.6250686e+00   2.2506363e+00
  -1.5146676e-01   7.0144314e+00   1.5623789e+00
  -1.0800103e+00   4.3735824e+00   1.7283755e+00
   5.8412993e-01   7.1201780e+00   2.4447910e+00
  -7.9151399e-01   6.1834273e+00   1.1183030e+00
  -3.5419951e-01   6.4856902e+00   1.5331563e+00
  -1.7320237e+00   5.0241939e+00   4.8497258e-01
  -5.5365803e-01   6.5802157e+00   1.2429319e+00
  -1.1247405e+00   5.3937445e+00   1.0725281e+00
  -5.4466624e-01   6.2536803e+00   1.3970933e+00
  -1.4136024e+00   6.0987903e+00   3.8766895e-01
  -8.3954652e-01   6.0544363e+00   1.1161701e+00
  -2.3380764e+00   4.6107788e+00  -6.8649933e-02
  -8.6215834e-01   6.4093717e+00   9.3333220e-01
  -1.8354087e+00   5.0352116e+00   3.4885540e-01
  -8.6610146e-01   6.1001066e+00   1.0622064e+00
  -1.5417420e+00   5.6407033e+00   4.2826392e-01
  -5.0968256e-01   7.2791530e+00   1.0255570e+00
  -1.0220537e+00   5.9230320e+00   9.4706185e-01
  -7.5410125e-01   6.1609003e+00   1.1752763e+00
  -2.1198267e+00   5.0581456e+00  -1.7134717e-02
  -1.1024923e+00   7.1781683e+00   3.5698674e-01
