  -5.4561400e-01   6.0381585e+00   1.4967805e+00
   3.0458391e-01   8.4920259e+00   1.5943826e+00
  -1.5480321e+00   3.4514101e+00   1.7219077e+00
   7.0744715e-01   9.2703522e+00   1.8441003e+00
  -3.0382683e-02   8.6358780e+00   1.1614535e+00
   1.9590256e-01   8.5825401e+00   1.4398784e+00
  -5.5631962e-01   6.5065932e+00   1.2708236e+00
   9.2426577e-01   1.0347122e+01   1.8344633e+00
  -1.1936420e-01   7.8260692e+00   1.3035242e+00
  -7.0508239e-01   7.8975179e+00   5.9270649e-01
  -6.6623220e-01   6.2927126e+00   1.2266154e+00
   2.6260154e-02   8.8928253e+00   1.1572574e+00
  -5.0275263e-01   8.1008797e+00   7.6704379e-01
  -1.4592144e+00   8.1685618e+00  -3.4199846e-01
  -9.1833666e-01   7.5519494e+00   4.5093689e-01
  -7.6251659e-01   8.8559890e+00   2.7090291e-01
  -8.8535397e-01   7.3326531e+00   5.6068896e-01
  -1.4379792e+00   8.2746428e+00  -3.4490993e-01
  -7.7619123e-01   3.8241778e+00   2.5789299e+00
  -6.1147368e-02   5.6986870e+00   2.3141812e+00
   6.8100666e-01   9.1408382e+00   1.8484475e+00
  -9.1457142e-01   4.8030500e+00   1.6821450e+00
   4.5616180e-01   7.4202493e+00   2.1546422e+00
  -7.1792653e-02   6.1647837e+00   2.0485690e+00
   6.7406066e-01   8.1648517e+00   2.1431615e+00
  -1.5196224e+00   4.0345265e+00   1.3426890e+00
   1.9439377e-02   6.6725356e+00   1.9232388e+00
  -8.9458840e-01   4.9171665e+00   1.6400631e+00
  -1.1895799e-01   8.3202231e+00   1.1489606e+00
  -2.2525713e+00   4.2789539e+00   2.1682577e-01
  -4.4898026e-01   8.0606327e+00   8.4146724e-01
  -1.6099394e+00   4.9347047e+00   6.8702280e-01
  -2.3444191e-01   7.7287986e+00   1.1989577e+00
  -2.3886821e+00   4.1886592e+00   9.2443419e-02
   9.0075584e-01   9.5186697e+00   2.0029711e+00
  -1.5760172e+00   2.7267507e+00   2.2970386e+00
   5.7282635e-01   7.8794086e+00   2.1218084e+00
  -6.9591050e-01   3.8713162e+00   2.6631411e+00
   8.4682939e-01   8.5994930e+00   2.2060655e+00
  -2.0235298e+00   2.4026363e+00   1.8938180e+00
   1.7737039e-01   7.1550955e+00   1.9141497e+00
  -1.5009914e+00   2.9502473e+00   2.2102285e+00
   1.7471813e-01   9.2237991e+00   1.2425568e+00
  -3.1667032e+00   1.8906041e+00   6.2500724e-01
  -1.5146976e-01   8.4458159e+00   1.0746514e+00
  -2.1004520e+00   2.9620684e+00   1.2988701e+00
  -6.6014954e-02   7.5612426e+00   1.4589444e+00
  -2.6978885e+00   2.3632081e+00   9.1252248e-01
   3.7203272e-01   7.1265600e+00   2.1712710e+00
   7.5264454e-01   8.4786681e+00   2.1321085e+00
   7.1065914e-01   8.2777195e+00   2.1486216e+00
  -4.6701970e-01   7.2535451e+00   1.0860221e+00
   1.5452657e-01   6.8422505e+00   2.0192572e+00
   1.2232307e-01   7.8963289e+00   1.5688887e+00
   9.1667861e-02   8.6659394e+00   1.2945476e+00
  -1.3228783e+00   7.6675700e+00  -5.1219616e-02
  -4.5942791e-01   7.7970125e+00   9.1058472e-01
  -7.7246407e-01   7.6377451e+00   5.9413618e-01
   7.1609319e-02   7.8621013e+00   1.5196745e+00
  -1.3163869e+00   7.3300587e+00   5.8248236e-02
   1.1385998e+00   9.0054629e+00   2.4279005e+00
  -4.7905839e-01   7.0897048e+00   1.1318879e+00
   4.6133824e-01   7.2504820e+00   2.2314806e+00
   1.6108334e-01   8.0599130e+00   1.5605804e+00
   3.4978618e-01   8.8250522e+00   1.5501046e+00
  -1.3956608e+00   7.2882292e+00  -2.0364092e-02
   1.4335274e-01   8.5683602e+00   1.3825839e+00
  -7.2417791e-01   7.4321299e+00   7.1753995e-01
   2.4433523e-01   8.0512799e+00   1.6630196e+00
  -1.4188253e+00   7.0851952e+00   1.7906995e-02
  -8.5629240e-01   5.9514538e+00   1.1425305e+00
  -3.2397704e-01   6.8318467e+00   1.4230894e+00
  -8.5622810e-01   7.4925938e+00   5.4243982e-01
  -1.6097600e+00   6.1015480e+00   1.4926133e-01
  -1.2588088e+00   6.9511158e+00   2.5043577e-01
  -1.0066945e+00   6.6590041e+00   6.5736292e-01
  -1.1029602e+00   6.7824406e+00   4.9541945e-01
  -1.8152936e+00   6.0049533e+00  -5.8952784e-02
  -1.5001719e+00   7.3967780e+00  -1.7421385e-01
  -2.0451255e+00   5.6483601e+00  -1.8934718e-01
  -1.9451897e+00   6.5349093e+00  -4.0956033e-01
  -1.3368514e+00   6.3722294e+00   3.7060848e-01
  -1.8370068e+00   6.3493745e+00  -2.1652200e-01
  -2.1411287e+00   5.5493032e+00  -2.6332858e-01
  -1.1023184e+00   7.5968726e+00   2.2345648e-01
  -9.2922123e-01   7.3673061e+00   4.9764576e-01
  -1.0179316e+00   7.2473245e+00   4.3319981e-01
  -1.8979888e+00   6.3795512e+00  -2.9928446e-01
  -2.0918546e+00   6.4772681e+00  -5.6024091e-01
  -2.3865829e+00   7.1665996e+00  -1.1135754e+00
