  -2.3808811e+00   2.1273093e+00   1.5933841e+00
  -5.3309257e-01   5.4932835e+00   1.7941812e+00
  -2.8733832e+00   1.0367949e+00   1.9146415e+00
  -1.2005421e-01   5.9684190e+00   2.0865290e+00
  -1.3615548e+00   4.4044017e+00   1.3201785e+00
  -8.5352805e-01   4.8019383e+00   1.7664528e+00
  -1.9335884e+00   2.5905921e+00   1.8616867e+00
  -1.3743409e-02   6.2123813e+00   2.1006571e+00
  -1.6630612e+00   3.8462701e+00   1.2707956e+00
  -1.5795261e+00   4.4772560e+00   9.8262994e-01
  -1.8556995e+00   3.0426120e+00   1.5932003e+00
  -9.6494320e-01   4.9627465e+00   1.5181512e+00
  -1.7330824e+00   4.4314721e+00   8.0620766e-01
  -2.2411155e+00   4.2091115e+00   2.7089403e-01
  -2.1822513e+00   3.3614948e+00   8.8545223e-01
  -1.5809279e+00   4.9298927e+00   7.2688064e-01
  -1.7977671e+00   4.5884161e+00   6.3210512e-01
  -2.2028423e+00   4.2388267e+00   3.0352302e-01
  -2.0762624e+00   1.6417467e+00   2.5922035e+00
  -9.8911723e-01   3.2832378e+00   2.7163254e+00
  -5.4649023e-01   5.2281113e+00   1.9276833e+00
  -2.1132034e+00   2.0139164e+00   2.1285714e+00
  -9.3215830e-01   3.7179207e+00   2.4282210e+00
  -1.1159458e+00   3.3486407e+00   2.4578351e+00
  -6.0730543e-01   4.7894275e+00   2.1165200e+00
  -2.5987914e+00   1.5348941e+00   1.8301136e+00
  -1.2085873e+00   3.5527954e+00   2.1447513e+00
  -1.9445443e+00   2.3951797e+00   2.0251119e+00
  -1.2567143e+00   4.8870845e+00   1.1730793e+00
  -3.2223557e+00   1.5930117e+00   8.0307540e-01
  -1.6125505e+00   4.0209219e+00   1.2234048e+00
  -2.5725668e+00   2.2772328e+00   1.1688425e+00
  -1.1844610e+00   5.1122760e+00   1.1432488e+00
  -3.2991913e+00   1.4601717e+00   8.0895231e-01
  -1.2580775e-01   6.1297446e+00   1.9954938e+00
  -2.7301270e+00   7.2710014e-01   2.5369260e+00
  -6.1670896e-01   4.4546356e+00   2.3322947e+00
  -1.8176632e+00   1.8521153e+00   2.8024604e+00
  -2.5487020e-01   5.5943908e+00   2.1109199e+00
  -3.1101619e+00   4.1898154e-01   2.2425773e+00
  -8.2228659e-01   4.4632955e+00   2.0310554e+00
  -2.7740710e+00   8.2117388e-01   2.3398919e+00
  -8.0601345e-01   5.9191468e+00   1.2213996e+00
  -4.1774960e+00  -1.9745325e-01   1.1507118e+00
  -1.0977449e+00   4.9164259e+00   1.3673243e+00
  -3.0818862e+00   9.7965172e-01   1.6307319e+00
  -8.5598239e-01   5.3196028e+00   1.4615925e+00
  -3.4927391e+00   5.3878430e-01   1.4406014e+00
  -1.1430016e+00   3.1747615e+00   2.5705030e+00
  -3.6182957e-01   4.7867208e+00   2.4675519e+00
  -7.5744555e-01   4.5162637e+00   2.0870046e+00
  -1.4318173e+00   3.8665197e+00   1.5815653e+00
  -1.0813065e+00   3.5865067e+00   2.3094527e+00
  -8.6503104e-01   4.4132667e+00   2.0046188e+00
  -1.1455056e+00   4.9055289e+00   1.3099798e+00
  -2.1977000e+00   3.8568743e+00   5.3706323e-01
  -1.6930293e+00   3.8144086e+00   1.2508966e+00
  -1.6639402e+00   4.2444859e+00   1.0106698e+00
  -1.0240293e+00   4.9322787e+00   1.4566793e+00
  -2.0895610e+00   3.6907883e+00   7.8867341e-01
  -3.6646971e-01   5.0541059e+00   2.2832515e+00
  -1.7309539e+00   3.2152447e+00   1.6387071e+00
  -8.7882211e-01   3.8035831e+00   2.4394288e+00
  -1.0769866e+00   3.9722383e+00   2.0146486e+00
  -9.1325595e-01   5.1570829e+00   1.4757637e+00
  -2.4116647e+00   3.2451312e+00   6.5013118e-01
  -1.1259445e+00   4.3361365e+00   1.6891153e+00
  -1.7974817e+00   3.6074185e+00   1.2490449e+00
  -8.8129752e-01   5.1045564e+00   1.5481532e+00
  -2.3994379e+00   3.0751063e+00   7.8778822e-01
  -2.0268574e+00   2.8365471e+00   1.5082889e+00
  -1.4238987e+00   3.7014583e+00   1.7127374e+00
  -1.9168374e+00   4.2406443e+00   6.7609378e-01
  -2.5489460e+00   2.9992035e+00   6.3469502e-01
  -2.3745706e+00   3.1897285e+00   7.4015384e-01
  -1.9453859e+00   3.6421654e+00   1.0188438e+00
  -2.0034304e+00   4.2492462e+00   5.5715155e-01
  -2.6727985e+00   2.8539395e+00   5.6819146e-01
  -2.4678743e+00   4.1547271e+00   9.9675207e-03
  -2.9067990e+00   3.0492227e+00   1.1230665e-01
  -3.0021120e+00   2.9259707e+00   6.7762315e-02
  -2.2654496e+00   3.7405109e+00   5.1971427e-01
  -2.7014947e+00   3.9184410e+00  -1.5603138e-01
  -2.9703347e+00   3.0451432e+00   3.0090506e-02
  -2.1502935e+00   3.7679081e+00   6.5653515e-01
  -1.9936110e+00   3.8656835e+00   8.0498000e-01
  -2.0460482e+00   4.5418927e+00   3.3744248e-01
  -3.0626117e+00   2.6040849e+00   2.1203803e-01
  -3.0024650e+00   3.6441396e+00  -3.8344320e-01
  -3.1577081e+00   3.3274666e+00  -3.9501243e-01
