  -5.6071623e-01   5.6448589e+00   1.6756171e+00
   7.6449912e-01   1.0037529e+01   1.7214333e+00
  -1.7056144e+00   3.6957000e+00   1.3157589e+00
  -8.1337018e-03   1.0617974e+01   7.4637731e-01
  -1.4587144e-01   1.0101660e+01   6.8983372e-01
  -2.2898850e-01   1.0178673e+01   5.8354963e-01
  -1.1080356e-01   9.1676802e+00   9.3140983e-01
   7.3422116e-01   1.0923679e+01   1.5088649e+00
  -2.9556971e-01   7.2055850e+00   1.3111221e+00
  -5.8698697e-01   9.2343789e+00   3.8027898e-01
  -8.0110048e-01   7.4077134e+00   6.3495286e-01
  -1.0291542e+00   8.6142694e+00   2.9750783e-02
  -2.4348089e-01   8.5622276e+00   9.3575200e-01
  -4.7082590e-01   9.6803983e+00   4.1423997e-01
  -5.7357742e-01   1.0748351e+01   1.1015608e-01
  -1.7936615e+00   9.2437812e+00  -9.4905155e-01
  -7.9252150e-01   7.7048449e+00   5.4976695e-01
  -5.6080722e-01   9.9875948e+00   2.5495439e-01
  -7.9349127e-01   4.3123973e+00   2.1779978e+00
  -6.6525952e-01   6.1703022e+00   1.2828151e+00
   9.0549935e-01   1.0889771e+01   1.7049890e+00
  -1.1306869e+00   5.5647232e+00   9.7939494e-01
   6.3059405e-01   1.0024954e+01   1.5726517e+00
  -1.0422463e-01   7.2004327e+00   1.5469729e+00
   5.4531482e-01   7.7353353e+00   2.1418408e+00
  -1.1906421e+00   5.4650630e+00   9.5216858e-01
  -2.4068129e-01   7.6955741e+00   1.2026828e+00
  -1.4643573e+00   6.0956949e+00   3.2732002e-01
   2.2562129e-01   8.7714883e+00   1.4206002e+00
  -1.0779710e+00   6.1351637e+00   7.8344935e-01
  -3.0368096e-02   1.1283432e+01   6.1475162e-01
  -2.4019878e+00   5.4397897e+00  -5.3048596e-01
   1.9476708e-01   8.3585571e+00   1.5055827e+00
  -1.3927322e+00   5.5567249e+00   6.5241083e-01
   9.5331305e-01   1.0821710e+01   1.7710883e+00
  -1.6290950e+00   3.1512607e+00   1.8416854e+00
   7.5946264e-01   1.0269970e+01   1.6650600e+00
  -7.1335336e-01   4.2056315e+00   2.3733531e+00
   4.2994685e-01   7.6981516e+00   2.0135996e+00
  -1.4371569e+00   3.5629673e+00   1.7980618e+00
   6.9269404e-02   8.2539825e+00   1.3897851e+00
  -2.0467278e+00   3.1542851e+00   1.2276957e+00
   3.2783254e-01   9.0739598e+00   1.4567639e+00
  -1.6586460e+00   3.7241268e+00   1.3617747e+00
   1.2828325e-01   1.1343517e+01   7.7723020e-01
  -2.6774627e+00   3.1884875e+00   3.2704838e-01
   2.6495609e-01   7.8444002e+00   1.7588749e+00
  -1.5987065e+00   3.6023004e+00   1.5346790e+00
   6.2320793e-01   9.5415991e+00   1.6770982e+00
   7.4476942e-01   1.0033558e+01   1.6999535e+00
   5.3005933e-01   7.8411587e+00   2.0833902e+00
  -2.8942270e-01   9.1799953e+00   7.2652491e-01
  -1.0756932e-01   7.8314411e+00   1.3157878e+00
  -5.7112235e-01   9.3703613e+00   3.6809461e-01
   4.0294068e-01   9.0602361e+00   1.5472313e+00
  -1.2119218e-01   9.6644419e+00   8.0639401e-01
  -2.4603942e-02   1.0745393e+01   7.0647981e-01
  -1.5391746e+00   8.7746491e+00  -5.7435361e-01
   1.6976041e-01   8.3060733e+00   1.4922625e+00
  -5.2047083e-01   9.0345208e+00   5.0060919e-01
   9.4117033e-01   8.3065248e+00   2.4194644e+00
  -1.7219237e-01   9.1230493e+00   8.7262638e-01
   2.0273940e-01   8.2275991e+00   1.5559555e+00
  -7.5505827e-01   8.8304661e+00   2.8536745e-01
   8.4130597e-01   9.2606268e+00   2.0026649e+00
  -2.2317794e-01   8.8792807e+00   8.7524999e-01
   4.9102708e-01   1.1662127e+01   1.1225473e+00
  -1.5633588e+00   8.2437592e+00  -4.7744474e-01
   5.1380557e-01   8.5060788e+00   1.8377363e+00
  -3.8724454e-01   8.9226616e+00   6.7792657e-01
  -8.7493287e-01   7.1419317e+00   6.3811005e-01
  -1.0017470e+00   7.6923171e+00   3.1082036e-01
  -7.2459761e-01   7.8132449e+00   5.9550957e-01
  -3.4065547e-01   8.6258318e+00   8.0698845e-01
  -1.0465035e+00   9.7129484e+00  -2.2484327e-01
  -1.6826778e+00   7.8513636e+00  -5.1054579e-01
  -8.3379836e-01   7.1197709e+00   6.9480858e-01
  -8.0282662e-01   7.5809846e+00   5.7662571e-01
  -1.1734245e+00   7.5860889e+00   1.4461660e-01
  -8.3043109e-01   7.3367257e+00   6.2406438e-01
  -1.6837657e+00   9.1508884e+00  -8.1139825e-01
  -2.0548240e+00   7.0243953e+00  -6.9571454e-01
  -1.5794023e+00   6.7571263e+00  -5.9112402e-02
  -1.1880246e+00   6.8731925e+00   3.6139419e-01
  -7.0685984e-01   1.0231512e+01   5.1327130e-02
  -1.5905666e+00   8.1699196e+00  -4.8948201e-01
  -6.1653786e-01   7.7348261e+00   7.4592539e-01
  -1.0496212e+00   7.6105880e+00   2.8023603e-01
  -2.0154552e+00   6.8558268e+00  -5.9783337e-01
  -1.5472679e+00   9.4385601e+00  -7.1852380e-01
