  -1.7352957e+00   3.3280994e+00   1.5441231e+00
   5.9517437e-02   6.5348179e+00   2.0383475e+00
  -2.6511261e+00   1.9602237e+00   1.3318373e+00
  -2.3997866e-01   6.8817569e+00   1.5067207e+00
  -4.8896411e-01   5.7657487e+00   1.7063894e+00
   3.4422413e-01   6.4009264e+00   2.4772965e+00
  -9.6151264e-01   4.5514393e+00   1.7765746e+00
   9.6448599e-01   7.0560697e+00   2.9712886e+00
  -1.4068224e+00   3.3193722e+00   2.0370882e+00
   1.1029155e-01   6.3801967e+00   2.1791825e+00
  -1.4200776e+00   4.2534420e+00   1.3361847e+00
  -5.6654780e-01   5.8970154e+00   1.5387864e+00
  -1.4614370e+00   3.6377979e+00   1.7059637e+00
   1.1999488e-01   6.8456391e+00   1.9738530e+00
  -1.6567881e+00   4.2841699e+00   9.9583810e-01
  -9.4484049e-01   6.1383446e+00   9.4700463e-01
  -1.7859146e+00   3.6541232e+00   1.2323517e+00
  -5.1498783e-01   6.5495677e+00   1.3039339e+00
  -1.7071284e+00   2.7440999e+00   2.0745460e+00
  -1.2309425e+00   3.6123417e+00   2.0637355e+00
   3.7225811e-01   6.6142854e+00   2.4069547e+00
  -9.6413091e-01   3.1811186e+00   2.8519239e+00
  -1.9942904e-01   5.2844071e+00   2.3713697e+00
   9.0449262e-04   4.5020633e+00   3.2216684e+00
  -3.9647062e-01   4.1511586e+00   2.8935994e+00
  -1.0305897e+00   2.9724599e+00   2.9457653e+00
  -6.6840629e-01   4.6847815e+00   2.0995276e+00
  -1.1073866e+00   3.4137469e+00   2.4147322e+00
  -9.8915000e-01   3.9507635e+00   2.1592891e+00
  -9.3240636e-01   3.6728772e+00   2.4649982e+00
  -1.1153341e+00   5.0114469e+00   1.2897918e+00
  -1.9290588e+00   3.1932301e+00   1.3672028e+00
  -1.0492877e+00   4.2057803e+00   1.8863127e+00
  -1.6505580e+00   3.1268538e+00   1.8296661e+00
   6.0348525e-01   7.5240251e+00   2.2972486e+00
  -1.7753478e+00   1.5894865e+00   3.1950605e+00
   2.7935327e-01   6.5113565e+00   2.3357847e+00
  -9.7251671e-01   2.4454119e+00   3.6226396e+00
  -2.4345776e-01   4.6967813e+00   2.7034613e+00
  -1.5648422e+00   1.8713577e+00   3.2322656e+00
  -2.5866808e-01   5.6947009e+00   2.0496287e+00
  -2.1641286e+00   1.4905602e+00   2.6138129e+00
  -7.5299159e-01   4.6873742e+00   1.9789138e+00
  -1.8577545e+00   1.9493160e+00   2.6236435e+00
  -8.0695441e-01   5.7590141e+00   1.2975619e+00
  -2.3481132e+00   2.0085456e+00   1.7570484e+00
  -8.1426741e-01   4.5038848e+00   2.0147866e+00
  -2.0467424e+00   1.9087064e+00   2.3477583e+00
  -9.2379734e-02   5.0002410e+00   2.7095824e+00
   8.8260958e-01   5.9137418e+00   3.5098554e+00
  -6.9674208e-01   3.8876361e+00   2.6483880e+00
   2.2552147e-01   5.8188264e+00   2.6374346e+00
  -6.3103895e-01   4.6986577e+00   2.1430815e+00
  -9.7379144e-02   5.7359992e+00   2.2437849e+00
  -7.3237789e-01   4.0989187e+00   2.4262680e+00
   2.2067180e-01   6.0333961e+00   2.5081664e+00
  -1.1603245e+00   4.6547369e+00   1.4385962e+00
  -9.1349189e-01   5.4259819e+00   1.3293183e+00
  -1.0548270e+00   4.0938172e+00   1.9578938e+00
  -5.4229925e-01   5.7044696e+00   1.6684362e+00
  -1.3919483e-01   4.4229581e+00   3.0692505e+00
   4.0008826e-02   5.0672375e+00   2.8556104e+00
  -3.6899267e-01   4.9641399e+00   2.3380169e+00
  -2.7363378e-01   5.3261753e+00   2.2427451e+00
  -3.9748635e-01   4.4148481e+00   2.6842676e+00
   5.7588101e-02   5.5736283e+00   2.5513374e+00
  -7.8446767e-01   5.1859078e+00   1.6311576e+00
  -1.1034697e+00   4.9721186e+00   1.3277673e+00
  -9.4405951e-01   4.0762635e+00   2.1312839e+00
  -5.9030533e-01   5.5148001e+00   1.7063576e+00
  -1.7254677e+00   3.8966030e+00   1.1504241e+00
  -7.3668618e-01   4.9597947e+00   1.8293526e+00
  -1.7484260e+00   3.2834097e+00   1.5595856e+00
  -2.5934857e-01   5.1401269e+00   2.3785788e+00
  -2.0204194e+00   4.0384467e+00   6.6077878e-01
  -1.3020636e+00   4.7186308e+00   1.2098849e+00
  -2.1328967e+00   3.2015021e+00   1.0697447e+00
  -1.0461332e+00   4.8442420e+00   1.4787896e+00
  -2.2472089e+00   3.1056715e+00   9.7904875e-01
  -7.0671809e-01   4.9886594e+00   1.8527615e+00
  -2.4988068e+00   3.7934514e+00   1.7890291e-01
  -1.5568818e+00   4.6705938e+00   9.0044195e-01
  -2.7284510e+00   2.8565082e+00   4.8921764e-01
  -1.2639944e+00   4.8728695e+00   1.1715151e+00
  -1.7367986e+00   4.5042038e+00   7.5923295e-01
  -1.1247815e+00   5.2403602e+00   1.1523418e+00
  -1.9338137e+00   3.5075927e+00   1.1285689e+00
  -1.2095924e+00   4.7796272e+00   1.2975909e+00
  -3.1026382e+00   2.6785517e+00   1.0391248e-01
  -1.4481569e+00   5.6971856e+00   5.1862732e-01
