  -8.2716315e-01   6.2820635e+00   1.0306139e+00
   2.4815384e-01   9.8940187e+00   1.1705897e+00
  -1.6287469e+00   3.8126356e+00   1.3418371e+00
   2.0459368e-01   1.0222482e+01   1.0543512e+00
  -6.7626572e-02   9.4580904e+00   9.1207415e-01
   2.2937225e-01   9.7176601e+00   1.1880785e+00
  -5.5808563e-01   7.8736014e+00   7.7103748e-01
   1.3968879e+00   1.0656485e+01   2.3032796e+00
  -5.0313313e-01   8.0305614e+00   7.8745295e-01
  -9.3085740e-01   8.8384450e+00   8.6458844e-02
  -5.9177301e-01   6.9872761e+00   1.0339065e+00
   7.6944215e-01   9.7310182e+00   1.7984359e+00
  -5.9993576e-01   8.1842807e+00   6.3056293e-01
  -6.8224521e-01   9.4582894e+00   2.2605399e-01
  -7.3741494e-01   9.7609747e+00   1.0436355e-01
  -1.2339580e+00   9.1841503e+00  -3.2568705e-01
  -1.1037928e+00   8.2341893e+00   4.1595627e-02
  -1.2427472e+00   9.3961624e+00  -3.7826576e-01
  -1.0326266e+00   4.1093855e+00   1.9786569e+00
  -4.4759757e-01   6.4163486e+00   1.4463013e+00
   6.0172367e-01   1.0002572e+01   1.5449680e+00
  -8.5463405e-01   5.5308059e+00   1.3512249e+00
   1.6313489e-01   8.5835414e+00   1.4012884e+00
   3.0143887e-01   6.9520287e+00   2.1577354e+00
   4.1872942e-01   8.4467497e+00   1.7433245e+00
  -1.5594977e+00   4.9710382e+00   7.3268741e-01
  -1.0675208e-01   7.1903851e+00   1.5477752e+00
   8.0972304e-02   7.0158376e+00   1.8513571e+00
  -2.1577597e-01   8.1690203e+00   1.0810033e+00
  -1.3754134e+00   5.8523144e+00   5.3944679e-01
  -1.9961870e-01   1.0317665e+01   5.9009598e-01
  -1.8744295e+00   5.4730724e+00   9.3910891e-02
  -2.9755366e-01   8.7067703e+00   8.3493326e-01
  -2.0722906e+00   5.1739669e+00  -1.2883788e-02
   7.9341924e-01   1.0404066e+01   1.6751998e+00
  -1.5099211e+00   3.1069459e+00   2.0592070e+00
   4.2023341e-01   9.0627606e+00   1.5665790e+00
  -3.0906308e-01   4.3479755e+00   2.8692080e+00
   3.4993469e-01   8.6017635e+00   1.6148562e+00
  -1.8655350e+00   3.1024954e+00   1.5306133e+00
   2.8357417e-01   7.8251054e+00   1.7882833e+00
  -5.0836568e-01   4.1583326e+00   2.7166672e+00
   1.1703053e-01   8.9903348e+00   1.2359891e+00
  -2.0720974e+00   3.2035273e+00   1.1544566e+00
   1.9224618e-01   1.0970092e+01   9.0556787e-01
  -2.2460424e+00   3.2271226e+00   8.9214626e-01
  -1.3245085e-01   8.3506000e+00   1.1242896e+00
  -2.3428549e+00   3.0388521e+00   8.9365690e-01
   2.2227606e-01   8.5050153e+00   1.4936306e+00
   1.2299275e+00   9.5963201e+00   2.3658704e+00
   2.4840286e-01   8.5804452e+00   1.5019602e+00
  -4.3605839e-01   8.9466873e+00   6.1680920e-01
   4.1433294e-02   7.3865707e+00   1.6541755e+00
   1.1314146e+00   1.0117634e+01   2.1211183e+00
   4.9585392e-02   8.6993319e+00   1.2364335e+00
  -4.0344034e-01   9.3399086e+00   5.6186746e-01
  -1.3103299e-01   1.0138555e+01   6.9910712e-01
  -1.0304051e+00   8.2784752e+00   1.1307750e-01
  -2.9361507e-01   8.6865974e+00   8.4475097e-01
  -1.1534697e+00   8.8108910e+00  -1.5538840e-01
   7.2824707e-01   9.2504198e+00   1.8736372e+00
  -6.1145731e-01   8.5218433e+00   5.2515319e-01
   4.5985581e-01   7.8400777e+00   1.9977255e+00
   1.1596698e+00   9.7135179e+00   2.2529932e+00
   2.9826328e-01   8.6773937e+00   1.5320776e+00
  -5.1561450e-01   8.7806626e+00   5.6773593e-01
   2.5159876e-01   1.0775685e+01   1.0035255e+00
  -1.0202555e+00   8.3716277e+00   1.0037790e-01
   6.7200992e-02   8.8528716e+00   1.2149819e+00
  -1.0861814e+00   8.5794761e+00  -2.5753362e-02
  -7.0450840e-01   6.7867058e+00   9.7407769e-01
   4.0455619e-01   7.9143521e+00   1.9035510e+00
  -9.3489887e-01   7.6809432e+00   3.9166872e-01
  -6.7273183e-01   7.8116882e+00   6.5635763e-01
  -1.0551426e+00   9.2732259e+00  -1.4730827e-01
  -1.2555534e+00   7.4258426e+00   9.8769260e-02
  -1.1923324e+00   7.7002817e+00   8.8872317e-02
  -1.4907913e+00   7.0962544e+00  -6.9358287e-02
  -1.4336753e+00   7.1660901e+00  -2.5609573e-02
  -1.0884403e+00   7.0445136e+00   4.1909689e-01
  -1.5838569e+00   8.8382758e+00  -6.3739511e-01
  -1.5614976e+00   6.7839103e+00  -4.7386937e-02
  -1.8348889e+00   7.3180129e+00  -5.3333338e-01
  -1.9230200e+00   6.1803397e+00  -2.5519201e-01
  -8.7018720e-01   9.5444215e+00   1.0467811e-03
  -1.1393757e+00   7.8979292e+00   9.2656349e-02
  -1.2730803e+00   7.9947479e+00  -8.6337521e-02
  -1.7477395e+00   7.3465891e+00  -4.4247551e-01
  -2.4374071e+00   7.2361519e+00  -1.1903025e+00
  -2.1431448e+00   8.9999253e+00  -1.2808488e+00
