  -7.7506857e-01   5.7470320e+00   1.3444542e+00
   9.8725425e-01   1.0332079e+01   1.9088894e+00
  -1.9546633e+00   3.5983696e+00   1.0360771e+00
  -9.3994728e-03   1.0549800e+01   7.5698767e-01
  -3.0743135e-01   9.9032108e+00   5.5017283e-01
  -6.8980013e-02   1.0124124e+01   7.7044771e-01
  -3.8755714e-01   9.1067488e+00   6.3318334e-01
   6.7369437e-01   1.0722360e+01   1.4788987e+00
  -5.8014503e-01   7.2497501e+00   9.5159305e-01
  -4.0064838e-01   9.3602369e+00   5.6046762e-01
  -1.0462437e+00   7.1608974e+00   4.2897324e-01
  -5.3802436e-01   9.0653957e+00   4.7364224e-01
  -5.8275535e-01   8.6041725e+00   5.3638844e-01
  -5.9139076e-01   9.7777195e+00   2.6165419e-01
  -9.3341820e-01   1.0819124e+01  -2.8766117e-01
  -1.7923942e+00   9.4038963e+00  -9.7784949e-01
  -1.1458504e+00   8.0007389e+00   5.6610030e-02
  -1.0412664e+00   9.7440174e+00  -2.2495522e-01
  -1.1073255e+00   4.1265338e+00   1.8592705e+00
  -7.4689913e-01   6.1945170e+00   1.1692258e+00
   6.8438927e-01   1.0544948e+01   1.5248545e+00
  -1.1714957e+00   5.3830197e+00   1.0178974e+00
   2.8620624e-01   9.7523439e+00   1.2443961e+00
  -2.4511782e-01   6.9497803e+00   1.4726540e+00
   3.0372352e-01   7.7270486e+00   1.8481504e+00
  -1.0722631e+00   5.4988230e+00   1.0867050e+00
  -4.9121748e-01   7.4312414e+00   9.9421613e-01
  -9.9928812e-01   6.6329490e+00   6.7634853e-01
  -1.3542633e-01   8.7002398e+00   1.0226474e+00
  -1.2843831e+00   6.0803310e+00   5.5303300e-01
  -3.5646543e-01   1.1360764e+01   2.5271007e-01
  -2.4720802e+00   5.3723369e+00  -5.8601474e-01
  -2.2032647e-01   8.5679623e+00   9.6085307e-01
  -1.8975728e+00   5.2819742e+00   1.5255188e-01
   8.1473181e-01   1.0796242e+01   1.6216466e+00
  -1.7406456e+00   2.9516661e+00   1.8408068e+00
   4.9997358e-01   1.0090695e+01   1.4112591e+00
  -9.4898246e-01   3.9180239e+00   2.2437192e+00
   2.2709293e-01   7.7579180e+00   1.7436737e+00
  -1.3425375e+00   3.5920622e+00   1.9144480e+00
  -8.3840282e-02   8.0979473e+00   1.2578113e+00
  -1.7761778e+00   3.3299369e+00   1.4834546e+00
   8.8044600e-02   9.2739642e+00   1.1314435e+00
  -1.8907718e+00   3.5058435e+00   1.1901927e+00
  -6.8222706e-02   1.1792459e+01   5.0269236e-01
  -2.7796503e+00   3.0558892e+00   2.7898806e-01
  -1.0256679e-01   8.0786512e+00   1.2417808e+00
  -2.1652075e+00   3.1964253e+00   1.0278521e+00
   2.7031576e-01   9.4222505e+00   1.3029598e+00
   5.9063031e-01   9.7186700e+00   1.5971172e+00
   1.8090589e-01   7.8026027e+00   1.6718608e+00
  -4.0925342e-02   9.3864831e+00   9.5861704e-01
  -3.9085956e-01   7.5648418e+00   1.0680286e+00
  -1.2597393e-01   9.7655725e+00   7.7958937e-01
   7.6710132e-02   9.1492020e+00   1.1492588e+00
  -2.7820083e-01   9.7432784e+00   6.1489650e-01
  -4.4995566e-01   1.0798010e+01   2.3588702e-01
  -1.6087966e+00   8.6003837e+00  -6.1233127e-01
  -3.3961481e-01   8.4354568e+00   8.5997649e-01
  -1.0472212e+00   8.8951210e+00  -5.6369228e-02
   6.0710855e-01   8.3318718e+00   2.0053483e+00
   4.1633937e-03   9.1882407e+00   1.0569566e+00
  -5.3658001e-02   7.9545595e+00   1.3393648e+00
  -1.9283895e-01   9.2211405e+00   8.2580667e-01
   4.5597292e-01   9.2261276e+00   1.5647149e+00
  -3.8338273e-01   8.9121380e+00   6.8489892e-01
   1.5983645e-02   1.1690052e+01   6.0663609e-01
  -1.6036993e+00   8.2468757e+00  -5.2323646e-01
   8.4480509e-02   8.6896843e+00   1.2795579e+00
  -9.2098971e-01   8.6487850e+00   1.4280988e-01
  -1.1155440e+00   6.9237721e+00   4.2936480e-01
  -6.9865992e-01   7.7226028e+00   6.5371339e-01
  -1.0101741e+00   7.9541914e+00   2.2454995e-01
  -4.9881205e-01   8.4915652e+00   6.6179441e-01
  -1.3129315e+00   9.9542577e+00  -5.5768380e-01
  -1.7801251e+00   7.7273379e+00  -5.8696114e-01
  -1.2089337e+00   7.3911331e+00   1.6360773e-01
  -1.2818244e+00   7.3525965e+00   9.1206094e-02
  -1.4752512e+00   7.6666759e+00  -2.2490337e-01
  -9.5184460e-01   7.2912718e+00   4.9623793e-01
  -1.9877713e+00   9.2958566e+00  -1.1690818e+00
  -2.1142944e+00   6.8197468e+00  -6.9975602e-01
  -1.9120670e+00   7.0284869e+00  -5.3371415e-01
  -1.7171432e+00   6.4448531e+00  -1.1008453e-01
  -1.0282067e+00   1.0387917e+01  -3.2280779e-01
  -1.6259249e+00   8.1443112e+00  -5.2259537e-01
  -1.0804269e+00   7.9643401e+00   1.4133139e-01
  -1.5482994e+00   7.2896728e+00  -1.9687175e-01
  -2.3983300e+00   7.0408484e+00  -1.0903952e+00
  -2.0276262e+00   9.2183588e+00  -1.1976760e+00
