  -7.2607309e-01   5.9356903e+00   1.3152473e+00
   9.5313267e-01   1.0927786e+01   1.7508444e+00
  -1.4077426e+00   3.7656340e+00   1.6886802e+00
   7.5469946e-01   1.1108290e+01   1.4987852e+00
   1.3482299e-01   9.7918609e+00   1.0654982e+00
   1.3221890e+00   1.1838257e+01   2.0015260e+00
   1.5542682e-01   9.1451791e+00   1.2402315e+00
   1.7037704e+00   1.2191773e+01   2.3649339e+00
  -1.7059534e-01   8.4422063e+00   1.0534962e+00
  -3.4809644e-01   9.8060519e+00   5.2460458e-01
  -6.8447282e-01   7.3796423e+00   7.8216592e-01
  -7.9447984e-01   9.7932160e+00   3.5584042e-02
  -8.8993321e-02   8.7176463e+00   1.0713980e+00
   1.8454892e-01   1.0474761e+01   9.8389189e-01
  -7.5117916e-01   1.0113297e+01   2.3908925e-02
  -8.2010972e-01   1.0698434e+01  -1.4776097e-01
  -6.2475232e-01   8.1549781e+00   6.1030635e-01
  -1.7452841e-02   1.0840900e+01   6.9829865e-01
  -6.5426396e-01   4.1982333e+00   2.4664434e+00
   2.0786322e-01   6.8699842e+00   2.0748656e+00
   1.0134578e+00   1.0370404e+01   1.9302640e+00
   1.0640485e-01   6.8480817e+00   1.9555275e+00
   9.0622602e-01   9.7536827e+00   1.9499015e+00
   7.6756368e-01   7.9589120e+00   2.3322459e+00
   6.2405592e-01   8.7458369e+00   1.8950395e+00
  -9.9493647e-01   5.8166001e+00   1.0305443e+00
  -2.3443650e-01   7.4787028e+00   1.2852214e+00
  -1.3550215e+00   6.3992036e+00   3.3824298e-01
   3.1497314e-01   8.6607891e+00   1.5564598e+00
  -4.3231666e-01   6.9695832e+00   1.2347407e+00
  -1.4655146e-01   1.0565732e+01   6.0407269e-01
  -1.5217405e+00   6.2096648e+00   2.1210297e-01
  -9.4620573e-03   8.5821806e+00   1.2007333e+00
  -1.0178653e+00   6.3943615e+00   7.4860464e-01
   1.0845122e+00   1.0169205e+01   2.0556152e+00
  -5.1032883e-01   4.1063499e+00   2.7553489e+00
   1.0568168e+00   1.0047220e+01   2.0522076e+00
   1.8667485e-01   5.0507312e+00   3.0830755e+00
   7.2960569e-01   8.6599662e+00   2.0465907e+00
  -1.3439836e+00   3.5604306e+00   1.9369958e+00
   1.4057423e-01   7.8124765e+00   1.6197026e+00
  -2.1280241e+00   3.2551446e+00   1.0372977e+00
   5.2710780e-01   9.0170926e+00   1.7031704e+00
  -1.0241373e+00   4.2850615e+00   1.8669923e+00
   1.4646474e-01   1.0602648e+01   9.1865688e-01
  -1.9374224e+00   3.8160312e+00   9.1338233e-01
   1.9005723e-01   8.1500793e+00   1.5657238e+00
  -1.2100185e+00   4.1439892e+00   1.7013090e+00
   1.1159488e+00   9.5476817e+00   2.2456824e+00
   1.7330544e+00   1.0823681e+01   2.6496860e+00
   6.9387419e-01   8.9413564e+00   1.9197713e+00
  -1.1669620e-01   9.0684652e+00   9.4899381e-01
   1.6857472e-01   7.9363700e+00   1.6108164e+00
  -5.6305603e-01   8.7882093e+00   5.1213716e-01
   5.4650270e-01   9.1319545e+00   1.6943704e+00
   4.9129125e-01   1.0356877e+01   1.3467296e+00
  -1.9716297e-01   1.0427555e+01   5.7298826e-01
  -6.5323247e-01   9.7699810e+00   1.9511523e-01
   2.5622600e-01   8.6848372e+00   1.4808001e+00
  -4.9555229e-02   9.5032766e+00   9.2217659e-01
   1.2726893e+00   9.6053908e+00   2.4135066e+00
   3.3157135e-02   9.1730943e+00   1.0936747e+00
   4.8320660e-01   8.3096578e+00   1.8639252e+00
  -5.3973373e-01   9.4359941e+00   3.8888261e-01
   9.0887370e-01   9.5376144e+00   2.0074658e+00
   4.8291383e-01   1.0166846e+01   1.3760917e+00
   3.0146704e-01   1.1387764e+01   9.5811789e-01
  -6.3869630e-01   9.6812599e+00   2.2862987e-01
   4.5829900e-01   8.8777041e+00   1.6618681e+00
  -7.7087377e-04   9.8786668e+00   8.9550708e-01
  -7.3346223e-01   7.0156642e+00   8.5235240e-01
  -9.1391274e-01   7.8090664e+00   3.7737561e-01
  -4.7668786e-01   7.8512616e+00   8.7320041e-01
   3.2329212e-01   9.2125922e+00   1.4155308e+00
  -8.6205858e-01   9.4567682e+00   2.7710853e-02
  -8.0287352e-01   8.0815739e+00   4.2622733e-01
  -9.1506878e-01   7.4877517e+00   4.7514793e-01
  -3.2374320e-01   8.6569299e+00   8.1810276e-01
  -1.1127254e+00   7.6771248e+00   1.8728338e-01
  -2.0409882e-01   8.2808249e+00   1.0612946e+00
  -1.6328572e+00   8.8377709e+00  -6.9114696e-01
  -1.2379633e+00   7.8311767e+00  -1.0716157e-03
  -1.4727890e+00   7.1356210e+00  -6.1183079e-02
  -6.1188502e-01   7.8311025e+00   7.2133462e-01
  -1.1754540e+00   1.0047080e+01  -4.2501893e-01
  -9.3116622e-01   9.7141961e+00  -9.9018462e-02
  -8.0406630e-01   7.9068214e+00   4.7534315e-01
  -5.6184591e-01   8.6644418e+00   5.4466856e-01
  -1.8507731e+00   7.1920770e+00  -5.1382698e-01
  -1.0929140e+00   9.7352596e+00  -2.7964666e-01
