  -4.0867742e-01   6.0909727e+00   1.6472071e+00
   1.4957355e-01   1.0154139e+01   1.0067795e+00
  -1.3633578e+00   3.5530076e+00   1.9141957e+00
   7.2264236e-01   1.1167654e+01   1.4533101e+00
   2.9020273e-01   1.0676979e+01   1.0634171e+00
   1.6837623e-01   1.0893137e+01   8.9231927e-01
   1.8931696e-01   9.1023554e+00   1.2899815e+00
   1.3127279e+00   1.1609302e+01   2.0284859e+00
  -7.4273523e-02   7.5321627e+00   1.4593952e+00
  -6.6529002e-01   9.4802473e+00   2.4024397e-01
  -4.4582914e-01   6.8803492e+00   1.2533025e+00
  -7.2864771e-01   9.0185169e+00   2.7085348e-01
  -1.4174171e-02   8.2914145e+00   1.2801948e+00
   7.9628256e-02   1.0104391e+01   9.3900023e-01
  -1.4685144e-01   1.0104960e+01   6.8811404e-01
  -1.0857335e+00   1.0335133e+01  -3.7625562e-01
  -4.0894220e-01   7.3011763e+00   1.1387174e+00
   2.4673940e-01   1.0796102e+01   9.9464333e-01
  -5.0432784e-01   4.1083804e+00   2.7628785e+00
   8.9518500e-02   6.7504323e+00   1.9774743e+00
   1.1731040e+00   1.1284386e+01   1.9301406e+00
  -7.6720938e-01   6.2178338e+00   1.1334192e+00
   9.8762108e-01   9.8841759e+00   2.0116614e+00
   3.5290737e-01   7.5041515e+00   1.9927352e+00
   7.4584162e-01   7.9816891e+00   2.2969546e+00
  -1.2724634e+00   5.5855744e+00   7.8984682e-01
   9.9204949e-02   7.0932666e+00   1.8419373e+00
  -1.1885718e+00   6.2928723e+00   5.8181911e-01
   5.0953049e-01   8.4665400e+00   1.8450563e+00
  -5.5498886e-01   6.5613499e+00   1.2492231e+00
   3.7366398e-01   1.0589443e+01   1.1714392e+00
  -1.7757591e+00   6.1052113e+00  -5.1258548e-02
   5.6850672e-01   8.0195324e+00   2.0657987e+00
  -6.8140848e-01   6.1686271e+00   1.2632166e+00
   1.2094730e+00   1.1041657e+01   2.0150051e+00
  -1.1991943e+00   3.7581684e+00   1.9971999e+00
   1.0957841e+00   1.0239434e+01   2.0525301e+00
  -2.0647030e-01   4.6196881e+00   2.8149949e+00
   6.9185865e-01   7.8933162e+00   2.2632653e+00
  -1.5413972e+00   3.5400174e+00   1.6637649e+00
   3.8755251e-01   7.7473195e+00   1.9432305e+00
  -1.7919818e+00   3.3718847e+00   1.4288587e+00
   5.2612843e-01   8.6773370e+00   1.7998952e+00
  -1.1050991e+00   4.3160629e+00   1.7317374e+00
   4.7445080e-01   1.0631912e+01   1.2750096e+00
  -2.0193892e+00   3.8831799e+00   7.5905560e-01
   6.2318152e-01   7.4792984e+00   2.3402799e+00
  -8.1078549e-01   4.2668141e+00   2.1857601e+00
   1.0211879e+00   9.5274976e+00   2.1405723e+00
   1.2840482e+00   1.0458726e+01   2.2179810e+00
   7.7704675e-01   8.1693220e+00   2.2672172e+00
  -4.4526513e-01   9.1546712e+00   5.5707020e-01
   3.7224667e-01   7.3456307e+00   2.0799151e+00
  -3.6886250e-01   9.2558922e+00   6.1957440e-01
   6.7728460e-01   8.8176052e+00   1.9365089e+00
   3.6052484e-01   9.8508913e+00   1.3062972e+00
   4.7308516e-01   1.0288315e+01   1.3401770e+00
  -9.2603634e-01   9.4162331e+00  -3.4517888e-02
   6.0068561e-01   7.9789329e+00   2.1196560e+00
   2.5651192e-01   9.4256217e+00   1.2864390e+00
   1.2342638e+00   8.6664380e+00   2.6530118e+00
  -2.1806200e-01   9.1798775e+00   8.0708892e-01
   6.0631507e-01   7.7222144e+00   2.2224190e+00
  -4.7021648e-01   9.2156842e+00   5.1508068e-01
   1.1862207e+00   9.1479953e+00   2.4415309e+00
   3.6778114e-01   9.3318731e+00   1.4364245e+00
   1.0219116e+00   1.1214956e+01   1.7750531e+00
  -8.7872688e-01   8.9870898e+00   1.1043135e-01
   8.5190480e-01   8.1073112e+00   2.3814379e+00
   3.3606931e-01   9.6878257e+00   1.3152796e+00
  -4.9605635e-01   6.5357747e+00   1.3334130e+00
  -6.0086429e-01   8.1774948e+00   6.3142372e-01
  -5.6881519e-01   7.3999346e+00   9.1257430e-01
   1.9339943e-01   9.0270680e+00   1.3141916e+00
  -6.0872643e-01   9.1881458e+00   3.6634805e-01
  -9.9312856e-01   8.5624235e+00   8.2903054e-02
  -4.0839023e-01   6.8044805e+00   1.3299004e+00
   3.0672087e-02   8.2605074e+00   1.3423081e+00
  -8.7083884e-01   7.4947354e+00   5.2464193e-01
  -2.6130818e-01   7.8487641e+00   1.1275972e+00
  -1.2429701e+00   8.8372466e+00  -2.6074379e-01
  -1.4022154e+00   7.7988870e+00  -1.7908498e-01
  -1.0920142e+00   6.5167137e+00   6.0950358e-01
  -3.5094619e-01   7.5484542e+00   1.1212054e+00
  -2.7569612e-01   9.8250226e+00   6.0095909e-01
  -9.2694766e-01   8.8109223e+00   9.7278673e-02
  -3.0592038e-01   7.3250816e+00   1.2543138e+00
  -2.3466196e-01   8.4470313e+00   9.7793116e-01
  -1.6129692e+00   6.5078948e+00  -1.0039918e-02
  -7.7463768e-01   9.9716982e+00   2.3913255e-02
