  -4.3025953e+00  -1.5528084e+00   2.8405855e+00
  -1.9379830e+00   1.6509748e+00   2.8245703e+00
  -4.4488622e+00  -1.5968335e+00   2.6073942e+00
  -1.9209316e+00   1.8634759e+00   2.6103435e+00
  -3.5983296e+00  -5.4608251e-01   2.6623431e+00
  -2.4319218e+00   1.0271648e+00   2.6986693e+00
  -3.9187922e+00  -1.2018167e+00   3.0587363e+00
  -1.6717421e+00   1.8098882e+00   3.1123724e+00
  -3.4376956e+00   1.4058249e-01   2.0109672e+00
  -3.3363250e+00   2.7818075e-01   2.0170904e+00
  -3.8244513e+00   1.4923051e-01   1.3341781e+00
  -3.8257067e+00   7.4825511e-02   1.4192148e+00
  -3.7026424e+00  -4.6532024e-01   2.3411046e+00
  -2.7779817e+00   8.0674670e-01   2.3507011e+00
  -3.8894521e+00  -5.3881327e-02   1.4649622e+00
  -3.5822022e+00   3.9201587e-01   1.4584570e+00
  -3.8055257e+00  -1.9425741e-01   1.7854625e+00
  -3.0671094e+00   8.7210929e-01   1.7744735e+00
  -3.4580897e+00  -5.9424236e-01   3.0213514e+00
  -2.3375731e+00   9.0958899e-01   3.0273928e+00
  -2.5293279e+00   4.8430595e-01   3.2525351e+00
  -3.1960023e+00  -4.3233126e-01   3.3076230e+00
  -2.8215926e+00  -3.3625484e-02   3.4501846e+00
  -2.3100749e+00   6.0902005e-01   3.5098434e+00
  -2.3819871e+00   1.2613084e+00   2.5012255e+00
  -3.9537793e+00  -9.2285322e-01   2.5321853e+00
  -3.0920397e+00   8.5621692e-01   1.7505928e+00
  -3.9244016e+00  -3.9953882e-01   1.8405572e+00
  -3.2034025e+00   3.5781234e-02   2.5819211e+00
  -3.2191653e+00   3.1952860e-03   2.5976509e+00
  -3.0347496e+00   8.6639137e-01   1.8353788e+00
  -4.2463588e+00  -8.3933592e-01   1.8506576e+00
  -3.0195083e+00   6.2458097e-01   2.1470527e+00
  -3.6968205e+00  -3.3294666e-01   2.1664999e+00
  -2.0367529e+00   1.2374119e+00   3.1603166e+00
  -3.6001130e+00  -8.9278889e-01   3.2154907e+00
  -2.4656849e+00   4.5233276e-01   3.4289207e+00
  -2.8221407e+00  -6.8734212e-02   3.5060121e+00
  -1.8933495e+00   1.9508973e+00   2.5611229e+00
  -4.0985117e+00  -1.1482646e+00   2.5949552e+00
  -2.3926327e+00   1.9520472e+00   1.7413987e+00
  -4.7775139e+00  -1.5204253e+00   1.8359818e+00
  -2.7541794e+00   7.4260410e-01   2.4735344e+00
  -3.9847438e+00  -9.4466937e-01   2.5042539e+00
  -2.4784222e+00   1.6980252e+00   1.8572501e+00
  -4.5175066e+00  -1.2201157e+00   1.8865749e+00
  -2.5926890e+00   1.1046196e+00   2.3175978e+00
  -3.7213767e+00  -4.8837960e-01   2.3384418e+00
  -3.2277771e+00  -7.5954734e-01   3.8086903e+00
  -1.9367487e+00   8.9844387e-01   3.8402866e+00
  -2.5777709e+00   9.4948797e-01   2.5320645e+00
  -3.4797422e+00  -2.9333902e-01   2.5207636e+00
  -2.9849137e+00   9.1099950e-01   1.8687804e+00
  -3.7927421e+00  -3.0221790e-01   1.9492244e+00
  -3.2925761e+00  -2.1119139e-01   2.7649632e+00
  -2.7885461e+00   4.5996849e-01   2.7823312e+00
  -3.4453175e+00   3.5309482e-01   1.7354994e+00
  -3.7759850e+00  -1.1993349e-01   1.7429488e+00
  -3.1036882e+00   3.4132425e-01   2.3544707e+00
  -3.2416524e+00   1.5328555e-01   2.3496546e+00
  -2.1106543e+00   1.3029549e+00   2.9381317e+00
  -3.7382057e+00  -9.0660725e-01   2.9456836e+00
  -2.7679440e+00   1.0504497e+00   2.0780534e+00
  -3.9249973e+00  -6.3367302e-01   2.1600466e+00
  -2.8769157e+00   2.5043754e-01   2.9062894e+00
  -2.9769257e+00   1.2096228e-01   2.8977579e+00
  -2.8590471e+00   8.8641094e-01   2.1123799e+00
  -3.8408117e+00  -4.8582047e-01   2.1101541e+00
  -2.9696947e+00   3.6646076e-01   2.5684355e+00
  -3.3034409e+00  -7.9770727e-02   2.5538511e+00
  -3.7171425e+00   3.8316046e-01   1.2455174e+00
  -3.8050256e+00   2.0991945e-01   1.2965343e+00
  -4.0052895e+00  -7.6559820e-01   2.1970776e+00
  -2.5835260e+00   1.2401808e+00   2.1762755e+00
  -3.7744851e+00   7.7606563e-02   1.5026663e+00
  -3.5678217e+00   3.6054541e-01   1.5187917e+00
  -4.0064374e+00  -3.8488498e-01   1.6751274e+00
  -3.0344686e+00   9.8747630e-01   1.7004530e+00
  -4.4268561e+00  -9.4028810e-01   1.6601243e+00
  -2.8128813e+00   1.3567911e+00   1.6679120e+00
  -4.5949617e+00  -5.2547455e-01   8.4546934e-01
  -3.7581351e+00   7.0985132e-01   8.3257937e-01
  -4.4806862e+00  -6.7981266e-01   1.2245253e+00
  -3.2230793e+00   1.1646413e+00   1.2099769e+00
  -3.8085122e+00   3.4620273e-01   1.1375584e+00
  -3.6401346e+00   5.7984484e-01   1.1551130e+00
  -3.9983485e+00  -2.7823190e-01   1.5536582e+00
  -3.5338087e+00   3.5730455e-01   1.5798709e+00
  -4.9054142e+00  -1.0231571e+00   9.3100377e-01
  -3.4817101e+00   1.0369960e+00   9.3386348e-01
