  -6.9263772e-01   6.2020840e+00   1.2339401e+00
   9.3720639e-02   8.9965131e+00   1.2076130e+00
  -1.5010729e+00   3.7186194e+00   1.5892511e+00
   2.1322892e-01   9.5268792e+00   1.2133493e+00
   1.2135786e-01   9.1525446e+00   1.1994125e+00
   3.9126626e-01   8.9357822e+00   1.5675362e+00
  -3.6038049e-01   6.7323512e+00   1.4191161e+00
   1.2794780e+00   1.0862888e+01   2.1281020e+00
  -1.7426136e-01   8.4118963e+00   1.0579047e+00
  -1.1099596e+00   8.0737261e+00   7.7473251e-02
  -7.6759987e-01   6.5457913e+00   9.9323164e-01
  -2.9024186e-01   8.9267554e+00   7.8695241e-01
  -3.6452732e-01   8.1507301e+00   9.1292534e-01
  -1.0351825e+00   8.8527468e+00  -3.3290102e-02
  -8.0461667e-01   8.2075545e+00   3.8908933e-01
  -7.1475163e-01   9.2582782e+00   2.3267125e-01
  -7.4535636e-01   7.5927182e+00   6.4016411e-01
  -1.0793267e+00   9.0544177e+00  -1.2744279e-01
  -7.7207618e-01   4.0528468e+00   2.4026503e+00
  -4.4452644e-01   5.8066428e+00   1.7433899e+00
   7.9373272e-01   9.6266744e+00   1.8519063e+00
  -6.9106426e-01   5.1825050e+00   1.7586186e+00
   6.0042318e-01   7.5635638e+00   2.2774697e+00
   2.0124424e-01   6.3682724e+00   2.3046558e+00
   6.7223306e-01   8.6983461e+00   1.9664945e+00
  -1.8246580e+00   4.0579111e+00   9.1072516e-01
  -1.2116250e-01   6.9119988e+00   1.6419995e+00
  -9.8936088e-01   5.0778955e+00   1.4193080e+00
   2.3011068e-02   8.3141612e+00   1.3169582e+00
  -1.8535246e+00   4.6915778e+00   5.0365276e-01
  -3.0464269e-01   8.7602107e+00   8.1289640e-01
  -1.5357667e+00   5.1420706e+00   6.7452779e-01
  -4.2716237e-02   7.9779570e+00   1.3447474e+00
  -2.0748046e+00   4.6604982e+00   2.3762508e-01
   1.0162827e+00   1.0026557e+01   2.0106760e+00
  -1.3861331e+00   3.0097984e+00   2.3364055e+00
   7.0190799e-01   8.0780224e+00   2.2078761e+00
  -4.1766562e-01   4.0480064e+00   2.9462644e+00
   7.7551620e-01   9.1574585e+00   1.9542418e+00
  -2.2903088e+00   2.4043890e+00   1.4817886e+00
   8.6797008e-02   7.5193572e+00   1.6597968e+00
  -1.7071008e+00   2.9031018e+00   1.9335522e+00
   3.1102086e-01   9.3020108e+00   1.3788959e+00
  -2.7241391e+00   2.2666966e+00   9.5417526e-01
   3.3414505e-02   9.2757573e+00   1.0689417e+00
  -2.0373637e+00   3.0609070e+00   1.3129242e+00
   1.1466817e-01   7.8495360e+00   1.5756852e+00
  -2.3932112e+00   2.7150648e+00   1.0700686e+00
   5.6829670e-01   7.3600595e+00   2.3205614e+00
   1.0391144e+00   8.6067441e+00   2.4357489e+00
   6.8659553e-01   8.9029021e+00   1.9223738e+00
  -7.6229627e-01   7.4095010e+00   6.8010168e-01
   6.3037723e-02   7.2332666e+00   1.7403092e+00
  -1.0218880e-01   8.0431657e+00   1.2534154e+00
   2.2292135e-01   8.6817032e+00   1.4428310e+00
  -8.5733277e-01   8.1974938e+00   3.3160564e-01
  -2.7021421e-01   8.5220966e+00   9.1597852e-01
  -6.5763182e-01   7.8878941e+00   6.5070581e-01
   2.5022418e-01   8.1004604e+00   1.6537346e+00
  -9.3738578e-01   8.0116542e+00   2.9168276e-01
   1.0614938e+00   9.5513188e+00   2.1812077e+00
  -9.2322542e-01   7.2202069e+00   5.5392079e-01
   2.5748854e-01   7.5849321e+00   1.8442044e+00
  -1.2778009e-01   8.1628063e+00   1.1860101e+00
   4.7652370e-01   8.7864692e+00   1.7093227e+00
  -9.8407911e-01   7.9007036e+00   2.6976098e-01
   2.3081525e-01   9.2634900e+00   1.2967698e+00
  -6.7832817e-01   7.7300335e+00   6.7514319e-01
   3.5627404e-01   8.2183589e+00   1.7418376e+00
  -1.0706535e+00   7.8306531e+00   1.9058080e-01
  -9.1236176e-01   6.3702814e+00   8.8786926e-01
  -6.1742577e-01   6.6713875e+00   1.1265189e+00
  -6.7575568e-01   7.5930083e+00   7.2174221e-01
  -1.1899191e+00   6.5255694e+00   4.8791396e-01
  -1.1239295e+00   7.6463933e+00   1.8355505e-01
  -9.3575654e-01   6.8828566e+00   6.5847691e-01
  -9.2427642e-01   7.0851052e+00   5.9941903e-01
  -1.5140424e+00   6.4760303e+00   1.1898836e-01
  -1.3817783e+00   7.3440594e+00  -2.1750866e-02
  -1.6331156e+00   6.0989128e+00   1.2221186e-01
  -1.8041716e+00   7.2784451e+00  -4.8658834e-01
  -1.3342700e+00   6.4750728e+00   3.3392860e-01
  -1.7033329e+00   6.6199417e+00  -1.5654416e-01
  -1.8878503e+00   5.8514196e+00  -8.4072299e-02
  -9.3823260e-01   8.3100085e+00   2.0930057e-01
  -8.4126163e-01   7.5348429e+00   5.4638789e-01
  -9.8070264e-01   7.3571144e+00   4.4061081e-01
  -1.6354017e+00   6.9913930e+00  -2.0302615e-01
  -2.0106083e+00   6.6514671e+00  -5.2530074e-01
  -2.0599555e+00   7.8396279e+00  -9.2986538e-01
