  -3.3450663e+00  -1.3258662e-01   2.5491481e+00
  -1.0712151e+00   3.1529624e+00   2.7053081e+00
  -3.7706582e+00  -2.9236169e-01   1.9761471e+00
  -1.7997033e+00   3.0340787e+00   1.6832603e+00
  -2.3248511e+00   2.0418986e+00   1.7616207e+00
  -2.5938679e+00   1.6648263e+00   1.7051054e+00
  -2.6874339e+00   1.0936468e+00   2.1662948e+00
  -1.5906916e+00   2.7232326e+00   2.2770136e+00
  -2.8159295e+00   1.1172097e+00   1.9211960e+00
  -2.3272693e+00   2.0845045e+00   1.7171002e+00
  -2.9121129e+00   1.2260353e+00   1.6440812e+00
  -2.5632062e+00   1.7600910e+00   1.6590863e+00
  -2.9762549e+00   1.1721567e+00   1.5967529e+00
  -2.4747064e+00   2.1522585e+00   1.4263215e+00
  -2.8957630e+00   2.1557412e+00   7.9634409e-01
  -3.5702387e+00   1.3293862e+00   5.2413956e-01
  -2.9538415e+00   1.7894797e+00   1.0281675e+00
  -3.0478036e+00   1.8816487e+00   8.0669498e-01
  -2.7291808e+00   8.2448642e-01   2.4158306e+00
  -2.6843014e+00   1.0499129e+00   2.2226813e+00
  -1.2732402e+00   3.2015087e+00   2.3419628e+00
  -3.7697895e+00  -5.6730265e-01   2.3596769e+00
  -1.7389100e+00   2.1492100e+00   2.6088230e+00
  -2.4872163e+00   9.3519267e-01   2.7145413e+00
  -1.7801564e+00   2.1718684e+00   2.5154183e+00
  -3.2433203e+00   1.0212503e-01   2.4153926e+00
  -2.2633691e+00   1.9430063e+00   1.9566985e+00
  -3.0904191e+00   6.4152366e-01   2.0026103e+00
  -2.4300408e+00   1.7696854e+00   1.8625176e+00
  -3.3510751e+00   4.0783772e-01   1.8320458e+00
  -2.2196405e+00   3.0236324e+00   1.0796588e+00
  -4.5206596e+00  -5.8957337e-01   1.0454219e+00
  -2.0243869e+00   2.6290513e+00   1.6883823e+00
  -3.9667548e+00  -2.3590634e-01   1.5555604e+00
  -8.4083607e-01   3.9961769e+00   2.3440400e+00
  -4.2066563e+00  -1.2144288e+00   2.4816176e+00
  -1.2604735e+00   3.0169153e+00   2.5288485e+00
  -3.2644969e+00  -1.8964952e-01   2.7883608e+00
  -1.5563548e+00   2.7372446e+00   2.3184759e+00
  -3.4589908e+00  -1.9412463e-01   2.4192888e+00
  -1.6385791e+00   2.9715811e+00   1.9790133e+00
  -3.9527131e+00  -7.2718208e-01   2.2416138e+00
  -1.9311545e+00   2.6557081e+00   1.8073084e+00
  -4.2862964e+00  -9.3117965e-01   1.9053610e+00
  -1.6146319e+00   4.0173347e+00   1.2229080e+00
  -4.9229187e+00  -1.3347990e+00   1.3062699e+00
  -1.7227913e+00   3.0107528e+00   1.8178404e+00
  -4.1426164e+00  -7.1162710e-01   1.8648435e+00
  -2.0871543e+00   1.5431964e+00   2.6875496e+00
  -1.9349302e+00   1.7356453e+00   2.7309694e+00
  -2.1261432e+00   1.7322187e+00   2.4049399e+00
  -2.3141185e+00   1.6477588e+00   2.1801936e+00
  -2.4657320e+00   1.5679196e+00   2.0136775e+00
  -2.2471489e+00   1.9242565e+00   2.0017798e+00
  -2.3518035e+00   1.6400159e+00   2.1256749e+00
  -2.5403453e+00   1.5907696e+00   1.8672122e+00
  -2.4322653e+00   2.5416110e+00   1.1535829e+00
  -3.6780030e+00   7.5005935e-01   9.1666148e-01
  -2.3604922e+00   2.1757220e+00   1.5801529e+00
  -3.0703390e+00   1.3230039e+00   1.2915815e+00
  -1.6715888e+00   2.1981200e+00   2.6704451e+00
  -2.6972341e+00   8.9480575e-01   2.3860270e+00
  -2.0853850e+00   1.8854136e+00   2.3079608e+00
  -2.5273884e+00   1.2233611e+00   2.2920607e+00
  -1.9770961e+00   2.0122423e+00   2.3544724e+00
  -2.6970578e+00   1.1703028e+00   2.0622118e+00
  -1.9317552e+00   3.0748721e+00   1.4555636e+00
  -3.9309420e+00   1.4500925e-01   1.1627509e+00
  -2.0545091e+00   2.3208903e+00   1.9217961e+00
  -3.2193566e+00   8.3675658e-01   1.5607742e+00
  -2.9939339e+00   1.2893411e+00   1.4464770e+00
  -2.8723331e+00   1.3713864e+00   1.5569900e+00
  -3.2918727e+00   9.2378772e-01   1.3488815e+00
  -2.6330081e+00   1.8947124e+00   1.4204302e+00
  -3.2101044e+00   1.9481742e+00   5.1403625e-01
  -3.7377073e+00   9.8369579e-01   5.9457009e-01
  -3.1167396e+00   1.5806266e+00   9.7307483e-01
  -3.3068761e+00   1.2627980e+00   9.8306314e-01
  -3.6035636e+00   8.2174780e-01   9.6004423e-01
  -2.8312841e+00   1.9814231e+00   1.0406511e+00
  -3.6992949e+00   1.7603489e+00  -2.6863778e-02
  -3.9676338e+00   1.1662209e+00   8.8933706e-02
  -3.6007848e+00   1.3341956e+00   4.7473961e-01
  -3.4931371e+00   1.4774459e+00   5.0552430e-01
  -2.6119014e+00   2.6811361e+00   7.8329967e-01
  -3.7496769e+00   8.5262181e-01   7.0310120e-01
  -2.9484582e+00   1.8647854e+00   9.6882644e-01
  -3.8122825e+00   6.2861338e-01   8.3107068e-01
  -4.1227397e+00   1.0197954e+00  -5.9570064e-03
  -3.9368486e+00   1.3049842e+00   1.3232432e-02
