  -2.1547357e+00   2.3152706e+00   1.7701527e+00
  -1.7253356e-01   6.0160061e+00   1.9923059e+00
  -2.7327923e+00   9.3248885e-01   2.2775199e+00
   5.7499541e-01   6.7347550e+00   2.6143260e+00
  -9.9426161e-01   5.0445518e+00   1.4317199e+00
  -6.3233252e-01   5.0322819e+00   1.9280868e+00
  -1.7084400e+00   2.9776480e+00   1.8674927e+00
   3.1752762e-01   6.7341826e+00   2.2779920e+00
  -1.5489943e+00   3.4828813e+00   1.6962565e+00
  -7.2170392e-01   5.3844930e+00   1.6035157e+00
  -1.5640981e+00   3.1426874e+00   1.9466203e+00
  -2.2822383e-01   5.6803711e+00   2.0984614e+00
  -1.6859301e+00   4.3735303e+00   9.0285432e-01
  -1.7663926e+00   5.0501570e+00   4.2840853e-01
  -2.0022562e+00   3.5846270e+00   9.7967518e-01
  -1.0898194e+00   5.6456011e+00   9.9198207e-01
  -1.6775164e+00   4.3801289e+00   9.1010156e-01
  -1.5761654e+00   5.0248608e+00   6.8314299e-01
  -1.8653507e+00   1.6153623e+00   2.9978410e+00
  -4.3925033e-01   3.7195995e+00   3.2007037e+00
  -1.0223341e-01   5.7569676e+00   2.2254370e+00
  -1.8279329e+00   2.2217234e+00   2.3843273e+00
  -7.1474195e-01   4.0741645e+00   2.4717658e+00
  -7.3677079e-01   3.8169169e+00   2.6454590e+00
  -4.9609187e-01   4.3752055e+00   2.5674557e+00
  -1.8266408e+00   2.1861948e+00   2.4230362e+00
  -8.9344102e-01   3.6729806e+00   2.5246629e+00
  -1.1717864e+00   3.0401789e+00   2.6492761e+00
  -1.1462918e+00   4.8210250e+00   1.3579905e+00
  -2.7192192e+00   2.1889580e+00   1.0270944e+00
  -1.3780357e+00   4.2481600e+00   1.3973758e+00
  -2.0143319e+00   2.8919356e+00   1.4813230e+00
  -1.0285701e+00   4.9044445e+00   1.4668699e+00
  -2.6928292e+00   2.0696630e+00   1.1700584e+00
   2.5541887e-01   6.7321681e+00   2.1986248e+00
  -2.6055398e+00   7.9877359e-01   2.6727906e+00
  -2.9552533e-01   5.0204635e+00   2.4050545e+00
  -1.5606726e+00   2.0503516e+00   3.0270053e+00
  -1.4970164e-01   5.1445932e+00   2.5305514e+00
  -2.3829462e+00   1.0290243e+00   2.7859024e+00
  -4.8500380e-01   4.5861468e+00   2.4297647e+00
  -1.9979881e+00   1.4551310e+00   2.9538907e+00
  -7.8291263e-01   5.8168525e+00   1.3000198e+00
  -3.7012670e+00   3.8061396e-01   1.2743805e+00
  -9.1498506e-01   5.1451857e+00   1.4801613e+00
  -2.5685941e+00   1.5465320e+00   1.8672237e+00
  -7.0561374e-01   5.1874829e+00   1.7361207e+00
  -2.9534747e+00   1.0879147e+00   1.7244923e+00
  -8.3756579e-01   3.6311368e+00   2.6465552e+00
   3.3163921e-02   5.3086623e+00   2.6834482e+00
  -7.0285494e-01   4.1198536e+00   2.4541490e+00
  -6.3170828e-01   4.6560599e+00   2.1707401e+00
  -7.9024869e-01   3.6708847e+00   2.6861078e+00
  -6.3332106e-02   5.1775107e+00   2.6318516e+00
  -1.1189628e+00   4.7996854e+00   1.4072340e+00
  -1.7410759e+00   4.5202490e+00   7.4444725e-01
  -1.4814059e+00   4.0268306e+00   1.4009251e+00
  -1.1274901e+00   4.8840392e+00   1.3463793e+00
  -9.0242139e-01   4.7812914e+00   1.7122003e+00
  -1.5122788e+00   4.3589638e+00   1.1442338e+00
  -3.6749572e-01   4.5741676e+00   2.6101293e+00
  -8.6496766e-01   3.9956774e+00   2.3085458e+00
  -6.8069448e-01   3.7947900e+00   2.7508250e+00
  -2.5389242e-01   4.7367667e+00   2.6593442e+00
  -7.9324882e-01   5.1678948e+00   1.6297012e+00
  -1.9232868e+00   3.9088429e+00   8.7234319e-01
  -1.0200883e+00   4.5181935e+00   1.7167949e+00
  -1.2761169e+00   4.2295004e+00   1.5507388e+00
  -7.5622715e-01   4.9407246e+00   1.8142598e+00
  -1.7624818e+00   3.8328479e+00   1.1421081e+00
  -1.7837938e+00   2.9130025e+00   1.8083985e+00
  -6.4041336e-01   4.5029177e+00   2.2637824e+00
  -1.9327788e+00   4.1207233e+00   7.2706564e-01
  -2.0825639e+00   3.7300677e+00   7.7241058e-01
  -2.1890405e+00   3.4145240e+00   8.3906660e-01
  -1.4564709e+00   4.2248278e+00   1.3047368e+00
  -1.9313551e+00   4.0230087e+00   7.8920267e-01
  -2.0839661e+00   3.5721728e+00   8.7561620e-01
  -2.4453182e+00   4.0703371e+00   8.6335642e-02
  -2.5306743e+00   3.5624647e+00   2.7934456e-01
  -2.8220956e+00   3.1005543e+00   1.9147462e-01
  -1.7626837e+00   4.3349756e+00   8.2394101e-01
  -2.6546054e+00   3.6477782e+00   6.3416811e-02
  -2.3814969e+00   3.6888900e+00   3.9770588e-01
  -2.0049181e+00   3.8941243e+00   7.7157266e-01
  -1.3839157e+00   4.6698008e+00   1.1294518e+00
  -1.8144818e+00   4.3407517e+00   7.5200762e-01
  -2.3054880e+00   3.3525704e+00   7.2159179e-01
  -2.9194828e+00   3.4551450e+00  -1.6433478e-01
  -2.5550584e+00   4.0784491e+00  -5.8940259e-02
