  -3.9808464e+00  -8.5081457e-01   2.3694434e+00
  -1.6993560e+00   2.6425771e+00   2.1802119e+00
  -3.9551018e+00  -7.3302533e-01   2.2455300e+00
  -1.7889036e+00   2.5014849e+00   2.1712040e+00
  -2.9309774e+00   1.0908289e+00   1.7585117e+00
  -2.6620510e+00   1.3965463e+00   1.8723514e+00
  -3.6134537e+00  -7.3943344e-01   2.9332760e+00
  -1.1916282e+00   2.7659475e+00   2.8853704e+00
  -3.1085167e+00   7.6575956e-01   1.8257701e+00
  -2.8857202e+00   1.2981282e+00   1.6111854e+00
  -3.0185263e+00   1.2013487e+00   1.4977708e+00
  -3.5259569e+00   6.0442504e-01   1.3133093e+00
  -3.2738017e+00   4.1595163e-01   1.9564068e+00
  -2.4153708e+00   1.7655412e+00   1.8904260e+00
  -3.2818305e+00   1.2412590e+00   1.0425362e+00
  -3.5389103e+00   9.7220833e-01   9.0947773e-01
  -3.4000271e+00   4.2411031e-01   1.7285608e+00
  -2.3345326e+00   2.0796983e+00   1.7102806e+00
  -2.9152856e+00   3.6430196e-01   2.6734214e+00
  -2.5698989e+00   8.8745936e-01   2.6242971e+00
  -1.8548607e+00   2.2053404e+00   2.3567174e+00
  -3.6527046e+00  -4.7747157e-01   2.4542917e+00
  -2.5676850e+00   3.8169802e-01   3.3280415e+00
  -2.1274740e+00   1.0827670e+00   3.1942594e+00
  -1.9976956e+00   1.8997693e+00   2.4397634e+00
  -3.7648175e+00  -4.8595189e-01   2.2526313e+00
  -2.3337861e+00   1.8796633e+00   1.9067708e+00
  -3.8637577e+00  -2.7741228e-01   1.7892532e+00
  -2.6679786e+00   9.6342525e-01   2.3542798e+00
  -3.1214949e+00   3.2946959e-01   2.3374518e+00
  -2.6129824e+00   2.0121639e+00   1.3425722e+00
  -4.3558563e+00  -5.8980734e-01   1.3261285e+00
  -2.4563962e+00   1.2521728e+00   2.3816950e+00
  -3.2017924e+00   1.8825667e-01   2.3765020e+00
  -1.4609124e+00   2.8732044e+00   2.3433281e+00
  -3.9550663e+00  -9.3509054e-01   2.5485431e+00
  -2.1083698e+00   1.0494271e+00   3.2764858e+00
  -2.7340047e+00   1.3475172e-01   3.3660544e+00
  -1.6705611e+00   2.5007088e+00   2.3620704e+00
  -3.8750436e+00  -7.0022903e-01   2.3512588e+00
  -1.7192459e+00   2.8486826e+00   1.9624481e+00
  -4.5964838e+00  -1.3930580e+00   1.9913605e+00
  -2.3047654e+00   1.6849859e+00   2.1558526e+00
  -3.9104357e+00  -6.9975397e-01   2.2825768e+00
  -2.1014811e+00   2.8230107e+00   1.4090180e+00
  -4.6067049e+00  -1.1002339e+00   1.5535083e+00
  -2.1003519e+00   1.6821304e+00   2.5047283e+00
  -3.3073839e+00  -1.1676015e-01   2.5988543e+00
  -2.9458307e+00  -2.3222136e-01   3.5108869e+00
  -1.5651421e+00   1.7240154e+00   3.4164143e+00
  -2.2119482e+00   1.6043435e+00   2.4005781e+00
  -2.9353942e+00   7.7095342e-01   2.1170658e+00
  -2.3854354e+00   1.6442750e+00   2.0653520e+00
  -3.2011052e+00   6.3262833e-01   1.8227753e+00
  -2.6782532e+00   7.9562111e-01   2.5439009e+00
  -2.3661360e+00   1.3660412e+00   2.4061176e+00
  -2.7421200e+00   1.6763994e+00   1.4589866e+00
  -3.5742218e+00   5.2884165e-01   1.3176612e+00
  -2.6810714e+00   9.2760877e-01   2.3746136e+00
  -2.4776246e+00   1.3315190e+00   2.2535634e+00
  -1.9090627e+00   1.7993277e+00   2.7031363e+00
  -3.2332766e+00   1.1900377e-01   2.4112229e+00
  -2.0733908e+00   1.9159458e+00   2.2956218e+00
  -3.5048756e+00   4.4134507e-02   2.0145121e+00
  -2.3020871e+00   1.2153519e+00   2.6991499e+00
  -2.6471105e+00   8.3730304e-01   2.5475735e+00
  -2.1822768e+00   2.2259642e+00   1.8105678e+00
  -3.8447086e+00  -1.4075028e-01   1.6488622e+00
  -2.5440666e+00   9.4006717e-01   2.6047015e+00
  -2.5815550e+00   9.7290085e-01   2.4962772e+00
  -3.1023880e+00   1.1268582e+00   1.4404963e+00
  -3.3736692e+00   8.1559359e-01   1.3319610e+00
  -3.6811689e+00   6.4052613e-02   1.6791524e+00
  -2.4056456e+00   1.9257625e+00   1.7463799e+00
  -3.7044411e+00   8.8769602e-01   7.3794968e-01
  -3.5488738e+00   1.0187298e+00   8.4827591e-01
  -3.5272279e+00   2.4322665e-01   1.7267482e+00
  -2.5539695e+00   1.5988228e+00   1.8367046e+00
  -3.9074065e+00   1.0544115e-01   1.2468242e+00
  -2.7193937e+00   1.8060097e+00   1.3703503e+00
  -4.2051567e+00   6.6230756e-01   2.0017771e-01
  -3.7315279e+00   1.2784141e+00   3.3273145e-01
  -4.1279190e+00  -1.0406184e-01   1.1238239e+00
  -2.7728414e+00   1.8591952e+00   1.2388092e+00
  -2.9384390e+00   1.7247100e+00   1.1105354e+00
  -3.5523550e+00   7.5604772e-01   1.1085833e+00
  -3.4419051e+00   3.9670729e-01   1.6895165e+00
  -2.9735260e+00   1.0683480e+00   1.7127007e+00
  -4.6321104e+00  -5.0550897e-01   7.6134887e-01
  -3.0190819e+00   1.8796186e+00   8.5085698e-01
