  -9.2521377e-01   6.4927819e+00   8.2178298e-01
   3.6457920e-02   9.5418810e+00   1.0102600e+00
  -1.6434288e+00   3.8083907e+00   1.3242351e+00
   2.2318940e-02   9.9831373e+00   8.9973179e-01
  -5.7554932e-02   9.8904003e+00   8.2984695e-01
   3.0964066e-01   9.5302886e+00   1.3219076e+00
  -5.6785425e-01   7.9105474e+00   7.4832762e-01
   1.3744027e+00   1.0643227e+01   2.2806054e+00
  -4.4221806e-01   8.5838019e+00   7.0193622e-01
  -1.1732906e+00   8.4540107e+00  -9.2718357e-02
  -5.6417175e-01   7.0876661e+00   1.0296843e+00
   5.3333504e-01   9.2454858e+00   1.6489609e+00
  -5.3923080e-01   8.2251312e+00   6.8893816e-01
  -7.9219642e-01   9.2066702e+00   1.5784726e-01
  -7.5670330e-01   9.3690524e+00   1.6234787e-01
  -9.0379833e-01   9.0572019e+00   6.6742204e-02
  -1.0279557e+00   8.2403759e+00   1.2589061e-01
  -1.2147444e+00   9.3661797e+00  -3.4164463e-01
  -1.0385304e+00   4.0893541e+00   1.9846094e+00
  -5.9891175e-01   6.1905342e+00   1.3573697e+00
   4.8995963e-01   1.0302410e+01   1.3561711e+00
  -8.3969302e-01   5.3749142e+00   1.4530502e+00
   1.8355331e-01   8.5664678e+00   1.4301204e+00
   2.0046172e-01   6.5072037e+00   2.2345535e+00
   4.8379857e-01   8.9240369e+00   1.6785890e+00
  -1.7852326e+00   4.5309505e+00   6.8064514e-01
  -3.9638325e-02   7.2781891e+00   1.5962046e+00
  -1.5997443e-01   6.2508537e+00   1.8907737e+00
  -1.7506635e-01   8.2633043e+00   1.1003341e+00
  -1.4958279e+00   5.4138143e+00   5.9094874e-01
  -2.3713559e-01   9.9448665e+00   6.1964777e-01
  -1.6171528e+00   5.3248983e+00   4.8138376e-01
  -2.4617802e-01   8.6572157e+00   9.0693540e-01
  -2.0861046e+00   5.0255001e+00   4.0244251e-02
   7.5489299e-01   1.0681790e+01   1.5768509e+00
  -1.5006595e+00   2.9640230e+00   2.1984258e+00
   4.5404777e-01   9.0706007e+00   1.6036556e+00
  -4.4772081e-01   3.9629908e+00   2.9712978e+00
   4.6300981e-01   9.1827786e+00   1.5841633e+00
  -2.1340740e+00   2.7300195e+00   1.4374959e+00
   2.9945782e-01   7.9119865e+00   1.7769377e+00
  -8.8182858e-01   3.6396903e+00   2.5706109e+00
   1.6765101e-01   9.1306806e+00   1.2579044e+00
  -2.2851389e+00   2.8017505e+00   1.1576903e+00
   1.9658863e-01   1.0658555e+01   9.6375871e-01
  -2.0684996e+00   3.0727515e+00   1.2587776e+00
  -6.0564781e-02   8.3820883e+00   1.1988835e+00
  -2.4105370e+00   2.8664466e+00   9.2738483e-01
   2.3833913e-01   8.5215252e+00   1.5075778e+00
   1.2033839e+00   9.2424342e+00   2.4339959e+00
   3.1385109e-01   9.0464409e+00   1.4479107e+00
  -6.8136736e-01   8.4037529e+00   4.7671238e-01
   1.1520470e-01   7.6291437e+00   1.6541335e+00
   8.2448214e-01   9.2245402e+00   1.9929265e+00
   4.4202594e-02   8.6922650e+00   1.2321577e+00
  -5.4313616e-01   8.9961390e+00   4.8418429e-01
  -1.7841800e-01   9.7949847e+00   7.1509196e-01
  -7.2496296e-01   8.1987360e+00   4.8275218e-01
  -1.8641253e-01   8.6459333e+00   9.7865121e-01
  -1.1558317e+00   8.5486578e+00  -9.6316586e-02
   7.6193067e-01   9.7292084e+00   1.7902695e+00
  -9.2216005e-01   8.0156178e+00   3.0801410e-01
   4.3178934e-01   7.9690786e+00   1.9173025e+00
   8.3177189e-01   9.0625256e+00   2.0470776e+00
   2.8655208e-01   8.6944641e+00   1.5134599e+00
  -6.2397930e-01   8.6279676e+00   4.8344732e-01
   1.9060311e-01   1.0370902e+01   1.0100865e+00
  -7.7571352e-01   8.2859547e+00   4.0072210e-01
  -5.6911439e-03   8.6825273e+00   1.1771094e+00
  -1.1639401e+00   8.4124353e+00  -7.1883721e-02
  -7.2647566e-01   6.8849057e+00   9.0963238e-01
   1.4714448e-01   7.2299763e+00   1.8459487e+00
  -8.7735697e-01   7.7344959e+00   4.4208460e-01
  -8.4746966e-01   7.2316031e+00   6.3962074e-01
  -1.0589850e+00   8.9931513e+00  -9.1428794e-02
  -9.8134898e-01   7.1602956e+00   5.0572800e-01
  -1.1229060e+00   7.7514739e+00   1.5361301e-01
  -1.5617995e+00   6.8268759e+00  -6.2482720e-02
  -1.4383361e+00   7.1714277e+00  -3.2728986e-02
  -1.2285526e+00   6.6421312e+00   3.9735006e-01
  -1.7117691e+00   8.4410852e+00  -6.8969306e-01
  -1.3898985e+00   6.5046585e+00   2.5616260e-01
  -1.8372451e+00   7.2215386e+00  -5.0727245e-01
  -2.0223712e+00   5.9456520e+00  -2.8272510e-01
  -8.6640142e-01   9.3831723e+00   3.8073616e-02
  -8.3105320e-01   7.8055419e+00   4.7427904e-01
  -1.2390845e+00   7.8924498e+00  -1.9560709e-02
  -1.7384926e+00   7.3517112e+00  -4.3344524e-01
  -2.3329147e+00   7.2182417e+00  -1.0679320e+00
  -2.1572223e+00   8.6201749e+00  -1.2188967e+00
