  -1.4564881e+00   5.1511404e+00   7.7109887e-01
  -1.0908930e+00   6.9123353e+00   4.6270554e-01
  -2.1090097e+00   4.1621358e+00   4.6982471e-01
  -1.8143413e+00   6.8593041e+00  -3.6708026e-01
  -3.8727631e-01   7.7696775e+00   1.0043518e+00
  -8.8158410e-01   6.7748947e+00   7.6403222e-01
  -5.8779425e-01   6.8888663e+00   1.0764247e+00
  -2.2799919e-01   7.2038860e+00   1.3940882e+00
  -1.0795837e+00   4.8226682e+00   1.4465612e+00
  -4.8864676e-01   7.0402728e+00   1.1389208e+00
  -1.4451264e+00   5.5091134e+00   6.0921451e-01
  -2.1506250e+00   6.0653854e+00  -4.8054919e-01
  -1.0235417e+00   5.2827273e+00   1.2616962e+00
  -5.5769240e-01   7.4428918e+00   9.1109022e-01
  -1.4606106e+00   5.7377481e+00   4.8501796e-01
  -1.9423855e+00   6.5109486e+00  -3.9795008e-01
  -1.3653433e+00   5.4542212e+00   7.3579224e-01
  -1.1714076e+00   7.1076825e+00   2.9975195e-01
  -1.2837686e+00   4.7735391e+00   1.2022573e+00
  -2.6321707e+00   3.1204103e+00   4.3488083e-01
   3.2326851e-01   8.4372494e+00   1.6331741e+00
  -2.0086661e+00   3.1520679e+00   1.2840178e+00
  -1.6962828e-01   7.3719743e+00   1.4021899e+00
  -1.0074056e+00   4.7328500e+00   1.5986107e+00
  -2.2097291e-01   5.4685051e+00   2.2299235e+00
  -1.4662266e+00   3.3537035e+00   1.9199655e+00
  -8.0944848e-01   5.7642092e+00   1.2918058e+00
  -2.5069987e+00   3.2251423e+00   5.3343523e-01
  -5.9468452e-01   5.5472190e+00   1.6830040e+00
  -1.4857173e+00   3.9522710e+00   1.4456892e+00
  -1.0136150e+00   6.5064827e+00   7.0859850e-01
  -2.8875872e+00   3.0905453e+00   1.1037738e-01
  -6.6406753e-01   6.0778941e+00   1.3269417e+00
  -2.1958809e+00   3.3257879e+00   8.9169781e-01
   5.7547269e-01   9.1284075e+00   1.7289770e+00
  -2.6337883e+00   1.4850347e+00   1.8251269e+00
   3.5662599e-01   8.5700785e+00   1.6321859e+00
  -1.8900180e+00   2.3587380e+00   2.1468891e+00
  -1.3674620e-01   5.8283263e+00   2.1395511e+00
  -1.8274306e+00   2.2154253e+00   2.3916108e+00
  -3.7088684e-01   6.7950052e+00   1.3801337e+00
  -3.3904545e+00   1.0768424e+00   1.0359515e+00
  -4.3648140e-01   6.1426020e+00   1.5866118e+00
  -2.2072124e+00   2.2592751e+00   1.7404241e+00
  -6.7292373e-01   7.1731758e+00   8.6785218e-01
  -3.1762112e+00   1.7814159e+00   7.0470914e-01
  -4.2119021e-01   6.1114590e+00   1.6211845e+00
  -2.4630609e+00   1.9604507e+00   1.6224999e+00
   3.6697441e-01   7.3531100e+00   2.0702830e+00
  -2.3646153e-01   6.2408037e+00   1.7967291e+00
  -2.5851731e-01   5.4987141e+00   2.1609477e+00
  -3.2906316e-01   6.6141473e+00   1.5084409e+00
  -5.4291271e-01   6.0569760e+00   1.4912128e+00
  -1.7271904e+00   5.8225040e+00   1.2195725e-01
  -1.3073709e-01   5.9276237e+00   2.0939912e+00
  -4.6464676e-01   6.4719157e+00   1.4003512e+00
  -7.4488227e-01   6.4096732e+00   1.0779877e+00
  -1.9157941e+00   5.6684129e+00  -4.1562169e-02
  -5.0085291e-01   6.0956940e+00   1.5265445e+00
  -1.2079425e+00   6.1701377e+00   6.0885844e-01
   1.5656321e-01   5.8213603e+00   2.5410240e+00
  -5.0259331e-01   5.6797401e+00   1.7336401e+00
  -4.2035699e-01   6.1382726e+00   1.6093639e+00
  -1.8745729e+00   5.4376953e+00   1.0960267e-01
   6.3019454e-02   5.9823379e+00   2.3234786e+00
  -5.9250980e-01   5.9238846e+00   1.4920561e+00
  -5.7950085e-01   6.6183074e+00   1.1950528e+00
  -2.0825858e+00   5.2434349e+00  -5.7590589e-02
  -4.8108297e-01   5.8602877e+00   1.6680776e+00
  -1.2181012e+00   6.0570517e+00   6.4430806e-01
  -1.4892092e+00   5.3490588e+00   6.3056131e-01
  -2.1490171e+00   5.1513947e+00  -9.6825455e-02
  -8.9730571e-01   5.3413566e+00   1.3954751e+00
  -8.6172369e-01   5.5467974e+00   1.3337786e+00
  -1.5425525e+00   5.7880968e+00   3.6194156e-01
  -2.2111851e+00   4.9729856e+00  -8.9555642e-02
  -1.3518789e+00   5.4044225e+00   7.7711311e-01
  -1.5661188e+00   5.3431377e+00   5.3663818e-01
  -1.7220632e+00   4.7855931e+00   6.2219468e-01
  -1.2473881e+00   5.2618897e+00   9.8242347e-01
  -2.1918641e+00   5.4047010e+00  -2.6263200e-01
  -2.5680675e+00   4.5494330e+00  -3.2443540e-01
  -2.1406143e+00   4.7999945e+00   8.3055635e-02
  -1.8830260e+00   5.0525323e+00   2.8046297e-01
  -1.4372806e+00   6.0306490e+00   3.8715222e-01
  -2.0467307e+00   5.3285652e+00  -5.2297487e-02
  -1.4449338e+00   5.3392251e+00   6.9130444e-01
  -1.8064580e+00   5.1135910e+00   3.4652060e-01
  -2.6300196e+00   4.5684362e+00  -4.1060138e-01
  -2.0926199e+00   6.0500746e+00  -4.0635321e-01
