  -8.6642533e-01   6.4613872e+00   9.0655453e-01
   3.2496475e-01   1.0451745e+01   1.1434253e+00
  -1.4099428e+00   4.0528317e+00   1.4829576e+00
   3.1630926e-01   1.0677956e+01   1.0919850e+00
  -1.8594994e-01   9.4594421e+00   7.7881931e-01
   9.0117177e-01   1.1317749e+01   1.6241836e+00
  -8.4227487e-02   9.5751741e+00   8.6720584e-01
   1.1042065e+00   1.1836174e+01   1.7631951e+00
  -4.1683573e-01   8.1620292e+00   8.4878680e-01
  -4.0365584e-01   9.6173646e+00   5.0172860e-01
  -8.0719506e-01   7.7889646e+00   5.0694532e-01
  -1.0300022e+00   9.7185778e+00  -2.0788724e-01
  -3.3274640e-01   9.0220916e+00   7.1531216e-01
  -3.8189705e-01   1.0188627e+01   4.1378973e-01
  -9.7769192e-01   1.0255856e+01  -2.4654223e-01
  -1.4925491e+00   1.0110866e+01  -7.7748126e-01
  -7.3506547e-01   8.3726625e+00   4.2377546e-01
  -5.1802802e-01   1.0138104e+01   2.7395692e-01
  -7.4322373e-01   4.4163875e+00   2.1766317e+00
  -1.3524018e-01   6.7646170e+00   1.6867599e+00
   5.3027862e-01   1.0063811e+01   1.4510811e+00
  -8.7665799e-02   7.0834644e+00   1.6135618e+00
   5.9341099e-01   1.0187349e+01   1.4957651e+00
   3.1498915e-01   7.8230185e+00   1.8271900e+00
   2.4562552e-01   8.5163638e+00   1.5176748e+00
  -8.8851977e-01   6.1833307e+00   9.9732143e-01
  -4.7099642e-01   7.8156467e+00   8.9108391e-01
  -1.4326160e+00   6.5899713e+00   1.7358808e-01
   9.4080413e-03   8.9655668e+00   1.1189438e+00
  -8.8476686e-01   6.8785347e+00   7.2123573e-01
  -4.4344861e-01   1.0782691e+01   2.4534781e-01
  -2.0806692e+00   5.9558852e+00  -3.5599539e-01
  -2.6910457e-01   8.7796541e+00   8.4843967e-01
  -1.3308440e+00   6.3409669e+00   3.9013480e-01
   7.0276898e-01   9.8334017e+00   1.6979651e+00
  -5.8385582e-01   4.4097939e+00   2.4125702e+00
   8.0970558e-01   1.0462305e+01   1.6815281e+00
  -2.7756157e-01   4.8584837e+00   2.5395525e+00
   4.6849382e-01   8.4908755e+00   1.7886476e+00
  -1.2388642e+00   3.8298604e+00   1.8851358e+00
  -3.7806296e-02   8.1997189e+00   1.2804139e+00
  -2.1199531e+00   3.4390536e+00   9.1753000e-01
   3.0633063e-01   9.3868906e+00   1.3525833e+00
  -1.4699177e+00   4.0958033e+00   1.3706769e+00
  -8.5133976e-02   1.0803433e+01   6.3078999e-01
  -2.4621931e+00   3.4943914e+00   4.1421226e-01
  -7.3511393e-04   8.3538535e+00   1.2771879e+00
  -1.5219333e+00   3.9986785e+00   1.3635629e+00
   9.1733132e-01   1.0067626e+01   1.8882815e+00
   1.1163808e+00   1.0537552e+01   2.0110205e+00
   5.1052749e-01   8.7144177e+00   1.7704298e+00
  -2.0761537e-01   8.8141515e+00   9.0975991e-01
   7.9091435e-02   8.4330279e+00   1.3471139e+00
  -8.2280563e-01   8.6628651e+00   2.4985868e-01
   3.2944276e-01   9.4879018e+00   1.3544997e+00
  -1.3902457e-01   9.9969304e+00   7.1790962e-01
  -3.6586980e-01   1.0717741e+01   3.3979967e-01
  -1.4047990e+00   9.1358619e+00  -5.0335719e-01
   1.3399851e-01   8.8919202e+00   1.2815431e+00
  -5.4402521e-01   9.0461063e+00   4.7141164e-01
   8.8632999e-01   9.2944642e+00   2.0459980e+00
   3.2838259e-02   9.4739325e+00   1.0216707e+00
   2.1903053e-01   8.6579763e+00   1.4450856e+00
  -7.5313157e-01   9.5427817e+00   1.3031419e-01
   5.3197280e-01   9.8310993e+00   1.5044473e+00
  -5.2824449e-02   1.0123409e+01   7.8845488e-01
  -5.5369693e-02   1.1534842e+01   5.5148272e-01
  -1.2826375e+00   9.4174329e+00  -4.2607752e-01
   1.8734468e-01   9.0787697e+00   1.2937922e+00
  -4.0517817e-01   9.7020695e+00   4.8251415e-01
  -7.4100421e-01   7.6203751e+00   6.3643542e-01
  -1.1319527e+00   7.5249378e+00   2.1118896e-01
  -5.3468087e-01   8.3236435e+00   6.6650401e-01
  -3.4606671e-01   8.4758570e+00   8.4136229e-01
  -8.0123880e-01   9.8324704e+00   2.0736062e-02
  -1.5718032e+00   7.1533209e+00  -1.8142273e-01
  -8.3820177e-01   7.7823740e+00   4.7297795e-01
  -8.4820180e-01   7.8397300e+00   4.4420002e-01
  -1.2251259e+00   8.1351785e+00  -6.9615540e-02
  -7.3561588e-01   8.0796359e+00   5.0411498e-01
  -1.7730670e+00   9.2935338e+00  -9.3620523e-01
  -1.9640686e+00   7.3480340e+00  -6.8876895e-01
  -1.5656653e+00   7.4573921e+00  -2.6734600e-01
  -1.0857741e+00   7.5703758e+00   2.5068781e-01
  -1.3681745e+00   1.0322116e+01  -6.7784248e-01
  -1.5705143e+00   9.3876911e+00  -7.3414514e-01
  -9.0050644e-01   8.2241083e+00   2.7512389e-01
  -9.2936682e-01   8.4590397e+00   1.8071339e-01
  -1.9654102e+00   7.4440218e+00  -7.1765426e-01
  -1.4490617e+00   9.3206095e+00  -5.8888433e-01
