  -2.5193579e+00   2.0367649e+00   1.4634707e+00
  -8.9093129e-01   4.9297498e+00   1.6374867e+00
  -3.0364046e+00   1.0949460e+00   1.5809012e+00
  -6.9789191e-01   5.2714925e+00   1.6983181e+00
  -1.6554682e+00   3.5940972e+00   1.4595756e+00
  -9.1862287e-01   4.4876974e+00   1.8784981e+00
  -2.2783182e+00   1.9449128e+00   1.9307235e+00
   1.1044749e-01   5.8271713e+00   2.4745241e+00
  -1.8343608e+00   3.8632692e+00   1.0230291e+00
  -2.1820871e+00   3.6801598e+00   6.7029628e-01
  -2.3238854e+00   2.5062958e+00   1.3433346e+00
  -1.4132938e+00   4.4042951e+00   1.2499926e+00
  -1.7825821e+00   4.0201032e+00   9.9163277e-01
  -2.0974695e+00   3.8741251e+00   6.5999684e-01
  -2.3786685e+00   2.9490812e+00   9.1003427e-01
  -1.7136962e+00   4.4045551e+00   8.4761700e-01
  -1.9715488e+00   4.1470401e+00   6.5970063e-01
  -2.1596497e+00   4.0741779e+00   4.5533773e-01
  -2.2835854e+00   1.6517423e+00   2.2270195e+00
  -1.5073010e+00   2.8067296e+00   2.3314514e+00
  -8.8586974e-01   4.4386912e+00   1.9576768e+00
  -2.1699872e+00   1.7881168e+00   2.2703821e+00
  -1.2295298e+00   3.1098603e+00   2.4925199e+00
  -1.1582110e+00   2.9522160e+00   2.7554314e+00
  -8.1331203e-01   4.7862197e+00   1.8316602e+00
  -3.1305365e+00   9.5972574e-01   1.5724784e+00
  -1.5719040e+00   3.1731970e+00   1.9094130e+00
  -2.3022997e+00   1.9936057e+00   1.8442143e+00
  -1.3693235e+00   4.4487572e+00   1.2819981e+00
  -3.1453228e+00   1.3975964e+00   1.1018810e+00
  -1.8200351e+00   3.6126754e+00   1.2136937e+00
  -2.7811717e+00   1.8006579e+00   1.2802550e+00
  -1.2985123e+00   4.7945336e+00   1.1705614e+00
  -3.2873749e+00   1.3131154e+00   9.6466615e-01
  -3.8593229e-01   5.4149160e+00   2.0364314e+00
  -2.8408474e+00   4.8269390e-01   2.6529479e+00
  -8.9962011e-01   3.7881788e+00   2.4203874e+00
  -1.7965340e+00   1.5969300e+00   3.1465089e+00
  -4.6731724e-01   5.5834554e+00   1.8321791e+00
  -3.5660612e+00  -1.9877062e-03   1.9644526e+00
  -1.2085800e+00   4.0000731e+00   1.8044811e+00
  -3.1697678e+00   4.3501044e-01   2.1159561e+00
  -8.5426397e-01   5.4633855e+00   1.3868659e+00
  -4.0629052e+00  -3.1397607e-01   1.4864424e+00
  -1.2073612e+00   4.5916784e+00   1.4134361e+00
  -3.2833488e+00   5.6581787e-01   1.7607816e+00
  -9.8194737e-01   5.0325223e+00   1.4550044e+00
  -3.5061261e+00   3.9323989e-01   1.5846782e+00
  -1.5841835e+00   2.4085584e+00   2.5963265e+00
  -2.8328784e-01   4.4427020e+00   2.8342877e+00
  -9.4198269e-01   4.5131892e+00   1.8288591e+00
  -1.9726187e+00   3.2403334e+00   1.2687858e+00
  -1.5213368e+00   3.1184331e+00   2.0319862e+00
  -1.2695453e+00   3.9242322e+00   1.7716796e+00
  -1.2325154e+00   4.4454094e+00   1.4705389e+00
  -2.0548770e+00   3.5436783e+00   9.3512220e-01
  -1.8916792e+00   3.4121097e+00   1.2566524e+00
  -1.8022099e+00   3.7581382e+00   1.1377683e+00
  -1.1776636e+00   4.5490022e+00   1.4803102e+00
  -2.0501733e+00   3.5137984e+00   9.6223401e-01
  -5.7342904e-01   5.0336722e+00   2.0082730e+00
  -2.3077881e+00   2.6035715e+00   1.2854752e+00
  -1.2837959e+00   3.3339022e+00   2.2116598e+00
  -1.4776232e+00   3.4861592e+00   1.7981285e+00
  -9.7603109e-01   4.7275079e+00   1.6447593e+00
  -2.2606939e+00   3.0480092e+00   1.0029004e+00
  -1.3520175e+00   3.8832475e+00   1.6831993e+00
  -1.9252056e+00   3.2141317e+00   1.3567471e+00
  -1.0747610e+00   4.6849351e+00   1.5363156e+00
  -2.3663629e+00   2.9146838e+00   9.5347009e-01
  -2.3374860e+00   2.5365709e+00   1.2975350e+00
  -1.8671112e+00   3.0964686e+00   1.5331007e+00
  -1.9400947e+00   3.8774760e+00   8.6978094e-01
  -2.4470376e+00   2.6757123e+00   1.0235614e+00
  -2.5710634e+00   2.7821320e+00   7.6401871e-01
  -2.0827970e+00   3.1881131e+00   1.1507411e+00
  -2.1219744e+00   3.9310717e+00   5.9179469e-01
  -2.6182599e+00   2.6959661e+00   7.6288987e-01
  -2.5478852e+00   3.6800150e+00   1.8348966e-01
  -2.6763089e+00   2.9741678e+00   4.7680081e-01
  -3.1624009e+00   2.5320226e+00   1.2765312e-01
  -2.3829930e+00   3.3030222e+00   6.4942089e-01
  -2.7719697e+00   3.6450793e+00  -8.7622858e-02
  -2.9025335e+00   2.9322786e+00   1.9766812e-01
  -2.2862935e+00   3.4257084e+00   6.9784309e-01
  -2.2504258e+00   3.2132656e+00   8.9599002e-01
  -2.2721344e+00   4.1591588e+00   2.5923017e-01
  -3.1259222e+00   2.4610563e+00   2.3000811e-01
  -3.1413935e+00   3.2686361e+00  -3.3792802e-01
  -3.1588448e+00   3.1021125e+00  -2.5618515e-01
