  -4.2818074e+00  -1.6292026e+00   3.0191685e+00
  -1.5819747e+00   2.0240877e+00   3.0196407e+00
  -4.3740357e+00  -1.7773978e+00   3.0828143e+00
  -1.3412330e+00   2.3524450e+00   3.0701927e+00
  -3.1850483e+00  -1.7777964e-02   2.6929554e+00
  -2.5255129e+00   8.8631725e-01   2.7069715e+00
  -3.6971904e+00  -8.0994423e-01   2.8738782e+00
  -1.7525659e+00   1.8341652e+00   2.9382585e+00
  -3.3377818e+00   1.4184185e-01   2.1889602e+00
  -3.0220454e+00   5.9808210e-01   2.1751553e+00
  -3.6357887e+00   3.1399782e-02   1.7986788e+00
  -3.2001837e+00   5.5133920e-01   1.9205216e+00
  -3.6853936e+00  -6.9703439e-01   2.7197447e+00
  -2.1749516e+00   1.3783123e+00   2.7283802e+00
  -3.8671536e+00  -3.7847121e-01   1.9159260e+00
  -2.8564968e+00   1.0753850e+00   1.8997690e+00
  -3.7221151e+00  -3.6939375e-01   2.1697229e+00
  -2.5156797e+00   1.3509273e+00   2.1668179e+00
  -3.3363511e+00  -7.1088821e-01   3.4765056e+00
  -1.9215814e+00   1.1611835e+00   3.4858446e+00
  -2.1632906e+00   1.0021665e+00   3.2352647e+00
  -3.3496074e+00  -6.0216752e-01   3.2623054e+00
  -2.5613948e+00   4.1173259e-01   3.2957097e+00
  -2.4955238e+00   4.6452543e-01   3.3498601e+00
  -2.2457219e+00   1.2710521e+00   2.7321571e+00
  -3.7206944e+00  -7.5333537e-01   2.7362570e+00
  -2.8852241e+00   7.8234162e-01   2.1910523e+00
  -3.4030556e+00  -3.8916472e-02   2.3098765e+00
  -3.1168058e+00  -1.0896677e-01   2.9610815e+00
  -2.7226648e+00   4.0299665e-01   2.9887333e+00
  -3.0210224e+00   5.1263191e-01   2.2838059e+00
  -3.5741578e+00  -2.6765549e-01   2.3050476e+00
  -2.8967397e+00   4.4245079e-01   2.6025394e+00
  -3.1963886e+00   2.4394758e-02   2.6112791e+00
  -1.7310507e+00   1.7132765e+00   3.1222888e+00
  -3.7455141e+00  -1.0450216e+00   3.1625706e+00
  -2.1826027e+00   8.9874469e-01   3.3419283e+00
  -2.9167465e+00  -1.4977060e-01   3.4371546e+00
  -1.7711298e+00   1.9861559e+00   2.7317939e+00
  -3.9053499e+00  -9.9673823e-01   2.7462779e+00
  -2.1779189e+00   1.8772681e+00   2.1630875e+00
  -4.2749776e+00  -1.1759082e+00   2.2862632e+00
  -2.6798475e+00   5.5149797e-01   2.8634141e+00
  -3.4623488e+00  -5.2898996e-01   2.9091242e+00
  -2.4312053e+00   1.3819697e+00   2.2757966e+00
  -3.9266768e+00  -7.3235315e-01   2.2989765e+00
  -2.4683054e+00   9.4901160e-01   2.7315402e+00
  -3.2679144e+00  -1.6749932e-01   2.7489595e+00
  -3.0442126e+00  -3.8848101e-01   3.5610806e+00
  -2.0516399e+00   8.9639782e-01   3.6070154e+00
  -2.5364584e+00   9.1595070e-01   2.6490370e+00
  -3.1337224e+00   9.4396030e-02   2.6325224e+00
  -2.8148201e+00   7.0755070e-01   2.4083865e+00
  -3.0522914e+00   2.3834704e-01   2.5874354e+00
  -3.1780273e+00  -3.4636310e-01   3.2055060e+00
  -2.2051726e+00   9.6955850e-01   3.1992167e+00
  -3.4005525e+00   3.3328808e-02   2.2175004e+00
  -3.0283588e+00   5.7308128e-01   2.1949140e+00
  -3.0722440e+00   1.2482932e-01   2.7073186e+00
  -2.6678254e+00   6.9106191e-01   2.6982997e+00
  -2.1386122e+00   1.1987918e+00   3.0196410e+00
  -3.4061482e+00  -5.1764548e-01   3.0062942e+00
  -2.6297992e+00   8.3553492e-01   2.5812488e+00
  -3.2248075e+00  -6.4386666e-02   2.6830005e+00
  -2.7692146e+00   9.6852532e-02   3.3524170e+00
  -2.4131490e+00   6.0349939e-01   3.3098365e+00
  -2.8194242e+00   5.5678156e-01   2.5942431e+00
  -3.1610280e+00   1.0115595e-01   2.5712159e+00
  -3.0397663e+00   5.4675108e-02   2.8710399e+00
  -2.7097946e+00   5.1697745e-01   2.8538121e+00
  -3.5832710e+00   1.2755953e-01   1.7709460e+00
  -3.0473033e+00   7.9470660e-01   1.8963524e+00
  -4.0479602e+00  -1.0497682e+00   2.5413073e+00
  -1.9441503e+00   1.8580409e+00   2.5765220e+00
  -3.8188252e+00  -3.3206294e-01   1.9416598e+00
  -2.8330621e+00   1.0346503e+00   1.9852258e+00
  -3.8553162e+00  -5.1409600e-01   2.1224538e+00
  -2.5016210e+00   1.3747799e+00   2.1639988e+00
  -4.2933199e+00  -1.0573754e+00   2.0735709e+00
  -2.2561828e+00   1.8342951e+00   2.0790835e+00
  -4.6328946e+00  -9.3150263e-01   1.2823160e+00
  -3.0041581e+00   1.4330924e+00   1.2864865e+00
  -4.3899622e+00  -8.2970517e-01   1.5771969e+00
  -2.7257256e+00   1.6029277e+00   1.5569870e+00
  -3.6217071e+00   1.3169462e-01   1.6992077e+00
  -3.0010542e+00   1.0324501e+00   1.7064182e+00
  -3.9107711e+00  -4.9121967e-01   1.9883944e+00
  -2.9938473e+00   7.9579414e-01   1.9865196e+00
  -4.9138456e+00  -1.2649555e+00   1.2285089e+00
  -2.9603524e+00   1.5569600e+00   1.2345242e+00
