  -1.7464688e+00   4.6323112e+00   6.7433345e-01
  -5.8396819e-01   7.5346282e+00   8.4906513e-01
  -2.2836674e+00   3.7534534e+00   4.8727180e-01
  -1.3818491e+00   7.4679662e+00  -5.9762699e-02
  -7.6764992e-01   7.3261486e+00   7.0182905e-01
  -1.4937801e-01   7.2649174e+00   1.4668936e+00
  -9.0534147e-01   6.2260257e+00   9.5783732e-01
   4.3724751e-01   7.8026193e+00   1.9837553e+00
  -1.2778114e+00   4.4373199e+00   1.4136653e+00
  -3.0618518e-01   7.3265955e+00   1.2534417e+00
  -1.8607102e+00   4.6742332e+00   5.0376556e-01
  -1.6785652e+00   6.7020003e+00  -1.5614422e-01
  -1.1719628e+00   5.2932853e+00   1.0634145e+00
  -3.1050450e-02   7.8910855e+00   1.3871584e+00
  -1.8116864e+00   5.2994370e+00   2.5081251e-01
  -1.4291673e+00   7.2495156e+00  -4.6940675e-02
  -1.6141046e+00   5.1524104e+00   5.6980975e-01
  -7.6003290e-01   7.4271249e+00   6.7690657e-01
  -1.2782285e+00   4.5312668e+00   1.3544988e+00
  -2.2073972e+00   3.5387149e+00   7.2930013e-01
   7.1681766e-02   7.9769987e+00   1.4812256e+00
  -1.4437795e+00   3.5956703e+00   1.7634021e+00
  -3.8921980e-01   6.7941947e+00   1.3577863e+00
  -4.4161124e-01   5.3160289e+00   2.0185466e+00
  -2.4646637e-01   5.2256247e+00   2.3424767e+00
  -1.3365307e+00   3.5156724e+00   1.9833485e+00
  -9.7190607e-01   5.2052976e+00   1.3713758e+00
  -2.1202543e+00   3.6881795e+00   7.4872046e-01
  -6.8421784e-01   5.5834099e+00   1.5459836e+00
  -1.0221532e+00   4.3947779e+00   1.7952623e+00
  -1.3078438e+00   6.0235219e+00   5.4839642e-01
  -2.3715446e+00   3.7328518e+00   3.8342847e-01
  -7.4392356e-01   5.9438600e+00   1.2886101e+00
  -1.8169905e+00   3.6981033e+00   1.1584050e+00
   2.9627635e-01   8.7197187e+00   1.5175736e+00
  -2.2290982e+00   1.7550360e+00   2.2070752e+00
   1.3217425e-01   8.0113335e+00   1.5420897e+00
  -1.3472442e+00   2.7732648e+00   2.6210254e+00
  -2.3119643e-01   5.4917692e+00   2.2022580e+00
  -1.7161187e+00   2.2962432e+00   2.4927367e+00
  -6.2425804e-01   6.1260488e+00   1.3550248e+00
  -3.0575612e+00   1.4042477e+00   1.2314189e+00
  -5.7063099e-01   6.1192568e+00   1.4263188e+00
  -1.7719554e+00   2.6394018e+00   2.0688191e+00
  -9.8997533e-01   6.6517535e+00   6.8033678e-01
  -2.6866043e+00   2.3391164e+00   9.4879299e-01
  -5.6107909e-01   5.9043219e+00   1.5422256e+00
  -2.1138282e+00   2.2844132e+00   1.8629072e+00
  -1.0171275e-01   6.5509310e+00   1.8239921e+00
   4.7526455e-01   6.9144077e+00   2.3980975e+00
  -5.2796081e-01   5.0012408e+00   2.0914226e+00
  -1.6071472e-01   6.8209419e+00   1.6307967e+00
  -9.5369702e-01   5.2164683e+00   1.3892379e+00
  -1.2512716e+00   6.4337161e+00   4.4966693e-01
  -4.1359694e-01   5.8165725e+00   1.7788022e+00
   1.2384275e-01   6.9784492e+00   1.9210729e+00
  -1.2524383e+00   5.7566032e+00   7.3503878e-01
  -1.3340501e+00   6.4200820e+00   3.5534864e-01
  -8.0760257e-01   5.7427492e+00   1.3047591e+00
  -7.6844593e-01   6.4462598e+00   1.0334187e+00
  -3.6912976e-02   5.4537341e+00   2.4930879e+00
  -3.1638600e-01   5.9196602e+00   1.8529740e+00
  -7.9037919e-01   5.3917637e+00   1.5088316e+00
  -1.4379828e+00   6.0390317e+00   3.8279766e-01
  -1.3437839e-02   6.0883429e+00   2.1648588e+00
  -4.6989839e-02   6.3838513e+00   1.9726722e+00
  -9.5058159e-01   6.1575721e+00   9.3145227e-01
  -1.5648063e+00   5.9075954e+00   2.8349641e-01
  -6.4026787e-01   5.6936051e+00   1.5460217e+00
  -8.0158799e-01   6.3882988e+00   1.0168835e+00
  -1.9284605e+00   4.4783248e+00   5.2395202e-01
  -1.7383316e+00   5.7303407e+00   1.4757162e-01
  -1.2336889e+00   5.1291221e+00   1.0700060e+00
  -3.4076432e-01   5.9993755e+00   1.7804824e+00
  -2.1350820e+00   5.0492109e+00  -3.1759406e-02
  -1.6927477e+00   5.6368097e+00   2.4400637e-01
  -1.8435463e+00   4.8351875e+00   4.4038514e-01
  -1.2122140e+00   5.6313132e+00   8.4401040e-01
  -1.9818326e+00   4.6818091e+00   3.4466732e-01
  -7.8934102e-01   5.7111687e+00   1.3439544e+00
  -2.7300565e+00   4.7002246e+00  -5.9721229e-01
  -2.0621243e+00   5.2610660e+00  -4.0537695e-02
  -2.5433303e+00   4.3760606e+00  -2.0487676e-01
  -1.5101631e+00   5.4608433e+00   5.5059523e-01
  -1.8336106e+00   5.4902478e+00   1.3629674e-01
  -1.5142347e+00   6.0980195e+00   2.6596193e-01
  -1.6490562e+00   5.0897953e+00   5.5699297e-01
  -1.3489203e+00   5.4843342e+00   7.4196963e-01
  -2.8641004e+00   4.3146726e+00  -5.7290980e-01
  -1.7288072e+00   6.4142570e+00  -1.1265698e-01
