  -2.5170858e+00   1.8708375e+00   1.6238024e+00
  -1.1456828e+00   4.3677799e+00   1.6406358e+00
  -3.2227937e+00   8.7773104e-01   1.5103521e+00
  -1.0243417e+00   4.7678831e+00   1.5541396e+00
  -1.6687875e+00   3.2502987e+00   1.7024120e+00
  -1.1121405e+00   3.8812798e+00   2.0313328e+00
  -2.4295279e+00   1.5795931e+00   2.0611843e+00
  -4.5956707e-02   5.1171096e+00   2.6969978e+00
  -1.9413130e+00   3.5818190e+00   1.0660570e+00
  -2.3986196e+00   3.1832600e+00   7.1146305e-01
  -2.7936660e+00   1.7289591e+00   1.3283852e+00
  -1.4543576e+00   4.1744083e+00   1.3403631e+00
  -1.9467792e+00   3.3772900e+00   1.2040320e+00
  -1.9484200e+00   3.6230913e+00   1.0277123e+00
  -2.5703105e+00   2.5390818e+00   9.5463348e-01
  -1.8521017e+00   3.9766599e+00   9.2522563e-01
  -2.2651620e+00   3.4815109e+00   6.8896588e-01
  -2.3068699e+00   3.7202903e+00   4.7723535e-01
  -2.4292243e+00   1.5093821e+00   2.1375279e+00
  -1.7991313e+00   2.4775510e+00   2.1777562e+00
  -8.8045683e-01   4.0766398e+00   2.2241336e+00
  -2.2309639e+00   1.4991441e+00   2.4871363e+00
  -1.2987212e+00   2.8201623e+00   2.6544269e+00
  -1.4291653e+00   2.3347045e+00   2.9371727e+00
  -8.4960410e-01   4.5953098e+00   1.9040195e+00
  -3.3773437e+00   5.2182751e-01   1.6526842e+00
  -1.9000391e+00   2.5126089e+00   1.9851302e+00
  -2.2518520e+00   1.9383037e+00   1.9800056e+00
  -1.4702757e+00   3.8738328e+00   1.5219481e+00
  -3.0225418e+00   1.2325392e+00   1.4590333e+00
  -1.8628877e+00   3.3354998e+00   1.3544212e+00
  -2.9403935e+00   1.3723431e+00   1.4473959e+00
  -1.4013812e+00   4.3313372e+00   1.3119724e+00
  -3.3742524e+00   1.0193568e+00   1.1189933e+00
  -4.0893618e-01   5.0697529e+00   2.2138875e+00
  -2.8675483e+00   3.6541699e-01   2.7623815e+00
  -9.7973478e-01   3.4989126e+00   2.5392706e+00
  -2.0567244e+00   1.1236117e+00   3.2746777e+00
  -5.5097511e-01   5.3591045e+00   1.8455919e+00
  -3.7329192e+00  -2.1890642e-01   1.9471983e+00
  -1.4713554e+00   3.3704877e+00   1.8988061e+00
  -3.1716255e+00   3.1254525e-01   2.2682982e+00
  -9.8014146e-01   4.8445183e+00   1.5677509e+00
  -3.9918906e+00  -4.0420890e-01   1.7259642e+00
  -1.1798014e+00   4.4426808e+00   1.5447164e+00
  -3.4912718e+00   1.8790615e-01   1.8569142e+00
  -1.1218365e+00   4.6347452e+00   1.5031567e+00
  -3.6295562e+00   1.7801814e-01   1.6295817e+00
  -1.7043511e+00   2.1002347e+00   2.7206378e+00
  -4.8008056e-01   3.7697121e+00   3.0892983e+00
  -1.0787540e+00   4.2309559e+00   1.8269225e+00
  -2.1793456e+00   2.7875855e+00   1.3233459e+00
  -1.9946312e+00   2.3556602e+00   1.9833663e+00
  -1.2939027e+00   3.7459580e+00   1.8679393e+00
  -1.3560798e+00   3.8458899e+00   1.7043308e+00
  -1.9588654e+00   3.1477354e+00   1.3591732e+00
  -1.9782497e+00   3.1046242e+00   1.3645351e+00
  -2.0083527e+00   3.1440501e+00   1.2906042e+00
  -1.4920707e+00   3.9574159e+00   1.4332650e+00
  -2.2529141e+00   3.0720280e+00   9.9597319e-01
  -5.7756465e-01   4.8912194e+00   2.0922201e+00
  -2.5875677e+00   2.0793485e+00   1.3203483e+00
  -1.7762386e+00   2.5187732e+00   2.1749151e+00
  -1.5284729e+00   3.2099803e+00   1.9442798e+00
  -1.0679120e+00   4.1372261e+00   1.9080520e+00
  -2.1260997e+00   2.7680923e+00   1.4177634e+00
  -1.5083835e+00   3.5526282e+00   1.7021266e+00
  -2.1414668e+00   2.6905553e+00   1.4594882e+00
  -1.2196267e+00   4.2045669e+00   1.6463953e+00
  -2.4902219e+00   2.5613273e+00   1.0528137e+00
  -2.6319081e+00   1.9544994e+00   1.3665273e+00
  -1.9930958e+00   2.7645319e+00   1.6190154e+00
  -2.0425335e+00   3.3046456e+00   1.1217154e+00
  -2.3405695e+00   2.4780160e+00   1.3425338e+00
  -2.6281789e+00   2.5053442e+00   8.9815324e-01
  -2.2326234e+00   2.7528623e+00   1.2734227e+00
  -2.2589021e+00   3.4688673e+00   7.0602589e-01
  -2.7507959e+00   2.3817654e+00   8.2081289e-01
  -2.6653814e+00   3.0084530e+00   4.6756118e-01
  -2.4882539e+00   2.8803229e+00   8.0687843e-01
  -3.2811995e+00   2.1481127e+00   2.5236066e-01
  -2.5435206e+00   2.8782554e+00   7.3071970e-01
  -2.9101222e+00   3.1652205e+00   3.1053844e-02
  -3.0031237e+00   2.6425468e+00   2.6578404e-01
  -2.3193317e+00   3.1472767e+00   8.4735267e-01
  -2.3996513e+00   2.7292669e+00   1.0495077e+00
  -2.4304095e+00   3.6061301e+00   3.8492000e-01
  -3.2345973e+00   2.1436602e+00   3.2131698e-01
  -3.3404233e+00   2.7532977e+00  -2.6685778e-01
  -3.2716546e+00   2.7653166e+00  -1.8359200e-01
