  -3.8800938e+00  -7.8511863e-01   2.4677273e+00
  -1.2832121e+00   3.0508063e+00   2.4614446e+00
  -3.8103319e+00  -3.9942273e-01   2.0478134e+00
  -1.9160105e+00   2.5892828e+00   1.8900620e+00
  -2.7587764e+00   1.5322918e+00   1.5750881e+00
  -2.7628795e+00   1.3440881e+00   1.7626453e+00
  -3.1600937e+00   2.5865788e-01   2.3597851e+00
  -1.5857848e+00   2.6327538e+00   2.3707353e+00
  -3.0609693e+00   8.4833673e-01   1.8116967e+00
  -2.6406447e+00   1.6826198e+00   1.6128249e+00
  -3.0082785e+00   1.1776915e+00   1.5390121e+00
  -3.2313441e+00   1.0172791e+00   1.3478859e+00
  -3.1585821e+00   7.9535282e-01   1.7077710e+00
  -2.5271559e+00   1.8615142e+00   1.6169799e+00
  -3.1510136e+00   1.7485130e+00   7.7058774e-01
  -3.7096165e+00   1.0350507e+00   5.8816708e-01
  -3.2374322e+00   1.0549548e+00   1.2990422e+00
  -2.7624247e+00   1.8577737e+00   1.2560128e+00
  -2.7491982e+00   7.1887372e-01   2.5127340e+00
  -2.7460132e+00   8.0377530e-01   2.4114509e+00
  -1.6196165e+00   2.7185886e+00   2.2354879e+00
  -3.7352082e+00  -5.8733187e-01   2.4556271e+00
  -2.1727330e+00   1.3097006e+00   2.8163990e+00
  -2.4398327e+00   9.4970304e-01   2.7830607e+00
  -1.9273754e+00   1.9737511e+00   2.4786890e+00
  -3.4819306e+00  -1.6765430e-01   2.3392206e+00
  -2.2964958e+00   1.9656738e+00   1.8809532e+00
  -3.6291774e+00   2.7088506e-02   1.8156901e+00
  -2.5310279e+00   1.4132111e+00   2.0719851e+00
  -3.2607558e+00   3.3931868e-01   2.0743229e+00
  -2.4086987e+00   2.6172459e+00   1.1261621e+00
  -4.5335063e+00  -6.7640111e-01   1.1301230e+00
  -2.2197180e+00   1.9382677e+00   2.0320781e+00
  -3.5578518e+00  -2.5718998e-02   2.0098233e+00
  -1.2289858e+00   3.4194012e+00   2.2234488e+00
  -4.1614884e+00  -1.1899958e+00   2.5338981e+00
  -1.7037739e+00   2.0899720e+00   2.7328840e+00
  -3.1678140e+00  -1.4367861e-01   2.9114278e+00
  -1.6730742e+00   2.5342483e+00   2.3253134e+00
  -3.6659391e+00  -4.5217561e-01   2.3922743e+00
  -1.7370957e+00   2.7995441e+00   1.9783391e+00
  -4.3629784e+00  -1.1562759e+00   2.0862240e+00
  -2.0990887e+00   2.2095390e+00   1.9575672e+00
  -4.1435550e+00  -8.7829648e-01   2.0975409e+00
  -1.8637397e+00   3.5277530e+00   1.2125582e+00
  -4.9028073e+00  -1.3641092e+00   1.3821603e+00
  -1.9147146e+00   2.3649865e+00   2.1013613e+00
  -3.7583509e+00  -4.5432531e-01   2.2202376e+00
  -2.4772495e+00   7.8918541e-01   2.9247927e+00
  -1.9415487e+00   1.6198912e+00   2.8551893e+00
  -2.2295195e+00   1.5994995e+00   2.3759694e+00
  -2.6551693e+00   1.1896215e+00   2.1115283e+00
  -2.5034585e+00   1.5265035e+00   1.9954197e+00
  -2.8566959e+00   1.1803471e+00   1.7838874e+00
  -2.5178997e+00   1.2510880e+00   2.2764002e+00
  -2.5013006e+00   1.4228818e+00   2.1112653e+00
  -2.6304694e+00   2.1971437e+00   1.1517312e+00
  -3.7496653e+00   5.4720848e-01   1.0146831e+00
  -2.5092941e+00   1.5309064e+00   1.9810844e+00
  -2.7714856e+00   1.2736497e+00   1.8237237e+00
  -1.8243489e+00   1.9400709e+00   2.6913169e+00
  -3.0012742e+00   4.5865628e-01   2.3886334e+00
  -2.0510921e+00   1.9251936e+00   2.3229918e+00
  -3.1943047e+00   4.5706843e-01   2.0452703e+00
  -2.1214593e+00   1.6655540e+00   2.4870725e+00
  -2.7465339e+00   9.1904868e-01   2.2695574e+00
  -2.0181084e+00   2.8028096e+00   1.5493465e+00
  -4.0379058e+00  -1.4761317e-01   1.3257525e+00
  -2.2523412e+00   1.6416322e+00   2.2906389e+00
  -2.9068858e+00   8.3993213e-01   2.0844857e+00
  -3.0599057e+00   1.1894323e+00   1.4436925e+00
  -3.2477644e+00   9.7783537e-01   1.3628621e+00
  -3.4200710e+00   5.8188009e-01   1.5125452e+00
  -2.5681414e+00   1.8286848e+00   1.5843122e+00
  -3.4820132e+00   1.5017510e+00   5.0041649e-01
  -3.7916944e+00   8.6559171e-01   6.2635573e-01
  -3.3193533e+00   8.6497200e-01   1.3670123e+00
  -2.9175559e+00   1.3753804e+00   1.4806464e+00
  -3.6974492e+00   5.3588291e-01   1.1102596e+00
  -2.8612011e+00   1.7628919e+00   1.1928792e+00
  -3.9254089e+00   1.3243537e+00   1.3062698e-02
  -4.0043850e+00   1.0474631e+00   1.4080113e-01
  -3.8908674e+00   5.6205491e-01   7.7674690e-01
  -3.1454530e+00   1.6079046e+00   9.0475380e-01
  -2.7778743e+00   2.2908941e+00   8.5576049e-01
  -3.7505281e+00   7.0794540e-01   8.4636255e-01
  -3.1555776e+00   1.1771978e+00   1.3038186e+00
  -3.4320875e+00   7.8124499e-01   1.2743856e+00
  -4.3647582e+00   2.7834582e-01   3.3501088e-01
  -3.5135760e+00   1.5453861e+00   4.1629502e-01
