  -1.3121287e+00   4.5838579e+00   1.2765930e+00
   3.7500347e-01   8.0586267e+00   1.8176078e+00
  -2.0461521e+00   3.1848804e+00   1.2054011e+00
  -8.1113126e-02   8.3295399e+00   1.1903991e+00
  -2.2341887e-01   7.2713668e+00   1.3742010e+00
   8.8445928e-01   8.1146072e+00   2.4188901e+00
  -5.0851668e-01   5.9890372e+00   1.5682873e+00
   1.3484465e+00   8.5127010e+00   2.8472349e+00
  -8.6443629e-01   4.6913725e+00   1.8211193e+00
   3.9775249e-01   7.8211537e+00   1.9286991e+00
  -1.3651042e+00   4.5947965e+00   1.1988740e+00
  -1.8658994e-01   7.6504265e+00   1.2826448e+00
  -7.6284527e-01   5.7506274e+00   1.3583974e+00
   4.3660575e-01   8.1559501e+00   1.8588724e+00
  -1.6643042e+00   5.0706600e+00   5.4732371e-01
  -6.2256770e-01   7.8705747e+00   6.9676884e-01
  -1.1691050e+00   5.3363386e+00   1.0448426e+00
  -1.1897362e-01   7.7132239e+00   1.3420618e+00
  -1.0936874e+00   3.9002400e+00   2.0440545e+00
  -9.2356465e-01   4.5038631e+00   1.8608115e+00
   5.5057083e-01   7.9104579e+00   2.0831325e+00
  -4.3502927e-01   4.4325047e+00   2.6150849e+00
   7.9928270e-02   6.6481370e+00   2.0117561e+00
   4.0478981e-01   5.8507824e+00   2.8675461e+00
   1.1344600e-01   5.3751408e+00   2.7545332e+00
  -6.4862361e-01   4.0814300e+00   2.5653884e+00
  -5.1716376e-01   5.0253461e+00   2.0912786e+00
  -8.3680511e-01   4.6002601e+00   1.9186827e+00
  -3.8196800e-01   5.9102701e+00   1.7719135e+00
  -5.8232892e-01   4.8231770e+00   2.1295558e+00
  -1.2326619e+00   5.6573079e+00   8.0596317e-01
  -1.5332213e+00   4.5059645e+00   1.0272219e+00
  -4.5198947e-01   5.9488451e+00   1.6612538e+00
  -1.1684886e+00   4.2170513e+00   1.7097421e+00
   7.7289868e-01   8.6703274e+00   2.0949939e+00
  -1.2078629e+00   2.4877409e+00   3.1528541e+00
   5.5543802e-01   7.8070656e+00   2.1272789e+00
  -5.1017558e-01   3.2873954e+00   3.5044010e+00
   1.8623475e-01   5.6837361e+00   2.6635889e+00
  -1.0827442e+00   2.7315619e+00   3.1052260e+00
  -2.9769697e-01   5.8281893e+00   1.9254249e+00
  -1.8245682e+00   2.2551484e+00   2.3557945e+00
  -2.0645478e-01   6.4868032e+00   1.7198064e+00
  -1.3071617e+00   2.9779385e+00   2.4905880e+00
  -8.9566061e-01   6.2327638e+00   9.6692835e-01
  -1.8634261e+00   3.0585919e+00   1.5688779e+00
  -2.6677835e-01   5.8884859e+00   1.9344795e+00
  -1.4768254e+00   2.7738280e+00   2.4109796e+00
   2.7868002e-01   6.3271742e+00   2.4283012e+00
   1.4010024e+00   7.6520435e+00   3.2644168e+00
  -6.4260958e-02   5.2135610e+00   2.6068642e+00
   5.6631389e-01   7.3227760e+00   2.3337783e+00
  -4.8584330e-01   5.0496787e+00   2.1194996e+00
   1.9188624e-01   7.3254536e+00   1.8633774e+00
  -8.9125490e-02   6.1930549e+00   2.0116088e+00
   5.8444451e-01   7.4932238e+00   2.2858549e+00
  -1.2035008e+00   5.3849478e+00   9.7587636e-01
  -4.5555588e-01   7.2105884e+00   1.1154717e+00
  -4.1316546e-01   5.7766748e+00   1.8002365e+00
  -8.2520752e-02   6.8327370e+00   1.7237611e+00
   5.0038384e-01   5.8370513e+00   3.0104128e+00
   4.9068558e-01   6.5681706e+00   2.5862459e+00
  -2.5019426e-01   5.3671682e+00   2.2502665e+00
   4.3955619e-02   7.0126622e+00   1.8063139e+00
   3.3819597e-01   6.5281454e+00   2.4047955e+00
   4.8105353e-01   6.9306282e+00   2.3980889e+00
  -7.7908834e-01   5.9614031e+00   1.2356185e+00
  -6.7122015e-01   6.6664628e+00   1.0624566e+00
  -2.2264797e-01   5.8380221e+00   2.0196993e+00
  -1.0050007e-01   6.7589199e+00   1.7329275e+00
  -1.5797904e+00   4.1765798e+00   1.1672219e+00
  -3.3620499e-01   6.5991639e+00   1.5059744e+00
  -1.0614724e+00   5.2497653e+00   1.2298045e+00
   1.3377440e-01   6.4229261e+00   2.1887736e+00
  -2.0680431e+00   4.6579840e+00   2.4752726e-01
  -8.3701094e-01   6.3005707e+00   1.0104237e+00
  -1.5115203e+00   4.8159307e+00   8.7847013e-01
  -5.7324979e-01   5.9829762e+00   1.4879844e+00
  -1.6470182e+00   5.0985662e+00   5.5514982e-01
  -3.0905757e-01   6.1646951e+00   1.7398711e+00
  -2.5881209e+00   4.3296932e+00  -2.3681571e-01
  -1.1827231e+00   6.1204511e+00   6.6073326e-01
  -2.1367748e+00   4.4781893e+00   2.5580634e-01
  -8.4964186e-01   5.9654491e+00   1.1444164e+00
  -1.7877927e+00   5.2047414e+00   3.2559364e-01
  -7.0534996e-01   6.9289211e+00   9.1852099e-01
  -1.3067723e+00   5.2253212e+00   9.2491509e-01
  -7.1112530e-01   5.8346608e+00   1.3833544e+00
  -2.4774733e+00   4.4476483e+00  -1.5951110e-01
  -1.0570915e+00   6.8683815e+00   5.1876178e-01
