  -4.0776226e+00  -1.0131262e+00   2.4254883e+00
  -2.0864705e+00   1.7965212e+00   2.4017783e+00
  -4.2300690e+00  -1.5779876e+00   3.0412465e+00
  -1.2987189e+00   2.4737936e+00   3.0105902e+00
  -3.1018014e+00   4.0536432e-01   2.2750326e+00
  -2.8314376e+00   7.9328737e-01   2.2724318e+00
  -3.5299990e+00  -3.3072826e-01   2.4780226e+00
  -2.1785542e+00   1.5842491e+00   2.4805928e+00
  -3.2820657e+00   4.1159845e-01   1.9472966e+00
  -3.1239641e+00   6.4481246e-01   1.9406868e+00
  -3.3745056e+00   2.4270974e-01   1.9940281e+00
  -3.0647153e+00   6.3237470e-01   2.0583312e+00
  -3.5763089e+00  -3.7192206e-01   2.4484492e+00
  -2.2489819e+00   1.4968095e+00   2.4585950e+00
  -3.6245893e+00   1.1298322e-01   1.7171129e+00
  -3.0787939e+00   9.3016375e-01   1.6901730e+00
  -3.6958043e+00  -3.4063791e-01   2.1789692e+00
  -2.3170185e+00   1.6466608e+00   2.1765307e+00
  -3.1940811e+00  -5.0941369e-01   3.4407324e+00
  -1.9448081e+00   1.1662727e+00   3.4331928e+00
  -2.1156070e+00   1.4181958e+00   2.7863956e+00
  -3.6676611e+00  -7.2415282e-01   2.7979261e+00
  -2.4519546e+00   8.4091263e-01   2.9032100e+00
  -2.9327270e+00   1.6044186e-01   2.9270756e+00
  -2.1326014e+00   1.5835523e+00   2.5609915e+00
  -3.8796211e+00  -8.4472148e-01   2.5593839e+00
  -2.6484819e+00   9.6751614e-01   2.3837771e+00
  -3.2922824e+00   3.3609150e-03   2.4588916e+00
  -2.9707068e+00   2.1854449e-01   2.7701269e+00
  -2.8686147e+00   3.2983109e-01   2.8098678e+00
  -2.9076959e+00   9.2630254e-01   1.9823013e+00
  -3.8399539e+00  -4.0044440e-01   1.9949017e+00
  -2.8015727e+00   5.4191661e-01   2.6470774e+00
  -3.1027747e+00   1.3521879e-01   2.6343938e+00
  -1.6864565e+00   2.1334553e+00   2.7149886e+00
  -4.0543033e+00  -1.2090140e+00   2.7842687e+00
  -2.0210207e+00   1.4349888e+00   2.9368908e+00
  -3.4768336e+00  -6.1037976e-01   3.0084448e+00
  -1.7272538e+00   2.2419007e+00   2.5305123e+00
  -4.0381568e+00  -1.0507826e+00   2.5625845e+00
  -1.9963881e+00   1.9749214e+00   2.3616468e+00
  -4.1289007e+00  -1.1183745e+00   2.4865610e+00
  -2.6060650e+00   8.6413668e-01   2.5880943e+00
  -3.6138002e+00  -5.7429387e-01   2.6744213e+00
  -2.4048516e+00   1.6696955e+00   2.0065479e+00
  -4.0979823e+00  -7.8938820e-01   2.0561063e+00
  -2.3846391e+00   1.0194575e+00   2.7950379e+00
  -3.1506866e+00  -6.8333781e-02   2.8333377e+00
  -2.9173194e+00   8.4870881e-02   3.0691772e+00
  -2.5059751e+00   6.1662228e-01   3.1077815e+00
  -2.4857311e+00   1.1706923e+00   2.4265221e+00
  -3.2352886e+00   1.1982770e-01   2.4063694e+00
  -2.6187214e+00   7.8730726e-01   2.6633793e+00
  -2.8182654e+00   4.2749259e-01   2.7704999e+00
  -3.0582287e+00  -1.4174620e-02   2.9359705e+00
  -2.2780258e+00   1.0593858e+00   2.9409139e+00
  -3.2530994e+00   4.3520547e-01   1.9690358e+00
  -3.2039918e+00   5.0913567e-01   1.9647248e+00
  -3.0839973e+00   1.2622432e-01   2.6828268e+00
  -2.4765567e+00   9.9856153e-01   2.6535547e+00
  -2.0682896e+00   1.4896949e+00   2.7847384e+00
  -3.5092210e+00  -4.5754895e-01   2.7051946e+00
  -2.4620984e+00   9.8989869e-01   2.6908025e+00
  -3.0368803e+00   1.5545437e-01   2.7319772e+00
  -2.6320502e+00   4.2587097e-01   3.1337276e+00
  -2.4676571e+00   6.8813932e-01   3.0817086e+00
  -2.5858936e+00   1.0365346e+00   2.4108774e+00
  -3.3454504e+00   1.0898518e-02   2.3492047e+00
  -2.9600184e+00   1.5151534e-01   2.8865568e+00
  -2.5514403e+00   7.7206963e-01   2.8081261e+00
  -3.4376635e+00   1.9809694e-01   1.9383985e+00
  -2.8210177e+00   9.9762370e-01   2.0481174e+00
  -4.0161258e+00  -7.7542168e-01   2.1906741e+00
  -2.0858024e+00   1.9103742e+00   2.2808552e+00
  -3.8450917e+00  -8.0398441e-02   1.5733523e+00
  -3.0191767e+00   1.0642243e+00   1.6420398e+00
  -3.7990823e+00  -4.8445028e-01   2.1860988e+00
  -2.3483539e+00   1.5354086e+00   2.2451813e+00
  -4.1493981e+00  -6.8037672e-01   1.8098356e+00
  -2.4162982e+00   1.7593527e+00   1.8952267e+00
  -4.4839161e+00  -4.9458454e-01   9.9259199e-01
  -3.2387937e+00   1.2950444e+00   1.0567276e+00
  -4.2946405e+00  -7.3630948e-01   1.6231397e+00
  -2.6359027e+00   1.6629391e+00   1.6399153e+00
  -3.3713839e+00   5.6685264e-01   1.6108798e+00
  -3.1640357e+00   8.5966490e-01   1.6268709e+00
  -3.8381540e+00  -3.9557305e-01   1.9916129e+00
  -2.9105674e+00   9.2633470e-01   1.9773683e+00
  -4.9034026e+00  -1.2451903e+00   1.2205850e+00
  -2.8291840e+00   1.7525941e+00   1.2514542e+00
