  -2.3595717e+00   1.7863921e+00   1.9596333e+00
  -1.4087307e+00   3.7571808e+00   1.6934572e+00
  -3.1024477e+00   7.7017291e-01   1.8309770e+00
  -1.2350840e+00   4.1776711e+00   1.6429660e+00
  -1.3182706e+00   3.5702080e+00   1.9673541e+00
  -1.7017127e+00   2.8354071e+00   2.0011509e+00
  -2.1512636e+00   1.8143531e+00   2.2736272e+00
  -4.2025015e-01   4.3193127e+00   2.7234208e+00
  -1.7733407e+00   3.3805873e+00   1.4491182e+00
  -2.5804266e+00   2.6296113e+00   8.6820533e-01
  -2.6440430e+00   1.4489810e+00   1.8462748e+00
  -1.1464130e+00   4.0090019e+00   1.8872787e+00
  -1.9475860e+00   2.9983496e+00   1.4934320e+00
  -2.1876253e+00   3.0940915e+00   1.0720676e+00
  -2.3412100e+00   2.6923142e+00   1.1637739e+00
  -2.2055771e+00   3.3744826e+00   8.4405967e-01
  -2.1533168e+00   3.3753105e+00   9.1589604e-01
  -2.7067308e+00   2.9734906e+00   4.3553119e-01
  -2.3119342e+00   1.4887889e+00   2.3592818e+00
  -2.0542033e+00   2.0114976e+00   2.2276702e+00
  -6.1406287e-01   4.2564580e+00   2.4819423e+00
  -2.7865209e+00   7.0139039e-01   2.4672761e+00
  -1.0662272e+00   3.0655819e+00   2.7961102e+00
  -1.6863595e+00   1.8725377e+00   3.0111153e+00
  -7.5266128e-01   4.3299867e+00   2.2244939e+00
  -3.5807378e+00   1.0589686e-01   1.8021740e+00
  -1.8404918e+00   2.1936573e+00   2.3924039e+00
  -1.9392439e+00   2.0542812e+00   2.3733595e+00
  -1.4610094e+00   3.4803111e+00   1.8271086e+00
  -3.2135712e+00   8.6640154e-01   1.5378078e+00
  -1.6003711e+00   3.5234305e+00   1.5909457e+00
  -3.3067073e+00   8.0659962e-01   1.4504482e+00
  -1.3188807e+00   4.1632672e+00   1.5354593e+00
  -3.7355844e+00   4.4396907e-01   1.1484015e+00
  -1.7080270e-01   5.3428858e+00   2.3749826e+00
  -3.4182061e+00  -2.9167019e-01   2.6374711e+00
  -7.3087932e-01   3.8529834e+00   2.6246052e+00
  -2.2977742e+00   8.1066087e-01   3.2404163e+00
  -5.1597123e-01   5.0651275e+00   2.0681411e+00
  -3.7986171e+00  -3.5610869e-01   2.0106244e+00
  -1.3783331e+00   3.0196202e+00   2.3397799e+00
  -2.6534830e+00   6.4538059e-01   2.7858249e+00
  -9.8344503e-01   4.4799414e+00   1.7928430e+00
  -4.1887077e+00  -6.6874984e-01   1.7230461e+00
  -8.9339763e-01   4.7141821e+00   1.7665938e+00
  -3.8174473e+00  -2.6837127e-01   1.8601578e+00
  -1.0404516e+00   4.5242918e+00   1.6846253e+00
  -3.9820410e+00  -2.8887350e-01   1.5954549e+00
  -1.4269336e+00   2.3697544e+00   2.9028676e+00
  -8.1838107e-01   3.1317696e+00   3.1405150e+00
  -9.7355264e-01   3.9968144e+00   2.1474179e+00
  -2.4182407e+00   2.2342253e+00   1.4385902e+00
  -1.9310633e+00   1.9536750e+00   2.4941042e+00
  -9.1851063e-01   3.7338550e+00   2.4359318e+00
  -1.3278567e+00   3.4786936e+00   2.0258195e+00
  -2.2483020e+00   2.4847221e+00   1.4750960e+00
  -1.6334339e+00   3.3369573e+00   1.6859470e+00
  -2.3938183e+00   2.3928307e+00   1.3360351e+00
  -1.4014795e+00   3.8595554e+00   1.6296533e+00
  -2.7033209e+00   2.3259910e+00   9.3527225e-01
  -4.8380205e-01   4.6155552e+00   2.4107185e+00
  -2.8447316e+00   1.4685878e+00   1.5023928e+00
  -1.5966705e+00   2.2512255e+00   2.7407039e+00
  -1.1797486e+00   3.1361982e+00   2.5473928e+00
  -1.0338022e+00   3.7429851e+00   2.2544766e+00
  -2.3586343e+00   2.1960018e+00   1.5644018e+00
  -1.2389064e+00   3.7258193e+00   1.9636452e+00
  -2.5313482e+00   1.9946223e+00   1.4840894e+00
  -1.1705862e+00   4.0046106e+00   1.8556971e+00
  -2.8623065e+00   1.8831925e+00   1.0815082e+00
  -2.5188704e+00   1.6837672e+00   1.8064328e+00
  -1.6927764e+00   2.7665476e+00   2.0765958e+00
  -2.1091381e+00   2.9077753e+00   1.3293046e+00
  -2.5549507e+00   2.1484946e+00   1.3078257e+00
  -2.3781799e+00   2.6918854e+00   1.1103458e+00
  -2.5593178e+00   2.2120660e+00   1.2451182e+00
  -2.1735381e+00   3.3360474e+00   9.1550539e-01
  -3.1256457e+00   1.7946419e+00   7.6763259e-01
  -2.6742722e+00   2.5830067e+00   7.7065834e-01
  -2.6647929e+00   2.4976514e+00   8.5157743e-01
  -2.9612412e+00   2.4073970e+00   5.0051225e-01
  -2.8919110e+00   2.3075460e+00   6.7775626e-01
  -2.8136208e+00   3.0318706e+00   2.4947533e-01
  -3.3703959e+00   2.0333558e+00   2.1729666e-01
  -2.1022114e+00   3.2532960e+00   1.0750265e+00
  -2.6818983e+00   2.2289632e+00   1.0481128e+00
  -2.2988277e+00   3.4225416e+00   6.8286675e-01
  -3.5717894e+00   1.5030213e+00   3.6841770e-01
  -3.3040735e+00   2.6067485e+00  -1.1782977e-01
  -3.6442736e+00   2.1412855e+00  -2.4331338e-01
