  -3.5951568e-01   5.8674566e+00   1.8233680e+00
   4.3875957e-01   9.9358865e+00   1.3757750e+00
  -1.4736562e+00   3.6735053e+00   1.6617204e+00
   2.6970869e-01   1.0875410e+01   1.0061630e+00
   1.9081895e-01   1.0327867e+01   1.0185527e+00
   1.0303324e-02   1.0458435e+01   7.9501848e-01
   2.3636570e-01   9.0409282e+00   1.3600161e+00
   1.4110097e+00   1.1379228e+01   2.1772812e+00
  -5.7417977e-02   7.4049073e+00   1.5264564e+00
  -6.1421416e-01   9.3008449e+00   3.3524869e-01
  -4.5481488e-01   7.4937608e+00   1.0161036e+00
  -1.0505085e+00   8.7020592e+00  -1.5233241e-02
   5.9224253e-02   8.4891271e+00   1.3073845e+00
  -1.7704298e-01   9.7182647e+00   7.3262961e-01
  -1.9555359e-01   1.0415705e+01   5.7686193e-01
  -1.4048659e+00   9.5700037e+00  -5.8842060e-01
  -3.6755249e-01   7.5449221e+00   1.1026008e+00
   3.8145721e-02   1.0327834e+01   8.4981974e-01
  -6.0057007e-01   4.2809321e+00   2.4834738e+00
  -3.5666800e-01   6.4459059e+00   1.5478070e+00
   1.1039457e+00   1.0967286e+01   1.9113458e+00
  -8.8160656e-01   6.0267260e+00   1.0759515e+00
   9.8785988e-01   9.8741095e+00   2.0143661e+00
   4.8057626e-01   7.5886866e+00   2.1181157e+00
   6.8961743e-01   7.8202013e+00   2.2881613e+00
  -1.2164615e+00   5.5519562e+00   8.7672886e-01
   1.0829380e-02   7.5982186e+00   1.5386610e+00
  -1.5073785e+00   6.1076139e+00   2.7035432e-01
   5.1428456e-01   8.6536104e+00   1.7930424e+00
  -7.2997161e-01   6.3298430e+00   1.1307634e+00
   2.6693325e-01   1.0849812e+01   1.0075079e+00
  -2.0534465e+00   5.7451739e+00  -2.3944712e-01
   5.3551015e-01   8.1225374e+00   1.9896462e+00
  -8.6301170e-01   5.9182902e+00   1.1495446e+00
   1.1541741e+00   1.0704280e+01   2.0191575e+00
  -1.3414105e+00   3.6430119e+00   1.8767771e+00
   1.0765121e+00   1.0118384e+01   2.0581635e+00
  -5.9344112e-02   4.6711086e+00   2.9967233e+00
   6.0580483e-01   7.7208276e+00   2.2223206e+00
  -1.4433117e+00   3.6054710e+00   1.7566392e+00
   2.9273281e-01   8.2471087e+00   1.6567162e+00
  -2.0747734e+00   3.1862949e+00   1.1635211e+00
   5.4787340e-01   8.8130990e+00   1.7853596e+00
  -1.2727161e+00   4.0571560e+00   1.6728977e+00
   4.0135687e-01   1.0854719e+01   1.1541742e+00
  -2.2563232e+00   3.5810235e+00   6.3478748e-01
   5.7662918e-01   7.5688686e+00   2.2455852e+00
  -9.9397080e-01   4.0642119e+00   2.0674848e+00
   9.9726446e-01   9.4120586e+00   2.1435819e+00
   1.3863713e+00   1.0361562e+01   2.3565815e+00
   8.0010152e-01   8.0045413e+00   2.3554350e+00
  -3.4235813e-01   9.1788953e+00   6.6714897e-01
   2.3906516e-01   7.9023809e+00   1.7073135e+00
  -6.9283373e-01   9.2181440e+00   2.6586069e-01
   7.3372621e-01   8.9557889e+00   1.9624836e+00
   1.6485801e-01   9.5462134e+00   1.1541398e+00
   4.3322537e-01   1.0470487e+01   1.2598801e+00
  -1.1601505e+00   9.0199806e+00  -2.0939686e-01
   6.0602013e-01   8.1582995e+00   2.0627693e+00
   7.3083837e-02   9.1880391e+00   1.1354706e+00
   1.0985430e+00   8.3790229e+00   2.5868712e+00
  -1.7195647e-01   9.1754885e+00   8.6026398e-01
   5.6760585e-01   8.3438877e+00   1.9539166e+00
  -7.3765888e-01   9.0277030e+00   2.5866757e-01
   1.0825385e+00   9.1481217e+00   2.3183561e+00
   1.3972474e-01   8.9724826e+00   1.2667578e+00
   8.6604172e-01   1.1368018e+01   1.5771735e+00
  -1.1254328e+00   8.5582464e+00  -6.4590371e-02
   8.1865089e-01   8.2499186e+00   2.2896012e+00
   2.3307085e-01   9.3520357e+00   1.2775480e+00
  -5.8368102e-01   7.0957134e+00   1.0031687e+00
  -9.8363135e-01   7.9350426e+00   2.6042431e-01
  -5.0732679e-01   7.6087736e+00   9.1512329e-01
  -2.3999127e-02   8.6873625e+00   1.1546160e+00
  -7.2200566e-01   9.3554571e+00   2.0368504e-01
  -1.2790903e+00   8.1530815e+00  -1.3529093e-01
  -4.4804701e-01   6.9031167e+00   1.2415632e+00
  -1.8249856e-01   7.9344504e+00   1.1931738e+00
  -9.6286340e-01   7.4722859e+00   4.2426278e-01
  -5.1474886e-01   7.5375257e+00   9.3005316e-01
  -1.3674178e+00   8.9535713e+00  -4.2390120e-01
  -1.6442568e+00   7.4956128e+00  -3.6820242e-01
  -1.2719090e+00   6.5051229e+00   3.9722391e-01
  -5.6553749e-01   7.3313777e+00   9.4025838e-01
  -3.5016077e-01   9.9436017e+00   4.9505177e-01
  -1.1770218e+00   8.4024309e+00  -8.4084978e-02
  -3.0090913e-01   7.4313802e+00   1.2220637e+00
  -4.3886066e-01   8.0582147e+00   8.5397417e-01
  -1.6666195e+00   6.6395029e+00  -1.2035690e-01
  -9.6379606e-01   9.7123874e+00  -1.3436956e-01
