  -4.0643447e-01   6.0971850e+00   1.6470800e+00
   4.1944867e-01   1.0447319e+01   1.2490505e+00
  -1.2328256e+00   3.5313919e+00   2.1256558e+00
   1.2178436e+00   1.1313481e+01   1.9745646e+00
   3.7658757e-01   1.0953771e+01   1.1098962e+00
   3.6395151e-01   1.1412787e+01   1.0220904e+00
   1.0998636e-01   9.4335153e+00   1.1182556e+00
   8.6866085e-01   1.1681177e+01   1.5299831e+00
   2.8476326e-02   7.8086301e+00   1.4861649e+00
  -5.1321478e-01   9.5537956e+00   3.9341716e-01
  -3.0704637e-01   6.6393210e+00   1.5251622e+00
  -2.2180418e-01   9.3745240e+00   7.5769010e-01
   1.7077476e-01   8.3840681e+00   1.4694934e+00
   4.1727803e-01   1.0242626e+01   1.2871210e+00
  -1.7732732e-02   9.9599291e+00   8.5991628e-01
  -5.8278439e-01   1.0675823e+01   1.1170577e-01
  -3.1307260e-01   7.5373291e+00   1.1702953e+00
   4.3330872e-01   1.0987053e+01   1.1664085e+00
  -3.9679620e-01   4.0618012e+00   2.9671849e+00
   6.2890171e-01   7.0295890e+00   2.5438322e+00
   1.2026455e+00   1.1587431e+01   1.9108324e+00
  -6.1489653e-01   6.4876762e+00   1.2060552e+00
   8.9293016e-01   1.0188443e+01   1.8334599e+00
  -2.7466397e-02   7.4463930e+00   1.5475358e+00
   8.5539295e-01   8.2095421e+00   2.3488103e+00
  -1.0564877e+00   5.7297202e+00   9.9386662e-01
   1.5340169e-01   6.8111796e+00   2.0316835e+00
  -6.6877682e-01   6.5603800e+00   1.1088448e+00
   6.0928404e-01   8.4257446e+00   1.9772225e+00
  -2.1348065e-01   6.8362317e+00   1.5585152e+00
   5.1568007e-01   1.0470604e+01   1.3514832e+00
  -1.1794881e+00   6.4402164e+00   5.3377995e-01
   5.2195510e-01   8.1484641e+00   1.9643500e+00
  -4.8655335e-01   6.3971639e+00   1.4058058e+00
   1.2355337e+00   1.1388841e+01   1.9809031e+00
  -1.1410608e+00   3.8043837e+00   2.0472977e+00
   1.0252040e+00   1.0533959e+01   1.9089651e+00
  -5.4145693e-01   4.5146263e+00   2.3987034e+00
   8.1171776e-01   8.1183723e+00   2.3279816e+00
  -1.3985799e+00   3.5847676e+00   1.8377669e+00
   4.6095677e-01   7.3868003e+00   2.1742685e+00
  -1.3832742e+00   3.5892488e+00   1.8567517e+00
   6.4607934e-01   8.6731819e+00   1.9431555e+00
  -7.8907419e-01   4.4732048e+00   2.0714988e+00
   6.1373301e-01   1.0500729e+01   1.4547654e+00
  -1.5613765e+00   4.0991392e+00   1.2423985e+00
   5.8531133e-01   7.5856685e+00   2.2497434e+00
  -6.7202290e-01   4.3696061e+00   2.3130682e+00
   9.4619049e-01   9.8119296e+00   1.9815903e+00
   7.3352644e-01   1.0440391e+01   1.6006141e+00
   8.5721805e-01   8.4036293e+00   2.2834842e+00
  -2.7241213e-01   9.1316983e+00   7.5715656e-01
   5.0390234e-01   7.1116224e+00   2.3457163e+00
   1.1416126e-01   9.2650853e+00   1.1633216e+00
   8.1373291e-01   8.8601253e+00   2.0852895e+00
   6.9610636e-01   1.0067158e+01   1.6374011e+00
   5.5488361e-01   1.0228748e+01   1.4438776e+00
  -4.3080971e-01   9.7004635e+00   4.5444861e-01
   6.2739901e-01   8.1460676e+00   2.0929696e+00
   4.3046946e-01   9.5282067e+00   1.4599230e+00
   1.3836270e+00   8.9723606e+00   2.7331125e+00
  -6.3669799e-02   9.1723861e+00   9.8374731e-01
   8.6068621e-01   7.6085092e+00   2.5870293e+00
   7.1052182e-02   9.5363150e+00   1.0505061e+00
   1.2475086e+00   9.1573990e+00   2.5117451e+00
   7.3024897e-01   9.6585261e+00   1.7711323e+00
   1.1229466e+00   1.1165266e+01   1.8958514e+00
  -3.5523845e-01   9.3808457e+00   6.0668155e-01
   8.4450264e-01   8.2371303e+00   2.3256862e+00
   5.2125242e-01   9.9550503e+00   1.4645816e+00
  -4.1478123e-01   6.2103324e+00   1.5822679e+00
  -7.6829851e-02   8.3424591e+00   1.1915764e+00
  -3.8826936e-01   7.4936057e+00   1.0955305e+00
   5.5726247e-01   9.2073393e+00   1.6866884e+00
  -4.0404423e-01   9.1134883e+00   6.1302853e-01
  -4.6423385e-01   8.6708698e+00   6.5403587e-01
  -4.1764742e-01   6.9585346e+00   1.2569991e+00
   2.2099728e-01   8.5030674e+00   1.4927095e+00
  -8.0030672e-01   7.5290936e+00   5.9619807e-01
   4.5404634e-02   8.0698457e+00   1.4196515e+00
  -1.1304838e+00   8.6625795e+00  -9.5268627e-02
  -9.6505826e-01   7.9168500e+00   2.8695946e-01
  -1.0739630e+00   6.6592087e+00   5.7625305e-01
  -1.7172418e-01   7.7492615e+00   1.2668131e+00
  -2.6386891e-01   9.8609636e+00   6.0680670e-01
  -4.3334009e-01   9.3281651e+00   5.3104403e-01
  -3.6378847e-01   7.4139701e+00   1.1526922e+00
  -7.2138147e-03   8.7756149e+00   1.1499727e+00
  -1.6122665e+00   6.6091309e+00  -4.5724673e-02
  -6.0912099e-01   1.0094625e+01   1.8226924e-01
