  -4.0397317e+00  -8.2162615e-01   2.2127677e+00
  -2.1188985e+00   2.0424888e+00   2.0904053e+00
  -4.1140562e+00  -1.1805680e+00   2.6150148e+00
  -1.5544474e+00   2.5110144e+00   2.5413966e+00
  -2.9565430e+00   8.4736528e-01   1.9902578e+00
  -2.7403097e+00   1.1263910e+00   2.0384892e+00
  -3.6459584e+00  -7.3092059e-01   2.8528592e+00
  -1.5567385e+00   2.2335497e+00   2.8281168e+00
  -3.1894426e+00   6.1661972e-01   1.8614948e+00
  -3.1008378e+00   8.8978151e-01   1.6983431e+00
  -3.1802333e+00   7.1773195e-01   1.7596491e+00
  -3.3599830e+00   5.4711462e-01   1.6527361e+00
  -3.5024333e+00  -2.7306815e-02   2.1119905e+00
  -2.3355155e+00   1.7236561e+00   2.0640220e+00
  -3.4738395e+00   6.5912609e-01   1.3384364e+00
  -3.4111357e+00   8.8356371e-01   1.2001410e+00
  -3.6611146e+00  -9.8574189e-02   1.9191776e+00
  -2.2461469e+00   2.0395779e+00   1.8886625e+00
  -3.0701282e+00  -8.1367928e-02   3.0129933e+00
  -2.2934350e+00   1.0163786e+00   2.9684574e+00
  -1.9666777e+00   1.8605622e+00   2.5351963e+00
  -3.7003784e+00  -6.3956041e-01   2.6018270e+00
  -2.5959993e+00   4.1447336e-01   3.2221338e+00
  -2.4325288e+00   6.6426472e-01   3.1838221e+00
  -2.0891435e+00   1.7496160e+00   2.4487097e+00
  -3.9022369e+00  -7.2243157e-01   2.3314459e+00
  -2.4682611e+00   1.4479538e+00   2.1392563e+00
  -3.6454150e+00  -2.1860782e-01   2.1058295e+00
  -2.8735821e+00   5.8122566e-01   2.4629148e+00
  -3.0720150e+00   3.0000350e-01   2.4672790e+00
  -2.8030064e+00   1.4666680e+00   1.5708002e+00
  -4.2329542e+00  -5.6394444e-01   1.5069318e+00
  -2.7062905e+00   7.7855306e-01   2.5146945e+00
  -3.1436499e+00   1.8905406e-01   2.4833366e+00
  -1.5681839e+00   2.4795818e+00   2.5504366e+00
  -3.9769728e+00  -1.0554473e+00   2.6939619e+00
  -2.1477852e+00   1.0316267e+00   3.2247884e+00
  -3.0083548e+00  -1.7314197e-01   3.2821223e+00
  -1.7119009e+00   2.3883400e+00   2.4061356e+00
  -4.0058569e+00  -8.8705800e-01   2.3750264e+00
  -1.8678754e+00   2.4208009e+00   2.1224560e+00
  -4.4347986e+00  -1.2987858e+00   2.1613896e+00
  -2.5409586e+00   1.2204110e+00   2.2720338e+00
  -3.7790602e+00  -5.7554893e-01   2.3538610e+00
  -2.3174967e+00   2.2051566e+00   1.6194458e+00
  -4.4232088e+00  -9.1368073e-01   1.6305031e+00
  -2.2975812e+00   1.2447285e+00   2.6712033e+00
  -3.1960334e+00  -3.1797508e-02   2.6918283e+00
  -3.0160220e+00  -2.8083017e-01   3.4409833e+00
  -1.9239047e+00   1.2065148e+00   3.4183152e+00
  -2.3904382e+00   1.3548322e+00   2.3769587e+00
  -3.1770197e+00   3.5724391e-01   2.2011304e+00
  -2.4985588e+00   1.1805693e+00   2.3923091e+00
  -3.0529009e+00   4.7767964e-01   2.2708569e+00
  -2.9780779e+00   2.8556646e-01   2.6627088e+00
  -2.3424165e+00   1.2559670e+00   2.5775808e+00
  -3.0771631e+00   9.6776162e-01   1.6515042e+00
  -3.4683550e+00   4.9877316e-01   1.5264029e+00
  -2.9943286e+00   3.6730873e-01   2.5214692e+00
  -2.4313774e+00   1.2603547e+00   2.4157352e+00
  -1.9635080e+00   1.6686566e+00   2.7585459e+00
  -3.4344432e+00  -2.2169358e-01   2.5049867e+00
  -2.3884093e+00   1.3394984e+00   2.3982034e+00
  -3.3221943e+00   8.2631479e-02   2.2956348e+00
  -2.4597391e+00   8.5106618e-01   2.8750908e+00
  -2.5910178e+00   7.6386990e-01   2.7451749e+00
  -2.4736398e+00   1.5512641e+00   2.0183398e+00
  -3.6632212e+00  -6.0502432e-02   1.8665131e+00
  -2.7567089e+00   5.2946640e-01   2.7478288e+00
  -2.5623586e+00   9.1285244e-01   2.6058354e+00
  -3.2506564e+00   6.3881061e-01   1.7314676e+00
  -3.0979294e+00   8.8861263e-01   1.7044848e+00
  -3.9638743e+00  -4.4991722e-01   1.8362377e+00
  -2.2669816e+00   1.9892654e+00   1.9048656e+00
  -3.8200420e+00   3.8270123e-01   1.0788496e+00
  -3.3701051e+00   1.0673128e+00   1.0771949e+00
  -3.6950538e+00  -1.8368542e-01   1.9691685e+00
  -2.3872698e+00   1.6683786e+00   2.0368572e+00
  -4.0084482e+00  -2.6257638e-01   1.5165787e+00
  -2.5835036e+00   1.7884325e+00   1.5992142e+00
  -4.3726090e+00   6.0494444e-02   5.4792852e-01
  -3.5549317e+00   1.3067555e+00   5.6732751e-01
  -4.1628751e+00  -4.0798382e-01   1.4310844e+00
  -2.6387330e+00   1.8576020e+00   1.4465000e+00
  -3.1508979e+00   1.1495350e+00   1.3394926e+00
  -3.4681428e+00   7.3424902e-01   1.2664749e+00
  -3.7167559e+00  -1.2514892e-01   1.8542652e+00
  -2.9232971e+00   1.0338550e+00   1.8341503e+00
  -4.8633374e+00  -9.8847175e-01   9.5886209e-01
  -2.8893510e+00   1.8996149e+00   1.0262491e+00
