  -1.9327496e+00   2.6870610e+00   1.7772441e+00
   2.0055838e-01   6.4713973e+00   2.2522440e+00
  -2.6355928e+00   1.2079864e+00   2.1240327e+00
   7.1470618e-01   7.2009762e+00   2.5766476e+00
  -6.6635924e-01   5.4110351e+00   1.6623106e+00
   1.5600165e-01   5.8926562e+00   2.4993105e+00
  -1.3191756e+00   3.7680425e+00   1.8146834e+00
   8.6897757e-01   7.0850057e+00   2.8312015e+00
  -1.4179222e+00   3.3070988e+00   2.0304877e+00
  -2.4787712e-02   6.0757298e+00   2.1564140e+00
  -1.3165324e+00   3.4752586e+00   2.0455174e+00
   2.5295051e-01   6.1882038e+00   2.4672564e+00
  -1.4326719e+00   4.0633480e+00   1.4441289e+00
  -5.7311379e-01   6.1746082e+00   1.3973801e+00
  -1.7609831e+00   3.9051031e+00   1.0959499e+00
  -6.8661877e-01   6.1649078e+00   1.2583423e+00
  -1.6072489e+00   3.8868492e+00   1.3207724e+00
  -5.6254295e-01   6.1395710e+00   1.4270962e+00
  -1.7481720e+00   1.9222974e+00   2.8438468e+00
  -2.9292606e-01   4.0292286e+00   3.1583220e+00
   1.7473165e-01   6.0714564e+00   2.4251849e+00
  -1.1515509e+00   2.8817605e+00   2.8355471e+00
  -4.6720280e-01   4.6449443e+00   2.4140810e+00
  -2.0629394e-01   4.2250259e+00   3.1275981e+00
  -4.1706318e-01   4.1317364e+00   2.8777766e+00
  -1.2375460e+00   2.6638011e+00   2.9132779e+00
  -6.4280414e-01   3.9920133e+00   2.6456271e+00
  -5.4652148e-01   3.5454579e+00   3.1882529e+00
  -9.5243759e-01   4.4012297e+00   1.8890219e+00
  -1.6282338e+00   3.0619527e+00   1.9175290e+00
  -1.2232525e+00   4.5265130e+00   1.4321678e+00
  -1.6642832e+00   3.2659030e+00   1.6966449e+00
  -9.1570987e-01   4.4223009e+00   1.9266059e+00
  -1.7494916e+00   2.8955186e+00   1.8754357e+00
   4.9768351e-01   7.0876486e+00   2.3483833e+00
  -1.8878214e+00   1.4315028e+00   3.1872541e+00
   4.6299202e-02   5.8212395e+00   2.3904723e+00
  -1.1773847e+00   2.2077923e+00   3.5330552e+00
  -1.1754024e-01   4.8227356e+00   2.7978101e+00
  -1.7478581e+00   1.5817905e+00   3.2560010e+00
  -2.1765079e-01   4.8972119e+00   2.5993522e+00
  -1.4688386e+00   1.8707677e+00   3.4102529e+00
  -6.0903915e-01   5.3319733e+00   1.7830429e+00
  -2.6124107e+00   1.2756003e+00   2.0872548e+00
  -8.0678438e-01   5.3949532e+00   1.4855126e+00
  -2.1832983e+00   1.9857810e+00   2.0431202e+00
  -6.0633131e-01   4.7797917e+00   2.1242096e+00
  -2.0958355e+00   1.7764091e+00   2.4078821e+00
  -4.9588705e-01   4.2856290e+00   2.6358503e+00
   6.5759285e-01   5.7499584e+00   3.2910114e+00
  -6.1583831e-01   3.9710172e+00   2.7039502e+00
   6.3389617e-02   5.3902707e+00   2.6737355e+00
  -5.8898272e-01   3.9547475e+00   2.7586394e+00
   5.4970550e-01   5.8064367e+00   3.0995901e+00
  -7.7109808e-01   4.5199235e+00   2.0651062e+00
  -5.4371728e-01   5.4314036e+00   1.8144441e+00
  -1.2778921e+00   4.2904188e+00   1.5080352e+00
  -7.1945202e-01   5.3739333e+00   1.6123084e+00
  -7.8511227e-01   4.3895254e+00   2.1353225e+00
  -5.5386741e-01   5.3086818e+00   1.8706345e+00
  -8.6409120e-02   4.5126043e+00   3.0787304e+00
  -1.0993189e-01   4.7084876e+00   2.8927220e+00
  -3.0042870e-01   4.2283756e+00   2.9785472e+00
   3.8943822e-01   5.4290854e+00   3.1161335e+00
  -4.6730505e-01   4.8460606e+00   2.2767609e+00
  -7.0365680e-01   4.9287033e+00   1.8938063e+00
  -7.7276407e-01   4.8808537e+00   1.8284166e+00
  -8.5320587e-01   4.8355902e+00   1.7460479e+00
  -6.3757088e-01   4.4814223e+00   2.2830344e+00
  -7.0767412e-01   4.9802425e+00   1.8565880e+00
  -1.5588109e+00   3.2541106e+00   1.8625500e+00
  -5.0061787e-02   5.1041952e+00   2.6997996e+00
  -1.6767466e+00   3.7883094e+00   1.2915628e+00
  -9.2927600e-01   4.6472456e+00   1.7595481e+00
  -2.0171307e+00   3.7246129e+00   8.6494944e-01
  -1.0615502e+00   4.7008373e+00   1.5445244e+00
  -1.8727281e+00   3.5348147e+00   1.1948942e+00
  -1.0905887e+00   4.5349863e+00   1.6085425e+00
  -2.2276526e+00   3.6564164e+00   6.2425403e-01
  -1.4438924e+00   4.4166263e+00   1.2009788e+00
  -2.6644701e+00   3.3302022e+00   2.5046920e-01
  -1.3361157e+00   4.7775021e+00   1.1305190e+00
  -2.5718223e+00   3.1590541e+00   4.9049171e-01
  -1.4267678e+00   4.5618821e+00   1.1359954e+00
  -1.8616100e+00   4.0875283e+00   8.4252186e-01
  -9.2775381e-01   5.2480317e+00   1.4061134e+00
  -1.7477480e+00   3.7792557e+00   1.1988897e+00
  -1.2613306e+00   4.4373521e+00   1.4361821e+00
  -2.9021731e+00   2.9541341e+00   1.8310464e-01
  -1.6149423e+00   5.1320016e+00   5.7898886e-01
