  -2.4864349e+00   1.3686441e+00   2.1966264e+00
  -1.4135856e+00   3.4005848e+00   1.9606812e+00
  -3.1565678e+00   4.3258548e-01   2.1424273e+00
  -1.3359503e+00   3.7680208e+00   1.7904115e+00
  -1.5829541e+00   3.0354131e+00   2.0090045e+00
  -2.0019523e+00   2.3861366e+00   1.9430775e+00
  -2.2846114e+00   1.6120010e+00   2.2686240e+00
  -5.5894376e-01   3.9437934e+00   2.8141818e+00
  -2.0092669e+00   2.6253771e+00   1.7146223e+00
  -2.4912975e+00   2.4258129e+00   1.1630718e+00
  -2.7011922e+00   1.1284916e+00   2.1026583e+00
  -1.0775266e+00   3.6944315e+00   2.2276390e+00
  -2.2858463e+00   2.2279876e+00   1.6473509e+00
  -2.2583753e+00   2.8283743e+00   1.1753743e+00
  -2.3947012e+00   2.6411021e+00   1.1272234e+00
  -2.6459639e+00   2.7465934e+00   6.8532174e-01
  -2.3431048e+00   2.9110847e+00   9.8931043e-01
  -2.8299115e+00   2.5685885e+00   5.6155289e-01
  -2.3547310e+00   1.2393163e+00   2.5757685e+00
  -2.1445343e+00   1.7483367e+00   2.3561344e+00
  -7.9443566e-01   3.8925507e+00   2.4954828e+00
  -3.1034688e+00   2.8630397e-01   2.4273743e+00
  -1.3483354e+00   2.7458951e+00   2.6460994e+00
  -1.7286073e+00   1.7609601e+00   3.0685662e+00
  -1.0095951e+00   3.5855450e+00   2.4196068e+00
  -3.4942792e+00   7.4369266e-02   1.9946218e+00
  -1.9534784e+00   1.8868033e+00   2.5288621e+00
  -1.8397929e+00   2.0275684e+00   2.5688074e+00
  -1.7875731e+00   2.7497607e+00   1.9446852e+00
  -3.2169471e+00   7.9161609e-01   1.6147102e+00
  -1.6782750e+00   3.4874694e+00   1.5056541e+00
  -3.7110761e+00   3.7229792e-01   1.2675923e+00
  -1.4557378e+00   3.7346670e+00   1.6424585e+00
  -3.8414666e+00   1.6838929e-01   1.2837564e+00
  -3.5564688e-01   4.9127514e+00   2.3909394e+00
  -3.6263710e+00  -5.1420020e-01   2.5593986e+00
  -9.5180334e-01   3.6016180e+00   2.4948550e+00
  -2.2888943e+00   8.6040728e-01   3.1880845e+00
  -8.1570249e-01   4.2299947e+00   2.2053557e+00
  -3.6479914e+00  -2.2855189e-01   2.1144956e+00
  -1.5012469e+00   2.6267299e+00   2.5135098e+00
  -2.3953322e+00   8.7699927e-01   2.9617503e+00
  -1.3018668e+00   3.6695162e+00   1.9144149e+00
  -4.1302999e+00  -6.2458876e-01   1.7691725e+00
  -1.0435101e+00   4.5820734e+00   1.6434084e+00
  -4.0603207e+00  -4.3576412e-01   1.6455791e+00
  -1.1909975e+00   4.0879337e+00   1.7672543e+00
  -4.0237213e+00  -4.1591741e-01   1.6846615e+00
  -1.6626205e+00   2.0657114e+00   2.8308125e+00
  -8.9825520e-01   2.9081706e+00   3.2347217e+00
  -1.2859924e+00   3.2176318e+00   2.3080581e+00
  -2.3703223e+00   2.0689416e+00   1.6644756e+00
  -2.0706023e+00   1.5857303e+00   2.6668486e+00
  -7.5286559e-01   3.6771352e+00   2.7390721e+00
  -1.6414867e+00   2.6999686e+00   2.2182207e+00
  -2.3067192e+00   2.2196126e+00   1.6227922e+00
  -1.7110461e+00   3.2081449e+00   1.6736868e+00
  -2.7508195e+00   1.9174550e+00   1.2190378e+00
  -1.6291969e+00   3.3796877e+00   1.6588263e+00
  -2.8438719e+00   1.9536439e+00   1.0463668e+00
  -7.3592019e-01   3.8197886e+00   2.6443771e+00
  -2.7442302e+00   1.3348459e+00   1.8030165e+00
  -1.6627053e+00   1.9313729e+00   2.9841747e+00
  -1.0230789e+00   3.0358820e+00   2.8955684e+00
  -1.3370696e+00   2.9680973e+00   2.4520951e+00
  -2.3870808e+00   1.9732639e+00   1.7296146e+00
  -1.2860245e+00   3.6297199e+00   1.9684815e+00
  -2.8911054e+00   1.5257181e+00   1.3725704e+00
  -1.3007818e+00   3.5768349e+00   1.9880470e+00
  -2.9555573e+00   1.5544326e+00   1.2443663e+00
  -2.6135167e+00   1.3476592e+00   2.0056988e+00
  -1.5680627e+00   2.7593501e+00   2.2791871e+00
  -2.4889984e+00   2.0877846e+00   1.4631691e+00
  -2.5612974e+00   2.1498030e+00   1.2970701e+00
  -2.5496929e+00   2.5767391e+00   9.5423676e-01
  -2.9207479e+00   1.9024748e+00   9.7680648e-01
  -2.3822476e+00   2.8416544e+00   9.8672602e-01
  -3.2069410e+00   1.5647858e+00   8.5171874e-01
  -2.9594199e+00   1.8299280e+00   9.8346614e-01
  -2.6671433e+00   2.3840616e+00   9.4011068e-01
  -3.0433390e+00   2.3713045e+00   4.1292166e-01
  -3.2208715e+00   1.9777285e+00   4.7420567e-01
  -2.9595073e+00   2.5828320e+00   3.6989334e-01
  -3.4533736e+00   1.7524111e+00   3.2743184e-01
  -2.1667721e+00   3.1562155e+00   1.0553100e+00
  -3.0183478e+00   1.8471506e+00   8.8037600e-01
  -2.4010117e+00   2.9598439e+00   8.7041051e-01
  -3.6838259e+00   1.1160299e+00   5.5087144e-01
  -3.4946588e+00   2.1723331e+00  -6.2135833e-02
  -3.7692994e+00   1.7919808e+00  -1.4924976e-01
