   1.2520407e+00   1.4295632e+01   1.6316466e+00
   2.5802341e+00   1.7214720e+01   2.8139588e+00
   1.7496646e+00   1.6175915e+01   2.0128111e+00
   2.7408532e+00   2.0378005e+01   2.8559621e+00
   1.8507836e+00   1.8161481e+01   2.0193655e+00
   3.3767729e+00   1.9231102e+01   3.5426090e+00
   1.6997288e+00   1.7029833e+01   1.9141337e+00
   3.7400437e+00   1.9826488e+01   3.8932884e+00
   1.6183552e+00   1.5665156e+01   1.9091204e+00
   2.2066347e+00   1.9751947e+01   2.3294837e+00
   1.9779927e+00   1.6978279e+01   2.2037637e+00
   9.2374968e-01   1.6506555e+01   1.1415411e+00
   2.1236441e+00   1.8800473e+01   2.2748801e+00
   2.1917309e+00   1.6969910e+01   2.4251141e+00
   1.5842021e+00   1.8635203e+01   1.7297612e+00
   1.3530400e+00   1.9621710e+01   1.4653542e+00
   1.3862165e+00   1.7243438e+01   1.5816078e+00
   2.6835423e+00   2.1421543e+01   2.7732023e+00
   2.7783880e+00   1.4858795e+01   3.1956805e+00
   2.8639746e+00   1.6631363e+01   3.1436445e+00
   3.0421869e+00   1.6549925e+01   3.3353508e+00
   3.1354915e+00   1.6644409e+01   3.4265763e+00
   3.5385311e+00   1.9640153e+01   3.6933540e+00
   3.5901607e+00   1.6611860e+01   3.9060608e+00
   3.6674026e+00   1.8413924e+01   3.8776163e+00
   2.3262471e+00   1.7285374e+01   2.5475361e+00
   2.7474701e+00   1.5203472e+01   3.1305749e+00
   1.0408708e+00   1.3949098e+01   1.4405768e+00
   3.0560268e+00   1.7495656e+01   3.2917844e+00
   2.2794697e+00   1.4344017e+01   2.7150663e+00
   2.6479213e+00   2.0113911e+01   2.7685645e+00
   1.0073274e+00   1.4389854e+01   1.3666005e+00
   3.0217182e+00   1.7856716e+01   3.2373313e+00
   2.3758886e+00   1.6235872e+01   2.6603370e+00
   2.8767026e+00   1.7261610e+01   3.1187193e+00
   3.0071615e+00   1.3497207e+01   3.6034532e+00
   2.8652071e+00   1.7689392e+01   3.0839364e+00
   3.5815897e+00   1.5050836e+01   4.0364841e+00
   2.7329036e+00   1.5567294e+01   3.0840032e+00
   2.5211614e+00   1.3473996e+01   3.0755998e+00
   2.0335654e+00   1.6771117e+01   2.2723585e+00
   9.8648152e-01   1.2639508e+01   1.5242098e+00
   2.2450872e+00   1.7088882e+01   2.4739170e+00
   1.8642657e+00   1.2604139e+01   2.4790241e+00
   2.0907148e+00   2.1775452e+01   2.1664278e+00
   1.0030137e+00   1.1614737e+01   1.6872162e+00
   2.4935645e+00   1.8378927e+01   2.6696682e+00
   2.7520270e+00   1.6028726e+01   3.0682532e+00
   3.4222628e+00   1.9017604e+01   3.5978023e+00
   3.6695574e+00   1.6533171e+01   3.9956110e+00
   3.0345734e+00   1.7129989e+01   3.2903877e+00
   2.3964858e+00   1.6193533e+01   2.6846419e+00
   3.1435180e+00   1.6938759e+01   3.4156574e+00
   1.1625903e+00   1.6062407e+01   1.4116793e+00
   2.9618741e+00   1.6871101e+01   3.2304690e+00
   2.2963972e+00   1.5573139e+01   2.6242998e+00
   2.3625756e+00   1.7858541e+01   2.5573854e+00
   8.9507814e-01   1.5418270e+01   1.1740897e+00
   3.1840479e+00   1.8203317e+01   3.3881657e+00
   2.6325391e+00   1.6524941e+01   2.9090993e+00
   3.6033820e+00   1.6528208e+01   3.9262299e+00
   2.8552726e+00   1.7713681e+01   3.0724358e+00
   3.5845737e+00   1.6881601e+01   3.8809059e+00
   1.6647631e+00   1.8673219e+01   1.8106711e+00
   3.7588972e+00   1.9534215e+01   3.9234053e+00
   3.1223957e+00   1.8343121e+01   3.3180689e+00
   2.9955846e+00   1.9705799e+01   3.1354456e+00
   1.7992992e+00   1.8451376e+01   1.9558071e+00
   3.4450250e+00   1.8831523e+01   3.6289886e+00
   2.9733651e+00   2.0078230e+01   3.1012316e+00
   2.4107180e+00   1.6852067e+01   2.6585272e+00
   1.2693992e+00   1.6685729e+01   1.4881798e+00
   2.8118279e+00   2.0164519e+01   2.9340811e+00
   2.7652854e+00   1.7970234e+01   2.9670647e+00
   2.2138272e+00   1.9129562e+01   2.3558350e+00
   1.7753450e+00   1.5149821e+01   2.1104549e+00
   2.1805976e+00   1.6199475e+01   2.4592105e+00
   2.4482220e+00   1.7635773e+01   2.6560012e+00
   9.1589678e-01   1.4386068e+01   1.2711315e+00
   2.0552844e+00   1.4292209e+01   2.4815415e+00
   7.2768164e-01   1.7756682e+01   8.8681657e-01
   1.2769272e+00   1.6544028e+01   1.5032251e+00
   8.0522454e-01   1.3614120e+01   1.2238176e+00
   2.4540973e+00   1.5716164e+01   2.7789297e+00
   1.3890726e+00   1.8234802e+01   1.5445241e+00
   1.6836339e+00   1.9459110e+01   1.8056418e+00
   1.7584246e+00   1.6158268e+01   2.0229794e+00
   2.7001756e+00   1.9228602e+01   2.8494217e+00
   6.3676388e-01   1.5435904e+01   9.0551397e-01
   2.0462344e+00   2.0802842e+01   2.1403991e+00
