   1.3556359e+00   1.3592418e+01   1.8090650e+00
   2.3073905e+00   1.6190261e+01   2.5919256e+00
   1.8172762e+00   1.3906408e+01   2.2675503e+00
   2.8292016e+00   1.8657049e+01   3.0029797e+00
   2.1402783e+00   1.8109402e+01   2.3181655e+00
   3.1198222e+00   1.8370641e+01   3.3141702e+00
   1.7384748e+00   1.5460271e+01   2.0486364e+00
   4.8792860e+00   1.7873084e+01   5.1732203e+00
   1.2945224e+00   1.3228044e+01   1.7838520e+00
   2.5819371e+00   1.9571301e+01   2.7173557e+00
   2.0077212e+00   1.4506976e+01   2.4103069e+00
   3.7043984e+00   1.7660056e+01   3.9564828e+00
   1.9145696e+00   1.7776274e+01   2.1005468e+00
   2.0512429e+00   1.6614143e+01   2.2995265e+00
   1.4260383e+00   1.6616002e+01   1.6531742e+00
   1.3616706e+00   1.7138855e+01   1.5611747e+00
   1.0583544e+00   1.6305583e+01   1.2905738e+00
   1.8704334e+00   1.7442502e+01   2.0700821e+00
   2.3761894e+00   1.0994270e+01   3.3507999e+00
   2.3325966e+00   1.3594199e+01   2.8559885e+00
   3.6190689e+00   1.7370523e+01   3.8849657e+00
   2.8339221e+00   1.4467237e+01   3.2953630e+00
   3.5443521e+00   1.7576903e+01   3.7946582e+00
   4.2827625e+00   1.6517776e+01   4.6461968e+00
   3.6311693e+00   1.7664753e+01   3.8799394e+00
   2.1094667e+00   1.4471948e+01   2.5215441e+00
   3.2676565e+00   1.5519659e+01   3.6544175e+00
   3.5648178e+00   1.5679475e+01   3.9561374e+00
   3.3555650e+00   1.8795769e+01   3.5384025e+00
   1.9247612e+00   1.4646565e+01   2.3097349e+00
   2.7922041e+00   1.7299336e+01   3.0289734e+00
   1.2838551e+00   1.3066334e+01   1.7911920e+00
   2.8827526e+00   1.7723892e+01   3.1003305e+00
   1.8043848e+00   1.4117480e+01   2.2322398e+00
   2.8949267e+00   1.7261722e+01   3.1376278e+00
   3.0790129e+00   1.1757468e+01   3.9922029e+00
   2.6125630e+00   1.6867488e+01   2.8671726e+00
   4.5368801e+00   1.2938932e+01   5.4298748e+00
   2.7200067e+00   1.5461485e+01   3.0791587e+00
   2.7254318e+00   1.2503531e+01   3.4457910e+00
   2.3886677e+00   1.4882743e+01   2.7792293e+00
   3.9543046e+00   1.3068188e+01   4.7316516e+00
   2.3096707e+00   1.5528412e+01   2.6416676e+00
   1.9096405e+00   1.0690278e+01   2.8820349e+00
   2.2387949e+00   1.8532200e+01   2.4024438e+00
   1.8049842e+00   1.1082207e+01   2.6767875e+00
   2.3064640e+00   1.6552164e+01   2.5680210e+00
   2.3849840e+00   1.2827314e+01   3.0168643e+00
   3.3545079e+00   1.6924806e+01   3.6369905e+00
   4.8178261e+00   1.5592647e+01   5.3154540e+00
   2.9745174e+00   1.5511153e+01   3.3441039e+00
   2.6250838e+00   1.4894384e+01   3.0290672e+00
   3.3970391e+00   1.6275623e+01   3.7280408e+00
   3.8421007e+00   1.7554811e+01   4.1064631e+00
   2.8887035e+00   1.7365573e+01   3.1253863e+00
   2.1074487e+00   1.3658238e+01   2.6056211e+00
   2.9209100e+00   1.7427482e+01   3.1553906e+00
   1.5557057e+00   1.3614790e+01   2.0197410e+00
   2.4560754e+00   1.5236746e+01   2.8194087e+00
   2.2073540e+00   1.4820725e+01   2.5928647e+00
   3.1141426e+00   1.4119271e+01   3.6381817e+00
   2.5678189e+00   1.4675244e+01   2.9892603e+00
   3.8290642e+00   1.5838482e+01   4.2232511e+00
   3.9544302e+00   1.6826554e+01   4.2738501e+00
   3.4180370e+00   1.7046109e+01   3.6955013e+00
   2.3316397e+00   1.3951432e+01   2.8129421e+00
   2.9611955e+00   1.9159537e+01   3.1190714e+00
   1.8821817e+00   1.4393385e+01   2.2879921e+00
   3.1216562e+00   1.5767252e+01   3.4780874e+00
   2.3176383e+00   1.5697002e+01   2.6372451e+00
   2.9023568e+00   1.7431038e+01   3.1359643e+00
   3.6388653e+00   1.6207430e+01   3.9889473e+00
   2.8758831e+00   1.8649799e+01   3.0512153e+00
   2.4322732e+00   1.5008342e+01   2.8140935e+00
   2.5683508e+00   1.7413564e+01   2.7911301e+00
   1.5802491e+00   1.5259517e+01   1.8979842e+00
   2.2331792e+00   1.5687002e+01   2.5494964e+00
   1.9361453e+00   1.5410557e+01   2.2589879e+00
   1.1467323e+00   1.4859541e+01   1.4750740e+00
   1.9030513e+00   1.2695923e+01   2.5082314e+00
   1.2240838e+00   1.6279499e+01   1.4629446e+00
   1.5737015e+00   1.4367913e+01   1.9641578e+00
   7.8260745e-01   1.3619270e+01   1.1994564e+00
   1.8548483e+00   1.3522661e+01   2.3500254e+00
   1.9350974e+00   1.5482687e+01   2.2525265e+00
   1.9918257e+00   1.5057296e+01   2.3451693e+00
   1.6959916e+00   1.4781145e+01   2.0569357e+00
   2.4254740e+00   1.6975159e+01   2.6668380e+00
   3.2924928e-01   1.5326295e+01   5.9446309e-01
   1.6288383e+00   1.7295665e+01   1.8284583e+00
