   1.4747352e+00   1.4673293e+01   1.8334111e+00
   3.1072015e+00   1.7357423e+01   3.3526461e+00
   1.9444996e+00   1.4650161e+01   2.3302671e+00
   3.4926211e+00   1.6521136e+01   3.8101209e+00
   2.0375860e+00   1.8871351e+01   2.1845229e+00
   3.4233084e+00   1.9235520e+01   3.5902213e+00
   1.5680913e+00   1.4543827e+01   1.9426103e+00
   4.4490801e+00   2.0425532e+01   4.5993704e+00
   1.8323145e+00   1.5787929e+01   2.1236605e+00
   2.9697751e+00   1.8835574e+01   3.1401878e+00
   1.6978644e+00   1.5116064e+01   2.0318826e+00
   3.1984025e+00   1.8692702e+01   3.3810170e+00
   2.1118936e+00   1.6964489e+01   2.3428443e+00
   1.7051427e+00   1.5962048e+01   1.9799199e+00
   1.2205583e+00   1.4761508e+01   1.5598292e+00
   1.8975465e+00   1.7912665e+01   2.0773084e+00
   1.4544982e+00   1.5603040e+01   1.7427948e+00
   2.2869421e+00   1.9065371e+01   2.4326283e+00
   2.3180570e+00   1.2226099e+01   3.0385989e+00
   3.4954004e+00   1.2776713e+01   4.2640025e+00
   3.4361081e+00   1.8543539e+01   3.6325117e+00
   3.5155670e+00   1.4241503e+01   4.0600308e+00
   3.5346381e+00   1.7414742e+01   3.7941679e+00
   4.4716342e+00   1.5829886e+01   4.9134998e+00
   3.7935489e+00   1.8821147e+01   3.9888076e+00
   3.4091105e+00   1.4226303e+01   3.9457883e+00
   3.4502808e+00   1.5717613e+01   3.8307888e+00
   3.0096834e+00   1.3375241e+01   3.6236698e+00
   2.8934629e+00   1.7394392e+01   3.1287409e+00
   1.6664837e+00   1.3362862e+01   2.1665002e+00
   2.2521074e+00   1.5453229e+01   2.5870531e+00
   1.7641366e+00   1.1930685e+01   2.4734631e+00
   3.1661490e+00   1.7359112e+01   3.4138144e+00
   2.4760700e+00   1.4722056e+01   2.8870409e+00
   2.7861198e+00   1.8312790e+01   2.9730879e+00
   3.7022890e+00   1.1916819e+01   4.6831532e+00
   2.7186617e+00   1.6071112e+01   3.0301569e+00
   4.4353809e+00   1.2706488e+01   5.3624180e+00
   2.8396790e+00   1.6446026e+01   3.1305712e+00
   3.1140013e+00   1.1110960e+01   4.1878648e+00
   2.1546894e+00   1.6350112e+01   2.4226973e+00
   3.6813874e+00   1.2617232e+01   4.5064973e+00
   2.3044923e+00   1.7274728e+01   2.5256110e+00
   1.5125996e+00   9.9648321e+00   2.5989945e+00
   1.6939896e+00   1.5832136e+01   1.9767211e+00
   1.7442729e+00   9.2002843e+00   3.0972466e+00
   2.4803054e+00   1.5334630e+01   2.8367614e+00
   2.7860055e+00   1.2184616e+01   3.5708300e+00
   3.3449469e+00   1.5675960e+01   3.7225622e+00
   4.3416571e+00   1.5048258e+01   4.8611106e+00
   3.3362100e+00   1.6972613e+01   3.6147317e+00
   3.3749936e+00   1.5295460e+01   3.7898951e+00
   3.2108251e+00   1.6129377e+01   3.5430897e+00
   3.6703518e+00   1.6117666e+01   4.0297654e+00
   3.0891377e+00   1.7073817e+01   3.3505734e+00
   1.5271238e+00   1.3442456e+01   2.0081939e+00
   2.5061148e+00   1.5475266e+01   2.8524429e+00
   1.7004117e+00   1.3093880e+01   2.2354683e+00
   3.1941162e+00   1.5884781e+01   3.5449752e+00
   2.2345371e+00   1.4407506e+01   2.6608052e+00
   3.4436067e+00   1.5945290e+01   3.8039548e+00
   3.2517109e+00   1.5541672e+01   3.6354806e+00
   3.2855939e+00   1.6604053e+01   3.5866312e+00
   3.7498362e+00   1.6611550e+01   4.0743051e+00
   3.3599435e+00   1.7711310e+01   3.5953490e+00
   2.3331056e+00   1.4926946e+01   2.7164019e+00
   2.6542956e+00   1.5925004e+01   2.9733724e+00
   2.3382078e+00   1.4588278e+01   2.7533485e+00
   3.4830444e+00   1.5987522e+01   3.8421835e+00
   2.5229257e+00   1.6269651e+01   2.8115151e+00
   2.6028174e+00   1.6131165e+01   2.9045300e+00
   3.0089813e+00   1.3328731e+01   3.6296867e+00
   3.1377814e+00   1.8554124e+01   3.3245578e+00
   2.2322599e+00   1.3893607e+01   2.7127568e+00
   1.6321546e+00   1.5475740e+01   1.9365689e+00
   2.0643727e+00   1.5152108e+01   2.4137239e+00
   2.6649910e+00   1.5792846e+01   2.9945932e+00
   1.9976098e+00   1.5202189e+01   2.3395346e+00
   1.1130487e+00   1.5679394e+01   1.3834087e+00
   1.5491499e+00   1.2203428e+01   2.1936697e+00
   6.0316935e-01   1.4815991e+01   9.1196530e-01
   1.6465664e+00   1.3473334e+01   2.1324607e+00
   8.0536184e-01   1.3716389e+01   1.2141634e+00
   2.8942467e+00   1.4514596e+01   3.3550189e+00
   1.6849440e+00   1.4944217e+01   2.0319211e+00
   2.7109103e+00   1.5829376e+01   3.0400595e+00
   1.9300267e+00   1.4799158e+01   2.3018550e+00
   3.1341494e+00   1.8584273e+01   3.3195171e+00
   7.0223265e-01   1.3751022e+01   1.1023231e+00
   2.1054372e+00   1.8847273e+01   2.2546504e+00
