   1.0397409e-01   5.3510732e+00   2.7566872e+00
   1.0517777e+00   8.0392655e+00   2.6550006e+00
  -1.7059146e-01   4.9501238e+00   2.6309267e+00
   1.6923748e+00   9.2098875e+00   3.0309672e+00
   1.2507073e+00   9.2996034e+00   2.4734404e+00
   2.0230260e+00   9.2688169e+00   3.4161198e+00
   7.1944991e-01   7.5551277e+00   2.4304646e+00
   3.3655935e+00   1.0102215e+01   4.8050702e+00
   4.4887942e-01   6.9151085e+00   2.3636704e+00
   1.5190512e+00   9.5014996e+00   2.7334534e+00
   6.5698521e-01   6.7030800e+00   2.7388229e+00
   2.4729747e+00   9.5877834e+00   3.8644132e+00
   9.7434670e-01   7.7020750e+00   2.6923910e+00
   1.2544936e+00   8.6357233e+00   2.6882401e+00
   3.5094073e-01   7.7971492e+00   1.8802739e+00
   8.6990145e-01   8.8371484e+00   2.1589865e+00
   2.4271356e-01   7.6325880e+00   1.8083354e+00
   9.9047577e-01   8.1028587e+00   2.5544307e+00
   5.0938934e-01   5.0320678e+00   3.5857420e+00
   7.8950762e-01   5.6876014e+00   3.5261170e+00
   2.4842438e+00   9.5583210e+00   3.8884912e+00
   1.3152220e+00   5.9656550e+00   4.1179527e+00
   2.2308467e+00   8.5091748e+00   3.9703027e+00
   2.6755605e+00   7.0370774e+00   5.4407413e+00
   2.4297632e+00   8.9634266e+00   4.0398427e+00
   6.0855061e-01   5.3490161e+00   3.4969012e+00
   1.7367858e+00   6.6639523e+00   4.2696014e+00
   2.0641969e+00   6.9285217e+00   4.5813603e+00
   2.2318292e+00   8.8447222e+00   3.8330807e+00
   5.1948335e-01   5.4326503e+00   3.3043521e+00
   1.8001516e+00   8.5592433e+00   3.3954026e+00
   2.8902142e-01   5.5345544e+00   2.9016426e+00
   2.0403213e+00   8.9762348e+00   3.5406060e+00
   2.7067385e-01   5.0612319e+00   3.2006239e+00
   2.2225410e+00   1.0929172e+01   3.1880342e+00
   9.8700228e-01   4.8860578e+00   4.4808501e+00
   1.8818747e+00   8.7948266e+00   3.4087740e+00
   2.4911253e+00   6.2969138e+00   5.7445594e+00
   1.9349158e+00   9.1058791e+00   3.3631159e+00
   8.4410347e-01   5.4723349e+00   3.7627418e+00
   9.8869513e-01   6.8763064e+00   3.0942508e+00
   2.0507634e+00   6.1504351e+00   5.1343231e+00
   1.6154881e+00   8.6532791e+00   3.1277897e+00
   5.2165438e-01   5.1095325e+00   3.5444665e+00
   1.3735961e+00   8.7991029e+00   2.7781505e+00
   3.4681626e-01   5.0625579e+00   3.3140950e+00
   1.7522691e+00   9.1956623e+00   3.1085071e+00
   5.4038511e-01   5.0770901e+00   3.5983914e+00
   2.2469432e+00   8.9284836e+00   3.8196501e+00
   3.5194893e+00   8.3676697e+00   5.8328446e+00
   1.9730362e+00   8.3722289e+00   3.6930630e+00
   1.2789886e+00   6.9267181e+00   3.4625095e+00
   1.1676423e+00   5.8891128e+00   3.9493592e+00
   2.6365534e+00   7.9561015e+00   4.7922010e+00
   2.3963284e+00   9.0772914e+00   3.9525634e+00
   7.9472293e-01   6.1491592e+00   3.2346772e+00
   1.6172123e+00   8.1972754e+00   3.3075121e+00
   4.4795576e-01   6.0932762e+00   2.7846677e+00
   1.8626042e+00   8.9584488e+00   3.3252040e+00
   7.4728917e-01   6.1633055e+00   3.1594062e+00
   2.1120104e+00   8.0565027e+00   4.0182999e+00
   7.3425063e-01   5.5508486e+00   3.5398504e+00
   1.9795907e+00   6.8219662e+00   4.5255763e+00
   2.5732043e+00   7.6467885e+00   4.8794479e+00
   2.3446164e+00   8.0459240e+00   4.3385393e+00
   1.3114388e+00   6.9670390e+00   3.4852409e+00
   2.1226156e+00   9.0324328e+00   3.6232730e+00
   8.4325498e-01   6.5141758e+00   3.0905224e+00
   2.1221564e+00   8.2872706e+00   3.9251454e+00
   1.1684630e+00   6.6939762e+00   3.4387882e+00
   1.2418697e+00   6.3595329e+00   3.7427950e+00
   1.7924209e+00   6.5322423e+00   4.4405951e+00
   1.7519512e+00   7.8316138e+00   3.6441740e+00
   5.2689325e-01   5.7691229e+00   3.0907386e+00
   1.3144961e+00   7.8175630e+00   3.0786151e+00
   6.1531239e-01   6.3021226e+00   2.8961548e+00
   1.4048160e+00   7.9273748e+00   3.1479258e+00
   5.7155389e-01   5.8938764e+00   3.0758380e+00
   6.7979951e-01   7.5236005e+00   2.3934169e+00
   7.0230325e-01   6.4634411e+00   2.9258117e+00
   2.1825966e-01   7.5091821e+00   1.8246425e+00
   5.8991526e-01   6.8601534e+00   2.5728537e+00
   2.2001914e-01   7.7645902e+00   1.7327010e+00
   7.2053784e-01   6.8212834e+00   2.7638747e+00
   1.4682628e+00   8.5517414e+00   2.9816827e+00
   1.0383386e+00   7.0747149e+00   3.0602382e+00
   1.0958803e+00   8.0579795e+00   2.7029420e+00
   1.0048069e+00   7.1508123e+00   2.9785565e+00
   2.5697297e-02   8.1613621e+00   1.3672133e+00
   5.6740304e-01   7.5988978e+00   2.2221476e+00
