  -3.9114993e+00  -1.4234972e+00   3.4727222e+00
  -1.8972801e+00   1.2047730e+00   3.4727222e+00
  -4.1317924e+00  -1.4539624e+00   3.0364003e+00
  -1.9561968e+00   1.4503464e+00   3.0364003e+00
  -3.5226710e+00  -8.0708254e-01   3.2363675e+00
  -2.3592677e+00   7.2840304e-01   3.2363675e+00
  -3.3827691e+00  -7.6990043e-01   3.4773177e+00
  -2.0932163e+00   9.2794222e-01   3.4773177e+00
  -3.3711943e+00  -3.7758980e-01   2.8590626e+00
  -2.8807565e+00   2.7832114e-01   2.8590626e+00
  -3.5039558e+00   1.5625446e-01   1.8740263e+00
  -4.0533265e+00  -5.9881159e-01   1.8740263e+00
  -3.4557264e+00  -4.2508482e-01   2.7623680e+00
  -2.7842146e+00   4.8055669e-01   2.7623680e+00
  -3.4701195e+00   6.7666226e-02   2.0464779e+00
  -3.6026355e+00  -1.1550129e-01   2.0464779e+00
  -3.4606853e+00  -5.4583543e-01   2.9389972e+00
  -2.4962426e+00   7.5202648e-01   2.9389972e+00
  -2.9247918e+00  -2.3933790e-01   3.5682483e+00
  -2.4560816e+00   3.7484037e-01   3.5682483e+00
  -2.3106891e+00   2.6915262e-01   4.0552851e+00
  -2.9588255e+00  -5.5607282e-01   4.0552851e+00
  -2.2389606e+00   3.6472497e-01   4.0517586e+00
  -2.5479082e+00  -3.4840569e-02   4.0517586e+00
  -1.9057965e+00   9.3136463e-01   3.8543692e+00
  -3.2982536e+00  -8.7157449e-01   3.8543692e+00
  -2.5608644e+00   8.9512246e-01   2.6310192e+00
  -3.7916507e+00  -7.7736489e-01   2.6310192e+00
  -2.5804600e+00   3.5133604e-01   3.3479728e+00
  -3.2514427e+00  -5.2778732e-01   3.3479728e+00
  -2.4955777e+00   1.0167281e+00   2.5963994e+00
  -4.1542647e+00  -1.2199841e+00   2.5963994e+00
  -2.3285154e+00   5.4834670e-01   3.5642280e+00
  -3.1225940e+00  -4.9034940e-01   3.5642280e+00
  -2.2912091e+00   5.3947029e-01   3.6553981e+00
  -3.1492948e+00  -5.7633972e-01   3.6553981e+00
  -1.9498668e+00   8.1545387e-01   3.9417461e+00
  -3.1403035e+00  -7.2191518e-01   3.9417461e+00
  -1.6617526e+00   1.4662076e+00   3.5727706e+00
  -3.5694972e+00  -1.0563196e+00   3.5727706e+00
  -2.2782681e+00   1.5305972e+00   2.3698313e+00
  -4.4688962e+00  -1.4761562e+00   2.3698313e+00
  -2.5386318e+00   6.6800224e-01   2.9729568e+00
  -3.9127841e+00  -1.1439046e+00   2.9729568e+00
  -1.9618019e+00   1.7674181e+00   2.6477420e+00
  -4.3934801e+00  -1.5520068e+00   2.6477420e+00
  -2.2837159e+00   7.0982109e-01   3.4132870e+00
  -3.1129775e+00  -3.8916228e-01   3.4132870e+00
  -2.4210766e+00  -1.6072633e-01   4.5876830e+00
  -2.4347960e+00  -1.7785007e-01   4.5876830e+00
  -2.1329624e+00   7.2542161e-01   3.6974785e+00
  -3.1780644e+00  -6.3623595e-01   3.6974785e+00
  -2.5056178e+00   7.8712458e-01   2.8740378e+00
  -3.7130201e+00  -8.3033369e-01   2.8740378e+00
  -2.7276552e+00   4.6721313e-02   3.5191265e+00
  -2.9090616e+00  -1.8961894e-01   3.5191265e+00
  -2.8887509e+00   6.6644196e-01   2.3273134e+00
  -4.0011293e+00  -8.4898186e-01   2.3273134e+00
  -2.4315241e+00   4.2928864e-01   3.5345502e+00
  -3.0678712e+00  -4.0320684e-01   3.5345502e+00
  -2.1634330e+00   5.2187622e-01   3.9553549e+00
  -2.9167788e+00  -4.4961902e-01   3.9553549e+00
  -2.4129476e+00   6.8163744e-01   3.1975127e+00
  -3.4706428e+00  -7.1789324e-01   3.1975127e+00
  -2.4032014e+00   2.8951498e-01   3.8177057e+00
  -2.7517008e+00  -1.6275311e-01   3.8177057e+00
  -2.2264398e+00   1.0663795e+00   3.0283608e+00
  -3.7206606e+00  -9.3434682e-01   3.0283608e+00
  -2.5057193e+00   2.2255977e-01   3.7066407e+00
  -2.8245108e+00  -1.9181268e-01   3.7066407e+00
  -3.1200864e+00   1.8488033e-01   2.5331192e+00
  -3.4552677e+00  -2.6922186e-01   2.5331192e+00
  -2.9640247e+00  -2.0161890e-01   3.4214597e+00
  -2.6803748e+00   1.7040644e-01   3.4214597e+00
  -2.7157154e+00   5.5980679e-01   2.7840416e+00
  -3.5986970e+00  -6.2596002e-01   2.7840416e+00
  -3.0118865e+00  -1.2391025e-01   3.1969795e+00
  -2.7808922e+00   1.8240513e-01   3.1969795e+00
  -3.7984159e+00  -5.5536141e-01   2.2878236e+00
  -2.9595179e+00   5.9690258e-01   2.2878236e+00
  -3.9083137e+00  -2.4009059e-01   1.6627497e+00
  -3.7572173e+00  -2.9604510e-02   1.6627497e+00
  -3.9275255e+00  -7.5807041e-01   2.3351009e+00
  -2.7915140e+00   7.9987656e-01   2.3351009e+00
  -3.1602750e+00   5.3781683e-01   2.0061246e+00
  -3.4932321e+00   6.6855596e-02   2.0061246e+00
  -3.2649167e+00  -2.4943230e-01   2.8770116e+00
  -3.0767238e+00   9.8054153e-04   2.8770116e+00
  -4.0919508e+00  -9.0257885e-01   2.2313641e+00
  -2.9844454e+00   6.0652364e-01   2.2313641e+00
