  -2.2744764e+00   1.1062821e+00   2.8867865e+00
   7.9851380e-01   5.8967798e+00   3.3988429e+00
  -1.8216657e+00   2.1486871e+00   2.4703704e+00
   1.2387641e+00   7.1842961e+00   3.2734446e+00
  -2.4929696e-01   5.8202916e+00   1.9937906e+00
   1.5264204e+00   7.3667308e+00   3.5688101e+00
  -5.8251095e-01   4.0349537e+00   2.7028464e+00
   1.6590419e+00   6.6803346e+00   4.1450432e+00
  -9.6051299e-01   3.6786756e+00   2.4172951e+00
   7.4807450e-01   6.4561554e+00   2.9922541e+00
  -8.7949591e-01   4.2284040e+00   2.1139619e+00
  -1.7160043e-01   5.5896427e+00   2.2265799e+00
  -8.9214905e-01   3.6805654e+00   2.5203022e+00
   3.6987758e-01   5.9140096e+00   2.7810861e+00
  -9.8855483e-01   5.1176046e+00   1.3980281e+00
  -5.5001277e-01   5.6247587e+00   1.7003842e+00
  -1.3080696e+00   3.4727675e+00   2.0602009e+00
   6.4107682e-01   6.5066094e+00   2.8195607e+00
  -4.5261366e-01   3.3859835e+00   3.5016045e+00
  -2.4090826e-01   3.4716715e+00   3.7775271e+00
   1.1626257e+00   6.4288089e+00   3.5861869e+00
   2.2842807e-02   3.4906020e+00   4.2259500e+00
   3.7370851e-01   4.3792320e+00   3.9256161e+00
   8.9397811e-01   4.3617733e+00   4.8458389e+00
   7.0698011e-01   5.1649790e+00   3.7876410e+00
  -4.1017181e-01   3.2319462e+00   3.7369419e+00
   1.5487976e-01   4.9891628e+00   3.0805139e+00
  -6.0299938e-01   3.5072003e+00   3.1319405e+00
  -3.1770464e-01   4.0881604e+00   3.0685763e+00
  -3.4748817e-01   3.7594584e+00   3.3132686e+00
   2.7320133e-01   5.5862085e+00   2.8461448e+00
  -1.0925595e+00   3.0887604e+00   2.7312650e+00
   5.3602425e-02   4.3988999e+00   3.3897349e+00
  -1.4380537e-02   3.7630350e+00   3.8683852e+00
   1.0199865e+00   6.7638069e+00   3.1959842e+00
  -2.7265917e-01   2.6937762e+00   4.6509570e+00
   5.6744664e-01   5.0796481e+00   3.6382053e+00
   2.1974722e-01   3.2462134e+00   4.8976309e+00
   4.4991697e-01   5.4955683e+00   3.1591581e+00
  -4.3549690e-01   3.0136792e+00   3.9360217e+00
   9.7062233e-02   5.2012181e+00   2.8464213e+00
  -6.7594558e-01   2.8139660e+00   3.7298286e+00
  -1.4556870e-01   4.6179283e+00   2.9074254e+00
  -4.4274192e-01   3.0569378e+00   3.8732034e+00
  -2.0083038e-02   6.2535705e+00   2.0716221e+00
  -1.3283301e+00   2.5508393e+00   2.8778153e+00
   1.0855601e-01   4.5439529e+00   3.3549711e+00
  -2.2761975e-02   3.2965018e+00   4.3666940e+00
   6.8708285e-01   4.7862510e+00   4.0731540e+00
   1.6252366e+00   5.6069168e+00   4.8972540e+00
   5.3673882e-01   5.0655826e+00   3.6017485e+00
   4.9553725e-01   4.8799300e+00   3.6860593e+00
   2.0604780e-01   4.8408121e+00   3.2689183e+00
   4.6538370e-01   4.9894673e+00   3.5511857e+00
   1.8069244e-01   4.3418080e+00   3.6429114e+00
   6.2999706e-01   5.3155598e+00   3.5539389e+00
   2.2371968e-01   5.5675766e+00   2.7879063e+00
  -4.7584694e-01   4.5933755e+00   2.4379281e+00
  -3.4965513e-02   4.2196735e+00   3.4032426e+00
   8.0499838e-01   5.1986530e+00   3.9141638e+00
   7.3521248e-01   5.0029389e+00   3.9642005e+00
   1.9801370e-01   4.2392014e+00   3.7644161e+00
   4.2657931e-01   4.9545702e+00   3.5186777e+00
   6.1991794e-02   4.3695218e+00   3.4280835e+00
   2.0284729e-01   4.2473140e+00   3.7648974e+00
   5.9548360e-01   4.9697547e+00   3.7699530e+00
   3.5384256e-01   5.8534805e+00   2.7948046e+00
  -6.2790572e-01   4.0563694e+00   2.6165650e+00
  -8.7211712e-02   4.0535201e+00   3.4671894e+00
   8.7624353e-01   5.2011393e+00   4.0246126e+00
  -1.9317530e-01   4.4908438e+00   2.9331940e+00
  -3.4326834e-01   4.2361803e+00   2.9062485e+00
  -6.0424353e-01   3.7099195e+00   2.9445919e+00
   4.0425651e-01   5.2609375e+00   3.2550928e+00
  -3.1976871e-01   5.1546957e+00   2.2847154e+00
  -6.8865756e-01   4.3438529e+00   2.3075085e+00
  -6.0503531e-01   3.6388194e+00   3.0070366e+00
   4.2315171e-01   4.9087882e+00   3.5496175e+00
  -1.1536122e+00   3.5366670e+00   2.2407869e+00
  -3.6681623e-01   4.2981107e+00   2.8208123e+00
  -1.0292120e+00   4.7921856e+00   1.5328132e+00
  -9.8432221e-01   4.1802775e+00   1.9973281e+00
  -1.3147583e+00   3.4151667e+00   2.0970525e+00
   3.7036100e-01   5.0817508e+00   3.3353065e+00
  -2.2932311e-01   5.3350360e+00   2.2985997e+00
  -6.1456403e-01   4.1974032e+00   2.5262161e+00
  -7.4627312e-01   3.8618002e+00   2.5937728e+00
   1.9001794e-01   4.6677162e+00   3.3809717e+00
  -1.7461169e+00   3.2925380e+00   1.5558635e+00
  -4.0314496e-02   5.1844238e+00   2.6601532e+00
