   1.6957748e+00   1.4378716e+01   2.0921062e+00
   3.3365035e+00   1.7203731e+01   3.6004333e+00
   1.8046769e+00   1.4162897e+01   2.2280475e+00
   4.0994598e+00   1.6891486e+01   4.4219704e+00
   1.9313817e+00   1.7990728e+01   2.1087826e+00
   3.2731263e+00   1.9300393e+01   3.4336325e+00
   1.7882036e+00   1.5269997e+01   2.1146926e+00
   3.8712541e+00   1.9577972e+01   4.0371620e+00
   1.8147839e+00   1.5247121e+01   2.1442712e+00
   3.8114083e+00   1.8396332e+01   4.0275869e+00
   1.9630298e+00   1.5992668e+01   2.2461588e+00
   3.4970834e+00   1.8756599e+01   3.6858638e+00
   2.0132272e+00   1.6738157e+01   2.2531412e+00
   1.5626587e+00   1.5902887e+01   1.8356913e+00
   1.2420249e+00   1.4156986e+01   1.6335008e+00
   2.0161623e+00   1.6193892e+01   2.2884729e+00
   1.1853714e+00   1.5135085e+01   1.4950306e+00
   2.2287011e+00   1.8652355e+01   2.3876272e+00
   2.4423544e+00   1.2378360e+01   3.1512632e+00
   4.1333554e+00   1.3272361e+01   4.8978146e+00
   3.3355948e+00   1.7347091e+01   3.5908196e+00
   3.2426278e+00   1.4299618e+01   3.7556344e+00
   3.4333150e+00   1.7717451e+01   3.6712015e+00
   3.9547680e+00   1.5080948e+01   4.4362456e+00
   3.8093530e+00   1.7956049e+01   4.0487883e+00
   3.9229034e+00   1.4301367e+01   4.4987740e+00
   3.7153253e+00   1.5577755e+01   4.1263911e+00
   3.6638645e+00   1.3787697e+01   4.2857608e+00
   2.8114553e+00   1.7258890e+01   3.0511756e+00
   1.2543458e+00   1.1616108e+01   1.9630041e+00
   2.3766787e+00   1.4227379e+01   2.8310211e+00
   1.8274060e+00   1.1673871e+01   2.5881591e+00
   3.2784379e+00   1.7128545e+01   3.5445187e+00
   2.6200641e+00   1.4140038e+01   3.1016924e+00
   2.7311909e+00   1.7558299e+01   2.9520479e+00
   3.4166587e+00   1.1425324e+01   4.4664708e+00
   2.5722829e+00   1.5594290e+01   2.9125818e+00
   3.7713019e+00   1.2158427e+01   4.7079848e+00
   2.8432441e+00   1.6152412e+01   3.1549046e+00
   3.5052386e+00   1.0982920e+01   4.6936691e+00
   2.1661044e+00   1.4872376e+01   2.5446526e+00
   3.4967495e+00   1.2149640e+01   4.3904447e+00
   2.2861679e+00   1.8358410e+01   2.4577263e+00
   1.3235567e+00   9.2323866e+00   2.5799414e+00
   1.6590287e+00   1.4340035e+01   2.0568379e+00
   1.9838227e+00   9.5962886e+00   3.2624672e+00
   2.3740176e+00   1.5580770e+01   2.7051976e+00
   2.8513549e+00   1.1759348e+01   3.7295051e+00
   3.3584903e+00   1.6543090e+01   3.6674867e+00
   3.8858215e+00   1.4620370e+01   4.4163035e+00
   3.4651812e+00   1.6466455e+01   3.7853121e+00
   3.8752466e+00   1.5661620e+01   4.2894226e+00
   3.0937352e+00   1.5638831e+01   3.4593809e+00
   3.6798051e+00   1.5649299e+01   4.0815980e+00
   3.0972117e+00   1.7572528e+01   3.3303103e+00
   1.0226671e+00   1.2259951e+01   1.6129548e+00
   2.5733459e+00   1.4938922e+01   2.9699400e+00
   1.7594402e+00   1.3007689e+01   2.3101325e+00
   3.0639044e+00   1.5497542e+01   3.4400232e+00
   2.2033548e+00   1.4387825e+01   2.6295715e+00
   3.5602992e+00   1.5863280e+01   3.9348272e+00
   3.9887189e+00   1.6261990e+01   4.3554749e+00
   3.6386229e+00   1.5820355e+01   4.0219352e+00
   4.0363610e+00   1.8155706e+01   4.2738187e+00
   3.3391531e+00   1.7805622e+01   3.5686770e+00
   1.9207682e+00   1.5781572e+01   2.2162962e+00
   2.9529037e+00   1.4901303e+01   3.3777169e+00
   2.4369982e+00   1.5407234e+01   2.7851582e+00
   3.6063345e+00   1.6185906e+01   3.9562771e+00
   2.8880615e+00   1.7159087e+01   3.1363561e+00
   2.5892361e+00   1.5472393e+01   2.9402627e+00
   3.1254726e+00   1.3542994e+01   3.7269950e+00
   3.1630199e+00   1.8981947e+01   3.3328281e+00
   2.0966444e+00   1.3297113e+01   2.6378740e+00
   1.4908973e+00   1.4177247e+01   1.8942877e+00
   1.9701963e+00   1.4538342e+01   2.3676412e+00
   2.5552372e+00   1.6066454e+01   2.8592978e+00
   1.8489004e+00   1.5674115e+01   2.1487597e+00
   9.8683258e-01   1.5680290e+01   1.2526355e+00
   1.1617867e+00   1.1669853e+01   1.8524456e+00
   4.1546181e-01   1.3339243e+01   8.3960877e-01
   2.0041103e+00   1.4070701e+01   2.4495672e+00
   7.9614743e-01   1.3637347e+01   1.2119961e+00
   3.1574613e+00   1.4666011e+01   3.6215314e+00
   1.6063956e+00   1.3133331e+01   2.1293456e+00
   2.8570443e+00   1.6058045e+01   3.1763288e+00
   1.7934142e+00   1.4827250e+01   2.1555509e+00
   3.1705497e+00   1.7085213e+01   3.4347047e+00
   7.2557183e-01   1.3973485e+01   1.1067439e+00
   2.1020922e+00   1.7048543e+01   2.3282619e+00
