  -2.5543644e+00   6.1321285e-01   3.0186630e+00
  -1.0826584e-01   4.7374813e+00   2.8736985e+00
  -2.0058090e+00   1.6462692e+00   2.7101638e+00
   6.6625077e-01   5.6138091e+00   3.3951687e+00
  -8.5889340e-01   4.4991748e+00   1.9548879e+00
   4.7955073e-01   5.6378501e+00   3.1075295e+00
  -1.6206513e+00   1.7543685e+00   3.2743055e+00
   9.7198324e-01   5.5567825e+00   3.8951026e+00
  -1.4875109e+00   2.7939069e+00   2.3749507e+00
  -3.9622974e-01   4.3792193e+00   2.7133184e+00
  -8.8059227e-01   4.0174029e+00   2.2687468e+00
  -9.1390323e-01   3.9072188e+00   2.3042944e+00
  -1.2379674e+00   2.9679108e+00   2.6109292e+00
  -1.2483457e-01   4.4634373e+00   3.0589218e+00
  -1.3298312e+00   3.5441593e+00   1.9707390e+00
  -1.1115301e+00   4.0221828e+00   1.9279812e+00
  -1.8414764e+00   2.2279637e+00   2.3556537e+00
   4.2765907e-01   5.2198824e+00   3.3195944e+00
  -7.5053625e-01   2.6235444e+00   3.8178085e+00
  -3.2323640e-01   2.9680428e+00   4.1982077e+00
   7.1913109e-01   5.5955209e+00   3.4859047e+00
  -3.7350332e-01   2.9277667e+00   4.1527013e+00
  -4.6327498e-01   2.6578315e+00   4.3205840e+00
   5.0456565e-01   3.7425024e+00   4.8288627e+00
   3.3201701e-01   4.4744845e+00   3.7705897e+00
  -1.0871813e+00   2.2672859e+00   3.6271991e+00
  -1.4433205e-01   4.4376973e+00   3.0495529e+00
  -1.3485459e+00   2.4963544e+00   2.9010513e+00
  -6.7245826e-01   3.2773770e+00   3.2395507e+00
  -5.3713894e-01   3.1978735e+00   3.5515483e+00
  -3.2558801e-01   4.2793468e+00   2.8985876e+00
  -1.4467575e+00   2.3953621e+00   2.8414351e+00
  -3.2521669e-01   3.4696931e+00   3.6338832e+00
  -2.6526248e-01   3.0903720e+00   4.1595371e+00
   6.0013682e-01   6.0228553e+00   3.0372719e+00
  -6.8200803e-01   2.3717407e+00   4.2696352e+00
  -3.2172542e-01   3.1476144e+00   3.9890713e+00
   1.9188957e-01   3.1170680e+00   5.0146269e+00
  -3.8860276e-03   4.5709794e+00   3.1589503e+00
  -9.2800962e-01   2.3907549e+00   3.7716871e+00
  -2.2636028e-01   4.7714193e+00   2.6748881e+00
  -1.1849863e+00   2.2338799e+00   3.4873344e+00
  -5.9510574e-01   3.7188620e+00   2.9511768e+00
  -5.8487869e-01   2.7548994e+00   3.9669118e+00
  -4.3894044e-01   4.8638022e+00   2.3051899e+00
  -1.4062572e+00   2.4366064e+00   2.8663828e+00
  -4.6693179e-01   3.4494939e+00   3.4134445e+00
  -1.5179247e-01   3.0572479e+00   4.4137847e+00
  -3.8637184e-01   2.8279030e+00   4.2516717e+00
   1.2275458e+00   4.8678635e+00   4.9131763e+00
   8.8437082e-02   4.3402864e+00   3.4955399e+00
  -2.4583427e-01   3.6920813e+00   3.5458606e+00
   2.8404700e-02   4.3273488e+00   3.4108978e+00
  -3.5128585e-01   3.7522361e+00   3.3137875e+00
  -2.6165013e-01   3.4023762e+00   3.8146872e+00
   3.9062235e-01   4.4655382e+00   3.8744266e+00
  -3.3992019e-01   4.3398234e+00   2.8287775e+00
  -7.1705954e-01   3.8769146e+00   2.6260702e+00
  -4.8907793e-01   3.2912228e+00   3.5366772e+00
   4.5279179e-01   4.3556358e+00   4.0801456e+00
   2.5072294e-01   4.2038138e+00   3.8851755e+00
  -7.7683684e-01   2.5734654e+00   3.8296166e+00
   2.2217822e-01   4.4692815e+00   3.5978067e+00
  -9.2054735e-01   2.7609908e+00   3.3541218e+00
  -1.6350675e-01   3.4243961e+00   3.9642907e+00
  -7.0979828e-03   3.6350764e+00   4.0141681e+00
  -1.7656695e-01   4.4073166e+00   3.0243896e+00
  -1.1347138e+00   2.8033186e+00   2.9425808e+00
  -5.9016374e-01   2.9544920e+00   3.7239780e+00
   1.5381583e-01   3.6980179e+00   4.2322747e+00
  -5.2048940e-01   3.9127077e+00   2.9002774e+00
  -8.0076967e-01   3.2710078e+00   3.0329439e+00
  -1.1269128e+00   2.7440355e+00   3.0169037e+00
   3.2303786e-01   4.6240136e+00   3.6263092e+00
  -8.9509241e-01   3.6330845e+00   2.5557134e+00
  -8.2700926e-01   3.6781405e+00   2.6228157e+00
  -1.0778885e+00   2.6436781e+00   3.2079951e+00
   3.2863807e-01   4.2368078e+00   3.9845487e+00
  -1.5514420e+00   2.7838225e+00   2.2827597e+00
  -2.8810838e-01   3.8898616e+00   3.2899219e+00
  -1.4986120e+00   3.5130812e+00   1.7465770e+00
  -9.6709874e-01   3.9048792e+00   2.2269974e+00
  -1.7193793e+00   2.4138069e+00   2.3685090e+00
   2.7439994e-01   4.6156520e+00   3.5561892e+00
  -8.0093758e-01   4.1220865e+00   2.3070029e+00
  -6.5378393e-01   3.9449326e+00   2.6671720e+00
  -1.3174634e+00   2.7003327e+00   2.7423264e+00
   8.6038203e-02   4.2478144e+00   3.5733304e+00
  -2.3679770e+00   2.0332154e+00   1.7020876e+00
  -2.5399217e-01   4.2984852e+00   2.9930430e+00
