   1.7107544e+00   1.4795418e+01   2.0712652e+00
   3.0239962e+00   1.7612161e+01   3.2522965e+00
   2.1182359e+00   1.6313751e+01   2.3870672e+00
   3.5313767e+00   2.0714804e+01   3.6519342e+00
   2.1502800e+00   2.0392627e+01   2.2553633e+00
   2.8085026e+00   2.0850244e+01   2.9127775e+00
   1.9518611e+00   1.8946878e+01   2.0944895e+00
   3.5352221e+00   2.1158578e+01   3.6440790e+00
   1.8723093e+00   1.5557450e+01   2.1814443e+00
   2.6040409e+00   2.1013070e+01   2.7013994e+00
   2.2558129e+00   1.6519928e+01   2.5173518e+00
   1.5595911e+00   1.7198158e+01   1.7618055e+00
   2.3419138e+00   1.8971677e+01   2.4920049e+00
   2.8616614e+00   1.7753049e+01   3.0770627e+00
   1.8911662e+00   1.7987169e+01   2.0676955e+00
   2.0049355e+00   2.0578785e+01   2.1035149e+00
   1.6561111e+00   1.7162322e+01   1.8627720e+00
   2.9451384e+00   2.2145875e+01   3.0240761e+00
   3.1982434e+00   1.5234945e+01   3.6070237e+00
   3.5537101e+00   1.6982915e+01   3.8416419e+00
   3.3525629e+00   1.7043902e+01   3.6272233e+00
   2.6488238e+00   1.7080394e+01   2.8924970e+00
   3.7095318e+00   2.0684455e+01   3.8345126e+00
   3.1089564e+00   1.7450354e+01   3.3492198e+00
   3.9829871e+00   1.9931480e+01   4.1387032e+00
   2.6038590e+00   1.7672747e+01   2.8147732e+00
   3.0291779e+00   1.5370041e+01   3.4145264e+00
   1.7836395e+00   1.5263713e+01   2.1103908e+00
   3.1461097e+00   1.7809938e+01   3.3684143e+00
   2.6962815e+00   1.4956949e+01   3.0988597e+00
   2.9870919e+00   2.0646915e+01   3.0994353e+00
   1.7013953e+00   1.6169894e+01   1.9631099e+00
   3.3034034e+00   1.8429343e+01   3.5008146e+00
   2.5986250e+00   1.6040635e+01   2.9065649e+00
   3.0994786e+00   1.8705372e+01   3.2787262e+00
   2.4064108e+00   1.3321450e+01   2.9708365e+00
   2.9200056e+00   1.8707594e+01   3.0941937e+00
   3.3706125e+00   1.5003227e+01   3.8146658e+00
   2.8061372e+00   1.6029445e+01   3.1249976e+00
   2.9619812e+00   1.3948859e+01   3.4940725e+00
   2.2637850e+00   1.6220494e+01   2.5444918e+00
   1.8344489e+00   1.3642934e+01   2.3144710e+00
   2.3784241e+00   1.6818346e+01   2.6269711e+00
   2.3505089e+00   1.2523468e+01   3.0256403e+00
   2.3726720e+00   2.2700965e+01   2.4363828e+00
   1.6937870e+00   1.2330126e+01   2.3329020e+00
   2.7213970e+00   1.8742394e+01   2.8889723e+00
   3.0020149e+00   1.5861661e+01   3.3440399e+00
   3.7375089e+00   1.9491964e+01   3.9030526e+00
   3.4808878e+00   1.6147380e+01   3.8267135e+00
   3.2396894e+00   1.7964822e+01   3.4573620e+00
   2.7163947e+00   1.5957393e+01   3.0361408e+00
   3.5064713e+00   1.7127913e+01   3.7826672e+00
   1.9433307e+00   1.6321209e+01   2.2049319e+00
   3.1807010e+00   1.7348277e+01   3.4295702e+00
   2.7570272e+00   1.5224730e+01   3.1388070e+00
   2.9513746e+00   1.8998569e+01   3.1149996e+00
   1.6187084e+00   1.5571453e+01   1.9158749e+00
   3.2398730e+00   1.7287347e+01   3.4947046e+00
   2.7850695e+00   1.6658888e+01   3.0595490e+00
   3.7731040e+00   1.6140879e+01   4.1368128e+00
   3.1232707e+00   1.7376328e+01   3.3682642e+00
   3.9568496e+00   1.7257631e+01   4.2457543e+00
   2.2317774e+00   1.8197950e+01   2.4084070e+00
   3.8243504e+00   1.9089101e+01   4.0087620e+00
   3.3655226e+00   1.7246958e+01   3.6280416e+00
   3.4605663e+00   2.1930564e+01   3.5505357e+00
   2.2106061e+00   1.8180881e+01   2.3873843e+00
   3.8539296e+00   1.9044294e+01   4.0411912e+00
   3.1733983e+00   2.0598317e+01   3.2903705e+00
   2.9277718e+00   1.7592018e+01   3.1537002e+00
   2.0350267e+00   1.7568362e+01   2.2335884e+00
   3.1806788e+00   2.1152633e+01   3.2836931e+00
   3.2017613e+00   1.9209156e+01   3.3638479e+00
   2.4473739e+00   1.9500275e+01   2.5822871e+00
   1.8855468e+00   1.5029624e+01   2.2356868e+00
   2.5449199e+00   1.6903629e+01   2.7948058e+00
   2.8849778e+00   1.9007128e+01   3.0466033e+00
   9.3983114e-01   1.5091576e+01   1.2425147e+00
   2.4870425e+00   1.4758425e+01   2.8952269e+00
   7.0611688e-01   1.9278350e+01   8.1785350e-01
   1.8039887e+00   1.6926395e+01   2.0268553e+00
   8.2315162e-01   1.4124828e+01   1.1959375e+00
   2.6074853e+00   1.5263412e+01   2.9770939e+00
   1.7380642e+00   1.8643318e+01   1.8864964e+00
   2.2087334e+00   2.0317524e+01   2.3165669e+00
   1.9168917e+00   1.5792980e+01   2.2114725e+00
   3.0611562e+00   2.0482383e+01   3.1792112e+00
   5.8532528e-01   1.5979887e+01   8.2081661e-01
   2.1110890e+00   2.0411081e+01   2.2151343e+00
