   8.9555861e-01   1.4628844e+01   1.2304805e+00
   2.1456735e+00   1.6735297e+01   2.3904412e+00
   1.4122708e+00   1.5712926e+01   1.6916832e+00
   2.0809961e+00   1.9551983e+01   2.2073317e+00
   1.1926753e+00   1.6051024e+01   1.4434333e+00
   2.6451033e+00   1.8002742e+01   2.8417097e+00
   1.3040272e+00   1.6229938e+01   1.5482735e+00
   2.8697214e+00   1.8115236e+01   3.0680044e+00
   1.0972559e+00   1.4167688e+01   1.4801185e+00
   1.7829264e+00   1.8789562e+01   1.9273338e+00
   1.3441727e+00   1.6208337e+01   1.5909902e+00
   1.5578171e-01   1.5993268e+01   3.7844114e-01
   1.6585180e+00   1.8433676e+01   1.8125952e+00
   1.4118769e+00   1.6221446e+01   1.6602417e+00
   9.6314190e-01   1.7762590e+01   1.1269487e+00
   2.6347827e-01   1.8169790e+01   4.0007863e-01
   9.5244913e-01   1.5926821e+01   1.2023931e+00
   1.8379892e+00   1.8707669e+01   1.9863038e+00
   2.4164666e+00   1.5039477e+01   2.7946077e+00
   2.1690891e+00   1.6554999e+01   2.4251946e+00
   2.4487446e+00   1.5456224e+01   2.7935706e+00
   2.3724790e+00   1.5503259e+01   2.7096119e+00
   3.2222646e+00   1.9102020e+01   3.3889699e+00
   2.8306823e+00   1.5717441e+01   3.1749369e+00
   3.1168994e+00   1.6360001e+01   3.4270181e+00
   1.7924222e+00   1.6617481e+01   2.0314251e+00
   2.3675259e+00   1.5255281e+01   2.7244392e+00
   5.5642572e-01   1.3568732e+01   9.6595181e-01
   2.6979407e+00   1.7638110e+01   2.9136381e+00
   1.5173483e+00   1.4045489e+01   1.9348447e+00
   2.1050648e+00   1.9646105e+01   2.2291128e+00
   1.3841011e-02   1.3961069e+01   3.6351424e-01
   2.3950698e+00   1.6595772e+01   2.6574562e+00
   1.6831602e+00   1.4866180e+01   2.0363943e+00
   2.3250480e+00   1.6090315e+01   2.6170427e+00
   2.3637783e+00   1.3583303e+01   2.8910463e+00
   2.5469653e+00   1.7550110e+01   2.7620975e+00
   2.9849288e+00   1.4939764e+01   3.4081034e+00
   2.2360214e+00   1.4508654e+01   2.6524361e+00
   1.9900504e+00   1.3461294e+01   2.5025783e+00
   1.6317938e+00   1.6880543e+01   1.8516292e+00
   3.6314491e-01   1.2055571e+01   9.3015600e-01
   1.8698530e+00   1.7384635e+01   2.0721771e+00
   9.4371031e-01   1.1587893e+01   1.6265743e+00
   1.6275139e+00   2.0573526e+01   1.7211191e+00
  -9.1245884e-02   1.0510758e+01   6.7421191e-01
   2.0387644e+00   1.7794998e+01   2.2272782e+00
   2.1319242e+00   1.5857106e+01   2.4314346e+00
   3.0516378e+00   1.8653877e+01   3.2316773e+00
   2.9059294e+00   1.5546685e+01   3.2684767e+00
   2.3617879e+00   1.4975027e+01   2.7424671e+00
   1.7497508e+00   1.4930376e+01   2.1010928e+00
   2.5960828e+00   1.6906643e+01   2.8477510e+00
   4.4734492e-01   1.5186390e+01   7.2530395e-01
   2.4196257e+00   1.6654842e+01   2.6793965e+00
   1.4294099e+00   1.5022901e+01   1.7580547e+00
   1.8578352e+00   1.7879122e+01   2.0379746e+00
  -7.6721589e-02   1.4298979e+01   2.4328021e-01
   2.5610807e+00   1.7183648e+01   2.7958117e+00
   1.8067613e+00   1.5336812e+01   2.1290832e+00
   3.1173274e+00   1.5491062e+01   3.4972783e+00
   2.3275363e+00   1.7392257e+01   2.5434500e+00
   2.9855566e+00   1.7288208e+01   3.2302254e+00
   1.0836767e+00   1.8590447e+01   1.2211483e+00
   3.1069371e+00   1.9902449e+01   3.2429216e+00
   2.2225522e+00   1.8650178e+01   2.3814150e+00
   2.0327345e+00   1.8166062e+01   2.2055846e+00
   6.7469329e-01   1.7567057e+01   8.3983015e-01
   2.7316776e+00   1.7666525e+01   2.9470717e+00
   2.2095018e+00   1.8117070e+01   2.3888818e+00
   1.9722502e+00   1.6897511e+01   2.2020953e+00
   4.8212026e-01   1.4985625e+01   7.7453562e-01
   2.3149209e+00   1.9021634e+01   2.4626967e+00
   1.8671680e+00   1.5218151e+01   2.2014031e+00
   1.6289437e+00   1.9597111e+01   1.7462321e+00
   5.9500125e-01   1.3228034e+01   1.0403276e+00
   1.6333412e+00   1.5537719e+01   1.9334611e+00
   1.6709529e+00   1.5235764e+01   1.9945737e+00
   4.4549788e-01   1.4754842e+01   7.5250070e-01
   1.1580032e+00   1.3759635e+01   1.5823740e+00
   1.3774314e-01   1.7120532e+01   3.0909743e-01
   2.2115909e-01   1.5708250e+01   4.6082326e-01
   2.5821128e-01   1.3059448e+01   7.0182754e-01
   1.6627274e+00   1.5107837e+01   1.9957125e+00
   6.7803331e-01   1.7403492e+01   8.4959201e-01
   5.7577292e-01   1.8041236e+01   7.2197631e-01
   1.2461430e+00   1.5699120e+01   1.5201457e+00
   2.0847658e+00   1.8171196e+01   2.2587163e+00
   1.3674805e-01   1.5220140e+01   4.0223033e-01
   1.3934240e+00   1.9845556e+01   1.5006669e+00
