   1.1459711e+00   1.3145144e+01   1.6346406e+00
   3.4473028e+00   1.7077333e+01   3.7240759e+00
   8.8692910e-01   1.4001279e+01   1.2737791e+00
   2.5127535e+00   1.9172186e+01   2.6597353e+00
   1.6941317e+00   1.9189662e+01   1.8241626e+00
   2.5727431e+00   1.8301211e+01   2.7542009e+00
   1.7951921e+00   1.8891262e+01   1.9364893e+00
   3.6582324e+00   1.6185845e+01   4.0112321e+00
   1.1763464e+00   1.2314065e+01   1.7718147e+00
   3.3162255e+00   1.9603027e+01   3.4668912e+00
   1.4085006e+00   1.3732961e+01   1.8506198e+00
   2.4670788e+00   1.6505808e+01   2.7379389e+00
   1.7260073e+00   1.7249417e+01   1.9305448e+00
   2.1074782e+00   1.6417984e+01   2.3694695e+00
   1.2469787e+00   1.7377929e+01   1.4328532e+00
   1.1336812e+00   1.8261524e+01   1.2829761e+00
   1.0694619e+00   1.5630318e+01   1.3413201e+00
   1.8269558e+00   1.6871634e+01   2.0534068e+00
   2.0280299e+00   1.2520103e+01   2.6707530e+00
   2.4198718e+00   1.4138183e+01   2.8868956e+00
   3.4166394e+00   1.7589511e+01   3.6610527e+00
   2.9595551e+00   1.4853040e+01   3.3896596e+00
   3.1437029e+00   1.8969173e+01   3.3134950e+00
   3.5906819e+00   1.7757995e+01   3.8324860e+00
   3.5087171e+00   1.6700192e+01   3.8140195e+00
   3.0926881e+00   1.5596122e+01   3.4619420e+00
   2.5782392e+00   1.5152603e+01   2.9558157e+00
   2.7441831e+00   1.5028403e+01   3.1430838e+00
   2.9728052e+00   1.9964969e+01   3.1040561e+00
   2.3794364e+00   1.3811743e+01   2.8804229e+00
   2.4426804e+00   1.8042072e+01   2.6316283e+00
   1.3382090e+00   1.4943876e+01   1.6687296e+00
   2.8885720e+00   1.6904399e+01   3.1520390e+00
   2.4337959e+00   1.4706431e+01   2.8435932e+00
   2.8638689e+00   1.8572801e+01   3.0420267e+00
   2.9796217e+00   1.1227180e+01   3.9995770e+00
   2.4624155e+00   1.8337994e+01   2.6393673e+00
   3.9102643e+00   1.3488821e+01   4.6075570e+00
   2.4870120e+00   1.4498799e+01   2.9207311e+00
   3.1562845e+00   1.2892903e+01   3.8616908e+00
   1.9609725e+00   1.3250418e+01   2.4970782e+00
   2.4852414e+00   1.1965270e+01   3.2724223e+00
   2.0489140e+00   1.6209517e+01   2.3215405e+00
   1.9486351e+00   1.0910007e+01   2.8772211e+00
   2.1102943e+00   1.8540651e+01   2.2705864e+00
   1.3742294e+00   1.1559439e+01   2.1048616e+00
   2.1173913e+00   1.6036286e+01   2.4040752e+00
   2.6656853e+00   1.2997187e+01   3.3004596e+00
   3.0475001e+00   1.8682118e+01   3.2262480e+00
   4.2865338e+00   1.6885620e+01   4.6201246e+00
   2.8297922e+00   1.4788792e+01   3.2574536e+00
   3.1414917e+00   1.6555938e+01   3.4389287e+00
   2.5986085e+00   1.4675323e+01   3.0220692e+00
   2.8022167e+00   1.5752706e+01   3.1421247e+00
   2.5436749e+00   1.6674551e+01   2.8071705e+00
   2.2651594e+00   1.4729664e+01   2.6623918e+00
   2.1596862e+00   1.8033191e+01   2.3412534e+00
   1.4261810e+00   1.4639504e+01   1.7852340e+00
   2.3079215e+00   1.5272934e+01   2.6601749e+00
   2.5523773e+00   1.5587852e+01   2.8921434e+00
   3.3683874e+00   1.3748326e+01   3.9651797e+00
   3.4127496e+00   1.7676290e+01   3.6521237e+00
   3.2904971e+00   1.4960274e+01   3.7331452e+00
   2.8031399e+00   1.7551756e+01   3.0268058e+00
   3.1546710e+00   1.6926057e+01   3.4281045e+00
   2.6530856e+00   1.5743346e+01   2.9858975e+00
   2.5967058e+00   1.8670298e+01   2.7638991e+00
   1.6922543e+00   1.5798200e+01   1.9771491e+00
   3.0490890e+00   1.6231089e+01   3.3652257e+00
   2.8195225e+00   1.7387052e+01   3.0525018e+00
   2.2581174e+00   1.5238642e+01   2.6105397e+00
   2.5087226e+00   1.5008820e+01   2.8950133e+00
   2.5052045e+00   2.0292414e+01   2.6185133e+00
   2.4870928e+00   1.6558590e+01   2.7554647e+00
   1.8315118e+00   1.6551355e+01   2.0755626e+00
   1.3690490e+00   1.6347094e+01   1.6088827e+00
   2.2265570e+00   1.5620318e+01   2.5475006e+00
   2.2616729e+00   1.5875100e+01   2.5657456e+00
   8.1584813e-01   1.4464397e+01   1.1601312e+00
   1.9291658e+00   1.3534690e+01   2.4284197e+00
   2.9841919e-01   1.6441484e+01   5.0272174e-01
   1.4780004e+00   1.5191881e+01   1.7961633e+00
   5.2571422e-01   1.4737419e+01   8.3708567e-01
   2.3524224e+00   1.4912049e+01   2.7381845e+00
   1.4396743e+00   1.5193162e+01   1.7560488e+00
   1.9900886e+00   1.7301171e+01   2.1999551e+00
   1.6895577e+00   1.5616252e+01   1.9866176e+00
   2.8283620e+00   1.7589621e+01   3.0509391e+00
   3.3411525e-01   1.5692215e+01   5.7800997e-01
   2.0640703e+00   1.8633615e+01   2.2199053e+00
