   1.7621455e+00   1.3109104e+01   2.3001509e+00
   1.2809803e+00   1.3382241e+01   1.7521783e+00
   2.1347101e+00   1.2790697e+01   2.7477626e+00
   8.0110086e-01   1.5489390e+01   1.0722202e+00
   2.0437090e+00   1.6479425e+01   2.2995913e+00
   1.9940944e+00   1.4818036e+01   2.3677936e+00
   2.2873463e+00   1.5871136e+01   2.5928722e+00
   1.5849380e+00   1.1378388e+01   2.3712891e+00
   1.3620672e+00   1.1117748e+01   2.1710565e+00
   3.0021342e+00   1.6744120e+01   3.2805544e+00
   2.4468800e+00   1.4774332e+01   2.8510420e+00
   2.0199907e-01   1.3319693e+01   6.1683279e-01
   2.6385841e+00   1.4563806e+01   3.0759663e+00
   2.0398656e+00   1.5823838e+01   2.3376353e+00
   1.5240579e+00   1.2237557e+01   2.1611150e+00
   2.9804980e-01   1.3828036e+01   6.7136488e-01
   1.7054477e+00   1.3118074e+01   2.2378809e+00
   1.4161537e+00   1.3112985e+01   1.9274575e+00
   3.0894236e+00   1.1959119e+01   3.9610295e+00
   5.5347853e-01   1.0013334e+01   1.4881526e+00
   4.0463663e+00   1.6652337e+01   4.3843652e+00
   1.3573021e+00   1.0351094e+01   2.3257053e+00
   4.0721589e+00   1.7384340e+01   4.3581996e+00
   1.9704289e+00   1.2575455e+01   2.5993179e+00
   4.0441220e+00   1.5710839e+01   4.4656240e+00
   2.5096579e+00   1.1180071e+01   3.4625645e+00
   3.8537515e+00   1.4246415e+01   4.4301718e+00
   2.0747124e-01   9.9889673e+00   1.1049481e+00
   3.8564542e+00   1.5504071e+01   4.2848894e+00
   1.4961180e+00   1.1243123e+01   2.2972573e+00
   2.6730000e+00   1.3153078e+01   3.2855662e+00
   3.4434437e-01   1.0882502e+01   1.0867532e+00
   3.7099704e+00   1.4887060e+01   4.1931834e+00
   1.7060416e+00   1.1925681e+01   2.4100543e+00
   2.7244475e+00   1.5946306e+01   3.0454231e+00
   1.5259436e+00   9.4064280e+00   2.7695974e+00
   2.8743723e+00   1.7844293e+01   3.0856763e+00
   2.3352796e+00   1.0489569e+01   3.4278604e+00
   2.2238214e+00   1.1899701e+01   2.9906911e+00
   2.5058122e+00   9.3743245e+00   3.9804259e+00
   2.5150161e+00   1.5321880e+01   2.8744446e+00
  -1.6875040e-02   8.4427373e+00   1.2321066e+00
   1.6372977e+00   1.1889217e+01   2.3401411e+00
   9.9818966e-01   8.0386330e+00   2.5883514e+00
   1.8603221e+00   1.2496474e+01   2.4904291e+00
   3.6565266e-01   9.4249284e+00   1.4110022e+00
   2.6398490e+00   1.5341527e+01   3.0046096e+00
   2.3171792e+00   1.0204494e+01   3.4838665e+00
   3.9919596e+00   1.7872212e+01   4.2437420e+00
   2.4142377e+00   1.2491961e+01   3.1012923e+00
   2.9764615e+00   1.3551570e+01   3.5621862e+00
   2.1297495e+00   1.2772752e+01   2.7449239e+00
   3.4035798e+00   1.3636456e+01   4.0200706e+00
  -1.3469228e-01   1.0685371e+01   5.9653629e-01
   3.4620909e+00   1.3845126e+01   4.0546944e+00
   1.2118369e+00   9.7594760e+00   2.3017536e+00
   2.7777219e+00   1.4030895e+01   3.2843618e+00
   6.9557271e-02   1.1959869e+01   6.2820850e-01
   3.4584268e+00   1.5464656e+01   3.8627359e+00
   1.6303654e+00   1.2865607e+01   2.1889907e+00
   3.2395471e+00   1.2139633e+01   4.0960406e+00
   3.4906150e+00   1.6402147e+01   3.8169605e+00
   4.2697090e+00   1.5895202e+01   4.6895182e+00
   4.6158874e-01   1.3749929e+01   8.4958775e-01
   3.7747526e+00   1.4275856e+01   4.3393550e+00
   2.0662026e+00   1.3021376e+01   2.6409036e+00
   3.1218868e+00   1.3882580e+01   3.6767099e+00
   6.7802192e-01   1.3927419e+01   1.0609034e+00
   3.8349332e+00   1.3616431e+01   4.5023482e+00
   2.1956639e+00   1.4379450e+01   2.6222191e+00
   2.9553470e+00   1.5346754e+01   3.3382426e+00
  -2.7308653e-02   1.1520226e+01   5.8370101e-01
   3.5993613e+00   1.6121554e+01   3.9542039e+00
   1.3645470e+00   1.0927221e+01   2.2109013e+00
   2.6466084e+00   1.2939378e+01   3.2881357e+00
  -2.0908647e-01   1.0782616e+01   4.9940455e-01
   3.0653711e+00   1.3964684e+01   3.6045149e+00
   2.0558849e+00   1.3001374e+01   2.6323843e+00
   1.2759955e+00   1.2421387e+01   1.8649439e+00
   1.4887060e+00   1.1646998e+01   2.2165389e+00
   5.7384705e-01   1.1303794e+01   1.2677116e+00
   2.4720183e-01   1.1620336e+01   8.6511165e-01
   6.9882237e-01   1.1856269e+01   1.3193341e+00
   2.1852519e+00   1.3251285e+01   2.7397617e+00
   1.6770069e+00   1.1030069e+01   2.5425444e+00
   6.4049737e-01   1.4037363e+01   1.0119567e+00
   2.3051155e+00   1.3174196e+01   2.8802715e+00
   2.7059932e+00   1.5420802e+01   3.0677785e+00
   6.8993638e-01   1.2431780e+01   1.2321950e+00
   1.4559536e+00   1.4241895e+01   1.8513786e+00
