   2.2914620e-01   7.6188595e+00   1.7968263e+00
   2.8537658e+00   1.1301578e+01   3.8342258e+00
   6.6040162e-02   7.1938232e+00   1.7597460e+00
   3.9874835e+00   1.3994150e+01   4.6140854e+00
   1.1229837e+00   1.1257975e+01   1.8793013e+00
   3.5543716e+00   1.5902946e+01   3.9250669e+00
   1.1259106e+00   9.4619152e+00   2.2805340e+00
   3.8111029e+00   1.5513519e+01   4.2352814e+00
   7.9403712e-01   1.0412293e+01   1.6741976e+00
   3.4254714e+00   1.3830875e+01   4.0163923e+00
   1.2290307e+00   9.9142621e+00   2.2824479e+00
   3.0265727e+00   1.4045621e+01   3.5521831e+00
   1.1543932e+00   1.1311651e+01   1.9046110e+00
   1.1845413e+00   1.1492633e+01   1.9067440e+00
   4.6768586e-01   8.6849514e+00   1.7287121e+00
   2.0126096e+00   1.2384731e+01   2.6745560e+00
   5.6345090e-01   1.0993099e+01   1.3082731e+00
   1.8556095e+00   1.2146255e+01   2.5392388e+00
   1.2191854e+00   7.6927802e+00   3.0097544e+00
   3.2657380e+00   9.2458845e+00   5.0168509e+00
   2.5014127e+00   1.1331653e+01   3.4191654e+00
   2.8586143e+00   1.0285264e+01   4.1137708e+00
   2.7366012e+00   1.0774415e+01   3.8278817e+00
   3.4126222e+00   1.1242643e+01   4.5093532e+00
   2.9646968e+00   1.2492316e+01   3.7160877e+00
   3.2080710e+00   1.0212286e+01   4.5686012e+00
   2.5982500e+00   9.8396191e+00   3.9354015e+00
   2.8542040e+00   9.9846739e+00   4.2041357e+00
   2.4688994e+00   1.1529766e+01   3.3396547e+00
   9.5185036e-01   8.2653529e+00   2.4471978e+00
   1.7302943e+00   9.1482092e+00   3.0972736e+00
   1.4859373e+00   8.7292142e+00   2.9399905e+00
   2.3990725e+00   1.2240391e+01   3.1264637e+00
   2.1334925e+00   9.0061559e+00   3.6466328e+00
   2.2386729e+00   1.2309259e+01   2.9364462e+00
   2.8645777e+00   8.6750799e+00   4.7388499e+00
   1.7364417e+00   9.2322634e+00   3.0773258e+00
   3.2976569e+00   9.4016358e+00   4.9914643e+00
   2.2128362e+00   1.1357988e+01   3.0832720e+00
   2.6300102e+00   8.0126468e+00   4.7519194e+00
   1.7317862e+00   1.0936330e+01   2.6241300e+00
   2.6413024e+00   8.9594962e+00   4.3153743e+00
   1.8023881e+00   1.3507141e+01   2.2955389e+00
   1.0465592e+00   6.6185726e+00   3.3123101e+00
   1.2931202e+00   9.5043615e+00   2.4652598e+00
   1.5592488e+00   7.0979931e+00   3.7558654e+00
   1.5767153e+00   1.1859939e+01   2.2780952e+00
   2.5522342e+00   8.6851196e+00   4.3161622e+00
   2.3897809e+00   9.9357485e+00   3.6500824e+00
   3.8159944e+00   1.1580876e+01   4.9029016e+00
   2.2439018e+00   1.1152825e+01   3.1624213e+00
   3.2274834e+00   1.0237596e+01   4.5843518e+00
   2.3171277e+00   9.5621395e+00   3.6802855e+00
   3.1605718e+00   1.0992105e+01   4.2749867e+00
   2.2387446e+00   1.1959966e+01   2.9965392e+00
   6.7366318e-01   7.9115085e+00   2.2340144e+00
   1.6577307e+00   9.5326705e+00   2.8896478e+00
   1.4685513e+00   9.5814377e+00   2.6507079e+00
   2.1751240e+00   1.1191848e+01   3.0751961e+00
   1.9245303e+00   9.3573625e+00   3.2660086e+00
   2.4460770e+00   1.0818500e+01   3.4743512e+00
   3.3882683e+00   1.0258648e+01   4.7787577e+00
   2.7596322e+00   9.9987713e+00   4.0825871e+00
   3.5243118e+00   1.2489389e+01   4.3518840e+00
   2.4194929e+00   1.2221620e+01   3.1525021e+00
   2.2043762e+00   1.0634903e+01   3.2371567e+00
   2.0702326e+00   9.1426161e+00   3.5181588e+00
   2.1050956e+00   1.0284869e+01   3.2102463e+00
   2.4803361e+00   1.1423812e+01   3.3750298e+00
   2.6610666e+00   1.0594587e+01   3.7862201e+00
   2.0222976e+00   9.7547976e+00   3.2607782e+00
   2.4370310e+00   9.4333285e+00   3.8730921e+00
   2.1227109e+00   1.2477905e+01   2.7813362e+00
   1.8733708e+00   9.0689445e+00   3.2998065e+00
   1.2532566e+00   8.8402548e+00   2.6181656e+00
   1.7744381e+00   1.0155774e+01   2.8556170e+00
   1.7566686e+00   1.0987590e+01   2.6416217e+00
   1.6403073e+00   9.5013132e+00   2.8780978e+00
   8.7979654e-01   1.1037048e+01   1.6494860e+00
   1.1580463e+00   8.6989294e+00   2.5493160e+00
   8.1099271e-02   8.7482379e+00   1.2594202e+00
   2.0123418e+00   1.1300471e+01   2.8672671e+00
   3.4337867e-01   1.0264977e+01   1.2002480e+00
   3.2331441e+00   1.1783220e+01   4.1652100e+00
   9.8424092e-01   8.7124250e+00   2.3348849e+00
   2.7311637e+00   1.1851776e+01   3.5730806e+00
   1.2617967e+00   1.0664242e+01   2.1487092e+00
   2.9912713e+00   1.2201108e+01   3.8002640e+00
   3.0728828e-01   1.1013180e+01   1.0240575e+00
   1.7086577e+00   1.1764043e+01   2.4402137e+00
