   1.7768582e+00   1.5223085e+01   2.1063857e+00
   2.3755105e+00   1.8067585e+01   2.5614686e+00
   2.1972377e+00   1.6120624e+01   2.4817013e+00
   3.2052114e+00   2.1306669e+01   3.3050060e+00
   2.1151950e+00   2.2077804e+01   2.1860549e+00
   2.3014517e+00   2.1536317e+01   2.3839424e+00
   2.1010819e+00   2.0338881e+01   2.2067240e+00
   3.5333665e+00   2.1480699e+01   3.6343755e+00
   1.7860593e+00   1.5177598e+01   2.1195277e+00
   1.9382155e+00   1.8100808e+01   2.1113252e+00
   2.0501818e+00   1.5934762e+01   2.3408182e+00
   1.4908957e+00   1.7928390e+01   1.6600866e+00
   2.3416756e+00   1.8516289e+01   2.5084414e+00
   2.0514720e+00   1.6307348e+01   2.3180786e+00
   1.8375688e+00   1.8287435e+01   2.0010047e+00
   7.0824324e-01   1.9061831e+01   8.2573019e-01
   1.6388045e+00   1.7067153e+01   1.8495553e+00
   2.4923913e+00   2.2485959e+01   2.5605368e+00
   3.2472406e+00   1.4883381e+01   3.6947547e+00
   3.0174393e+00   1.5354608e+01   3.4034530e+00
   3.7273628e+00   1.8189489e+01   3.9510535e+00
   2.2351741e+00   1.6373884e+01   2.5049042e+00
   3.9121688e+00   2.0120623e+01   4.0594468e+00
   3.3847359e+00   1.8039864e+01   3.6036994e+00
   3.9593950e+00   1.9788550e+01   4.1197289e+00
   2.0476209e+00   1.5393158e+01   2.3771093e+00
   3.0243921e+00   1.4693384e+01   3.4756021e+00
   1.5089087e+00   1.3253973e+01   2.0102695e+00
   3.1093451e+00   1.7009421e+01   3.3755855e+00
   1.9651490e+00   1.3208986e+01   2.5068170e+00
   3.1242833e+00   1.9521445e+01   3.2732183e+00
   8.6473100e-01   1.4976344e+01   1.1725325e+00
   3.7412582e+00   1.9282333e+01   3.9151648e+00
   2.0847408e+00   1.4398166e+01   2.5024242e+00
   3.0539641e+00   2.0717973e+01   3.1656324e+00
   2.3434510e+00   1.2486806e+01   3.0236913e+00
   3.0089374e+00   1.9796781e+01   3.1461686e+00
   3.7147202e+00   1.4946524e+01   4.1915899e+00
   2.5901947e+00   1.6402459e+01   2.8729015e+00
   2.2869194e+00   1.3389434e+01   2.8322013e+00
   2.1659060e+00   1.4764462e+01   2.5540833e+00
   1.8054065e+00   1.3189717e+01   2.3367463e+00
   2.1465203e+00   1.5603944e+01   2.4648711e+00
   2.0040910e+00   1.1832302e+01   2.7570394e+00
   2.0930961e+00   1.9611425e+01   2.2179261e+00
   9.9951416e-01   1.2096343e+01   1.6107696e+00
   2.8393016e+00   1.9259624e+01   2.9906735e+00
   2.6944499e+00   1.5120490e+01   3.0818191e+00
   3.7714952e+00   1.9231789e+01   3.9483369e+00
   3.4333788e+00   1.5884311e+01   3.7982915e+00
   3.2416002e+00   1.6719663e+01   3.5325482e+00
   1.9989822e+00   1.5731045e+01   2.3014232e+00
   3.1731833e+00   1.5587866e+01   3.5480003e+00
   1.4733624e+00   1.4716075e+01   1.8284260e+00
   3.1677952e+00   1.6955124e+01   3.4399555e+00
   2.2995801e+00   1.5244793e+01   2.6537037e+00
   2.9812674e+00   2.0251545e+01   3.1042584e+00
   9.1431122e-01   1.5227105e+01   1.2066691e+00
   3.3915068e+00   1.7495875e+01   3.6402879e+00
   2.5633425e+00   1.7137192e+01   2.8007006e+00
   3.8605113e+00   1.6168429e+01   4.2272788e+00
   2.6535771e+00   1.8156907e+01   2.8435256e+00
   4.0162099e+00   1.7511109e+01   4.2912641e+00
   1.9189393e+00   1.7494855e+01   2.1175571e+00
   3.8993521e+00   1.8329066e+01   4.1221973e+00
   2.5432619e+00   1.6190060e+01   2.8381596e+00
   3.7923447e+00   2.1270964e+01   3.9029477e+00
   1.3534294e+00   1.7019838e+01   1.5582688e+00
   4.3063936e+00   1.7842590e+01   4.5739584e+00
   3.0159966e+00   2.1623956e+01   3.1060305e+00
   2.9229365e+00   1.7072579e+01   3.1776653e+00
   1.8451181e+00   1.6718236e+01   2.0803700e+00
   3.0952511e+00   1.9813894e+01   3.2337982e+00
   2.3780058e+00   1.6889277e+01   2.6224787e+00
   2.3753438e+00   1.8161532e+01   2.5572945e+00
   1.1458991e+00   1.7613450e+01   1.3195704e+00
   3.0010302e+00   1.7323520e+01   3.2442912e+00
   2.5670410e+00   1.7395561e+01   2.7907084e+00
   1.2133430e+00   1.5249766e+01   1.5160335e+00
   2.0237407e+00   1.3997408e+01   2.4782098e+00
   8.5720840e-01   1.9145324e+01   9.7465964e-01
   9.1918119e-01   1.5611940e+01   1.1868219e+00
   1.2277561e+00   1.4755310e+01   1.5678487e+00
   2.3740589e+00   1.5076274e+01   2.7465504e+00
   2.3030057e+00   1.8348371e+01   2.4753916e+00
   1.3557484e+00   1.7113144e+01   1.5562800e+00
   2.5071485e+00   1.6622571e+01   2.7723669e+00
   2.7490028e+00   1.8491200e+01   2.9273744e+00
   9.7981821e-01   1.7005764e+01   1.1753224e+00
   1.8344305e+00   1.8827184e+01   1.9786320e+00
