   1.5283776e+00   1.2403526e+01   2.1415585e+00
   3.8412481e+00   1.5801667e+01   4.2396864e+00
   1.4536395e+00   1.1087854e+01   2.2793777e+00
   4.3727435e+00   1.5646700e+01   4.8260920e+00
   1.7062304e+00   1.5218326e+01   2.0328014e+00
   4.2077197e+00   1.6300243e+01   4.5852348e+00
   1.8222621e+00   1.4962334e+01   2.1746709e+00
   4.8525616e+00   1.8237595e+01   5.1211532e+00
   1.5589288e+00   1.1853844e+01   2.2594752e+00
   4.9111720e+00   1.9208636e+01   5.1274992e+00
   1.9164617e+00   1.2558730e+01   2.5426962e+00
   4.4882566e+00   1.8633762e+01   4.7178406e+00
   2.0182361e+00   1.5537054e+01   2.3355127e+00
   2.5332948e+00   1.5861985e+01   2.8511080e+00
   1.1072824e+00   1.1572139e+01   1.8084781e+00
   2.9291726e+00   1.8041460e+01   3.1327561e+00
   1.2565178e+00   1.3392717e+01   1.7249713e+00
   3.2219804e+00   1.8010073e+01   3.4367663e+00
   2.5509193e+00   1.1428717e+01   3.4549687e+00
   4.5135525e+00   1.2856593e+01   5.4206112e+00
   2.9697641e+00   1.4102441e+01   3.4836137e+00
   4.3989130e+00   1.2973537e+01   5.2617623e+00
   3.2825619e+00   1.4849129e+01   3.7363273e+00
   4.1783650e+00   1.4361508e+01   4.7723014e+00
   3.4511193e+00   1.3953318e+01   4.0276564e+00
   4.6111593e+00   1.4317028e+01   5.2605015e+00
   3.0991707e+00   1.1963088e+01   3.9714009e+00
   4.4108234e+00   1.3940828e+01   5.0957269e+00
   2.7662261e+00   1.5862623e+01   3.0956665e+00
   2.1442048e+00   1.1210940e+01   3.0358070e+00
   2.1010713e+00   1.2572384e+01   2.7430795e+00
   2.9041074e+00   1.3385861e+01   3.5060361e+00
   2.8433006e+00   1.5342166e+01   3.2198370e+00
   3.1827976e+00   1.4091602e+01   3.7162733e+00
   2.5651779e+00   1.4164471e+01   3.0399471e+00
   4.1633679e+00   1.1105349e+01   5.4687704e+00
   2.8098017e+00   1.5457627e+01   3.1743825e+00
   4.6506150e+00   1.1850711e+01   5.8434001e+00
   2.6683406e+00   1.3335479e+01   3.2546878e+00
   4.4023310e+00   1.1607542e+01   5.6092173e+00
   2.0872399e+00   1.2076219e+01   2.8072784e+00
   4.0902869e+00   1.1966566e+01   5.1311070e+00
   2.1329486e+00   1.4961131e+01   2.5019184e+00
   2.2838010e+00   9.7397004e+00   3.5820174e+00
   1.5656786e+00   1.1777593e+01   2.2795799e+00
   2.4849843e+00   9.6637436e+00   3.8536726e+00
   2.2158933e+00   1.4096247e+01   2.6730153e+00
   3.7579720e+00   1.2119684e+01   4.7012096e+00
   3.3172213e+00   1.5973364e+01   3.6678466e+00
   4.7360535e+00   1.5238947e+01   5.2692598e+00
   2.9716786e+00   1.3554711e+01   3.5565105e+00
   4.4009317e+00   1.4799657e+01   4.9578713e+00
   2.7492683e+00   1.1702556e+01   3.6243469e+00
   4.2660839e+00   1.4527051e+01   4.8461059e+00
   2.9437071e+00   1.4586568e+01   3.4003806e+00
   1.9014896e+00   1.2147740e+01   2.5896400e+00
   2.0854762e+00   1.1948407e+01   2.8273546e+00
   2.3398019e+00   1.3652983e+01   2.8566052e+00
   2.6819001e+00   1.3610760e+01   3.2326445e+00
   3.4965992e+00   1.3823912e+01   4.0957010e+00
   3.5623264e+00   1.3597500e+01   4.2016706e+00
   5.1816122e+00   1.6510064e+01   5.6097809e+00
   3.6504059e+00   1.2695229e+01   4.4557662e+00
   4.7189398e+00   1.8980174e+01   4.9394523e+00
   3.1588766e+00   1.5245360e+01   3.5640521e+00
   3.3251433e+00   1.4965196e+01   3.7698187e+00
   2.5550211e+00   1.2397124e+01   3.2736408e+00
   3.3300859e+00   1.5952166e+01   3.6831970e+00
   3.4348208e+00   1.4112129e+01   3.9885699e+00
   4.2697058e+00   1.6941845e+01   4.5979636e+00
   2.2668744e+00   1.2092032e+01   3.0046336e+00
   3.5897865e+00   1.3575630e+01   4.2355146e+00
   2.9999684e+00   1.7895053e+01   3.2129402e+00
   2.7024899e+00   1.2259862e+01   3.4628776e+00
   1.4184781e+00   1.1077315e+01   2.2419823e+00
   2.6873832e+00   1.3983393e+01   3.1923874e+00
   2.2457197e+00   1.3179359e+01   2.8149287e+00
   3.6208791e+00   1.4904181e+01   4.0949015e+00
   1.1255458e+00   1.3824235e+01   1.5417514e+00
   2.4636538e+00   1.2326776e+01   3.1837078e+00
   2.3151519e-01   1.1568968e+01   8.5557061e-01
   2.7824111e+00   1.4275436e+01   3.2611385e+00
   5.7906700e-01   1.1620121e+01   1.2242095e+00
   3.9423223e+00   1.5122495e+01   4.4180709e+00
   1.1571003e+00   1.1228247e+01   1.9224043e+00
   3.1165445e+00   1.5963957e+01   3.4566821e+00
   1.7157373e+00   1.3044771e+01   2.2581833e+00
   4.3620979e+00   1.6636898e+01   4.7204517e+00
   4.9649926e-01   1.3177501e+01   9.4138149e-01
   3.0226176e+00   1.5595858e+01   3.3877578e+00
