  -2.6581628e+00   3.6687929e-01   3.1681781e+00
  -5.7837655e-01   3.8426614e+00   2.8696039e+00
  -2.6015738e+00   3.4501568e-01   3.3146025e+00
   1.7244562e-01   4.5362788e+00   3.4616590e+00
  -1.4771740e+00   2.9697160e+00   2.2299417e+00
  -5.4275886e-01   4.1180408e+00   2.6965493e+00
  -1.8546974e+00   1.5059076e+00   3.1537496e+00
   6.4038168e-02   3.9885891e+00   3.7781373e+00
  -1.8710228e+00   2.0923309e+00   2.4471343e+00
  -1.1102611e+00   3.1883341e+00   2.6101354e+00
  -1.5430964e+00   2.9067880e+00   2.1835507e+00
  -1.1834921e+00   3.1056413e+00   2.5694995e+00
  -1.3333597e+00   2.4974082e+00   2.9258115e+00
  -4.9742180e-01   3.6577027e+00   3.1633968e+00
  -1.5005786e+00   2.8333917e+00   2.3173400e+00
  -1.6247726e+00   3.0578135e+00   1.9262732e+00
  -2.0795017e+00   1.4056683e+00   2.8668623e+00
  -3.5088698e-01   4.0647924e+00   3.0363915e+00
  -1.3117652e+00   1.5400947e+00   4.1711411e+00
  -5.9980314e-01   2.4416698e+00   4.3383907e+00
  -3.2086368e-02   3.9760549e+00   3.6295818e+00
  -1.0678718e+00   2.0059240e+00   4.0019826e+00
  -6.6071822e-01   2.4407317e+00   4.2194908e+00
  -1.9185769e-01   2.6893047e+00   4.8221061e+00
  -1.1235811e-01   3.7826577e+00   3.6817182e+00
  -1.6627262e+00   1.3527641e+00   3.7287668e+00
  -5.4430471e-01   3.6793623e+00   3.0677929e+00
  -1.3633563e+00   2.0874450e+00   3.3378413e+00
  -8.2921380e-01   2.8829875e+00   3.3807657e+00
  -8.6447214e-01   2.6062316e+00   3.6294091e+00
  -5.3848217e-01   3.6684916e+00   3.0870612e+00
  -1.7676771e+00   1.9029345e+00   2.8318182e+00
  -5.8233112e-01   2.7243460e+00   4.0088694e+00
  -9.7435544e-01   2.1785564e+00   3.9540842e+00
  -7.0962445e-02   4.3699300e+00   3.2182730e+00
  -1.6211958e+00   1.3146544e+00   3.8673815e+00
  -5.7339690e-01   2.7853656e+00   3.9515276e+00
  -7.4704693e-01   1.9986464e+00   4.6699834e+00
  -2.2738128e-01   4.0433831e+00   3.2502813e+00
  -1.7499024e+00   1.4528259e+00   3.4204915e+00
  -5.9175921e-01   4.0282096e+00   2.6941881e+00
  -1.5791693e+00   1.7493249e+00   3.3577929e+00
  -6.7233167e-01   3.3595330e+00   3.1591217e+00
  -1.1597080e+00   2.2011802e+00   3.5739016e+00
  -6.0864119e-01   4.1846109e+00   2.5449248e+00
  -1.8969165e+00   1.8548352e+00   2.6614103e+00
  -6.0330379e-01   2.8188473e+00   3.8565135e+00
  -9.2840597e-01   2.3280929e+00   3.8493276e+00
  -6.8590576e-01   2.3726533e+00   4.2606925e+00
   2.8742774e-01   3.4071067e+00   4.8236662e+00
  -2.1613712e-01   3.6583329e+00   3.6292004e+00
  -1.1784242e+00   2.2629556e+00   3.4643251e+00
  -2.2940688e-01   3.6398132e+00   3.6251628e+00
  -1.0360626e+00   2.5077567e+00   3.4341159e+00
  -3.9727124e-01   2.9428974e+00   4.0899527e+00
  -2.3995436e-01   3.3130349e+00   3.9503267e+00
  -5.8766219e-01   3.5839672e+00   3.0852247e+00
  -1.4278754e+00   2.6346020e+00   2.6258876e+00
  -6.9378046e-01   2.4392647e+00   4.1568662e+00
  -4.2359450e-01   3.0411756e+00   3.9259656e+00
  -1.3473185e-01   3.4398723e+00   3.9986168e+00
  -1.2393065e+00   1.8957897e+00   3.8147216e+00
  -2.3896858e-01   3.5147646e+00   3.7359352e+00
  -1.1357491e+00   2.3370763e+00   3.4536854e+00
  -3.9251023e-01   2.8919866e+00   4.1605908e+00
  -3.3176094e-01   3.1700324e+00   3.9453749e+00
  -3.3646915e-01   3.5956192e+00   3.4882842e+00
  -1.5373773e+00   2.2495599e+00   2.8439005e+00
  -8.9973369e-01   2.0635387e+00   4.2580641e+00
  -3.1985568e-01   3.1720313e+00   3.9646380e+00
  -9.4263903e-01   3.0415512e+00   3.0231784e+00
  -1.1428979e+00   2.5700083e+00   3.1754843e+00
  -1.2815730e+00   2.2396004e+00   3.3049680e+00
  -2.4407776e-01   3.7123121e+00   3.5290998e+00
  -1.2060319e+00   2.7796396e+00   2.8474482e+00
  -1.3973749e+00   2.8096386e+00   2.5045737e+00
  -1.2685652e+00   1.8267012e+00   3.8506904e+00
  -3.9114738e-01   3.2267185e+00   3.7762102e+00
  -1.5122486e+00   2.3715549e+00   2.7555893e+00
  -7.2773823e-01   3.2246594e+00   3.1994732e+00
  -1.6757507e+00   2.7974344e+00   2.0752465e+00
  -1.4684851e+00   3.1568833e+00   2.0798274e+00
  -1.8613439e+00   1.7088260e+00   2.8924863e+00
  -4.2433389e-01   3.6962460e+00   3.2466034e+00
  -9.2888933e-01   3.4046763e+00   2.7019713e+00
  -1.0848502e+00   3.2201897e+00   2.6214340e+00
  -1.5496576e+00   1.8539523e+00   3.2815230e+00
  -3.9940215e-01   3.5597605e+00   3.4180008e+00
  -2.5005922e+00   1.2665454e+00   2.2884308e+00
  -7.4722190e-01   3.8351914e+00   2.6142339e+00
