   1.1189320e+00   1.3684067e+01   1.5485106e+00
   2.8912632e+00   1.7050262e+01   3.1460487e+00
   1.8797850e+00   1.4363483e+01   2.2882880e+00
   3.1052430e+00   1.6907799e+01   3.3776804e+00
   1.9568749e+00   1.8636743e+01   2.1102143e+00
   3.4630819e+00   1.9601761e+01   3.6173910e+00
   1.4076382e+00   1.4764312e+01   1.7555424e+00
   4.4412286e+00   1.9730051e+01   4.6176381e+00
   1.5619170e+00   1.4938569e+01   1.9033346e+00
   2.6961230e+00   1.8460814e+01   2.8743058e+00
   1.8272937e+00   1.4649078e+01   2.2066082e+00
   3.6209726e+00   1.8332538e+01   3.8335706e+00
   1.9793384e+00   1.6640344e+01   2.2235506e+00
   2.1082803e+00   1.6078326e+01   2.3917979e+00
   1.0276286e+00   1.4878941e+01   1.3493068e+00
   1.9237173e+00   1.7119157e+01   2.1405356e+00
   1.1703803e+00   1.5649420e+01   1.4447267e+00
   2.3071982e+00   1.9797104e+01   2.4305756e+00
   2.1210942e+00   1.2007965e+01   2.8566743e+00
   2.8977043e+00   1.3182475e+01   3.5286077e+00
   3.3908019e+00   1.8281094e+01   3.5980285e+00
   3.5731879e+00   1.3815514e+01   4.1814062e+00
   3.3245266e+00   1.7337095e+01   3.5798882e+00
   4.2722944e+00   1.5253322e+01   4.7610401e+00
   3.6872939e+00   1.8793057e+01   3.8804051e+00
   3.0460940e+00   1.4066055e+01   3.5708534e+00
   3.2758081e+00   1.5118923e+01   3.7012396e+00
   3.3431714e+00   1.4037447e+01   3.8981487e+00
   3.0531251e+00   1.7823957e+01   3.2714642e+00
   2.1045851e+00   1.4970211e+01   2.4712240e+00
   2.1933746e+00   1.6028859e+01   2.4838009e+00
   2.0798100e+00   1.2141797e+01   2.7879878e+00
   2.8969873e+00   1.6519473e+01   3.1855309e+00
   2.3799233e+00   1.4571652e+01   2.7993454e+00
   2.7196592e+00   1.8374487e+01   2.9020989e+00
   3.2633219e+00   1.1477732e+01   4.2720395e+00
   2.6371461e+00   1.6424471e+01   2.9204463e+00
   4.5975040e+00   1.2658110e+01   5.5649149e+00
   2.8011944e+00   1.6165088e+01   3.1098934e+00
   3.1560889e+00   1.1593434e+01   4.1187795e+00
   2.3214530e+00   1.6088138e+01   2.6134377e+00
   4.2408549e+00   1.2885299e+01   5.0968281e+00
   2.3210277e+00   1.6555180e+01   2.5829715e+00
   2.0556912e+00   1.0251799e+01   3.1607607e+00
   1.7331884e+00   1.5763553e+01   2.0220580e+00
   1.8838764e+00   8.9182105e+00   3.3660810e+00
   2.3550228e+00   1.5336118e+01   2.7046126e+00
   2.6201075e+00   1.2201958e+01   3.3807255e+00
   3.1877875e+00   1.5750106e+01   3.5495003e+00
   4.6566878e+00   1.5782333e+01   5.1186682e+00
   3.1359608e+00   1.6253401e+01   3.4548649e+00
   3.2689890e+00   1.5743563e+01   3.6360763e+00
   3.0867075e+00   1.5724315e+01   3.4447124e+00
   4.1061990e+00   1.6321417e+01   4.4752735e+00
   2.8698439e+00   1.7302481e+01   3.1093161e+00
   2.2374782e+00   1.4734163e+01   2.6326376e+00
   2.5886748e+00   1.5593988e+01   2.9298596e+00
   2.2399041e+00   1.3374982e+01   2.7830926e+00
   2.8007799e+00   1.5282095e+01   3.1800819e+00
   2.4826113e+00   1.4936109e+01   2.8739369e+00
   3.4535036e+00   1.6041750e+01   3.8063830e+00
   2.9920808e+00   1.5681747e+01   3.3482199e+00
   3.3472363e+00   1.6396830e+01   3.6663816e+00
   4.1197737e+00   1.6772165e+01   4.4525909e+00
   3.0961435e+00   1.6846679e+01   3.3720858e+00
   2.5978540e+00   1.5086246e+01   2.9824948e+00
   2.5647196e+00   1.6117631e+01   2.8656174e+00
   2.6100449e+00   1.5408403e+01   2.9674999e+00
   3.3247585e+00   1.6627335e+01   3.6260766e+00
   2.6111239e+00   1.6001561e+01   2.9224773e+00
   2.6326108e+00   1.5371511e+01   2.9944207e+00
   3.2121456e+00   1.3306286e+01   3.8576319e+00
   3.0523025e+00   1.7888244e+01   3.2673773e+00
   2.5753167e+00   1.5366573e+01   2.9343414e+00
   1.5347182e+00   1.5575495e+01   1.8281229e+00
   2.3376878e+00   1.5070913e+01   2.7085887e+00
   2.2003058e+00   1.5234495e+01   2.5500222e+00
   2.1657327e+00   1.5508250e+01   2.4921779e+00
   1.1873695e+00   1.4694280e+01   1.5304125e+00
   1.9478629e+00   1.2456046e+01   2.5924290e+00
   7.3662115e-01   1.5953146e+01   9.7817999e-01
   2.0852082e+00   1.3431910e+01   2.6087131e+00
   8.7598932e-01   1.3495604e+01   1.3102948e+00
   2.1000565e+00   1.3022062e+01   2.6776312e+00
   1.5824563e+00   1.5354987e+01   1.8933290e+00
   2.9989495e+00   1.5841346e+01   3.3424328e+00
   1.5695174e+00   1.4691291e+01   1.9314985e+00
   2.8921348e+00   1.8292843e+01   3.0830781e+00
   5.1949746e-01   1.3049271e+01   9.7913227e-01
   2.1522031e+00   1.9117689e+01   2.2933273e+00
