   1.6419857e+00   1.4662860e+01   2.0101360e+00
   2.6215250e+00   1.7858257e+01   2.8241008e+00
   2.0709983e+00   1.6224328e+01   2.3435696e+00
   3.2428410e+00   1.9591894e+01   3.3921394e+00
   2.0966835e+00   2.2290122e+01   2.1639769e+00
   2.6181507e+00   1.9575943e+01   2.7541654e+00
   2.1577255e+00   2.0472208e+01   2.2610065e+00
   3.8383135e+00   2.0346270e+01   3.9763799e+00
   1.8137512e+00   1.4891289e+01   2.1715874e+00
   2.1903867e+00   1.7611941e+01   2.3914616e+00
   1.9470449e+00   1.5727689e+01   2.2474377e+00
   1.3846892e+00   1.6758822e+01   1.6032020e+00
   2.4393127e+00   1.8086660e+01   2.6262244e+00
   1.7923241e+00   1.6259048e+01   2.0520227e+00
   1.9333896e+00   1.9181577e+01   2.0681322e+00
   6.7921662e-01   1.7472971e+01   8.4807299e-01
   1.6111498e+00   1.7524951e+01   1.7999933e+00
   2.5942942e+00   2.0244360e+01   2.7104096e+00
   3.0454316e+00   1.4575744e+01   3.5108626e+00
   2.8082927e+00   1.4325857e+01   3.2833469e+00
   3.8634344e+00   1.8635649e+01   4.0696883e+00
   2.4647716e+00   1.5440588e+01   2.8117052e+00
   3.9626487e+00   1.9706940e+01   4.1261383e+00
   3.7748607e+00   1.8971948e+01   3.9628105e+00
   3.9355989e+00   1.9036034e+01   4.1257993e+00
   2.0092637e+00   1.4970659e+01   2.3707285e+00
   2.9026061e+00   1.5579403e+01   3.2622032e+00
   1.2224508e+00   1.2638768e+01   1.7781004e+00
   2.9856331e+00   1.6643198e+01   3.2699308e+00
   1.9488842e+00   1.3790498e+01   2.4205619e+00
   3.0858983e+00   1.9219660e+01   3.2446583e+00
   8.0238072e-01   1.3768224e+01   1.2061454e+00
   3.6213891e+00   1.8744986e+01   3.8145635e+00
   2.3793830e+00   1.4313020e+01   2.8249014e+00
   3.1349600e+00   2.0022156e+01   3.2678114e+00
   2.7566792e+00   1.2086909e+01   3.5560868e+00
   2.9079596e+00   1.8887600e+01   3.0747174e+00
   4.1948784e+00   1.5103103e+01   4.6944191e+00
   2.5514018e+00   1.6189749e+01   2.8466886e+00
   2.5633217e+00   1.3669424e+01   3.0964058e+00
   2.1944317e+00   1.4809971e+01   2.5801602e+00
   2.0802408e+00   1.2546488e+01   2.7241095e+00
   2.0135117e+00   1.5352651e+01   2.3444532e+00
   2.2995899e+00   1.1801091e+01   3.0940448e+00
   2.2591597e+00   1.9769707e+01   2.3824484e+00
   1.1917431e+00   1.2372627e+01   1.7804061e+00
   2.7777500e+00   1.8994802e+01   2.9371794e+00
   2.9942768e+00   1.4232233e+01   3.4946640e+00
   3.7620446e+00   1.9482583e+01   3.9286226e+00
   4.0293341e+00   1.6439030e+01   4.3836303e+00
   3.3743616e+00   1.6883815e+01   3.6604814e+00
   2.2715751e+00   1.5492595e+01   2.6044376e+00
   3.0395738e+00   1.5276877e+01   3.4340760e+00
   1.6202730e+00   1.4273014e+01   2.0220968e+00
   3.1387101e+00   1.6605641e+01   3.4325890e+00
   2.3278114e+00   1.5411202e+01   2.6699284e+00
   2.7388006e+00   1.9509367e+01   2.8794826e+00
   9.9117372e-01   1.4039300e+01   1.3800006e+00
   3.3951730e+00   1.7212199e+01   3.6611066e+00
   2.8121387e+00   1.6069486e+01   3.1283343e+00
   3.8821063e+00   1.5760492e+01   4.2872396e+00
   2.5843252e+00   1.6820809e+01   2.8406017e+00
   3.9336196e+00   1.7958233e+01   4.1779796e+00
   1.7999633e+00   1.5917109e+01   2.0813977e+00
   3.6514494e+00   1.7764105e+01   3.8953443e+00
   2.3780260e+00   1.4982079e+01   2.7590210e+00
   3.6551157e+00   2.0551073e+01   3.7828758e+00
   1.2629678e+00   1.5826176e+01   1.5296394e+00
   4.0350705e+00   1.8107728e+01   4.2751465e+00
   3.0331187e+00   1.8461628e+01   3.2208218e+00
   2.8156652e+00   1.7121038e+01   3.0633518e+00
   1.6323841e+00   1.5560917e+01   1.9308534e+00
   2.9678983e+00   2.0615791e+01   3.0807168e+00
   2.2308504e+00   1.6375750e+01   2.5002904e+00
   2.0990201e+00   1.7570183e+01   2.2993526e+00
   1.2125342e+00   1.6791183e+01   1.4244159e+00
   2.9764571e+00   1.7626974e+01   3.2022761e+00
   2.7178819e+00   1.6600974e+01   2.9931971e+00
   9.5987396e-01   1.5231067e+01   1.2537248e+00
   1.9268747e+00   1.4027909e+01   2.3716797e+00
   5.3675569e-01   1.7889663e+01   6.8742429e-01
   9.8601071e-01   1.5649208e+01   1.2537016e+00
   1.0685343e+00   1.5030104e+01   1.3808560e+00
   2.7110787e+00   1.5405246e+01   3.0744689e+00
   1.7931807e+00   1.5541613e+01   2.0999361e+00
   1.3823726e+00   1.6703316e+01   1.6036386e+00
   2.2517491e+00   1.6026777e+01   2.5448527e+00
   2.8631149e+00   1.7635464e+01   3.0845284e+00
   8.8563198e-01   1.7377705e+01   1.0628626e+00
   2.1271005e+00   1.9048074e+01   2.2699924e+00
