   1.2305106e+00   1.4120145e+01   1.6247228e+00
   2.8270367e+00   1.6515749e+01   3.1126789e+00
   1.9804745e+00   1.5213048e+01   2.3206806e+00
   3.0034181e+00   1.7028959e+01   3.2640292e+00
   2.1057428e+00   1.8130379e+01   2.2818801e+00
   3.1797309e+00   1.9448663e+01   3.3325305e+00
   1.6834100e+00   1.5685797e+01   1.9754618e+00
   4.5721475e+00   1.9333176e+01   4.7700756e+00
   1.6167212e+00   1.4569923e+01   1.9915566e+00
   2.5298265e+00   1.8978808e+01   2.6839304e+00
   2.2355427e+00   1.5044892e+01   2.6029849e+00
   3.9255792e+00   1.8355448e+01   4.1480378e+00
   2.0963209e+00   1.7368139e+01   2.3061691e+00
   2.1933197e+00   1.7189794e+01   2.4151548e+00
   1.4286703e+00   1.5637852e+01   1.7136294e+00
   1.7623511e+00   1.6674614e+01   1.9972055e+00
   1.1959132e+00   1.6550021e+01   1.4194420e+00
   2.1588031e+00   1.7943087e+01   2.3441736e+00
   2.4517812e+00   1.1710203e+01   3.2836232e+00
   2.4309508e+00   1.3542480e+01   2.9688818e+00
   3.4123749e+00   1.7577300e+01   3.6573140e+00
   2.9328860e+00   1.4516534e+01   3.3963184e+00
   3.4686151e+00   1.8328696e+01   3.6761650e+00
   3.8608231e+00   1.5681342e+01   4.2720653e+00
   3.7917326e+00   1.8336379e+01   4.0102310e+00
   2.4055894e+00   1.4465152e+01   2.8372766e+00
   3.2606621e+00   1.5231308e+01   3.6739929e+00
   3.5802314e+00   1.4881033e+01   4.0535766e+00
   3.4248089e+00   1.8329697e+01   3.6308396e+00
   2.0606351e+00   1.5666001e+01   2.3704698e+00
   2.6151617e+00   1.6466584e+01   2.8947530e+00
   1.7595049e+00   1.2859943e+01   2.3295636e+00
   2.9848541e+00   1.6828088e+01   3.2571381e+00
   2.0368037e+00   1.4614105e+01   2.4311603e+00
   2.8536629e+00   1.7436987e+01   3.0851815e+00
   2.6743254e+00   1.1390275e+01   3.6055641e+00
   2.8304060e+00   1.7519733e+01   3.0566969e+00
   4.1002611e+00   1.2280923e+01   5.0660126e+00
   2.9706291e+00   1.6633757e+01   3.2548769e+00
   2.7513063e+00   1.1819316e+01   3.6026101e+00
   2.6266131e+00   1.5927699e+01   2.9441272e+00
   3.8678645e+00   1.2756946e+01   4.6927256e+00
   2.4234593e+00   1.5322733e+01   2.7778105e+00
   1.5482139e+00   9.2915838e+00   2.8310163e+00
   2.2740882e+00   1.7353229e+01   2.4902409e+00
   1.8556718e+00   9.6548197e+00   3.0904312e+00
   2.3352321e+00   1.5858566e+01   2.6438660e+00
   2.2661088e+00   1.2484582e+01   2.9384979e+00
   3.4272438e+00   1.6734928e+01   3.7260497e+00
   4.2937447e+00   1.5201734e+01   4.7903839e+00
   3.1702488e+00   1.6372736e+01   3.4821106e+00
   2.9988351e+00   1.6159597e+01   3.3177235e+00
   3.4380370e+00   1.6024254e+01   3.7914603e+00
   3.8291282e+00   1.6900156e+01   4.1364947e+00
   2.8072054e+00   1.6529936e+01   3.0910248e+00
   2.3239905e+00   1.4528434e+01   2.7440615e+00
   2.9273465e+00   1.6893306e+01   3.1931076e+00
   1.9877924e+00   1.3594697e+01   2.4844143e+00
   2.4426481e+00   1.4896798e+01   2.8351621e+00
   2.3301849e+00   1.5606817e+01   2.6571882e+00
   3.3943192e+00   1.5124324e+01   3.8276183e+00
   2.7931160e+00   1.6198228e+01   3.0990538e+00
   3.8999246e+00   1.6111072e+01   4.2741692e+00
   3.8634689e+00   1.7266965e+01   4.1472243e+00
   3.4177377e+00   1.6971799e+01   3.7000381e+00
   2.6007478e+00   1.6382127e+01   2.8852552e+00
   3.0459641e+00   1.9069227e+01   3.2093289e+00
   2.3728051e+00   1.5691706e+01   2.6954828e+00
   3.2367953e+00   1.6067547e+01   3.5753176e+00
   2.4432056e+00   1.6206473e+01   2.7325350e+00
   3.0763096e+00   1.6622567e+01   3.3661241e+00
   3.2239033e+00   1.5150180e+01   3.6426433e+00
   3.0764804e+00   1.8313766e+01   3.2720666e+00
   2.3620346e+00   1.5700526e+01   2.6835263e+00
   2.0630715e+00   1.6798760e+01   2.3013617e+00
   2.1215788e+00   1.5580125e+01   2.4405161e+00
   2.2509275e+00   1.5652477e+01   2.5706429e+00
   1.9910312e+00   1.5339747e+01   2.3218739e+00
   1.1951823e+00   1.4054934e+01   1.5934686e+00
   1.7399161e+00   1.1995206e+01   2.4360386e+00
   1.0923761e+00   1.6549222e+01   1.3128750e+00
   1.9669934e+00   1.4172691e+01   2.3995885e+00
   9.3175082e-01   1.3356056e+01   1.3836981e+00
   1.9331156e+00   1.3403375e+01   2.4482327e+00
   2.0609115e+00   1.5453226e+01   2.3864675e+00
   2.5293363e+00   1.5151120e+01   2.9041981e+00
   1.8677284e+00   1.5097966e+01   2.2114584e+00
   2.5506622e+00   1.7479375e+01   2.7694766e+00
   4.0383911e-01   1.3782439e+01   7.8613400e-01
   1.6015723e+00   1.7905830e+01   1.7742673e+00
