   8.4706886e-01   9.1920888e+00   2.0283589e+00
   2.7938471e+00   1.3112197e+01   3.4245430e+00
   3.1594788e-01   7.4570768e+00   1.9653280e+00
   2.7313651e+00   1.4589024e+01   3.1725710e+00
   1.7307106e+00   1.3828729e+01   2.1834623e+00
   4.3948533e+00   1.5974258e+01   4.8161201e+00
   1.5463039e+00   1.2359950e+01   2.1673833e+00
   4.1575260e+00   1.4301681e+01   4.7577454e+00
   7.4221225e-01   8.0834144e+00   2.2553117e+00
   4.4039889e+00   1.6153396e+01   4.8084918e+00
   1.7714179e+00   1.1678983e+01   2.5248392e+00
   3.0173795e+00   1.3475398e+01   3.6177609e+00
   1.3111034e+00   9.6880589e+00   2.4362617e+00
   3.5720678e+00   1.5177769e+01   4.0128685e+00
   9.4454244e-01   1.0121043e+01   1.9071160e+00
   1.8956669e+00   1.3259192e+01   2.4254842e+00
   4.7937046e-01   9.2946967e+00   1.5739720e+00
   2.4344880e+00   1.1936298e+01   3.2206477e+00
   1.3821897e+00   7.8254995e+00   3.1625587e+00
   2.3092870e+00   9.8350877e+00   3.5832799e+00
   3.2275078e+00   1.3350873e+01   3.8678561e+00
   3.4163212e+00   1.0607063e+01   4.6986971e+00
   2.8148409e+00   1.1956271e+01   3.6475289e+00
   4.1840523e+00   1.2951685e+01   5.0176210e+00
   2.8840081e+00   1.0800793e+01   3.9961954e+00
   3.4535686e+00   1.0300254e+01   4.8466433e+00
   2.4411052e+00   1.1307637e+01   3.3550680e+00
   2.8990039e+00   1.0350780e+01   4.1430609e+00
   2.2159694e+00   1.0245878e+01   3.3519038e+00
   2.4203971e+00   9.7216956e+00   3.7549470e+00
   1.9912928e+00   1.1451985e+01   2.8133961e+00
   1.8841759e+00   1.0064353e+01   3.0085818e+00
   2.1893606e+00   1.0318155e+01   3.3008765e+00
   2.6326608e+00   1.0301012e+01   3.8348719e+00
   2.6596265e+00   1.3766346e+01   3.1887088e+00
   3.8016860e+00   9.4296187e+00   5.6592574e+00
   2.5307830e+00   1.3028274e+01   3.1474799e+00
   4.3296698e+00   1.0549164e+01   5.8815082e+00
   1.9805020e+00   9.9605775e+00   3.1511941e+00
   3.5320070e+00   9.1404963e+00   5.4274218e+00
   1.5785325e+00   1.1873826e+01   2.2778184e+00
   2.6780281e+00   9.1296416e+00   4.2934171e+00
   1.2970301e+00   9.7712780e+00   2.3978569e+00
   2.6524330e+00   8.5866016e+00   4.4942139e+00
   1.4520689e+00   1.1063294e+01   2.2824001e+00
   1.9615558e+00   8.8500470e+00   3.4883270e+00
   1.5284541e+00   1.0120704e+01   2.5779089e+00
   2.9089117e+00   8.8465585e+00   4.7187043e+00
   3.1228936e+00   1.3554257e+01   3.7225589e+00
   4.7378596e+00   1.2802219e+01   5.6972788e+00
   2.1789062e+00   9.8669174e+00   3.4158581e+00
   3.4647049e+00   1.1572242e+01   4.4864721e+00
   2.4785595e+00   1.2423684e+01   3.1839738e+00
   2.9730878e+00   1.1158594e+01   4.0089042e+00
   1.9940386e+00   9.3333363e+00   3.3589087e+00
   2.4601181e+00   1.0112724e+01   3.6819767e+00
   1.8667826e+00   1.1346946e+01   2.6935027e+00
   1.6608276e+00   1.1233550e+01   2.4837718e+00
   1.7626349e+00   9.6982639e+00   2.9665099e+00
   2.6658617e+00   1.0589057e+01   3.7934422e+00
   2.4939213e+00   9.1640696e+00   4.0436520e+00
   4.5352973e+00   1.3821663e+01   5.2564256e+00
   2.9465423e+00   1.2158463e+01   3.7576852e+00
   3.2289934e+00   1.3427254e+01   3.8580078e+00
   2.3411480e+00   9.4965990e+00   3.7319596e+00
   3.7970807e+00   1.3240127e+01   4.5224100e+00
   2.0140884e+00   1.1181970e+01   2.8936093e+00
   2.2048160e+00   1.2981257e+01   2.7973821e+00
   2.2588335e+00   9.7752706e+00   3.5405035e+00
   3.5372157e+00   1.4179898e+01   4.0917067e+00
   1.9180194e+00   1.1982263e+01   2.6352929e+00
   2.1020506e+00   1.0417986e+01   3.1719875e+00
   1.8367383e+00   1.0206403e+01   2.9154712e+00
   2.7204318e+00   1.0123444e+01   3.9949187e+00
   1.5202719e+00   1.0437648e+01   2.4925679e+00
   1.5729760e+00   1.1097675e+01   2.4115651e+00
   1.4592198e+00   9.4824067e+00   2.6678846e+00
   2.8948703e+00   1.1223751e+01   3.9009042e+00
   4.5672840e-01   8.7842182e+00   1.6867603e+00
   2.8005171e+00   1.0429573e+01   4.0000576e+00
   2.0282376e-01   1.0084009e+01   1.0801598e+00
   1.8483790e+00   1.1097858e+01   2.7227816e+00
  -1.8459124e-02   8.4803189e+00   1.2193564e+00
   3.6537767e+00   1.2812528e+01   4.4372529e+00
   1.3498490e+00   1.0058107e+01   2.3865574e+00
   2.5136127e+00   1.3054915e+01   3.1247839e+00
   1.2779626e+00   9.4256533e+00   2.4694981e+00
   4.0444703e+00   1.3606740e+01   4.7387950e+00
  -2.4373449e-02   9.0460700e+00   1.0597685e+00
   2.7194877e+00   1.2837866e+01   3.3843677e+00
