   1.3497007e+00   1.3569855e+01   1.8051363e+00
   3.1211398e+00   1.7590847e+01   3.3541318e+00
   1.5583429e+00   1.5544653e+01   1.8548327e+00
   2.9076739e+00   2.0070857e+01   3.0344617e+00
   1.9210830e+00   2.0991710e+01   2.0096377e+00
   2.9451572e+00   1.9324924e+01   3.0967202e+00
   1.9739549e+00   1.8683093e+01   2.1260314e+00
   3.6444670e+00   1.8071102e+01   3.8712742e+00
   1.6363835e+00   1.3946148e+01   2.0709605e+00
   2.7576196e+00   1.9174210e+01   2.9100894e+00
   1.7004710e+00   1.4319487e+01   2.1025726e+00
   1.6442116e+00   1.5819202e+01   1.9258013e+00
   2.0355860e+00   1.7834023e+01   2.2223187e+00
   1.8087220e+00   1.7717516e+01   1.9944235e+00
   1.5662927e+00   1.8321476e+01   1.7224065e+00
   4.4302109e-01   1.9496415e+01   5.4586314e-01
   1.3076458e+00   1.6601333e+01   1.5318970e+00
   1.9604542e+00   1.9142900e+01   2.0969327e+00
   2.3605953e+00   1.3495106e+01   2.8986206e+00
   2.6120392e+00   1.4299185e+01   3.0754485e+00
   3.5469951e+00   1.8146381e+01   3.7663207e+00
   2.6011979e+00   1.4816296e+01   3.0110931e+00
   3.5128776e+00   1.8688332e+01   3.7051688e+00
   3.5241128e+00   1.8123231e+01   3.7437983e+00
   3.7837069e+00   1.7647892e+01   4.0398720e+00
   2.2286771e+00   1.5420898e+01   2.5649695e+00
   2.6519816e+00   1.5642195e+01   2.9926766e+00
   1.7525164e+00   1.2942636e+01   2.3110793e+00
   2.8545162e+00   1.7616278e+01   3.0766209e+00
   1.7607820e+00   1.3797788e+01   2.2188098e+00
   2.8536537e+00   1.9588006e+01   2.9942542e+00
   7.2177692e-01   1.3912649e+01   1.1081617e+00
   3.2732599e+00   1.7572955e+01   3.5129880e+00
   2.2561228e+00   1.4857621e+01   2.6411504e+00
   2.9410371e+00   1.9319407e+01   3.0926969e+00
   2.8419703e+00   1.1572544e+01   3.7588432e+00
   2.7005551e+00   1.8464374e+01   2.8787117e+00
   3.7365598e+00   1.4064100e+01   4.3263267e+00
   2.5204989e+00   1.5149960e+01   2.8949513e+00
   2.4926630e+00   1.3141290e+01   3.0895467e+00
   2.0871501e+00   1.4186898e+01   2.5260953e+00
   2.0131954e+00   1.2045387e+01   2.7302514e+00
   1.9058161e+00   1.5703043e+01   2.2061295e+00
   1.7563037e+00   1.1209174e+01   2.5960566e+00
   2.1658171e+00   1.8838435e+01   2.3166539e+00
   6.2200306e-01   1.1423750e+01   1.3011311e+00
   2.4759267e+00   1.6698210e+01   2.7352925e+00
   2.7692830e+00   1.3311965e+01   3.3685351e+00
   3.4445323e+00   1.8969837e+01   3.6226688e+00
   3.7980083e+00   1.6072160e+01   4.1691892e+00
   3.1787689e+00   1.5150255e+01   3.5944235e+00
   2.4751608e+00   1.6726750e+01   2.7327829e+00
   2.7630538e+00   1.4576442e+01   3.2077875e+00
   2.1206434e+00   1.5202222e+01   2.4688363e+00
   2.8092829e+00   1.6213390e+01   3.1149140e+00
   1.9328002e+00   1.5132884e+01   2.2769973e+00
   2.4132208e+00   1.8745652e+01   2.5730547e+00
   8.2910243e-01   1.5010514e+01   1.1330608e+00
   3.0554682e+00   1.6618976e+01   3.3445632e+00
   2.6029796e+00   1.6742364e+01   2.8647168e+00
   3.6978096e+00   1.4533772e+01   4.2219736e+00
   2.7369888e+00   1.6840629e+01   2.9981505e+00
   3.7012883e+00   1.6211949e+01   4.0546817e+00
   2.2241180e+00   1.6972170e+01   2.4584975e+00
   3.3605186e+00   1.7691307e+01   3.5970443e+00
   2.2377943e+00   1.5235962e+01   2.5893612e+00
   3.2684664e+00   1.9872147e+01   3.4089503e+00
   9.2977304e-01   1.5164298e+01   1.2270131e+00
   3.6183603e+00   1.6345385e+01   3.9561572e+00
   2.5904662e+00   1.7126737e+01   2.8293872e+00
   2.6483298e+00   1.6110196e+01   2.9536546e+00
   1.7448172e+00   1.5871865e+01   2.0269881e+00
   2.7746424e+00   2.0317178e+01   2.8919849e+00
   2.0005468e+00   1.6890680e+01   2.2317013e+00
   2.0029502e+00   1.6494649e+01   2.2564209e+00
   8.0422121e-01   1.6271614e+01   1.0306152e+00
   2.8258752e+00   1.6926885e+01   3.0854111e+00
   2.2593007e+00   1.6442924e+01   2.5256959e+00
   1.0214303e+00   1.4754221e+01   1.3522571e+00
   1.6522896e+00   1.3527932e+01   2.1324354e+00
   5.1690301e-01   1.7298921e+01   6.8913124e-01
   6.5709340e-01   1.4992274e+01   9.5561734e-01
   9.7614583e-01   1.5197430e+01   1.2729303e+00
   2.3478635e+00   1.5237912e+01   2.7051564e+00
   1.3681573e+00   1.4058911e+01   1.7757109e+00
   1.1178110e+00   1.7103394e+01   1.3124672e+00
   2.0853397e+00   1.5530672e+01   2.4062410e+00
   2.5223424e+00   1.7690801e+01   2.7297927e+00
   7.8146796e-01   1.6067256e+01   1.0181062e+00
   1.8379875e+00   1.8574705e+01   1.9909310e+00
