   2.6661399e-02   7.2302105e+00   1.6965460e+00
   2.5711743e+00   1.0735273e+01   3.6423503e+00
   1.5567732e-02   7.0485877e+00   1.7559582e+00
   3.1857388e+00   1.2394098e+01   3.9841945e+00
   9.5446338e-01   9.9403861e+00   1.9602266e+00
   3.4303705e+00   1.4222109e+01   3.9695079e+00
   5.4558587e-01   7.3647683e+00   2.2898900e+00
   3.9983417e+00   1.4112592e+01   4.6086911e+00
   6.8516360e-01   1.0129859e+01   1.6113417e+00
   2.6104908e+00   1.2413805e+01   3.3327142e+00
   9.0463396e-01   8.6872968e+00   2.2472900e+00
   2.7613180e+00   1.2886451e+01   3.4230806e+00
   1.2099392e+00   1.0585478e+01   2.1066291e+00
   1.3615808e+00   1.0784189e+01   2.2365261e+00
   7.1500621e-02   7.8379439e+00   1.5277843e+00
   1.4072143e+00   1.0465687e+01   2.3568048e+00
   4.7268533e-01   9.8384450e+00   1.4356723e+00
   1.5447834e+00   1.0237143e+01   2.5681899e+00
   6.2217299e-01   6.5950686e+00   2.7477041e+00
   2.5386026e+00   8.1691914e+00   4.5423447e+00
   2.2163230e+00   1.0142241e+01   3.3810083e+00
   2.9291972e+00   9.3897382e+00   4.5144005e+00
   1.9264262e+00   8.7834040e+00   3.4690821e+00
   3.7709610e+00   1.0749730e+01   5.0936708e+00
   2.7079560e+00   1.2144782e+01   3.4901278e+00
   2.6986729e+00   9.3193112e+00   4.2455652e+00
   1.8735647e+00   8.5482824e+00   3.4929894e+00
   2.1453407e+00   8.6595586e+00   3.7963038e+00
   1.9804788e+00   1.0459168e+01   3.0194792e+00
   1.0790467e+00   7.6432349e+00   2.8508672e+00
   1.4556113e+00   8.8381097e+00   2.8651961e+00
   1.3198578e+00   8.2694099e+00   2.9020884e+00
   1.9962603e+00   1.0779817e+01   2.9612381e+00
   1.6037769e+00   8.1259679e+00   3.3199654e+00
   1.8514744e+00   1.0840751e+01   2.7812489e+00
   2.6364412e+00   7.8476608e+00   4.8530912e+00
   1.4998701e+00   8.4080371e+00   3.0749056e+00
   3.5781569e+00   9.0294694e+00   5.5468759e+00
   2.1575081e+00   1.1192123e+01   3.0550016e+00
   2.2420745e+00   7.5093436e+00   4.4841149e+00
   1.3558646e+00   9.4702414e+00   2.5489072e+00
   2.5449511e+00   8.0982860e+00   4.5875802e+00
   1.5651211e+00   1.1721330e+01   2.2884530e+00
   5.2773797e-01   5.5761996e+00   3.2180853e+00
   9.3867185e-01   8.5247252e+00   2.3414240e+00
   1.2054423e+00   6.4993572e+00   3.6043243e+00
   1.2870399e+00   1.0701895e+01   2.1693823e+00
   1.9825821e+00   7.8073814e+00   3.9650301e+00
   1.6875422e+00   8.1895381e+00   3.4011073e+00
   3.9965228e+00   1.1343685e+01   5.1882442e+00
   2.0983654e+00   1.0966791e+01   3.0364084e+00
   2.6819497e+00   1.0070716e+01   3.9643063e+00
   2.0172417e+00   9.0293183e+00   3.4924666e+00
   3.0453771e+00   1.0526290e+01   4.2685217e+00
   2.0854280e+00   1.1479566e+01   2.9142657e+00
   1.1091545e+00   8.9913535e+00   2.3970438e+00
   1.0882542e+00   8.6032195e+00   2.4965759e+00
   1.1059368e+00   8.7811464e+00   2.4593212e+00
   1.7992579e+00   1.0524301e+01   2.7934783e+00
   1.5616083e+00   8.8908094e+00   2.9771396e+00
   2.4877412e+00   1.0760868e+01   3.5375818e+00
   2.5415979e+00   9.1742204e+00   4.1005834e+00
   2.2286211e+00   8.8138134e+00   3.8412109e+00
   2.9364080e+00   1.0486780e+01   4.1478232e+00
   2.3393371e+00   1.0858123e+01   3.3401624e+00
   1.8922961e+00   9.8601092e+00   3.0746206e+00
   1.7646162e+00   8.3693058e+00   3.4257621e+00
   1.7114432e+00   9.1048683e+00   3.0885837e+00
   2.1937910e+00   1.0447443e+01   3.2721390e+00
   1.8437622e+00   9.4118689e+00   3.1503522e+00
   1.7136436e+00   8.9361585e+00   3.1485938e+00
   2.1152629e+00   8.4115763e+00   3.8613675e+00
   1.9000164e+00   1.1442080e+01   2.7125016e+00
   1.4745559e+00   8.1033507e+00   3.1636970e+00
   1.0051451e+00   7.9647899e+00   2.6255459e+00
   1.5342362e+00   8.5840854e+00   3.0519311e+00
   1.5178062e+00   1.0304958e+01   2.5207626e+00
   1.3491911e+00   8.6182116e+00   2.8105449e+00
   5.6284131e-01   1.0190099e+01   1.4608628e+00
   1.0192463e+00   7.9449558e+00   2.6509846e+00
  -6.9599047e-02   7.8336328e+00   1.3603339e+00
   1.5702723e+00   9.6856198e+00   2.7417563e+00
   1.6113740e-01   9.6127789e+00   1.1347358e+00
   2.5821817e+00   1.0717893e+01   3.6598455e+00
   9.3189696e-01   8.5068999e+00   2.3391852e+00
   2.3497721e+00   1.0696107e+01   3.3919871e+00
   9.8475246e-01   1.0394133e+01   1.8927371e+00
   2.4128635e+00   1.1115937e+01   3.3652320e+00
   1.8639766e-01   1.0011059e+01   1.0768215e+00
   1.6287403e+00   1.1175242e+01   2.4590550e+00
