   1.6871784e+00   1.4778334e+01   2.0479030e+00
   2.8892869e+00   1.7959799e+01   3.0954792e+00
   2.2205278e+00   1.6047549e+01   2.5108655e+00
   3.6652245e+00   2.1368820e+01   3.7711231e+00
   2.1208925e+00   2.0509202e+01   2.2227509e+00
   2.0703157e+00   1.8950870e+01   2.2152586e+00
   2.0522457e+00   1.9793935e+01   2.1712189e+00
   3.1864377e+00   2.1346358e+01   3.2850288e+00
   1.8886460e+00   1.5712846e+01   2.1875324e+00
   2.3421428e+00   1.9125527e+01   2.4869909e+00
   2.1214497e+00   1.5625855e+01   2.4370083e+00
   1.9255736e+00   1.8215799e+01   2.0938349e+00
   2.3749412e+00   1.9104309e+01   2.5212108e+00
   2.7307882e+00   1.7709023e+01   2.9440391e+00
   1.8191120e+00   1.7003903e+01   2.0384862e+00
   1.6416645e+00   1.9999722e+01   1.7487319e+00
   1.6607472e+00   1.7590071e+01   1.8480601e+00
   2.7817624e+00   2.1594039e+01   2.8692139e+00
   3.2633175e+00   1.4477360e+01   3.7569791e+00
   3.6069923e+00   1.6265825e+01   3.9504859e+00
   3.5710688e+00   1.7347038e+01   3.8363135e+00
   1.9989546e+00   1.6384630e+01   2.2588252e+00
   3.8236425e+00   2.0637395e+01   3.9523879e+00
   2.9138075e+00   1.7323130e+01   3.1537772e+00
   4.0057360e+00   2.0426340e+01   4.1450939e+00
   2.2850126e+00   1.5707372e+01   2.6022888e+00
   3.1838658e+00   1.4660388e+01   3.6505663e+00
   1.8515658e+00   1.4418275e+01   2.2532291e+00
   3.1310130e+00   1.7077698e+01   3.3939625e+00
   2.4016431e+00   1.3894999e+01   2.8946425e+00
   3.2617980e+00   2.0699540e+01   3.3776700e+00
   1.5615498e+00   1.5743705e+01   1.8447979e+00
   3.5654886e+00   1.8227432e+01   3.7813714e+00
   2.5355997e+00   1.5646009e+01   2.8699282e+00
   3.1027069e+00   2.0138800e+01   3.2313655e+00
   2.1356066e+00   1.3137394e+01   2.7008221e+00
   2.9842902e+00   1.9456560e+01   3.1322002e+00
   3.3099292e+00   1.4943019e+01   3.7558043e+00
   2.7038975e+00   1.6396354e+01   2.9920129e+00
   2.7275397e+00   1.3644806e+01   3.2778887e+00
   2.0961282e+00   1.4296540e+01   2.5245605e+00
   2.1723246e+00   1.3536025e+01   2.6900193e+00
   2.3571079e+00   1.6320281e+01   2.6352431e+00
   2.2788587e+00   1.1955721e+01   3.0422326e+00
   2.3609491e+00   2.1085117e+01   2.4532996e+00
   1.5979856e+00   1.1907538e+01   2.2937559e+00
   2.8844347e+00   1.9206169e+01   3.0387643e+00
   3.0200888e+00   1.5905075e+01   3.3596426e+00
   3.8048968e+00   1.9507938e+01   3.9716758e+00
   3.2369739e+00   1.5024174e+01   3.6692048e+00
   3.2458763e+00   1.7323143e+01   3.4988374e+00
   2.3009503e+00   1.4252679e+01   2.7474029e+00
   3.5613910e+00   1.6050748e+01   3.9198892e+00
   2.2619909e+00   1.5640871e+01   2.5831026e+00
   3.2661722e+00   1.7225378e+01   3.5258047e+00
   2.6784607e+00   1.4582253e+01   3.1166948e+00
   3.1680972e+00   1.9105806e+01   3.3332308e+00
   1.5138410e+00   1.5239600e+01   1.8300832e+00
   3.4732320e+00   1.7381002e+01   3.7321885e+00
   2.8778884e+00   1.6503103e+01   3.1666657e+00
   3.8511858e+00   1.6628176e+01   4.1799709e+00
   2.8979225e+00   1.6785011e+01   3.1692088e+00
   4.0628909e+00   1.7020291e+01   4.3738609e+00
   2.4672803e+00   1.7637736e+01   2.6755612e+00
   4.0715644e+00   1.9256832e+01   4.2564315e+00
   3.2005112e+00   1.7396258e+01   3.4473993e+00
   3.7662746e+00   2.0026803e+01   3.9131965e+00
   1.9397396e+00   1.6361624e+01   2.1987656e+00
   4.2568978e+00   1.9350509e+01   4.4435735e+00
   3.4126922e+00   2.0302965e+01   3.5427998e+00
   2.9854809e+00   1.7266678e+01   3.2313748e+00
   2.5144437e+00   1.7907034e+01   2.7115145e+00
   3.1407426e+00   2.1476612e+01   3.2357252e+00
   2.9613130e+00   1.8231034e+01   3.1571154e+00
   2.4365512e+00   1.7933220e+01   2.6301477e+00
   1.5633511e+00   1.4554635e+01   1.9366803e+00
   2.8230485e+00   1.7517174e+01   3.0492153e+00
   2.9721785e+00   1.7279284e+01   3.2168394e+00
   1.1103231e+00   1.5276931e+01   1.4069604e+00
   2.4243976e+00   1.4389748e+01   2.8650361e+00
   8.9983366e-01   1.9249225e+01   1.0151338e+00
   1.6889116e+00   1.6442967e+01   1.9341480e+00
   1.1504968e+00   1.4615647e+01   1.4981020e+00
   2.6049315e+00   1.4867307e+01   3.0102042e+00
   2.0612244e+00   1.8418265e+01   2.2249507e+00
   2.1126136e+00   1.8378726e+01   2.2790803e+00
   2.2898204e+00   1.6330197e+01   2.5645301e+00
   3.0999638e+00   1.9524939e+01   3.2482098e+00
   5.7617346e-01   1.5732617e+01   8.2520758e-01
   2.0565303e+00   1.9141030e+01   2.1949638e+00
