   4.1840756e-01   6.7632116e+00   2.3952812e+00
   1.6911228e+00   9.1240822e+00   3.0574028e+00
   8.8303145e-02   5.8889016e+00   2.4093338e+00
   2.2511684e+00   1.0349469e+01   3.3655986e+00
   1.3600378e+00   1.0523978e+01   2.2901004e+00
   2.3128023e+00   1.0462548e+01   3.4084262e+00
   8.0169670e-01   7.6671416e+00   2.4884163e+00
   3.4915194e+00   1.0858350e+01   4.7137795e+00
   8.1651274e-01   8.6034405e+00   2.1683950e+00
   1.8955061e+00   1.0828535e+01   2.8343963e+00
   5.7555497e-01   6.9998005e+00   2.4884518e+00
   3.0043379e+00   1.1356858e+01   3.9971076e+00
   1.0428299e+00   9.4059827e+00   2.1985236e+00
   1.7074350e+00   9.5316030e+00   2.9494247e+00
   3.4744923e-01   8.0002381e+00   1.8043585e+00
   1.2779720e+00   1.0101794e+01   2.2930676e+00
   5.0634161e-01   9.1229479e+00   1.6502025e+00
   1.2324323e+00   9.3201388e+00   2.4458364e+00
   7.1671333e-01   5.6869735e+00   3.4193291e+00
   1.4050896e+00   7.0061359e+00   3.5929232e+00
   2.6606117e+00   1.0767052e+01   3.7397881e+00
   1.4387001e+00   6.7449639e+00   3.7885057e+00
   2.4144280e+00   9.2314835e+00   3.9174736e+00
   2.4312385e+00   7.3921985e+00   4.8275652e+00
   2.9231150e+00   1.0902108e+01   4.0157219e+00
   1.3047308e+00   6.7320267e+00   3.6072103e+00
   1.5597802e+00   6.8797045e+00   3.8806587e+00
   2.1717038e+00   7.6916085e+00   4.2841205e+00
   2.2114746e+00   9.9711052e+00   3.4242383e+00
   7.9576018e-01   6.3701178e+00   3.1061116e+00
   1.6949274e+00   8.9183497e+00   3.1316865e+00
   8.1226395e-01   6.7213242e+00   2.9371864e+00
   2.2587480e+00   1.0084419e+01   3.4481022e+00
   6.7502799e-01   6.2450305e+00   3.0107711e+00
   2.4109453e+00   1.1950839e+01   3.1914440e+00
   9.1515553e-01   5.3148263e+00   3.9942102e+00
   2.1157378e+00   9.5345851e+00   3.4422240e+00
   2.3190431e+00   6.3685545e+00   5.3931145e+00
   2.4208165e+00   1.0509467e+01   3.5237283e+00
   1.2856252e+00   6.0382730e+00   4.0214213e+00
   1.0288824e+00   7.5807741e+00   2.8134152e+00
   2.1495061e+00   6.6216512e+00   4.9234086e+00
   1.8983160e+00   1.0129705e+01   3.0077810e+00
   3.6112446e-01   4.8157320e+00   3.5277380e+00
   1.4162392e+00   9.0093201e+00   2.7606676e+00
   7.3736525e-01   5.2646809e+00   3.7567394e+00
   1.8526587e+00   9.8418549e+00   3.0326442e+00
   6.4095604e-01   5.6811954e+00   3.3124933e+00
   2.3978822e+00   9.0062965e+00   3.9820397e+00
   3.3311699e+00   8.8168095e+00   5.3104370e+00
   2.3539786e+00   9.5393107e+00   3.7334038e+00
   1.7509270e+00   8.0258840e+00   3.5541231e+00
   1.3262894e+00   6.4356526e+00   3.8167160e+00
   2.8893362e+00   9.4334298e+00   4.4459658e+00
   2.4243244e+00   1.0424072e+01   3.5508166e+00
   1.0313326e+00   7.4807036e+00   2.8604513e+00
   1.8832292e+00   8.9955506e+00   3.3376746e+00
   1.1553305e+00   7.9307257e+00   2.8281640e+00
   2.1462502e+00   1.0149209e+01   3.2956691e+00
   1.1450910e+00   7.6778623e+00   2.9207784e+00
   2.5482512e+00   9.5719773e+00   3.9635150e+00
   1.3817283e+00   7.2155980e+00   3.4501563e+00
   2.0084301e+00   7.1588988e+00   4.3555185e+00
   2.6963311e+00   8.6715782e+00   4.5138917e+00
   2.6267804e+00   9.6096112e+00   4.0485024e+00
   1.9869245e+00   8.9157522e+00   3.4958482e+00
   2.1541348e+00   9.3871808e+00   3.5378223e+00
   1.5894101e+00   8.1909396e+00   3.2745159e+00
   2.5738340e+00   9.5364592e+00   4.0079011e+00
   1.6342835e+00   8.5348505e+00   3.1954796e+00
   1.3164941e+00   6.9702157e+00   3.4904665e+00
   1.7182094e+00   6.7886813e+00   4.1628544e+00
   1.9852461e+00   9.7198453e+00   3.2266579e+00
   5.8169867e-01   6.0740154e+00   2.9809646e+00
   1.4447233e+00   8.2300175e+00   3.0746268e+00
   1.2438638e+00   7.1916031e+00   3.2766192e+00
   1.6863787e+00   8.9114385e+00   3.1235414e+00
   7.7776728e-01   6.7136321e+00   2.8948308e+00
   8.7278866e-01   8.7843762e+00   2.1786652e+00
   7.8738516e-01   6.8409174e+00   2.8428166e+00
   4.2625609e-01   8.2458010e+00   1.8166052e+00
   1.0106851e+00   7.6230561e+00   2.7719337e+00
   4.7706797e-01   9.1274010e+00   1.6150904e+00
   1.1305223e+00   8.0196518e+00   2.7613703e+00
   1.5545091e+00   9.0373583e+00   2.9194085e+00
   1.6185216e+00   8.4532281e+00   3.2068886e+00
   1.3923308e+00   9.5307591e+00   2.5748925e+00
   1.3141422e+00   8.6608774e+00   2.7526189e+00
   3.9229734e-02   8.9331651e+00   1.1615669e+00
   7.0534075e-01   9.2098359e+00   1.8579569e+00
