  -8.3398018e-01   3.4300491e+00   2.8300709e+00
   1.0816517e+00   7.1821807e+00   3.0650386e+00
  -1.0083826e+00   3.4512956e+00   2.5359312e+00
   1.4834872e+00   8.4516174e+00   3.0378364e+00
   7.9265287e-01   7.7168889e+00   2.4570333e+00
   1.4600120e+00   7.7214806e+00   3.3100846e+00
   2.2240006e-01   5.7695279e+00   2.6623105e+00
   2.7122965e+00   8.2472515e+00   4.7423470e+00
  -1.3725343e-01   4.8925842e+00   2.7192628e+00
   1.2775251e+00   7.9746376e+00   2.9653581e+00
  -5.5867551e-02   4.9266641e+00   2.8141633e+00
   1.7835124e+00   7.5382960e+00   3.8303062e+00
   4.1046422e-01   6.1662446e+00   2.6921983e+00
   7.9534718e-01   6.7880991e+00   2.8801262e+00
   2.0191113e-01   6.8335803e+00   2.0835540e+00
   2.7090006e-01   6.7989705e+00   2.1876920e+00
  -1.9842839e-01   6.1203318e+00   1.9052900e+00
   5.9310553e-01   6.4560801e+00   2.7817597e+00
  -1.3203707e-02   4.1963672e+00   3.4587338e+00
   4.0677474e-01   4.7124332e+00   3.6847806e+00
   1.8839740e+00   7.8724881e+00   3.8006970e+00
   8.0203560e-01   4.8458499e+00   4.2089529e+00
   1.4484020e+00   6.2152647e+00   4.1423501e+00
   2.2552995e+00   6.2732025e+00   5.3680481e+00
   1.6108373e+00   6.8014605e+00   4.0000740e+00
   3.9355304e-01   4.4929248e+00   3.8545108e+00
   9.7819923e-01   5.6573975e+00   3.8300718e+00
   1.5036576e+00   5.8254900e+00   4.5168225e+00
   1.1475277e+00   6.4769581e+00   3.5357028e+00
   4.9545415e-01   5.0554648e+00   3.5459979e+00
   1.2750106e+00   7.4643762e+00   3.1857851e+00
   8.1060899e-02   4.8000576e+00   3.1105128e+00
   1.4157196e+00   7.2557054e+00   3.4756146e+00
   2.0097328e-01   4.5857547e+00   3.4653100e+00
   1.5345688e+00   8.3099555e+00   3.1567416e+00
   6.0405442e-01   4.1468804e+00   4.5541359e+00
   9.4256297e-01   6.1456816e+00   3.4470005e+00
   1.9475880e+00   5.4868933e+00   5.5675970e+00
   1.2289011e+00   7.1503317e+00   3.2773043e+00
   8.3230133e-01   4.8699031e+00   4.2373407e+00
   5.0461744e-01   5.6300069e+00   3.1487950e+00
   1.3898662e+00   5.1463308e+00   4.9222015e+00
   8.7242123e-01   6.6393291e+00   3.0619822e+00
   3.0740027e-01   4.4400935e+00   3.7611820e+00
   9.1508911e-01   7.5162096e+00   2.6953956e+00
   7.8879419e-02   4.4100019e+00   3.4203207e+00
   1.1698794e+00   7.4334521e+00   3.0621370e+00
   4.0093348e-01   4.3066996e+00   4.0394690e+00
   1.4456538e+00   6.4984672e+00   3.9499707e+00
   2.6922128e+00   6.9322601e+00   5.5466781e+00
   1.2949252e+00   6.6573235e+00   3.6369231e+00
   1.0444821e+00   5.9315299e+00   3.7356764e+00
   7.2676200e-01   5.1177739e+00   3.8563369e+00
   1.8798509e+00   6.4666267e+00   4.6194890e+00
   1.3934314e+00   6.7201514e+00   3.7390618e+00
   6.3843941e-01   5.2914701e+00   3.5847196e+00
   1.0307743e+00   6.9495107e+00   3.1131907e+00
   1.7234130e-02   5.3165940e+00   2.6556834e+00
   1.1421420e+00   6.8900358e+00   3.2949570e+00
   5.8522613e-01   5.4393910e+00   3.3969805e+00
   1.6310597e+00   6.5378731e+00   4.1961844e+00
   3.7381635e-01   4.3165841e+00   3.9844817e+00
   1.2681848e+00   5.5367944e+00   4.3743091e+00
   1.6110006e+00   5.7604583e+00   4.7420967e+00
   1.4852180e+00   6.3691732e+00   4.0924259e+00
   6.4548633e-01   5.1391177e+00   3.7124307e+00
   1.3083380e+00   7.4761493e+00   3.2241711e+00
   1.2416080e-01   4.8946667e+00   3.1042780e+00
   1.3458795e+00   6.4401233e+00   3.8422366e+00
   6.3584586e-01   5.0517039e+00   3.7669142e+00
   2.1040382e-01   4.7820635e+00   3.3213172e+00
   1.2724775e+00   5.6717391e+00   4.2731865e+00
   4.8270872e-01   5.6839411e+00   3.0821434e+00
   5.9329781e-01   5.7377840e+00   3.2061095e+00
   4.3700121e-01   6.4760872e+00   2.5619884e+00
   9.8949110e-02   5.5789226e+00   2.6057135e+00
   4.3025548e-01   6.1221487e+00   2.7439624e+00
   3.3071328e-01   5.2828677e+00   3.1309187e+00
  -2.0692889e-01   5.3447673e+00   2.3236703e+00
   3.7128922e-01   5.7510375e+00   2.8815516e+00
  -1.7128887e-01   6.3423774e+00   1.8320679e+00
   1.2517600e-01   5.8013847e+00   2.5095462e+00
  -3.1735914e-01   5.9886854e+00   1.8164040e+00
   5.8666945e-01   5.9934753e+00   3.0361126e+00
   7.1705045e-01   7.0252078e+00   2.6605809e+00
   5.8706717e-01   6.0308456e+00   3.0141619e+00
   3.8945529e-01   6.4358120e+00   2.5194637e+00
   8.4729519e-01   6.1414612e+00   3.3137894e+00
  -4.2827060e-01   6.4942321e+00   1.4362086e+00
   3.7174787e-01   6.3422647e+00   2.5446037e+00
