   3.2828278e+01   4.4168611e+01   3.3159736e+01
   2.4533020e+01   4.2845682e+01   2.4597772e+01
   3.1193797e+01   4.2597201e+01   3.1520366e+01
   3.2630275e+01   4.3394388e+01   3.3010886e+01
   1.4248790e+01   3.9794806e+01   1.4261373e+01
   2.9010383e+01   3.6403151e+01   2.9885296e+01
   1.3928894e+01   3.8665192e+01   1.3944102e+01
   2.8405017e+01   3.5857265e+01   2.9266915e+01
   2.0540225e+01   4.6754621e+01   2.0550713e+01
   3.4534435e+01   4.3449785e+01   3.5131311e+01
   3.0554305e+01   3.9357045e+01   3.1168323e+01
   2.9928557e+01   3.7234125e+01   3.0822974e+01
   1.8183252e+01   2.5751753e+01   1.9030485e+01
   2.7431669e+01   3.8790345e+01   2.7762083e+01
   3.1372241e+01   4.2208051e+01   3.1746411e+01
   3.1022832e+01   4.0424465e+01   3.1552676e+01
   1.4169300e+01   3.6601839e+01   1.4195126e+01
   2.9444085e+01   3.5981071e+01   3.0535237e+01
   3.0633704e+01   3.9009298e+01   3.1316410e+01
   3.0375687e+01   3.7807386e+01   3.1241695e+01
   2.6201825e+01   3.4091560e+01   2.6974006e+01
   2.8222682e+01   4.1611753e+01   2.8426696e+01
   2.5708812e+01   3.2623366e+01   2.6699276e+01
   3.3021180e+01   4.4132737e+01   3.3371300e+01
   3.3581097e-01   1.0408754e+01   1.1636730e+00
   5.1630356e+00   7.7873524e+00   9.2656336e+00
   2.5644630e+01   3.7974181e+01   2.5907050e+01
   2.6093927e+01   3.5473394e+01   2.6627491e+01
   1.9506629e+01   3.0856869e+01   1.9840700e+01
   2.6843296e+01   3.6666746e+01   2.7321874e+01
   3.0344561e+01   4.1301951e+01   3.0708024e+01
   2.2623535e+01   4.0430773e+01   2.2696486e+01
   2.8536222e+01   3.6664876e+01   2.9262751e+01
   2.8105937e+01   4.0233815e+01   2.8380919e+01
   2.0761648e+01   3.1055406e+01   2.1191182e+01
   2.7802493e+01   4.5395848e+01   2.7878871e+01
   2.7693790e+01   4.0572994e+01   2.7923945e+01
   3.1279518e+01   4.5306527e+01   3.1454961e+01
   2.7028648e+01   3.5570062e+01   2.7684430e+01
   2.8814660e+01   3.4959440e+01   3.0024816e+01
   1.6966532e+01   2.8682877e+01   1.7275242e+01
   2.3800661e+01   2.9745926e+01   2.5080056e+01
   1.6806230e+01   3.0605228e+01   1.6994976e+01
   2.4146053e+01   3.5187498e+01   2.4503255e+01
   2.8523123e+01   3.7304534e+01   2.9140691e+01
   2.9236383e+01   4.2667750e+01   2.9438312e+01
   2.5125455e+01   3.4495599e+01   2.5660547e+01
   2.8127227e+01   3.6193064e+01   2.8865385e+01
   2.8617437e+01   3.5568604e+01   2.9597429e+01
   3.2027346e+01   3.7068503e+01   3.3660180e+01
   3.2084809e+01   4.0901002e+01   3.2696639e+01
   3.2909263e+01   4.2905147e+01   3.3367518e+01
   3.2589494e+01   4.4342103e+01   3.2889880e+01
   2.8141837e+01   3.8962288e+01   2.8517680e+01
   2.1729101e+01   3.9294742e+01   2.1806358e+01
   2.4219975e+01   3.0950092e+01   2.5259959e+01
   2.9657472e+01   3.9464952e+01   3.0137466e+01
   2.6819130e+01   3.2060952e+01   2.8365276e+01
   3.0500613e+01   3.8830222e+01   3.1191212e+01
   3.1051989e+01   3.9378938e+01   3.1742979e+01
   2.6502728e+00   1.4934735e+01   3.0520414e+00
   2.7421969e+00   5.3354044e+00   7.3290049e+00
   3.5236266e+01   4.3105073e+01   3.6011041e+01
   3.1351642e+01   3.8200903e+01   3.2357230e+01
   2.3112723e+01   2.9755805e+01   2.4177572e+01
   2.6052622e+01   3.4894817e+01   2.6661588e+01
   3.2782472e+01   4.4020476e+01   3.3122151e+01
   2.7961064e+01   3.8535906e+01   2.8359831e+01
   1.9909941e+01   2.8836550e+01   2.0510639e+01
   2.9144260e+01   3.7812396e+01   2.9779286e+01
   3.8466983e+00   9.8785961e+00   5.5174311e+00
  -1.7773833e+00   5.5088206e+00   1.9704387e-01
   3.3330681e+01   4.1756062e+01   3.4004720e+01
   2.6611276e+01   3.0533914e+01   2.8871860e+01
   3.3292433e+01   4.4359291e+01   3.3646317e+01
   3.0084157e+01   4.1310201e+01   3.0424959e+01
   3.2271546e+01   4.2523855e+01   3.2702213e+01
   3.1374515e+01   4.1653299e+01   3.1802487e+01
   2.9713960e+01   3.9111327e+01   3.0244496e+01
   2.6095218e+01   3.3991786e+01   2.6866112e+01
   3.0942279e+01   4.0684523e+01   3.1429832e+01
   2.4874297e+01   3.6453777e+01   2.5188166e+01
   3.2118793e+01   3.9632598e+01   3.2966658e+01
   3.1776824e+01   4.0457897e+01   3.2409492e+01
   2.8271420e+01   3.4718084e+01   2.9389060e+01
   2.9139740e+01   3.9154829e+01   2.9596169e+01
   2.6942842e+01   3.3534219e+01   2.8019430e+01
   3.0437435e+01   4.0631072e+01   3.0874393e+01
   2.4935524e+01   3.1826831e+01   2.5932426e+01
   2.9576331e+01   3.9874006e+01   3.0002503e+01
