   2.5606812e+01   4.3924526e+01   2.5671439e+01
   2.3208816e+01   4.0582015e+01   2.3289451e+01
   2.4696805e+01   3.7000506e+01   2.4961010e+01
   2.0583418e+01   4.3062304e+01   2.0608243e+01
   1.4168352e+01   3.9223738e+01   1.4182453e+01
   2.8012545e+01   3.6320879e+01   2.8707263e+01
   1.3865267e+01   3.7531766e+01   1.3884744e+01
   2.7877050e+01   3.5568570e+01   2.8688292e+01
   2.0270524e+01   4.6155189e+01   2.0281847e+01
   3.1303288e+01   4.4041902e+01   3.1541004e+01
   2.9084958e+01   4.0998646e+01   2.9374226e+01
   2.6375566e+01   3.7104448e+01   2.6760064e+01
   2.7410777e+01   4.0637306e+01   2.7622828e+01
   2.5524400e+01   3.8781649e+01   2.5735122e+01
   2.7067870e+01   3.9858470e+01   2.7302959e+01
   2.0319605e+01   4.1706616e+01   2.0351570e+01
   1.4012468e+01   3.6190053e+01   1.4039897e+01
   2.4985104e+01   3.6065292e+01   2.5338774e+01
   2.5813295e+01   3.9273708e+01   2.6014126e+01
   2.5162463e+01   3.7941566e+01   2.5398440e+01
   2.7508627e+01   3.6558908e+01   2.8086744e+01
   2.6345977e+01   4.1373716e+01   2.6484945e+01
   2.3240422e+01   3.2471322e+01   2.3794965e+01
   2.6295148e+01   4.4464059e+01   2.6362019e+01
  -2.2108757e-01   1.0842496e+01   4.7665775e-01
   4.4237417e+00   6.8184860e+00   8.9723049e+00
   2.7225107e+01   3.6579169e+01   2.7761717e+01
   2.3736865e+01   3.5554281e+01   2.4033698e+01
   2.0551382e+01   3.8219084e+01   2.0626983e+01
   2.5034399e+01   3.7139449e+01   2.5311302e+01
   1.9049533e+01   3.6148003e+01   1.9136134e+01
   1.8855488e+01   3.5464388e+01   1.8952591e+01
   2.7358617e+01   3.7639160e+01   2.7786858e+01
   2.4895128e+01   4.0070557e+01   2.5029499e+01
   1.9500250e+01   3.5103454e+01   1.9622793e+01
   2.6857934e+01   4.4494689e+01   2.6933576e+01
   1.8382215e+01   3.9988069e+01   1.8412760e+01
   2.4752206e+01   3.8681930e+01   2.4932164e+01
   2.4508902e+01   3.6068764e+01   2.4824331e+01
   2.5306135e+01   3.4566732e+01   2.5855728e+01
   2.3452645e+01   3.6093407e+01   2.3696825e+01
   2.2040979e+01   2.9728537e+01   2.2856449e+01
   2.3159040e+01   3.0818036e+01   2.3979371e+01
   2.2712892e+01   3.4790943e+01   2.2992174e+01
   1.6768264e+01   2.9421631e+01   1.7015610e+01
   1.7191221e+01   2.5760908e+01   1.7852728e+01
   2.0940753e+01   3.8240762e+01   2.1023036e+01
   2.5203783e+01   3.6058212e+01   2.5577096e+01
   2.7395299e+01   3.5672492e+01   2.8095596e+01
   2.9829241e+01   3.7397268e+01   3.0665831e+01
   2.9981587e+01   4.0543573e+01   3.0381365e+01
   3.1098167e+01   4.3246980e+01   3.1371580e+01
   2.8341480e+01   4.1877645e+01   2.8538536e+01
   2.5870746e+01   3.8879100e+01   2.6094174e+01
   2.6601418e+01   4.2377601e+01   2.6718075e+01
   2.3959801e+01   3.1158967e+01   2.4881400e+01
   2.6447595e+01   3.9515234e+01   2.6667847e+01
   2.3644842e+01   3.1754360e+01   2.4376823e+01
   2.7146489e+01   3.8780807e+01   2.7455881e+01
   2.5668594e+01   3.9301033e+01   2.5861468e+01
   2.4576515e+00   1.3252517e+01   3.0359197e+00
   2.6866883e+00   5.1048834e+00   7.5510988e+00
   1.9240591e+01   2.6671858e+01   2.0115310e+01
   1.2278473e+01   2.5095417e+01   1.2525070e+01
   3.0732038e+01   4.0479863e+01   3.1218947e+01
   2.5060083e+01   3.4708478e+01   2.5560010e+01
   2.7280685e+01   4.1954725e+01   2.7431584e+01
   1.9951924e+01   3.7150473e+01   2.0036340e+01
   2.8013201e+01   4.3430590e+01   2.8139977e+01
   2.4509483e+01   3.8044257e+01   2.4707003e+01
   3.5390705e+00   8.7738970e+00   5.6263482e+00
  -2.8582616e+00   5.3370709e+00  -1.0299998e+00
   2.9793015e+01   4.1502798e+01   3.0096630e+01
   2.4526541e+01   3.0450725e+01   2.5812462e+01
   1.9192417e+01   2.4493191e+01   2.0726353e+01
   1.9478999e+01   3.5915075e+01   1.9579917e+01
   2.7852040e+01   4.1400599e+01   2.8048555e+01
   2.6519912e+01   4.1315078e+01   2.6666642e+01
   2.7897276e+01   3.9490844e+01   2.8209600e+01
   2.5451157e+01   3.3784654e+01   2.6142334e+01
   2.0917543e+01   3.8509123e+01   2.0994439e+01
   1.8414234e+01   3.5926924e+01   1.8493038e+01
   2.8208828e+01   3.9281483e+01   2.8562573e+01
   2.8133848e+01   4.0544690e+01   2.8390959e+01
   2.3429517e+01   3.3922696e+01   2.3837358e+01
   1.8309779e+01   3.7733727e+01   1.8360386e+01
   2.5606691e+01   3.3527770e+01   2.6373048e+01
   2.7086020e+01   4.0749220e+01   2.7277361e+01
   1.9386973e+01   3.1744466e+01   1.9649877e+01
   2.2511094e+01   3.3402603e+01   2.2882013e+01
