   3.1675675e+01   4.4168270e+01   3.1927641e+01
   2.4481246e+01   4.2797218e+01   2.4545951e+01
   2.8587290e+01   4.2482914e+01   2.8768349e+01
   3.1770367e+01   4.3327501e+01   3.2085129e+01
   1.4227104e+01   3.9613061e+01   1.4240162e+01
   2.9451412e+01   3.6416984e+01   3.0427556e+01
   1.3913362e+01   3.8655803e+01   1.3928551e+01
   2.8324536e+01   3.5851222e+01   2.9170287e+01
   2.0335317e+01   4.6683200e+01   2.0345491e+01
   3.4516204e+01   4.3464160e+01   3.5108299e+01
   3.2122866e+01   4.1283569e+01   3.2684877e+01
   2.9884149e+01   3.7234360e+01   3.0768432e+01
   1.5600489e+01   2.2147797e+01   1.6714011e+01
   2.2691199e+01   3.8861317e+01   2.2797950e+01
   2.9724803e+01   4.2222328e+01   2.9976568e+01
   3.0645819e+01   4.0532130e+01   3.1116595e+01
   1.3594800e+01   3.0125457e+01   1.3696649e+01
   2.7942625e+01   3.5825880e+01   2.8715507e+01
   2.9598557e+01   3.8922020e+01   3.0138802e+01
   2.7332262e+01   3.7730025e+01   2.7748540e+01
   2.1957974e+01   3.0611623e+01   2.2598335e+01
   2.7814196e+01   4.1605004e+01   2.7999822e+01
   2.5588842e+01   3.2610266e+01   2.6552428e+01
   3.2333227e+01   4.4217811e+01   3.2624323e+01
  -1.7193272e+00   7.4459363e+00  -4.3924330e-01
   6.1259709e+00   8.3434061e+00   1.0700463e+01
   2.0085701e+01   3.1197028e+01   2.0438968e+01
   2.5986592e+01   3.5435693e+01   2.6511167e+01
   2.0354376e+01   3.5919841e+01   2.0477762e+01
   2.3541220e+01   3.6614603e+01   2.3761636e+01
   2.8224985e+01   3.9576942e+01   2.8555835e+01
   1.9374139e+01   3.9876760e+01   1.9413442e+01
   2.0032707e+01   3.4109341e+01   2.0207675e+01
   2.6361788e+01   4.0071242e+01   2.6551123e+01
   2.0632911e+01   3.0760262e+01   2.1080208e+01
   2.7115936e+01   4.5334792e+01   2.7182010e+01
   2.7275598e+01   4.0434929e+01   2.7491051e+01
   3.0096284e+01   4.5240516e+01   3.0231338e+01
   2.6627586e+01   3.5567840e+01   2.7221816e+01
   2.8395520e+01   3.4943146e+01   2.9483938e+01
   2.3073512e+01   3.5258473e+01   2.3345676e+01
   2.0833324e+01   2.9584713e+01   2.1459460e+01
   2.3961918e+01   3.2383631e+01   2.4638790e+01
   2.0793250e+01   3.5147104e+01   2.0956942e+01
   2.6963577e+01   3.7332709e+01   2.7382811e+01
   2.7115801e+01   4.2601266e+01   2.7240621e+01
   2.1906877e+01   2.9754070e+01   2.2690265e+01
   2.2022101e+01   3.6084883e+01   2.2197019e+01
   2.7707774e+01   3.5593025e+01   2.8480331e+01
   3.1388580e+01   3.7068884e+01   3.2758446e+01
   3.0100289e+01   4.0938113e+01   3.0474366e+01
   3.2894929e+01   4.2974774e+01   3.3343941e+01
   3.2182723e+01   4.4320020e+01   3.2456839e+01
   2.9335697e+01   3.8967412e+01   2.9836740e+01
   2.7407605e+01   3.5908834e+01   2.8069868e+01
   2.4574935e+01   3.1048978e+01   2.5686528e+01
   2.7088650e+01   3.9500044e+01   2.7345831e+01
   2.6610370e+01   3.2052680e+01   2.8073705e+01
   2.8835237e+01   3.8802679e+01   2.9297016e+01
   3.0360134e+01   3.9502368e+01   3.0924866e+01
   3.7193214e+00   1.5473954e+01   4.1408263e+00
   4.5970438e+00   7.3042516e+00   8.6741300e+00
   3.4682568e+01   4.3114637e+01   3.5355408e+01
   3.1344614e+01   3.8228851e+01   3.2341138e+01
   2.4316636e+01   3.1240782e+01   2.5305542e+01
   2.5949507e+01   3.4857857e+01   2.6548638e+01
   3.0374320e+01   4.4066581e+01   3.0564164e+01
   2.7914489e+01   3.8551959e+01   2.8307287e+01
   1.9308622e+01   2.7099191e+01   2.0107087e+01
   2.8935839e+01   3.7836682e+01   2.9535374e+01
   3.5966369e+00   9.4972650e+00   5.3488750e+00
  -8.8697850e-01   6.5307135e+00   8.5316230e-01
   3.3191698e+01   4.1824608e+01   3.3831857e+01
   2.6538867e+01   3.0517244e+01   2.8761890e+01
   3.2272572e+01   4.4371882e+01   3.2549171e+01
   2.9740307e+01   4.1263232e+01   3.0057773e+01
   3.2129284e+01   4.2513408e+01   3.2546446e+01
   3.1085970e+01   4.1635505e+01   3.1486864e+01
   2.9532531e+01   3.9169289e+01   3.0032934e+01
   2.6078499e+01   3.4079055e+01   2.6829495e+01
   3.0193056e+01   4.0679897e+01   3.0600130e+01
   2.4615024e+01   3.6421771e+01   2.4912391e+01
   3.1345593e+01   3.9749302e+01   3.2023450e+01
   3.1803466e+01   4.0474138e+01   3.2437765e+01
   2.7755713e+01   3.4703709e+01   2.8736772e+01
   2.8795217e+01   3.9188358e+01   2.9211752e+01
   2.7088742e+01   3.3540980e+01   2.8205205e+01
   2.9834668e+01   4.0555272e+01   3.0219467e+01
   2.4915010e+01   3.1825175e+01   2.5907076e+01
   2.9208124e+01   3.9891434e+01   2.9596455e+01
