   3.1536697e+01   4.4194651e+01   3.1778987e+01
   2.4495489e+01   4.2817058e+01   2.4560110e+01
   2.9129909e+01   4.2619226e+01   2.9329105e+01
   3.2202254e+01   4.3348241e+01   3.2549530e+01
   1.4229205e+01   3.9592655e+01   1.4242332e+01
   2.9467757e+01   3.6436741e+01   3.0443038e+01
   1.3919675e+01   3.8600501e+01   1.3935080e+01
   2.8316002e+01   3.5882771e+01   2.9153188e+01
   2.0423246e+01   4.6710986e+01   2.0433560e+01
   3.4646217e+01   4.3461474e+01   3.5258031e+01
   3.1517300e+01   4.1291663e+01   3.2001007e+01
   3.0499611e+01   3.7238767e+01   3.1534493e+01
   1.5773759e+01   2.2965790e+01   1.6715598e+01
   2.3624275e+01   3.8838030e+01   2.3757591e+01
   2.9494546e+01   4.2180921e+01   2.9735310e+01
   3.0774428e+01   4.0549832e+01   3.1258073e+01
   1.4147280e+01   3.6585808e+01   1.4173075e+01
   2.9387258e+01   3.5983526e+01   3.0461644e+01
   2.7973799e+01   3.9030955e+01   2.8328890e+01
   3.0016883e+01   3.7804376e+01   3.0808221e+01
   2.1744043e+01   2.9968468e+01   2.2456819e+01
   2.7881342e+01   4.1619065e+01   2.8069296e+01
   2.5679543e+01   3.2617665e+01   2.6664011e+01
   3.2233911e+01   4.4132870e+01   3.2524016e+01
  -2.9192298e+00   5.1229890e+00  -1.0136535e+00
   6.8557427e+00   8.8398683e+00   1.1745424e+01
   2.7545806e+01   3.8578352e+01   2.7903056e+01
   2.6203062e+01   3.5445373e+01   2.6754842e+01
   1.0964695e+01   1.8534080e+01   1.1860649e+01
   2.5842889e+01   3.6675986e+01   2.6217974e+01
   2.9007357e+01   4.0428261e+01   2.9332719e+01
   1.9409541e+01   3.9946321e+01   1.9448531e+01
   2.4565331e+01   4.0363362e+01   2.4681544e+01
   2.6448153e+01   4.0149174e+01   2.6637855e+01
   2.1156532e+01   3.2242679e+01   2.1511214e+01
   2.7967919e+01   4.5134345e+01   2.8052258e+01
   2.7267341e+01   4.0589380e+01   2.7474681e+01
   2.8666899e+01   4.5325968e+01   2.8761783e+01
   2.6589563e+01   3.5540874e+01   2.7182184e+01
   2.8577967e+01   3.4952087e+01   2.9717021e+01
   1.9045776e+01   2.8150385e+01   1.9621910e+01
   2.1969556e+01   2.9636072e+01   2.2789457e+01
   1.9414279e+01   2.8705987e+01   1.9964033e+01
   2.4370999e+01   3.5163106e+01   2.4750180e+01
   2.6910441e+01   3.7293437e+01   2.7328283e+01
   2.7381696e+01   4.2630997e+01   2.7513583e+01
   2.1366164e+01   2.8479593e+01   2.2311035e+01
   2.3058756e+01   3.6118887e+01   2.3279974e+01
   2.8242482e+01   3.5575411e+01   2.9131055e+01
   3.1806599e+01   3.7066005e+01   3.3343415e+01
   3.0592685e+01   4.0977146e+01   3.1009916e+01
   3.3017116e+01   4.2932995e+01   3.3484360e+01
   3.2338113e+01   4.4311459e+01   3.2623123e+01
   2.9880965e+01   3.8966968e+01   3.0453620e+01
   2.0887089e+01   2.7232360e+01   2.2041638e+01
   2.3645996e+01   3.0902949e+01   2.4554302e+01
   2.8438440e+01   3.9469741e+01   2.8795685e+01
   2.6694359e+01   3.2065852e+01   2.8186324e+01
   2.9693023e+01   3.9009869e+01   3.0234134e+01
   3.1052633e+01   3.9505156e+01   3.1722331e+01
   3.0398293e+00   1.4481734e+01   3.5152201e+00
   5.6735670e+00   8.2530102e+00   9.7673888e+00
   3.4924863e+01   4.3096377e+01   3.5642921e+01
   3.1370356e+01   3.8213022e+01   3.2377661e+01
   2.4549633e+01   3.1324706e+01   2.5577289e+01
   2.6011508e+01   3.4857052e+01   2.6619983e+01
   3.0862148e+01   4.4067617e+01   3.1075049e+01
   2.7907440e+01   3.8561379e+01   2.8298684e+01
   2.0706136e+01   2.9296539e+01   2.1357900e+01
   2.8943008e+01   3.7839186e+01   2.9543233e+01
   3.2705443e+00   8.6340601e+00   5.3205307e+00
  -2.1548827e+00   1.2432817e+01  -1.7599765e+00
   3.3182120e+01   4.1794756e+01   3.3825508e+01
   2.6556677e+01   3.0516791e+01   2.8791923e+01
   3.2374545e+01   4.4369332e+01   3.2658103e+01
   2.9932275e+01   4.1269904e+01   3.0264105e+01
   3.2067404e+01   4.2530079e+01   3.2476729e+01
   3.1286812e+01   4.1671313e+01   3.1703988e+01
   2.9207606e+01   3.9181633e+01   2.9668601e+01
   2.6123179e+01   3.4084433e+01   2.6881614e+01
   3.0196196e+01   4.0683063e+01   3.0603267e+01
   2.4651542e+01   3.6361996e+01   2.4955805e+01
   3.1328282e+01   3.9704222e+01   3.2010848e+01
   3.1871895e+01   4.0479802e+01   3.2516140e+01
   2.7745691e+01   3.4686753e+01   2.8728512e+01
   2.8891345e+01   3.9188928e+01   2.9317603e+01
   2.7169458e+01   3.3549375e+01   2.8307307e+01
   2.9889602e+01   4.0564486e+01   3.0278657e+01
   2.4863742e+01   3.1795457e+01   2.5850331e+01
   2.9293145e+01   3.9878017e+01   2.9690788e+01
