   3.1723913e+01   4.4113548e+01   3.1982104e+01
   2.4239052e+01   4.2818098e+01   2.4299940e+01
   2.8513656e+01   4.2555777e+01   2.8688591e+01
   3.0198546e+01   4.3138941e+01   3.0425231e+01
   1.4231809e+01   3.9557759e+01   1.4245049e+01
   2.9002634e+01   3.6429721e+01   2.9869927e+01
   1.3906453e+01   3.8771417e+01   1.3921219e+01
   2.8304940e+01   3.5854962e+01   2.9145697e+01
   2.0327088e+01   4.6793431e+01   2.0336988e+01
   3.4185571e+01   4.3424496e+01   3.4736767e+01
   2.9761074e+01   4.1205207e+01   3.0084572e+01
   3.0521962e+01   3.7224510e+01   3.1566741e+01
   2.0515498e+01   2.7391278e+01   2.1521463e+01
   2.6321665e+01   3.8875301e+01   2.6570409e+01
   2.9692966e+01   4.2029536e+01   2.9954531e+01
   2.8785126e+01   4.0416356e+01   2.9094566e+01
   1.4135568e+01   3.6638326e+01   1.4160985e+01
   2.9299265e+01   3.5940561e+01   3.0361121e+01
   2.8694100e+01   3.8978292e+01   2.9121765e+01
   2.8693362e+01   3.7781531e+01   2.9265885e+01
   1.9230675e+01   2.8478632e+01   1.9786614e+01
   2.7653598e+01   4.1593474e+01   2.7832841e+01
   2.5565695e+01   3.2617167e+01   2.6521866e+01
   3.0333324e+01   4.4180293e+01   3.0516384e+01
  -1.1228883e+00   7.8424786e+00   1.2728491e-01
   5.1743449e+00   7.5251498e+00   9.6695644e+00
   2.0625614e+01   2.7972323e+01   2.1516787e+01
   2.5358897e+01   3.5417914e+01   2.5811211e+01
   2.0838934e+01   4.2679175e+01   2.0867691e+01
   2.7662145e+01   3.6666027e+01   2.8246874e+01
   2.8399473e+01   3.5285604e+01   2.9396142e+01
   1.8543047e+01   3.9921647e+01   1.8575222e+01
   2.9961977e+01   4.3585163e+01   3.0154950e+01
   2.6649936e+01   4.0300837e+01   2.6841870e+01
   1.9760707e+01   3.0912591e+01   2.0110810e+01
   2.7147717e+01   4.5206006e+01   2.7216298e+01
   2.7237405e+01   4.0425676e+01   2.7451394e+01
   2.9571140e+01   4.4858828e+01   2.9701755e+01
   2.6068672e+01   3.5475048e+01   2.6598738e+01
   2.7864133e+01   3.4971148e+01   2.8805776e+01
   2.6270141e+01   3.7951395e+01   2.6576215e+01
   2.3705420e+01   2.9696595e+01   2.4969315e+01
   2.6808921e+01   3.5222598e+01   2.7485942e+01
   2.5115139e+01   3.5006842e+01   2.5586286e+01
   2.4263388e+01   3.6008863e+01   2.4565214e+01
   2.0732524e+01   4.2555859e+01   2.0761399e+01
   2.5980102e+01   3.8389586e+01   2.6237542e+01
   2.8683360e+01   3.6198732e+01   2.9531457e+01
   2.8125506e+01   3.5541134e+01   2.8995558e+01
   3.1823503e+01   3.6904221e+01   3.3438445e+01
   2.9598875e+01   4.0877526e+01   2.9935448e+01
   3.2603763e+01   4.2802372e+01   3.3040048e+01
   3.0853327e+01   4.4263354e+01   3.1056201e+01
   2.9658076e+01   3.8961288e+01   3.0201003e+01
   2.2528968e+01   2.9029905e+01   2.3634791e+01
   2.3967240e+01   3.0825649e+01   2.4973382e+01
   2.7142446e+01   3.9387572e+01   2.7409973e+01
   2.5454428e+01   3.2010873e+01   2.6541681e+01
   2.9292324e+01   3.8979041e+01   2.9786695e+01
   3.0589497e+01   3.9451367e+01   3.1194603e+01
   2.4078261e+00   1.3273088e+01   2.9788290e+00
   3.9967957e+00   6.8243994e+00   8.0176195e+00
   2.0184719e+01   2.7351607e+01   2.1118613e+01
   1.3615996e+01   2.6254544e+01   1.3869511e+01
   2.3709416e+01   2.9871336e+01   2.4917171e+01
   2.5812429e+01   3.4896347e+01   2.6386233e+01
   3.1291706e+01   4.3880713e+01   3.1537994e+01
   2.7095230e+01   3.8678105e+01   2.7408451e+01
   1.3313778e+01   2.3432904e+01   1.3777972e+01
   2.8854399e+01   3.7821906e+01   2.9444167e+01
   3.6434585e+00   9.2475771e+00   5.5290247e+00
  -1.9054543e+00   5.0464597e+00   2.5533766e-01
   3.2557499e+01   4.1694221e+01   3.3122804e+01
   2.6505168e+01   3.0530558e+01   2.8697105e+01
   3.0995613e+01   4.4215307e+01   3.1207795e+01
   2.9518186e+01   4.1071769e+01   2.9833352e+01
   3.1383682e+01   4.2460586e+01   3.1736801e+01
   3.0920066e+01   4.1724521e+01   3.1297096e+01
   2.9113001e+01   3.9131927e+01   2.9569009e+01
   2.6093544e+01   3.3977745e+01   2.6866844e+01
   3.0159460e+01   4.0484745e+01   3.0582740e+01
   2.4200114e+01   3.6396003e+01   2.4471278e+01
   3.1265958e+01   3.9443844e+01   3.1983152e+01
   3.1044156e+01   4.0400080e+01   3.1579964e+01
   2.6553919e+01   3.4655220e+01   2.7285992e+01
   2.8023268e+01   3.9072277e+01   2.8379048e+01
   2.4636808e+01   3.3620418e+01   2.5225412e+01
   3.0026387e+01   4.0622365e+01   3.0422897e+01
   2.4755447e+01   3.1792844e+01   2.5715578e+01
   2.7412697e+01   3.9853331e+01   2.7668067e+01
