   3.2490336e+01   4.4078436e+01   3.2802749e+01
   2.4520678e+01   4.2842918e+01   2.4585287e+01
   2.9991096e+01   4.2657134e+01   3.0232993e+01
   3.2520929e+01   4.3382419e+01   3.2892735e+01
   1.4246657e+01   3.9771067e+01   1.4259304e+01
   2.8715857e+01   3.6395424e+01   2.9529345e+01
   1.3927211e+01   3.8661582e+01   1.3942426e+01
   2.8348129e+01   3.5804614e+01   2.9209112e+01
   2.0515676e+01   4.6793097e+01   2.0526013e+01
   3.4318090e+01   4.3443673e+01   3.4884847e+01
   3.2373209e+01   4.1294498e+01   3.2969338e+01
   3.0404300e+01   3.7249717e+01   3.1411051e+01
   1.5419517e+01   2.1575633e+01   1.6654767e+01
   2.7414715e+01   3.8811766e+01   2.7742114e+01
   3.1822062e+01   4.2176387e+01   3.2242257e+01
   3.0987658e+01   4.0492745e+01   3.1504260e+01
   1.4173061e+01   3.6612048e+01   1.4198847e+01
   2.9382311e+01   3.5961485e+01   3.0461507e+01
   3.0454385e+01   3.9081756e+01   3.1095675e+01
   3.0308173e+01   3.7766007e+01   3.1168446e+01
   2.4506352e+01   3.2840644e+01   2.5197834e+01
   2.8255529e+01   4.1644161e+01   2.8459563e+01
   2.5696451e+01   3.2621921e+01   2.6684132e+01
   3.2572277e+01   4.4107915e+01   3.2888625e+01
  -1.2473659e+00   7.0931191e+00   2.1554048e-01
   5.5406880e+00   7.9241390e+00   9.9332053e+00
   2.6735518e+01   3.7999838e+01   2.7073581e+01
   2.5459022e+01   3.5475238e+01   2.5916030e+01
   1.9582519e+01   3.2220453e+01   1.9828398e+01
   2.6928676e+01   3.6636214e+01   2.7420938e+01
   3.0128587e+01   4.1268960e+01   3.0476455e+01
   2.2940243e+01   4.0398007e+01   2.3019333e+01
   2.1408299e+01   2.6558316e+01   2.3001102e+01
   2.5794554e+01   4.0239728e+01   2.5953888e+01
   2.1209366e+01   3.1930078e+01   2.1596558e+01
   2.8055496e+01   4.5410116e+01   2.8136223e+01
   2.7638123e+01   4.0536602e+01   2.7867236e+01
   3.0479186e+01   4.5263004e+01   3.0626114e+01
   2.6891214e+01   3.5505895e+01   2.7535211e+01
   2.8749831e+01   3.4964979e+01   2.9937643e+01
   1.4897629e+01   2.7095713e+01   1.5176125e+01
   2.2869611e+01   2.9710219e+01   2.3881437e+01
   1.2683111e+01   1.9679105e+01   1.3697148e+01
   2.3977209e+01   3.5137782e+01   2.4324403e+01
   2.8357449e+01   3.7304493e+01   2.8950289e+01
   2.9316532e+01   4.2679072e+01   2.9521760e+01
   2.5580707e+01   3.5222487e+01   2.6081275e+01
   2.8005492e+01   3.6204848e+01   2.8719393e+01
   2.8510222e+01   3.5543584e+01   2.9469686e+01
   3.1929167e+01   3.7047649e+01   3.3527189e+01
   3.1784282e+01   4.0904314e+01   3.2351968e+01
   3.2816375e+01   4.2849409e+01   3.3270521e+01
   3.2660650e+01   4.4269914e+01   3.2971482e+01
   3.0005453e+01   3.8976280e+01   3.0594572e+01
   1.7065054e+01   3.2941577e+01   1.7180971e+01
   2.4243449e+01   3.0958207e+01   2.5287575e+01
   2.8857983e+01   3.9467509e+01   2.9253317e+01
   2.6789024e+01   3.2037418e+01   2.8332383e+01
   3.0238013e+01   3.8803087e+01   3.0889326e+01
   3.1061228e+01   3.9436980e+01   3.1743856e+01
   1.9646553e+00   1.3548803e+01   2.4649020e+00
   3.4165651e+00   6.0514752e+00   7.8007414e+00
   3.5148814e+01   4.3091522e+01   3.5909306e+01
   3.1504327e+01   3.8206254e+01   3.2549108e+01
   2.3249044e+01   3.0002641e+01   2.4283569e+01
   2.6119267e+01   3.4888369e+01   2.6739317e+01
   3.2385230e+01   4.4075362e+01   3.2690133e+01
   2.8001718e+01   3.8622762e+01   2.8396062e+01
   2.0849337e+01   2.9096132e+01   2.1559133e+01
   2.9153232e+01   3.7825876e+01   2.9787548e+01
   3.6663807e+00   8.8904610e+00   5.7447749e+00
  -2.3461591e+00   5.3401005e+00  -4.2104480e-01
   3.2554702e+01   4.1752468e+01   3.3111588e+01
   2.6599385e+01   3.0539678e+01   2.8847974e+01
   3.2700974e+01   4.4327529e+01   3.3010524e+01
   3.0119838e+01   4.1237768e+01   3.0469582e+01
   3.2164968e+01   4.2532580e+01   3.2583796e+01
   3.1370899e+01   4.1663459e+01   3.1797447e+01
   2.9705042e+01   3.9099425e+01   3.0235967e+01
   2.6112353e+01   3.3999367e+01   2.6885098e+01
   3.0927070e+01   4.0664396e+01   3.1415209e+01
   2.4794990e+01   3.6431807e+01   2.5104611e+01
   3.1792904e+01   3.9632526e+01   3.2573660e+01
   3.1950329e+01   4.0432691e+01   3.2614981e+01
   2.8183758e+01   3.4722004e+01   2.9274920e+01
   2.9113733e+01   3.9181263e+01   2.9564393e+01
   2.7197366e+01   3.3553233e+01   2.8342428e+01
   2.9977484e+01   4.0601170e+01   3.0371360e+01
   2.5077988e+01   3.1927106e+01   2.6085742e+01
   2.9489268e+01   3.9888146e+01   2.9905148e+01
