   2.9905190e+01   4.4118451e+01   3.0073170e+01
   2.4405645e+01   4.2839469e+01   2.4468610e+01
   2.7748094e+01   4.2559801e+01   2.7894178e+01
   3.0211008e+01   4.3460359e+01   3.0421743e+01
   1.4189678e+01   3.9539814e+01   1.4202849e+01
   2.8708377e+01   3.6419954e+01   2.9515303e+01
   1.3908947e+01   3.8655545e+01   1.3924122e+01
   2.8247836e+01   3.5895752e+01   2.9067985e+01
   2.0376506e+01   4.6690207e+01   2.0386760e+01
   3.3116464e+01   4.3471865e+01   3.3536482e+01
   3.1771059e+01   4.1244725e+01   3.2291583e+01
   2.9949574e+01   3.7245496e+01   3.0846197e+01
   1.8243237e+01   2.4671999e+01   1.9379458e+01
   2.5334123e+01   3.8844293e+01   2.5532673e+01
   3.0557919e+01   4.2127848e+01   3.0871786e+01
   2.8461944e+01   4.0520587e+01   2.8741456e+01
   1.4127007e+01   3.6596981e+01   1.4152619e+01
   2.9049737e+01   3.5980285e+01   3.0034847e+01
   2.9759230e+01   3.8803813e+01   3.0337770e+01
   2.6484122e+01   3.7757144e+01   2.6821522e+01
   2.2235637e+01   3.1180016e+01   2.2831367e+01
   2.7417665e+01   4.1644453e+01   2.7585242e+01
   2.5625861e+01   3.2610911e+01   2.6598504e+01
   3.0788121e+01   4.4170424e+01   3.0992328e+01
   2.5770182e-01   5.5681619e+00   2.8356208e+00
  -1.0680358e-01   5.4836713e+00   2.3779042e+00
   2.2065420e+01   3.2547330e+01   2.2475022e+01
   2.5276437e+01   3.5407306e+01   2.5720962e+01
   2.0740181e+01   3.7714687e+01   2.0828966e+01
   2.4974417e+01   3.6604088e+01   2.5284526e+01
   2.7754288e+01   3.7399266e+01   2.8253953e+01
   1.9105549e+01   3.9910811e+01   1.9142222e+01
   1.9751050e+01   3.3616271e+01   1.9935049e+01
   2.5019960e+01   4.0050978e+01   2.5158934e+01
   2.1141971e+01   3.1497549e+01   2.1564851e+01
   2.6588989e+01   4.5202654e+01   2.6649297e+01
   2.7143718e+01   4.0369942e+01   2.7355809e+01
   3.0486390e+01   4.5163383e+01   3.0637040e+01
   2.6410830e+01   3.5518187e+01   2.6981155e+01
   2.8030905e+01   3.4944721e+01   2.9020576e+01
   2.6318722e+01   3.7916804e+01   2.6630924e+01
   2.3882781e+01   2.9714362e+01   2.5201683e+01
   2.7593186e+01   3.4749716e+01   2.8523016e+01
   1.2679351e+01   3.4727356e+01   1.2707999e+01
   2.7059952e+01   3.7286441e+01   2.7493887e+01
   2.4360719e+01   4.2687320e+01   2.4425271e+01
   2.3724789e+01   3.2574953e+01   2.4333553e+01
   2.2305548e+01   3.6135100e+01   2.2490251e+01
   2.8241730e+01   3.5591814e+01   2.9126418e+01
   3.1088433e+01   3.7020131e+01   3.2368725e+01
   2.9748192e+01   4.0908013e+01   3.0094470e+01
   3.2029856e+01   4.2895213e+01   3.2401340e+01
   3.1310789e+01   4.4234025e+01   3.1538348e+01
   2.9373950e+01   3.8970149e+01   2.9879351e+01
   2.1026382e+01   2.7034713e+01   2.2288454e+01
   2.3913797e+01   3.0876665e+01   2.4893179e+01
   2.7090235e+01   3.9506173e+01   2.7347139e+01
   2.6600680e+01   3.2028729e+01   2.8069744e+01
   2.9132548e+01   3.8971295e+01   2.9608965e+01
   2.9828753e+01   3.9523978e+01   3.0322036e+01
   9.1246230e+00   1.8593575e+01   9.7050472e+00
  -1.8735293e+00   3.1157281e+00   1.5083868e+00
   3.4714880e+01   4.3058564e+01   3.5402706e+01
   3.1206045e+01   3.8220135e+01   3.2169723e+01
   1.9676488e+01   3.0887641e+01   2.0021724e+01
   2.6052962e+01   3.4866519e+01   2.6666254e+01
   2.9320006e+01   4.4010665e+01   2.9470216e+01
   2.6482246e+01   3.8549365e+01   2.6761417e+01
   1.9148216e+01   2.7217594e+01   1.9892910e+01
   2.7576939e+01   3.7831953e+01   2.8007797e+01
   1.7719925e+00   8.3373000e+00   3.4482962e+00
  -2.7995091e-01   7.2458137e+00   1.3150314e+00
   3.2664501e+01   4.1796016e+01   3.3230523e+01
   2.6474244e+01   3.0519599e+01   2.8653162e+01
   3.2124131e+01   4.4322262e+01   3.2394315e+01
   2.8535074e+01   4.1119257e+01   2.8781802e+01
   3.1755820e+01   4.2519320e+01   3.2136532e+01
   3.0552143e+01   4.1674073e+01   3.0901521e+01
   2.9422687e+01   3.9144561e+01   2.9912822e+01
   2.5878954e+01   3.4076790e+01   2.6593783e+01
   2.9999115e+01   4.0647039e+01   3.0390695e+01
   2.4631081e+01   3.6451071e+01   2.4927507e+01
   3.1762890e+01   3.9628161e+01   3.2538616e+01
   3.0848084e+01   4.0478945e+01   3.1349069e+01
   2.3576817e+01   3.4699404e+01   2.3927316e+01
   2.8569401e+01   3.9132242e+01   2.8969244e+01
   2.7085977e+01   3.3538467e+01   2.8202368e+01
   2.9132892e+01   4.0579269e+01   2.9456267e+01
   2.4828135e+01   3.1788945e+01   2.5807363e+01
   2.7886350e+01   3.9849994e+01   2.8172306e+01
