   2.8930992e+01   4.4139594e+01   2.9064068e+01
   2.4211353e+01   4.2766403e+01   2.4272582e+01
   2.8160740e+01   4.2506437e+01   2.8323660e+01
   2.7889948e+01   4.3349907e+01   2.8015474e+01
   1.4172266e+01   3.9613176e+01   1.4185167e+01
   2.9034737e+01   3.6389403e+01   2.9918191e+01
   1.3868239e+01   3.8326017e+01   1.3884465e+01
   2.8065783e+01   3.5916359e+01   2.8845025e+01
   2.0425408e+01   4.6281211e+01   2.0436802e+01
   3.2246764e+01   4.3531983e+01   3.2582647e+01
   3.0461290e+01   4.1149834e+01   3.0849020e+01
   2.8401737e+01   3.7203279e+01   2.9016261e+01
   2.8253167e+01   4.1267995e+01   2.8476017e+01
   2.7447712e+01   3.8660426e+01   2.7789873e+01
   2.8437138e+01   4.2165097e+01   2.8625489e+01
   2.9907276e+01   4.0694521e+01   3.0285947e+01
   1.4123403e+01   3.6536437e+01   1.4149355e+01
   2.8848676e+01   3.5968526e+01   2.9786937e+01
   2.7330411e+01   3.9397992e+01   2.7609444e+01
   2.7701320e+01   3.7909036e+01   2.8137120e+01
   2.8144590e+01   3.5943429e+01   2.8934051e+01
   2.6006349e+01   4.1479849e+01   2.6131588e+01
   2.3948577e+01   3.2612305e+01   2.4585958e+01
   2.8422391e+01   4.4554634e+01   2.8529672e+01
  -9.3267410e-01   1.0857081e+01  -2.9245959e-01
   5.2076303e+00   7.5764967e+00   9.6701512e+00
   2.6969751e+01   3.5634925e+01   2.7605712e+01
   2.4078372e+01   3.5475015e+01   2.4406462e+01
   2.0685199e+01   3.9355399e+01   2.0745095e+01
   2.5586736e+01   3.6943963e+01   2.5917569e+01
   2.3992340e+01   3.0789525e+01   2.5014552e+01
   1.8320643e+01   3.9699485e+01   1.8352840e+01
   2.7920368e+01   4.0375699e+01   2.8174800e+01
   2.6989246e+01   4.0196944e+01   2.7202280e+01
   2.3483753e+01   3.5926031e+01   2.3739683e+01
   2.6689481e+01   4.5128101e+01   2.6752283e+01
   2.1750509e+01   3.9620619e+01   2.1822489e+01
   2.8288562e+01   4.4349515e+01   2.8397645e+01
   2.5584848e+01   3.5607480e+01   2.6041110e+01
   2.5952618e+01   3.4860454e+01   2.6551825e+01
   2.5320767e+01   3.8063236e+01   2.5558774e+01
   2.3349249e+01   2.9708842e+01   2.4495916e+01
   2.4682540e+01   3.1653168e+01   2.5659388e+01
   2.3075015e+01   3.5000595e+01   2.3364494e+01
   1.5809771e+01   2.9917126e+01   1.5986233e+01
   1.9219054e+01   3.0581264e+01   1.9552413e+01
   2.3512656e+01   3.4107649e+01   2.3910571e+01
   2.3939886e+01   3.6334863e+01   2.4198591e+01
   2.7912399e+01   3.5595243e+01   2.8725415e+01
   3.1349787e+01   3.7055039e+01   3.2710448e+01
   3.0502948e+01   4.0676226e+01   3.0942062e+01
   3.1687033e+01   4.2883933e+01   3.2030122e+01
   3.0514215e+01   4.4243886e+01   3.0702390e+01
   2.7610205e+01   3.8939215e+01   2.7942950e+01
   2.9745750e+01   4.2897876e+01   2.9961399e+01
   2.4075530e+01   3.1196510e+01   2.5015717e+01
   2.7649649e+01   3.8911041e+01   2.7987817e+01
   2.5617974e+01   3.2140387e+01   2.6714850e+01
   2.8546930e+01   3.8848808e+01   2.8972789e+01
   2.8528935e+01   3.9490957e+01   2.8892161e+01
   2.3155810e+00   1.2897661e+01   2.9303686e+00
   3.9159497e+00   6.7057614e+00   7.9989770e+00
   1.9941144e+01   2.7255232e+01   2.0840960e+01
   1.2894377e+01   2.5631091e+01   1.3143889e+01
   3.1619175e+01   4.1074109e+01   3.2142101e+01
   2.6413293e+01   3.4737189e+01   2.7105767e+01
   3.0054583e+01   4.4222452e+01   3.0224357e+01
   2.5928336e+01   3.8503905e+01   2.6175845e+01
   3.1366901e+01   4.4870637e+01   3.1565327e+01
   2.9003362e+01   3.7996411e+01   2.9589404e+01
   4.1714058e+00   9.4372367e+00   6.1728550e+00
  -2.3011130e+00   5.9489173e+00  -6.1369886e-01
   3.1190164e+01   4.1600493e+01   3.1604751e+01
   2.5949347e+01   3.0507571e+01   2.7824665e+01
   2.9981006e+01   4.4153885e+01   3.0150583e+01
   2.8336850e+01   4.1128074e+01   2.8571791e+01
   3.0363427e+01   4.2568173e+01   3.0633268e+01
   3.0099946e+01   4.1526573e+01   3.0424775e+01
   2.8517182e+01   3.9260086e+01   2.8900056e+01
   2.5942312e+01   3.3847012e+01   2.6711691e+01
   2.8223257e+01   4.0569988e+01   2.8484300e+01
   2.2737096e+01   3.6417238e+01   2.2928303e+01
   3.0058608e+01   3.9715219e+01   3.0556532e+01
   3.0559577e+01   4.0495614e+01   3.1024705e+01
   2.5635599e+01   3.3433832e+01   2.6426044e+01
   2.0686768e+01   3.7806436e+01   2.0772615e+01
   2.6616927e+01   3.3605972e+01   2.7588083e+01
   2.9321631e+01   4.0801130e+01   2.9642441e+01
   2.4183697e+01   3.1797915e+01   2.5012626e+01
   2.8032931e+01   4.0039658e+01   2.8315957e+01
