   3.2884729e+01   4.4121832e+01   3.3224478e+01
   2.4521268e+01   4.2869170e+01   2.4585494e+01
   3.0620574e+01   4.2688984e+01   3.0899287e+01
   3.2649894e+01   4.3413988e+01   3.3030506e+01
   1.4238885e+01   3.9573993e+01   1.4252096e+01
   2.9352542e+01   3.6428910e+01   3.0301231e+01
   1.3928241e+01   3.8658966e+01   1.3943469e+01
   2.8352313e+01   3.5843853e+01   2.9205648e+01
   2.0546532e+01   4.6760923e+01   2.0557019e+01
   3.4234832e+01   4.3408259e+01   3.4794965e+01
   3.0093468e+01   3.9381566e+01   3.0638358e+01
   2.9921382e+01   3.7237391e+01   3.0813417e+01
   1.7491164e+01   2.5594743e+01   1.8233293e+01
   2.7325200e+01   3.8747281e+01   2.7650656e+01
   3.2090552e+01   4.2144255e+01   3.2542466e+01
   3.1113883e+01   4.0425344e+01   3.1655556e+01
   1.4174853e+01   3.6624102e+01   1.4200577e+01
   2.9363215e+01   3.5950710e+01   3.0440072e+01
   3.0848814e+01   3.8963338e+01   3.1577534e+01
   3.0202464e+01   3.7784033e+01   3.1036118e+01
   2.5029130e+01   3.3256299e+01   2.5739099e+01
   2.8306933e+01   4.1578478e+01   2.8516675e+01
   2.5704287e+01   3.2630533e+01   2.6691766e+01
   3.2940188e+01   4.4104393e+01   3.3285920e+01
  -6.9235207e+00   1.4458080e+00  -3.8930081e+00
   7.5508813e+00   1.0540512e+01   1.0949426e+01
   2.6226212e+01   3.8954461e+01   2.6464893e+01
   2.6108200e+01   3.5457403e+01   2.6645729e+01
   1.8448396e+01   2.9795207e+01   1.8783724e+01
   2.6991731e+01   3.6648214e+01   2.7490147e+01
   2.9599300e+01   4.0765716e+01   2.9945044e+01
   2.3925757e+01   4.0376357e+01   2.4025625e+01
   2.7825806e+01   3.5626582e+01   2.8614964e+01
   2.8243500e+01   4.0227379e+01   2.8528048e+01
   2.0368200e+01   3.0403700e+01   2.0825804e+01
   2.8443640e+01   4.5327103e+01   2.8533702e+01
   2.7692352e+01   4.0560500e+01   2.7923109e+01
   3.1842592e+01   4.5310487e+01   3.2042685e+01
   2.7057563e+01   3.5548138e+01   2.7721677e+01
   2.8735755e+01   3.4972931e+01   2.9916668e+01
   2.0146153e+01   3.2241926e+01   2.0425417e+01
   2.3835315e+01   2.9752611e+01   2.5124285e+01
   1.7281883e+01   2.4848146e+01   1.8132256e+01
   2.4235691e+01   3.5174868e+01   2.4601743e+01
   2.8600867e+01   3.7303518e+01   2.9230580e+01
   2.9423865e+01   4.2661586e+01   2.9635219e+01
   2.4982109e+01   3.4933456e+01   2.5446517e+01
   2.8209078e+01   3.6213680e+01   2.8958654e+01
   2.8582867e+01   3.5548435e+01   2.9559232e+01
   3.1995894e+01   3.6997593e+01   3.3646861e+01
   3.2104807e+01   4.0870442e+01   3.2724335e+01
   3.2752955e+01   4.2822269e+01   3.3203123e+01
   3.3108626e+01   4.4379257e+01   3.3445649e+01
   2.9934601e+01   3.8981908e+01   3.0512730e+01
   2.1046355e+01   4.3437513e+01   2.1071667e+01
   2.4288592e+01   3.0970135e+01   2.5341745e+01
   2.9229746e+01   3.9456638e+01   2.9663319e+01
   2.6849411e+01   3.2085948e+01   2.8397799e+01
   3.0580638e+01   3.8823849e+01   3.1286291e+01
   3.1085818e+01   3.9372321e+01   3.1783816e+01
   2.4782079e+00   1.3689566e+01   3.0017347e+00
   6.9873603e+00   1.0262767e+01   1.0138495e+01
   3.2189751e+01   3.9263240e+01   3.3138669e+01
   3.1012128e+01   3.8161692e+01   3.1942828e+01
   2.3975026e+01   3.0762231e+01   2.4999903e+01
   2.6059359e+01   3.4913797e+01   2.6666484e+01
   3.2620817e+01   4.4045029e+01   3.2945699e+01
   2.7983454e+01   3.8609350e+01   2.8377340e+01
   1.9734685e+01   2.9247278e+01   2.0255115e+01
   2.9158349e+01   3.7808497e+01   2.9796212e+01
   7.6247643e+00   1.2031124e+01   9.8441637e+00
   9.6617917e-01   9.0685900e+00   2.2039158e+00
   3.3246152e+01   4.1717465e+01   3.3912532e+01
   2.6624680e+01   3.0548911e+01   2.8884165e+01
   3.2864493e+01   4.4339882e+01   3.3185416e+01
   3.0190464e+01   4.1309663e+01   3.0540097e+01
   3.2180526e+01   4.2547528e+01   3.2599415e+01
   3.1385946e+01   4.1650431e+01   3.1815401e+01
   2.9743863e+01   3.9086898e+01   3.0281504e+01
   2.6099848e+01   3.3998233e+01   2.6870388e+01
   3.0942915e+01   4.0697588e+01   3.1428994e+01
   2.4898183e+01   3.6460465e+01   2.5213338e+01
   3.1993720e+01   3.9604096e+01   3.2821060e+01
   3.2014223e+01   4.0441139e+01   3.2688107e+01
   2.7872709e+01   3.4715799e+01   2.8880714e+01
   2.9076163e+01   3.9120097e+01   2.9529416e+01
   2.7205571e+01   3.3554558e+01   2.8352707e+01
   3.0466904e+01   4.0655444e+01   3.0904400e+01
   2.4811125e+01   3.1846809e+01   2.5771643e+01
   2.9687261e+01   3.9871674e+01   3.0125268e+01
