   2.6755973e+01   4.4097939e+01   2.6836981e+01
   2.3737550e+01   4.1657845e+01   2.3808524e+01
   2.6322864e+01   4.2053351e+01   2.6440788e+01
   2.6549278e+01   4.3367497e+01   2.6640788e+01
   1.4192642e+01   3.9522631e+01   1.4205874e+01
   2.8614256e+01   3.6312080e+01   2.9424017e+01
   1.3892481e+01   3.8107072e+01   1.3909639e+01
   2.8051464e+01   3.5909038e+01   2.8829336e+01
   2.0320185e+01   4.6036754e+01   2.0331953e+01
   3.2588942e+01   4.3593575e+01   3.2948177e+01
   2.9947267e+01   4.1107760e+01   3.0293474e+01
   2.6844019e+01   3.7170362e+01   2.7267635e+01
   2.8910219e+01   4.1866779e+01   2.9136112e+01
   2.6799404e+01   3.8761825e+01   2.7085572e+01
   2.9078628e+01   4.2417563e+01   2.9285015e+01
   2.6077290e+01   4.1652201e+01   2.6199592e+01
   1.4098200e+01   3.6386649e+01   1.4124915e+01
   2.7953871e+01   3.6149071e+01   2.8668527e+01
   2.6836562e+01   3.9517945e+01   2.7077833e+01
   2.6505150e+01   3.7728461e+01   2.6846586e+01
   2.6925705e+01   3.5461573e+01   2.7582419e+01
   2.4903612e+01   4.1471735e+01   2.5000705e+01
   2.4378304e+01   3.2539121e+01   2.5100495e+01
   2.7882562e+01   4.4687573e+01   2.7974301e+01
   1.3650089e-01   1.0492353e+01   9.2768204e-01
   4.9321996e+00   7.3143313e+00   9.4165091e+00
   2.7275942e+01   3.6615850e+01   2.7814406e+01
   2.4255257e+01   3.5461183e+01   2.4598617e+01
   2.0669095e+01   3.9684744e+01   2.0724384e+01
   2.5445078e+01   3.7012183e+01   2.5759754e+01
   2.1320003e+01   3.3404551e+01   2.1599399e+01
   1.8224576e+01   3.6729543e+01   1.8287210e+01
   2.7701026e+01   3.9847543e+01   2.7974832e+01
   2.6741489e+01   4.0084018e+01   2.6947878e+01
   2.3239358e+01   3.5808681e+01   2.3487760e+01
   2.5840252e+01   4.5266794e+01   2.5890226e+01
   2.3519464e+01   4.0330198e+01   2.3611336e+01
   2.7786335e+01   4.3923665e+01   2.7893513e+01
   2.5381414e+01   3.5833260e+01   2.5792701e+01
   2.5628096e+01   3.4770694e+01   2.6193738e+01
   2.3861719e+01   3.8100374e+01   2.4029205e+01
   2.2427355e+01   2.9703882e+01   2.3332261e+01
   2.4985127e+01   3.2674786e+01   2.5797891e+01
   2.3440390e+01   3.5078202e+01   2.3750299e+01
   1.6793776e+01   3.3713275e+01   1.6884807e+01
   1.7357643e+01   2.6947369e+01   1.7872054e+01
   2.3721548e+01   3.5261605e+01   2.4038687e+01
   2.5095480e+01   3.6294703e+01   2.5439175e+01
   2.8129702e+01   3.5672494e+01   2.8972050e+01
   3.0154310e+01   3.7064115e+01   3.1144470e+01
   2.9244540e+01   4.0726955e+01   2.9565133e+01
   3.1617732e+01   4.3233213e+01   3.1928147e+01
   3.0457425e+01   4.4138228e+01   3.0647779e+01
   2.7395454e+01   3.8920623e+01   2.7712982e+01
   2.8849661e+01   4.3437457e+01   2.9003556e+01
   2.4186026e+01   3.1197446e+01   2.5153009e+01
   2.7192475e+01   3.9407325e+01   2.7461927e+01
   2.5717993e+01   3.1979715e+01   2.6892644e+01
   2.8315564e+01   3.8763675e+01   2.8726664e+01
   2.6881474e+01   3.9556270e+01   2.7123116e+01
   2.3482897e+00   1.3110984e+01   2.9359833e+00
   3.3556363e+00   6.1377532e+00   7.5526973e+00
   1.9847374e+01   2.7175510e+01   2.0744146e+01
   1.2610148e+01   2.5356714e+01   1.2859879e+01
   3.1262969e+01   4.1120787e+01   3.1736968e+01
   2.5610185e+01   3.4703404e+01   2.6182744e+01
   2.9415413e+01   4.3776778e+01   2.9577674e+01
   2.5167783e+01   3.8177134e+01   2.5391258e+01
   2.9389955e+01   4.4497582e+01   2.9526193e+01
   2.7833912e+01   3.8012232e+01   2.8272804e+01
   3.8449545e+00   9.1039639e+00   5.8845534e+00
  -2.4155917e+00   6.0699732e+00  -7.9259100e-01
   3.0402276e+01   4.2079746e+01   3.0708199e+01
   2.5242430e+01   3.0460046e+01   2.6800151e+01
   2.9128897e+01   4.4194602e+01   2.9266488e+01
   2.5703462e+01   4.0964875e+01   2.5835087e+01
   2.9624183e+01   4.2449987e+01   2.9857124e+01
   2.8994054e+01   4.1419519e+01   2.9250206e+01
   2.8583172e+01   3.9314960e+01   2.8967064e+01
   2.5853910e+01   3.3934260e+01   2.6590101e+01
   2.5605436e+01   3.8619389e+01   2.5828605e+01
   2.1102368e+01   3.6614392e+01   2.1227126e+01
   2.9796225e+01   3.9728632e+01   3.0261838e+01
   2.9605277e+01   4.0496866e+01   2.9974592e+01
   2.4575153e+01   3.3691829e+01   2.5144812e+01
   1.8740780e+01   3.8117132e+01   1.8791878e+01
   2.6223710e+01   3.3594514e+01   2.7104437e+01
   2.8598139e+01   4.0737470e+01   2.8872329e+01
   2.3977079e+01   3.1815250e+01   2.4760506e+01
   2.6654618e+01   4.0170748e+01   2.6852741e+01
