   3.1832019e+01   4.4073389e+01   3.2099454e+01
   2.4348056e+01   4.2829478e+01   2.4410332e+01
   2.7429749e+01   4.2565794e+01   2.7565172e+01
   3.0276499e+01   4.3441071e+01   3.0491490e+01
   1.4231321e+01   3.9589610e+01   1.4244463e+01
   2.8847865e+01   3.6417923e+01   2.9684223e+01
   1.3911719e+01   3.8738303e+01   1.3926616e+01
   2.8296318e+01   3.5766343e+01   2.9154353e+01
   2.0425907e+01   4.6788560e+01   2.0436045e+01
   3.2952697e+01   4.3465005e+01   3.3357102e+01
   3.1394400e+01   4.1255542e+01   3.1868007e+01
   3.0308180e+01   3.7253421e+01   3.1289283e+01
   1.7518707e+01   2.4300794e+01   1.8557402e+01
   2.7448062e+01   3.8817951e+01   2.7777589e+01
   3.0029592e+01   4.2070977e+01   3.0310136e+01
   2.9474631e+01   4.0464856e+01   2.9835311e+01
   1.4150026e+01   3.6488070e+01   1.4176426e+01
   2.8436229e+01   3.5987653e+01   2.9276653e+01
   2.8977252e+01   3.8947054e+01   2.9438749e+01
   2.8313709e+01   3.7811371e+01   2.8831582e+01
   2.8739460e+01   3.6001175e+01   2.9644229e+01
   2.9843727e+01   4.1701238e+01   3.0136835e+01
   2.5505185e+01   3.2606461e+01   2.6449215e+01
   3.2404102e+01   4.4147250e+01   3.2705173e+01
  -2.3952920e-01   9.3087424e+00   7.5278295e-01
   2.2161098e+00   4.9319717e+00   6.7520230e+00
   1.6920058e+01   2.5485905e+01   1.7582936e+01
   2.4487212e+01   3.5471385e+01   2.4849258e+01
   2.0869765e+01   4.3321211e+01   2.0894734e+01
   2.8137281e+01   3.6656350e+01   2.8796442e+01
   2.8526115e+01   3.5562436e+01   2.9484844e+01
   1.8636946e+01   3.9849708e+01   1.8670368e+01
   2.9945438e+01   4.4556808e+01   3.0098440e+01
   2.6378044e+01   4.0341276e+01   2.6556408e+01
   2.0041526e+01   3.0162099e+01   2.0490090e+01
   2.7070763e+01   4.5328171e+01   2.7136250e+01
   2.7325364e+01   4.0448842e+01   2.7542644e+01
   2.8698827e+01   4.4954768e+01   2.8803049e+01
   2.6097787e+01   3.5442854e+01   2.6635865e+01
   2.7040527e+01   3.4971597e+01   2.7804419e+01
   2.6013923e+01   3.7961400e+01   2.6301226e+01
   2.4157543e+01   2.9696078e+01   2.5584946e+01
   2.6944936e+01   3.5428176e+01   2.7610295e+01
   2.4292140e+01   3.5062943e+01   2.4673294e+01
   2.4641853e+01   3.5990332e+01   2.4973593e+01
   2.0482007e+01   4.2590124e+01   2.0509057e+01
   2.4530300e+01   3.4184908e+01   2.5029661e+01
   2.3794558e+01   3.6227654e+01   2.4050969e+01
   2.7869697e+01   3.5555365e+01   2.8682143e+01
   3.1066777e+01   3.6997055e+01   3.2347561e+01
   2.9556700e+01   4.0889034e+01   2.9888981e+01
   3.2782596e+01   4.2837175e+01   3.3234374e+01
   3.1419486e+01   4.4192852e+01   3.1655251e+01
   2.8836963e+01   3.8980345e+01   2.9279444e+01
   2.2237685e+01   2.8951900e+01   2.3284001e+01
   2.3911567e+01   3.0849046e+01   2.4897391e+01
   2.8210451e+01   3.9434146e+01   2.8551618e+01
   2.6477341e+01   3.2052755e+01   2.7888583e+01
   2.9475803e+01   3.9022187e+01   2.9987377e+01
   3.0224862e+01   3.9462771e+01   3.0776489e+01
   4.5903285e+00   1.4764624e+01   5.1715791e+00
   9.2301962e-01   4.0614751e+00   5.2468258e+00
   2.0154940e+01   2.7331500e+01   2.1086577e+01
   1.3030027e+01   2.5697694e+01   1.3283275e+01
   2.2944302e+01   2.8905490e+01   2.4219259e+01
   2.6378253e+01   3.4867091e+01   2.7042859e+01
   3.0784632e+01   4.4011965e+01   3.0996440e+01
   2.7724102e+01   3.8587686e+01   2.8096122e+01
   1.8567498e+01   2.6199903e+01   1.9400162e+01
   2.8668504e+01   3.7865489e+01   2.9225917e+01
   2.7150169e+00   9.1456815e+00   4.3348116e+00
  -7.9031450e-01   6.7161991e+00   8.9725967e-01
   3.2230996e+01   4.1715827e+01   3.2750067e+01
   2.6338865e+01   3.0520622e+01   2.8431354e+01
   3.1456684e+01   4.4244491e+01   3.1691643e+01
   2.9648093e+01   4.1139613e+01   2.9967957e+01
   3.1099726e+01   4.2498900e+01   3.1426632e+01
   3.0817097e+01   4.1599578e+01   3.1196132e+01
   2.9252111e+01   3.9112223e+01   2.9726044e+01
   2.6092865e+01   3.4090182e+01   2.6844467e+01
   2.9497111e+01   4.0704581e+01   2.9839480e+01
   2.4371004e+01   3.6434495e+01   2.4650796e+01
   3.1742108e+01   3.9569953e+01   3.2525193e+01
   3.1429148e+01   4.0447183e+01   3.2011300e+01
   2.7352521e+01   3.4693715e+01   2.8239493e+01
   2.8274102e+01   3.9088578e+01   2.8650469e+01
   2.7173992e+01   3.3560328e+01   2.8309919e+01
   2.9540582e+01   4.0597911e+01   2.9895494e+01
   2.4790761e+01   3.1803375e+01   2.5757018e+01
   2.8204955e+01   3.9876774e+01   2.8511468e+01
