   1.9734387e+01   2.8754530e+01   2.0321627e+01
   1.8831077e+01   4.0419635e+01   1.8861702e+01
   1.8568897e+01   2.4818034e+01   1.9759000e+01
   1.8181756e+01   4.2293119e+01   1.8198897e+01
   1.3942575e+01   3.8037433e+01   1.3960207e+01
   2.5650359e+01   3.6104820e+01   2.6061318e+01
   1.3802403e+01   3.7086962e+01   1.3823686e+01
   2.6476648e+01   3.5752024e+01   2.7023894e+01
   1.9922995e+01   4.5204034e+01   1.9936018e+01
   2.7433293e+01   4.4048561e+01   2.7529191e+01
   2.5205732e+01   3.9018341e+01   2.5390655e+01
   2.3740416e+01   3.6789143e+01   2.3962077e+01
   2.3122389e+01   3.9336408e+01   2.3228001e+01
   2.4451838e+01   3.8772508e+01   2.4616048e+01
   2.4190321e+01   3.5814730e+01   2.4501008e+01
   1.7646852e+01   4.1285062e+01   1.7666007e+01
   1.3239854e+01   3.1470715e+01   1.3308712e+01
   1.9945877e+01   3.4699482e+01   2.0095190e+01
   2.4090554e+01   3.9213585e+01   2.4226670e+01
   2.2576833e+01   3.8030072e+01   2.2703039e+01
   2.3443657e+01   3.5427513e+01   2.3729039e+01
   2.2967933e+01   4.0515498e+01   2.3045387e+01
   2.0879589e+01   3.2416999e+01   2.1198123e+01
   2.2635592e+01   3.7511587e+01   2.2780026e+01
   1.9946503e+00   1.1807876e+01   2.7508494e+00
   4.1169735e+00   6.6984170e+00   8.4449024e+00
   2.4884589e+01   3.5235743e+01   2.5306144e+01
   2.1855418e+01   3.5463230e+01   2.2050135e+01
   2.0139369e+01   4.0796195e+01   2.0177225e+01
   2.1943006e+01   3.7333713e+01   2.2071179e+01
   1.7220328e+01   3.0441723e+01   1.7436182e+01
   1.8400393e+01   3.0421394e+01   1.8685970e+01
   2.3995434e+01   3.4828820e+01   2.4370989e+01
   1.8248915e+01   4.0145721e+01   1.8277487e+01
   1.6857794e+01   3.0102164e+01   1.7072821e+01
   2.0851930e+01   3.4417629e+01   2.1048911e+01
   1.8571852e+01   3.8397405e+01   1.8617926e+01
   2.0534543e+01   2.6691768e+01   2.1748620e+01
   1.9730472e+01   3.4898894e+01   1.9866041e+01
   2.0526630e+01   2.7829111e+01   2.1428086e+01
   1.9159223e+01   3.5588076e+01   1.9260396e+01
   2.1420023e+01   2.9630143e+01   2.2135692e+01
   1.6362715e+01   3.0113620e+01   1.6554017e+01
   1.9277702e+01   2.7622572e+01   1.9972612e+01
   1.6045396e+01   2.7980645e+01   1.6339748e+01
   1.8341483e+01   2.5504496e+01   1.9280525e+01
   1.5574142e+01   3.1662267e+01   1.5685339e+01
   2.0524813e+01   2.9152594e+01   2.1170777e+01
   2.4635330e+01   3.5351723e+01   2.5021404e+01
   2.7231910e+01   3.6026277e+01   2.7847781e+01
   2.6699373e+01   4.0126754e+01   2.6901678e+01
   2.7502571e+01   4.3225361e+01   2.7620643e+01
   2.5745031e+01   4.3128220e+01   2.5825311e+01
   2.4651447e+01   3.8890928e+01   2.4818790e+01
   2.4097428e+01   4.1205287e+01   2.4183118e+01
   2.2977842e+01   3.1504351e+01   2.3637919e+01
   2.1621480e+01   3.4163219e+01   2.1872027e+01
   1.7383853e+01   3.0021222e+01   1.7631480e+01
   2.2453945e+01   3.8194527e+01   2.2571980e+01
   2.2915439e+01   3.8398408e+01   2.3040720e+01
   3.9052120e+00   1.8236213e+01   4.1331526e+00
   3.0806029e+00   5.9617024e+00   7.2050087e+00
   1.9057697e+01   2.6980467e+01   1.9830497e+01
   1.1608770e+01   2.4605576e+01   1.1847259e+01
   2.6607855e+01   4.0253280e+01   2.6800041e+01
   2.4659656e+01   3.4687517e+01   2.5115622e+01
   2.3409657e+01   3.4191041e+01   2.3790146e+01
   1.7452598e+01   3.7356073e+01   1.7498030e+01
   2.2135122e+01   3.6351826e+01   2.2303804e+01
   1.8336370e+01   3.8054357e+01   1.8383641e+01
   3.3432458e+00   8.5950628e+00   5.4446012e+00
  -2.7022821e+00   5.6212399e+00  -9.5923853e-01
   2.5749511e+01   4.1821096e+01   2.5858451e+01
   2.3589562e+01   3.0436649e+01   2.4598985e+01
   2.1536719e+01   4.1701224e+01   2.1579030e+01
   1.7941775e+01   3.7284056e+01   1.7993414e+01
   2.2153645e+01   4.0278350e+01   2.2221455e+01
   2.3545414e+01   3.9938633e+01   2.3646662e+01
   2.5495539e+01   3.9639764e+01   2.5666564e+01
   2.3734132e+01   3.3776486e+01   2.4188846e+01
   1.8475942e+01   3.5011610e+01   1.8574830e+01
   1.7527019e+01   3.6751781e+01   1.7580166e+01
   2.4904175e+01   3.8848675e+01   2.5083489e+01
   2.4374727e+01   4.0615704e+01   2.4479551e+01
   1.9824804e+01   3.2614055e+01   2.0061898e+01
   1.8010102e+01   3.8369658e+01   1.8050898e+01
   2.3572281e+01   3.3507817e+01   2.4039014e+01
   2.4436113e+01   4.0802911e+01   2.4537904e+01
   1.8415413e+01   3.1913035e+01   1.8616777e+01
   1.9012439e+01   3.0897984e+01   1.9306835e+01
