   3.0974631e+01   4.4172446e+01   3.1187913e+01
   2.4509016e+01   4.2873960e+01   2.4572989e+01
   2.9904987e+01   4.2620944e+01   3.0144047e+01
   3.2457837e+01   4.3376217e+01   3.2824597e+01
   1.4246187e+01   3.9779495e+01   1.4258808e+01
   2.8935422e+01   3.6392626e+01   2.9796104e+01
   1.3925095e+01   3.8663973e+01   1.3940294e+01
   2.8361041e+01   3.5852381e+01   2.9214418e+01
   2.0460374e+01   4.6822042e+01   2.0470513e+01
   3.4824048e+01   4.3449815e+01   3.5465253e+01
   3.2344367e+01   4.1285167e+01   3.2937635e+01
   3.0476777e+01   3.7240328e+01   3.1505124e+01
   1.3537369e+01   1.9787731e+01   1.4758160e+01
   2.6781689e+01   3.8780113e+01   2.7065418e+01
   3.0598295e+01   4.2085168e+01   3.0918448e+01
   2.9110229e+01   4.0399571e+01   2.9445984e+01
   1.4159625e+01   3.6596544e+01   1.4185427e+01
   2.9162825e+01   3.5953383e+01   3.0184273e+01
   3.0285817e+01   3.9016236e+01   3.0910956e+01
   3.0032129e+01   3.7772628e+01   3.0832916e+01
   2.3469705e+01   3.2054711e+01   2.4119937e+01
   2.8108855e+01   4.1664466e+01   2.8305027e+01
   2.5687629e+01   3.2623935e+01   2.6672554e+01
   3.2404758e+01   4.4148330e+01   3.2705799e+01
   1.5472629e+00   8.3199464e+00   3.1688715e+00
   2.0963649e+00   5.4101071e+00   5.9213041e+00
   2.6775742e+01   3.8526839e+01   2.7076686e+01
   2.6379661e+01   3.5435784e+01   2.6957231e+01
   2.0111346e+01   3.4542701e+01   2.0272311e+01
   2.6688027e+01   3.6686288e+01   2.7146726e+01
   2.9151108e+01   4.0912171e+01   2.9451082e+01
   2.0386690e+01   4.0260926e+01   2.0432036e+01
   2.2222487e+01   2.7183495e+01   2.3899823e+01
   2.5653109e+01   4.0224180e+01   2.5807823e+01
   2.1509196e+01   3.2283979e+01   2.1891199e+01
   2.7642902e+01   4.5412993e+01   2.7716213e+01
   2.7368129e+01   4.0566248e+01   2.7581610e+01
   2.7223915e+01   4.5305940e+01   2.7292116e+01
   2.6809116e+01   3.5505424e+01   2.7440233e+01
   2.8601145e+01   3.4978681e+01   2.9739167e+01
   1.6589856e+01   3.0192775e+01   1.6787714e+01
   2.2612484e+01   2.9678023e+01   2.3567505e+01
   1.4103640e+01   2.1986676e+01   1.4902829e+01
   2.3105423e+01   3.5116216e+01   2.3389082e+01
   2.7934860e+01   3.7329417e+01   2.8466031e+01
   2.6871940e+01   4.2661839e+01   2.6988209e+01
   2.0950804e+01   2.7701784e+01   2.1989058e+01
   2.4918994e+01   3.6191777e+01   2.5256729e+01
   2.8258428e+01   3.5550033e+01   2.9156431e+01
   3.1213161e+01   3.6959253e+01   3.2558922e+01
   3.1156487e+01   4.0948213e+01   3.1638181e+01
   3.3085798e+01   4.2815928e+01   3.3574647e+01
   3.2176053e+01   4.4302797e+01   3.2450858e+01
   2.9978240e+01   3.8962768e+01   3.0565377e+01
   2.0652075e+01   2.8793059e+01   2.1381162e+01
   2.4059822e+01   3.0969653e+01   2.5052593e+01
   2.8502605e+01   3.9474872e+01   2.8864941e+01
   2.6762621e+01   3.2058646e+01   2.8285843e+01
   2.9637801e+01   3.8863917e+01   3.0191099e+01
   3.1136365e+01   3.9447817e+01   3.1830023e+01
   4.5182247e+00   1.4578347e+01   5.1179319e+00
  -1.7507311e-01   3.5257805e+00   3.8353518e+00
   3.4687675e+01   4.3113886e+01   3.5361497e+01
   3.1501482e+01   3.8193355e+01   3.2549001e+01
   2.4420115e+01   3.1564737e+01   2.5354362e+01
   2.5874108e+01   3.4910830e+01   2.6454598e+01
   3.0153434e+01   4.4079796e+01   3.0333115e+01
   2.7880068e+01   3.8669304e+01   2.8258778e+01
   1.9989357e+01   2.7741498e+01   2.0794367e+01
   2.9009755e+01   3.7821514e+01   2.9622620e+01
   4.7208932e+00   9.5963069e+00   6.8828447e+00
  -2.0261852e+00   8.3598791e+00  -1.0180500e+00
   3.3130210e+01   4.1730565e+01   3.3775566e+01
   2.6614112e+01   3.0528709e+01   2.8880188e+01
   3.2721394e+01   4.4311824e+01   3.3033625e+01
   3.0074918e+01   4.1297935e+01   3.0415968e+01
   3.2052576e+01   4.2524055e+01   3.2461032e+01
   3.1460059e+01   4.1682873e+01   3.1893863e+01
   2.9456374e+01   3.9156178e+01   2.9949149e+01
   2.6144743e+01   3.4106966e+01   2.6902985e+01
   3.0309713e+01   4.0657010e+01   3.0730732e+01
   2.4745509e+01   3.6433443e+01   2.5051389e+01
   3.1097407e+01   3.9556862e+01   3.1765945e+01
   3.2034866e+01   4.0419391e+01   3.2715903e+01
   2.7846997e+01   3.4719018e+01   2.8847487e+01
   2.8988207e+01   3.9109076e+01   2.9433090e+01
   2.7117707e+01   3.3566987e+01   2.8235024e+01
   2.9971972e+01   4.0585008e+01   3.0366861e+01
   2.4997378e+01   3.1870700e+01   2.5998888e+01
   2.9274742e+01   3.9874122e+01   2.9670999e+01
