  -3.0269697e+00  -1.0370997e+00   4.8793732e+00
  -1.4289251e+00   9.2527733e-01   4.9267940e+00
  -3.5578001e+00  -1.2274683e+00   3.9263117e+00
  -1.6049140e+00   1.2202392e+00   4.0416752e+00
  -2.9247802e+00  -3.7209191e-01   3.7974206e+00
  -2.2439749e+00   4.0059813e-01   3.9803245e+00
  -3.0085572e+00  -2.9274931e-01   3.4768069e+00
  -2.2214295e+00   6.3416588e-01   3.6540722e+00
  -3.2134455e+00  -1.0175614e+00   4.3488966e+00
  -1.7053736e+00   9.4127108e-01   4.2669536e+00
  -3.0684220e+00  -2.9468665e-01   3.3522170e+00
  -2.8345397e+00  -5.4094181e-02   3.4558944e+00
  -2.9215092e+00  -5.0172262e-01   4.0408266e+00
  -2.0424718e+00   5.7044535e-01   4.1397043e+00
  -3.1687258e+00  -7.6234737e-01   3.9514323e+00
  -1.9991818e+00   7.5269079e-01   3.9361424e+00
  -2.8243048e+00  -4.0271154e-01   4.0835289e+00
  -2.0642029e+00   5.9677757e-01   4.0481445e+00
  -2.7445946e+00  -5.7099285e-01   4.6081898e+00
  -1.6799546e+00   7.3081145e-01   4.6863527e+00
  -2.4781405e+00  -2.9420682e-01   4.7135056e+00
  -2.0319834e+00   1.8902074e-01   4.8604622e+00
  -2.4757574e+00  -1.7171472e-01   4.4753953e+00
  -1.7928558e+00   6.4202963e-01   4.5820512e+00
  -2.6550113e+00  -4.7516570e-01   4.6373821e+00
  -1.8607785e+00   5.5161912e-01   4.5863254e+00
  -2.6297661e+00  -8.1487593e-02   3.9488586e+00
  -2.3239175e+00   2.7395654e-01   4.0176051e+00
  -2.7675360e+00  -4.9029759e-01   4.3875657e+00
  -2.0335906e+00   4.0654967e-01   4.4449789e+00
  -2.7755663e+00  -4.3871949e-01   4.2673289e+00
  -2.2175937e+00   2.6545356e-01   4.2725319e+00
  -2.7118904e+00  -5.8144573e-01   4.7137600e+00
  -1.7201636e+00   6.4666041e-01   4.7448139e+00
  -2.2280299e+00   4.5016239e-01   3.9329416e+00
  -2.7171896e+00  -2.7406334e-01   4.0951350e+00
  -2.2873014e+00   3.7614984e-01   3.9262677e+00
  -2.3711580e+00   1.0273372e-01   4.2105017e+00
  -2.3086090e+00   1.6560799e-01   4.2416754e+00
  -2.2749239e+00   1.7912226e-01   4.2951513e+00
  -2.0949306e+00   9.6860727e-01   3.4157202e+00
  -3.5268783e+00  -8.8379229e-01   3.3592159e+00
  -2.7771484e+00  -2.9344880e-01   3.9920330e+00
  -2.6122183e+00  -1.0678267e-01   4.0334716e+00
  -2.1072472e+00   4.4076353e-01   4.2159854e+00
  -2.6513270e+00  -2.4436809e-01   4.1940699e+00
  -2.2954345e+00   2.6046345e-01   4.1044484e+00
  -2.4083566e+00   1.0245245e-01   4.1258148e+00
  -2.3750897e+00   2.9961959e-02   4.3340261e+00
  -2.2306742e+00   7.1917344e-02   4.6000373e+00
  -2.4240409e+00  -8.6898899e-02   4.4372097e+00
  -2.2399264e+00   1.8530018e-01   4.3653608e+00
  -2.3874059e+00   4.4728648e-01   3.5983151e+00
  -3.0522030e+00  -4.7573207e-01   3.6947981e+00
  -2.4380646e+00   1.3888798e-02   4.2164661e+00
  -2.4894272e+00  -9.5035584e-02   4.2968721e+00
  -2.4858928e+00   7.7412081e-02   3.9945101e+00
  -2.6776193e+00  -1.6846484e-01   3.9946403e+00
  -2.2891825e+00   7.3777791e-02   4.4557064e+00
  -2.3598300e+00  -3.1551034e-02   4.4860221e+00
  -3.3594123e+00  -1.1795314e+00   4.3185368e+00
  -1.4329421e+00   1.3436673e+00   4.2145671e+00
  -3.3666284e+00  -6.7457563e-01   3.3477688e+00
  -2.3172052e+00   6.2844991e-01   3.4661491e+00
  -3.3784606e+00  -9.9936762e-01   3.9093131e+00
  -1.6943725e+00   1.1145856e+00   4.0157252e+00
  -3.1116848e+00  -6.9935872e-01   3.9663145e+00
  -1.8982307e+00   8.7481596e-01   3.9579185e+00
  -3.4007897e+00  -1.2046697e+00   4.2666505e+00
  -1.4941079e+00   1.2664166e+00   4.2043046e+00
  -2.5371038e+00   4.2366134e-01   3.3269359e+00
  -3.2679493e+00  -5.0081540e-01   3.2678663e+00
  -2.3506621e+00   2.3342509e-01   4.0274318e+00
  -2.6657856e+00  -2.1768531e-01   4.1109741e+00
  -2.3808105e+00   1.1652181e-01   4.1636940e+00
  -2.5809334e+00  -1.4029444e-01   4.1662077e+00
  -2.4083426e+00   5.4946597e-02   4.2108449e+00
  -2.4422451e+00   2.7542057e-02   4.1820813e+00
  -3.4002527e+00  -8.5979498e-01   3.5983955e+00
  -1.9944651e+00   9.4933126e-01   3.6448951e+00
  -3.4724827e+00  -9.5825050e-01   3.6137442e+00
  -2.1808794e+00   7.2022702e-01   3.6065300e+00
  -3.3938323e+00  -8.8109245e-01   3.6516500e+00
  -1.9749438e+00   9.4645688e-01   3.6889165e+00
  -2.8095051e+00  -1.9639437e-01   3.7476070e+00
  -2.0631369e+00   7.8552666e-01   3.7503212e+00
  -3.3246895e+00  -1.0299599e+00   4.0985410e+00
  -1.8677055e+00   8.5480874e-01   4.0547051e+00
  -3.2948349e+00  -1.0340359e+00   4.1798813e+00
  -1.8381953e+00   8.1649799e-01   4.1806579e+00
