   2.7706093e+00   1.6345756e+01   3.0651766e+00
   1.1773115e+00   1.1501934e+01   1.8972044e+00
   1.2507933e+00   1.5342185e+01   1.5485876e+00
   1.4324444e+00   1.3335985e+01   1.9189916e+00
   2.2749748e+00   1.5220209e+01   2.6298128e+00
   1.7372833e+00   1.2892267e+01   2.3011980e+00
   2.5091156e+00   1.4604538e+01   2.9336940e+00
   1.1184621e+00   1.0584060e+01   2.0036468e+00
   8.6855804e-01   1.3306136e+01   1.3219165e+00
   1.4044474e+00   1.1959373e+01   2.0726686e+00
   1.9106930e+00   1.4795329e+01   2.2818012e+00
   1.8527832e+00   1.3356841e+01   2.3673601e+00
   2.1559100e+00   1.2506179e+01   2.8135274e+00
   8.4894755e-02   1.0708045e+01   8.3256554e-01
   1.2671894e+00   1.3535182e+01   1.7210560e+00
   1.3494167e+00   1.2723688e+01   1.9040081e+00
   1.7054750e+00   1.2659966e+01   2.2981016e+00
   8.0066222e-01   1.2645185e+01   1.3243768e+00
   1.6701274e+00   1.3967543e+01   2.1046492e+00
   1.6650167e+00   1.3742848e+01   2.1225466e+00
   1.8437362e+00   1.3155927e+01   2.3823342e+00
   1.5674338e+00   1.4904686e+01   1.9118153e+00
   3.3502790e+00   1.3617972e+01   3.9639089e+00
   1.3509940e+00   1.2378097e+01   1.9522876e+00
  -2.1059749e-01   1.0859082e+01   4.8537053e-01
   1.5113705e+00   1.2964458e+01   2.0479351e+00
   1.9631186e+00   1.3286342e+01   2.4949076e+00
   2.2474131e+00   1.4402526e+01   2.6750106e+00
   2.2829906e+00   1.2086645e+01   3.0235691e+00
   6.4191192e-01   1.2568600e+01   1.1639186e+00
   1.1411534e+00   1.1428521e+01   1.8697652e+00
   1.6507039e+00   1.4645657e+01   2.0207888e+00
   2.0143205e+00   1.2015134e+01   2.7366320e+00
   5.8393589e-01   1.3632496e+01   9.8889654e-01
   1.4903852e+00   1.6007428e+01   1.7542136e+00
   1.6197037e+00   1.3601727e+01   2.0894480e+00
   1.2632217e+00   1.2594459e+01   1.8278594e+00
   3.3235880e-01   1.1392104e+01   9.9096545e-01
   1.2818897e+00   1.4280196e+01   1.6644273e+00
   1.6384266e+00   1.3889505e+01   2.0789015e+00
   1.7657385e+00   1.3131085e+01   2.3012703e+00
   2.0484562e+00   1.3781019e+01   2.5282539e+00
   2.2133124e+00   1.3633641e+01   2.7224789e+00
   6.6847496e-01   1.2344395e+01   1.2202707e+00
   1.3921277e+00   1.4067726e+01   1.8002121e+00
   1.6506270e+00   1.3559739e+01   2.1271114e+00
   2.1122835e+00   1.4658466e+01   2.5069920e+00
   1.1434261e+00   1.2116788e+01   1.7640567e+00
   3.3281869e+00   1.5284978e+01   3.7409061e+00
   6.6226735e-01   1.1971156e+01   1.2635021e+00
   2.0350524e+00   1.3999919e+01   2.4900226e+00
   1.8529307e+00   1.4375525e+01   2.2586930e+00
             NaN             NaN             NaN
  -1.5995151e+01  -1.4082653e+01   2.7369565e+00
   2.4570085e+00   1.2415423e+01   3.1613754e+00
   9.5871656e-02   1.1411604e+01   7.3208085e-01
   1.7376625e+00   1.3289364e+01   2.2516343e+00
   1.1668016e+00   1.4337950e+01   1.5383393e+00
   2.5381222e+00   1.2414066e+01   3.2519226e+00
   8.7368186e-01   1.4476677e+01   1.2196078e+00
  -5.4016003e-01   1.0348498e+01   2.1240348e-01
   2.2223338e+00   1.5148735e+01   2.5802835e+00
   1.1571572e+00   1.1743007e+01   1.8356687e+00
   2.6576540e+00   1.4380782e+01   3.1155602e+00
   1.8160269e+00   1.1107655e+01   2.6840696e+00
   1.0298184e+00   1.2276630e+01   1.6183983e+00
   8.8127269e-01   1.0860295e+01   1.6835761e+00
   2.3335483e+00   1.5565258e+01   2.6638979e+00
             NaN             NaN             NaN
             NaN             NaN             NaN
   1.9189296e+00   1.3595854e+01   2.4103524e+00
  -5.6009028e-01   9.6467709e+00   3.2234908e-01
   2.0999155e+00   1.2167364e+01   2.8060290e+00
  -1.7744402e+00   8.3839886e+00  -7.4576679e-01
   1.3928572e+00   1.3143812e+01   1.8988291e+00
  -6.8929908e-02   1.1412344e+01   5.5429465e-01
   2.1942954e+00   1.1998653e+01   2.9399662e+00
  -5.5618498e-01   1.0300074e+01   2.0337714e-01
   1.5442725e+00   1.1255406e+01   2.3488277e+00
   6.0158025e-01   1.1756579e+01   1.2284649e+00
   6.2279506e-01   1.2561019e+01   1.1444098e+00
   1.0550543e+00   1.2618801e+01   1.6004765e+00
   9.0703989e-01   1.1312419e+01   1.6315390e+00
   1.9893591e-01   1.1861941e+01   7.7968804e-01
   1.0396627e+00   1.2003087e+01   1.6678189e+00
   1.6607719e+00   1.3135589e+01   2.1875873e+00
   2.0534794e+00   1.2579053e+01   2.6898271e+00
   3.9542797e-01   1.1594352e+01   1.0290146e+00
   1.2317821e+00   1.3225146e+01   1.7171769e+00
   2.2197360e-01   1.2449796e+01   7.3038946e-01
