  -1.5277440e+00   2.2163570e+00   2.8970033e+00
  -3.3396488e+00  -1.9407516e-01   2.6478855e+00
  -2.1241620e+00   2.2300246e+00   1.8981868e+00
  -3.0071206e+00   3.2459773e-01   2.5549515e+00
  -1.1972717e+00   3.1662883e+00   2.4923130e+00
  -2.4663644e+00   1.0538468e+00   2.6029162e+00
  -1.8343704e+00   1.4722562e+00   3.2347989e+00
  -1.8130099e+00   1.7920428e+00   2.8803250e+00
  -1.6083139e+00   4.0582853e+00   1.2046776e+00
  -2.8397808e+00   3.2645906e-01   2.8701222e+00
  -2.7565649e+00   1.3211813e+00   1.7973313e+00
  -2.4927462e+00   1.2659465e+00   2.3026593e+00
  -1.8263543e+00   3.1808453e+00   1.5260104e+00
  -3.1313727e+00   1.8503849e-02   2.7447551e+00
  -2.1831211e+00   1.6486286e+00   2.4004147e+00
  -2.6732455e+00   5.3095964e-01   2.9043673e+00
  -1.3336015e+00   3.4192552e+00   2.0653454e+00
  -2.8526722e+00   5.9412512e-01   2.4844117e+00
  -6.1381089e-01   5.0818993e+00   1.9232826e+00
  -3.0736836e+00  -3.1125475e-01   3.3682105e+00
  -1.3827406e+00   2.3353070e+00   3.0169099e+00
  -3.0253088e+00  -2.8782440e-01   3.4326961e+00
  -1.3643541e+00   1.6025392e+00   3.9723223e+00
  -1.9997509e+00   5.5226243e-01   4.2659054e+00
  -1.6896300e+00   4.2586924e+00   9.6741803e-01
  -2.6969450e+00   1.7994427e-01   3.3722538e+00
  -2.5630891e+00   1.1687735e+00   2.2937391e+00
  -1.9117809e+00   1.1437555e+00   3.5297151e+00
  -1.4285669e+00   3.2737821e+00   2.0420404e+00
  -2.6897960e+00   5.2261342e-01   2.8842331e+00
  -2.1380538e+00   1.5169213e+00   2.6287495e+00
  -1.8854111e+00   1.1850365e+00   3.5236391e+00
  -1.2640596e+00   3.6408283e+00   1.9922654e+00
  -2.5651219e+00   5.9277495e-01   3.0264512e+00
  -1.7939916e+00   1.6413010e+00   3.0959510e+00
  -3.1837156e+00   7.3296095e-01   1.7363606e+00
  -2.0006251e+00   8.9994423e-01   3.7058471e+00
  -2.5501358e+00   1.4639714e+00   1.9850778e+00
  -8.2182173e-01   4.3696569e+00   2.0965964e+00
  -2.6215117e+00   1.5784536e+00   1.7483129e+00
  -2.2571764e+00   1.5664226e+00   2.3657047e+00
  -2.7341589e+00   1.3918496e+00   1.7591655e+00
  -1.6616809e+00   2.9028173e+00   2.0034362e+00
  -3.4857757e+00   1.7635576e-01   1.8808964e+00
             NaN             NaN             NaN
  -4.1968474e+00  -1.6642998e+00   3.2720228e+00
  -8.4914051e-01   3.5249762e+00   2.7208606e+00
  -2.5975373e+00   1.0859385e+00   2.3312488e+00
  -1.0739250e+00   2.0605215e+00   3.9167913e+00
  -2.2967263e+00   7.3637975e-01   3.3485855e+00
  -2.1689175e-02   5.4263967e+00   2.5312555e+00
  -2.7246226e+00   3.3779339e-01   3.0788659e+00
  -1.8060685e+00   1.8802688e+00   2.7905294e+00
  -2.3956437e+00   8.5664832e-01   2.9885029e+00
             NaN             NaN             NaN
  -6.8927303e+00  -4.3093940e+00   2.2700528e+00
  -1.3609222e+00   2.5099773e+00   2.8656056e+00
  -3.2364204e+00   7.7477004e-03   2.5583922e+00
  -7.1889136e-01   3.7568997e+00   2.7236499e+00
  -3.2334476e+00  -2.1392543e-01   2.8862295e+00
  -2.5830484e+00   3.7253604e+00   1.0988261e-01
  -3.1715355e+00  -3.3197224e-01   3.1959464e+00
  -3.5553925e+00   2.8967137e-01   1.6228969e+00
  -2.0633679e+00   9.4152465e-01   3.5173486e+00
  -2.6553046e+00   2.3279990e+00   1.0037801e+00
  -3.2984710e+00  -4.4537898e-01   3.1136383e+00
  -2.2606272e+00   1.7010533e+00   2.2122439e+00
  -2.9915095e+00  -1.2952765e-01   3.2479001e+00
  -2.3559989e+00   2.2424993e+00   1.5261277e+00
  -3.3445565e+00  -3.2884757e-01   2.8381767e+00
             NaN             NaN             NaN
             NaN             NaN             NaN
             NaN             NaN             NaN
  -6.2391149e+00  -3.3968374e+00   1.9786588e+00
             NaN             NaN             NaN
  -4.8002341e+00  -2.2068440e+00   2.9237031e+00
  -1.1099697e+00   3.4229347e+00   2.4028639e+00
  -2.2516557e+00   2.1153590e+00   1.8065588e+00
  -1.8655957e+00   2.5920594e+00   1.9658633e+00
  -2.3628662e+00   1.8733199e+00   1.8663688e+00
  -2.6302015e+00   7.2977296e-01   2.7172164e+00
  -2.2203688e+00   1.9265252e+00   2.0429388e+00
  -2.1224019e+00   2.6461240e+00   1.5255833e+00
  -2.9847168e+00   1.3589315e+00   1.3906457e+00
  -1.8154783e+00   2.0308750e+00   2.6065345e+00
  -2.6480774e+00   1.1423805e+00   2.1776623e+00
  -1.2749656e+00   3.6959985e+00   1.9335709e+00
  -3.8263042e+00   3.5666219e-01   1.0972164e+00
  -1.7530913e+00   2.9683564e+00   1.8078580e+00
  -3.3077324e+00  -1.2377324e-01   2.6082137e+00
