             NaN             NaN             NaN
  -4.9733285e+00  -2.6492219e+00   3.3861679e+00
  -2.8125105e+00   1.3139278e-01   3.2103174e+00
  -2.7418453e+00   1.0999748e-02   3.5469426e+00
  -1.5031618e+00   3.0412340e+00   2.1263875e+00
  -2.5058721e+00   9.2587732e-01   2.6922717e+00
  -2.1137169e+00   2.1719870e+00   1.9706435e+00
  -1.3739522e+00   1.7242844e+00   3.7833322e+00
  -2.3116192e+00   2.8084182e+00   1.1141088e+00
  -2.3768276e+00   4.4204590e-01   3.6286258e+00
  -1.8916464e+00   1.7465772e+00   2.7943826e+00
  -2.3858214e+00   3.2947777e-01   3.7896723e+00
  -2.2927530e+00   9.2124323e-01   3.0970380e+00
  -2.5873314e+00   5.2448335e-01   3.0797436e+00
  -1.6728287e+00   2.3027068e+00   2.5580457e+00
  -2.6529461e+00   5.1295740e-01   2.9685234e+00
  -1.5547023e+00   2.1131564e+00   2.9656305e+00
  -2.8288683e+00   2.6522460e-01   2.9789368e+00
  -1.9653059e+00   1.1828393e+00   3.3704159e+00
  -3.3684123e+00  -8.8730595e-01   3.7212040e+00
  -1.6293617e+00   2.7217737e+00   2.2171129e+00
  -3.5783119e+00  -1.1692593e+00   3.7642187e+00
  -1.2782625e+00   2.3482230e+00   3.1855152e+00
  -1.7534383e+00   2.6108047e-01   5.4328062e+00
  -2.4744974e+00   3.1213434e+00   6.5045112e-01
  -2.6181745e+00  -3.4226343e-01   4.4612918e+00
  -1.5863363e+00   1.8382641e+00   3.2334788e+00
  -2.1747251e+00   1.4071855e-01   4.6036929e+00
  -2.2460402e+00   9.7676060e-01   3.1109954e+00
  -2.8660388e+00  -2.6571007e-01   3.7421931e+00
  -1.5758702e+00   2.2025391e+00   2.8291596e+00
  -2.9421652e+00  -4.8836347e-01   3.9679121e+00
  -1.7343233e+00   1.8470146e+00   2.9556232e+00
  -2.8344353e+00  -3.3108953e-01   3.9289131e+00
  -1.3952827e+00   2.4017971e+00   2.9225100e+00
  -3.7877984e+00  -9.9645155e-01   2.9901238e+00
  -1.2297940e+00   3.0523638e+00   2.5449156e+00
  -3.1897685e+00  -2.0752576e-01   2.9640734e+00
  -1.6373010e+00   4.5836982e+00   8.4432062e-01
  -2.7181929e+00   3.6586681e-01   3.0507973e+00
  -1.3460974e+00   2.5433507e+00   2.8556157e+00
  -3.6939205e+00  -6.7955934e-01   2.6756797e+00
             NaN             NaN             NaN
  -4.7025507e+00  -2.1982828e+00   3.1276867e+00
  -7.8035764e-01   3.4414994e+00   2.9055822e+00
  -3.9745252e+00  -1.1260418e+00   2.8135689e+00
  -9.1253171e-01   2.8050644e+00   3.3200999e+00
  -2.6003301e+00   1.7009520e-01   3.5899572e+00
             NaN             NaN             NaN
  -6.0409362e+00  -3.5129689e+00   2.6247402e+00
  -1.6568171e+00   3.5525465e+00   1.4881325e+00
  -2.4490623e+00   3.3110307e-01   3.6521560e+00
  -1.4275311e+00   2.3425249e+00   2.9314442e+00
  -2.5076492e+00   3.0422672e-01   3.5714264e+00
             NaN             NaN             NaN
  -4.3610820e+00  -1.9908910e+00   3.5191018e+00
  -9.1680943e-01   3.3050256e+00   2.8121372e+00
  -3.7346399e+00  -4.3494653e-01   2.2375676e+00
  -1.1988070e+00   2.3054300e+00   3.3768401e+00
  -2.9690843e+00  -6.4934067e-02   3.1929133e+00
  -3.5902814e+00   2.2381285e+00  -2.4104824e-01
  -2.5419073e+00   2.5679388e-01   3.5746322e+00
  -2.8395245e+00   6.4664487e-01   2.4409392e+00
  -1.9443851e+00   8.4877824e-01   3.9010953e+00
  -2.9012297e+00   3.3403901e-01   2.7416746e+00
  -2.5172416e+00   8.0148579e-01   2.8331100e+00
  -1.7257361e+00   2.3522845e+00   2.4197347e+00
  -2.6145580e+00   8.2195363e-01   2.6263853e+00
  -3.1350174e+00   5.8656637e-01   1.9911754e+00
  -2.6009105e+00   4.9036012e-01   3.1019378e+00
             NaN             NaN             NaN
  -5.3733065e+00  -2.7841013e+00   2.7250752e+00
  -1.7223445e+00   1.8262641e+00   3.0015369e+00
  -3.5424597e+00   8.7218054e-01   1.0044222e+00
  -1.3163427e+00   2.7827481e+00   2.6622407e+00
  -3.5041164e+00   6.7222275e-01   1.2750530e+00
  -1.3184615e+00   2.3912378e+00   3.0668261e+00
  -2.9548665e+00   9.0166936e-01   1.9303286e+00
  -2.3467387e+00   1.2119548e+00   2.6231780e+00
  -2.6293762e+00   8.1835128e-01   2.6039223e+00
  -1.7804657e+00   2.4355934e+00   2.2481745e+00
  -3.5819301e+00  -1.3460714e-01   2.1094558e+00
  -2.2910933e+00   1.3869855e+00   2.5124973e+00
  -2.8957157e+00   6.1317359e-01   2.3819116e+00
  -1.1564111e+00   3.0732638e+00   2.6429222e+00
  -3.3562317e+00  -2.5032644e-01   2.6977889e+00
  -2.1431549e+00   1.5362254e+00   2.5972783e+00
  -3.0773135e+00   1.4497582e-01   2.6692819e+00
  -2.7402137e+00   1.1938410e+00   1.9630424e+00
  -3.2707558e+00  -2.6602357e-01   2.8904674e+00
