  -9.3083643e-01   4.8073714e+00   1.6572908e+00
  -1.1572714e+00   6.3666743e+00   5.8999593e-01
  -1.3458590e+00   7.4617826e+00  -1.6477375e-02
  -1.5253467e+00   4.2194659e+00   1.2140374e+00
   6.1279160e-01   1.0339188e+01   1.4860220e+00
  -1.2455417e+00   7.4975646e+00   8.8279655e-02
   1.3737489e+00   1.1305902e+01   2.1490938e+00
  -1.6735354e+00   7.5351494e+00  -4.1290009e-01
  -9.8317536e-01   8.7657557e+00   4.5011415e-02
  -1.3702296e+00   5.8481979e+00   5.4765490e-01
  -2.9481681e-01   7.8186173e+00   1.0977370e+00
  -1.0352722e+00   5.5293674e+00   1.1188196e+00
  -7.6274748e-02   7.3728109e+00   1.5154512e+00
  -2.2589228e+00   4.2519174e+00   2.2376989e-01
  -1.6235294e+00   4.2071448e+00   1.0884782e+00
  -1.1484401e+00   6.1227608e+00   7.0190553e-01
   5.6936006e-01   9.6982347e+00   1.5777049e+00
  -1.8808152e+00   5.4256180e+00   1.0738018e-01
  -8.3578657e-01   8.2269750e+00   3.4816045e-01
  -1.6116096e-02   4.7139641e+00   3.0292801e+00
  -4.8774421e-01   7.1669200e+00   1.0926621e+00
  -1.9737799e+00   4.1670973e+00   6.4471930e-01
   1.2691145e+00   9.2260248e+00   2.5169543e+00
  -1.9920349e+00   5.2726645e+00   4.0299907e-02
  -1.4117989e+00   8.8886393e+00  -4.5879429e-01
  -1.5425386e+00   5.0050458e+00   7.3659798e-01
  -7.8228835e-01   7.4422967e+00   6.4566650e-01
  -6.0960916e-01   4.4069760e+00   2.3769776e+00
   2.0846361e-01   7.9366273e+00   1.6586699e+00
  -1.9593914e+00   3.9019835e+00   8.2793576e-01
             NaN             NaN             NaN
  -6.9928393e+00  -3.8784791e+00   1.2846696e+00
             NaN             NaN             NaN
             NaN             NaN             NaN
  -1.0698953e+00   6.1349110e+00   7.9353003e-01
  -2.2894889e+00   4.7473241e+00  -7.6715747e-02
   3.9609283e-01   8.9693550e+00   1.5639178e+00
  -3.2301027e+00   3.6961842e+00  -7.0090232e-01
  -8.5201010e-01   7.2208815e+00   6.3792783e-01
  -1.5135037e+00   5.3225998e+00   6.1282335e-01
  -1.7136679e-01   7.5208806e+00   1.3461934e+00
  -7.5747698e-01   5.3743221e+00   1.5617467e+00
   2.6107159e-01   7.3206589e+00   1.9512488e+00
  -2.4528274e+00   4.0535169e+00   8.6244280e-02
             NaN             NaN             NaN
  -7.3790416e+00  -4.4824555e+00   1.5538816e+00
   6.5024360e-01   9.4901109e+00   1.7209873e+00
  -1.0694673e+00   6.4043097e+00   6.8162076e-01
   1.9587539e+00   1.2024656e+01   2.6733320e+00
  -2.0072846e+00   6.6218351e+00  -5.1148080e-01
   4.3055930e-01   1.1421031e+01   1.0931547e+00
  -5.2119595e-01   8.6109214e+00   6.0470056e-01
  -7.8142227e-02   9.3713351e+00   9.2013301e-01
  -7.2279056e-01   5.1430966e+00   1.7387762e+00
   5.7100533e-01   8.4842475e+00   1.9127196e+00
  -1.7267205e+00   5.4721675e+00   2.7608722e-01
  -1.2389371e+00   4.9777145e+00   1.1456934e+00
  -9.2281515e-01   7.4830288e+00   4.6760640e-01
   1.0476903e+00   1.0981356e+01   1.8460295e+00
  -1.7568274e+00   5.0942130e+00   4.1850197e-01
  -2.2512904e+00   8.9953098e+00  -1.3969875e+00
  -8.6320149e-01   7.5355452e+00   5.2050396e-01
  -1.2311748e+00   7.8165150e+00   1.0836153e-02
  -6.1637003e-01   5.6812336e+00   1.5836027e+00
  -5.1502128e-01   8.2568603e+00   7.0785919e-01
  -1.8517961e+00   3.8651741e+00   9.9793307e-01
  -1.8449657e+00   4.2218134e+00   7.8252605e-01
  -6.6116846e-01   5.7216746e+00   1.5044419e+00
  -4.5470052e-01   1.0139245e+01   3.4307935e-01
  -2.0771967e+00   5.3111120e+00  -8.1709930e-02
  -8.6236479e-02   8.6628482e+00   1.0894721e+00
  -7.2615598e-01   6.7474457e+00   9.6308604e-01
   7.7714319e-01   8.9923833e+00   2.0029977e+00
  -1.9453083e+00   6.1277971e+00  -2.6166519e-01
  -1.4645369e+00   4.4273767e+00   1.1665393e+00
  -6.3203553e-01   8.0292639e+00   6.3827700e-01
   1.1059779e+00   1.1170645e+01   1.8760516e+00
  -1.6290754e+00   6.2157126e+00   8.0964414e-02
   3.4173654e-01   8.0147546e+00   1.7924817e+00
  -2.1960121e+00   5.9091419e+00  -4.7450952e-01
  -1.5080277e+00   4.3493269e+00   1.1559302e+00
  -1.3531929e+00   6.3170117e+00   3.7264173e-01
   2.3069635e-01   1.1710898e+01   8.3452114e-01
  -2.1660138e+00   7.7077520e+00  -1.0141015e+00
  -1.5969692e+00   4.4275301e+00   9.8901032e-01
  -1.6284739e+00   6.1544823e+00   1.0570164e-01
   5.6811679e-01   1.2398340e+01   1.1059151e+00
  -3.0664821e+00   5.0634138e+00  -1.1629546e+00
   3.1312921e-01   1.0580855e+01   1.1061679e+00
  -2.2451063e+00   4.6344092e+00   3.5976626e-02
