   9.3586793e-01   9.5980488e+00   2.0231576e+00
  -5.9521623e-01   8.2707453e+00   6.1164783e-01
  -3.4410406e-01   9.1258200e+00   6.7764990e-01
  -3.5237889e-01   8.2689660e+00   8.9242634e-01
   1.8676521e+00   1.6004119e+01   2.1461584e+00
   5.0676597e-01   1.3014498e+01   9.6935618e-01
   1.1593894e+00   1.5660143e+01   1.4326511e+00
  -2.6130603e-01   1.2744758e+01   1.8659383e-01
   2.4518723e-01   1.1889886e+01   8.2557834e-01
  -5.4816554e-01   9.0449158e+00   4.6703913e-01
   1.3453711e+00   1.3420350e+01   1.8166359e+00
   4.2855153e-01   1.1637201e+01   1.0585774e+00
   2.1158953e-04   9.0535656e+00   1.0859454e+00
  -1.1730377e+00   8.3786066e+00  -7.3631095e-02
  -4.5398719e-01   8.4532793e+00   7.2351722e-01
  -3.2152684e-01   9.0896839e+00   7.1171529e-01
  -8.7186392e-02   9.8472438e+00   8.0577347e-01
  -4.8840254e-01   1.2312194e+01  -6.5078551e-03
   6.6221850e-01   1.1503493e+01   1.3324661e+00
   6.4454201e-01   7.7351267e+00   2.2649078e+00
   1.0447367e+00   1.2248759e+01   1.6383692e+00
   1.7183731e-01   9.1971901e+00   1.2459096e+00
   1.3427244e+00   1.4144669e+01   1.7408282e+00
  -1.9960160e-01   8.6147432e+00   9.7193867e-01
             NaN             NaN             NaN
             NaN             NaN             NaN
   9.5398218e-01   1.1531572e+01   1.6468583e+00
   9.8545207e-01   9.0157604e+00   2.2423811e+00
   5.6059859e-01   1.1244629e+01   1.2628334e+00
  -6.2506290e-01   8.8084051e+00   4.3709348e-01
  -3.5367705e-01   9.1452468e+00   6.6228427e-01
   4.4150728e-01   9.4866511e+00   1.4825804e+00
   4.0363219e-02   1.0609673e+01   8.0095941e-01
  -3.5464889e-01   7.7739864e+00   1.0414922e+00
   4.0894954e-01   1.1006599e+01   1.1363955e+00
  -6.0316917e-01   7.4870479e+00   8.4222734e-01
   7.2797165e-01   1.1745552e+01   1.3671520e+00
  -1.3808280e+00   6.9638575e+00   1.0274169e-01
   3.0808717e-01   1.2558724e+01   8.0926003e-01
  -1.1187767e-01   7.1570318e+00   1.5545051e+00
   6.7977799e-01   1.1422775e+01   1.3643385e+00
   6.3293549e-01   8.8145564e+00   1.8850693e+00
  -9.5129501e-03   8.7665526e+00   1.1497679e+00
  -8.6164197e-01   7.2241310e+00   6.2540408e-01
  -2.2367925e-01   1.0105642e+01   6.0322807e-01
  -8.8195217e-02   8.3488152e+00   1.1764277e+00
   3.0069908e-02   1.0254744e+01   8.5475957e-01
   2.8796994e-01   9.4237473e+00   1.3227012e+00
   1.8866685e+00   1.4261246e+01   2.3054395e+00
   1.0701200e-01   1.2236707e+01   6.3349252e-01
   1.4773225e+00   1.5316677e+01   1.7863819e+00
   3.7816639e-01   1.3134072e+01   8.2081979e-01
   1.5943279e+00   1.3511244e+01   2.0723328e+00
   7.1277119e-01   1.0700310e+01   1.5264615e+00
   5.9406998e-01   9.9616484e+00   1.5453818e+00
  -9.0666699e-01   9.8718938e+00  -1.0184439e-01
   5.4154328e-01   1.0842149e+01   1.3107362e+00
   1.7614777e-01   1.1015632e+01   8.8053326e-01
   5.2506608e-01   1.1829589e+01   1.1352355e+00
  -3.8826785e-01   1.0890321e+01   2.8807797e-01
             NaN             NaN             NaN
             NaN             NaN             NaN
   2.3745761e-01   1.0371628e+01   1.0618036e+00
   1.4741975e+00   1.4263284e+01   1.8686735e+00
  -4.6394260e-01   9.8468883e+00   3.8850105e-01
  -6.9136656e-02   1.2022314e+01   4.7222370e-01
  -4.7520276e-01   9.7954900e+00   3.8623255e-01
   5.9124740e-01   1.2437567e+01   1.1257915e+00
  -1.0528834e+00   9.9410908e+00  -2.7360251e-01
  -2.7748515e-01   1.2778203e+01   1.6613411e-01
   1.1500475e+00   1.2370389e+01   1.7355946e+00
   4.3254461e-01   1.0205400e+01   1.3117574e+00
   6.8209104e-01   1.0948495e+01   1.4468169e+00
  -4.3589824e-01   1.0701322e+01   2.6655659e-01
  -6.6040081e-02   1.0800617e+01   6.5204944e-01
   7.2107419e-01   1.1658725e+01   1.3726863e+00
   4.6843032e-01   1.1335019e+01   1.1477463e+00
  -7.1670004e-02   1.1274349e+01   5.7151884e-01
  -9.7840267e-02   8.9528997e+00   9.9951370e-01
   2.0095405e-02   1.3774567e+01   3.8540554e-01
  -6.8421556e-01   8.8780009e+00   3.5362434e-01
  -6.7620371e-02   1.1394315e+01   5.5830501e-01
  -5.4773398e-01   1.0818642e+01   1.2706301e-01
  -7.0420514e-01   1.2333901e+01  -2.3629271e-01
  -3.7044189e-01   1.0580474e+01   3.5751266e-01
   2.9382447e-01   1.2820182e+01   7.6475380e-01
   2.9160552e-01   1.2739968e+01   7.7121390e-01
  -3.4567830e-01   1.1397045e+01   2.5920040e-01
  -3.6510260e-01   1.0609726e+01   3.5842339e-01
  -8.9401571e-01   9.3075413e+00   2.3373907e-02
