   2.7442239e+00   1.3195661e+01   3.3576610e+00
   1.4623404e+00   9.8436015e+00   2.5719177e+00
   2.3590351e+00   1.4698791e+01   2.7648894e+00
   1.9783569e+00   1.1468839e+01   2.7955477e+00
   2.3054961e+00   1.3034914e+01   2.8998228e+00
   1.9307945e+00   1.0646145e+01   2.9167253e+00
   2.2100950e+00   1.2485281e+01   2.8765296e+00
   1.7431158e+00   8.6984932e+00   3.2705800e+00
   9.7152387e-01   8.9261516e+00   2.2528157e+00
   1.5731654e+00   1.0337174e+01   2.5769211e+00
   2.0495163e+00   1.3870198e+01   2.5194953e+00
   1.1406332e+00   1.0016388e+01   2.1556153e+00
   2.0319069e+00   1.3563060e+01   2.5355318e+00
   1.7673100e+00   1.0629609e+01   2.7321743e+00
   1.7464157e+00   1.2885115e+01   2.3120347e+00
   8.7404500e-01   1.0090603e+01   1.8338459e+00
   1.7618839e+00   1.2647736e+01   2.3611825e+00
   1.9844810e+00   1.2134883e+01   2.6834958e+00
   2.8968509e+00   1.2628962e+01   3.6160692e+00
   2.8416344e+00   1.2176680e+01   3.6352284e+00
   2.6622165e+00   1.2075161e+01   3.4515006e+00
   2.0854963e+00   1.3217766e+01   2.6359500e+00
   2.8505675e+00   1.2283935e+01   3.6252998e+00
   2.4533832e+00   1.1856257e+01   3.2570610e+00
   1.1214988e+00   8.5877715e+00   2.5422555e+00
   2.0527173e+00   1.2987026e+01   2.6308817e+00
   1.7817001e+00   1.2429096e+01   2.4143621e+00
   1.8545045e+00   1.2464209e+01   2.4888452e+00
   2.4443660e+00   1.4348020e+01   2.8906991e+00
   2.4930055e+00   1.4640461e+01   2.9129848e+00
   2.4811558e+00   1.2846164e+01   3.1198562e+00
   1.5500199e+00   1.3246161e+01   2.0552631e+00
   2.0470460e+00   1.1337296e+01   2.8991569e+00
   2.1619780e+00   1.5242871e+01   2.5090208e+00
   2.2491261e+00   1.3702382e+01   2.7529119e+00
   2.0214432e+00   1.2162270e+01   2.7199092e+00
   2.2859110e+00   1.4718914e+01   2.6853944e+00
   1.7467424e+00   1.0568895e+01   2.7224998e+00
   1.1860076e+00   9.8215328e+00   2.2559239e+00
   2.2315233e+00   1.2469880e+01   2.9026148e+00
   1.8323836e+00   1.4074288e+01   2.2663365e+00
   1.2310954e+00   1.0780190e+01   2.0903038e+00
   2.0625850e+00   1.5635606e+01   2.3747054e+00
   2.0827001e+00   1.3191467e+01   2.6363217e+00
   1.8701763e+00   1.4676753e+01   2.2494156e+00
   9.8423026e-01   1.2200395e+01   1.5796026e+00
   1.9781496e+00   1.3994682e+01   2.4298329e+00
   2.3777807e+00   1.3754202e+01   2.8854387e+00
   2.9118729e+00   1.3974171e+01   3.4365188e+00
   1.3191467e+00   9.2602541e+00   2.5663636e+00
   1.8141005e+00   1.0132606e+01   2.9080834e+00
   1.5514745e+00   1.1088095e+01   2.3892598e+00
   2.2816103e+00   1.4748566e+01   2.6780813e+00
   1.1512811e+00   1.0866699e+01   1.9835650e+00
   2.6224838e+00   1.5108914e+01   3.0065619e+00
   1.6936506e+00   1.1711681e+01   2.4326073e+00
   2.4876521e+00   1.4013559e+01   2.9735917e+00
   7.3038621e-01   1.1137510e+01   1.4669782e+00
   2.4431319e+00   1.3201265e+01   3.0270796e+00
   1.8444382e+00   1.3167739e+01   2.3816065e+00
   7.8729837e-01   7.9191880e+00   2.3716319e+00
   2.3251293e+00   1.2705214e+01   2.9693723e+00
   1.4885260e+00   1.1632726e+01   2.2187810e+00
   1.9213038e+00   1.2997945e+01   2.4866808e+00
   2.1993712e+00   1.2459118e+01   2.8688097e+00
   2.6240022e+00   1.3812226e+01   3.1444656e+00
   2.1988397e+00   1.1941040e+01   2.9552726e+00
   1.8239372e+00   1.3638667e+01   2.3036958e+00
   1.8511836e+00   1.0515941e+01   2.8554985e+00
   2.5158498e+00   1.4688530e+01   2.9326079e+00
   2.0248790e+00   1.3880682e+01   2.4919841e+00
  -1.3458713e-01   5.9041113e+00   2.1014333e+00
   1.9608548e+00   1.4073876e+01   2.4031334e+00
   5.8940793e-01   6.7146732e+00   2.6433368e+00
   1.8465130e+00   1.3640247e+01   2.3276898e+00
  -2.7829633e-01   6.2408087e+00   1.7428181e+00
   2.1416859e+00   1.2437270e+01   2.8085909e+00
   8.9123249e-01   7.8520454e+00   2.5270462e+00
   1.5453937e+00   1.3909795e+01   1.9779972e+00
   2.2918856e+00   1.2766744e+01   2.9235720e+00
   1.1199352e+00   1.3578795e+01   1.5602006e+00
   7.6074406e-01   1.1121163e+01   1.5032125e+00
   1.1218660e+00   1.1316332e+01   1.8678088e+00
   1.9674391e+00   1.3036194e+01   2.5316657e+00
   1.5327812e+00   1.1848519e+01   2.2315135e+00
   1.4966428e+00   1.2326691e+01   2.1180744e+00
   1.6370400e+00   1.1464441e+01   2.4136446e+00
   2.1621160e+00   1.4780381e+01   2.5486362e+00
   1.0751992e+00   1.1690081e+01   1.7542809e+00
   1.8299624e+00   1.3097556e+01   2.3748497e+00
