             NaN             NaN             NaN
  -1.8227034e+01  -1.6437050e+01   3.0212047e+00
   8.7158042e-01   1.4713320e+01   1.1989837e+00
   2.0835728e+00   1.5999435e+01   2.3712843e+00
   2.3671891e+00   1.7064202e+01   2.6015561e+00
   1.5969673e+00   1.2667878e+01   2.1791734e+00
             NaN             NaN             NaN
  -1.9251110e+01  -1.7444544e+01   2.9522820e+00
   7.8883423e-01   1.5973781e+01   1.0308665e+00
   1.7898642e+00   1.3815869e+01   2.2479045e+00
   1.9717639e+00   1.7540098e+01   2.1698105e+00
   1.9104383e+00   1.4371684e+01   2.3199986e+00
   2.1469536e+00   1.5710644e+01   2.4575245e+00
   6.8903290e-01   1.1803250e+01   1.3164152e+00
   9.9523622e-01   1.4168705e+01   1.3727828e+00
   1.7291132e+00   1.4621346e+01   2.1055014e+00
   1.9496543e+00   1.6316994e+01   2.2117513e+00
   1.4420436e+00   1.4241332e+01   1.8367484e+00
   1.3971242e+00   1.4879999e+01   1.7353223e+00
   2.5820868e+00   1.6959442e+01   2.8301559e+00
   1.9570002e+00   1.6070732e+01   2.2348026e+00
   1.3558529e+00   1.3787795e+01   1.7891605e+00
   2.9784453e+00   1.5714731e+01   3.3310823e+00
   1.3719497e+00   1.1586347e+01   2.0977487e+00
             NaN             NaN             NaN
             NaN             NaN             NaN
   1.6993696e+00   1.5200838e+01   2.0269482e+00
   2.0623729e+00   1.5278185e+01   2.4015265e+00
   2.0941025e+00   1.5416484e+01   2.4240648e+00
   1.6276523e+00   1.4245966e+01   2.0324384e+00
   1.0338231e+00   1.3260726e+01   1.5022977e+00
   2.3457390e+00   1.6416661e+01   2.6172510e+00
   1.8663247e+00   1.5356337e+01   2.1899604e+00
   1.3625184e+00   1.4983754e+01   1.6910983e+00
   1.8162908e+00   1.7551682e+01   2.0094630e+00
   1.5197677e+00   1.4764836e+01   1.8731303e+00
             NaN             NaN             NaN
  -1.4853096e+01  -1.2356242e+01   1.3412124e+00
   1.2964542e+00   1.7041556e+01   1.4986979e+00
   2.4139635e+00   1.5403075e+01   2.7612390e+00
   1.7318142e+00   1.6580930e+01   1.9707832e+00
   1.7927281e+00   1.5298564e+01   2.1172694e+00
   2.3708125e+00   2.0033188e+01   2.4887390e+00
   1.1882784e+00   1.4374288e+01   1.5577796e+00
   1.2731180e+00   1.8445729e+01   1.4188805e+00
   1.9800817e+00   1.5209607e+01   2.3205405e+00
   1.9492023e+00   1.8805667e+01   2.0965070e+00
   2.0576697e+00   1.4330674e+01   2.4802699e+00
             NaN             NaN             NaN
  -1.8582234e+01  -1.6969694e+01   3.5579429e+00
   2.4398370e+00   1.6668343e+01   2.6995860e+00
   2.1972498e+00   1.7216199e+01   2.4178589e+00
             NaN             NaN             NaN
  -1.9555331e+01  -1.7662406e+01   2.6994884e+00
             NaN             NaN             NaN
  -1.8164597e+01  -1.6352721e+01   2.9586039e+00
             NaN             NaN             NaN
  -1.7224464e+01  -1.4959441e+01   1.7819536e+00
   2.5695310e+00   1.6360317e+01   2.8541196e+00
   1.3176514e+00   1.6527865e+01   1.5460556e+00
  -4.7501103e-01   1.1701524e+01   8.0424970e-02
   2.7236453e+00   1.6730571e+01   2.9910240e+00
   1.2946626e+00   1.3941297e+01   1.7092422e+00
   2.7541421e+00   1.5340403e+01   3.1255748e+00
             NaN             NaN             NaN
             NaN             NaN             NaN
   9.9206776e-01   1.3404368e+01   1.4426239e+00
   2.8075876e+00   1.6843715e+01   3.0714394e+00
   1.1743367e+00   1.4014861e+01   1.5751975e+00
   1.8387050e+00   1.5056457e+01   2.1843096e+00
             NaN             NaN             NaN
  -1.8515947e+01  -1.6416180e+01   2.1620374e+00
             NaN             NaN             NaN
  -1.8270537e+01  -1.6319356e+01   2.5630039e+00
             NaN             NaN             NaN
  -1.8349214e+01  -1.5902349e+01   1.3211814e+00
             NaN             NaN             NaN
  -1.8008365e+01  -1.6011959e+01   2.4464292e+00
   1.7573364e+00   1.5152774e+01   2.0913510e+00
   1.5446911e+00   1.3295438e+01   2.0437815e+00
   4.3014920e-01   1.5830835e+01   6.6918948e-01
   1.5456770e+00   1.4757043e+01   1.9009742e+00
   1.1154470e+00   1.4972987e+01   1.4339268e+00
   1.3175944e+00   1.3662567e+01   1.7613225e+00
   8.7542850e-01   1.3821724e+01   1.2780922e+00
   1.9471321e+00   1.4751910e+01   2.3240155e+00
   1.6903056e+00   1.5070332e+01   2.0275256e+00
   1.3039228e+00   1.3412380e+01   1.7733303e+00
   1.1602876e+00   1.7555901e+01   1.3366194e+00
   1.0489156e+00   1.4376860e+01   1.4112885e+00
