  -1.0239508e+00   2.7276263e+00   3.2105374e+00
  -3.5656410e+00  -8.3494838e-01   3.1913229e+00
  -2.4378412e+00   7.0983797e-01   3.1091597e+00
  -3.4230833e+00  -7.0942068e-01   3.2850901e+00
  -1.3545317e+00   3.0430859e+00   2.3559763e+00
  -2.5626554e+00   8.6261224e-01   2.6692673e+00
  -2.4138704e+00   5.4100383e-01   3.4007885e+00
  -1.0657993e+00   2.2501733e+00   3.6882796e+00
  -1.7737454e+00   3.4481367e+00   1.3980523e+00
  -2.4790923e+00   4.3748814e-01   3.4240567e+00
  -2.8159464e+00   4.2594800e-01   2.7770324e+00
  -2.2538214e+00   9.1032577e-01   3.1868407e+00
             NaN             NaN             NaN
  -4.2286539e+00  -1.3836320e+00   2.7104501e+00
  -2.3017017e+00   1.2033861e+00   2.7146148e+00
  -2.4419915e+00   8.0675360e-01   2.9679057e+00
  -1.5881615e+00   2.2957222e+00   2.7075886e+00
  -2.7516801e+00   3.7203542e-01   2.9763558e+00
  -1.4819395e+00   1.9620572e+00   3.2732124e+00
  -3.7657722e+00  -1.3402037e+00   3.6523152e+00
  -1.3920769e+00   2.4542426e+00   2.8717363e+00
  -3.3455658e+00  -9.5101581e-01   3.8942283e+00
  -1.7240577e+00   1.0897741e+00   3.9915269e+00
  -1.6165370e+00   5.6398213e-01   5.1579028e+00
  -1.8048808e+00   3.4979775e+00   1.3171370e+00
  -2.8059149e+00  -3.3018122e-01   3.9926372e+00
  -2.3581379e+00   6.8814865e-01   3.2963125e+00
  -1.8638647e+00   8.9449469e-01   3.9999375e+00
  -2.0984408e+00   1.2870865e+00   2.9807524e+00
  -3.0232595e+00  -3.9547232e-01   3.6190624e+00
  -2.0077492e+00   1.4818632e+00   2.9031869e+00
  -2.5032460e+00   3.2749182e-01   3.5440019e+00
  -1.7332883e+00   2.0149283e+00   2.7651113e+00
  -2.6988843e+00  -2.0968295e-01   4.0200817e+00
  -1.5898145e+00   1.8162915e+00   3.2541791e+00
  -3.5264012e+00  -3.0821625e-01   2.4526536e+00
  -2.0600254e+00   1.1274377e+00   3.2631206e+00
  -2.4875030e+00   8.6912837e-01   2.7994972e+00
  -9.9149871e-01   4.5659420e+00   1.7255643e+00
  -2.8365888e+00   7.3617923e-01   2.3335985e+00
             NaN             NaN             NaN
  -3.8676018e+00  -1.0303848e+00   2.8789453e+00
  -1.7475448e+00   1.9435996e+00   2.8206550e+00
  -3.6630629e+00  -4.2963574e-01   2.3654439e+00
  -1.1659377e+00   2.5316476e+00   3.1775222e+00
  -3.2997916e+00  -2.6399184e-02   2.4859672e+00
  -1.2029609e+00   2.5408186e+00   3.1031338e+00
  -2.5094837e+00   5.9376327e-01   3.1333747e+00
  -1.6333688e+00   1.2671069e+00   3.9124001e+00
  -1.7496031e+00   1.3977936e+00   3.4951936e+00
  -5.4487693e-01   4.2483647e+00   2.5911808e+00
  -2.4939522e+00   4.8698582e-01   3.3195389e+00
  -2.0869214e+00   1.0899718e+00   3.2623596e+00
  -2.0970770e+00   9.9019143e-01   3.3809587e+00
  -1.4428546e+00   2.1883081e+00   3.0768817e+00
  -3.2302341e+00   1.5725235e-01   2.3654219e+00
  -1.0880438e+00   2.8669231e+00   2.9560420e+00
  -3.1258332e+00   3.1532380e-01   2.3480222e+00
  -1.2760689e+00   2.3138163e+00   3.2286621e+00
  -2.9613279e+00  -5.0801542e-02   3.1868669e+00
  -3.0076960e+00   2.6043345e+00   2.8738720e-01
  -2.7890797e+00   2.0089614e-01   3.1526533e+00
  -3.6721558e+00  -6.3729226e-01   2.6543441e+00
  -1.7952706e+00   1.1774820e+00   3.7142471e+00
  -2.6535901e+00   1.0388000e+00   2.2892330e+00
  -2.5111474e+00   8.6390020e-01   2.7624748e+00
  -1.9798216e+00   1.9142667e+00   2.4542801e+00
  -2.2576351e+00   1.4283939e+00   2.5226204e+00
  -2.9158902e+00   9.3399082e-01   1.9595046e+00
  -2.6557555e+00   2.5654663e-01   3.3387255e+00
             NaN             NaN             NaN
  -4.4138517e+00  -1.6463744e+00   2.7646962e+00
  -1.7101570e+00   2.2035723e+00   2.5994683e+00
  -3.1368534e+00   1.5090014e+00   1.0091335e+00
             NaN             NaN             NaN
  -4.9318630e+00  -2.2894871e+00   2.7846380e+00
  -1.3006066e+00   2.5345103e+00   2.9421728e+00
  -2.3209183e+00   1.4504951e+00   2.3873043e+00
  -2.2264313e+00   1.6785216e+00   2.2940380e+00
  -2.6355252e+00   1.3138807e+00   2.0059318e+00
  -2.5214163e+00   9.1084903e-01   2.6830216e+00
  -2.7411332e+00   1.2768067e+00   1.8705003e+00
  -2.3971182e+00   1.5730013e+00   2.1221978e+00
  -2.8416919e+00   1.1028044e+00   1.8940301e+00
  -1.5981058e+00   2.3894670e+00   2.5928104e+00
  -2.9513218e+00   5.9908630e-01   2.2997503e+00
  -1.7838141e+00   1.9159340e+00   2.7887826e+00
  -3.1210541e+00   9.9801435e-02   2.6491141e+00
             NaN             NaN             NaN
             NaN             NaN             NaN
