   2.2497878e+00   1.4669691e+01   2.6516812e+00
   2.7389826e+00   1.1197864e+01   3.7248343e+00
   2.0249551e+00   1.3238240e+01   2.5677839e+00
   1.9888712e+00   1.1984747e+01   2.7135351e+00
   1.8542564e+00   1.2483986e+01   2.4856372e+00
   2.9772364e+00   1.1905278e+01   3.8434544e+00
   2.0031112e+00   1.3412156e+01   2.5225794e+00
   2.8552768e+00   1.1007053e+01   3.9081168e+00
   8.2885875e-01   7.6177458e+00   2.5428919e+00
   2.2802741e+00   1.1434056e+01   3.1443718e+00
   1.3407630e+00   1.2522638e+01   1.9212656e+00
   1.3140382e+00   1.1722356e+01   2.0112333e+00
   1.8103051e+00   1.2831267e+01   2.3885340e+00
   1.9896603e+00   1.0551973e+01   3.0073951e+00
   1.4713967e+00   1.1100569e+01   2.2968338e+00
   1.5692339e+00   1.1018389e+01   2.4231656e+00
   1.6433871e+00   1.1646531e+01   2.3881379e+00
   2.2521178e+00   1.1168896e+01   3.1683371e+00
   2.5189379e+00   1.1862920e+01   3.3298998e+00
   2.7414753e+00   1.3046622e+01   3.3766018e+00
   2.3560356e+00   1.1526354e+01   3.2117226e+00
   3.0422245e+00   1.5033605e+01   3.4600364e+00
   2.6375462e+00   1.1885653e+01   3.4598993e+00
   3.2896039e+00   1.3873092e+01   3.8614037e+00
   1.0312261e+00   6.9885526e+00   3.0939149e+00
   2.7965887e+00   1.4813251e+01   3.2195714e+00
   1.4486175e+00   1.0600153e+01   2.3742417e+00
   1.8254053e+00   1.3699093e+01   2.2985489e+00
   2.3044506e+00   1.3102829e+01   2.8892711e+00
   2.5956011e+00   1.4210252e+01   3.0675493e+00
   2.0123312e+00   1.1862559e+01   2.7608744e+00
   1.9945425e+00   1.5070547e+01   2.3469394e+00
   2.0971652e+00   1.0765952e+01   3.0809867e+00
   2.4147923e+00   1.4410368e+01   2.8526631e+00
   1.5215639e+00   1.2070294e+01   2.1838210e+00
   2.9241148e+00   1.3660281e+01   3.4901454e+00
   1.0284575e+00   1.3078803e+01   1.5167911e+00
   2.3935675e+00   1.2931847e+01   3.0109138e+00
   9.9554083e-01   7.8606334e+00   2.6546123e+00
   2.8588156e+00   1.3046154e+01   3.5062577e+00
   1.6336927e+00   1.2250744e+01   2.2790592e+00
   1.4158661e+00   1.2815923e+01   1.9638074e+00
   1.9945060e+00   1.4041290e+01   2.4423905e+00
   2.3933426e+00   1.3438730e+01   2.9413155e+00
   1.5743950e+00   1.2289384e+01   2.2084088e+00
   1.7654844e+00   1.2944337e+01   2.3248936e+00
   1.9548064e+00   1.1907791e+01   2.6888883e+00
   2.5544555e+00   1.2078544e+01   3.3293798e+00
   2.9084339e+00   1.5570985e+01   3.2690724e+00
   2.6686235e+00   1.2022688e+01   3.4686593e+00
   1.7419530e+00   8.7242736e+00   3.2595835e+00
   2.3232797e+00   1.1519759e+01   3.1758101e+00
   2.0553753e+00   1.3256658e+01   2.5983550e+00
   1.5346953e+00   1.1562801e+01   2.2820961e+00
   2.4093934e+00   1.4226401e+01   2.8661351e+00
   2.1464210e+00   1.2007569e+01   2.8849765e+00
   2.0032447e+00   1.2518064e+01   2.6438522e+00
   1.5012713e+00   1.2203702e+01   2.1412714e+00
   2.3189006e+00   1.2027848e+01   3.0741284e+00
   2.2162226e+00   1.2030014e+01   2.9589371e+00
   6.1798767e-01   6.4924542e+00   2.7959414e+00
   3.0589850e+00   1.4181020e+01   3.5708085e+00
   1.1397395e+00   1.0144296e+01   2.1244407e+00
   2.1189385e+00   1.3654393e+01   2.6184256e+00
   1.8510223e+00   1.1443176e+01   2.6572129e+00
   2.7947723e+00   1.2500209e+01   3.5239356e+00
   1.8194126e+00   1.0770411e+01   2.7601386e+00
   2.4318881e+00   1.3913569e+01   2.9250535e+00
   1.7369653e+00   1.0262405e+01   2.7848628e+00
   2.8701342e+00   1.3399049e+01   3.4668771e+00
   1.7908110e+00   1.3327057e+01   2.3042664e+00
   6.6610171e-01   8.3556278e+00   2.0685013e+00
   2.0825488e+00   1.3491953e+01   2.5985407e+00
   1.4153451e+00   8.4332629e+00   2.9595575e+00
   1.7090711e+00   1.1864081e+01   2.4236699e+00
   9.3688615e-01   8.5071691e+00   2.3451415e+00
   2.0297789e+00   1.1091829e+01   2.9305311e+00
   1.5330221e+00   8.5541607e+00   3.0614532e+00
   1.3810323e+00   1.2765570e+01   1.9327040e+00
   2.2031100e+00   1.2064918e+01   2.9382122e+00
   7.7783782e-01   1.2031539e+01   1.3799292e+00
   1.2826363e+00   1.2512624e+01   1.8597266e+00
   1.0110312e+00   1.0583692e+01   1.8827810e+00
   2.0752275e+00   1.2184773e+01   2.7757735e+00
   1.1803769e+00   1.0552433e+01   2.0801865e+00
   1.8163309e+00   1.2574292e+01   2.4309855e+00
   1.7405006e+00   1.1116872e+01   2.5966983e+00
   2.3547223e+00   1.3267843e+01   2.9217153e+00
   1.1942691e+00   1.1554991e+01   1.9069999e+00
   2.0285914e+00   1.2298065e+01   2.7058245e+00
