  -1.0537585e+00   4.6973319e+00   1.5572904e+00
  -1.5290981e+00   4.7190134e+00   9.0952181e-01
  -1.4163316e+00   7.1158559e+00   1.0787544e-02
  -1.7662935e+00   3.0734357e+00   1.7007311e+00
   3.6416883e-01   8.8827382e+00   1.5507129e+00
  -1.3132765e+00   5.9499815e+00   5.7336016e-01
   3.2624358e-01   9.0842524e+00   1.4522153e+00
  -1.6754302e+00   5.9338891e+00   1.3823698e-01
             NaN             NaN             NaN
             NaN             NaN             NaN
  -1.2558001e+00   4.7524996e+00   1.2517683e+00
  -1.4136847e+00   3.9546261e+00   1.5452577e+00
  -3.9386908e-01   6.3416512e+00   1.5479309e+00
  -2.3710045e+00   3.2150568e+00   7.2718667e-01
  -1.5163217e+00   3.5465660e+00   1.6951957e+00
  -1.6543760e+00   4.4543639e+00   8.9681734e-01
   9.2233185e-02   8.9757453e+00   1.2113106e+00
  -1.8337150e+00   4.7048780e+00   5.2194975e-01
  -9.5026488e-01   7.7251678e+00   3.6045875e-01
  -4.5038189e-01   3.9870659e+00   2.9466440e+00
  -8.5526552e-01   5.6172487e+00   1.3061853e+00
  -2.5006538e+00   2.6655467e+00   9.5436479e-01
   6.8534890e-01   9.3371241e+00   1.8007827e+00
  -2.1376705e+00   3.3378231e+00   9.6422163e-01
  -1.6876018e+00   7.9117238e+00  -5.3203335e-01
  -1.8687426e+00   3.3946479e+00   1.3020692e+00
  -2.0283190e+00   4.6440419e+00   3.0540706e-01
  -9.3840568e-01   3.0579757e+00   3.0138765e+00
  -3.8390331e-01   6.6421554e+00   1.4278570e+00
  -2.4093055e+00   2.4273462e+00   1.2833036e+00
  -1.2423752e+00   3.5750041e+00   2.0763517e+00
  -1.3700554e+00   3.3534053e+00   2.0644604e+00
             NaN             NaN             NaN
  -1.1341520e+01  -8.6169988e+00   1.1512058e+00
  -6.8377116e-01   6.0208874e+00   1.3286542e+00
  -2.6742867e+00   3.6577175e+00   3.1717471e-02
  -1.6512920e-01   7.3656590e+00   1.4099826e+00
  -3.0260565e+00   3.2024008e+00  -1.4598302e-01
  -8.1188537e-01   7.2834849e+00   6.6399614e-01
  -1.5800082e+00   4.5300203e+00   9.5092698e-01
  -9.5634371e-01   5.3638904e+00   1.3062167e+00
  -9.6094787e-01   4.5177844e+00   1.7993489e+00
  -1.9077580e-01   5.9227653e+00   2.0169121e+00
  -2.6289627e+00   2.9381583e+00   5.6784776e-01
  -1.0736720e+00   3.8460547e+00   2.1146442e+00
  -1.5998170e+00   4.0483777e+00   1.2228407e+00
   3.5143041e-01   8.1355125e+00   1.7633582e+00
  -1.4676584e+00   5.1665395e+00   7.4893581e-01
             NaN             NaN             NaN
  -1.1718322e+01  -9.3030529e+00   1.7668435e+00
   4.1510405e-02   1.0124939e+01   8.9262979e-01
  -1.2464217e+00   5.6807984e+00   7.7766060e-01
  -9.5497119e-01   5.7746890e+00   1.1010556e+00
  -1.3601424e+00   3.4177808e+00   2.0267071e+00
   2.3562065e-01   7.4430875e+00   1.8714026e+00
  -2.0344476e+00   4.0392299e+00   6.4166047e-01
  -1.0348012e+00   4.4010696e+00   1.7733269e+00
  -1.5606888e+00   5.1737377e+00   6.2684457e-01
   3.9243557e-01   1.0110769e+01   1.2864378e+00
  -1.9699664e+00   4.0414169e+00   7.2614901e-01
  -2.3825321e+00   8.1323267e+00  -1.3575172e+00
  -1.2031526e+00   4.8569760e+00   1.2612428e+00
  -2.2432707e+00   4.4715522e+00   1.2361887e-01
  -1.2508362e+00   3.3442790e+00   2.2532922e+00
  -7.8503123e-01   7.2422174e+00   7.0999226e-01
  -2.0178138e+00   2.9689638e+00   1.4139353e+00
  -1.6594244e+00   3.9028845e+00   1.2374224e+00
  -9.8094160e-01   4.3663014e+00   1.8724930e+00
  -1.1395072e+00   8.6369894e+00  -9.9273967e-02
  -2.1267737e+00   3.4625997e+00   8.9174405e-01
  -1.1940536e+00   5.7104114e+00   8.2955483e-01
  -1.0224108e+00   4.7294033e+00   1.5802776e+00
   2.4245207e-01   7.6995242e+00   1.7834416e+00
  -1.8820923e+00   5.0621676e+00   2.7689815e-01
  -9.8182861e-01   4.3287986e+00   1.8968707e+00
  -1.1032169e+00   6.3222518e+00   6.7386864e-01
   3.1557700e-01   9.5660636e+00   1.3202309e+00
  -1.6828682e+00   5.0525153e+00   5.3295946e-01
  -2.9654080e-01   6.6807651e+00   1.5205154e+00
  -2.2450519e+00   4.0547928e+00   3.5497903e-01
             NaN             NaN             NaN
  -6.7982739e+00  -3.7802310e+00   1.5036518e+00
  -3.9410795e-01   1.0289646e+01   3.8211499e-01
  -2.5685948e+00   5.1188758e+00  -5.9268132e-01
  -1.3200477e+00   4.3121342e+00   1.4357216e+00
  -1.9777485e+00   4.5422736e+00   4.2492381e-01
  -5.1831331e-01   1.0046504e+01   2.9052869e-01
  -3.1170647e+00   3.7132265e+00  -5.6817200e-01
  -4.6132683e-01   8.8369753e+00   6.1520669e-01
  -2.4745682e+00   3.0889961e+00   6.7335459e-01
