   2.7761840e+00   1.7521686e+01   3.0004789e+00
   1.3395636e+00   1.0668875e+01   2.2356811e+00
   1.6813696e+00   1.2302180e+01   2.3235041e+00
   1.0860331e+00   1.1235147e+01   1.8424311e+00
   1.8682177e+00   1.4826147e+01   2.2343986e+00
   1.5907777e+00   1.1351572e+01   2.3827959e+00
   1.9544329e+00   1.3377927e+01   2.4742749e+00
   1.1679164e+00   9.5689974e+00   2.3006818e+00
   1.5966459e+00   1.3905480e+01   2.0328638e+00
   1.1435890e+00   1.0444040e+01   2.0617154e+00
   1.9465190e+00   1.3959864e+01   2.3997561e+00
   1.0105384e+00   1.1295564e+01   1.7484472e+00
   1.8397425e+00   1.3734206e+01   2.3100151e+00
   8.4709109e-01   1.0370321e+01   1.7425580e+00
   1.7986049e+00   1.2868843e+01   2.3707768e+00
   1.3795402e-01   1.0512554e+01   9.2558486e-01
   1.5867332e+00   1.4014085e+01   2.0114623e+00
   1.2990286e+00   1.2443252e+01   1.8868929e+00
   2.3138462e+00   1.1585227e+01   3.1519513e+00
   1.5009547e+00   1.1296579e+01   2.2926520e+00
   1.9651027e+00   1.3256918e+01   2.5007248e+00
   1.6716076e+00   1.3678302e+01   2.1365134e+00
   2.5468898e+00   1.2935466e+01   3.1788457e+00
   1.7050421e+00   1.1668771e+01   2.4527696e+00
   8.5833808e-01   1.1501797e+01   1.5469080e+00
   1.6065473e+00   1.2953289e+01   2.1519561e+00
   1.7777772e+00   1.2955853e+01   2.3366948e+00
   1.5786168e+00   1.2710411e+01   2.1535280e+00
             NaN             NaN             NaN
             NaN             NaN             NaN
   2.3577149e+00   1.2754150e+01   2.9978342e+00
   6.2674629e-01   1.2677689e+01   1.1347076e+00
   1.8274622e+00   1.3045321e+01   2.3788429e+00
   1.5588540e+00   1.5169450e+01   1.8823215e+00
   1.8201266e+00   1.4952902e+01   2.1731997e+00
   1.6658658e+00   1.2500698e+01   2.2774263e+00
   2.0461153e+00   1.4415634e+01   2.4597134e+00
   8.4891536e-01   1.1383689e+01   1.5557888e+00
   1.5392119e+00   1.3703918e+01   1.9926473e+00
   2.0527955e+00   1.2142260e+01   2.7579520e+00
   1.7779628e+00   1.2548196e+01   2.3928650e+00
   6.8617066e-01   1.0339684e+01   1.5681288e+00
   1.5372245e+00   1.5523220e+01   1.8343104e+00
   8.9772331e-01   1.1295253e+01   1.6241937e+00
   1.9989879e+00   1.4654197e+01   2.3874987e+00
   5.9630172e-02   9.9946559e+00   9.3889777e-01
   1.9429106e+00   1.5376811e+01   2.2686159e+00
   1.7827259e+00   1.3486294e+01   2.2768546e+00
   2.7623225e+00   1.4484933e+01   3.2166435e+00
   7.9863135e-01   1.0348644e+01   1.6925725e+00
   2.6904846e+00   1.4902316e+01   3.0978677e+00
   1.3664699e+00   1.1991727e+01   2.0260337e+00
   2.5610905e+00   1.4664735e+01   2.9831268e+00
   6.0132162e-01   1.0727618e+01   1.3976806e+00
             NaN             NaN             NaN
  -1.6833345e+01  -1.5047415e+01   3.0694401e+00
             NaN             NaN             NaN
  -1.5454253e+01  -1.3608654e+01   2.9462322e+00
   2.4896789e+00   1.4848352e+01   2.8895414e+00
   1.1807693e+00   1.3633365e+01   1.6191326e+00
   7.6340483e-01   1.1214993e+01   1.4900766e+00
   1.9458199e+00   1.2483862e+01   2.5859907e+00
   1.4260687e+00   1.2301711e+01   2.0448033e+00
   1.8993651e+00   1.2688656e+01   2.5052418e+00
             NaN             NaN             NaN
             NaN             NaN             NaN
   2.1815800e+00   1.2236549e+01   2.8851283e+00
   1.0973667e+00   1.2969840e+01   1.6029672e+00
   1.5475040e+00   1.2752779e+01   2.1141915e+00
   1.8009416e+00   1.4360436e+01   2.2050595e+00
             NaN             NaN             NaN
  -1.6180093e+01  -1.4134945e+01   2.3724206e+00
             NaN             NaN             NaN
             NaN             NaN             NaN
   2.0450702e+00   1.4235304e+01   2.4763661e+00
  -1.7223033e+00   7.7393159e+00  -5.2504965e-01
   2.0855736e+00   1.4682696e+01   2.4765000e+00
  -7.4416394e-02   1.0478390e+01   6.9841375e-01
   1.5493179e+00   1.3909806e+01   1.9821621e+00
   1.3415511e+00   1.1825340e+01   2.0248416e+00
   1.2445622e+00   1.3015988e+01   1.7550667e+00
  -4.7560423e-01   1.1385320e+01   1.2170951e-01
   9.7137244e-01   1.3601321e+01   1.4006083e+00
   8.5931936e-01   1.2886182e+01   1.3584486e+00
   1.7215541e+00   1.1765879e+01   2.4542088e+00
   5.4201984e-01   1.1544208e+01   1.1954290e+00
   1.6640805e+00   1.3883503e+01   2.1068034e+00
   1.1674263e+00   1.3637452e+01   1.6045715e+00
   9.9717819e-01   1.4068734e+01   1.3836732e+00
   1.0621867e+00   1.2206174e+01   1.6631852e+00
