   2.6836468e+00   1.3637740e+01   3.2310593e+00
   2.6070252e+00   1.0886934e+01   3.6460494e+00
   2.4074485e+00   1.4340473e+01   2.8520313e+00
   2.1786255e+00   1.1818415e+01   2.9548479e+00
   2.2073782e+00   1.2531636e+01   2.8662981e+00
   2.2793379e+00   1.0438006e+01   3.3753802e+00
   2.2105552e+00   1.2817282e+01   2.8269461e+00
   2.4408741e+00   9.7319870e+00   3.7767665e+00
   8.4104480e-01   7.8075700e+00   2.4817130e+00
   2.2394507e+00   1.1184032e+01   3.1505190e+00
   1.6675734e+00   1.3183089e+01   2.1890952e+00
   1.5188002e+00   1.1602245e+01   2.2575774e+00
   2.0081151e+00   1.3242131e+01   2.5490761e+00
   2.0131961e+00   1.0410073e+01   3.0699541e+00
   1.8071958e+00   1.2520187e+01   2.4288480e+00
   1.6848707e+00   1.0655458e+01   2.6317382e+00
   1.7261944e+00   1.1846396e+01   2.4456101e+00
   2.2952038e+00   1.1812425e+01   3.0869754e+00
   2.8779396e+00   1.2650934e+01   3.5911827e+00
   3.0785915e+00   1.2795071e+01   3.7912298e+00
   2.6204018e+00   1.1618823e+01   3.4942862e+00
   2.4490849e+00   1.2482132e+01   3.1415585e+00
   2.5926660e+00   1.2212956e+01   3.3479275e+00
   3.1436954e+00   1.2634601e+01   3.8922438e+00
   1.0185275e+00   7.5914613e+00   2.7955153e+00
   2.7345565e+00   1.3995131e+01   3.2419628e+00
   1.3679808e+00   1.2251098e+01   1.9888797e+00
   2.0543878e+00   1.4030768e+01   2.5073999e+00
   2.4430454e+00   1.3849765e+01   2.9445093e+00
   2.7624713e+00   1.4757807e+01   3.1886709e+00
   2.3854980e+00   1.3470204e+01   2.9287736e+00
   2.2577124e+00   1.4536363e+01   2.6728036e+00
   2.0406672e+00   1.1007504e+01   2.9612206e+00
   2.5465409e+00   1.5228418e+01   2.9156808e+00
   2.0516515e+00   1.2708243e+01   2.6688045e+00
   2.1356019e+00   1.1414470e+01   2.9839942e+00
   1.4601488e+00   1.4352353e+01   1.8457841e+00
   2.4244955e+00   1.1870678e+01   3.2217100e+00
   9.7630882e-01   8.3710184e+00   2.4397903e+00
   2.8549880e+00   1.3014665e+01   3.5068632e+00
   1.6482815e+00   1.3398865e+01   2.1428097e+00
   1.4628256e+00   1.2331295e+01   2.0805599e+00
   1.9037290e+00   1.3978857e+01   2.3521180e+00
   2.4684370e+00   1.3485146e+01   3.0168640e+00
   1.1665896e+00   1.3002179e+01   1.6732167e+00
   2.0145410e+00   1.3594154e+01   2.5132176e+00
   1.8949909e+00   1.2282424e+01   2.5610407e+00
   2.8442916e+00   1.3262246e+01   3.4580371e+00
   3.0590007e+00   1.4609729e+01   3.5217511e+00
   2.0412040e+00   1.0481867e+01   3.0846583e+00
   1.7940654e+00   9.0655756e+00   3.2031663e+00
   2.2690439e+00   1.1469500e+01   3.1243572e+00
   2.2158874e+00   1.4490680e+01   2.6327820e+00
   1.6543371e+00   1.1841569e+01   2.3668879e+00
   2.6777788e+00   1.4835961e+01   3.0907088e+00
   2.0953848e+00   1.1798551e+01   2.8651737e+00
   2.4007756e+00   1.4007357e+01   2.8809057e+00
   1.6060704e+00   1.2118949e+01   2.2689792e+00
   2.4393458e+00   1.2460884e+01   3.1342276e+00
   2.2229310e+00   1.2584495e+01   2.8752737e+00
   7.1223689e-01   7.1402461e+00   2.6009743e+00
   3.0724709e+00   1.3893477e+01   3.6213821e+00
   1.2430240e+00   1.1120581e+01   2.0376154e+00
   2.2944146e+00   1.4377244e+01   2.7276276e+00
   2.0099084e+00   1.1750099e+01   2.7782982e+00
   2.9456945e+00   1.3084183e+01   3.5965539e+00
   2.2017959e+00   1.2108650e+01   2.9291953e+00
   2.5618496e+00   1.4447854e+01   3.0059030e+00
   1.8776992e+00   1.0387751e+01   2.9174724e+00
   2.9331392e+00   1.4274561e+01   3.4236887e+00
   1.9199458e+00   1.4027519e+01   2.3643365e+00
   5.9559409e-01   7.8165600e+00   2.1732304e+00
   2.0919559e+00   1.3759237e+01   2.5773648e+00
   1.2648164e+00   7.8176401e+00   3.0146905e+00
   1.9508533e+00   1.3171272e+01   2.4961547e+00
   8.6064989e-01   7.8482951e+00   2.4902540e+00
   2.1383744e+00   1.1474366e+01   2.9751688e+00
   1.5444445e+00   8.4949797e+00   3.0978352e+00
   1.5447748e+00   1.3273482e+01   2.0464322e+00
   2.5947956e+00   1.2584865e+01   3.2866005e+00
   1.0863778e+00   1.2645379e+01   1.6307813e+00
   1.7561938e+00   1.2423807e+01   2.3872407e+00
   1.1114543e+00   1.0841118e+01   1.9439803e+00
   2.3350427e+00   1.3025382e+01   2.9334478e+00
   1.4899775e+00   1.1878143e+01   2.1795413e+00
   2.1350026e+00   1.3026516e+01   2.7150591e+00
   1.7180357e+00   1.1358922e+01   2.5239404e+00
   2.5675475e+00   1.4292256e+01   3.0284854e+00
   1.1448445e+00   1.1380480e+01   1.8820757e+00
   2.1866513e+00   1.3079163e+01   2.7641356e+00
