   2.5398894e+00   1.5961333e+01   2.8507497e+00
   1.4665744e+00   1.0300872e+01   2.4627408e+00
   1.7292611e+00   1.3360411e+01   2.2341579e+00
   1.3028087e+00   1.1670436e+01   2.0073903e+00
   1.9166576e+00   1.4060083e+01   2.3574723e+00
   1.8269311e+00   1.0953973e+01   2.7286480e+00
   1.7120840e+00   1.3751356e+01   2.1718292e+00
   1.3571922e+00   1.0670096e+01   2.2553855e+00
   1.4028451e+00   1.4295232e+01   1.7905060e+00
   1.6667127e+00   1.0916679e+01   2.5543623e+00
   1.8676927e+00   1.4395987e+01   2.2723983e+00
   1.9206501e+00   1.2312269e+01   2.5846181e+00
             NaN             NaN             NaN
  -1.5113422e+01  -1.3006158e+01   2.2565911e+00
   1.7471394e+00   1.1672660e+01   2.4989251e+00
   4.1662237e-01   1.0628064e+01   1.2117655e+00
   1.3784378e+00   1.2408039e+01   1.9778855e+00
   1.5905577e+00   1.2073850e+01   2.2589841e+00
   2.4153217e+00   1.2037769e+01   3.1804383e+00
   1.3894249e+00   1.1090668e+01   2.2068484e+00
   2.0206081e+00   1.3114382e+01   2.5790487e+00
   1.6088313e+00   1.2694745e+01   2.1883932e+00
   2.3614271e+00   1.2897978e+01   2.9805879e+00
   1.4193659e+00   1.1055844e+01   2.2471476e+00
   1.1227063e+00   1.2767722e+01   1.6544932e+00
   1.9423507e+00   1.3035135e+01   2.5045955e+00
   1.9320687e+00   1.2689706e+01   2.5407828e+00
   2.3517056e+00   1.3121824e+01   2.9382155e+00
   2.0851298e+00   1.3345482e+01   2.6193297e+00
   1.8738476e+00   1.3526465e+01   2.3699757e+00
   2.3145849e+00   1.1991540e+01   3.0758094e+00
   9.5492684e-01   1.2762433e+01   1.4752725e+00
   1.8639894e+00   1.1979115e+01   2.5759251e+00
   1.5567644e+00   1.4160936e+01   1.9654826e+00
   1.8571116e+00   1.4999432e+01   2.2082637e+00
   1.5516571e+00   1.2486941e+01   2.1550302e+00
   1.9409694e+00   1.4762818e+01   2.3165575e+00
   7.2436328e-01   1.2455399e+01   1.2661256e+00
   1.2507195e+00   1.4483166e+01   1.6141012e+00
   2.4548677e+00   1.2738734e+01   3.1072346e+00
   2.0442383e+00   1.3061713e+01   2.6116375e+00
   9.7733857e-01   1.1331720e+01   1.7056560e+00
   1.7973318e+00   1.6074386e+01   2.0685839e+00
   9.3679218e-01   1.1695078e+01   1.6021698e+00
   2.0731178e+00   1.4177434e+01   2.5121111e+00
   1.2517248e-01   9.9170638e+00   1.0280307e+00
   1.8458361e+00   1.4776296e+01   2.2150836e+00
   1.6342380e+00   1.2091669e+01   2.3041750e+00
             NaN             NaN             NaN
  -1.5880129e+01  -1.4025087e+01   2.9024056e+00
   2.1105368e+00   1.4768979e+01   2.4951099e+00
   2.0704346e+00   1.2897440e+01   2.6624692e+00
             NaN             NaN             NaN
  -1.6415237e+01  -1.4543008e+01   2.8345177e+00
             NaN             NaN             NaN
  -1.6380236e+01  -1.4438614e+01   2.6428164e+00
   2.3712088e+00   1.3175994e+01   2.9520615e+00
   1.5869075e-01   1.2547539e+01   6.5184578e-01
   2.1508333e+00   1.3432560e+01   2.6794939e+00
   1.3663387e+00   1.3187591e+01   1.8653055e+00
   9.3469230e-01   1.1915285e+01   1.5666142e+00
   2.3905068e+00   1.2701654e+01   3.0419452e+00
   1.4730521e+00   1.2034053e+01   2.1362520e+00
   2.7502736e+00   1.3243333e+01   3.3574411e+00
   1.8709431e+00   1.1970329e+01   2.5851047e+00
   2.1078832e+00   1.2134674e+01   2.8203378e+00
   2.1774815e+00   1.1147363e+01   3.0874691e+00
   1.5087236e+00   1.2662504e+01   2.0842531e+00
   1.3722349e+00   1.1396932e+01   2.1310263e+00
   1.9259298e+00   1.3590748e+01   2.4184506e+00
   2.1523023e+00   1.4607041e+01   2.5541698e+00
   3.4698396e-02   1.0828831e+01   7.5715776e-01
   1.7209647e+00   1.4495301e+01   2.1080940e+00
  -3.0607399e-01   1.0577144e+01   4.2811262e-01
   2.0459467e+00   1.3177946e+01   2.5982428e+00
  -1.0616776e+00   1.0140918e+01  -3.1797545e-01
   1.8909478e+00   1.3872583e+01   2.3497259e+00
   2.9771244e-01   1.1881735e+01   8.8309324e-01
   1.2095672e+00   1.3801466e+01   1.6328233e+00
   1.7823387e+00   1.2088418e+01   2.4677251e+00
   1.2349810e+00   1.2799534e+01   1.7711494e+00
  -5.4348975e-01   1.1445746e+01   4.0953571e-02
             NaN             NaN             NaN
  -1.5784802e+01  -1.3294063e+01   1.3086260e+00
             NaN             NaN             NaN
  -1.4266340e+01  -1.2255881e+01   2.5519016e+00
   1.3550396e+00   1.2273354e+01   1.9715771e+00
   1.1132838e+00   1.2750348e+01   1.6465299e+00
   8.5388488e-01   1.3067644e+01   1.3320878e+00
   1.1079441e+00   1.1371069e+01   1.8429481e+00
