   2.4985938e+00   1.5075203e+01   2.8783520e+00
   8.6464622e-01   1.1506998e+01   1.5529771e+00
   1.9851474e+00   1.5039539e+01   2.3396057e+00
   6.6119245e-01   1.1445211e+01   1.3404927e+00
   2.4173791e+00   1.4435125e+01   2.8528963e+00
   2.1938106e+00   1.4425775e+01   2.6156605e+00
   2.1956924e+00   1.5079398e+01   2.5580194e+00
   1.4567459e+00   1.2968649e+01   1.9886084e+00
   4.1375311e-01   1.0645944e+01   1.2052962e+00
   1.1505573e+00   1.1726114e+01   1.8311176e+00
   1.7936361e+00   1.3378505e+01   2.3011698e+00
   1.7277295e+00   1.2319975e+01   2.3715976e+00
   1.8404413e+00   1.1295880e+01   2.6738204e+00
   2.9942671e-01   1.1142701e+01   9.9427765e-01
   1.4006528e+00   1.2796189e+01   1.9499301e+00
   1.3424197e+00   1.2791892e+01   1.8877224e+00
   1.7169573e+00   1.1980265e+01   2.4131350e+00
   1.0258721e+00   1.2343718e+01   1.6050169e+00
   2.0839544e+00   1.4840985e+01   2.4606375e+00
   1.1765553e+00   1.1674477e+01   1.8679116e+00
   2.1247890e+00   1.2711945e+01   2.7483418e+00
   2.0166235e+00   1.6879283e+01   2.2489307e+00
   2.9958991e+00   1.3536287e+01   3.5856191e+00
   2.0093171e+00   1.4768033e+01   2.3882418e+00
  -8.6875731e-02   9.8813792e+00   7.9908622e-01
   1.3402088e+00   1.3882390e+01   1.7631706e+00
   1.2199543e+00   1.0740018e+01   2.0859101e+00
   2.3904524e+00   1.3468078e+01   2.9344182e+00
   2.3154097e+00   1.2167306e+01   3.0457286e+00
   7.5682134e-01   1.3091432e+01   1.2262987e+00
   1.7145779e+00   1.1877765e+01   2.4274691e+00
   1.6143508e+00   1.5052007e+01   1.9493704e+00
   2.0616136e+00   1.2378951e+01   2.7294511e+00
   6.3982591e-01   1.3328261e+01   1.0774777e+00
   1.3928730e+00   1.1790894e+01   2.0868130e+00
   1.4560615e+00   1.3128250e+01   1.9684495e+00
   1.2551764e+00   1.1409659e+01   1.9990137e+00
   7.2348911e-01   1.2661637e+01   1.2398805e+00
   1.0403105e+00   1.2431062e+01   1.6089303e+00
   1.3972887e+00   1.4246617e+01   1.7890466e+00
   1.6894864e+00   1.3040680e+01   2.2303694e+00
   1.9961765e+00   1.3584479e+01   2.4946103e+00
   1.6512744e+00   1.1310077e+01   2.4583471e+00
   7.7133086e-01   1.2749405e+01   1.2805377e+00
   1.4806839e+00   1.3268590e+01   1.9783301e+00
   1.3115646e+00   1.3865420e+01   1.7345069e+00
   2.0402422e+00   1.3745924e+01   2.5233957e+00
   1.2198302e+00   1.2553545e+01   1.7864145e+00
   3.1221845e+00   1.5872554e+01   3.4699799e+00
   1.1733661e+00   1.3843336e+01   1.5904490e+00
   1.7193318e+00   1.2404753e+01   2.3497459e+00
   1.7070480e+00   1.3578193e+01   2.1853822e+00
   1.9931379e+00   1.3414736e+01   2.5115169e+00
   1.6070804e+00   1.1995045e+01   2.2896301e+00
   2.2529580e+00   1.1605895e+01   3.0789009e+00
   4.2100819e-01   1.1837041e+01   1.0219233e+00
   1.9179849e+00   1.2613324e+01   2.5363906e+00
   1.2417648e+00   1.4366000e+01   1.6146976e+00
   2.5415691e+00   1.2324844e+01   3.2710135e+00
   1.0772823e+00   1.3575845e+01   1.5152937e+00
  -7.7549348e-01   8.6535967e+00   3.0551224e-01
   1.8971138e+00   1.4698034e+01   2.2759668e+00
   1.8596109e-01   9.4814681e+00   1.1930713e+00
   2.6417138e+00   1.3893244e+01   3.1538017e+00
   1.5917920e+00   1.0494028e+01   2.5616739e+00
   1.2034100e+00   1.2597561e+01   1.7629265e+00
   1.2344702e+00   1.0784947e+01   2.0931397e+00
   2.2418999e+00   1.5959356e+01   2.5391951e+00
   9.2867219e-01   1.0221879e+01   1.8665978e+00
   1.2546234e+00   1.3256315e+01   1.7380460e+00
   1.8603277e+00   1.3161957e+01   2.3994920e+00
   5.5879385e-02   1.0033300e+01   9.2688048e-01
   1.9281201e+00   1.1207801e+01   2.7906338e+00
  -1.1333188e+00   8.9897069e+00  -1.7307922e-01
   1.6075623e+00   1.2620643e+01   2.1971432e+00
  -4.5461618e-02   1.1012105e+01   6.4011845e-01
   2.3065345e+00   1.2141495e+01   3.0402936e+00
  -4.1793529e-01   1.0111980e+01   3.8842654e-01
   1.4641625e+00   1.0870933e+01   2.3345322e+00
   6.1490270e-01   1.2519191e+01   1.1410551e+00
   8.9325612e-01   1.2203354e+01   1.4808700e+00
   8.1760414e-01   1.2428055e+01   1.3696483e+00
   7.6266556e-01   1.0860225e+01   1.5519313e+00
   3.5432320e-01   1.2096305e+01   9.1537804e-01
   1.1445761e+00   1.1456084e+01   1.8688577e+00
   1.5785843e+00   1.3698360e+01   2.0351691e+00
   1.7933866e+00   1.2496932e+01   2.4171515e+00
   6.2875761e-01   1.1912022e+01   1.2356004e+00
   9.6694549e-01   1.2704895e+01   1.4951561e+00
   4.1026146e-01   1.1917358e+01   9.9927669e-01
