   2.0908553e+00   1.3957549e+01   2.5542053e+00
   2.0454926e+00   1.0157919e+01   3.1738493e+00
   1.9046333e+00   1.2473503e+01   2.5423823e+00
   1.4953898e+00   1.1350023e+01   2.2765597e+00
   1.4674351e+00   1.1927452e+01   2.1468434e+00
   2.4292337e+00   1.1628411e+01   3.2743251e+00
   1.9693053e+00   1.2624050e+01   2.5909549e+00
   2.0757711e+00   9.7395751e+00   3.3297708e+00
   8.8643956e-01   8.1184521e+00   2.4199214e+00
   1.7430584e+00   1.0773639e+01   2.6720452e+00
   1.3211746e+00   1.1807856e+01   2.0052608e+00
   7.9950013e-01   1.0898086e+01   1.5857959e+00
   1.8407393e+00   1.2183751e+01   2.5168540e+00
   1.4146970e+00   9.7998092e+00   2.5277529e+00
   1.3994412e+00   1.0379913e+01   2.3673430e+00
   9.0222886e-01   1.0051175e+01   1.8748428e+00
   1.5587786e+00   1.0907466e+01   2.4339734e+00
   1.6549043e+00   1.0307636e+01   2.6784830e+00
   2.4470742e+00   1.1265515e+01   3.3711729e+00
   2.2818608e+00   1.2728749e+01   2.9182275e+00
   2.0035684e+00   1.1194853e+01   2.8789634e+00
   2.5283469e+00   1.5322012e+01   2.8885027e+00
   2.6899109e+00   1.1460108e+01   3.6080952e+00
   2.4944592e+00   1.2062604e+01   3.2648134e+00
   1.2749413e+00   7.6705992e+00   3.0916646e+00
   2.2800613e+00   1.4316540e+01   2.7185025e+00
   1.4702562e+00   1.0089957e+01   2.5180559e+00
   1.3253593e+00   1.2583118e+01   1.8964806e+00
   2.3119628e+00   1.2432284e+01   2.9976061e+00
   2.0523301e+00   1.3117303e+01   2.6130712e+00
   1.9880540e+00   1.1187041e+01   2.8629471e+00
   1.3803579e+00   1.3809706e+01   1.8129457e+00
   2.1169640e+00   1.0319049e+01   3.2152091e+00
   1.9577019e+00   1.3383303e+01   2.4771444e+00
   1.7397929e+00   1.1520403e+01   2.5181587e+00
   2.5157070e+00   1.2903660e+01   3.1492707e+00
   2.2778956e+00   1.3615939e+01   2.7942585e+00
   1.4792947e+00   1.0629739e+01   2.4027070e+00
   1.0883434e+00   8.4058637e+00   2.5647988e+00
   2.3380379e+00   1.2353910e+01   3.0393578e+00
   1.6984739e+00   1.1857436e+01   2.4130572e+00
   1.0078700e+00   1.1793179e+01   1.6646249e+00
   2.1906606e+00   1.3949932e+01   2.6618806e+00
   1.8576478e+00   1.2213305e+01   2.5307970e+00
   1.8046288e+00   1.1821422e+01   2.5368718e+00
   1.2173842e+00   1.1448853e+01   1.9504474e+00
   2.0020816e+00   1.1365092e+01   2.8426754e+00
   2.0124583e+00   1.0911019e+01   2.9501835e+00
   2.8050212e+00   1.4259272e+01   3.2873053e+00
   1.9488340e+00   1.0730162e+01   2.9180015e+00
   1.6052844e+00   8.9411930e+00   3.0135638e+00
   1.8439820e+00   1.0899074e+01   2.7599201e+00
   1.9427607e+00   1.2225270e+01   2.6227258e+00
   9.8981529e-01   1.0739433e+01   1.8277956e+00
   2.3957480e+00   1.3505186e+01   2.9354408e+00
   1.5665181e+00   1.1135150e+01   2.3969315e+00
   1.9578731e+00   1.1626369e+01   2.7427131e+00
   8.7365545e-01   1.0981644e+01   1.6527054e+00
             NaN             NaN             NaN
  -1.3212575e+01  -1.1379630e+01   3.1028141e+00
   8.1786580e-01   7.2031678e+00   2.7091433e+00
   2.5038332e+00   1.3552134e+01   3.0467037e+00
   1.2013239e+00   9.7315048e+00   2.2967641e+00
   1.5666723e+00   1.2583784e+01   2.1578259e+00
   1.8915161e+00   1.1099256e+01   2.7714795e+00
   2.1879500e+00   1.1585059e+01   3.0094756e+00
   1.7011522e+00   9.9374564e+00   2.8271043e+00
   1.8024986e+00   1.2583196e+01   2.4146086e+00
   1.6704771e+00   9.8736412e+00   2.8082254e+00
   2.3240859e+00   1.2331975e+01   3.0274985e+00
   1.6927931e+00   1.2083268e+01   2.3698981e+00
   2.1247713e-01   7.8675782e+00   1.6872962e+00
   2.0710638e+00   1.2760181e+01   2.6825427e+00
   8.8996642e-01   7.9362703e+00   2.4927245e+00
   1.6878851e+00   1.1126400e+01   2.5353547e+00
   3.2923822e-01   7.8115547e+00   1.8486342e+00
   1.9125817e+00   1.0432570e+01   2.9469892e+00
   9.9058340e-01   7.9949229e+00   2.5956466e+00
   1.3253814e+00   1.2403284e+01   1.9209754e+00
   1.6170432e+00   1.1058242e+01   2.4690861e+00
   7.5657868e-01   1.1448589e+01   1.4441314e+00
   5.9343413e-01   1.1058262e+01   1.3299989e+00
   9.2154232e-01   1.0154049e+01   1.8735558e+00
   1.4179314e+00   1.1082307e+01   2.2404030e+00
   1.2041901e+00   9.8565637e+00   2.2681461e+00
   1.1307044e+00   1.1180103e+01   1.9017795e+00
   1.6852615e+00   1.0605693e+01   2.6434186e+00
   1.5982596e+00   1.2056196e+01   2.2702185e+00
   1.1345088e+00   1.0978179e+01   1.9433719e+00
   1.5092545e+00   1.1211761e+01   2.3178985e+00
