  -3.2132846e+00  -7.2426324e-01   3.7770192e+00
  -2.0068387e+00   7.2879099e-01   3.9578569e+00
  -3.0587374e+00  -6.0517596e-01   3.9137344e+00
  -1.8316804e+00   1.0192652e+00   3.8745456e+00
  -2.6215330e+00   3.1251798e-01   3.3232300e+00
  -2.7758009e+00   4.3588794e-03   3.4856416e+00
  -2.4285115e+00   2.2166982e-01   3.8753696e+00
  -2.6335205e+00  -7.4943601e-03   3.8124333e+00
  -3.0247177e+00  -1.1945669e-01   3.1636638e+00
  -2.8542235e+00   2.6351938e-01   2.9317662e+00
  -3.0726258e+00   7.2721940e-02   2.7807907e+00
  -3.2159398e+00  -2.5975956e-01   2.9912843e+00
  -3.3999119e+00  -8.6254699e-01   3.6041421e+00
  -2.0816576e+00   9.3218753e-01   3.4942694e+00
  -3.1751671e+00  -1.7985993e-01   2.9513385e+00
  -2.6490999e+00   3.7533395e-01   3.1737984e+00
  -3.1836973e+00  -6.0325651e-01   3.6261244e+00
  -2.1132857e+00   8.8410054e-01   3.5006747e+00
  -2.9715584e+00  -7.6994880e-01   4.4455970e+00
  -1.6804996e+00   9.0236564e-01   4.3864536e+00
  -2.1393770e+00   4.1274934e-01   4.1920236e+00
  -2.8011827e+00  -4.8266711e-01   4.2907021e+00
  -1.8038604e+00   5.3535232e-01   4.7513877e+00
  -2.4270076e+00  -1.8041750e-01   4.6120222e+00
  -2.7459106e+00   7.0978171e-02   3.4417731e+00
  -2.5812190e+00   3.6691722e-02   3.8524692e+00
  -2.7311108e+00   1.6800696e-01   3.3204015e+00
  -2.3365674e+00   4.4685263e-01   3.7057397e+00
  -3.2761816e+00  -9.0995275e-01   3.9796879e+00
  -1.7858379e+00   9.8352191e-01   4.0258798e+00
  -2.9138720e+00  -4.5755263e-02   3.2766620e+00
  -2.6453853e+00   1.5262423e-01   3.5227762e+00
  -3.1873298e+00  -7.8397083e-01   3.9486816e+00
  -1.8566695e+00   1.0188258e+00   3.8234489e+00
  -1.5622611e+00   1.4790484e+00   3.7506867e+00
  -3.8714167e+00  -1.4813652e+00   3.6765523e+00
  -1.3697186e+00   1.4638253e+00   4.1646096e+00
  -3.2097744e+00  -9.7005227e-01   4.2603212e+00
  -2.1705767e+00   1.0906273e+00   3.1016588e+00
  -3.1545483e+00  -4.5377240e-01   3.4321501e+00
  -1.9867216e+00   1.4511020e+00   2.9794704e+00
  -3.8831298e+00  -1.1936189e+00   3.1215453e+00
  -3.2016873e+00  -5.6503264e-01   3.5194555e+00
  -2.6631195e+00   1.4035322e-01   3.5050426e+00
  -2.1702345e+00   9.5294968e-01   3.2899517e+00
  -3.5265576e+00  -7.4312066e-01   3.1208477e+00
  -2.7731205e+00  -4.3393954e-02   3.5691898e+00
  -2.4264528e+00   4.3309415e-01   3.5391712e+00
  -1.7185170e+00   8.4192518e-01   4.4033886e+00
  -3.2893202e+00  -1.0873771e+00   4.3029472e+00
  -2.3090487e+00   9.9073045e-01   2.9729924e+00
  -3.5011469e+00  -8.6186999e-01   3.3774392e+00
  -2.2944624e+00   8.8267366e-01   3.1465234e+00
  -3.4224103e+00  -8.1282141e-01   3.4650652e+00
  -2.9487789e+00  -4.3097817e-01   3.8482334e+00
  -2.3593555e+00   3.4245825e-01   3.8254753e+00
  -2.4453794e+00   6.4477010e-01   3.1863822e+00
  -3.3125066e+00  -6.1303539e-01   3.3602206e+00
  -2.8790408e+00  -2.2985873e-01   3.6518998e+00
  -2.4270403e+00   3.2718930e-01   3.7051657e+00
  -3.1846557e+00  -2.9070035e-01   3.1032736e+00
  -2.4342267e+00   1.0272784e+00   2.6943292e+00
  -3.2904484e+00  -4.1085898e-01   3.0752047e+00
  -2.8665564e+00   4.8077687e-01   2.6075536e+00
  -3.7947489e+00  -1.3974380e+00   3.6944922e+00
  -1.5493691e+00   1.6097171e+00   3.5966724e+00
  -3.2078287e+00  -2.7879352e-01   3.0372192e+00
  -2.4812375e+00   4.5500834e-01   3.3931531e+00
  -3.7370735e+00  -1.3021768e+00   3.6466918e+00
  -1.5673905e+00   1.5692295e+00   3.6163388e+00
  -2.5203262e+00   7.9063648e-01   2.8417340e+00
  -3.7684537e+00  -8.1113415e-01   2.7302576e+00
  -2.8337420e+00  -1.2717489e-01   3.5774939e+00
  -2.5512496e+00   2.9342574e-01   3.4973073e+00
  -2.5169937e+00   5.5130484e-01   3.1794617e+00
  -3.4321226e+00  -6.0626460e-01   3.0948040e+00
  -2.9073098e+00  -1.3762015e-01   3.4373720e+00
  -2.6731108e+00   2.3188378e-01   3.3410170e+00
  -3.8709371e+00  -1.1788829e+00   3.1224062e+00
  -2.0269015e+00   1.2728255e+00   3.1324115e+00
  -3.4260503e+00  -4.5102082e-01   2.8614716e+00
  -2.7827156e+00   3.3329872e-01   2.9712294e+00
  -3.9402783e+00  -1.2673075e+00   3.1257924e+00
  -1.9939748e+00   1.3220416e+00   3.1301128e+00
  -2.9048504e+00   1.9224162e-01   2.9356009e+00
  -2.5859963e+00   5.1608937e-01   3.0943345e+00
  -3.9377836e+00  -1.3772572e+00   3.3276061e+00
  -1.9376589e+00   1.2315076e+00   3.3574337e+00
  -3.9702793e+00  -1.4614054e+00   3.4091754e+00
  -1.7752314e+00   1.4418924e+00   3.3865691e+00
