   2.2385093e+00   1.3593203e+01   2.7545044e+00
   9.0185892e-01   8.8160103e+00   2.2035566e+00
   2.2031682e+00   1.5469302e+01   2.5344278e+00
   8.8530234e-01   1.0747553e+01   1.7094977e+00
   2.0442429e+00   1.2735697e+01   2.6567388e+00
   2.0959560e+00   1.1155564e+01   2.9924864e+00
   1.4602934e+00   1.2962526e+01   1.9931859e+00
   2.2649332e+00   1.1069180e+01   3.2051223e+00
   9.9676504e-01   1.2748906e+01   1.5217281e+00
   1.3478060e+00   1.0611274e+01   2.2572736e+00
   1.8691695e+00   1.4421377e+01   2.2715763e+00
   2.1473985e+00   1.1305760e+01   3.0195862e+00
   1.6899220e+00   1.2222585e+01   2.3449786e+00
   5.9871061e-01   1.0234801e+01   1.4917666e+00
   1.6630622e+00   1.2430618e+01   2.2844836e+00
   1.1678334e+00   1.0002983e+01   2.1901074e+00
   1.3904867e+00   1.1734299e+01   2.0934430e+00
   1.2630180e+00   1.2227936e+01   1.8780280e+00
   2.7594263e+00   1.4722946e+01   3.1889118e+00
   1.2966089e+00   1.0061416e+01   2.3242876e+00
   1.7847041e+00   1.2283971e+01   2.4395667e+00
   1.9888621e+00   1.2192812e+01   2.6788720e+00
   2.0604419e+00   1.3030253e+01   2.6334467e+00
   3.0126257e+00   1.2507050e+01   3.7674155e+00
   5.5277772e-01   1.1691887e+01   1.1850594e+00
   1.7200043e+00   1.2662305e+01   2.3135763e+00
   2.1119980e+00   1.2611889e+01   2.7491384e+00
   2.8711158e+00   1.2813103e+01   3.5566738e+00
   2.0714303e+00   1.2419371e+01   2.7339438e+00
   1.5324938e+00   1.2388033e+01   2.1482686e+00
   1.8387089e+00   1.2108028e+01   2.5267516e+00
   1.8688694e+00   1.2712023e+01   2.4686884e+00
   1.5065655e+00   1.1396619e+01   2.2805033e+00
   1.3415244e+00   1.3082406e+01   1.8510774e+00
   1.8960566e+00   1.3649918e+01   2.3796719e+00
   1.8845149e+00   1.2300332e+01   2.5467197e+00
   1.7034449e+00   1.4612233e+01   2.0792425e+00
   2.3088150e+00   1.2564375e+01   2.9730995e+00
   1.2269200e+00   1.3874779e+01   1.6440284e+00
   1.8181671e+00   1.2665479e+01   2.4199913e+00
             NaN             NaN             NaN
  -1.6083127e+01  -1.4106055e+01   2.5571764e+00
             NaN             NaN             NaN
  -1.4082195e+01  -1.1995942e+01   2.3653335e+00
             NaN             NaN             NaN
  -1.5631747e+01  -1.3639120e+01   2.5331686e+00
   1.9201482e+00   1.3777892e+01   2.3912049e+00
   1.3761374e+00   1.1747393e+01   2.0754879e+00
   2.3154425e+00   1.3764428e+01   2.8170379e+00
   2.1376076e+00   1.2435347e+01   2.8043944e+00
   2.0459091e+00   1.3358469e+01   2.5753411e+00
   1.8268940e+00   1.2377510e+01   2.4715968e+00
   2.3144616e+00   1.4903250e+01   2.6987925e+00
   2.0670842e+00   1.1430509e+01   2.9032026e+00
   2.3067547e+00   1.2666738e+01   2.9549973e+00
   5.2389182e-01   1.1232489e+01   1.2246878e+00
   2.1275062e+00   1.2442136e+01   2.7921909e+00
   1.0873928e+00   1.2651546e+01   1.6310919e+00
   2.1740641e+00   1.2332084e+01   2.8611383e+00
   1.2188724e+00   1.2850468e+01   1.7475295e+00
  -2.2046212e-01   1.0035439e+01   6.2030525e-01
   2.0491282e+00   1.3209319e+01   2.5976438e+00
   1.0124536e+00   1.1641572e+01   1.6932792e+00
   3.1798873e+00   1.3763290e+01   3.7560719e+00
   9.2406365e-01   9.9227472e+00   1.9296119e+00
   1.7447059e+00   1.1904765e+01   2.4562899e+00
   1.4283557e+00   1.0580968e+01   2.3553710e+00
   2.3035444e+00   1.3555823e+01   2.8293049e+00
   7.6983006e-01   1.0224545e+01   1.6864313e+00
   1.8812491e+00   1.3488606e+01   2.3823324e+00
   2.1934863e+00   1.4565710e+01   2.6017647e+00
   8.1999962e-01   1.0709986e+01   1.6439424e+00
   1.8290199e+00   1.2681144e+01   2.4296098e+00
  -4.2251162e-01   1.0213484e+01   3.6476744e-01
             NaN             NaN             NaN
  -1.4522946e+01  -1.2497840e+01   2.4992563e+00
   2.0000088e+00   1.2421205e+01   2.6550427e+00
   4.9976931e-01   1.2222802e+01   1.0549345e+00
   1.3652465e+00   1.2297383e+01   1.9792282e+00
   1.1972629e+00   1.1401365e+01   1.9363932e+00
   9.4355753e-01   1.2300718e+01   1.5219634e+00
   8.1471134e-01   9.9601850e+00   1.7960686e+00
   6.7118584e-01   1.1718616e+01   1.3095054e+00
   5.5503228e-01   1.0918053e+01   1.3121221e+00
   1.3160214e+00   1.1187499e+01   2.1065454e+00
   1.5974625e+00   1.1666576e+01   2.3336692e+00
   1.2024029e+00   1.1760537e+01   1.8824797e+00
   1.1522313e+00   1.1798385e+01   1.8215587e+00
   7.4562804e-01   1.2076064e+01   1.3389513e+00
   1.0063610e+00   1.1481597e+01   1.7124851e+00
