   2.8076454e+00   1.6447203e+01   3.0970040e+00
   1.1742080e+00   1.0581997e+01   2.0669855e+00
   2.2017149e+00   1.3576633e+01   2.7168119e+00
   1.4203208e+00   1.1204355e+01   2.2198102e+00
   1.9271025e+00   1.3742577e+01   2.4025483e+00
   1.7828168e+00   1.1685573e+01   2.5363666e+00
   2.0917999e+00   1.3930082e+01   2.5581988e+00
   2.0896470e+00   1.0237006e+01   3.2047556e+00
   1.6904597e+00   1.1670565e+01   2.4362401e+00
   1.2327605e+00   1.0236259e+01   2.2095807e+00
   1.9172708e+00   1.3656265e+01   2.4016895e+00
   7.6943911e-01   1.0181875e+01   1.6951939e+00
   1.9319892e+00   1.3842465e+01   2.3968136e+00
   1.2631189e+00   1.0875959e+01   2.1071279e+00
   1.7061699e+00   1.2950281e+01   2.2599505e+00
   3.7040887e-01   1.1214475e+01   1.0601046e+00
   1.7648615e+00   1.4017276e+01   2.2003091e+00
   1.8350685e+00   1.3185934e+01   2.3692148e+00
   2.7666486e+00   1.1953814e+01   3.5931751e+00
   1.9160141e+00   1.1363222e+01   2.7458285e+00
   1.8191015e+00   1.1582864e+01   2.5953679e+00
   1.9353645e+00   1.4607022e+01   2.3245036e+00
   2.4235465e+00   1.3392793e+01   2.9800784e+00
   2.3508440e+00   1.2891747e+01   2.9698874e+00
   1.3638011e+00   9.7405679e+00   2.4839247e+00
   1.6660839e+00   1.2545230e+01   2.2713223e+00
   1.6873706e+00   1.1914682e+01   2.3912422e+00
   1.4688394e+00   1.2036991e+01   2.1311779e+00
   2.0723620e+00   1.3378302e+01   2.6014499e+00
   2.1641850e+00   1.4616992e+01   2.5658362e+00
   2.2678004e+00   1.2170899e+01   2.9920430e+00
   7.1858630e-01   1.3362072e+01   1.1573144e+00
   1.9191846e+00   1.1982907e+01   2.6364767e+00
   2.0206650e+00   1.5668055e+01   2.3285395e+00
   1.5659851e+00   1.2484746e+01   2.1709273e+00
   2.0066347e+00   1.2762671e+01   2.6117979e+00
   1.6698135e+00   1.4559927e+01   2.0483791e+00
   1.4556998e+00   1.1592216e+01   2.1893926e+00
   1.7132460e+00   1.1835968e+01   2.4330309e+00
   1.9774705e+00   1.1929208e+01   2.7103988e+00
   1.7658541e+00   1.2188648e+01   2.4336484e+00
   6.9304042e-01   1.0257450e+01   1.5929683e+00
   1.8713407e+00   1.3931027e+01   2.3226022e+00
   1.3084357e+00   1.1570999e+01   2.0301964e+00
             NaN             NaN             NaN
  -1.6016413e+01  -1.3915229e+01   2.2331535e+00
   1.9425799e+00   1.4063524e+01   2.3847303e+00
   2.2624522e+00   1.4324613e+01   2.6988968e+00
   2.8786222e+00   1.5055119e+01   3.2835677e+00
   1.7975933e+00   1.1178494e+01   2.6488065e+00
   2.6654258e+00   1.3322305e+01   3.2533216e+00
   1.3306691e+00   1.1289819e+01   2.1040826e+00
   2.3998889e+00   1.3981576e+01   2.8828601e+00
   5.8611695e-01   1.0324482e+01   1.4591698e+00
   2.6793270e+00   1.4658600e+01   3.1098573e+00
   1.1201994e+00   1.1214567e+01   1.8839376e+00
   2.4871169e+00   1.3356583e+01   3.0540261e+00
   1.6194602e-01   1.2131214e+01   7.0511710e-01
   2.5333296e+00   1.4643442e+01   2.9556466e+00
   1.8486584e+00   1.4151354e+01   2.2759041e+00
   1.2044155e+00   9.3386953e+00   2.4073705e+00
   1.9493029e+00   1.2168003e+01   2.6391760e+00
   6.8982992e-01   1.0102144e+01   1.6226363e+00
   1.6445742e+00   1.1976467e+01   2.3339144e+00
   1.8419070e+00   1.2200699e+01   2.5154536e+00
   2.2799595e+00   1.3714295e+01   2.7847206e+00
   2.1325380e+00   1.1902787e+01   2.8879621e+00
   1.2728722e+00   1.4101589e+01   1.6711037e+00
   1.5268771e+00   1.1206527e+01   2.3386389e+00
   2.3286488e+00   1.5347121e+01   2.6759539e+00
   1.8307302e+00   1.3482986e+01   2.3287419e+00
  -1.2032292e+00   5.5419869e+00   8.9834007e-01
   1.7130373e+00   1.3622499e+01   2.1868675e+00
  -4.5618411e-01   6.6689444e+00   1.3266526e+00
   1.8887244e+00   1.3799564e+01   2.3552326e+00
  -1.3880746e+00   6.3627130e+00   3.1270856e-01
   2.2075042e+00   1.4036268e+01   2.6704901e+00
   5.9317004e-01   9.2467840e+00   1.7178274e+00
   1.7922044e+00   1.3392515e+01   2.2979738e+00
   1.7065757e+00   1.2233828e+01   2.3615228e+00
             NaN             NaN             NaN
  -1.4203541e+01  -1.1848656e+01   1.7024852e+00
   1.0460911e+00   1.2252095e+01   1.6393736e+00
   1.2241144e+00   1.2980408e+01   1.7373978e+00
   1.6489731e+00   1.1393094e+01   2.4401438e+00
   7.0314835e-01   1.2311094e+01   1.2617849e+00
   1.6703994e+00   1.2440385e+01   2.2910713e+00
   1.7312354e+00   1.4369281e+01   2.1304719e+00
   1.0693513e+00   1.3141843e+01   1.5532790e+00
   1.5710549e+00   1.3284576e+01   2.0733097e+00
