  -6.5950259e-01   5.2708365e+00   1.7501595e+00
  -8.2730982e-01   7.9486260e+00   4.3627109e-01
  -8.9406186e-01   8.3578623e+00   2.4685031e-01
  -1.0050300e+00   5.9469994e+00   9.5745949e-01
   9.1596433e-01   1.2308771e+01   1.4911214e+00
  -8.1177775e-01   8.6435324e+00   2.6707295e-01
   1.0830422e+00   1.1606520e+01   1.7762636e+00
  -1.4980292e+00   9.9768036e+00  -7.6118232e-01
  -1.6281422e-01   9.5009960e+00   7.9550930e-01
  -1.1063773e+00   7.1747300e+00   3.5357662e-01
   6.2744505e-01   1.0657847e+01   1.4397291e+00
  -2.1013056e-01   8.3692119e+00   1.0285329e+00
  -1.0334726e-02   8.5293940e+00   1.2147113e+00
  -1.5857877e+00   6.3535280e+00   7.9665726e-02
  -1.5131276e+00   5.7392243e+00   4.1957120e-01
  -1.5111042e-01   8.4629342e+00   1.0701926e+00
   5.0644402e-01   1.0032072e+01   1.4310944e+00
  -1.1254649e+00   9.1261146e+00  -1.9391611e-01
  -1.4735687e-01   1.0342527e+01   6.4292756e-01
   3.4183077e-01   5.8388668e+00   2.7868323e+00
   2.9032642e-01   9.8377416e+00   1.2301590e+00
  -1.1546849e+00   5.8592451e+00   8.1023301e-01
   7.0661613e-01   9.0009333e+00   1.9176180e+00
  -1.4188397e+00   6.7084607e+00   1.4696903e-01
  -6.0056921e-01   8.1746786e+00   6.3256611e-01
  -5.2812936e-01   7.4743735e+00   9.3550042e-01
  -3.4138302e-02   1.0034790e+01   8.2662063e-01
   3.1872120e-01   6.6775794e+00   2.3063828e+00
   2.1435266e-01   1.1384953e+01   8.6414924e-01
  -1.2315186e+00   6.6555065e+00   3.8882338e-01
             NaN             NaN             NaN
  -9.4358871e+00  -6.1009335e+00   3.2643489e-01
   6.9742864e-01   1.0426293e+01   1.5630582e+00
  -6.4167634e-01   6.8807802e+00   1.0140112e+00
  -5.1487882e-01   9.0729602e+00   4.9787484e-01
  -1.9659503e+00   5.7480062e+00  -1.3549472e-01
   3.4502613e-01   9.8419295e+00   1.2908123e+00
  -2.8346631e+00   4.8011294e+00  -7.7118314e-01
  -2.6876463e-01   9.4239205e+00   6.9391036e-01
  -9.9392473e-01   6.0716063e+00   9.1536943e-01
   2.9095299e-01   9.9383731e+00   1.2090961e+00
  -1.0240243e-01   6.9387460e+00   1.6542767e+00
   2.8339611e-01   9.1696272e+00   1.3807098e+00
  -1.7615904e+00   5.4609235e+00   2.3815981e-01
  -1.0128304e+00   7.6220322e+00   3.1934589e-01
  -2.4005361e-01   6.7298765e+00   1.5702134e+00
   4.0555039e-01   1.0837663e+01   1.1617741e+00
  -3.2637399e-01   7.8293723e+00   1.0569745e+00
             NaN             NaN             NaN
  -1.3568985e+01  -1.1537758e+01   2.5397063e+00
   8.7148958e-01   1.2640145e+01   1.4008228e+00
   2.5519214e-01   1.0619122e+01   1.0353020e+00
   9.9614891e-01   1.1871477e+01   1.6399800e+00
   2.1218939e-01   7.8816864e+00   1.6820539e+00
   4.7512037e-01   1.0353275e+01   1.3294195e+00
  -1.1446289e+00   6.9268481e+00   3.9379470e-01
  -8.1019240e-01   7.7656030e+00   5.1056160e-01
   2.0793852e-01   9.9963254e+00   1.1039364e+00
   1.0117803e+00   1.2171965e+01   1.6133820e+00
  -9.5390767e-01   8.0980030e+00   2.4866126e-01
  -1.4505514e+00   8.8381619e+00  -4.9053453e-01
  -4.3192337e-01   9.7820747e+00   4.3670837e-01
  -5.6020546e-01   1.0435527e+01   1.7569785e-01
  -6.1768081e-03   8.6342460e+00   1.1899352e+00
  -5.2735061e-01   9.7778395e+00   3.3220063e-01
  -1.0208825e+00   7.7942281e+00   2.5841189e-01
  -1.2907213e+00   7.3472411e+00   8.2580120e-02
   2.5262306e-01   8.6111109e+00   1.4979228e+00
  -2.4711814e-01   1.0616695e+01   4.8562604e-01
  -1.0897581e+00   8.5538490e+00  -2.3523053e-02
   6.7521714e-01   1.1097944e+01   1.4130885e+00
   4.7358940e-02   8.7287828e+00   1.2257315e+00
   8.3033151e-01   1.1041112e+01   1.5940496e+00
  -1.3894995e+00   8.5141680e+00  -3.4901671e-01
  -1.1349976e+00   6.4949595e+00   5.6605394e-01
   2.0390833e-01   9.9627072e+00   1.1064597e+00
   1.1174317e+00   1.1784689e+01   1.7856248e+00
  -9.6252306e-01   9.4463476e+00  -8.0811408e-02
   3.4430083e-01   9.1782589e+00   1.4484951e+00
  -1.1706583e+00   1.0915232e+01  -5.5508344e-01
  -1.3226711e+00   6.1502608e+00   4.7705444e-01
  -6.0332884e-01   8.4894512e+00   5.4295137e-01
   2.7093512e-01   1.1924692e+01   8.4855341e-01
  -1.3807447e+00   1.0549636e+01  -7.2623094e-01
  -1.0623476e+00   7.0731808e+00   4.4000734e-01
  -4.0445602e-01   9.4551512e+00   5.3538361e-01
   1.0358594e+00   1.2558549e+01   1.5875228e+00
  -2.2509499e+00   8.7783454e+00  -1.3537002e+00
   1.6993067e-02   1.0686545e+01   7.6197568e-01
  -1.2624262e+00   7.9474620e+00  -6.1339292e-02
