   7.7304190e-01   1.1798391e+01   1.4082609e+00
   3.0848679e-02   1.3377476e+01   4.3170729e-01
  -5.6972430e-01   1.2391528e+01  -1.0091765e-01
  -9.7006427e-01   1.2734347e+01  -5.5549313e-01
   1.4322698e+00   1.2776322e+01   1.9865920e+00
   7.7519729e-01   1.3923700e+01   1.1632967e+00
   1.2318098e+00   1.3722442e+01   1.6642286e+00
   1.1985347e+00   1.3338894e+01   1.6690879e+00
   1.9104226e+00   1.4187990e+01   2.3378934e+00
  -5.4982747e-01   1.2099648e+01  -4.7343350e-02
             NaN             NaN             NaN
  -1.5079722e+01  -1.2648474e+01   1.4771862e+00
   1.3067212e+00   1.7401568e+01   1.4930780e+00
  -1.1882708e+00   1.3032603e+01  -8.0992544e-01
   3.6894149e-01   1.3028470e+01   8.2200526e-01
  -1.4038826e+00   1.3336716e+01  -1.0586973e+00
   5.6894658e-01   1.5473314e+01   8.3310102e-01
   4.4216963e-01   1.6684688e+01   6.3877270e-01
   7.4520441e-01   1.2070471e+01   1.3392654e+00
  -1.3528990e-01   1.1447376e+01   4.7791919e-01
   1.0456162e+00   1.1875553e+01   1.6932627e+00
   3.8151910e-02   1.4459241e+01   3.5080167e-01
   1.1921248e+00   1.4522955e+01   1.5492947e+00
   3.7675765e-01   1.3313377e+01   8.0136472e-01
   1.3603172e+00   1.2564708e+01   1.9367498e+00
   6.0135900e-01   1.3849068e+01   9.8739931e-01
   1.2943594e+00   1.3965879e+01   1.7065617e+00
  -7.0527543e-01   1.2817675e+01  -2.8662526e-01
   1.9086710e+00   1.6411859e+01   2.1635509e+00
   4.1838480e-01   1.4512540e+01   7.4194989e-01
   1.0053941e+00   1.1575007e+01   1.6961973e+00
  -1.1309116e-01   1.2874552e+01   3.2932285e-01
   9.1732876e-01   1.3631901e+01   1.3404552e+00
  -1.8671036e-01   1.3276328e+01   2.1307168e-01
  -1.1540105e-01   1.4022927e+01   2.2405650e-01
  -2.5119828e-01   1.1261433e+01   3.7996879e-01
  -5.3381173e-02   1.6842608e+01   1.2522602e-01
  -3.0071633e-01   1.1582312e+01   2.8199095e-01
   8.8901144e-01   1.3334414e+01   1.3406390e+00
   9.1813958e-01   1.2595483e+01   1.4563740e+00
   3.5560983e-01   1.1104811e+01   1.0617191e+00
  -4.0236475e-01   1.1509836e+01   1.8307220e-01
   1.1628577e+00   1.6819808e+01   1.3719459e+00
   1.4280054e-01   1.2762004e+01   6.1120149e-01
   5.0525104e-01   1.2606967e+01   1.0135066e+00
  -1.0121406e+00   1.0165500e+01  -2.6854901e-01
   8.3632168e-01   1.7016391e+01   1.0277425e+00
   6.0227769e-01   1.2947733e+01   1.0779124e+00
   1.4351879e+00   1.5177864e+01   1.7524886e+00
   9.6591516e-01   1.3811915e+01   1.3743971e+00
   1.9187732e+00   1.4415646e+01   2.3246574e+00
   6.6875765e-01   1.3091032e+01   1.1328729e+00
   1.1917432e+00   1.4014339e+01   1.5936095e+00
  -7.4077082e-01   1.2111802e+01  -2.5037665e-01
   1.6369281e+00   1.7259543e+01   1.8384508e+00
  -3.6549896e-01   1.2871813e+01   6.4228144e-02
   5.8448075e-01   1.2100197e+01   1.1620095e+00
  -5.9343374e-01   1.3241701e+01  -2.0888069e-01
   1.0847268e+00   1.5458994e+01   1.3681528e+00
   4.0443008e-01   1.4131611e+01   7.5712823e-01
   2.5205630e-01   1.2117415e+01   8.0316629e-01
   1.4811589e+00   1.4077583e+01   1.8934358e+00
  -5.3197415e-01   1.0950033e+01   1.2393527e-01
   2.3116514e-01   1.4203702e+01   5.7065629e-01
   5.5078294e-01   1.5160028e+01   8.3410020e-01
   1.2324352e+00   1.4162453e+01   1.6228997e+00
  -1.7172433e-01   1.1776316e+01   3.9417125e-01
   8.1788365e-01   1.4876954e+01   1.1309165e+00
  -3.1499829e-01   1.3339060e+01   7.3178235e-02
   1.1083520e+00   1.4498457e+01   1.4634931e+00
   1.1540176e+00   1.3522478e+01   1.6021655e+00
  -1.8400144e+00   7.6679608e+00  -6.3829119e-01
   1.4180483e+00   1.4640669e+01   1.7765972e+00
  -1.1142702e+00   7.9753743e+00   9.9619202e-02
   4.2028625e-01   1.1939611e+01   1.0070315e+00
  -1.6842190e+00   7.6837416e+00  -4.6681386e-01
   1.2532407e+00   1.4508892e+01   1.6145859e+00
  -5.2781560e-01   1.0250979e+01   2.4295600e-01
   1.5653168e+00   1.4791164e+01   1.9187894e+00
  -3.2808696e-01   1.3458083e+01   4.9026584e-02
             NaN             NaN             NaN
  -1.4387954e+01  -1.1829134e+01   1.2314545e+00
   5.1457033e-01   1.2521702e+01   1.0335876e+00
  -5.4954992e-02   1.2189353e+01   4.6683654e-01
   2.6768461e-01   1.1392155e+01   9.2082984e-01
  -1.2064811e-02   1.1650222e+01   5.8198728e-01
   8.8023198e-01   1.3302014e+01   1.3347319e+00
   1.0839925e+00   1.3190456e+01   1.5634449e+00
   6.8958757e-01   1.6179692e+01   9.1746057e-01
  -6.0627478e-01   1.2321781e+01  -1.3186179e-01
