             NaN             NaN             NaN
  -1.7535537e+01  -1.5783746e+01   3.1508939e+00
   9.9654603e-01   1.4747054e+01   1.3268235e+00
   2.2837748e+00   1.5481903e+01   2.6180792e+00
   2.0677753e+00   1.5817467e+01   2.3672108e+00
   1.6383397e+00   1.2460213e+01   2.2532322e+00
   2.5895163e+00   1.5402037e+01   2.9463661e+00
   1.2194050e+00   1.0847291e+01   2.0637434e+00
   1.0173860e+00   1.4398956e+01   1.3763858e+00
   1.8366718e+00   1.2783137e+01   2.4237514e+00
   1.8396195e+00   1.5333125e+01   2.1637502e+00
   1.9895135e+00   1.3958052e+01   2.4458448e+00
   2.2154846e+00   1.3650578e+01   2.7228040e+00
   5.3080973e-01   1.1085923e+01   1.2565581e+00
   1.0501159e+00   1.4070038e+01   1.4392561e+00
   1.9853166e+00   1.3669332e+01   2.4731716e+00
   1.8981124e+00   1.4278122e+01   2.3159412e+00
   1.4214403e+00   1.4029350e+01   1.8348746e+00
   1.4406428e+00   1.3490278e+01   1.9105688e+00
   2.6170529e+00   1.6100474e+01   2.9215960e+00
   1.2525269e+00   1.4210296e+01   1.6397494e+00
   1.3427459e+00   1.3918303e+01   1.7623416e+00
   3.2777173e+00   1.3932902e+01   3.8403705e+00
   1.4078467e+00   1.2345441e+01   2.0186897e+00
             NaN             NaN             NaN
             NaN             NaN             NaN
   1.6273861e+00   1.2976387e+01   2.1715051e+00
   2.1769070e+00   1.5160452e+01   2.5314615e+00
   2.3137954e+00   1.2812010e+01   2.9409263e+00
   1.2154085e+00   1.2719595e+01   1.7601587e+00
   1.0210293e+00   1.1890444e+01   1.6642322e+00
   2.4118372e+00   1.5662084e+01   2.7386767e+00
   1.7704338e+00   1.2485312e+01   2.3937667e+00
   1.2390583e+00   1.4246246e+01   1.6223537e+00
   1.1519400e+00   1.4563998e+01   1.5037996e+00
   1.5910178e+00   1.4090520e+01   2.0085166e+00
   1.9508559e+00   1.5823276e+01   2.2448185e+00
   3.6674587e-01   1.1721155e+01   9.7970638e-01
   1.5834022e+00   1.5775026e+01   1.8654648e+00
   2.3567112e+00   1.4694818e+01   2.7627980e+00
   1.6867177e+00   1.3528982e+01   2.1691462e+00
   2.1130911e+00   1.4279351e+01   2.5443396e+00
   2.4050669e+00   1.6524622e+01   2.6722282e+00
   1.0405208e+00   1.2842457e+01   1.5572718e+00
   1.1972664e+00   1.4846097e+01   1.5288980e+00
   2.5390841e+00   1.5040242e+01   2.9243536e+00
   1.9748849e+00   1.5797768e+01   2.2716299e+00
   1.9635295e+00   1.3076691e+01   2.5221015e+00
   3.3262581e+00   1.6664653e+01   3.6250365e+00
   1.2097975e-01   1.0484396e+01   9.1204673e-01
   2.5278506e+00   1.5211499e+01   2.8973833e+00
   2.2227445e+00   1.5743108e+01   2.5344752e+00
   2.2438529e+00   1.5042204e+01   2.6119854e+00
   1.4292066e+00   1.3312925e+01   1.9181489e+00
             NaN             NaN             NaN
  -1.5252692e+01  -1.3503817e+01   3.2361352e+00
   1.4878829e+00   1.4123457e+01   1.8961743e+00
   1.7739424e+00   1.5906413e+01   2.0550275e+00
   2.5603707e+00   1.3930817e+01   3.0614962e+00
   1.3311371e+00   1.5348228e+01   1.6318008e+00
   8.8905351e-02   1.1754664e+01   6.7609282e-01
   2.7402085e+00   1.5927396e+01   3.0633951e+00
   8.7044060e-01   1.1478196e+01   1.5639586e+00
   2.8196967e+00   1.4927407e+01   3.2330384e+00
   1.8475801e+00   1.1736712e+01   2.5994540e+00
   1.6359773e+00   1.2121950e+01   2.3013456e+00
   9.6924007e-01   1.2383163e+01   1.5386536e+00
   3.0721733e+00   1.5909080e+01   3.4142508e+00
   1.3896586e+00   1.2645284e+01   1.9577242e+00
   1.7364245e+00   1.3911974e+01   2.1808473e+00
             NaN             NaN             NaN
  -1.5253825e+01  -1.3069350e+01   2.0555485e+00
             NaN             NaN             NaN
  -1.5350428e+01  -1.3407605e+01   2.6797218e+00
   1.0729391e+00   1.3939775e+01   1.4752508e+00
  -1.6322519e+00   8.3604826e+00  -5.8253361e-01
   2.1519978e+00   1.3092372e+01   2.7246461e+00
  -4.2906377e-01   1.0425982e+01   3.2000097e-01
   1.6620986e+00   1.2201858e+01   2.3176420e+00
   1.3168246e+00   1.2307034e+01   1.9252100e+00
   6.2843535e-01   1.3612002e+01   1.0376649e+00
   1.9656881e+00   1.4040635e+01   2.4117288e+00
   1.0909651e+00   1.2590587e+01   1.6427030e+00
   1.2163632e+00   1.2954269e+01   1.7322210e+00
   9.2438292e-01   1.2437527e+01   1.4832166e+00
   2.2540284e+00   1.3975032e+01   2.7270269e+00
   2.0734888e+00   1.3026582e+01   2.6481243e+00
   9.6204674e-01   1.2107084e+01   1.5686426e+00
   1.3008866e+00   1.4481471e+01   1.6669294e+00
   8.6574691e-01   1.3504756e+01   1.2985413e+00
