  -3.1376004e+00   2.9999611e-01   2.3465957e+00
  -2.6132598e+00   7.8111307e-01   2.6814715e+00
  -2.2016084e+00   1.1597665e+00   2.9529025e+00
  -2.4930859e+00   2.6619144e-01   3.6628840e+00
  -2.2167078e+00   1.3973540e+00   2.6311955e+00
  -2.8680385e+00   3.6633518e-01   2.7601776e+00
  -2.5757516e+00   9.1045131e-01   2.5845721e+00
  -2.8339969e+00   4.1306625e-01   2.7604589e+00
  -2.4371870e+00   2.4691067e+00   1.2066327e+00
  -2.9748797e+00   3.1290228e-01   2.6312738e+00
             NaN             NaN             NaN
  -4.3006559e+00  -1.6027358e+00   2.9314334e+00
  -2.7769303e+00   5.8133594e-01   2.6405786e+00
  -2.6372398e+00   7.4716642e-01   2.6814045e+00
  -2.5826463e+00   1.0675037e+00   2.3793460e+00
  -3.3112949e+00  -1.6652576e-01   2.6629356e+00
  -2.1727026e+00   1.7518480e+00   2.3048555e+00
  -2.6242884e+00   6.3895440e-01   2.8495564e+00
  -1.6647697e+00   1.6347274e+00   3.3437968e+00
  -3.0124281e+00  -6.1649894e-01   4.0431837e+00
  -1.8415859e+00   1.1639281e+00   3.6407173e+00
  -4.1602258e+00  -1.3501581e+00   2.7976234e+00
  -1.9277520e+00   8.4775083e-01   3.9378455e+00
  -2.7514927e+00  -4.6490809e-01   4.3766949e+00
  -2.0898020e+00   2.5338735e+00   1.6723996e+00
  -3.4152064e+00  -1.0098196e+00   3.8426058e+00
  -1.7107529e+00   1.4112021e+00   3.5524589e+00
  -3.0883389e+00  -7.6110207e-01   4.1403813e+00
  -2.6014685e+00   5.0774474e-01   3.0759644e+00
  -2.9329708e+00  -1.5863327e-01   3.4171931e+00
  -1.8655180e+00   1.2347481e+00   3.4933024e+00
  -4.0863999e+00  -1.2968699e+00   2.8634609e+00
  -2.2648430e+00   1.2556134e+00   2.7166907e+00
  -2.9705212e+00  -3.2249138e-01   3.6095791e+00
  -1.8581021e+00   1.7932330e+00   2.7993139e+00
  -3.9997338e+00  -1.4104679e+00   3.2493876e+00
  -1.7884551e+00   1.6775333e+00   3.0614936e+00
  -4.0310916e+00  -1.5124079e+00   3.3656737e+00
  -1.3234289e+00   3.6612732e+00   1.8891259e+00
  -3.2774924e+00  -5.8933957e-01   3.3957379e+00
             NaN             NaN             NaN
  -4.7706230e+00  -2.3456187e+00   3.2559029e+00
             NaN             NaN             NaN
  -4.3269785e+00  -1.6164546e+00   2.8986374e+00
             NaN             NaN             NaN
  -4.7758355e+00  -2.2437045e+00   3.0473354e+00
  -1.7023126e+00   1.9793143e+00   2.8591144e+00
  -3.0301699e+00  -2.3736123e-01   3.3396919e+00
             NaN             NaN             NaN
  -4.6344176e+00  -2.1515207e+00   3.1942562e+00
  -1.2835487e+00   3.4209635e+00   2.1393952e+00
  -3.3354661e+00  -4.6244201e-01   3.0642641e+00
             NaN             NaN             NaN
  -4.1590277e+00  -1.6324345e+00   3.2984552e+00
             NaN             NaN             NaN
  -4.2055699e+00  -1.6035478e+00   3.1410775e+00
             NaN             NaN             NaN
  -4.9504329e+00  -2.3568893e+00   2.8676065e+00
  -1.7180158e+00   1.9553395e+00   2.8589384e+00
  -3.1774133e+00  -3.2082742e-01   3.1659171e+00
  -3.0030849e+00   1.6129257e+00   1.1158481e+00
  -3.1681791e+00  -1.7908719e-01   2.9641997e+00
  -2.6701668e+00   6.8086573e-01   2.7073958e+00
  -3.3863409e+00  -5.9503797e-01   3.1725904e+00
  -3.1173642e+00   1.2361963e-01   2.6228196e+00
  -2.7697490e+00   4.1152053e-01   2.8854700e+00
  -2.1695133e+00   1.5655998e+00   2.5174860e+00
  -3.7205817e+00  -7.5856804e-01   2.7446725e+00
  -3.2515589e+00   3.6946475e-01   2.0529025e+00
  -2.7861783e+00   3.0878176e-01   2.9997331e+00
             NaN             NaN             NaN
  -4.4386737e+00  -1.9025293e+00   3.1688897e+00
             NaN             NaN             NaN
  -3.9847145e+00  -1.2081561e+00   2.9288816e+00
             NaN             NaN             NaN
  -4.7019905e+00  -1.9134625e+00   2.6135900e+00
  -1.8500437e+00   1.9313795e+00   2.6567285e+00
  -3.2641556e+00   3.8415509e-01   2.0124367e+00
  -2.9461635e+00   5.0745098e-01   2.4258940e+00
  -3.0205714e+00   4.5328627e-01   2.3604807e+00
  -2.7108708e+00   9.9618920e-01   2.2398589e+00
  -4.0440697e+00  -8.7925542e-01   2.2891661e+00
  -3.0362132e+00   6.0924261e-01   2.1364336e+00
  -2.9679458e+00   5.0229464e-01   2.3929032e+00
  -1.8430826e+00   1.9365059e+00   2.6630095e+00
  -3.7568869e+00  -9.1465920e-01   2.9199171e+00
  -2.9509857e+00   8.7877380e-01   1.9633079e+00
  -3.1869478e+00   2.0049977e-01   2.3875628e+00
  -2.9516145e+00   8.3738146e-01   2.0103713e+00
  -2.8902722e+00   3.0745403e-01   2.7996497e+00
