  -3.6230210e+00  -1.4745769e+00   4.2734825e+00
  -1.1943800e+00   1.4899771e+00   4.4972226e+00
  -3.4723535e+00  -1.1643388e+00   4.0074968e+00
  -1.7527831e+00   1.2342194e+00   3.7178274e+00
  -2.3841095e+00   5.0895570e-01   3.5099513e+00
  -3.0171217e+00  -3.6588978e-01   3.5817282e+00
  -2.7434810e+00  -3.0715442e-02   3.6119313e+00
  -1.8588689e+00   8.3118722e-01   4.1117436e+00
  -3.3123011e+00  -9.1886672e-01   3.9112117e+00
  -1.9867049e+00   8.4922232e-01   3.8116760e+00
  -3.4277804e+00  -6.2818445e-01   3.1397099e+00
  -2.7181936e+00   3.4775604e-01   3.0770625e+00
  -3.4239396e+00  -9.1275436e-01   3.6409878e+00
  -1.7911514e+00   1.0603301e+00   3.8964109e+00
  -3.6994828e+00  -1.1675594e+00   3.4816833e+00
  -1.9011805e+00   1.1628759e+00   3.5236883e+00
  -3.0601280e+00  -5.5988173e-01   3.8274571e+00
  -2.0436509e+00   7.9293215e-01   3.7795106e+00
  -2.9312372e+00  -6.8579643e-01   4.3747650e+00
  -1.5664436e+00   9.4056904e-01   4.5786358e+00
  -1.9558351e+00   5.8452126e-01   4.3093665e+00
  -2.9105032e+00  -7.2878540e-01   4.5146036e+00
  -2.0474341e+00   5.2645237e-01   4.2031295e+00
  -1.9500269e+00   4.0156281e-01   4.6512276e+00
  -2.8271643e+00  -4.2124556e-01   4.1114631e+00
  -2.0171230e+00   5.0906565e-01   4.3013240e+00
  -3.0809727e+00  -4.9772002e-01   3.6692783e+00
  -2.1161852e+00   7.4512115e-01   3.7021020e+00
  -3.1638637e+00  -7.4588498e-01   3.9317308e+00
  -1.8787698e+00   8.3613529e-01   4.0608165e+00
  -3.3014395e+00  -8.3801348e-01   3.7841434e+00
  -2.0339268e+00   8.3166133e-01   3.7404203e+00
  -2.9899348e+00  -6.8343283e-01   4.2261464e+00
  -1.8585871e+00   8.1036972e-01   4.1461799e+00
  -1.5767048e+00   1.5898302e+00   3.5705172e+00
  -3.8577362e+00  -1.4978904e+00   3.7414019e+00
  -2.0407202e+00   7.3039963e-01   3.8831409e+00
  -2.4721946e+00  -1.4626388e-01   4.4349137e+00
  -2.4659765e+00   2.8200331e-01   3.6950993e+00
  -2.4822691e+00   1.4237289e-01   3.8909998e+00
  -2.4490158e+00   7.0265953e-01   3.0975318e+00
  -3.4603452e+00  -6.0820545e-01   3.0391342e+00
  -3.3358632e+00  -7.9143861e-01   3.6203827e+00
  -2.3388818e+00   4.2341945e-01   3.7381893e+00
  -2.5672886e+00   1.4083803e-01   3.7082439e+00
  -2.5866370e+00   4.9414238e-02   3.8188928e+00
  -2.7216628e+00  -1.2541610e-01   3.8198272e+00
  -2.2774675e+00   4.5232153e-01   3.8227456e+00
  -2.0079161e+00   5.4672099e-01   4.2570570e+00
  -2.4653086e+00  -2.4888687e-01   4.6537180e+00
  -2.5115789e+00   2.0358052e-01   3.7250933e+00
  -2.6038159e+00   7.4840677e-03   3.8524440e+00
  -2.6265033e+00   2.2013836e-01   3.4554900e+00
  -2.9817080e+00  -2.3162177e-01   3.4330509e+00
  -2.9102440e+00  -4.5071670e-01   3.9724660e+00
  -2.1064045e+00   5.2222260e-01   4.0794047e+00
  -2.7462672e+00  -4.5305141e-02   3.6301170e+00
  -2.7214189e+00   9.0525365e-03   3.5937650e+00
  -2.6545383e+00  -1.8411338e-01   4.0757371e+00
  -2.3318983e+00   2.9265403e-01   3.9682193e+00
  -3.4946031e+00  -1.0512975e+00   3.7356731e+00
  -1.7656102e+00   1.3115535e+00   3.5826865e+00
  -3.7387789e+00  -1.0453191e+00   3.1776424e+00
  -2.0904833e+00   1.0451065e+00   3.3171486e+00
  -3.7402477e+00  -1.3556100e+00   3.7420539e+00
  -1.3154380e+00   1.6914455e+00   3.9446889e+00
  -3.3601907e+00  -8.8336465e-01   3.7328158e+00
  -1.9019149e+00   1.1036721e+00   3.6065326e+00
  -3.6280647e+00  -1.3800825e+00   4.0623974e+00
  -1.4390755e+00   1.4328970e+00   4.0667841e+00
  -2.8514720e+00   1.5075718e-01   3.1024893e+00
  -3.0862538e+00  -1.4341494e-01   3.0751711e+00
  -2.8744698e+00  -2.7562404e-01   3.7406830e+00
  -2.3107013e+00   3.1688404e-01   3.9740748e+00
  -2.7167554e+00  -9.5511984e-02   3.7792330e+00
  -2.5944869e+00   5.2106540e-02   3.7971107e+00
  -2.6787879e+00  -9.6235237e-02   3.8647226e+00
  -2.4214105e+00   2.2233280e-01   3.8898167e+00
  -3.7729467e+00  -1.1782048e+00   3.3361578e+00
  -1.7106190e+00   1.4901711e+00   3.4460137e+00
  -3.7040737e+00  -1.1838574e+00   3.5011760e+00
  -1.9023303e+00   1.1233067e+00   3.5775505e+00
  -3.6876391e+00  -1.1625990e+00   3.4994292e+00
  -1.8268485e+00   1.3311918e+00   3.4360820e+00
  -3.2584068e+00  -5.3131389e-01   3.3389416e+00
  -1.9940026e+00   1.1670614e+00   3.3364462e+00
  -3.8799171e+00  -1.4577693e+00   3.6109166e+00
  -1.7629549e+00   1.3107031e+00   3.5891062e+00
  -3.8389150e+00  -1.5060210e+00   3.8026022e+00
  -1.7219716e+00   1.2916254e+00   3.6973625e+00
