   2.7603032e+00   1.4514929e+01   3.2112969e+00
   1.1820418e+00   1.0222585e+01   2.1547420e+00
   2.1883883e+00   1.5243928e+01   2.5367162e+00
   1.8590853e+00   1.1800382e+01   2.6010630e+00
   2.0525402e+00   1.4078502e+01   2.5004085e+00
   2.0860364e+00   1.2219638e+01   2.7820107e+00
   1.9836420e+00   1.3269242e+01   2.5192081e+00
   2.1951096e+00   9.7880772e+00   3.4592592e+00
   1.4187801e+00   1.0876164e+01   2.2822439e+00
   1.2631339e+00   1.0243272e+01   2.2427196e+00
   1.7852212e+00   1.3487086e+01   2.2794394e+00
   9.7614519e-01   1.0003460e+01   1.9701894e+00
   1.8554143e+00   1.3536107e+01   2.3490803e+00
   1.6645858e+00   1.1390392e+01   2.4581177e+00
   1.5973833e+00   1.2533651e+01   2.1981887e+00
   6.4157234e-01   1.1211131e+01   1.3570030e+00
   1.6585798e+00   1.3804802e+01   2.1091352e+00
   1.9674134e+00   1.3215392e+01   2.5084535e+00
   2.8251910e+00   1.2313859e+01   3.5911988e+00
   2.3949323e+00   1.1746020e+01   3.2121979e+00
   2.0825207e+00   1.2320193e+01   2.7618377e+00
   2.2395633e+00   1.5670590e+01   2.5573935e+00
   2.3743459e+00   1.2770679e+01   3.0136443e+00
   2.6394857e+00   1.2948858e+01   3.2788463e+00
   1.0351149e+00   9.3041946e+00   2.2176490e+00
   1.6180277e+00   1.2659123e+01   2.2032205e+00
   1.4243147e+00   1.1832450e+01   2.1146716e+00
   1.6855740e+00   1.2018912e+01   2.3722462e+00
   1.9563635e+00   1.3567532e+01   2.4538102e+00
   2.3958971e+00   1.5134063e+01   2.7646280e+00
   2.1990435e+00   1.1871057e+01   2.9681232e+00
   1.0400595e+00   1.3761028e+01   1.4575373e+00
   1.8265332e+00   1.1969464e+01   2.5360555e+00
   2.0942146e+00   1.5813092e+01   2.3951236e+00
   1.7153926e+00   1.4580190e+01   2.0946507e+00
   2.3010289e+00   1.4338138e+01   2.7386590e+00
             NaN             NaN             NaN
  -1.7876304e+01  -1.5618438e+01   1.7806303e+00
   1.4337899e+00   1.1359410e+01   2.2062068e+00
   1.9935284e+00   1.2517613e+01   2.6332578e+00
             NaN             NaN             NaN
  -1.5255305e+01  -1.3106349e+01   2.1442421e+00
   1.8184659e+00   1.5679418e+01   2.1166469e+00
   1.6473984e+00   1.3132544e+01   2.1735641e+00
   1.6524781e+00   1.3962800e+01   2.0863763e+00
   3.7785561e-01   1.2303014e+01   9.1430808e-01
   1.7372599e+00   1.4753090e+01   2.1027232e+00
   2.3474703e+00   1.4774214e+01   2.7455395e+00
   2.7444524e+00   1.4777717e+01   3.1674638e+00
   1.5851455e+00   1.0290713e+01   2.6018843e+00
   2.4340399e+00   1.2397692e+01   3.1387824e+00
   1.4393106e+00   1.1338784e+01   2.2161072e+00
             NaN             NaN             NaN
  -1.5630403e+01  -1.3681847e+01   2.6522325e+00
             NaN             NaN             NaN
  -1.6481173e+01  -1.4674467e+01   3.0199045e+00
             NaN             NaN             NaN
  -1.4708387e+01  -1.2870536e+01   3.0021085e+00
   2.3804587e+00   1.4531849e+01   2.8038336e+00
   1.9243063e+00   1.4775636e+01   2.2978622e+00
   8.0873460e-01   8.7699195e+00   2.1067973e+00
   1.9264943e+00   1.2083801e+01   2.6277323e+00
   1.0429062e+00   1.1132743e+01   1.8129381e+00
   1.7563526e+00   1.2242425e+01   2.4148376e+00
   1.8671456e+00   1.1995131e+01   2.5767429e+00
   2.5290643e+00   1.4367583e+01   2.9792334e+00
   2.0957094e+00   1.1495951e+01   2.9226688e+00
   1.5093825e+00   1.4483770e+01   1.8860248e+00
   1.6345910e+00   1.1042231e+01   2.4921248e+00
   2.4134493e+00   1.5370913e+01   2.7633097e+00
   1.8409391e+00   1.3632548e+01   2.3225859e+00
  -8.3865034e-01   5.0912473e+00   1.6129594e+00
             NaN             NaN             NaN
  -1.6539153e+01  -1.4478635e+01   2.3193173e+00
             NaN             NaN             NaN
  -1.5639221e+01  -1.3540049e+01   2.2536612e+00
   2.1060115e+00   1.3686098e+01   2.6008409e+00
   6.9057023e-01   8.2517302e+00   2.1331587e+00
   1.6206038e+00   1.3665358e+01   2.0834955e+00
   2.1597422e+00   1.3069608e+01   2.7361402e+00
   9.4823702e-01   1.2660608e+01   1.4805566e+00
   9.1701144e-02   1.1078842e+01   7.7846054e-01
   1.0409431e+00   1.2378126e+01   1.6166620e+00
   1.7775884e+00   1.3589126e+01   2.2596378e+00
   1.4895790e+00   1.1092456e+01   2.3188257e+00
   1.1010040e+00   1.3284384e+01   1.5712023e+00
   1.5714822e+00   1.2365581e+01   2.1940243e+00
   2.0502706e+00   1.5822912e+01   2.3485594e+00
   9.6721792e-01   1.2887707e+01   1.4734830e+00
   1.7984658e+00   1.3974453e+01   2.2404381e+00
