  -1.8342784e+00   3.1380746e+00   1.5481901e+00
  -2.0790508e+00   2.0313892e+00   2.1665327e+00
  -2.4887700e+00   3.6311767e+00   2.9165452e-01
  -2.5019286e+00   1.5416536e+00   1.9818155e+00
  -5.5084397e-01   6.0722656e+00   1.4737675e+00
  -1.6103983e+00   3.9762833e+00   1.2559998e+00
             NaN             NaN             NaN
  -6.1699431e+00  -3.2816577e+00   1.9198872e+00
  -1.7803320e+00   5.1877224e+00   3.4314099e-01
  -2.0243153e+00   2.3089470e+00   1.9808285e+00
  -2.5347934e+00   2.5214666e+00   1.0203624e+00
  -1.8631308e+00   2.6151105e+00   1.9487057e+00
  -1.1982963e+00   4.1520897e+00   1.7122713e+00
  -2.6042888e+00   1.5552413e+00   1.8000617e+00
             NaN             NaN             NaN
  -5.4957326e+00  -2.2811112e+00   1.6183612e+00
  -1.3935757e+00   4.5920354e+00   1.1624169e+00
  -2.2067283e+00   2.4032295e+00   1.6099531e+00
  -7.9386837e-01   7.3655091e+00   6.5755473e-01
  -1.3785970e+00   2.8008629e+00   2.5433136e+00
  -8.5895851e-01   4.4035448e+00   2.0199545e+00
  -2.5008387e+00   1.4436469e+00   2.0892701e+00
  -9.1239455e-01   3.7163617e+00   2.4596115e+00
  -2.1745200e+00   1.6798887e+00   2.3804180e+00
  -1.5036970e+00   5.8627121e+00   3.7725910e-01
  -2.3071942e+00   1.7625534e+00   2.0699205e+00
  -2.6029594e+00   2.5630566e+00   8.8841073e-01
  -1.3755667e+00   2.1187565e+00   3.2781538e+00
             NaN             NaN             NaN
  -7.0429403e+00  -4.3023319e+00   1.9286840e+00
             NaN             NaN             NaN
  -5.7114734e+00  -2.6311560e+00   1.7520826e+00
  -9.3205590e-01   5.0514075e+00   1.5107963e+00
  -2.4021470e+00   1.6254003e+00   2.0577371e+00
  -9.2327559e-01   4.5680961e+00   1.8189568e+00
  -2.7126159e+00   2.4576012e+00   8.1481691e-01
  -1.6161486e+00   2.6650163e+00   2.2912991e+00
  -2.6646922e+00   2.6534097e+00   7.2976881e-01
  -9.4551540e-01   5.3730854e+00   1.3154724e+00
  -1.8934828e+00   3.3650010e+00   1.2887396e+00
  -2.1708135e+00   2.6886331e+00   1.4174488e+00
  -1.8029018e+00   3.0148557e+00   1.6943187e+00
  -7.0536955e-01   4.1221656e+00   2.4486201e+00
  -2.9399710e+00   1.5011088e+00   1.3202033e+00
  -1.4047145e+00   2.7086689e+00   2.5904949e+00
  -1.8929230e+00   2.4299829e+00   2.0738738e+00
  -3.2321997e-01   5.3255811e+00   2.1748139e+00
  -2.0463956e+00   3.0271321e+00   1.3262107e+00
             NaN             NaN             NaN
  -7.3305115e+00  -4.7467586e+00   2.1551103e+00
  -4.2287836e-01   7.2026074e+00   1.1578684e+00
  -1.8210804e+00   2.7368351e+00   1.9045363e+00
  -1.8635840e+00   3.2588811e+00   1.4114344e+00
  -1.7934593e+00   2.1270434e+00   2.5404590e+00
  -2.7113341e-01   5.5391655e+00   2.1204312e+00
  -2.5463319e+00   1.7746223e+00   1.6715273e+00
  -1.4719085e+00   3.3182252e+00   1.9402517e+00
  -2.2822001e+00   2.2382401e+00   1.6435494e+00
  -4.8342508e-01   6.2022612e+00   1.4984948e+00
  -2.3812541e+00   1.6657338e+00   2.0495620e+00
  -2.3141603e+00   5.6870846e+00  -5.2710744e-01
  -2.1103829e+00   2.4819156e+00   1.6871060e+00
  -3.4694512e+00   1.8778358e+00   2.0185148e-01
  -1.8768534e+00   1.7029267e+00   2.8718330e+00
  -1.5726313e+00   4.1954294e+00   1.1649544e+00
  -2.4111498e+00   1.4986609e+00   2.1796539e+00
  -2.2820500e+00   2.5476149e+00   1.3706099e+00
  -1.9574795e+00   2.1218083e+00   2.2733772e+00
  -2.0179111e+00   4.5378894e+00   3.7569661e-01
  -2.6879199e+00   1.2685990e+00   1.9680463e+00
  -2.2631520e+00   3.2693229e+00   8.3822359e-01
  -1.4272071e+00   3.8058804e+00   1.6315398e+00
  -4.7585406e-01   5.3101068e+00   1.9754528e+00
  -2.1970450e+00   3.5091927e+00   7.6329753e-01
  -1.6614755e+00   3.0061520e+00   1.9144668e+00
  -1.4322108e+00   4.3055414e+00   1.2862757e+00
  -6.8734636e-01   5.6155062e+00   1.5250893e+00
  -1.4721654e+00   4.1200185e+00   1.3515292e+00
  -1.5681075e+00   3.2280882e+00   1.8698904e+00
  -2.0812581e+00   2.7915070e+00   1.4648301e+00
  -2.4980737e+00   1.6836613e+00   1.8401312e+00
  -2.0531600e+00   3.0189310e+00   1.3228230e+00
  -2.0993115e+00   4.3838155e+00   3.5575896e-01
  -2.6492782e+00   3.3620263e+00   2.5001852e-01
  -1.9243556e+00   3.0190529e+00   1.5109503e+00
  -2.0492397e+00   2.7818701e+00   1.5204297e+00
  -1.3805067e+00   6.2194025e+00   3.7861680e-01
  -3.1194015e+00   2.4065147e+00   2.7988766e-01
  -1.4438179e+00   4.8262086e+00   9.6121575e-01
  -2.8749571e+00   1.1046046e+00   1.8364449e+00
