             NaN             NaN             NaN
  -1.5969183e+01  -1.4128901e+01   2.9410930e+00
   1.9609186e+00   1.4239437e+01   2.3864510e+00
   1.3367648e+00   1.1495147e+01   2.0744756e+00
   2.1067460e+00   1.3662674e+01   2.6043489e+00
   2.0896627e+00   1.1354077e+01   2.9440869e+00
   1.6816044e+00   1.4671096e+01   2.0511365e+00
   2.2824042e+00   1.3049087e+01   2.8726354e+00
   5.0171303e-01   1.2968103e+01   9.6899293e-01
   1.7310733e+00   1.1002522e+01   2.6094617e+00
   1.8833509e+00   1.5048951e+01   2.2318099e+00
   2.2183219e+00   1.2624953e+01   2.8640183e+00
   1.5967558e+00   1.1813573e+01   2.3079094e+00
   1.2147834e+00   1.0351762e+01   2.1628583e+00
   1.6449018e+00   1.1576819e+01   2.4021323e+00
   7.0664569e-01   1.0875475e+01   1.4871029e+00
   1.3181502e+00   1.1542930e+01   2.0456893e+00
   1.8280583e+00   1.2050750e+01   2.5243083e+00
   1.9170704e+00   1.2281356e+01   2.5855171e+00
   1.6115495e+00   1.0938316e+01   2.4873262e+00
             NaN             NaN             NaN
             NaN             NaN             NaN
   2.2295210e+00   1.3141177e+01   2.8024234e+00
   2.7566015e+00   1.3595022e+01   3.3160384e+00
  -3.0074851e-01   1.1058309e+01   3.5675415e-01
   2.0725542e+00   1.2672720e+01   2.6968664e+00
   1.5823733e+00   1.2987101e+01   2.1216015e+00
   2.6642818e+00   1.3080895e+01   3.2864973e+00
   1.5307706e+00   1.1355667e+01   2.3149981e+00
   1.9656033e+00   1.2510914e+01   2.6036294e+00
   2.0679563e+00   1.1578434e+01   2.8754111e+00
   1.4471067e+00   1.2952367e+01   1.9802581e+00
   1.6456030e+00   1.0862984e+01   2.5417116e+00
   1.7434597e+00   1.3316936e+01   2.2545668e+00
   1.9063893e+00   1.4521539e+01   2.3016673e+00
   1.5767325e+00   1.2641186e+01   2.1608605e+00
   1.5854214e+00   1.3678433e+01   2.0445794e+00
   1.9618586e+00   1.4076105e+01   2.4039731e+00
   9.3480566e-01   1.4304201e+01   1.2977480e+00
   2.3775578e+00   1.3061057e+01   2.9749147e+00
   1.9700803e+00   1.3750230e+01   2.4477166e+00
   1.4225612e+00   1.2531991e+01   2.0085967e+00
   1.9325001e+00   1.4859648e+01   2.2992645e+00
   1.2378012e+00   1.1894570e+01   1.9002274e+00
             NaN             NaN             NaN
  -1.6782475e+01  -1.4787032e+01   2.4834880e+00
   1.8673294e+00   1.3887923e+01   2.3228815e+00
   1.8027941e+00   1.1872665e+01   2.5260608e+00
             NaN             NaN             NaN
  -1.6972405e+01  -1.5116691e+01   2.8635640e+00
   1.9202464e+00   1.4263484e+01   2.3408693e+00
   2.1356798e+00   1.2731286e+01   2.7574437e+00
   2.4798515e+00   1.5499076e+01   2.8228793e+00
   2.0015882e+00   1.2446116e+01   2.6529544e+00
   2.2573168e+00   1.3391964e+01   2.7997963e+00
   1.1379523e+00   1.2332536e+01   1.7276914e+00
   2.3883173e+00   1.2683360e+01   3.0423460e+00
   6.7327843e-01   1.2560319e+01   1.1984517e+00
   2.0981553e+00   1.2362066e+01   2.7724299e+00
   1.6126887e+00   1.2817742e+01   2.1761446e+00
  -4.7154924e-01   1.0517847e+01   2.5813195e-01
   2.4851048e+00   1.2908762e+01   3.1148422e+00
   4.5815514e-01   1.2902176e+01   9.2997417e-01
   3.0957455e+00   1.3824523e+01   3.6558007e+00
   1.1012267e+00   9.8959871e+00   2.1394396e+00
   2.2750660e+00   1.1478281e+01   3.1294187e+00
   1.8988728e+00   1.0587579e+01   2.8936316e+00
   1.9399526e+00   1.2878669e+01   2.5229789e+00
   9.1175140e-01   1.0207480e+01   1.8505921e+00
   2.2847782e+00   1.3420844e+01   2.8258788e+00
   2.1103918e+00   1.5075303e+01   2.4684780e+00
   5.6072499e-01   1.1311304e+01   1.2521720e+00
   1.7518643e+00   1.2848542e+01   2.3228014e+00
   1.4849733e-01   1.1162208e+01   8.2698546e-01
   2.1501978e+00   1.2918001e+01   2.7466056e+00
  -3.9254974e-01   1.0628283e+01   3.2552364e-01
   1.9451531e+00   1.2664359e+01   2.5587065e+00
   7.8277482e-01   1.2139721e+01   1.3703076e+00
   1.4236469e+00   1.2861609e+01   1.9663827e+00
   1.8231241e+00   1.1770262e+01   2.5663160e+00
   1.1547654e+00   1.2270454e+01   1.7545049e+00
   3.4406941e-01   1.1369068e+01   1.0072052e+00
   8.5286500e-01   1.1984489e+01   1.4677835e+00
   1.0358328e+00   1.1397788e+01   1.7588853e+00
   1.7241200e+00   1.1214680e+01   2.5586872e+00
   9.2362166e-01   1.1430859e+01   1.6299938e+00
   1.1887389e+00   1.1115603e+01   1.9780699e+00
   9.4408303e-01   1.1370378e+01   1.6625270e+00
   7.1245917e-01   1.1801924e+01   1.3420057e+00
   1.3596752e+00   1.1203495e+01   2.1522575e+00
