             NaN             NaN             NaN
  -1.6457722e+01  -1.3869144e+01   1.0634692e+00
  -1.4849524e-01   1.2710149e+01   3.0906541e-01
   6.6928164e-02   1.4147064e+01   4.0407186e-01
   1.5591556e+00   1.5662673e+01   1.8476768e+00
   1.5979648e+00   1.5546696e+01   1.8959694e+00
             NaN             NaN             NaN
  -1.6171667e+01  -1.3741695e+01   1.4300618e+00
   1.4283716e+00   1.5383423e+01   1.7306220e+00
   6.4097403e-01   1.2256596e+01   1.2020830e+00
             NaN             NaN             NaN
  -1.6694621e+01  -1.4130468e+01   1.1080489e+00
   1.2392725e+00   1.6580527e+01   1.4625294e+00
   4.8778082e-01   1.3941136e+01   8.6024380e-01
   6.1041457e-02   1.3002558e+01   4.9971792e-01
  -6.8796140e-02   1.3670376e+01   3.0142986e-01
   7.9758738e-01   1.5050121e+01   1.0975404e+00
   1.4221846e+00   1.6496103e+01   1.6555856e+00
             NaN             NaN             NaN
             NaN             NaN             NaN
   1.6897162e+00   1.4451974e+01   2.0790130e+00
   1.0216729e+00   1.4997263e+01   1.3344125e+00
   1.4265052e+00   1.4921842e+01   1.7628078e+00
   1.3580926e+00   1.5855318e+01   1.6264340e+00
   7.1392872e-01   1.2585584e+01   1.2388455e+00
   1.6152788e+00   1.4642636e+01   1.9837588e+00
   1.3871176e+00   1.4371879e+01   1.7671058e+00
   3.2640731e-01   1.3623735e+01   7.1914270e-01
   1.9027345e+00   1.5928643e+01   2.1876000e+00
   2.0926510e+00   1.7829803e+01   2.2811202e+00
   5.6666256e-01   1.1779863e+01   1.1872978e+00
   1.0618384e+00   1.4651584e+01   1.4024608e+00
   1.1020204e+00   1.2576198e+01   1.6564553e+00
   1.0217073e+00   1.5524076e+01   1.2985634e+00
   1.2737230e+00   1.8194353e+01   1.4282082e+00
   7.2270563e-01   1.4025591e+01   1.0991690e+00
   6.4780402e-01   1.5047212e+01   9.4221249e-01
   9.0861056e-02   1.3610579e+01   4.7351306e-01
   1.1669614e+00   1.4685975e+01   1.5097131e+00
   1.9259064e+00   1.4739465e+01   2.3027083e+00
   7.5058942e-01   1.4580014e+01   1.0829452e+00
   2.0066895e-01   1.2089136e+01   7.5181607e-01
   1.8236796e+00   1.9482843e+01   1.9474237e+00
   1.3121454e+00   1.4845123e+01   1.6491077e+00
   6.7948943e-01   1.4576102e+01   1.0090981e+00
   1.0063947e-01   1.1734956e+01   6.9137121e-01
   1.2257463e+00   1.6686923e+01   1.4431822e+00
   1.3710939e+00   1.4881566e+01   1.7079513e+00
   1.4858322e+00   1.4995358e+01   1.8191973e+00
   1.1546722e+00   1.5072135e+01   1.4675756e+00
   1.9909949e+00   1.5420611e+01   2.3156756e+00
   1.7700322e+00   1.4054815e+01   2.2020131e+00
   1.0247165e+00   1.5819652e+01   1.2833854e+00
   2.9768882e-01   1.2740039e+01   7.7765663e-01
   1.8710860e+00   1.7141577e+01   2.0851594e+00
   1.4177276e+00   1.4768750e+01   1.7657623e+00
   4.0278910e-01   1.2843958e+01   8.7763734e-01
   3.5970084e-01   1.4106823e+01   7.1244262e-01
   1.1614447e+00   1.4996985e+01   1.4801328e+00
   1.4166203e+00   1.5993900e+01   1.6785891e+00
  -1.4609232e-01   1.1743663e+01   4.2584890e-01
   2.3549331e+00   1.4657499e+01   2.7644621e+00
  -2.2383440e-01   1.3054008e+01   1.9511637e-01
   1.3341303e+00   1.4919578e+01   1.6663309e+00
   9.9119083e-01   1.5059617e+01   1.2982022e+00
   2.4899615e+00   1.6063844e+01   2.7911849e+00
  -1.0952880e-01   1.1912702e+01   4.4298019e-01
   1.7459014e+00   1.6743188e+01   1.9765167e+00
  -3.0413606e-01   1.2228630e+01   1.9776192e-01
   2.1069864e+00   1.7243270e+01   2.3233311e+00
   1.2274195e+00   1.5365207e+01   1.5226903e+00
  -1.9727731e+00   6.2839269e+00  -3.5236648e-01
   1.7222775e+00   1.5232870e+01   2.0484947e+00
  -9.5516705e-01   7.4119541e+00   4.5266277e-01
   2.8886965e-01   1.2818873e+01   7.5964824e-01
  -1.9383931e+00   6.4717690e+00  -3.7954653e-01
   1.6220243e+00   1.5234298e+01   1.9435153e+00
  -7.2828048e-01   9.4810774e+00   1.7039222e-01
   1.6554441e+00   1.5712836e+01   1.9445228e+00
   1.0858531e+00   1.4626830e+01   1.4295425e+00
   2.6989091e-01   1.2923140e+01   7.2836877e-01
  -3.6536827e-01   1.2400096e+01   1.1365144e-01
   9.2865889e-01   1.4709199e+01   1.2588521e+00
   9.4197997e-01   1.3646574e+01   1.3650629e+00
   1.7158864e-01   1.1860229e+01   7.5057556e-01
   6.6376200e-01   1.1814726e+01   1.2873669e+00
   9.5651120e-01   1.3962893e+01   1.3504509e+00
   1.6456955e+00   1.5159001e+01   1.9739536e+00
   6.0629845e-01   1.5802356e+01   8.5229160e-01
   5.5305080e-01   1.5149821e+01   8.3711804e-01
