   2.4755159e+00   1.4027364e+01   2.9589720e+00
   9.5581365e-01   8.7936626e+00   2.2749800e+00
   2.1509554e+00   1.5154168e+01   2.5046565e+00
   1.1718056e+00   1.0967165e+01   1.9871061e+00
   2.1049893e+00   1.2802391e+01   2.7135826e+00
   2.2398892e+00   1.1513535e+01   3.0823805e+00
   1.5545297e+00   1.3457593e+01   2.0357903e+00
   2.8864545e+00   1.2332145e+01   3.6569285e+00
   1.0840809e+00   1.2792481e+01   1.6100052e+00
   1.5749115e+00   1.0829913e+01   2.4684422e+00
   2.0190961e+00   1.5465686e+01   2.3417199e+00
   2.5348520e+00   1.2606993e+01   3.2164564e+00
   1.8242897e+00   1.1918573e+01   2.5421134e+00
   1.0955636e+00   1.0379474e+01   2.0212798e+00
   1.7570064e+00   1.2093137e+01   2.4390416e+00
   1.0869571e+00   1.0344330e+01   2.0191944e+00
   1.4437629e+00   1.1454113e+01   2.2002997e+00
   1.6212183e+00   1.2371589e+01   2.2474262e+00
   2.6829925e+00   1.4450574e+01   3.1352745e+00
   1.5213230e+00   1.0292929e+01   2.5276799e+00
   2.0963160e+00   1.2582721e+01   2.7362985e+00
   2.0371106e+00   1.2392111e+01   2.7003883e+00
   2.1347712e+00   1.3100264e+01   2.7048577e+00
   3.4038046e+00   1.3616137e+01   4.0232969e+00
   6.4673778e-01   1.1613410e+01   1.2987251e+00
   1.8185058e+00   1.2476865e+01   2.4475662e+00
   2.1435781e+00   1.3455200e+01   2.6688631e+00
   3.0264362e+00   1.3778233e+01   3.5862234e+00
   2.1517384e+00   1.2285499e+01   2.8439952e+00
   1.9277723e+00   1.2447933e+01   2.5716071e+00
   2.1887101e+00   1.2233648e+01   2.8935224e+00
   1.7466663e+00   1.2446623e+01   2.3734600e+00
   1.7649239e+00   1.0854971e+01   2.6792543e+00
   1.6974208e+00   1.3402783e+01   2.1950343e+00
   2.0135214e+00   1.4244765e+01   2.4418512e+00
   1.6878349e+00   1.2598159e+01   2.2875368e+00
   1.8438585e+00   1.6043375e+01   2.1188970e+00
   2.7421013e+00   1.3690137e+01   3.2878821e+00
   1.3227796e+00   1.4100349e+01   1.7238882e+00
   1.9998513e+00   1.2724687e+01   2.6098054e+00
             NaN             NaN             NaN
  -1.7029999e+01  -1.5106151e+01   2.6707557e+00
             NaN             NaN             NaN
  -1.4786576e+01  -1.2807812e+01   2.6087723e+00
   2.1804636e+00   1.3971740e+01   2.6485633e+00
   9.6276575e-01   1.1248486e+01   1.7038714e+00
   1.9332799e+00   1.3479758e+01   2.4392936e+00
   1.7332943e+00   1.1920962e+01   2.4409643e+00
   2.4745438e+00   1.4639869e+01   2.8933846e+00
   2.1829750e+00   1.3429944e+01   2.7145570e+00
   2.1770471e+00   1.3750019e+01   2.6698035e+00
   1.9781395e+00   1.2691890e+01   2.5907883e+00
   2.5602419e+00   1.5940717e+01   2.8735748e+00
   2.4045756e+00   1.3011940e+01   3.0114391e+00
   2.4075577e+00   1.2935172e+01   3.0257780e+00
   9.9854886e-01   1.1985383e+01   1.6257246e+00
   2.3693494e+00   1.2905200e+01   2.9882259e+00
   8.9092876e-01   1.2540009e+01   1.4341414e+00
   2.2140331e+00   1.2016535e+01   2.9588612e+00
   1.5469491e+00   1.3049126e+01   2.0757180e+00
   2.6063602e-01   1.0582860e+01   1.0478968e+00
   2.2188212e+00   1.3111240e+01   2.7948144e+00
   1.5624425e+00   1.3563315e+01   2.0325276e+00
   3.5588411e+00   1.4337578e+01   4.0950072e+00
   1.6881571e+00   1.0601793e+01   2.6476268e+00
   2.1438671e+00   1.1554069e+01   2.9657145e+00
   1.8733381e+00   1.0945333e+01   2.7834210e+00
   2.1248508e+00   1.3119425e+01   2.6915227e+00
   1.0210092e+00   1.0005761e+01   2.0209649e+00
   2.2075658e+00   1.3420820e+01   2.7422912e+00
   2.4138211e+00   1.5800085e+01   2.7304235e+00
   1.0294540e+00   1.1875307e+01   1.6756852e+00
   2.0526900e+00   1.2786213e+01   2.6587438e+00
  -5.2372178e-02   1.0392525e+01   7.3814281e-01
   2.1583192e+00   1.3208780e+01   2.7160820e+00
  -5.3320026e-02   1.0311283e+01   7.5210276e-01
   2.0442079e+00   1.2270401e+01   2.7274989e+00
   8.2496967e-01   1.2402410e+01   1.3808619e+00
   1.5223836e+00   1.2638231e+01   2.1023283e+00
   1.5830103e+00   1.1389363e+01   2.3671083e+00
   1.2342336e+00   1.2951615e+01   1.7516975e+00
   6.0612263e-01   1.0291282e+01   1.4883709e+00
   8.8678808e-01   1.1619443e+01   1.5593571e+00
   8.9058835e-01   1.1187362e+01   1.6348470e+00
   1.6175164e+00   1.1817728e+01   2.3301627e+00
   1.3636579e+00   1.1420043e+01   2.1174064e+00
   1.1893880e+00   1.1175250e+01   1.9678349e+00
   1.4272735e+00   1.2233539e+01   2.0560556e+00
   7.4402491e-01   1.1417248e+01   1.4354353e+00
   1.3426159e+00   1.1476471e+01   2.0841906e+00
