   1.8380038e+00   1.8431903e+00   3.3255513e+01
   2.8583188e+00   2.8685010e+00   3.0971524e+01
   1.6020065e+00   1.6025956e+00   4.2560828e+01
   2.9311740e+00   2.9324188e+00   4.0145577e+01
   3.1093056e+00   3.2529890e+00   1.9666242e+01
   3.1936992e+00   3.2686215e+00   2.2539338e+01
   2.3026138e+00   2.4312506e+00   1.9613595e+01
   3.3132852e+00   3.3979040e+00   2.2094221e+01
   3.0174180e+00   3.0487156e+00   2.6203939e+01
   2.9662220e+00   2.9863199e+00   2.8091528e+01
   2.1900819e+00   2.1904690e+00   4.4742428e+01
   2.9757996e+00   2.9761217e+00   4.6045592e+01
   2.3575501e+00   2.3589071e+00   3.9399074e+01
   3.0442538e+00   3.0454281e+00   4.0473967e+01
   1.7953500e+00   1.7958723e+00   4.3199026e+01
   3.0150362e+00   3.0156508e+00   4.3266615e+01
   2.1490055e+00   2.2612431e+00   2.0106679e+01
   3.2440414e+00   3.3186953e+00   2.2589160e+01
   1.6592353e+00   1.6600975e+00   4.0940293e+01
   1.9443395e+00   1.9454044e+00   4.0195267e+01
   3.4017222e+00   3.4028664e+00   4.0829275e+01
   1.8684716e+00   1.8695933e+00   3.9923351e+01
   2.6993902e+00   2.7003531e+00   4.1108667e+01
   2.0522162e+00   2.0529064e+00   4.2144623e+01
   3.1594563e+00   3.1599921e+00   4.3959579e+01
   1.9321305e+00   1.9326883e+00   4.2996298e+01
   2.4070152e+00   2.4090868e+00   3.7593531e+01
   2.0222342e+00   2.0236984e+00   3.8860170e+01
   2.2305915e+00   2.2515359e+00   2.7437050e+01
   1.8930652e+00   1.9081209e+00   2.8661616e+01
   1.7161270e+00   1.7166426e+00   4.3206943e+01
   1.8541449e+00   1.8545606e+00   4.4225256e+01
   2.3501856e+00   2.3510053e+00   4.1583838e+01
   1.9579392e+00   1.9587192e+00   4.1555704e+01
   3.4431252e+00   3.4483388e+00   3.4271907e+01
   1.5851165e+00   1.5880815e+00   3.5532570e+01
   2.6342016e+00   2.6378048e+00   3.5335635e+01
   1.6599250e+00   1.6620557e+00   3.7011817e+01
   3.2675485e+00   3.2687144e+00   4.0655968e+01
   1.7657191e+00   1.7664273e+00   4.1858850e+01
   2.3711166e+00   2.3743282e+00   3.5666813e+01
   1.6499727e+00   1.6521334e+00   3.6945271e+01
   2.1454819e+00   2.1463515e+00   4.1198866e+01
   1.4241367e+00   1.4245107e+00   4.4430145e+01
   1.8804361e+00   1.8815291e+00   4.0043055e+01
   1.6936863e+00   1.6944339e+00   4.1580617e+01
   2.4617299e+00   2.4657199e+00   3.4781953e+01
   1.7429710e+00   1.7456566e+00   3.6056334e+01
   2.4820407e+00   2.4826046e+00   4.3292587e+01
   3.3644660e+00   3.3648153e+00   4.5956503e+01
   3.1291365e+00   3.1298441e+00   4.2731114e+01
   3.4949904e+00   3.4959000e+00   4.1889541e+01
   2.3235543e+00   2.3240921e+00   4.3397122e+01
   3.4612055e+00   3.4615921e+00   4.5582422e+01
   2.2721123e+00   2.2727588e+00   4.2565187e+01
   3.4179211e+00   3.4183919e+00   4.4696744e+01
   1.7288977e+00   1.7299899e+00   3.9954994e+01
   3.4206829e+00   3.4222807e+00   3.9391899e+01
   2.3458855e+00   2.3464986e+00   4.2841946e+01
   3.4958693e+00   3.4965550e+00   4.3117333e+01
   3.1417142e+00   3.1419419e+00   4.7663251e+01
   2.6195957e+00   2.6201490e+00   4.3463577e+01
   2.3391052e+00   2.3392605e+00   4.8800850e+01
   2.5903448e+00   2.5905547e+00   4.7652550e+01
   2.3823780e+00   2.3825776e+00   4.7738610e+01
   2.6408161e+00   2.6410139e+00   4.7944723e+01
   1.8340595e+00   1.8344651e+00   4.4320766e+01
   2.6324290e+00   2.6332184e+00   4.1928221e+01
   2.3433670e+00   2.3435812e+00   4.7408778e+01
   2.6079999e+00   2.6084360e+00   4.4488891e+01
   2.2408987e+00   2.2598952e+00   2.7867209e+01
   3.0549538e+00   3.0553820e+00   4.4862678e+01
   2.3285954e+00   2.3289339e+00   4.5411114e+01
   3.1188735e+00   3.1190792e+00   4.8090431e+01
   1.7489994e+00   1.7494138e+00   4.4175610e+01
   3.0749147e+00   3.0753729e+00   4.4581582e+01
   2.3533707e+00   2.3538534e+00   4.3886327e+01
   3.1426801e+00   3.1432407e+00   4.3751497e+01
   2.3635217e+00   2.3656730e+00   3.7402081e+01
   2.3648255e+00   2.3678878e+00   3.5869596e+01
   1.6850211e+00   1.6864114e+00   3.8880679e+01
   2.2195871e+00   2.2220462e+00   3.6730707e+01
   2.3500819e+00   2.3503169e+00   4.7009257e+01
   2.3595649e+00   2.3599811e+00   4.4533242e+01
   2.0343188e+00   2.0345879e+00   4.6223863e+01
   2.5755215e+00   2.5758877e+00   4.5226920e+01
   2.2312854e+00   2.2316386e+00   4.5165316e+01
   2.2308008e+00   2.2313376e+00   4.3347003e+01
   2.2130242e+00   2.2142639e+00   3.9701074e+01
   1.6902617e+00   1.6912565e+00   4.0337636e+01
