   1.3292233e+00   1.3344523e+00   3.2919615e+01
   2.1555208e+00   2.1641476e+00   3.1240871e+01
   1.2614534e+00   1.2620270e+00   4.2478675e+01
   2.2286600e+00   2.2296038e+00   4.0895120e+01
   2.3749470e+00   2.4959960e+00   1.9922763e+01
   2.4832658e+00   2.5603856e+00   2.1944070e+01
   1.6732547e+00   1.7842894e+00   1.9861062e+01
   2.5987887e+00   2.6851403e+00   2.1529059e+01
   2.5377603e+00   2.5658240e+00   2.6362367e+01
   2.2554461e+00   2.2734180e+00   2.8117010e+01
   1.6961846e+00   1.6965504e+00   4.4685201e+01
   2.2778006e+00   2.2780677e+00   4.6408540e+01
   1.8291333e+00   1.8303375e+00   3.9591409e+01
   2.3097744e+00   2.3107945e+00   4.0608602e+01
   1.3549040e+00   1.3553833e+00   4.3311504e+01
   2.2756910e+00   2.2762048e+00   4.3565498e+01
   1.6503116e+00   1.7501134e+00   2.0309387e+01
   2.5364203e+00   2.6134102e+00   2.1985646e+01
   1.3209044e+00   1.3217390e+00   4.0883723e+01
   1.4385775e+00   1.4394383e+00   4.0817826e+01
   2.6412866e+00   2.6423022e+00   4.0839344e+01
   1.3489066e+00   1.3497637e+00   4.0784468e+01
   2.0542703e+00   2.0551076e+00   4.1306845e+01
   1.5368438e+00   1.5374537e+00   4.2371673e+01
   2.6815030e+00   2.6820264e+00   4.3743676e+01
   1.4307145e+00   1.4311229e+00   4.4051265e+01
   1.9248316e+00   1.9267005e+00   3.7740849e+01
   1.5099348e+00   1.5113054e+00   3.8839551e+01
   1.6997506e+00   1.7182866e+00   2.7642282e+01
   1.3791021e+00   1.3933886e+00   2.8584072e+01
   1.2755054e+00   1.2759796e+00   4.3312994e+01
   1.3370144e+00   1.3373940e+00   4.4314626e+01
   1.8335131e+00   1.8342618e+00   4.1657447e+01
   1.4398400e+00   1.4404907e+00   4.2033858e+01
   2.6813288e+00   2.6857560e+00   3.4471935e+01
   1.2437469e+00   1.2464792e+00   3.5689322e+01
   1.9898849e+00   1.9930024e+00   3.5558363e+01
   1.3259813e+00   1.3280653e+00   3.6912752e+01
   2.7888809e+00   2.7899683e+00   4.0639047e+01
   1.4313809e+00   1.4319662e+00   4.2488401e+01
   1.8779287e+00   1.8808117e+00   3.5829566e+01
   1.3068447e+00   1.3088950e+00   3.6972538e+01
   1.6060686e+00   1.6068423e+00   4.1379479e+01
   1.0784581e+00   1.0788300e+00   4.4256739e+01
   1.4438928e+00   1.4448895e+00   4.0184413e+01
   1.3588696e+00   1.3595817e+00   4.1595448e+01
   1.9513696e+00   1.9549359e+00   3.4950747e+01
   1.4119709e+00   1.4145458e+00   3.6043871e+01
   1.8273511e+00   1.8278512e+00   4.3407300e+01
   2.5988041e+00   2.5991003e+00   4.6162662e+01
   2.6489629e+00   2.6496317e+00   4.2658648e+01
   2.7374632e+00   2.7380868e+00   4.3020340e+01
   1.8336201e+00   1.8341093e+00   4.3506015e+01
   2.7015568e+00   2.7018755e+00   4.5911924e+01
   1.7436128e+00   1.7441931e+00   4.2710817e+01
   2.6634564e+00   2.6638716e+00   4.4738575e+01
   1.2862545e+00   1.2872600e+00   4.0054950e+01
   2.6588886e+00   2.6602304e+00   3.9641277e+01
   1.8300594e+00   1.8306283e+00   4.2848208e+01
   2.7372526e+00   2.7377788e+00   4.3758208e+01
   2.6626140e+00   2.6628695e+00   4.6846475e+01
   1.9731164e+00   1.9734861e+00   4.4808303e+01
   1.8466277e+00   1.8467749e+00   4.8729542e+01
   1.9386143e+00   1.9387679e+00   4.8599898e+01
   1.8518539e+00   1.8520341e+00   4.7854913e+01
   1.9949845e+00   1.9951490e+00   4.8338382e+01
   1.3970711e+00   1.3974472e+00   4.4389471e+01
   1.9858069e+00   1.9864734e+00   4.2255417e+01
   1.8265260e+00   1.8267452e+00   4.6988581e+01
   1.9611421e+00   1.9614641e+00   4.5400543e+01
   1.7510472e+00   1.7680257e+00   2.8054028e+01
   2.5700113e+00   2.5704046e+00   4.4913304e+01
   1.7965849e+00   1.7968875e+00   4.5570387e+01
   2.6363446e+00   2.6365362e+00   4.8078005e+01
   1.3105031e+00   1.3108858e+00   4.4263570e+01
   2.5923768e+00   2.5927861e+00   4.4755007e+01
   1.8401659e+00   1.8406054e+00   4.3975288e+01
   2.6637403e+00   2.6641702e+00   4.4587462e+01
   1.8311528e+00   1.8332628e+00   3.7156741e+01
   1.8778694e+00   1.8806047e+00   3.6058004e+01
   1.2393858e+00   1.2406513e+00   3.9029163e+01
   1.7265331e+00   1.7287195e+00   3.6939649e+01
   1.8368174e+00   1.8370516e+00   4.6706310e+01
   1.8757001e+00   1.8760151e+00   4.5443521e+01
   1.6070367e+00   1.6072867e+00   4.6286077e+01
   2.0545055e+00   2.0548189e+00   4.5573883e+01
   1.7091353e+00   1.7094721e+00   4.5052410e+01
   1.6935824e+00   1.6940016e+00   4.4093092e+01
   1.6914440e+00   1.6925682e+00   3.9807269e+01
   1.2461505e+00   1.2470151e+00   4.0687773e+01
