   7.1536405e-01   7.2062603e-01   3.2549265e+01
   1.2397346e+00   1.2467573e+00   3.1587566e+01
   8.0385942e-01   8.0447291e-01   4.1930557e+01
   1.3162718e+00   1.3170853e+00   4.0992769e+01
   1.3668874e+00   1.4626535e+00   2.0320668e+01
   1.5344198e+00   1.6114215e+00   2.1364604e+01
   8.5578994e-01   9.4757486e-01   2.0214036e+01
   1.6463798e+00   1.7317074e+00   2.0986114e+01
   1.8514708e+00   1.8755516e+00   2.6597634e+01
   1.3367777e+00   1.3529397e+00   2.8024041e+01
   1.0376767e+00   1.0380049e+00   4.4777730e+01
   1.3224300e+00   1.3227120e+00   4.5597399e+01
   1.1792288e+00   1.1802709e+00   3.9838603e+01
   1.3662995e+00   1.3672114e+00   4.0525243e+01
   7.8918746e-01   7.8962611e-01   4.3379458e+01
   1.3256446e+00   1.3261142e+00   4.3383308e+01
   9.8777993e-01   1.0733446e+00   2.0592095e+01
   1.5863585e+00   1.6633391e+00   2.1396600e+01
   8.6612497e-01   8.6696928e-01   4.0577791e+01
   8.3070233e-01   8.3157144e-01   4.0432619e+01
   1.5998831e+00   1.6008372e+00   4.0465733e+01
   7.2392951e-01   7.2472642e-01   4.0751095e+01
   1.2203352e+00   1.2210441e+00   4.1535083e+01
   9.1949978e-01   9.2009514e-01   4.2124418e+01
   1.9973149e+00   1.9978703e+00   4.3054319e+01
   8.2902217e-01   8.2942291e-01   4.3793799e+01
   1.2814937e+00   1.2831169e+00   3.7972360e+01
   8.9509485e-01   8.9641517e-01   3.8651965e+01
   1.0483107e+00   1.0642772e+00   2.7912716e+01
   7.6260699e-01   7.7607905e-01   2.8492417e+01
   7.1069049e-01   7.1112455e-01   4.3382519e+01
   7.1646306e-01   7.1685518e-01   4.3827002e+01
   1.1518967e+00   1.1525928e+00   4.1575571e+01
   8.1919138e-01   8.1981504e-01   4.1867572e+01
   1.6380919e+00   1.6417399e+00   3.4663733e+01
   7.8009502e-01   7.8279129e-01   3.5488179e+01
   1.1568428e+00   1.1594253e+00   3.5884654e+01
   8.7366477e-01   8.7574694e-01   3.6661851e+01
   2.1056040e+00   2.1066395e+00   4.0416046e+01
   9.8035813e-01   9.8098106e-01   4.1961539e+01
   1.2204619e+00   1.2229651e+00   3.6056390e+01
   8.4223826e-01   8.4423074e-01   3.6835794e+01
   9.4144380e-01   9.4211397e-01   4.1622483e+01
   6.0971873e-01   6.1015067e-01   4.3349406e+01
   8.8267007e-01   8.8356146e-01   4.0351210e+01
   9.0522855e-01   9.0596691e-01   4.1181647e+01
   1.2754664e+00   1.2785712e+00   3.5152424e+01
   9.6191531e-01   9.6446758e-01   3.5826564e+01
   9.8110156e-01   9.8152467e-01   4.3641860e+01
   1.5518617e+00   1.5522642e+00   4.4185244e+01
   1.9643139e+00   1.9650209e+00   4.1986423e+01
   1.7031554e+00   1.7038399e+00   4.1968881e+01
   1.1824754e+00   1.1829206e+00   4.3533236e+01
   1.6637574e+00   1.6641802e+00   4.4037626e+01
   1.0929092e+00   1.0934193e+00   4.2892496e+01
   1.6291412e+00   1.6296457e+00   4.3249998e+01
   7.2022071e-01   7.2115718e-01   4.0048266e+01
   1.6185652e+00   1.6198041e+00   3.9342180e+01
   1.1500267e+00   1.1505665e+00   4.2678869e+01
   1.7014958e+00   1.7020777e+00   4.2673256e+01
   1.9784538e+00   1.9787736e+00   4.5440619e+01
   1.1387668e+00   1.1390767e+00   4.5081215e+01
   1.1905141e+00   1.1906664e+00   4.8197494e+01
   1.0953271e+00   1.0954735e+00   4.8312811e+01
   1.2023425e+00   1.2025072e+00   4.7863299e+01
   1.1610707e+00   1.1612307e+00   4.7966226e+01
   8.3720032e-01   8.3757668e-01   4.4070872e+01
   1.1499586e+00   1.1505277e+00   4.2449775e+01
   1.1436317e+00   1.1438673e+00   4.6276466e+01
   1.1238247e+00   1.1240962e+00   4.5648337e+01
   1.1000438e+00   1.1146966e+00   2.8314623e+01
   1.8799502e+00   1.8805578e+00   4.2593059e+01
   1.1424005e+00   1.1426676e+00   4.5729667e+01
   1.9454405e+00   1.9457361e+00   4.5762156e+01
   7.4818023e-01   7.4853376e-01   4.4294038e+01
   1.9041353e+00   1.9046092e+00   4.3686674e+01
   1.1635594e+00   1.1640050e+00   4.3519477e+01
   1.9795749e+00   1.9800919e+00   4.3355425e+01
   1.1747711e+00   1.1768299e+00   3.6879161e+01
   1.2231809e+00   1.2255622e+00   3.6274653e+01
   6.6982124e-01   6.7101699e-01   3.8959589e+01
   1.0695848e+00   1.0714921e+00   3.7151683e+01
   1.1595347e+00   1.1597865e+00   4.5996212e+01
   1.2284970e+00   1.2287844e+00   4.5460757e+01
   1.0580742e+00   1.0583120e+00   4.6186820e+01
   1.4160671e+00   1.4163387e+00   4.5815304e+01
   1.0241294e+00   1.0244718e+00   4.4584566e+01
   1.0392358e+00   1.0395997e+00   4.4328076e+01
   1.0030112e+00   1.0040254e+00   3.9857457e+01
   6.7725724e-01   6.7806204e-01   4.0683102e+01
