   1.7746217e+00   1.7798128e+00   3.3213432e+01
   2.7701967e+00   2.7801526e+00   3.1011197e+01
   1.5522792e+00   1.5528707e+00   4.2514238e+01
   2.8424300e+00   2.8435851e+00   4.0411975e+01
   3.0079536e+00   3.1482987e+00   1.9699205e+01
   3.1028598e+00   3.1779358e+00   2.2468928e+01
   2.2259157e+00   2.3522671e+00   1.9642495e+01
   3.2226146e+00   3.3073526e+00   2.2026109e+01
   2.9288227e+00   2.9594986e+00   2.6231939e+01
   2.8769298e+00   2.8967462e+00   2.8093515e+01
   2.1255378e+00   2.1259239e+00   4.4712527e+01
   2.8866097e+00   2.8869221e+00   4.6118718e+01
   2.2877261e+00   2.2890611e+00   3.9426358e+01
   2.9520460e+00   2.9532018e+00   4.0481475e+01
   1.7408816e+00   1.7414005e+00   4.3194802e+01
   2.9225128e+00   2.9231012e+00   4.3394305e+01
   2.0831438e+00   2.1936774e+00   2.0131715e+01
   3.1539415e+00   3.2287904e+00   2.2516596e+01
   1.6097553e+00   1.6106166e+00   4.0915503e+01
   1.8808832e+00   1.8818848e+00   4.0422769e+01
   3.2973762e+00   3.2985157e+00   4.0775353e+01
   1.8034709e+00   1.8045376e+00   4.0102676e+01
   2.6207719e+00   2.6217197e+00   4.1125963e+01
   1.9872915e+00   1.9879701e+00   4.2178768e+01
   3.0706492e+00   3.0711874e+00   4.3880115e+01
   1.8694198e+00   1.8699483e+00   4.3192874e+01
   2.3436710e+00   2.3457156e+00   3.7610454e+01
   1.9578215e+00   1.9592697e+00   3.8868339e+01
   2.1601961e+00   2.1808048e+00   2.7463197e+01
   1.8284273e+00   1.8433823e+00   2.8651581e+01
   1.6615811e+00   1.6620935e+00   4.3202169e+01
   1.7894135e+00   1.7898159e+00   4.4327551e+01
   2.2820792e+00   2.2828939e+00   4.1567490e+01
   1.8926889e+00   1.8934414e+00   4.1671889e+01
   3.3386849e+00   3.3437909e+00   3.4290816e+01
   1.5360039e+00   1.5389181e+00   3.5578818e+01
   2.5555612e+00   2.5591022e+00   3.5360576e+01
   1.6112587e+00   1.6133800e+00   3.7002166e+01
   3.1794617e+00   3.1806143e+00   4.0645820e+01
   1.7180931e+00   1.7187778e+00   4.1976448e+01
   2.3065678e+00   2.3097347e+00   3.5686859e+01
   1.6002903e+00   1.6024329e+00   3.6952466e+01
   2.0743850e+00   2.0752391e+00   4.1232777e+01
   1.3742952e+00   1.3746703e+00   4.4387850e+01
   1.8264789e+00   1.8275595e+00   4.0060057e+01
   1.6452377e+00   1.6459727e+00   4.1625778e+01
   2.3946998e+00   2.3986371e+00   3.4796996e+01
   1.6948380e+00   1.6974975e+00   3.6069846e+01
   2.4022902e+00   2.4028443e+00   4.3317675e+01
   3.2591225e+00   3.2594688e+00   4.5921644e+01
   3.0400168e+00   3.0407237e+00   4.2675082e+01
   3.3906970e+00   3.3915608e+00   4.2042447e+01
   2.2591826e+00   2.2597160e+00   4.3392773e+01
   3.3564921e+00   3.3568741e+00   4.5562415e+01
   2.2022181e+00   2.2028556e+00   4.2583043e+01
   3.3141557e+00   3.3146272e+00   4.4618483e+01
   1.6740576e+00   1.6751403e+00   3.9960625e+01
   3.3158696e+00   3.3174242e+00   3.9439277e+01
   2.2779440e+00   2.2785551e+00   4.2813418e+01
   3.3913965e+00   3.3920528e+00   4.3235717e+01
   3.0523587e+00   3.0525958e+00   4.7428012e+01
   2.5409330e+00   2.5414481e+00   4.3722662e+01
   2.2746916e+00   2.2748482e+00   4.8727055e+01
   2.5111446e+00   2.5113421e+00   4.7867065e+01
   2.3118904e+00   2.3120873e+00   4.7753911e+01
   2.5620833e+00   2.5622751e+00   4.8027202e+01
   1.7800583e+00   1.7804642e+00   4.4285169e+01
   2.5535529e+00   2.5543140e+00   4.2035933e+01
   2.2755383e+00   2.2757571e+00   4.7273032e+01
   2.5293997e+00   2.5298053e+00   4.4752760e+01
   2.1764613e+00   2.1951825e+00   2.7890269e+01
   2.9662594e+00   2.9670073e+00   4.2381566e+01
   2.2580261e+00   2.2583600e+00   4.5425616e+01
   3.0295991e+00   3.0298057e+00   4.8010965e+01
   1.6947127e+00   1.6951246e+00   4.4169329e+01
   2.9854373e+00   2.9858762e+00   4.4709182e+01
   2.2860029e+00   2.2864867e+00   4.3832999e+01
   3.0538453e+00   3.0543771e+00   4.3920632e+01
   2.2930824e+00   2.2952247e+00   3.7375847e+01
   2.3013824e+00   2.3043979e+00   3.5896347e+01
   1.6297432e+00   1.6311223e+00   3.8883157e+01
   2.1550392e+00   2.1574511e+00   3.6774661e+01
   2.2824114e+00   2.2826500e+00   4.6901312e+01
   2.2963152e+00   2.2967041e+00   4.4787216e+01
   1.9816280e+00   1.9818965e+00   4.6201291e+01
   2.5063126e+00   2.5066571e+00   4.5448001e+01
   2.1624381e+00   2.1627936e+00   4.5094301e+01
   2.1594161e+00   2.1599225e+00   4.3556114e+01
   2.1445632e+00   2.1457914e+00   3.9698913e+01
   1.6354819e+00   1.6364492e+00   4.0426923e+01
