   1.5656758e+00   1.5708659e+00   3.3089904e+01
   2.4825699e+00   2.4918322e+00   3.1138529e+01
   1.4097383e+00   1.4102954e+00   4.2691123e+01
   2.5551338e+00   2.5561200e+00   4.0911240e+01
   2.7069248e+00   2.8376731e+00   1.9804838e+01
   2.8124194e+00   2.8883335e+00   2.2226892e+01
   1.9683462e+00   2.0873029e+00   1.9742503e+01
   2.9303743e+00   3.0158464e+00   2.1791705e+01
   2.7283303e+00   2.7575835e+00   2.6305860e+01
   2.5858879e+00   2.6047309e+00   2.8122003e+01
   1.9214643e+00   1.9218346e+00   4.4768437e+01
   2.6019446e+00   2.6022025e+00   4.6766495e+01
   2.0679652e+00   2.0692363e+00   3.9502681e+01
   2.6510396e+00   2.6521152e+00   4.0596406e+01
   1.5613351e+00   1.5618343e+00   4.3255637e+01
   2.6197985e+00   2.6203313e+00   4.3627051e+01
   1.8782137e+00   1.9835179e+00   2.0214958e+01
   2.8645408e+00   2.9403350e+00   2.2268223e+01
   1.4680966e+00   1.4689232e+00   4.1011300e+01
   1.6725660e+00   1.6734446e+00   4.0866790e+01
   2.9860343e+00   2.9870303e+00   4.1150827e+01
   1.5895906e+00   1.5904535e+00   4.0895642e+01
   2.3564376e+00   2.3573222e+00   4.1256747e+01
   1.7747932e+00   1.7754119e+00   4.2450740e+01
   2.8706183e+00   2.8710991e+00   4.4236398e+01
   1.6629074e+00   1.6633071e+00   4.4281481e+01
   2.1443698e+00   2.1463201e+00   3.7690547e+01
   1.7462012e+00   1.7475861e+00   3.8934284e+01
   1.9394796e+00   1.9590680e+00   2.7547430e+01
   1.6162728e+00   1.6308895e+00   2.8623895e+01
   1.4818708e+00   1.4823660e+00   4.3244282e+01
   1.5759290e+00   1.5763033e+00   4.4514525e+01
   2.0696639e+00   2.0704225e+00   4.1745310e+01
   1.6788175e+00   1.6794756e+00   4.2125400e+01
   3.0271647e+00   3.0318548e+00   3.4449326e+01
   1.3942133e+00   1.3969407e+00   3.5783650e+01
   2.2916692e+00   2.2949982e+00   3.5460696e+01
   1.4720315e+00   1.4741097e+00   3.7009647e+01
   2.9800038e+00   2.9810714e+00   4.0844818e+01
   1.5799767e+00   1.5805462e+00   4.2694506e+01
   2.1028251e+00   2.1058438e+00   3.5767731e+01
   1.4576594e+00   1.4597290e+00   3.7019285e+01
   1.8500480e+00   1.8508625e+00   4.1301855e+01
   1.2307649e+00   1.2311246e+00   4.4486786e+01
   1.6483166e+00   1.6493573e+00   4.0116987e+01
   1.5059932e+00   1.5066993e+00   4.1717054e+01
   2.1850710e+00   2.1888069e+00   3.4893170e+01
   1.5570985e+00   1.5596725e+00   3.6130294e+01
   2.1340331e+00   2.1345541e+00   4.3415986e+01
   2.9455869e+00   2.9458511e+00   4.6886357e+01
   2.8388711e+00   2.8395046e+00   4.3018558e+01
   3.0804937e+00   3.0811043e+00   4.3338723e+01
   2.0567535e+00   2.0572565e+00   4.3521863e+01
   3.0452752e+00   3.0455646e+00   4.6557352e+01
   1.9823115e+00   1.9829201e+00   4.2648663e+01
   3.0054608e+00   3.0058602e+00   4.5132029e+01
   1.4931785e+00   1.4942232e+00   4.0008880e+01
   3.0041126e+00   3.0055120e+00   3.9685731e+01
   2.0659689e+00   2.0665368e+00   4.3000023e+01
   3.0807457e+00   3.0812529e+00   4.4144397e+01
   2.8517908e+00   2.8519890e+00   4.8072600e+01
   2.2768165e+00   2.2771884e+00   4.4969297e+01
   2.0711976e+00   2.0713389e+00   4.9042734e+01
   2.2449770e+00   2.2451294e+00   4.8825113e+01
   2.0910707e+00   2.0912584e+00   4.7823741e+01
   2.2979822e+00   2.2981514e+00   4.8403806e+01
   1.6016491e+00   1.6020420e+00   4.4319041e+01
   2.2893530e+00   2.2900565e+00   4.2209519e+01
   2.0630567e+00   2.0632549e+00   4.7570858e+01
   2.2651843e+00   2.2655101e+00   4.5536824e+01
   1.9737462e+00   1.9916029e+00   2.7970165e+01
   2.7630727e+00   2.7637958e+00   4.2393992e+01
   2.0367947e+00   2.0371137e+00   4.5486152e+01
   2.8271483e+00   2.8273213e+00   4.8646159e+01
   1.5154403e+00   1.5158398e+00   4.4196494e+01
   2.7831961e+00   2.7835891e+00   4.5055184e+01
   2.0753944e+00   2.0758343e+00   4.4115354e+01
   2.8533294e+00   2.8537428e+00   4.4880872e+01
   2.0716951e+00   2.0738175e+00   3.7278224e+01
   2.1006765e+00   2.1035454e+00   3.5987477e+01
   1.4476166e+00   1.4489421e+00   3.8948207e+01
   1.9518625e+00   1.9541519e+00   3.6875862e+01
   2.0714104e+00   2.0716247e+00   4.7235830e+01
   2.0969967e+00   2.0973106e+00   4.5593906e+01
   1.8069432e+00   1.8072033e+00   4.6232672e+01
   2.2887879e+00   2.2891113e+00   4.5585044e+01
   1.9478751e+00   1.9482002e+00   4.5349982e+01
   1.9350334e+00   1.9354619e+00   4.4142849e+01
   1.9304289e+00   1.9315859e+00   3.9826486e+01
   1.4539509e+00   1.4548396e+00   4.0688068e+01
