   1.9847793e+00   1.9899413e+00   3.3365366e+01
   3.0386628e+00   3.0491786e+00   3.0951335e+01
   1.6903247e+00   1.6908753e+00   4.2906429e+01
   3.1119624e+00   3.1132239e+00   4.0208227e+01
   3.3006074e+00   3.4507204e+00   1.9608118e+01
   3.3702811e+00   3.4433658e+00   2.2767648e+01
   2.4828646e+00   2.6170402e+00   1.9546881e+01
   3.4895549e+00   3.5728704e+00   2.2283095e+01
   3.0381873e+00   3.0695869e+00   2.6203728e+01
   3.1480096e+00   3.1682322e+00   2.8186491e+01
   2.3294171e+00   2.3298086e+00   4.4779963e+01
   3.1417491e+00   3.1420034e+00   4.7183885e+01
   2.5191085e+00   2.5205122e+00   3.9355112e+01
   3.2316290e+00   3.2328442e+00   4.0451398e+01
   1.9125430e+00   1.9130722e+00   4.3213247e+01
   3.2037231e+00   3.2044145e+00   4.2881492e+01
   2.2484097e+00   2.3632230e+00   2.0071099e+01
   3.4178097e+00   3.4909128e+00   2.2799338e+01
   1.7461357e+00   1.7469699e+00   4.1135702e+01
   2.0913130e+00   2.0924181e+00   4.0124493e+01
   3.5963423e+00   3.5974508e+00   4.1101142e+01
   2.0183818e+00   2.0191713e+00   4.1540206e+01
   2.8845945e+00   2.8855896e+00   4.1087133e+01
   2.2014798e+00   2.2021320e+00   4.2483274e+01
   3.1796199e+00   3.1801078e+00   4.4379404e+01
   2.0767220e+00   2.0770266e+00   4.5711405e+01
   2.5433518e+00   2.5454830e+00   3.7557347e+01
   2.1704479e+00   2.1718782e+00   3.9053583e+01
   2.3939429e+00   2.4156831e+00   2.7378309e+01
   2.0420305e+00   2.0573089e+00   2.8689091e+01
   1.8341075e+00   1.8346302e+00   4.3218389e+01
   2.0038020e+00   2.0042670e+00   4.3829250e+01
   2.4527795e+00   2.4535931e+00   4.1681558e+01
   2.1086407e+00   2.1093318e+00   4.2173952e+01
   3.6383241e+00   3.6436868e+00   3.4284934e+01
   1.6722912e+00   1.6749510e+00   3.6055991e+01
   2.8194567e+00   2.8232123e+00   3.5276648e+01
   1.7458832e+00   1.7479867e+00   3.7118991e+01
   3.2846793e+00   3.2858000e+00   4.0839143e+01
   1.8477925e+00   1.8482734e+00   4.3588512e+01
   2.5109223e+00   2.5142269e+00   3.5631920e+01
   1.7380014e+00   1.7401468e+00   3.7028631e+01
   2.3098301e+00   2.3107276e+00   4.1165021e+01
   1.5113375e+00   1.5117284e+00   4.4288824e+01
   1.9968527e+00   1.9979672e+00   4.0029342e+01
   1.7790166e+00   1.7798207e+00   4.1315470e+01
   2.5610734e+00   2.5651310e+00   3.4772777e+01
   1.8268404e+00   1.8294506e+00   3.6230464e+01
   2.6700995e+00   2.6706825e+00   4.3268947e+01
   3.5618787e+00   3.5621258e+00   4.7595058e+01
   3.1498729e+00   3.1505268e+00   4.3087579e+01
   3.6896829e+00   3.6901750e+00   4.4693396e+01
   2.4631412e+00   2.4636809e+00   4.3470078e+01
   3.6575278e+00   3.6577983e+00   4.7268337e+01
   2.4337956e+00   2.4344607e+00   4.2545000e+01
   3.6106124e+00   3.6110579e+00   4.5069420e+01
   1.8478877e+00   1.8489958e+00   3.9964242e+01
   3.6168341e+00   3.6185019e+00   3.9341692e+01
   2.4478609e+00   2.4484648e+00   4.2972563e+01
   3.6912306e+00   3.6917504e+00   4.4456303e+01
   3.1639900e+00   3.1641733e+00   4.8620278e+01
   2.8069406e+00   2.8072006e+00   4.6864308e+01
   2.4784210e+00   2.4785683e+00   4.9120544e+01
   2.7772585e+00   2.7774074e+00   4.9264814e+01
   2.5463826e+00   2.5465835e+00   4.7815035e+01
   2.8270312e+00   2.8272366e+00   4.7901026e+01
   1.9517389e+00   1.9521471e+00   4.4364009e+01
   2.8186688e+00   2.8195337e+00   4.1652839e+01
   2.4448886e+00   2.4450867e+00   4.7813457e+01
   2.7936140e+00   2.7939507e+00   4.5733488e+01
   2.3818746e+00   2.4014712e+00   2.7821168e+01
   3.0878054e+00   3.0899733e+00   3.7840832e+01
   2.4917670e+00   2.4921129e+00   4.5421914e+01
   3.1391712e+00   3.1393522e+00   4.8657451e+01
   1.8672693e+00   1.8676854e+00   4.4230013e+01
   3.0958355e+00   3.0963212e+00   4.4343197e+01
   2.4545696e+00   2.4550283e+00   4.4171552e+01
   3.1628776e+00   3.1632697e+00   4.5318022e+01
   2.5264334e+00   2.5286009e+00   3.7473234e+01
   2.5023140e+00   2.5054754e+00   3.5818749e+01
   1.8056096e+00   1.8070119e+00   3.8915907e+01
   2.3604790e+00   2.3630535e+00   3.6620383e+01
   2.4515521e+00   2.4517679e+00   4.7443322e+01
   2.4978240e+00   2.4981366e+00   4.5864739e+01
   2.1486227e+00   2.1488904e+00   4.6316743e+01
   2.7349966e+00   2.7354306e+00   4.4593149e+01
   2.3358216e+00   2.3361580e+00   4.5443005e+01
   2.3969949e+00   2.3974407e+00   4.4259120e+01
   2.3162042e+00   2.3174470e+00   3.9754806e+01
   1.8086033e+00   1.8095286e+00   4.0723166e+01
