  -4.2836704e-02  -3.7628966e-02   3.2200274e+01
  -3.1335095e-02  -2.6029934e-02   3.2125509e+01
   7.2804114e-02   7.3361834e-02   4.1960534e+01
   5.5488505e-02   5.6158417e-02   4.1155800e+01
  -1.6795681e-01  -1.0118463e-01   2.1058461e+01
   1.8218124e-01   2.5126259e-01   2.1087396e+01
  -1.8866638e-01  -1.1667925e-01   2.0721604e+01
   2.9449281e-01   3.7047328e-01   2.0732263e+01
   1.2282179e-01   1.3896705e-01   2.7369655e+01
   6.3863105e-02   7.9536281e-02   2.7468684e+01
  -1.2005844e-01  -1.1981465e-01   4.5458366e+01
  -9.1266566e-02  -9.1031927e-02   4.5638755e+01
   8.4237553e-02   8.5050239e-02   4.0331239e+01
   1.0227484e-01   1.0305798e-01   4.0501164e+01
   2.4939839e-02   2.5321253e-02   4.3586668e+01
   5.3149272e-02   5.3522626e-02   4.3693592e+01
  -3.9950434e-02   2.7290454e-02   2.1091812e+01
   2.2604048e-01   2.9503866e-01   2.1115247e+01
   1.3489667e-01   1.3567117e-01   4.0565954e+01
   8.1510445e-02   8.2332815e-02   4.0278419e+01
   1.0846321e-02   1.1466052e-02   4.1471540e+01
  -5.3883001e-02  -5.3095372e-02   4.0398064e+01
   1.5930062e-01   1.5985014e-01   4.2068720e+01
   1.5478974e-01   1.5532996e-01   4.2140531e+01
   2.6932928e-01   2.6966327e-01   4.4287657e+01
   8.0645766e-02   8.1074760e-02   4.3104142e+01
   1.3984829e-01   1.4108646e-01   3.8530825e+01
   1.3038110e-01   1.3160866e-01   3.8563421e+01
  -4.5520430e-02  -3.3110364e-02   2.8427672e+01
   1.2786454e-03   1.3647856e-02   2.8465367e+01
  -5.0356562e-02  -4.9976904e-02   4.3569112e+01
  -5.2161234e-02  -5.1797625e-02   4.3755791e+01
   9.9258918e-02   9.9797526e-02   4.2125333e+01
   5.3589472e-02   5.4169688e-02   4.1779120e+01
   4.7373379e-02   4.9864384e-02   3.5448155e+01
   3.5073800e-02   3.7681058e-02   3.5243880e+01
   9.6733539e-02   9.8750984e-02   3.6388774e+01
   1.4598266e-01   1.4795742e-01   3.6506624e+01
   3.7067647e-01   3.7133213e-01   4.1410663e+01
   2.4219914e-01   2.4289120e-01   4.1109481e+01
   6.7191310e-02   6.9106939e-02   3.6598762e+01
   9.9574783e-02   1.0144368e-01   3.6722363e+01
  -1.7294291e-01  -1.7241985e-01   4.2116993e+01
  -1.4095586e-01  -1.4050975e-01   4.2823774e+01
   1.2454687e-01   1.2530942e-01   4.0628210e+01
   1.7354672e-01   1.7425316e-01   4.0985077e+01
   2.2135296e-01   2.2378124e-01   3.5647265e+01
   2.3187725e-01   2.3430224e-01   3.5658559e+01
  -9.3246306e-02  -9.2920331e-02   4.4209918e+01
  -3.8458405e-02  -3.8180525e-02   4.4930379e+01
   2.3643891e-01   2.3690409e-01   4.2831766e+01
   1.2414010e-01   1.2466838e-01   4.2221989e+01
   3.9078072e-02   3.9412700e-02   4.4162097e+01
   8.7679366e-02   8.7973148e-02   4.4751953e+01
  -4.1045937e-03  -3.6980291e-03   4.3294796e+01
   4.7609006e-02   4.7946751e-02   4.4126127e+01
  -3.9219771e-02  -3.8334573e-02   3.9898171e+01
   3.5667325e-02   3.6516863e-02   4.0114184e+01
   9.7917890e-02   9.8335066e-02   4.3234180e+01
   1.2572238e-01   1.2614729e-01   4.3168533e+01
   2.5745553e-01   2.5763793e-01   4.6908738e+01
   8.2624337e-02   8.2936216e-02   4.4489793e+01
   3.7454042e-02   3.7562767e-02   4.9043635e+01
   2.3208780e-02   2.3342385e-02   4.8141515e+01
   1.1388845e-01   1.1402213e-01   4.8184690e+01
   1.0374457e-01   1.0387516e-01   4.8281135e+01
   8.3912641e-02   8.4334415e-02   4.3179500e+01
   8.8612817e-02   8.9066030e-02   4.2869651e+01
   8.5342251e-02   8.5520945e-02   4.6909937e+01
   5.6913283e-02   5.7163023e-02   4.5441811e+01
  -3.7602004e-02  -2.6350536e-02   2.8857269e+01
   1.9339589e-01   2.0285261e-01   2.9728621e+01
   4.2392710e-02   4.2602977e-02   4.6181677e+01
   2.1123472e-01   2.1140883e-01   4.7086658e+01
  -7.4860787e-03  -7.1757980e-03   4.4466854e+01
   1.7542849e-01   1.7572338e-01   4.4780200e+01
   1.1527246e-01   1.1561278e-01   4.4127300e+01
   2.5703405e-01   2.5741886e-01   4.3666127e+01
   7.0715918e-02   7.2549126e-02   3.6791533e+01
   6.9988854e-02   7.1824336e-02   3.6785785e+01
  -9.0150646e-02  -8.8716971e-02   3.7778788e+01
  -7.8958787e-02  -7.7487306e-02   3.7671292e+01
   1.1004043e-01   1.1023037e-01   4.6657316e+01
   8.8241080e-02   8.8499445e-02   4.5310159e+01
   3.1289062e-01   3.1310350e-01   4.6265953e+01
   3.3144850e-01   3.3167883e-01   4.5933375e+01
  -2.9491162e-02  -2.9229944e-02   4.5203394e+01
  -5.0618280e-02  -5.0279880e-02   4.4068594e+01
  -6.1509801e-02  -6.0721224e-02   4.0389051e+01
  -8.8419616e-02  -8.7583083e-02   4.0119323e+01
