   1.0670601e+00   1.0722614e+00   3.2793565e+01
   1.7699361e+00   1.7777745e+00   3.1421133e+01
   1.0559601e+00   1.0564826e+00   4.2766880e+01
   1.8444486e+00   1.8452451e+00   4.1395482e+01
   1.9418991e+00   2.0511996e+00   2.0092750e+01
   2.0841274e+00   2.1612960e+00   2.1688822e+01
   1.3295826e+00   1.4320495e+00   2.0005758e+01
   2.1975426e+00   2.2837001e+00   2.1282325e+01
   2.1689714e+00   2.1947033e+00   2.6505095e+01
   1.8670594e+00   1.8839883e+00   2.8136748e+01
   1.4314109e+00   1.4317331e+00   4.5080327e+01
   1.8773259e+00   1.8775341e+00   4.7242866e+01
   1.5598304e+00   1.5609598e+00   3.9709334e+01
   1.9092167e+00   1.9101596e+00   4.0702079e+01
   1.1174139e+00   1.1178620e+00   4.3468820e+01
   1.8721618e+00   1.8726295e+00   4.3725199e+01
   1.3665933e+00   1.4599718e+00   2.0429951e+01
   2.1372680e+00   2.2144768e+00   2.1719694e+01
   1.1169350e+00   1.1177057e+00   4.1114111e+01
   1.1795248e+00   1.1803050e+00   4.1095698e+01
   2.1936604e+00   2.1945020e+00   4.1371148e+01
   1.0829763e+00   1.0836512e+00   4.1670489e+01
   1.7029483e+00   1.7037120e+00   4.1493587e+01
   1.2734042e+00   1.2739634e+00   4.2596169e+01
   2.3131002e+00   2.3135273e+00   4.4392259e+01
   1.1743023e+00   1.1745916e+00   4.5400650e+01
   1.6667157e+00   1.6684561e+00   3.7894590e+01
   1.2478062e+00   1.2491041e+00   3.8924363e+01
   1.4296919e+00   1.4471130e+00   2.7752236e+01
   1.1158617e+00   1.1297714e+00   2.8549535e+01
   1.0382606e+00   1.0387042e+00   4.3468635e+01
   1.0721091e+00   1.0724674e+00   4.4415181e+01
   1.5405875e+00   1.5412614e+00   4.1940374e+01
   1.1750050e+00   1.1755733e+00   4.2468795e+01
   2.2322458e+00   2.2361710e+00   3.4708053e+01
   1.0351804e+00   1.0377241e+00   3.5882053e+01
   1.6393044e+00   1.6421652e+00   3.5720000e+01
   1.1221223e+00   1.1241406e+00   3.6935629e+01
   2.4191935e+00   2.4201370e+00   4.1016673e+01
   1.2262535e+00   1.2267254e+00   4.3306390e+01
   1.6131732e+00   1.6158742e+00   3.5954290e+01
   1.0976359e+00   1.0995952e+00   3.7050677e+01
   1.3309275e+00   1.3316510e+00   4.1509729e+01
   8.6772961e-01   8.6808535e-01   4.4332371e+01
   1.2080156e+00   1.2089525e+00   4.0317145e+01
   1.1544736e+00   1.1551558e+00   4.1664632e+01
   1.6610938e+00   1.6644020e+00   3.5102026e+01
   1.2090979e+00   1.2115705e+00   3.6103269e+01
   1.4711369e+00   1.4715818e+00   4.3703389e+01
   2.1482809e+00   2.1485125e+00   4.6946295e+01
   2.2807196e+00   2.2812967e+00   4.3064200e+01
   2.2928154e+00   2.2932698e+00   4.4109484e+01
   1.5716905e+00   1.5721385e+00   4.3731900e+01
   2.2547223e+00   2.2549724e+00   4.6678259e+01
   1.4741910e+00   1.4747346e+00   4.2834834e+01
   2.2183467e+00   2.2187107e+00   4.5026957e+01
   1.0483255e+00   1.0492870e+00   4.0114606e+01
   2.2108188e+00   2.2120273e+00   3.9810556e+01
   1.5376629e+00   1.5381687e+00   4.3185015e+01
   2.2909989e+00   2.2914061e+00   4.4585636e+01
   2.2937449e+00   2.2939197e+00   4.8259163e+01
   1.6211720e+00   1.6214004e+00   4.6687671e+01
   1.5827667e+00   1.5828940e+00   4.9203289e+01
   1.5831940e+00   1.5833093e+00   4.9634052e+01
   1.5824592e+00   1.5826281e+00   4.7975481e+01
   1.6431285e+00   1.6432775e+00   4.8555413e+01
   1.1616006e+00   1.1619682e+00   4.4354463e+01
   1.6335597e+00   1.6341704e+00   4.2422712e+01
   1.5331680e+00   1.5333422e+00   4.7810129e+01
   1.6084527e+00   1.6086899e+00   4.6515246e+01
   1.4892882e+00   1.5052721e+00   2.8160863e+01
   2.2017711e+00   2.2030105e+00   3.9695078e+01
   1.5254058e+00   1.5256879e+00   4.5713527e+01
   2.2650351e+00   2.2652036e+00   4.8400312e+01
   1.0742356e+00   1.0745920e+00   4.4439508e+01
   2.2220426e+00   2.2224096e+00   4.4993320e+01
   1.5487559e+00   1.5491493e+00   4.4282598e+01
   2.2943596e+00   2.2947041e+00   4.5312499e+01
   1.5595729e+00   1.5616598e+00   3.7042811e+01
   1.6137839e+00   1.6163538e+00   3.6170681e+01
   9.9970548e-01   1.0009100e+00   3.9108689e+01
   1.4608380e+00   1.4628918e+00   3.7054284e+01
   1.5456459e+00   1.5458367e+00   4.7423308e+01
   1.6144231e+00   1.6146619e+00   4.6490113e+01
   1.3767673e+00   1.3769985e+00   4.6491096e+01
   1.7907657e+00   1.7910572e+00   4.5727794e+01
   1.4140725e+00   1.4143612e+00   4.5548610e+01
   1.4224797e+00   1.4228233e+00   4.4796499e+01
   1.3956833e+00   1.3967066e+00   4.0042089e+01
   1.0073394e+00   1.0081238e+00   4.0975934e+01
