   6.3439940e-01   6.3963734e-01   3.2525499e+01
   1.1130852e+00   1.1199047e+00   3.1643163e+01
   7.6411197e-01   7.6464616e-01   4.2509991e+01
   1.1898001e+00   1.1906531e+00   4.0714040e+01
   1.2346015e+00   1.3273273e+00   2.0383868e+01
   1.4047383e+00   1.4815037e+00   2.1301670e+01
   7.4222822e-01   8.3160353e-01   2.0266879e+01
   1.5159044e+00   1.6009095e+00   2.0924927e+01
   1.7710221e+00   1.7945685e+00   2.6646435e+01
   1.2107143e+00   1.2266651e+00   2.8008843e+01
   9.3620293e-01   9.3650534e-01   4.5075351e+01
   1.1904698e+00   1.1907028e+00   4.6351381e+01
   1.0812053e+00   1.0822180e+00   3.9907682e+01
   1.2384220e+00   1.2392935e+00   4.0648390e+01
   7.1014159e-01   7.1055865e-01   4.3555740e+01
   1.1965186e+00   1.1969815e+00   4.3372918e+01
   9.0352154e-01   9.8736711e-01   2.0633035e+01
   1.4554215e+00   1.5321855e+00   2.1331439e+01
   8.2644253e-01   8.2720588e-01   4.0993794e+01
   7.5039029e-01   7.5126832e-01   4.0344457e+01
   1.4628871e+00   1.4636896e+00   4.1136747e+01
   6.4165400e-01   6.4237707e-01   4.1129086e+01
   1.1049538e+00   1.1056280e+00   4.1687546e+01
   8.3858908e-01   8.3914112e-01   4.2407974e+01
   1.9171522e+00   1.9176065e+00   4.3879120e+01
   7.4988932e-01   7.5022045e-01   4.4579176e+01
   1.1818614e+00   1.1834288e+00   3.8067385e+01
   8.1443940e-01   8.1571838e-01   3.8745847e+01
   9.5064020e-01   9.6624479e-01   2.7957754e+01
   6.8165273e-01   6.9498746e-01   2.8493013e+01
   6.3196370e-01   6.3237717e-01   4.3551189e+01
   6.3475437e-01   6.3514293e-01   4.3822565e+01
   1.0654984e+00   1.0661348e+00   4.1916225e+01
   7.3797579e-01   7.3855782e-01   4.2123311e+01
   1.5011270e+00   1.5045357e+00   3.4877670e+01
   7.3969095e-01   7.4229575e-01   3.5616093e+01
   1.0414253e+00   1.0439254e+00   3.5960415e+01
   8.3441490e-01   8.3643889e-01   3.6763384e+01
   2.0263001e+00   2.0272237e+00   4.0863872e+01
   9.4196943e-01   9.4249578e-01   4.2671878e+01
   1.1192707e+00   1.1216964e+00   3.6135467e+01
   8.0169168e-01   8.0361683e-01   3.6962884e+01
   8.4148554e-01   8.4213467e-01   4.1705983e+01
   5.6770922e-01   5.6809065e-01   4.3867055e+01
   8.0455558e-01   8.0541664e-01   4.0458718e+01
   8.6526889e-01   8.6597547e-01   4.1350694e+01
   1.1894847e+00   1.1924829e+00   3.5255128e+01
   9.2309563e-01   9.2559048e-01   3.5903865e+01
   8.6395995e-01   8.6435650e-01   4.3858600e+01
   1.4143690e+00   1.4146543e+00   4.5598572e+01
   1.8836810e+00   1.8842816e+00   4.2645472e+01
   1.5672048e+00   1.5677169e+00   4.3148451e+01
   1.0821600e+00   1.0825752e+00   4.3781004e+01
   1.5279550e+00   1.5282625e+00   4.5341332e+01
   9.9473817e-01   9.9523162e-01   4.2981553e+01
   1.4931948e+00   1.4935897e+00   4.4234222e+01
   6.4140078e-01   6.4231214e-01   4.0123764e+01
   1.4820271e+00   1.4831582e+00   3.9657171e+01
   1.0640619e+00   1.0645463e+00   4.3100909e+01
   1.5658343e+00   1.5662964e+00   4.3593588e+01
   1.8987365e+00   1.8989601e+00   4.6944536e+01
   1.0241900e+00   1.0244475e+00   4.5823207e+01
   1.0894189e+00   1.0895470e+00   4.8891269e+01
   9.7878298e-01   9.7891542e-01   4.8684816e+01
   1.1048348e+00   1.1049897e+00   4.8074218e+01
   1.0461611e+00   1.0463157e+00   4.8051096e+01
   7.5892360e-01   7.5927942e-01   4.4271854e+01
   1.0347883e+00   1.0353661e+00   4.2318590e+01
   1.0569547e+00   1.0571419e+00   4.7225754e+01
   1.0078376e+00   1.0080954e+00   4.5807827e+01
   9.9993624e-01   1.0142322e+00   2.8365531e+01
   1.7992051e+00   1.7997416e+00   4.3084898e+01
   1.0440214e+00   1.0442749e+00   4.5901349e+01
   1.8647881e+00   1.8650143e+00   4.6873723e+01
   6.6987313e-01   6.7020637e-01   4.4508368e+01
   1.8236702e+00   1.8241012e+00   4.4050236e+01
   1.0783203e+00   1.0787089e+00   4.4065177e+01
   1.9003653e+00   1.9007944e+00   4.4115512e+01
   1.0758064e+00   1.0778478e+00   3.6860096e+01
   1.1227555e+00   1.1250797e+00   3.6323055e+01
   5.9076255e-01   5.9194934e-01   3.8949896e+01
   9.6923165e-01   9.7111253e-01   3.7156254e+01
   1.0738822e+00   1.0740856e+00   4.6873663e+01
   1.1292648e+00   1.1295357e+00   4.5660917e+01
   9.8108764e-01   9.8130789e-01   4.6477208e+01
   1.3195510e+00   1.3198522e+00   4.5309582e+01
   9.3764145e-01   9.3793277e-01   4.5238554e+01
   9.4120821e-01   9.4156672e-01   4.4339105e+01
   9.1544476e-01   9.1639437e-01   4.0094502e+01
   5.9779834e-01   5.9859045e-01   4.0709495e+01
