   7.9889642e-01   8.0417447e-01   3.2581442e+01
   1.3680256e+00   1.3753215e+00   3.1495543e+01
   8.4950545e-01   8.5015961e-01   4.1676871e+01
   1.4438334e+00   1.4447568e+00   4.0516051e+01
   1.5001386e+00   1.5990010e+00   2.0260987e+01
   1.6658499e+00   1.7431224e+00   2.1427639e+01
   9.7031830e-01   1.0645932e+00   2.0161796e+01
   1.7787021e+00   1.8643021e+00   2.1051966e+01
   1.9203345e+00   1.9448558e+00   2.6560835e+01
   1.4643691e+00   1.4808255e+00   2.8019776e+01
   1.1375602e+00   1.1379051e+00   4.4617981e+01
   1.4556024e+00   1.4559420e+00   4.4866201e+01
   1.2750968e+00   1.2761662e+00   3.9781029e+01
   1.4967927e+00   1.4977542e+00   4.0370983e+01
   8.6960443e-01   8.7005757e-01   4.3282447e+01
   1.4568019e+00   1.4573150e+00   4.3075437e+01
   1.0753416e+00   1.1626968e+00   2.0551647e+01
   1.7186830e+00   1.7958524e+00   2.1465149e+01
   9.1134253e-01   9.1222954e-01   4.0388406e+01
   9.1334126e-01   9.1432076e-01   3.9958795e+01
   1.7377298e+00   1.7387827e+00   4.0119393e+01
   8.0872820e-01   8.0968331e-01   4.0010788e+01
   1.3368857e+00   1.3376249e+00   4.1420065e+01
   1.0032986e+00   1.0039447e+00   4.1815813e+01
   2.0656286e+00   2.0662476e+00   4.2625728e+01
   9.1080054e-01   9.1131133e-01   4.2784995e+01
   1.3792568e+00   1.3809267e+00   3.7905462e+01
   9.7881918e-01   9.8019154e-01   3.8530453e+01
   1.1443214e+00   1.1606487e+00   2.7869841e+01
   8.4637477e-01   8.5999222e-01   2.8491624e+01
   7.9075981e-01   7.9120831e-01   4.3283856e+01
   8.0095527e-01   8.0138087e-01   4.3517051e+01
   1.2416117e+00   1.2423468e+00   4.1389424e+01
   9.0347973e-01   9.0418009e-01   4.1410127e+01
   1.7756175e+00   1.7794474e+00   3.4534557e+01
   8.2572951e-01   8.2858746e-01   3.5260192e+01
   1.2733223e+00   1.2759851e+00   3.5818048e+01
   9.1805744e-01   9.2019511e-01   3.6572098e+01
   2.1730920e+00   2.1741968e+00   4.0176527e+01
   1.0234978e+00   1.0242445e+00   4.1198735e+01
   1.3199415e+00   1.3225131e+00   3.5996220e+01
   8.8797412e-01   8.9003553e-01   3.6713252e+01
   1.0397451e+00   1.0404327e+00   4.1565263e+01
   6.5639576e-01   6.5687079e-01   4.2961534e+01
   9.6233482e-01   9.6324780e-01   4.0291362e+01
   9.4972746e-01   9.5051281e-01   4.0938313e+01
   1.3645080e+00   1.3677012e+00   3.5081669e+01
   1.0058123e+00   1.0084469e+00   3.5713176e+01
   1.0995537e+00   1.0999972e+00   4.3503047e+01
   1.6901330e+00   1.6906376e+00   4.3285022e+01
   2.0330972e+00   2.0338707e+00   4.1637883e+01
   1.8397588e+00   1.8406447e+00   4.0931043e+01
   1.2810733e+00   1.2815403e+00   4.3383082e+01
   1.8006687e+00   1.8012000e+00   4.3128144e+01
   1.1891341e+00   1.1896587e+00   4.2825294e+01
   1.7656331e+00   1.7662290e+00   4.2608987e+01
   8.0058247e-01   8.0153652e-01   4.0011159e+01
   1.7557888e+00   1.7571454e+00   3.9029793e+01
   1.2394202e+00   1.2399966e+00   4.2445229e+01
   1.8380950e+00   1.8388196e+00   4.1802806e+01
   2.0464196e+00   2.0467980e+00   4.4752021e+01
   1.2547165e+00   1.2551318e+00   4.3877379e+01
   1.2900062e+00   1.2901730e+00   4.7859451e+01
   1.2129569e+00   1.2131393e+00   4.7427187e+01
   1.2980006e+00   1.2981721e+00   4.7742215e+01
   1.2773609e+00   1.2775396e+00   4.7552040e+01
   9.1661589e-01   9.1700598e-01   4.3958916e+01
   1.2665407e+00   1.2671416e+00   4.2279304e+01
   1.2337646e+00   1.2340284e+00   4.5836429e+01
   1.2405969e+00   1.2409289e+00   4.4841064e+01
   1.1986640e+00   1.2136655e+00   2.8268396e+01
   1.9493285e+00   1.9501575e+00   4.1285643e+01
   1.2388674e+00   1.2391445e+00   4.5625122e+01
   2.0144409e+00   2.0147977e+00   4.4986168e+01
   8.2813903e-01   8.2850446e-01   4.4193861e+01
   1.9725521e+00   1.9730911e+00   4.3169831e+01
   1.2522834e+00   1.2527627e+00   4.3253752e+01
   2.0470747e+00   2.0477090e+00   4.2507958e+01
   1.2718163e+00   1.2738897e+00   3.6903780e+01
   1.3220895e+00   1.3245410e+00   3.6205132e+01
   7.5051185e-01   7.5171457e-01   3.8977998e+01
   1.1683199e+00   1.1702895e+00   3.7067945e+01
   1.2486794e+00   1.2489604e+00   4.5570378e+01
   1.3258702e+00   1.3262210e+00   4.4650822e+01
   1.1363621e+00   1.1366097e+00   4.6055464e+01
   1.5108384e+00   1.5111246e+00   4.5642533e+01
   1.1139197e+00   1.1142933e+00   4.4256530e+01
   1.1358070e+00   1.1362279e+00   4.3750946e+01
   1.0936189e+00   1.0946784e+00   3.9718197e+01
   7.5804838e-01   7.5890947e-01   4.0433220e+01
