  -1.6785823e-03   3.5236186e-03   3.2225433e+01
   4.5829845e-02   5.1217358e-02   3.2097249e+01
   1.5574505e-01   1.5626720e-01   4.2288768e+01
   1.3238841e-01   1.3307781e-01   4.1070168e+01
  -5.3523668e-02   1.4999428e-02   2.1002973e+01
   2.7005481e-01   3.4006089e-01   2.1075094e+01
  -1.3466234e-01  -6.1776174e-02   2.0694419e+01
   3.8137589e-01   4.5835202e-01   2.0721257e+01
   3.6167627e-01   3.7868828e-01   2.7265548e+01
   1.4219820e-01   1.5790351e-01   2.7499492e+01
  -4.9863604e-02  -4.9625634e-02   4.5598055e+01
   2.6675265e-03   2.8755379e-03   4.6208604e+01
   1.4915696e-01   1.4997880e-01   4.0315503e+01
   1.7948930e-01   1.8025073e-01   4.0662529e+01
   7.0790068e-02   7.1167307e-02   4.3657507e+01
   1.3050220e-01   1.3086138e-01   4.3900697e+01
   4.5941015e-02   1.1451981e-01   2.1049548e+01
   3.1407473e-01   3.8397646e-01   2.1104497e+01
   2.1806752e-01   2.1880970e-01   4.0793424e+01
   1.2246004e-01   1.2325255e-01   4.0459750e+01
   1.2861488e-01   1.2918867e-01   4.1865412e+01
  -1.1088375e-02  -1.0298774e-02   4.0408530e+01
   2.1397752e-01   2.1452479e-01   4.2114446e+01
   1.9722212e-01   1.9773749e-01   4.2366712e+01
   5.0862035e-01   5.0892804e-01   4.4768809e+01
   1.2190277e-01   1.2231915e-01   4.3254624e+01
   2.0942564e-01   2.1067432e-01   3.8529630e+01
   1.7292347e-01   1.7413290e-01   3.8649663e+01
   1.9484667e-02   3.2077847e-02   2.8396559e+01
   4.3317360e-02   5.5717262e-02   2.8475707e+01
  -4.6173151e-03  -4.2429813e-03   4.3653244e+01
  -9.9119044e-03  -9.5699233e-03   4.4043168e+01
   1.8725218e-01   1.8777523e-01   4.2297344e+01
   9.5960173e-02   9.6525779e-02   4.1911249e+01
   1.6554719e-01   1.6804498e-01   3.5496173e+01
   1.1908298e-01   1.2168912e-01   3.5288132e+01
   1.5146028e-01   1.5349502e-01   3.6379475e+01
   2.2894745e-01   2.3088645e-01   3.6628382e+01
   6.1093463e-01   6.1158272e-01   4.1587968e+01
   3.2648795e-01   3.2713157e-01   4.1468195e+01
   1.3710779e-01   1.3904368e-01   3.6588444e+01
   1.8364027e-01   1.8546778e-01   3.6862355e+01
  -1.0718359e-01  -1.0665589e-01   4.2111031e+01
  -5.6888654e-02  -5.6507086e-02   4.3544077e+01
   1.7018491e-01   1.7094857e-01   4.0645079e+01
   2.5659319e-01   2.5724921e-01   4.1349186e+01
   3.0969755e-01   3.1214774e-01   3.5653795e+01
   3.1535111e-01   3.1775525e-01   3.5739117e+01
  -3.8012558e-02  -3.7690208e-02   4.4285906e+01
   7.9326483e-02   7.9546923e-02   4.5995081e+01
   4.7522268e-01   4.7566085e-01   4.3215830e+01
   2.4124367e-01   2.4173129e-01   4.2629600e+01
   1.0836807e-01   1.0869557e-01   4.4290533e+01
   2.0482771e-01   2.0506465e-01   4.5745273e+01
   6.0926096e-02   6.1335187e-02   4.3300506e+01
   1.6524747e-01   1.6552595e-01   4.5023472e+01
   6.1747630e-03   7.0539336e-03   3.9950500e+01
   1.5321340e-01   1.5402522e-01   4.0370841e+01
   1.8600082e-01   1.8640061e-01   4.3463807e+01
   2.4308428e-01   2.4346465e-01   4.3709290e+01
   4.9660544e-01   4.9675182e-01   4.7988810e+01
   1.3700421e-01   1.3732619e-01   4.4378897e+01
   1.0726565e-01   1.0736525e-01   4.9459558e+01
   7.8361206e-02   7.8490385e-02   4.8315567e+01
   1.7843207e-01   1.7856428e-01   4.8265798e+01
   1.5818105e-01   1.5830376e-01   4.8579109e+01
   1.2890938e-01   1.2930915e-01   4.3435013e+01
   1.4335899e-01   1.4381549e-01   4.2865987e+01
   1.7353008e-01   1.7368681e-01   4.7524338e+01
   1.1187339e-01   1.1212953e-01   4.5359705e+01
   3.1105006e-02   4.2526127e-02   2.8826659e+01
   4.2387471e-01   4.3135975e-01   3.0863490e+01
   1.0763748e-01   1.0784750e-01   4.6219644e+01
   4.5083435e-01   4.5097343e-01   4.8186788e+01
   3.7650455e-02   3.7955289e-02   4.4566373e+01
   4.1459998e-01   4.1487525e-01   4.5202809e+01
   2.0336352e-01   2.0368256e-01   4.4452470e+01
   4.9598527e-01   4.9635316e-01   4.3986091e+01
   1.3612465e-01   1.3797180e-01   3.6791725e+01
   1.3995608e-01   1.4180911e-01   3.6779886e+01
  -4.4523306e-02  -4.3112100e-02   3.7870032e+01
  -9.3911278e-03  -7.9021541e-03   3.7654579e+01
   1.9805397e-01   1.9822268e-01   4.7216965e+01
   1.5751461e-01   1.5777736e-01   4.5272186e+01
   3.5773935e-01   3.5794712e-01   4.6395012e+01
   3.9613967e-01   3.9637614e-01   4.5853078e+01
   5.8637905e-02   5.8878331e-02   4.5607746e+01
   1.3985320e-02   1.4335139e-02   4.3956706e+01
   2.7148690e-02   2.7927086e-02   4.0489734e+01
  -4.2687536e-02  -4.1857257e-02   4.0174612e+01
