   1.4112244e+00   1.4164548e+00   3.2965836e+01
   2.2708175e+00   2.2797529e+00   3.1160337e+01
   1.3143533e+00   1.3149386e+00   4.2420918e+01
   2.3443805e+00   2.3454760e+00   4.0320599e+01
   2.4960127e+00   2.6205598e+00   1.9877398e+01
   2.6002613e+00   2.6772709e+00   2.2025887e+01
   1.7764324e+00   1.8901817e+00   1.9818780e+01
   2.7165996e+00   2.8027868e+00   2.1614227e+01
   2.6254708e+00   2.6541214e+00   2.6329199e+01
   2.3718049e+00   2.3902177e+00   2.8085256e+01
   1.7752543e+00   1.7756311e+00   4.4604607e+01
   2.3937977e+00   2.3941192e+00   4.5675769e+01
   1.9118443e+00   1.9130738e+00   3.9551178e+01
   2.4303429e+00   2.4314038e+00   4.0514385e+01
   1.4278249e+00   1.4283124e+00   4.3281027e+01
   2.3968859e+00   2.3974404e+00   4.3311189e+01
   1.7322679e+00   1.8340258e+00   2.0274601e+01
   2.6532811e+00   2.7300290e+00   2.2075138e+01
   1.3736329e+00   1.3744835e+00   4.0832025e+01
   1.5192780e+00   1.5202631e+00   4.0279305e+01
   2.7669639e+00   2.7680289e+00   4.0714981e+01
   1.4317622e+00   1.4327916e+00   4.0037069e+01
   2.1597110e+00   2.1605721e+00   4.1250085e+01
   1.6191124e+00   1.6197606e+00   4.2155567e+01
   2.7686946e+00   2.7692452e+00   4.3581415e+01
   1.5108713e+00   1.5113955e+00   4.3014479e+01
   2.0019045e+00   2.0038104e+00   3.7702731e+01
   1.5915017e+00   1.5929202e+00   3.8738357e+01
   1.7830526e+00   1.8019498e+00   2.7608496e+01
   1.4609485e+00   1.4753661e+00   2.8592048e+01
   1.3482032e+00   1.3486851e+00   4.3284375e+01
   1.4194356e+00   1.4198428e+00   4.4057040e+01
   1.9184230e+00   1.9191904e+00   4.1602371e+01
   1.5224015e+00   1.5231293e+00   4.1595605e+01
   2.8074284e+00   2.8120041e+00   3.4411004e+01
   1.2975482e+00   1.3004506e+00   3.5457908e+01
   2.0952084e+00   2.0984084e+00   3.5509753e+01
   1.3783556e+00   1.3804812e+00   3.6857089e+01
   2.8769261e+00   2.8780516e+00   4.0547639e+01
   1.4846172e+00   1.4853192e+00   4.1730003e+01
   1.9568222e+00   1.9597609e+00   3.5794558e+01
   1.3609594e+00   1.3630633e+00   3.6891606e+01
   1.6907163e+00   1.6915066e+00   4.1337428e+01
   1.1330656e+00   1.1334592e+00   4.4040946e+01
   1.5159919e+00   1.5170055e+00   4.0153270e+01
   1.4116118e+00   1.4123553e+00   4.1438811e+01
   2.0353390e+00   2.0389827e+00   3.4908963e+01
   1.4640272e+00   1.4666817e+00   3.5942094e+01
   1.9344999e+00   1.9350162e+00   4.3333415e+01
   2.7251801e+00   2.7255449e+00   4.5340593e+01
   2.7363857e+00   2.7370824e+00   4.2538301e+01
   2.8624269e+00   2.8632281e+00   4.2014131e+01
   1.9118134e+00   1.9123159e+00   4.3437441e+01
   2.8269846e+00   2.8273761e+00   4.5100629e+01
   1.8265671e+00   1.8271612e+00   4.2657966e+01
   2.7881776e+00   2.7886408e+00   4.4345233e+01
   1.3593512e+00   1.3603721e+00   4.0031176e+01
   2.7847308e+00   2.7861604e+00   3.9448098e+01
   1.9147112e+00   1.9152985e+00   4.2761745e+01
   2.8627627e+00   2.8634130e+00   4.2919956e+01
   2.7499674e+00   2.7502452e+00   4.6539730e+01
   2.0789669e+00   2.0794670e+00   4.3560088e+01
   1.9253452e+00   1.9254987e+00   4.8594247e+01
   2.0456136e+00   2.0458042e+00   4.7727791e+01
   1.9348807e+00   1.9350658e+00   4.7787946e+01
   2.1007867e+00   2.1009661e+00   4.8027795e+01
   1.4690573e+00   1.4694410e+00   4.4344445e+01
   2.0919624e+00   2.0926662e+00   4.2084385e+01
   1.9114909e+00   1.9117209e+00   4.6831115e+01
   2.0671968e+00   2.0675997e+00   4.4492139e+01
   1.8291416e+00   1.8464309e+00   2.8022324e+01
   2.6577314e+00   2.6580538e+00   4.5833989e+01
   1.8799358e+00   1.8802452e+00   4.5523275e+01
   2.7242816e+00   2.7245074e+00   4.7422858e+01
   1.3824567e+00   1.3828472e+00   4.4217797e+01
   2.6804766e+00   2.6809351e+00   4.4318509e+01
   1.9247653e+00   1.9252192e+00   4.3886388e+01
   2.7512088e+00   2.7517437e+00   4.3695067e+01
   1.9147623e+00   1.9168795e+00   3.7192764e+01
   1.9562408e+00   1.9590368e+00   3.6010510e+01
   1.3125714e+00   1.3138601e+00   3.8992491e+01
   1.8057660e+00   1.8080118e+00   3.6870845e+01
   1.9213091e+00   1.9215537e+00   4.6569005e+01
   1.9534306e+00   1.9538225e+00   4.4541649e+01
   1.6772545e+00   1.6775104e+00   4.6226867e+01
   2.1357388e+00   2.1360782e+00   4.5279288e+01
   1.7948603e+00   1.7952094e+00   4.4948040e+01
   1.7771591e+00   1.7776524e+00   4.3435778e+01
   1.7774251e+00   1.7785784e+00   3.9747742e+01
   1.3190626e+00   1.3200008e+00   4.0374915e+01
