   2.0577068e+00   2.0628319e+00   3.3441266e+01
   3.0223587e+00   3.0329017e+00   3.0929206e+01
   1.6315081e+00   1.6321189e+00   4.2421266e+01
   3.0980897e+00   3.0992659e+00   4.0503279e+01
   3.1934603e+00   3.3397851e+00   1.9644918e+01
   3.3052321e+00   3.3741548e+00   2.2976851e+01
   2.5934072e+00   2.7311193e+00   1.9506186e+01
   3.4294742e+00   3.5081319e+00   2.2490401e+01
   2.3127264e+00   2.3393146e+00   2.6453264e+01
   3.1248055e+00   3.1451934e+00   2.8135524e+01
   2.3241134e+00   2.3245200e+00   4.4612825e+01
   3.0495290e+00   3.0498844e+00   4.5667724e+01
   2.5539257e+00   2.5553506e+00   3.9312563e+01
   3.2154445e+00   3.2167135e+00   4.0252423e+01
   1.9361428e+00   1.9366929e+00   4.3059067e+01
   3.1892570e+00   3.1899177e+00   4.3069260e+01
   2.0766015e+00   2.1868885e+00   2.0137306e+01
   3.3512001e+00   3.4199527e+00   2.3019089e+01
   1.6862141e+00   1.6871105e+00   4.0787352e+01
   2.1639996e+00   2.1650461e+00   4.0406280e+01
   3.4796798e+00   3.4808001e+00   4.0974214e+01
   2.0872862e+00   2.0882986e+00   4.0502473e+01
   2.9983070e+00   2.9993343e+00   4.1024318e+01
   2.2716713e+00   2.2724093e+00   4.1990077e+01
   2.4496038e+00   2.4500406e+00   4.4380666e+01
   2.1447008e+00   2.1452058e+00   4.3558969e+01
   2.5360844e+00   2.5382232e+00   3.7537343e+01
   2.2386085e+00   2.2401244e+00   3.8843541e+01
   2.4311927e+00   2.4531246e+00   2.7363930e+01
   2.1132823e+00   2.1286663e+00   2.8703233e+01
   1.8590475e+00   1.8595930e+00   4.3048603e+01
   2.0742941e+00   2.0747587e+00   4.3877486e+01
   2.2755750e+00   2.2763762e+00   4.1636326e+01
   2.1802212e+00   2.1810045e+00   4.1674265e+01
   3.5220777e+00   3.5273382e+00   3.4287598e+01
   1.6115426e+00   1.6144348e+00   3.5656248e+01
   2.9331135e+00   2.9369766e+00   3.5229087e+01
   1.6863641e+00   1.6885971e+00   3.6824076e+01
   2.5506908e+00   2.5516612e+00   4.0978798e+01
   1.7827348e+00   1.7835055e+00   4.1501779e+01
   2.5071860e+00   2.5104955e+00   3.5623033e+01
   1.6793112e+00   1.6816321e+00   3.6652128e+01
   2.3457737e+00   2.3466873e+00   4.1110099e+01
   1.4525540e+00   1.4530921e+00   4.2866957e+01
   2.0207099e+00   2.0218506e+00   3.9943250e+01
   1.7194425e+00   1.7203390e+00   4.0806945e+01
   2.3790253e+00   2.3829433e+00   3.4808427e+01
   1.7648567e+00   1.7675897e+00   3.5993551e+01
   2.7859649e+00   2.7865693e+00   4.3187689e+01
   3.4482983e+00   3.4486624e+00   4.5833485e+01
   2.4213323e+00   2.4219308e+00   4.2995373e+01
   3.5742419e+00   3.5749956e+00   4.2761251e+01
   2.4602267e+00   2.4607790e+00   4.3367941e+01
   3.5451577e+00   3.5455472e+00   4.5608109e+01
   2.4691685e+00   2.4698475e+00   4.2477399e+01
   3.4932210e+00   3.4937361e+00   4.4358541e+01
   1.8738696e+00   1.8750068e+00   3.9867247e+01
   3.5037215e+00   3.5053570e+00   3.9347826e+01
   2.2698496e+00   2.2704482e+00   4.2898565e+01
   3.5771860e+00   3.5778208e+00   4.3508745e+01
   2.4363223e+00   2.4365091e+00   4.8060989e+01
   2.9231511e+00   2.9236017e+00   4.4553035e+01
   2.4742166e+00   2.4743720e+00   4.8884360e+01
   2.8928661e+00   2.8930626e+00   4.8138965e+01
   2.5856473e+00   2.5858583e+00   4.7628021e+01
   2.9432384e+00   2.9434540e+00   4.7766400e+01
   1.9772776e+00   1.9777308e+00   4.3925637e+01
   2.9343379e+00   2.9351742e+00   4.1875509e+01
   2.2662474e+00   2.2664601e+00   4.7390539e+01
   2.9077186e+00   2.9081156e+00   4.5092881e+01
   2.3812977e+00   2.4008772e+00   2.7824601e+01
   2.4127105e+00   2.4251787e+00   2.9803580e+01
   2.5278849e+00   2.5282435e+00   4.5287561e+01
   2.4111660e+00   2.4113363e+00   4.8446772e+01
   1.8925876e+00   1.8930282e+00   4.3996615e+01
   2.3694208e+00   2.3697907e+00   4.5050869e+01
   2.2765574e+00   2.2770239e+00   4.3985754e+01
   2.4366857e+00   2.4370975e+00   4.4628808e+01
   2.5625556e+00   2.5647062e+00   3.7530417e+01
   2.4970597e+00   2.5002264e+00   3.5808099e+01
   1.8328845e+00   1.8342990e+00   3.8894471e+01
   2.3595451e+00   2.3620762e+00   3.6693474e+01
   2.2725718e+00   2.2728005e+00   4.7078711e+01
   2.4945132e+00   2.4948790e+00   4.5179688e+01
   2.1704772e+00   2.1707670e+00   4.5985883e+01
   2.7684645e+00   2.7688537e+00   4.5087962e+01
   2.1599018e+00   2.1602467e+00   4.5223748e+01
   2.4370457e+00   2.4375466e+00   4.3777965e+01
   2.1378628e+00   2.1390809e+00   3.9730686e+01
   1.8340527e+00   1.8350758e+00   4.0302230e+01
