   2.0148941e+00   2.0200639e+00   3.3377242e+01
   3.0593043e+00   3.0698346e+00   3.0959191e+01
   1.6907634e+00   1.6913412e+00   4.2696997e+01
   3.1336632e+00   3.1347169e+00   4.1004804e+01
   3.3083546e+00   3.4587470e+00   1.9605432e+01
   3.3824919e+00   3.4547244e+00   2.2826838e+01
   2.5226472e+00   2.6580878e+00   1.9532064e+01
   3.5025316e+00   3.5849502e+00   2.2338951e+01
   2.9204405e+00   2.9510205e+00   2.6239952e+01
   3.1676246e+00   3.1879344e+00   2.8181052e+01
   2.3476720e+00   2.3480756e+00   4.4659601e+01
   3.1483348e+00   3.1486002e+00   4.7002437e+01
   2.5466774e+00   2.5480947e+00   3.9331028e+01
   3.2530365e+00   3.2542469e+00   4.0483372e+01
   1.9307653e+00   1.9313015e+00   4.3166164e+01
   3.2257369e+00   3.2263564e+00   4.3373445e+01
   2.2336000e+00   2.3480217e+00   2.0076520e+01
   3.4297344e+00   3.5019382e+00   2.2861170e+01
   1.7463841e+00   1.7472467e+00   4.0990315e+01
   2.1213307e+00   2.1222529e+00   4.0928930e+01
   3.6027625e+00   3.6039107e+00   4.0952868e+01
   2.0481884e+00   2.0489973e+00   4.1452979e+01
   2.9255634e+00   2.9265731e+00   4.1051133e+01
   2.2312907e+00   2.2319535e+00   4.2431968e+01
   3.0609226e+00   3.0614192e+00   4.4223464e+01
   2.1055942e+00   2.1059367e+00   4.5221169e+01
   2.5608170e+00   2.5629658e+00   3.7532920e+01
   2.1999292e+00   2.2013707e+00   3.9037837e+01
   2.4220646e+00   2.4439457e+00   2.7368178e+01
   2.0722553e+00   2.0875643e+00   2.8699032e+01
   1.8529649e+00   1.8534961e+00   4.3159880e+01
   2.0336674e+00   2.0340791e+00   4.4376989e+01
   2.4376375e+00   2.4384599e+00   4.1624885e+01
   2.1390129e+00   2.1396919e+00   4.2269242e+01
   3.6448899e+00   3.6502962e+00   3.4254330e+01
   1.6724512e+00   1.6751297e+00   3.6025717e+01
   2.8603215e+00   2.8641182e+00   3.5256107e+01
   1.7460499e+00   1.7481677e+00   3.7089666e+01
   3.1649231e+00   3.1660368e+00   4.0785048e+01
   1.8464991e+00   1.8470292e+00   4.3164893e+01
   2.5293667e+00   2.5326928e+00   3.5615563e+01
   1.7387281e+00   1.7408965e+00   3.6982644e+01
   2.3377798e+00   2.3386858e+00   4.1141467e+01
   1.5119272e+00   1.5123256e+00   4.4206351e+01
   2.0151721e+00   2.0162979e+00   3.9996799e+01
   1.7792856e+00   1.7800549e+00   4.1506993e+01
   2.5444480e+00   2.5485057e+00   3.4761890e+01
   1.8265670e+00   1.8291701e+00   3.6242047e+01
   2.7117318e+00   2.7123244e+00   4.3224496e+01
   3.5693315e+00   3.5696055e+00   4.7151004e+01
   3.0314858e+00   3.0321465e+00   4.2963040e+01
   3.6963808e+00   3.6969412e+00   4.4133337e+01
   2.4817642e+00   2.4823154e+00   4.3391429e+01
   3.6651371e+00   3.6654315e+00   4.6907790e+01
   2.4612350e+00   2.4619072e+00   4.2516002e+01
   3.6170069e+00   3.6174614e+00   4.4987697e+01
   1.8668894e+00   1.8680071e+00   3.9938012e+01
   3.6241905e+00   3.6258030e+00   3.9493034e+01
   2.4325375e+00   2.4331530e+00   4.2880139e+01
   3.6980917e+00   3.6986047e+00   4.4518074e+01
   3.0459938e+00   3.0461971e+00   4.8090323e+01
   2.8485697e+00   2.8488698e+00   4.6268791e+01
   2.4968309e+00   2.4969856e+00   4.8918839e+01
   2.8187491e+00   2.8188967e+00   4.9332982e+01
   2.5749510e+00   2.5751558e+00   4.7751050e+01
   2.8685701e+00   2.8687614e+00   4.8237014e+01
   1.9704575e+00   1.9708768e+00   4.4258381e+01
   2.8601196e+00   2.8609259e+00   4.1984879e+01
   2.4292428e+00   2.4294553e+00   4.7495704e+01
   2.8347109e+00   2.8350256e+00   4.6054464e+01
   2.4010557e+00   2.4207386e+00   2.7814306e+01
   2.9806029e+00   2.9848052e+00   3.4895158e+01
   2.5196961e+00   2.5200473e+00   4.5373603e+01
   3.0213352e+00   3.0215045e+00   4.8869780e+01
   1.8860396e+00   1.8864655e+00   4.4139949e+01
   2.9782104e+00   2.9786177e+00   4.5028352e+01
   2.4391741e+00   2.4396453e+00   4.4044764e+01
   3.0451153e+00   3.0454835e+00   4.5511029e+01
   2.5543284e+00   2.5564988e+00   3.7485390e+01
   2.5203447e+00   2.5235060e+00   3.5830434e+01
   1.8251356e+00   1.8265453e+00   3.8904723e+01
   2.3796354e+00   2.3821605e+00   3.6716452e+01
   2.4359958e+00   2.4362265e+00   4.7143876e+01
   2.5163253e+00   2.5166184e+00   4.6155688e+01
   2.1662401e+00   2.1665143e+00   4.6224638e+01
   2.7622344e+00   2.7625999e+00   4.5356341e+01
   2.3210493e+00   2.3213985e+00   4.5271556e+01
   2.4260559e+00   2.4264776e+00   4.4517924e+01
   2.3005794e+00   2.3018339e+00   3.9704433e+01
   1.8278660e+00   1.8287786e+00   4.0794756e+01
