   8.8586716e-01   8.9113151e-01   3.2640448e+01
   1.4994562e+00   1.5069868e+00   3.1434636e+01
   9.0678550e-01   9.0742928e-01   4.1777861e+01
   1.5749806e+00   1.5759755e+00   4.0268828e+01
   1.6395873e+00   1.7416833e+00   2.0204480e+01
   1.8016571e+00   1.8790619e+00   2.1502082e+01
   1.0878764e+00   1.1847619e+00   2.0109681e+01
   1.9148374e+00   2.0006550e+00   2.1123929e+01
   1.9869357e+00   2.0118061e+00   2.6540229e+01
   1.5955060e+00   1.6121975e+00   2.8035319e+01
   1.2366000e+00   1.2369453e+00   4.4668831e+01
   1.5927669e+00   1.5931123e+00   4.4874908e+01
   1.3703459e+00   1.3714378e+00   3.9745390e+01
   1.6310996e+00   1.6320800e+00   4.0365583e+01
   9.5139964e-01   9.5185566e-01   4.3299983e+01
   1.5918558e+00   1.5923893e+00   4.2985456e+01
   1.1682247e+00   1.2574742e+00   2.0511475e+01
   1.8548196e+00   1.9320911e+00   2.1541872e+01
   9.6865036e-01   9.6953247e-01   4.0444238e+01
   9.9971185e-01   1.0007447e+00   3.9776487e+01
   1.8819040e+00   1.8829472e+00   4.0246877e+01
   8.9751271e-01   8.9851196e-01   3.9863340e+01
   1.4563869e+00   1.4571416e+00   4.1399620e+01
   1.0910337e+00   1.0916879e+00   4.1810279e+01
   2.1317999e+00   2.1324000e+00   4.2801659e+01
   9.9625042e-01   9.9678409e-01   4.2642054e+01
   1.4762768e+00   1.4779792e+00   3.7878300e+01
   1.0660663e+00   1.0674516e+00   3.8538742e+01
   1.2397645e+00   1.2564526e+00   2.7829228e+01
   9.3380816e-01   9.4754470e-01   2.8502064e+01
   8.7236660e-01   8.7281756e-01   4.3304772e+01
   8.8884242e-01   8.8927623e-01   4.3482223e+01
   1.3367293e+00   1.3374661e+00   4.1434208e+01
   9.9152828e-01   9.9225019e-01   4.1327347e+01
   1.9199291e+00   1.9238453e+00   3.4525100e+01
   8.8369399e-01   8.8658829e-01   3.5237141e+01
   1.3929323e+00   1.3956664e+00   3.5772230e+01
   9.7460253e-01   9.7674157e-01   3.6600666e+01
   2.2384929e+00   2.2395875e+00   4.0257581e+01
   1.0791858e+00   1.0799482e+00   4.1139484e+01
   1.4187804e+00   1.4214041e+00   3.5966322e+01
   9.4618182e-01   9.4825440e-01   3.6721935e+01
   1.1372653e+00   1.1379678e+00   4.1527848e+01
   7.1557762e-01   7.1604635e-01   4.3051498e+01
   1.0434080e+00   1.0443333e+00   4.0278211e+01
   1.0064319e+00   1.0072237e+00   4.0934611e+01
   1.4590016e+00   1.4622497e+00   3.5062586e+01
   1.0620245e+00   1.0646727e+00   3.5722164e+01
   1.2209957e+00   1.2214479e+00   4.3487902e+01
   1.8349682e+00   1.8354680e+00   4.3413767e+01
   2.0994557e+00   2.1002105e+00   4.1785330e+01
   1.9830092e+00   1.9839238e+00   4.0879586e+01
   1.3790528e+00   1.3795234e+00   4.3405528e+01
   1.9441912e+00   1.9447194e+00   4.3240943e+01
   1.2847504e+00   1.2852841e+00   4.2804843e+01
   1.9087457e+00   1.9093344e+00   4.2747414e+01
   8.8218552e-01   8.8314849e-01   4.0015492e+01
   1.8996305e+00   1.9010188e+00   3.9016246e+01
   1.3343231e+00   1.3348957e+00   4.2527220e+01
   1.9812887e+00   1.9820284e+00   4.1799969e+01
   2.1124447e+00   2.1127998e+00   4.5068587e+01
   1.3737839e+00   1.3742301e+00   4.3633399e+01
   1.3887063e+00   1.3888701e+00   4.7994341e+01
   1.3336898e+00   1.3338814e+00   4.7281998e+01
   1.3931863e+00   1.3933600e+00   4.7744158e+01
   1.3965910e+00   1.3967743e+00   4.7508893e+01
   9.9727123e-01   9.9766281e-01   4.3987214e+01
   1.3862764e+00   1.3869028e+00   4.2167572e+01
   1.3291590e+00   1.3294134e+00   4.6048864e+01
   1.3604855e+00   1.3608418e+00   4.4604063e+01
   1.2965390e+00   1.3118765e+00   2.8228207e+01
   2.0174338e+00   2.0185336e+00   4.0100205e+01
   1.3348659e+00   1.3351473e+00   4.5613054e+01
   2.0815819e+00   2.0819277e+00   4.5164529e+01
   9.0908607e-01   9.0945344e-01   4.4215375e+01
   2.0393827e+00   2.0399255e+00   4.3179524e+01
   1.3463367e+00   1.3468103e+00   4.3358847e+01
   2.1130014e+00   2.1136470e+00   4.2472855e+01
   1.3682253e+00   1.3703068e+00   3.6942444e+01
   1.4203582e+00   1.4228640e+00   3.6166827e+01
   8.3254994e-01   8.3375464e-01   3.9015617e+01
   1.2667251e+00   1.2687461e+00   3.7012189e+01
   1.3431578e+00   1.3434303e+00   4.5758293e+01
   1.4228480e+00   1.4232208e+00   4.4443030e+01
   1.2155457e+00   1.2157941e+00   4.6087246e+01
   1.6047317e+00   1.6050371e+00   4.5415577e+01
   1.2093393e+00   1.2097055e+00   4.4397920e+01
   1.2316688e+00   1.2321156e+00   4.3546047e+01
   1.1898376e+00   1.1909053e+00   3.9739220e+01
   8.4016439e-01   8.4104960e-01   4.0358098e+01
