   3.9721152e-01   4.0244916e-01   3.2400055e+01
   7.3164820e-01   7.3791447e-01   3.1799529e+01
   6.0673592e-01   6.0723803e-01   4.2694066e+01
   8.1252094e-01   8.1327714e-01   4.1027022e+01
   8.1106988e-01   8.9494149e-01   2.0580472e+01
   1.0096377e+00   1.0852654e+00   2.1139911e+01
   4.0300865e-01   4.8559062e-01   2.0427513e+01
   1.1195796e+00   1.2029177e+00   2.0780950e+01
   1.4874114e+00   1.5093994e+00   2.6775242e+01
   8.3104134e-01   8.4682970e-01   2.7840901e+01
   6.0920952e-01   6.0948246e-01   4.5342713e+01
   7.8417271e-01   7.8436893e-01   4.6870432e+01
   7.6835171e-01   7.6929513e-01   4.0042286e+01
   8.5738326e-01   8.5815979e-01   4.0936398e+01
   4.7739104e-01   4.7778943e-01   4.3630308e+01
   8.1252704e-01   8.1289902e-01   4.4108166e+01
   6.4513094e-01   7.2401613e-01   2.0755764e+01
   1.0579988e+00   1.1334827e+00   2.1175418e+01
   6.6934899e-01   6.7008645e-01   4.1058367e+01
   5.1570723e-01   5.1646597e-01   4.0852748e+01
   1.0233780e+00   1.0240185e+00   4.1864318e+01
   3.9860630e-01   3.9941357e-01   4.0521835e+01
   7.6005601e-01   7.6066881e-01   4.1911651e+01
   6.0022314e-01   6.0073190e-01   4.2633428e+01
   1.6344924e+00   1.6348473e+00   4.4781429e+01
   5.1630281e-01   5.1670282e-01   4.3633194e+01
   8.6041061e-01   8.6185641e-01   3.8238634e+01
   5.7665841e-01   5.7789373e-01   3.8768258e+01
   6.3809549e-01   6.5261325e-01   2.8100441e+01
   4.4431650e-01   4.5726418e-01   2.8494395e+01
   3.9995392e-01   4.0034859e-01   4.3630357e+01
   3.9511439e-01   3.9543508e-01   4.4529355e+01
   8.0149537e-01   8.0206864e-01   4.2223830e+01
   4.9916806e-01   4.9973437e-01   4.2114425e+01
   1.0620518e+00   1.0650516e+00   3.5180788e+01
   5.7993466e-01   5.8260030e-01   3.5429852e+01
   6.9667266e-01   6.9897546e-01   3.6127968e+01
   6.7987986e-01   6.8183709e-01   3.6825017e+01
   1.7440818e+00   1.7448793e+00   4.1329900e+01
   7.8698669e-01   7.8755314e-01   4.2267803e+01
   7.9355979e-01   7.9580149e-01   3.6297357e+01
   6.4274185e-01   6.4457617e-01   3.7086700e+01
   5.2198279e-01   5.2258858e-01   4.1833839e+01
   4.0553062e-01   4.0582628e-01   4.4887718e+01
   5.7368940e-01   5.7451246e-01   4.0530153e+01
   7.0964889e-01   7.1024879e-01   4.1976733e+01
   9.2585931e-01   9.2865606e-01   3.5409308e+01
   7.6845397e-01   7.7090528e-01   3.5895478e+01
   5.1403185e-01   5.1439330e-01   4.4072331e+01
   9.7460933e-01   9.7479230e-01   4.7278766e+01
   1.5996099e+00   1.6000949e+00   4.3403829e+01
   1.1303074e+00   1.1307941e+00   4.3118164e+01
   7.5915160e-01   7.5952308e-01   4.4084928e+01
   1.0926115e+00   1.0928138e+00   4.6906904e+01
   6.8103546e-01   6.8149889e-01   4.3082210e+01
   1.0570257e+00   1.0572762e+00   4.5960765e+01
   4.0980914e-01   4.1069668e-01   4.0116031e+01
   1.0450873e+00   1.0459883e+00   4.0394748e+01
   8.0043926e-01   8.0087313e-01   4.3433170e+01
   1.1314285e+00   1.1318049e+00   4.4233901e+01
   1.6187223e+00   1.6188656e+00   4.8710424e+01
   6.8049860e-01   6.8085102e-01   4.4271213e+01
   7.6347822e-01   7.6358354e-01   4.9561301e+01
   6.3007561e-01   6.3020545e-01   4.8580653e+01
   7.9348488e-01   7.9362951e-01   4.8200265e+01
   7.0226267e-01   7.0238479e-01   4.8885637e+01
   5.2923700e-01   5.2958654e-01   4.4225912e+01
   6.8948146e-01   6.8998280e-01   4.2745285e+01
   7.9092533e-01   7.9108138e-01   4.7869031e+01
   6.6118579e-01   6.6146647e-01   4.5249285e+01
   6.7791374e-01   6.9116863e-01   2.8517074e+01
   1.5156915e+00   1.5160299e+00   4.4918089e+01
   7.2955614e-01   7.2979329e-01   4.6018070e+01
   1.5809599e+00   1.5810838e+00   4.9319902e+01
   4.3911975e-01   4.3943960e-01   4.4563767e+01
   1.5414875e+00   1.5417900e+00   4.5420138e+01
   8.1678875e-01   8.1712145e-01   4.4595137e+01
   1.6206047e+00   1.6209845e+00   4.4477714e+01
   7.6007153e-01   7.6206303e-01   3.6793068e+01
   7.9748718e-01   7.9962151e-01   3.6512660e+01
   3.5908034e-01   3.6031873e-01   3.8642840e+01
   6.4507253e-01   6.4678348e-01   3.7390354e+01
   8.1147538e-01   8.1164325e-01   4.7562964e+01
   8.0813091e-01   8.0841989e-01   4.5202276e+01
   7.5437724e-01   7.5458982e-01   4.6506447e+01
   1.0099501e+00   1.0102079e+00   4.5808756e+01
   6.7338894e-01   6.7363841e-01   4.5767693e+01
   6.2883022e-01   6.2921436e-01   4.3869002e+01
   6.4787699e-01   6.4874698e-01   4.0329025e+01
   3.6405107e-01   3.6486126e-01   4.0488084e+01
