   5.0284756e-02   5.5487117e-02   3.2251369e+01
   1.4212223e-01   1.4756938e-01   3.2098138e+01
   2.4686994e-01   2.4736050e-01   4.2606400e+01
   2.2755673e-01   2.2816367e-01   4.1671928e+01
   8.3515283e-02   1.5422877e-01   2.0935515e+01
   3.7806469e-01   4.4901225e-01   2.1073553e+01
  -6.6644272e-02   7.3963778e-03   2.0660068e+01
   4.8868094e-01   5.6681454e-01   2.0713287e+01
   6.3273797e-01   6.5080958e-01   2.7146721e+01
   2.3987068e-01   2.5551213e-01   2.7567185e+01
   4.0170400e-02   4.0405731e-02   4.5691489e+01
   1.1801685e-01   1.1818227e-01   4.7261592e+01
   2.3311197e-01   2.3394673e-01   4.0290672e+01
   2.7502736e-01   2.7576730e-01   4.0835847e+01
   1.2764660e-01   1.2802040e-01   4.3726134e+01
   2.2674365e-01   2.2707529e-01   4.4296276e+01
   1.4803244e-01   2.1824609e-01   2.0999267e+01
   4.2238994e-01   4.9329367e-01   2.1099599e+01
   3.0878738e-01   3.0950063e-01   4.1012855e+01
   1.7404195e-01   1.7470913e-01   4.1233586e+01
   2.6962633e-01   2.7017105e-01   4.2163305e+01
   4.3052156e-02   4.3711676e-02   4.1217446e+01
   2.8330789e-01   2.8385799e-01   4.2127657e+01
   2.5031419e-01   2.5079223e-01   4.2720476e+01
   7.8037231e-01   7.8066357e-01   4.5153044e+01
   1.7380453e-01   1.7412292e-01   4.4446357e+01
   2.9852026e-01   2.9978757e-01   3.8511140e+01
   2.2641065e-01   2.2758652e-01   3.8799248e+01
   1.0311713e-01   1.1595245e-01   2.8356019e+01
   9.6321592e-02   1.0876826e-01   2.8486111e+01
   5.1981561e-02   5.2352698e-02   4.3718879e+01
   4.3570325e-02   4.3879354e-02   4.4509988e+01
   2.9181608e-01   2.9233103e-01   4.2418814e+01
   1.4916142e-01   1.4966405e-01   4.2450861e+01
   3.0698883e-01   3.0952042e-01   3.5510453e+01
   2.1122142e-01   2.1369707e-01   3.5558181e+01
   2.2052280e-01   2.2258431e-01   3.6357985e+01
   3.1955303e-01   3.2145239e-01   3.6764807e+01
   8.8385471e-01   8.8450984e-01   4.1689246e+01
   4.1876341e-01   4.1927855e-01   4.2483277e+01
   2.2688793e-01   2.2885687e-01   3.6560777e+01
   2.7535047e-01   2.7712757e-01   3.7030905e+01
  -2.2157114e-02  -2.1621914e-02   4.2091920e+01
   3.4873213e-02   3.5199180e-02   4.4273887e+01
   2.2686864e-01   2.2763331e-01   4.0668352e+01
   3.4726549e-01   3.4786522e-01   4.1785713e+01
   4.1462716e-01   4.1711678e-01   3.5639130e+01
   4.0640730e-01   4.0875122e-01   3.5896733e+01
   3.1719895e-02   3.2041778e-02   4.4327050e+01
   2.2026416e-01   2.2042141e-01   4.7533629e+01
   7.4634732e-01   7.4676958e-01   4.3521620e+01
   3.8125559e-01   3.8162121e-01   4.3952575e+01
   1.9734882e-01   1.9767473e-01   4.4357015e+01
   3.4472785e-01   3.4489859e-01   4.7240445e+01
   1.4462875e-01   1.4504245e-01   4.3294234e+01
   3.0590188e-01   3.0613026e-01   4.5957123e+01
   6.2729436e-02   6.3601557e-02   4.0013859e+01
   2.9369415e-01   2.9446504e-01   4.0667551e+01
   2.9087544e-01   2.9126538e-01   4.3626115e+01
   3.8305183e-01   3.8334538e-01   4.4907086e+01
   7.6787754e-01   7.6799701e-01   4.9016466e+01
   2.0620358e-01   2.0644667e-01   4.5634678e+01
   1.9690703e-01   1.9699991e-01   4.9808686e+01
   1.4823750e-01   1.4833994e-01   4.9358514e+01
   2.6158529e-01   2.6171698e-01   4.8325554e+01
   2.2720546e-01   2.2731588e-01   4.9072628e+01
   1.8521836e-01   1.8559535e-01   4.3718464e+01
   2.1243474e-01   2.1287803e-01   4.3028770e+01
   2.7834934e-01   2.7848986e-01   4.8052117e+01
   1.8158491e-01   1.8179419e-01   4.6272694e+01
   1.1949371e-01   1.3114333e-01   2.8785267e+01
   6.8481253e-01   6.8998621e-01   3.2606245e+01
   1.9185568e-01   1.9206715e-01   4.6232545e+01
   7.2258125e-01   7.2268607e-01   4.9559930e+01
   9.4225062e-02   9.4526244e-02   4.4647231e+01
   6.8568357e-01   6.8592673e-01   4.5885587e+01
   3.0799715e-01   3.0830121e-01   4.4715247e+01
   7.6705347e-01   7.6734883e-01   4.5084980e+01
   2.2052351e-01   2.2239016e-01   3.6789196e+01
   2.2965126e-01   2.3152693e-01   3.6772935e+01
   1.2153706e-02   1.3536717e-02   3.7985970e+01
   7.9901064e-02   8.1398708e-02   3.7674199e+01
   3.0255956e-01   3.0271179e-01   4.7717158e+01
   2.4652928e-01   2.4674269e-01   4.6221056e+01
   4.1349453e-01   4.1369597e-01   4.6558242e+01
   4.7948314e-01   4.7970593e-01   4.6155509e+01
   1.6331722e-01   1.6354333e-01   4.5927449e+01
   9.7345408e-02   9.7651214e-02   4.4582641e+01
   1.3237497e-01   1.3315256e-01   4.0547300e+01
   1.4439056e-02   1.5211076e-02   4.0519080e+01
