   2.0577175e+00   2.0628959e+00   3.3396399e+01
   3.0170533e+00   3.0276276e+00   3.0912801e+01
   1.6261186e+00   1.6268861e+00   4.1426236e+01
   3.0920185e+00   3.0933503e+00   3.9959577e+01
   3.1818204e+00   3.3278103e+00   1.9646860e+01
   3.2972481e+00   3.3659153e+00   2.2987467e+01
   2.5953345e+00   2.7331242e+00   1.9505006e+01
   3.4216048e+00   3.5000275e+00   2.2497906e+01
   2.2729720e+00   2.2993297e+00   2.6465984e+01
   3.1189633e+00   3.1392931e+00   2.8143972e+01
   2.3200263e+00   2.3204538e+00   4.4392210e+01
   3.0399110e+00   3.0402813e+00   4.5484460e+01
   2.5513566e+00   2.5528048e+00   3.9240449e+01
   3.2100092e+00   3.2113085e+00   4.0146474e+01
   1.9346977e+00   1.9353048e+00   4.2630310e+01
   3.1834272e+00   3.1841583e+00   4.2625436e+01
   2.0643340e+00   2.1743415e+00   2.0140650e+01
   3.3428066e+00   3.4113549e+00   2.3026213e+01
   1.6806498e+00   1.6817079e+00   4.0064232e+01
   2.1640491e+00   2.1652290e+00   3.9885038e+01
   3.4675652e+00   3.4687496e+00   4.0724281e+01
   2.0874992e+00   2.0884866e+00   4.0611567e+01
   3.0004816e+00   3.0015265e+00   4.0952061e+01
   2.2719739e+00   2.2727222e+00   4.1930506e+01
   2.4095431e+00   2.4099884e+00   4.4270614e+01
   2.1451154e+00   2.1455875e+00   4.3850960e+01
   2.5317489e+00   2.5339060e+00   3.7497524e+01
   2.2388441e+00   2.2403711e+00   3.8812015e+01
   2.4290025e+00   2.4509479e+00   2.7359858e+01
   2.1133931e+00   2.1288005e+00   2.8696668e+01
   1.8576717e+00   1.8582763e+00   4.2600825e+01
   2.0743641e+00   2.0748851e+00   4.3379605e+01
   2.2628780e+00   2.2637172e+00   4.1426635e+01
   2.1805857e+00   2.1813830e+00   4.1597969e+01
   3.5096637e+00   3.5149696e+00   3.4241694e+01
   1.6056924e+00   1.6085680e+00   3.5677741e+01
   2.9351529e+00   2.9390340e+00   3.5210195e+01
   1.6803540e+00   1.6826028e+00   3.6789917e+01
   2.5105144e+00   2.5114892e+00   4.0933272e+01
   1.7765752e+00   1.7773262e+00   4.1610617e+01
   2.5029562e+00   2.5062828e+00   3.5597982e+01
   1.6734148e+00   1.6757547e+00   3.6613246e+01
   2.3433840e+00   2.3443220e+00   4.0993995e+01
   1.4463721e+00   1.4469421e+00   4.2612581e+01
   2.0194603e+00   2.0206543e+00   3.9744051e+01
   1.7130251e+00   1.7139812e+00   4.0523891e+01
   2.3660151e+00   2.3699637e+00   3.4766458e+01
   1.7588571e+00   1.7616088e+00   3.5960265e+01
   2.7881511e+00   2.7887752e+00   4.3049885e+01
   3.4359106e+00   3.4362877e+00   4.5672923e+01
   2.3813452e+00   2.3819519e+00   4.2910534e+01
   3.5622105e+00   3.5629163e+00   4.3038410e+01
   2.4560561e+00   2.4566297e+00   4.3201705e+01
   3.5331670e+00   3.5335738e+00   4.5410572e+01
   2.4668672e+00   2.4675694e+00   4.2329712e+01
   3.4806958e+00   3.4812440e+00   4.4078560e+01
   1.8726466e+00   1.8738384e+00   3.9662783e+01
   3.4911617e+00   3.4928671e+00   3.9157578e+01
   2.2572120e+00   2.2578481e+00   4.2627022e+01
   3.5649195e+00   3.5655720e+00   4.3380342e+01
   2.3962160e+00   2.3964133e+00   4.7798934e+01
   2.9255646e+00   2.9259690e+00   4.5025067e+01
   2.4701451e+00   2.4703222e+00   4.8313349e+01
   2.8950033e+00   2.8952092e+00   4.7935000e+01
   2.5835836e+00   2.5838182e+00   4.7167314e+01
   2.9454196e+00   2.9456588e+00   4.7317899e+01
   1.9759238e+00   1.9764346e+00   4.3405342e+01
   2.9366465e+00   2.9375444e+00   4.1568009e+01
   2.2535369e+00   2.2537889e+00   4.6644374e+01
   2.9095197e+00   2.9099276e+00   4.4977485e+01
   2.3773870e+00   2.3969715e+00   2.7821021e+01
   2.3749079e+00   2.3878527e+00   2.9616727e+01
   2.5254628e+00   2.5258460e+00   4.4997952e+01
   2.3711244e+00   2.3713171e+00   4.7885671e+01
   1.8911189e+00   1.8916180e+00   4.3454217e+01
   2.3293523e+00   2.3297761e+00   4.4435632e+01
   2.2637785e+00   2.2642835e+00   4.3633138e+01
   2.3967916e+00   2.3972129e+00   4.4503872e+01
   2.5602832e+00   2.5624555e+00   3.7485364e+01
   2.4931784e+00   2.4963643e+00   3.5779450e+01
   1.8316667e+00   1.8331352e+00   3.8731250e+01
   2.3557058e+00   2.3582860e+00   3.6607546e+01
   2.2599126e+00   2.2601807e+00   4.6379814e+01
   2.4904822e+00   2.4908571e+00   4.5070462e+01
   2.1689519e+00   2.1692994e+00   4.5197448e+01
   2.7663623e+00   2.7668105e+00   4.4473031e+01
   2.1471623e+00   2.1475466e+00   4.4745424e+01
   2.4351997e+00   2.4357113e+00   4.3684686e+01
   2.1250650e+00   2.1263193e+00   3.9595275e+01
   1.8326843e+00   1.8337217e+00   4.0241370e+01
