   2.0553299e+00   2.0604623e+00   3.3433672e+01
   3.0360277e+00   3.0466639e+00   3.0900156e+01
   1.6472328e+00   1.6478263e+00   4.2555202e+01
   3.1114897e+00   3.1127447e+00   4.0230605e+01
   3.2239849e+00   3.3713618e+00   1.9634875e+01
   3.3262842e+00   3.3960201e+00   2.2940491e+01
   2.5870256e+00   2.7245307e+00   1.9508522e+01
   3.4501169e+00   3.5294747e+00   2.2466336e+01
   2.4236664e+00   2.4509413e+00   2.6412983e+01
   3.1395561e+00   3.1601046e+00   2.8111416e+01
   2.3340879e+00   2.3344941e+00   4.4622995e+01
   3.0745214e+00   3.0748992e+00   4.5419099e+01
   2.5587404e+00   2.5601635e+00   3.9321200e+01
   3.2298705e+00   3.2311341e+00   4.0280727e+01
   1.9394252e+00   1.9399690e+00   4.3110556e+01
   3.2032826e+00   3.2039423e+00   4.3084922e+01
   2.1095759e+00   2.2207094e+00   2.0124783e+01
   3.3728997e+00   3.4423335e+00   2.2991324e+01
   1.7018533e+00   1.7027344e+00   4.0871532e+01
   2.1614085e+00   2.1625116e+00   4.0175835e+01
   3.5118413e+00   3.5129682e+00   4.0971159e+01
   2.0851917e+00   2.0863465e+00   3.9929476e+01
   2.9918289e+00   2.9928547e+00   4.1026506e+01
   2.2697542e+00   2.2705023e+00   4.1929942e+01
   2.5610941e+00   2.5615403e+00   4.4360203e+01
   2.1426567e+00   2.1432544e+00   4.2825364e+01
   2.5460299e+00   2.5481726e+00   3.7535791e+01
   2.2372053e+00   2.2387376e+00   3.8795939e+01
   2.4357753e+00   2.4577272e+00   2.7362878e+01
   2.1113947e+00   2.1267746e+00   2.8703227e+01
   1.8621022e+00   1.8626415e+00   4.3100172e+01
   2.0725956e+00   2.0730554e+00   4.3921237e+01
   2.3097102e+00   2.3105135e+00   4.1646082e+01
   2.1783277e+00   2.1791544e+00   4.1439488e+01
   3.5540037e+00   3.5592964e+00   3.4283192e+01
   1.6269945e+00   1.6300013e+00   3.5496676e+01
   2.9264802e+00   2.9303374e+00   3.5231237e+01
   1.7018470e+00   1.7040726e+00   3.6847658e+01
   2.6625367e+00   2.6635308e+00   4.0945942e+01
   1.7984442e+00   1.7992723e+00   4.1199390e+01
   2.5168221e+00   2.5201368e+00   3.5622420e+01
   1.6946909e+00   1.6970017e+00   3.6680287e+01
   2.3506390e+00   2.3515521e+00   4.1115414e+01
   1.4678287e+00   1.4683340e+00   4.3148132e+01
   2.0240793e+00   2.0252125e+00   3.9974186e+01
   1.7348150e+00   1.7356837e+00   4.0952647e+01
   2.4136584e+00   2.4176050e+00   3.4798839e+01
   1.7804802e+00   1.7832385e+00   3.5962892e+01
   2.7793817e+00   2.7799853e+00   4.3189478e+01
   3.4799070e+00   3.4802907e+00   4.5627846e+01
   2.5325563e+00   2.5331644e+00   4.2996989e+01
   3.6057797e+00   3.6066690e+00   4.2064303e+01
   2.4696892e+00   2.4702418e+00   4.3372863e+01
   3.5766751e+00   3.5770898e+00   4.5357732e+01
   2.4739901e+00   2.4746684e+00   4.2484609e+01
   3.5251244e+00   3.5256322e+00   4.4441519e+01
   1.8771520e+00   1.8782819e+00   3.9897332e+01
   3.5351449e+00   3.5367862e+00   3.9354262e+01
   2.3041623e+00   2.3047625e+00   4.2907985e+01
   3.6088593e+00   3.6095618e+00   4.3090305e+01
   2.5475999e+00   2.5477892e+00   4.8073420e+01
   2.9158109e+00   2.9163868e+00   4.3482914e+01
   2.4839214e+00   2.4840764e+00   4.8902452e+01
   2.8857515e+00   2.8859766e+00   4.7543467e+01
   2.5899805e+00   2.5901890e+00   4.7682519e+01
   2.9361795e+00   2.9363970e+00   4.7724261e+01
   1.9804847e+00   1.9809264e+00   4.4039042e+01
   2.9272264e+00   2.9280671e+00   4.1847928e+01
   2.3005645e+00   2.3007752e+00   4.7450768e+01
   2.9006700e+00   2.9011318e+00   4.4431947e+01
   2.3905984e+00   2.4102218e+00   2.7820787e+01
   2.5173622e+00   2.5285147e+00   3.0354571e+01
   2.5326635e+00   2.5330197e+00   4.5319659e+01
   2.5227816e+00   2.5229569e+00   4.8394213e+01
   1.8958502e+00   1.8962831e+00   4.4075368e+01
   2.4806051e+00   2.4809888e+00   4.4963154e+01
   2.3107318e+00   2.3111961e+00   4.4027125e+01
   2.5478382e+00   2.5483125e+00   4.4085794e+01
   2.5673859e+00   2.5695405e+00   3.7525594e+01
   2.5071706e+00   2.5103460e+00   3.5802711e+01
   1.8359221e+00   1.8373321e+00   3.8910097e+01
   2.3691310e+00   2.3716704e+00   3.6685228e+01
   2.3070346e+00   2.3072621e+00   4.7122199e+01
   2.5041289e+00   2.5045521e+00   4.4553655e+01
   2.1740213e+00   2.1743030e+00   4.6112434e+01
   2.7737023e+00   2.7740943e+00   4.5060454e+01
   2.1939080e+00   2.1942514e+00   4.5263595e+01
   2.4415627e+00   2.4421209e+00   4.3310711e+01
   2.1720787e+00   2.1733019e+00   3.9733660e+01
   1.8373423e+00   1.8384043e+00   4.0142117e+01
