   3.1990578e-01   3.2514880e-01   3.2355321e+01
   6.0662224e-01   6.1267093e-01   3.1885631e+01
   5.4345043e-01   5.4396076e-01   4.2589836e+01
   6.8810073e-01   6.8875765e-01   4.1570700e+01
   6.6559681e-01   7.4667344e-01   2.0647948e+01
   8.7849271e-01   9.5330312e-01   2.1113820e+01
   2.9521717e-01   3.7575651e-01   2.0479672e+01
   9.8822200e-01   1.0707287e+00   2.0750209e+01
   1.3882563e+00   1.4097645e+00   2.6813189e+01
   7.0638706e-01   7.2205824e-01   2.7805308e+01
   4.9226948e-01   4.9253825e-01   4.5347473e+01
   6.4730439e-01   6.4747875e-01   4.7309448e+01
   6.5798071e-01   6.5890119e-01   4.0089458e+01
   7.3329411e-01   7.3405716e-01   4.0944779e+01
   4.0234745e-01   4.0274277e-01   4.3624471e+01
   6.8782410e-01   6.8817858e-01   4.4249778e+01
   5.5429297e-01   6.3151916e-01   2.0799055e+01
   9.2575914e-01   1.0005073e+00   2.1143711e+01
   6.0555143e-01   6.0629474e-01   4.0989757e+01
   4.3972741e-01   4.4040202e-01   4.1323070e+01
   8.7225289e-01   8.7288954e-01   4.1807108e+01
   3.1992986e-01   3.2061072e-01   4.1220483e+01
   6.5079943e-01   6.5139906e-01   4.1946970e+01
   5.2263958e-01   5.2312840e-01   4.2765871e+01
   1.5359541e+00   1.5363142e+00   4.4658674e+01
   4.4040747e-01   4.4072582e-01   4.4584868e+01
   7.4513488e-01   7.4654629e-01   3.8280188e+01
   4.9928011e-01   5.0048870e-01   3.8822197e+01
   5.2760903e-01   5.4176208e-01   2.8151887e+01
   3.6729870e-01   3.8013366e-01   2.8492003e+01
   3.2533809e-01   3.2573082e-01   4.3612891e+01
   3.1729101e-01   3.1760097e-01   4.4636644e+01
   7.0850137e-01   7.0907192e-01   4.2193959e+01
   4.2161314e-01   4.2212987e-01   4.2471487e+01
   9.1086994e-01   9.1378510e-01   3.5220953e+01
   5.1483792e-01   5.1737078e-01   3.5617140e+01
   5.8743583e-01   5.8968440e-01   3.6172807e+01
   6.1639185e-01   6.1832930e-01   3.6835035e+01
   1.6447329e+00   1.6455266e+00   4.1291255e+01
   7.2249871e-01   7.2298638e-01   4.2883122e+01
   6.7722018e-01   6.7940573e-01   3.6344412e+01
   5.7766570e-01   5.7947232e-01   3.7117966e+01
   4.0948754e-01   4.1007885e-01   4.1879584e+01
   3.3949404e-01   3.3979196e-01   4.4820222e+01
   4.9938115e-01   5.0019283e-01   4.0551169e+01
   6.4557422e-01   6.4616565e-01   4.2003947e+01
   8.3273085e-01   8.3547638e-01   3.5438308e+01
   7.0471480e-01   7.0711250e-01   3.5956929e+01
   4.0318301e-01   4.0353771e-01   4.4095858e+01
   8.2327223e-01   8.2344206e-01   4.7519159e+01
   1.5007604e+00   1.5012493e+00   4.3310942e+01
   9.7998994e-01   9.8038308e-01   4.3960282e+01
   6.4375320e-01   6.4411745e-01   4.4107998e+01
   9.4265181e-01   9.4283663e-01   4.7217644e+01
   5.7015479e-01   5.7060793e-01   4.3120221e+01
   9.0662506e-01   9.0687439e-01   4.5897304e+01
   3.3535567e-01   3.3624042e-01   4.0090895e+01
   8.9444637e-01   8.9531528e-01   4.0468648e+01
   7.0769766e-01   7.0813019e-01   4.3396174e+01
   9.8136598e-01   9.8169022e-01   4.4797830e+01
   1.5209126e+00   1.5210666e+00   4.8340628e+01
   5.7184164e-01   5.7210452e-01   4.5485943e+01
   6.4707796e-01   6.4718331e-01   4.9497651e+01
   5.1946356e-01   5.1957068e-01   4.9356703e+01
   6.8363827e-01   6.8378037e-01   4.8217314e+01
   5.9324081e-01   5.9335640e-01   4.9065642e+01
   4.5556998e-01   4.5592250e-01   4.4150101e+01
   5.7985337e-01   5.8033164e-01   4.2890960e+01
   6.9728885e-01   6.9744960e-01   4.7689289e+01
   5.5121760e-01   5.5144553e-01   4.6094374e+01
   5.6308935e-01   5.7599870e-01   2.8570184e+01
   1.4169619e+00   1.4172050e+00   4.6296810e+01
   6.1861056e-01   6.1884311e-01   4.6043265e+01
   1.4814809e+00   1.4816037e+00   4.9299360e+01
   3.6535268e-01   3.6567096e-01   4.4546641e+01
   1.4421953e+00   1.4424848e+00   4.5552428e+01
   7.2420729e-01   7.2454001e-01   4.4544632e+01
   1.5223162e+00   1.5226387e+00   4.5130055e+01
   6.4862614e-01   6.5059611e-01   3.6780031e+01
   6.8094404e-01   6.8301944e-01   3.6571007e+01
   2.8477451e-01   2.8604290e-01   3.8500356e+01
   5.2901344e-01   5.3066969e-01   3.7469503e+01
   7.1865214e-01   7.1882502e-01   4.7384906e+01
   6.9307159e-01   6.9330558e-01   4.6056544e+01
   6.8150923e-01   6.8172024e-01   4.6499217e+01
   9.0068017e-01   9.0091877e-01   4.6085086e+01
   5.8036610e-01   5.8061783e-01   4.5678695e+01
   5.1912745e-01   5.1945476e-01   4.4505867e+01
   5.5346352e-01   5.5432309e-01   4.0330870e+01
   2.8931234e-01   2.9007410e-01   4.0716999e+01
