  -4.3776110e+00   5.4299089e+00  -2.8042725e+00
  -2.6407624e+00   1.0013881e+01  -1.9857811e+00
  -5.3204583e+00   2.8713490e+00  -2.7985251e+00
  -2.9973513e+00   1.0025270e+01  -2.3635992e+00
  -4.3994971e+00   6.4155317e+00  -3.1307812e+00
  -3.0028030e+00   1.0206941e+01  -2.3947703e+00
  -4.6769568e+00   4.7141229e+00  -2.8824068e+00
  -1.5220078e+00   1.2575174e+01  -1.1159267e+00
  -4.1440342e+00   6.5867423e+00  -2.8989348e+00
  -3.5007871e+00   9.3196208e+00  -2.7874183e+00
  -4.9673633e+00   4.1938918e+00  -3.0046804e+00
  -2.9650230e+00   1.0627062e+01  -2.4103044e+00
  -4.6117297e+00   7.6493605e+00  -3.6571187e+00
  -4.1791416e+00   9.5468966e+00  -3.5338416e+00
  -4.9157668e+00   6.8074749e+00  -3.7907120e+00
  -4.1609847e+00   9.8710222e+00  -3.5600636e+00
  -4.8853313e+00   7.0889167e+00  -3.8251108e+00
  -4.8073789e+00   9.7251473e+00  -4.2120324e+00
  -4.3265647e+00   3.6608786e+00  -2.0200971e+00
  -3.6213701e+00   5.5906027e+00  -2.0081396e+00
  -3.5521371e+00   7.3810957e+00  -2.4579018e+00
  -3.9687939e+00   4.8503703e+00  -2.1280331e+00
  -3.6704973e+00   5.8678754e+00  -2.1583876e+00
  -2.3643033e+00   6.8128773e+00  -9.8309722e-01
  -3.3501784e+00   7.4812167e+00  -2.2622137e+00
  -4.1603220e+00   4.3787522e+00  -2.1544870e+00
  -3.7615436e+00   5.4158901e+00  -2.1051938e+00
  -3.8426392e+00   5.0739422e+00  -2.0704799e+00
  -4.2010223e+00   7.9432151e+00  -3.2807852e+00
  -4.9880746e+00   4.5603470e+00  -3.1742271e+00
  -4.4963089e+00   7.3131853e+00  -3.4605821e+00
  -4.9577742e+00   4.7407478e+00  -3.2083489e+00
  -4.0998388e+00   7.7620597e+00  -3.1350785e+00
  -5.4886200e+00   4.2263409e+00  -3.6060407e+00
  -3.7320191e+00   7.2312004e+00  -2.6169021e+00
  -4.4517704e+00   2.8210683e+00  -1.7257515e+00
  -3.9549794e+00   5.9121673e+00  -2.4913847e+00
  -3.2037752e+00   4.1261081e+00  -8.9584752e-01
  -3.2715397e+00   8.0153844e+00  -2.2991676e+00
  -4.7697206e+00   2.6699485e+00  -2.0288357e+00
  -3.9363691e+00   5.3211194e+00  -2.2695759e+00
  -4.2671150e+00   3.0023617e+00  -1.6016706e+00
  -4.2508064e+00   8.9749943e+00  -3.5213211e+00
  -6.1452385e+00   1.9757637e+00  -3.2844335e+00
  -4.6302180e+00   7.4486887e+00  -3.6338285e+00
  -5.4327121e+00   2.7674151e+00  -2.8765968e+00
  -4.2520223e+00   7.0051287e+00  -3.1248236e+00
  -5.4340008e+00   2.7340983e+00  -2.8605962e+00
  -3.7271429e+00   5.7373298e+00  -2.1785230e+00
  -1.5140551e+00   9.1970715e+00  -6.3538693e-01
  -3.3535666e+00   7.2526587e+00  -2.2093326e+00
  -3.2577571e+00   7.9245176e+00  -2.2643625e+00
  -3.8454463e+00   4.9404741e+00  -2.0216874e+00
  -2.7709799e+00   8.0246302e+00  -1.7578803e+00
  -4.0298878e+00   8.5627221e+00  -3.2178787e+00
  -4.1111128e+00   8.3358315e+00  -3.2620925e+00
  -4.4999661e+00   7.3034727e+00  -3.4622894e+00
  -4.2755672e+00   7.5400740e+00  -3.2750261e+00
  -3.9755524e+00   7.8060674e+00  -3.0114270e+00
  -4.5756595e+00   7.2322842e+00  -3.5270562e+00
  -2.9831584e+00   8.0671411e+00  -1.9982303e+00
  -3.7209017e+00   6.9826745e+00  -2.5419208e+00
  -3.5932907e+00   5.2614841e+00  -1.8557072e+00
  -2.9987512e+00   7.9899440e+00  -1.9980318e+00
  -3.6722063e+00   8.5034792e+00  -2.8273467e+00
  -4.3272707e+00   7.4824292e+00  -3.3176265e+00
  -3.9853673e+00   7.5724233e+00  -2.9708951e+00
  -4.2294458e+00   7.2915714e+00  -3.1692250e+00
  -3.7674741e+00   7.6388145e+00  -2.7512255e+00
  -4.8712457e+00   6.7245095e+00  -3.7224219e+00
  -5.2834616e+00   3.8647904e+00  -3.2257150e+00
  -3.2251466e+00   8.6702380e+00  -2.3818520e+00
  -5.3001431e+00   7.0790549e+00  -4.2644335e+00
  -4.5279512e+00   7.7629998e+00  -3.5916969e+00
  -5.6108321e+00   6.2859316e+00  -4.4034281e+00
  -4.4905020e+00   7.6600829e+00  -3.5303858e+00
  -5.3625302e+00   6.8334736e+00  -4.2741261e+00
  -5.0335389e+00   7.3008581e+00  -4.0306355e+00
  -5.9558053e+00   6.5316610e+00  -4.8321138e+00
  -4.6871424e+00   7.0575733e+00  -3.6057772e+00
  -6.7174342e+00   4.7083931e+00  -5.1276705e+00
  -4.5293420e+00   7.5347575e+00  -3.5449885e+00
  -6.6301425e+00   5.2599972e+00  -5.2073442e+00
  -5.2998463e+00   6.7646844e+00  -4.1909760e+00
  -5.1773527e+00   6.8202847e+00  -4.0736344e+00
  -4.4788627e+00   8.1037057e+00  -3.6074980e+00
  -4.7812053e+00   7.5600120e+00  -3.8183902e+00
  -5.0756810e+00   7.2238792e+00  -4.0584343e+00
  -6.5165882e+00   5.7825743e+00  -5.2352054e+00
  -5.7639340e+00   7.9255015e+00  -4.9249460e+00
