  -4.8677545e+00   6.8868377e+00  -3.7585442e+00
  -4.0708632e+00   1.0838088e+01  -3.5842243e+00
  -5.1828433e+00   3.9664040e+00  -3.1545729e+00
  -4.3427946e+00   1.0296035e+01  -3.8030912e+00
  -4.2802865e+00   9.4574084e+00  -3.6264780e+00
  -3.3593496e+00   1.0721845e+01  -2.8332086e+00
  -4.6511903e+00   5.7911957e+00  -3.2241385e+00
  -2.3271977e+00   1.3826543e+01  -2.0442916e+00
  -4.3069868e+00   9.8515092e+00  -3.7093658e+00
  -5.1771270e+00   9.3004131e+00  -4.5370128e+00
  -5.3107234e+00   6.6966169e+00  -4.1861156e+00
  -4.6359185e+00   1.0733769e+01  -4.1558079e+00
  -4.3401178e+00   9.6311919e+00  -3.7137133e+00
  -4.9907736e+00   9.8267432e+00  -4.4151628e+00
  -4.9519809e+00   9.6558432e+00  -4.3526377e+00
  -4.8919211e+00   1.0702287e+01  -4.4158907e+00
  -4.8500699e+00   8.7101726e+00  -4.1060540e+00
  -5.3760607e+00   1.1075718e+01  -4.9501898e+00
  -4.3738188e+00   4.5265192e+00  -2.4630577e+00
  -4.7169505e+00   5.7323721e+00  -3.2782511e+00
  -3.4911643e+00   1.0267729e+01  -2.9141828e+00
  -4.4578290e+00   5.1326525e+00  -2.7904655e+00
  -3.6084032e+00   6.7398136e+00  -2.3533789e+00
  -3.2647377e+00   6.3827716e+00  -1.8671292e+00
  -3.4395482e+00   1.0518049e+01  -2.8920463e+00
  -5.8812861e+00   3.6619346e+00  -3.8154831e+00
  -4.2554566e+00   7.6469780e+00  -3.2768146e+00
  -5.3319282e+00   4.4092980e+00  -3.5018928e+00
  -3.8999501e+00   9.7556649e+00  -3.2719172e+00
  -5.8527022e+00   3.8895689e+00  -3.8783868e+00
  -4.4855553e+00   1.0007834e+01  -3.9152030e+00
  -5.6979212e+00   4.5059345e+00  -3.9451760e+00
  -3.9906044e+00   9.3098143e+00  -3.3011812e+00
  -6.3747048e+00   3.9774508e+00  -4.4927149e+00
  -3.5333042e+00   1.0219033e+01  -2.9518279e+00
  -5.1448328e+00   2.6125482e+00  -2.4505936e+00
  -3.9037663e+00   6.7812849e+00  -2.6887934e+00
  -3.8026396e+00   3.9194448e+00  -1.5203483e+00
  -3.6572090e+00   1.1040443e+01  -3.1784246e+00
  -6.2255256e+00   2.1465898e+00  -3.4744721e+00
  -4.1286442e+00   8.1083539e+00  -3.2368462e+00
  -5.4557213e+00   2.4886589e+00  -2.7539174e+00
  -3.9195886e+00   1.1466349e+01  -3.4927823e+00
  -6.7214863e+00   1.3215605e+00  -3.5805466e+00
  -4.4158458e+00   1.0691490e+01  -3.9243313e+00
  -6.1311793e+00   2.3625134e+00  -3.4810412e+00
  -4.0214052e+00   8.6631648e+00  -3.2268452e+00
  -6.2787173e+00   2.1499149e+00  -3.5384719e+00
  -3.6324816e+00   6.8481572e+00  -2.4094443e+00
  -2.3907671e+00   8.6923645e+00  -1.4879511e+00
  -3.5206690e+00   1.0100884e+01  -2.9229598e+00
  -4.7255275e+00   7.6598006e+00  -3.7801754e+00
  -4.1528863e+00   7.5545033e+00  -3.1467723e+00
  -4.4046338e+00   7.6421651e+00  -3.4350691e+00
  -3.7015567e+00   1.0740836e+01  -3.1909656e+00
  -4.8175451e+00   8.0970777e+00  -3.9639198e+00
  -4.3088392e+00   1.0325760e+01  -3.7715166e+00
  -4.9042480e+00   7.3535424e+00  -3.9047735e+00
  -3.7979790e+00   9.4767084e+00  -3.1245027e+00
  -5.2752468e+00   7.4650840e+00  -4.3216900e+00
  -3.3533977e+00   1.1106167e+01  -2.8707779e+00
  -5.4288063e+00   6.7824832e+00  -4.3325825e+00
  -4.0613927e+00   7.7503753e+00  -3.0914405e+00
  -4.6705264e+00   7.5907541e+00  -3.7072847e+00
  -3.5549646e+00   1.0173416e+01  -2.9684514e+00
  -5.1518022e+00   7.3980084e+00  -4.1770233e+00
  -4.0019386e+00   1.0606093e+01  -3.4867757e+00
  -4.9157577e+00   7.2827679e+00  -3.9014383e+00
  -3.8271388e+00   9.1578119e+00  -3.1054309e+00
  -5.6667268e+00   7.1835429e+00  -4.6752745e+00
  -5.3253766e+00   6.8072807e+00  -4.2283658e+00
  -4.7252029e+00   7.6614034e+00  -3.7801636e+00
  -4.8139396e+00   9.4016349e+00  -4.1743581e+00
  -5.2270252e+00   7.3811735e+00  -4.2530620e+00
  -5.4497649e+00   9.2148690e+00  -4.8073453e+00
  -5.1575347e+00   7.6122798e+00  -4.2276856e+00
  -5.0696886e+00   8.5415308e+00  -4.3076580e+00
  -5.7402923e+00   7.2120405e+00  -4.7589187e+00
  -5.7075538e+00   8.2779007e+00  -4.9285828e+00
  -5.3408898e+00   6.6116959e+00  -4.1974879e+00
  -6.5389085e+00   7.4765673e+00  -5.6487530e+00
  -5.3044685e+00   6.9350841e+00  -4.2361252e+00
  -6.0827869e+00   7.4004754e+00  -5.1575527e+00
  -5.9819440e+00   6.0677689e+00  -4.7425165e+00
  -5.1051245e+00   9.7269240e+00  -4.5205008e+00
  -5.1731360e+00   7.8885552e+00  -4.2987234e+00
  -4.8653915e+00   8.8975035e+00  -4.1522932e+00
  -5.9852404e+00   7.5247167e+00  -5.0801512e+00
  -6.3069567e+00   7.3365287e+00  -5.3791955e+00
  -6.3352290e+00   8.3993402e+00  -5.6003191e+00
