  -5.4791766e+00   1.5427802e+00  -2.2110439e+00
  -2.3643441e+00   7.8666290e+00  -1.2742806e+00
  -5.8801926e+00   9.4092748e-01  -2.3026360e+00
  -3.0546138e+00   7.5374745e+00  -1.9529263e+00
  -4.5408162e+00   4.3709321e+00  -2.5906361e+00
  -2.5419567e+00   7.3002151e+00  -1.3249087e+00
  -5.3856117e+00   1.8303912e+00  -2.2804623e+00
  -1.6188066e+00   8.8372673e+00  -6.7560080e-01
  -5.0503700e+00   2.4127016e+00  -2.2225850e+00
  -3.0241428e+00   7.0750457e+00  -1.7997461e+00
  -5.3160501e+00   2.3161180e+00  -2.4888974e+00
  -2.7246490e+00   7.4912125e+00  -1.5782632e+00
  -5.0857032e+00   3.1831127e+00  -2.6810486e+00
  -3.2004906e+00   7.1896030e+00  -2.0250455e+00
  -5.3137233e+00   3.8024005e+00  -3.2332513e+00
  -4.0803840e+00   6.6015314e+00  -2.8334039e+00
  -5.2577406e+00   3.3417478e+00  -2.9593214e+00
  -3.4691500e+00   7.2575726e+00  -2.3369997e+00
  -4.9331575e+00   1.7445225e+00  -1.6573685e+00
  -3.6328904e+00   3.9592190e+00  -1.3351296e+00
  -3.6492266e+00   4.9582913e+00  -1.8019406e+00
  -3.3914384e+00   3.4933826e+00  -7.8993813e-01
  -4.5035276e+00   2.7254209e+00  -1.7342720e+00
  -2.4560500e+00   4.9821562e+00  -3.9459106e-01
  -3.9444106e+00   3.4408216e+00  -1.4467167e+00
  -3.7550295e+00   3.1238946e+00  -1.0344113e+00
  -4.2577431e+00   3.4058768e+00  -1.8089475e+00
  -3.4979060e+00   3.6698218e+00  -1.0201896e+00
  -4.6046047e+00   3.4002646e+00  -2.2213422e+00
  -3.9767825e+00   3.6056092e+00  -1.5726259e+00
  -4.8888725e+00   4.2530542e+00  -2.9397478e+00
  -4.8164723e+00   3.1809676e+00  -2.3618210e+00
  -4.4986685e+00   3.9495361e+00  -2.3589039e+00
  -4.5003485e+00   3.1206274e+00  -1.9512568e+00
  -3.7635653e+00   5.4447566e+00  -2.1178712e+00
  -4.1380571e+00   2.1280699e+00  -8.9219394e-01
  -4.2946585e+00   3.5774356e+00  -1.9407646e+00
  -3.4901620e+00   2.7213133e+00  -4.4318631e-01
  -3.9206203e+00   3.9635351e+00  -1.6832293e+00
  -4.3047908e+00   2.0726014e+00  -1.0716218e+00
  -4.0938206e+00   3.8510367e+00  -1.8356082e+00
  -4.1762369e+00   2.1018361e+00  -9.2407786e-01
  -4.6412831e+00   4.3275507e+00  -2.6878004e+00
  -5.1032923e+00   1.7318835e+00  -1.8645640e+00
  -4.8025214e+00   4.9871719e+00  -3.1245419e+00
  -5.3998389e+00   1.8908844e+00  -2.3358792e+00
  -4.4015352e+00   3.8927081e+00  -2.2191590e+00
  -4.5518686e+00   2.3235617e+00  -1.5516307e+00
  -4.4717436e+00   2.6296986e+00  -1.6386144e+00
  -1.6955048e+00   6.4110520e+00  -7.2113013e-02
  -4.2097261e+00   3.1533987e+00  -1.6154374e+00
  -2.8929029e+00   5.8604505e+00  -1.2702394e+00
  -4.2202238e+00   3.0954133e+00  -1.5961979e+00
  -2.5195313e+00   5.8942317e+00  -8.4915974e-01
  -4.3395113e+00   3.9551266e+00  -2.1752007e+00
  -3.0981588e+00   6.0256528e+00  -1.5632616e+00
  -4.9165736e+00   4.2807245e+00  -2.9826137e+00
  -4.1618288e+00   5.1872072e+00  -2.4764486e+00
  -4.3257358e+00   4.1326727e+00  -2.2394673e+00
  -3.4420435e+00   5.4206090e+00  -1.7416346e+00
  -3.7873362e+00   3.7085218e+00  -1.3956536e+00
  -3.4037106e+00   4.5148727e+00  -1.3238960e+00
  -4.0411401e+00   3.3099686e+00  -1.4945782e+00
  -2.8224766e+00   5.2853518e+00  -9.6663958e-01
  -4.0390621e+00   4.0677427e+00  -1.8732608e+00
  -3.4583666e+00   5.0447257e+00  -1.6149166e+00
  -4.4911921e+00   4.5584043e+00  -2.6103620e+00
  -4.2549378e+00   4.4722396e+00  -2.3037599e+00
  -4.2754258e+00   3.8415497e+00  -2.0465903e+00
  -3.7981416e+00   4.7206746e+00  -1.8778003e+00
  -5.6936100e+00   2.1678523e+00  -2.8573551e+00
  -3.0257553e+00   6.4322870e+00  -1.6137403e+00
  -5.6091599e+00   2.9091510e+00  -3.1559216e+00
  -3.4365360e+00   6.1587791e+00  -1.9897631e+00
  -5.9214275e+00   3.5201732e+00  -3.7996162e+00
  -4.4224729e+00   5.4597831e+00  -2.8644092e+00
  -5.8477456e+00   3.0358961e+00  -3.4939784e+00
  -4.0026125e+00   5.7492376e+00  -2.4918233e+00
  -6.3222666e+00   2.1745998e+00  -3.6026897e+00
  -3.6737521e+00   6.1096669e+00  -2.2399999e+00
  -7.0625815e+00   2.1685111e+00  -4.4505139e+00
  -4.4660867e+00   5.9845166e+00  -3.0794697e+00
  -6.9607153e+00   1.7563323e+00  -4.1137291e+00
  -4.1061842e+00   6.2023358e+00  -2.7482183e+00
  -5.4601383e+00   3.9037251e+00  -3.4427311e+00
  -4.2291586e+00   5.6770107e+00  -2.7210048e+00
  -5.4398637e+00   3.3330476e+00  -3.1658325e+00
  -4.0756843e+00   5.2315019e+00  -2.3950304e+00
  -7.0288639e+00   1.8071106e+00  -4.2203025e+00
  -4.6970251e+00   5.9637594e+00  -3.3265016e+00
