  -5.6585109e+00  -4.6533640e-01  -8.4494105e-01
  -3.0883997e+00   3.7811885e+00  -5.6990397e-01
  -6.1268841e+00  -5.6985116e-01  -1.4067204e+00
  -3.8983660e+00   3.6348071e+00  -1.4925781e+00
  -5.2356765e+00   1.1646876e+00  -1.6389569e+00
  -4.2660749e+00   2.7978078e+00  -1.4824194e+00
  -5.5741412e+00   1.2128225e-01  -1.2606342e+00
  -3.0936402e+00   3.9976204e+00  -6.9348110e-01
  -5.2167659e+00   1.2696432e+00  -1.6904596e+00
  -4.6295808e+00   2.5187083e+00  -1.7682047e+00
  -5.8994739e+00   2.8189524e-01  -1.8307413e+00
  -3.9483195e+00   3.2866713e+00  -1.3677079e+00
  -5.6854200e+00   1.0934815e+00  -2.1640981e+00
  -4.8596601e+00   2.5931360e+00  -2.0945438e+00
  -5.7105488e+00   1.9000952e+00  -2.7203923e+00
  -5.6451677e+00   1.9718361e+00  -2.6843491e+00
  -5.6873257e+00   2.1216017e+00  -2.8231898e+00
  -5.6691482e+00   2.2467672e+00  -2.8731078e+00
  -5.3788180e+00   2.8020064e-01  -1.1294304e+00
  -4.5231147e+00   1.8615661e+00  -1.2101014e+00
  -4.3656290e+00   2.2992328e+00  -1.3002797e+00
  -5.3160354e+00   3.8419628e-01  -1.1319337e+00
  -4.6617327e+00   1.1944241e+00  -9.0209623e-01
  -3.8952316e+00   1.8543870e+00  -3.7028601e-01
  -4.3011255e+00   2.2313629e+00  -1.1734086e+00
  -5.3307096e+00   4.6155822e-01  -1.2168140e+00
  -4.9044676e+00   1.3668095e+00  -1.3550789e+00
  -4.4671458e+00   1.6966194e+00  -1.0201312e+00
  -5.1874460e+00   1.7130023e+00  -1.9580283e+00
  -5.7366824e+00   6.8354666e-01  -1.9307697e+00
  -5.1284521e+00   2.6428034e+00  -2.4476868e+00
  -6.4327221e+00   1.9906085e-02  -2.3179358e+00
  -4.7175106e+00   3.2325808e+00  -2.2705669e+00
  -6.6610175e+00  -3.3950723e-01  -2.3241020e+00
  -4.4471642e+00   2.5342459e+00  -1.5505252e+00
  -5.5113670e+00   1.8827054e-01  -1.2323105e+00
  -4.6949150e+00   1.6490004e+00  -1.2845643e+00
  -4.7017226e+00   9.0330413e-01  -7.2238718e-01
  -4.5014912e+00   2.5616572e+00  -1.6348934e+00
  -5.5043316e+00   5.0730418e-01  -1.4879010e+00
  -4.6878771e+00   2.0784557e+00  -1.5668506e+00
  -5.1752547e+00   5.2568011e-01  -1.0584521e+00
  -4.8575428e+00   2.7097534e+00  -2.1581661e+00
  -6.7275008e+00  -7.7411965e-01  -2.0408888e+00
  -4.8180166e+00   3.4271472e+00  -2.4869167e+00
  -6.8050873e+00  -6.2843993e-01  -2.2706170e+00
  -4.6787701e+00   3.2563352e+00  -2.2365953e+00
  -6.5771450e+00  -5.2906328e-01  -2.0539967e+00
  -4.9077274e+00   7.2324829e-01  -8.5657608e-01
  -3.2957240e+00   2.7270300e+00  -1.8965098e-01
  -4.5441891e+00   1.8552697e+00  -1.2330930e+00
  -4.4008005e+00   2.1546695e+00  -1.2507611e+00
  -4.9986474e+00   9.3363238e-01  -1.1508921e+00
  -3.5228671e+00   2.9531183e+00  -6.3519136e-01
  -4.9513433e+00   1.8754582e+00  -1.7675144e+00
  -4.9141186e+00   1.8257055e+00  -1.6875504e+00
  -5.1049425e+00   2.5062075e+00  -2.3427148e+00
  -5.6829671e+00   1.1487259e+00  -2.1996432e+00
  -4.8737959e+00   2.7698731e+00  -2.2113391e+00
  -5.5050798e+00   1.4036299e+00  -2.1505477e+00
  -4.1739669e+00   2.4028091e+00  -1.1222031e+00
  -5.1646340e+00   8.2022033e-01  -1.2837410e+00
  -4.5553802e+00   1.4321578e+00  -9.4192578e-01
  -4.1252491e+00   1.8183898e+00  -6.5431422e-01
  -4.6765564e+00   2.0659494e+00  -1.5443638e+00
  -5.2504611e+00   1.1344407e+00  -1.6360030e+00
  -4.7996376e+00   2.7201636e+00  -2.0937416e+00
  -5.8655665e+00   6.2642235e-01  -2.0542125e+00
  -4.6655025e+00   2.8369792e+00  -1.9962082e+00
  -6.1180255e+00   3.6867985e-01  -2.1836449e+00
  -6.1968243e+00   4.0906361e-01  -2.3156440e+00
  -4.3302984e+00   3.0158519e+00  -1.6868574e+00
  -6.5334103e+00   8.2021086e-01  -3.0311886e+00
  -5.3226222e+00   2.7342105e+00  -2.7289335e+00
  -6.3322635e+00   1.5788694e+00  -3.2736942e+00
  -5.6519184e+00   2.2697759e+00  -2.8655698e+00
  -6.0962623e+00   2.0786403e+00  -3.2848541e+00
  -5.8889475e+00   1.9700896e+00  -2.9764535e+00
  -6.9329763e+00   1.5225637e-01  -3.0525955e+00
  -5.1777914e+00   3.2780571e+00  -2.8356527e+00
  -7.2516825e+00   5.9450109e-01  -3.7494755e+00
  -5.7995977e+00   2.8103005e+00  -3.3274522e+00
  -7.0582498e+00   1.0887289e+00  -3.8360167e+00
  -6.1666786e+00   2.3802158e+00  -3.5317371e+00
  -5.4407834e+00   2.3021948e+00  -2.6312245e+00
  -5.6449751e+00   1.6731732e+00  -2.5004512e+00
  -5.6462868e+00   2.3073656e+00  -2.8800152e+00
  -6.3294559e+00   8.9692676e-01  -2.8326143e+00
  -7.2850436e+00   1.1420508e+00  -4.1348748e+00
  -6.9468476e+00   1.5742921e+00  -3.9948628e+00
