  -5.5529261e+00   1.2606803e+00  -2.1131196e+00
  -4.3918921e+00   3.7283566e+00  -2.1302681e+00
  -5.8097638e+00   1.1893801e+00  -2.3868220e+00
  -4.6995011e+00   3.6396188e+00  -2.4500031e+00
  -4.6455300e+00   3.1502900e+00  -2.1418246e+00
  -4.7829917e+00   2.7200099e+00  -2.0734201e+00
  -5.2609465e+00   1.1660429e+00  -1.6726940e+00
  -3.1452719e+00   4.7299633e+00  -1.1122272e+00
  -4.8367237e+00   3.8355861e+00  -2.7002135e+00
  -5.8972428e+00   2.0629375e+00  -3.0401126e+00
  -6.1788464e+00   5.2570730e-01  -2.3800393e+00
  -4.1604511e+00   4.3468191e+00  -2.1408578e+00
  -4.9363844e+00   3.7892046e+00  -2.7945656e+00
  -5.8085849e+00   2.2870398e+00  -3.0613384e+00
  -5.5585170e+00   2.7657021e+00  -3.0235725e+00
  -5.6569071e+00   2.8285167e+00  -3.1707969e+00
  -5.5081491e+00   4.0091745e+00  -3.5406818e+00
  -6.4390689e+00   2.4271759e+00  -3.8709972e+00
  -5.2929478e+00   1.6679511e+00  -2.0607063e+00
  -5.2279948e+00   1.7777054e+00  -2.0511073e+00
  -4.0394221e+00   3.7712445e+00  -1.7316387e+00
  -5.6063818e+00   4.5410146e-01  -1.5810262e+00
  -4.2368211e+00   2.4278900e+00  -1.2186742e+00
  -4.1896585e+00   1.8847634e+00  -7.8869440e-01
  -3.9446999e+00   4.7271607e+00  -2.0505350e+00
  -6.6115065e+00  -3.4722040e-01  -2.2530219e+00
  -5.0690616e+00   1.6864950e+00  -1.7909909e+00
  -4.7227997e+00   2.0634509e+00  -1.6013233e+00
  -4.6483502e+00   3.9247309e+00  -2.5219323e+00
  -6.5018430e+00   2.4166412e-01  -2.5778019e+00
  -4.8602403e+00   3.4235415e+00  -2.5347822e+00
  -6.3392686e+00   4.4189577e-01  -2.5214615e+00
  -4.6512715e+00   4.8492299e+00  -2.9044632e+00
  -7.2257748e+00  -3.0225114e-01  -3.0759174e+00
  -4.1353490e+00   4.0847919e+00  -1.9947576e+00
  -5.9294482e+00  -2.0261956e-02  -1.6218358e+00
  -4.4118992e+00   2.6423655e+00  -1.5717386e+00
  -4.7303893e+00   1.0311510e+00  -8.6584074e-01
  -4.2771570e+00   4.9964843e+00  -2.5366779e+00
  -6.7760037e+00  -3.6100937e-01  -2.4559499e+00
  -4.9661862e+00   1.9804545e+00  -1.8542563e+00
  -5.1076508e+00   1.0424447e+00  -1.3803042e+00
  -4.4854334e+00   4.9105445e+00  -2.7402789e+00
  -7.5033352e+00  -1.2628261e+00  -2.6373919e+00
  -4.5691435e+00   4.3688350e+00  -2.6222553e+00
  -6.8746090e+00  -4.8909905e-01  -2.4786177e+00
  -4.6330875e+00   4.7074831e+00  -2.8302502e+00
  -7.1266004e+00  -6.1335831e-01  -2.7019471e+00
  -4.3317895e+00   2.0829640e+00  -1.1137011e+00
  -3.4652469e+00   2.9702195e+00  -5.7147182e-01
  -4.0192534e+00   4.5193160e+00  -2.0504691e+00
  -5.6335347e+00   1.6251145e+00  -2.4558304e+00
  -5.0545507e+00   1.4673102e+00  -1.6218483e+00
  -3.8625010e+00   3.5227558e+00  -1.3901843e+00
  -4.3480202e+00   4.4547986e+00  -2.4038393e+00
  -5.7877012e+00   1.6376300e+00  -2.6527866e+00
  -4.6617153e+00   3.6805295e+00  -2.4250660e+00
  -5.7712395e+00   1.5563622e+00  -2.5811937e+00
  -4.4797175e+00   4.8650298e+00  -2.7167153e+00
  -6.3854444e+00   1.2568687e+00  -3.1380727e+00
  -3.6493863e+00   5.1939943e+00  -1.8945175e+00
  -6.4041146e+00   2.8439333e-01  -2.4859049e+00
  -4.7372119e+00   1.7075740e+00  -1.3805855e+00
  -4.3129926e+00   2.4873203e+00  -1.3528992e+00
  -4.0381739e+00   4.5314753e+00  -2.0775990e+00
  -6.0425860e+00   9.4463100e-01  -2.5092477e+00
  -4.4288083e+00   3.7696216e+00  -2.1935248e+00
  -5.8751212e+00   1.0590939e+00  -2.3790806e+00
  -4.3588411e+00   4.7434146e+00  -2.5326667e+00
  -6.6570834e+00   5.5682969e-01  -3.0014702e+00
  -6.0165442e+00   9.7634575e-01  -2.4987349e+00
  -4.4010150e+00   3.4022566e+00  -1.9793907e+00
  -5.4720267e+00   3.5861250e+00  -3.3186613e+00
  -5.9559153e+00   2.0852100e+00  -3.1225543e+00
  -5.8180181e+00   2.6816818e+00  -3.2833796e+00
  -5.7276780e+00   2.4348253e+00  -3.0468804e+00
  -5.6846584e+00   4.0438135e+00  -3.7528646e+00
  -6.6399775e+00   1.7033150e+00  -3.7106808e+00
  -6.3992844e+00   2.3222536e+00  -3.7707375e+00
  -5.7991449e+00   3.0665446e+00  -3.4528573e+00
  -6.9525448e+00   1.3228632e+00  -3.8540692e+00
  -5.8308476e+00   3.0611473e+00  -3.4866873e+00
  -6.7606003e+00   2.9564130e+00  -4.4914640e+00
  -6.8815553e+00   2.2354092e+00  -4.2789308e+00
  -5.2539555e+00   3.2508108e+00  -2.9111745e+00
  -5.8326550e+00   1.9979036e+00  -2.9253484e+00
  -5.4912394e+00   4.1646170e+00  -3.5845247e+00
  -7.1221090e+00   1.0528876e+00  -3.8892036e+00
  -7.0086660e+00   2.6907676e+00  -4.6463171e+00
  -7.2769333e+00   2.0024019e+00  -4.6078753e+00
