  -4.7777283e+00   4.8611242e+00  -3.0510239e+00
  -1.7422298e+00   1.3139739e+01  -1.3929506e+00
  -5.5426481e+00   3.0517309e+00  -3.1494801e+00
  -3.3134494e+00   1.2287481e+01  -2.9430006e+00
  -4.6852514e+00   9.8663632e+00  -4.1039978e+00
  -3.2880493e+00   1.3074554e+01  -2.9776655e+00
  -4.8314442e+00   7.7782738e+00  -3.9166070e+00
  -2.5510956e+00   1.3542636e+01  -2.2550309e+00
  -4.6081846e+00   6.5816153e+00  -3.4021891e+00
  -3.4215084e+00   1.1521978e+01  -2.9844841e+00
  -5.4288153e+00   6.1450061e+00  -4.1710035e+00
  -3.8912882e+00   1.0871669e+01  -3.4022406e+00
  -4.7674290e+00   8.6582423e+00  -4.0109176e+00
  -3.6336236e+00   1.2259029e+01  -3.2695651e+00
  -5.0109549e+00   1.1538039e+01  -4.6191821e+00
  -5.0361434e+00   1.1508286e+01  -4.6423100e+00
  -5.3887346e+00   8.3945358e+00  -4.6160642e+00
  -4.4954714e+00   1.2614298e+01  -4.1785564e+00
  -4.6599651e+00   3.7581337e+00  -2.4593347e+00
  -3.7984638e+00   6.9135939e+00  -2.6086648e+00
  -3.5902684e+00   1.0902057e+01  -3.0938528e+00
  -4.0779703e+00   5.9538764e+00  -2.6413925e+00
  -4.1332991e+00   9.1780679e+00  -3.4303998e+00
  -3.4545863e+00   7.3231283e+00  -2.3374282e+00
  -3.6424844e+00   7.7130469e+00  -2.6330804e+00
  -3.8675524e+00   6.1363719e+00  -2.4642220e+00
  -4.4406902e+00   7.2139615e+00  -3.3781369e+00
  -4.3564116e+00   6.9279167e+00  -3.2184788e+00
  -4.3257817e+00   9.0298637e+00  -3.6088146e+00
  -4.2685866e+00   6.6221418e+00  -3.0443094e+00
  -4.5161140e+00   1.2318085e+01  -4.1776610e+00
  -5.7233403e+00   5.4560597e+00  -4.2910014e+00
  -4.3321608e+00   9.3027511e+00  -3.6577627e+00
  -5.2709887e+00   5.4542022e+00  -3.7985521e+00
  -3.8632113e+00   1.0602297e+01  -3.3425471e+00
  -4.5923843e+00   3.4600676e+00  -2.2366844e+00
  -4.2726876e+00   8.5993151e+00  -3.4808691e+00
  -3.9889268e+00   4.0640128e+00  -1.8121489e+00
  -3.9942641e+00   7.3424184e+00  -2.9277034e+00
  -4.2073850e+00   4.1067400e+00  -2.0894058e+00
  -4.2187975e+00   7.5834210e+00  -3.2237748e+00
  -4.9431135e+00   3.4122947e+00  -2.6265051e+00
  -4.3359626e+00   9.7817125e+00  -3.7301111e+00
  -4.9178235e+00   3.7131152e+00  -2.7385946e+00
  -4.4817632e+00   1.1852784e+01  -4.1049665e+00
  -6.1257044e+00   2.7028406e+00  -3.6502555e+00
  -4.3190216e+00   8.2585302e+00  -3.4677944e+00
  -5.1219634e+00   3.4911151e+00  -2.8724524e+00
  -4.2607269e+00   8.4909040e+00  -3.4489635e+00
  -2.6587963e+00   1.0553818e+01  -2.0800253e+00
  -3.6772339e+00   7.2475047e+00  -2.5613394e+00
  -3.0836212e+00   1.0348065e+01  -2.4985298e+00
  -4.3796333e+00   6.7257668e+00  -3.1922337e+00
  -3.5808372e+00   9.7950573e+00  -2.9435255e+00
  -4.1581830e+00   9.6612277e+00  -3.5282596e+00
  -3.4705734e+00   1.0734332e+01  -2.9503626e+00
  -4.5569392e+00   1.1672291e+01  -4.1663259e+00
  -5.0898836e+00   8.6402136e+00  -4.3451798e+00
  -4.5134967e+00   8.8426231e+00  -3.7753404e+00
  -4.5112919e+00   9.2293409e+00  -3.8338463e+00
  -3.4983460e+00   7.9187975e+00  -2.5229660e+00
  -3.4153642e+00   1.0475755e+01  -2.8615923e+00
  -4.0037160e+00   7.3031098e+00  -2.9286343e+00
  -3.8382760e+00   9.6441735e+00  -3.1914886e+00
  -3.7845192e+00   9.2310736e+00  -3.0722998e+00
  -3.6291231e+00   1.0165744e+01  -3.0448559e+00
  -4.0606723e+00   1.2187411e+01  -3.7015739e+00
  -4.9569155e+00   9.0005828e+00  -4.2638086e+00
  -4.0573637e+00   8.8871122e+00  -3.3033688e+00
  -4.4803666e+00   9.4810662e+00  -3.8385787e+00
  -5.6644491e+00   6.0782144e+00  -4.4058722e+00
  -4.0142925e+00   9.6625335e+00  -3.3782159e+00
  -5.7039272e+00   8.1764907e+00  -4.9072714e+00
  -3.5637400e+00   1.1126018e+01  -3.0908648e+00
  -5.7113613e+00   1.0519602e+01  -5.2374928e+00
  -5.1089933e+00   9.7626660e+00  -4.5291367e+00
  -5.7417205e+00   7.9019868e+00  -4.8974059e+00
  -4.6373553e+00   9.4933733e+00  -4.0037549e+00
  -6.4547593e+00   6.9719727e+00  -5.4580727e+00
  -3.8039472e+00   8.6038910e+00  -2.9859387e+00
  -6.8234582e+00   8.3733624e+00  -6.1004852e+00
  -5.3800128e+00   7.6192446e+00  -4.4636434e+00
  -6.9760138e+00   6.4779005e+00  -5.8939773e+00
  -4.8947432e+00   7.5035270e+00  -3.9269623e+00
  -5.1593654e+00   1.0702087e+01  -4.6906639e+00
  -4.9608484e+00   9.2930889e+00  -4.3114689e+00
  -5.2082042e+00   8.5634419e+00  -4.4560207e+00
  -4.8687356e+00   8.6170556e+00  -4.1101077e+00
  -6.8328184e+00   6.9154256e+00  -5.8413470e+00
  -5.4111016e+00   1.1276174e+01  -5.0047446e+00
