  -4.8388609e+00   5.2894339e+00  -3.2697966e+00
  -2.2050079e+00   1.3074161e+01  -1.8654009e+00
  -5.3695534e+00   3.5239737e+00  -3.1733022e+00
  -3.1009702e+00   1.2336675e+01  -2.7285357e+00
  -4.3902572e+00   9.3762338e+00  -3.7293846e+00
  -2.9302469e+00   1.3035735e+01  -2.6081984e+00
  -4.8477336e+00   7.5583344e+00  -3.8886534e+00
  -2.1615012e+00   1.3456646e+01  -1.8490743e+00
  -4.6542281e+00   7.3765444e+00  -3.6435606e+00
  -3.7488257e+00   1.1466697e+01  -3.3168608e+00
  -5.2475740e+00   6.3205573e+00  -4.0230954e+00
  -3.0536142e+00   1.1753674e+01  -2.6268803e+00
  -4.9213455e+00   8.6202296e+00  -4.1657009e+00
  -4.0161840e+00   1.1794168e+01  -3.6224868e+00
  -5.1599103e+00   1.0871907e+01  -4.7087315e+00
  -4.8438591e+00   1.1650594e+01  -4.4581358e+00
  -5.4615836e+00   8.9358089e+00  -4.7786745e+00
  -4.9628611e+00   1.2370501e+01  -4.6372651e+00
  -4.7978718e+00   3.8839663e+00  -2.6769529e+00
  -3.6966534e+00   7.2504728e+00  -2.5831924e+00
  -3.6242098e+00   1.0062052e+01  -3.0259456e+00
  -3.9297998e+00   6.0911031e+00  -2.5194505e+00
  -4.1604533e+00   8.3760738e+00  -3.3219090e+00
  -3.1163028e+00   7.3544766e+00  -1.9749160e+00
  -3.6734911e+00   8.3934328e+00  -2.8077586e+00
  -4.3312840e+00   5.7330124e+00  -2.8526334e+00
  -4.4296372e+00   7.0766118e+00  -3.3337829e+00
  -3.6285634e+00   7.4168264e+00  -2.5495341e+00
  -4.4243125e+00   8.8947116e+00  -3.6903350e+00
  -4.7542691e+00   6.1211083e+00  -3.4347175e+00
  -4.6033058e+00   1.1257558e+01  -4.1756628e+00
  -5.4754112e+00   5.6031200e+00  -4.0668078e+00
  -4.4078767e+00   9.7732320e+00  -3.8037552e+00
  -5.7360789e+00   5.1896444e+00  -4.2216668e+00
  -3.8312862e+00   9.8644973e+00  -3.2153481e+00
  -4.4818620e+00   3.6106969e+00  -2.1798157e+00
  -4.2363332e+00   8.3053771e+00  -3.3890595e+00
  -3.7902503e+00   4.2492696e+00  -1.6623790e+00
  -4.0466657e+00   8.1089823e+00  -3.1497308e+00
  -4.6612463e+00   3.7266799e+00  -2.4461807e+00
  -4.1295329e+00   7.6003814e+00  -3.1318672e+00
  -4.2682586e+00   3.8471970e+00  -2.0407953e+00
  -4.2779333e+00   1.0048423e+01  -3.7049706e+00
  -5.5944016e+00   2.9873007e+00  -3.1777506e+00
  -4.4207528e+00   1.1460886e+01  -4.0075182e+00
  -5.9027031e+00   2.9805792e+00  -3.5304376e+00
  -4.3733077e+00   8.7068533e+00  -3.6054420e+00
  -5.7102776e+00   3.0281406e+00  -3.3319456e+00
  -4.1351219e+00   8.1987720e+00  -3.2614055e+00
  -2.1855043e+00   1.0236153e+01  -1.5364528e+00
  -3.7632440e+00   7.9536588e+00  -2.8151617e+00
  -3.3102484e+00   9.9904850e+00  -2.6874527e+00
  -4.1048511e+00   6.9154033e+00  -2.9428654e+00
  -2.7012377e+00   1.0333466e+01  -2.0951064e+00
  -4.2413459e+00   9.6503691e+00  -3.6134655e+00
  -3.9042032e+00   1.0092860e+01  -3.3220834e+00
  -4.5345397e+00   1.0932561e+01  -4.0724683e+00
  -4.7937310e+00   8.4450401e+00  -4.0020028e+00
  -4.4359166e+00   9.3026225e+00  -3.7661374e+00
  -4.5801883e+00   9.2802104e+00  -3.9133504e+00
  -3.5819514e+00   8.7217378e+00  -2.7716283e+00
  -3.8641457e+00   9.6910552e+00  -3.2253126e+00
  -3.8716167e+00   7.3230046e+00  -2.7905552e+00
  -2.9425759e+00   1.0007017e+01  -2.3033038e+00
  -3.8249935e+00   9.2060930e+00  -3.1109161e+00
  -4.0798302e+00   9.5579910e+00  -3.4316892e+00
  -4.1568179e+00   1.1443298e+01  -3.7346951e+00
  -4.6386698e+00   8.9221542e+00  -3.9192912e+00
  -4.1815948e+00   9.2495950e+00  -3.4921296e+00
  -4.8481264e+00   9.2973634e+00  -4.1949104e+00
  -5.3956102e+00   6.2635886e+00  -4.1670428e+00
  -3.3542528e+00   9.7086954e+00  -2.6930108e+00
  -5.7237996e+00   8.1847673e+00  -4.9294330e+00
  -4.1294969e+00   1.0248279e+01  -3.5761073e+00
  -5.6593847e+00   9.8389801e+00  -5.1063642e+00
  -4.8120803e+00   9.6668517e+00  -4.2091183e+00
  -5.7103922e+00   8.4052513e+00  -4.9530276e+00
  -4.9869152e+00   9.1736775e+00  -4.3211248e+00
  -6.1454485e+00   7.2944693e+00  -5.2016806e+00
  -4.3908533e+00   8.0381532e+00  -3.5015085e+00
  -6.6257958e+00   8.2879044e+00  -5.8827521e+00
  -5.0689345e+00   7.7046427e+00  -4.1528138e+00
  -6.6786761e+00   7.3931840e+00  -5.7780837e+00
  -5.4339271e+00   6.9857261e+00  -4.3852601e+00
  -5.2346613e+00   1.0010967e+01  -4.6899675e+00
  -4.7374416e+00   9.2590603e+00  -4.0741070e+00
  -5.3371486e+00   8.9151764e+00  -4.6463322e+00
  -5.1823677e+00   8.5787740e+00  -4.4315941e+00
  -6.9047222e+00   7.3146385e+00  -5.9978344e+00
  -5.8864113e+00   1.0651220e+01  -5.4303390e+00
