  -4.4896930e+00   4.4568671e+00  -2.5674578e+00
  -2.3588567e+00   1.2801612e+01  -2.0023826e+00
  -5.2584959e+00   2.7064518e+00  -2.6378834e+00
  -2.7974702e+00   1.2732978e+01  -2.4486831e+00
  -3.6886677e+00   1.0067306e+01  -3.0939653e+00
  -2.2146147e+00   1.3706374e+01  -1.9209185e+00
  -3.9397001e+00   8.7934540e+00  -3.1632895e+00
  -2.0561032e+00   1.3749946e+01  -1.7611198e+00
  -4.1869725e+00   7.8589014e+00  -3.2485002e+00
  -4.1579489e+00   1.1126934e+01  -3.7046487e+00
  -4.8855591e+00   6.5338098e+00  -3.6892760e+00
  -4.5519399e+00   1.1832720e+01  -4.1750972e+00
  -4.1643429e+00   7.9656328e+00  -3.2462720e+00
  -2.7357231e+00   1.2118595e+01  -2.3325534e+00
  -4.6697141e+00   1.0201550e+01  -4.1299050e+00
  -4.3343025e+00   1.1733192e+01  -3.9435195e+00
  -4.6082797e+00   7.6171662e+00  -3.6466719e+00
  -3.2784348e+00   1.3270067e+01  -2.9813387e+00
  -4.0308899e+00   3.8258627e+00  -1.7482655e+00
  -2.9975267e+00   7.7184245e+00  -1.9341417e+00
  -2.8811041e+00   1.1563465e+01  -2.4292636e+00
  -3.3369771e+00   7.1454862e+00  -2.1636117e+00
  -3.2511368e+00   9.8174895e+00  -2.6005818e+00
  -2.7813813e+00   8.1540210e+00  -1.7981479e+00
  -3.2637542e+00   9.4068927e+00  -2.5510361e+00
  -4.5672027e+00   6.3115716e+00  -3.2846926e+00
  -4.1237133e+00   7.5058370e+00  -3.1046065e+00
  -5.0850374e+00   6.8488447e+00  -3.9818926e+00
  -3.5906351e+00   8.5167824e+00  -2.7429781e+00
  -3.2904989e+00   7.9022143e+00  -2.2948597e+00
  -4.0813291e+00   1.1067228e+01  -3.6194970e+00
  -4.8822754e+00   6.6427369e+00  -3.7136936e+00
  -3.7023338e+00   8.7394156e+00  -2.9025854e+00
  -4.1499735e+00   6.9427927e+00  -2.9987751e+00
  -3.2607656e+00   1.0621188e+01  -2.7183830e+00
  -3.6646361e+00   4.4407230e+00  -1.6003955e+00
  -3.5130290e+00   9.4604477e+00  -2.8224757e+00
  -3.2160241e+00   4.9683426e+00  -1.2995474e+00
  -3.4776270e+00   8.9913152e+00  -2.7084706e+00
  -4.6654324e+00   3.9897336e+00  -2.5707509e+00
  -3.8326327e+00   7.9377240e+00  -2.8861812e+00
  -5.3060679e+00   3.4638491e+00  -3.0726213e+00
  -3.7766633e+00   8.9176923e+00  -3.0123660e+00
  -3.8616054e+00   4.8097599e+00  -1.9880225e+00
  -4.0672007e+00   1.1258225e+01  -3.6244042e+00
  -5.2476514e+00   3.7084290e+00  -3.1164963e+00
  -3.8129370e+00   7.6933867e+00  -2.8123685e+00
  -3.9331349e+00   4.6661063e+00  -2.0119891e+00
  -3.0531185e+00   9.2027995e+00  -2.2940175e+00
  -1.8576618e+00   1.1453781e+01  -1.3500510e+00
  -3.4254741e+00   8.4989116e+00  -2.5633294e+00
  -3.8776796e+00   9.6290115e+00  -3.2305403e+00
  -3.7693872e+00   7.3453544e+00  -2.6851794e+00
  -4.3886836e+00   9.0319131e+00  -3.6750642e+00
  -3.5195719e+00   8.7493658e+00  -2.7103276e+00
  -2.5467879e+00   1.1719917e+01  -2.0982076e+00
  -4.0999558e+00   1.0862980e+01  -3.6169980e+00
  -4.2751435e+00   1.0209585e+01  -3.7224009e+00
  -3.7210463e+00   8.2162409e+00  -2.8237771e+00
  -3.3464791e+00   1.0170465e+01  -2.7501077e+00
  -2.9746386e+00   9.4780449e+00  -2.2563896e+00
  -4.1643777e+00   1.0042234e+01  -3.5861997e+00
  -3.5737798e+00   7.6511744e+00  -2.5448812e+00
  -4.6667727e+00   9.8618731e+00  -4.0842623e+00
  -3.1013463e+00   8.8382264e+00  -2.2808383e+00
  -2.6486050e+00   1.1693825e+01  -2.2012938e+00
  -3.5944202e+00   1.1464891e+01  -3.1573975e+00
  -4.1281959e+00   1.0635468e+01  -3.6208533e+00
  -3.5582729e+00   8.1367355e+00  -2.6334285e+00
  -3.3679670e+00   1.1323628e+01  -2.9090167e+00
  -4.8835374e+00   6.6605715e+00  -3.7195683e+00
  -4.3309571e+00   9.9444950e+00  -3.7465754e+00
  -4.9241286e+00   7.4919108e+00  -3.9556761e+00
  -2.5605292e+00   1.2418705e+01  -2.1783263e+00
  -5.1360528e+00   9.9328108e+00  -4.5786508e+00
  -4.3152854e+00   1.0206500e+01  -3.7636365e+00
  -4.9490294e+00   7.2704936e+00  -3.9341177e+00
  -3.4237592e+00   1.1287310e+01  -2.9629882e+00
  -5.4385423e+00   6.6703480e+00  -4.3160352e+00
  -2.9027995e+00   9.4729923e+00  -2.1793595e+00
  -6.3971545e+00   7.7866434e+00  -5.5594428e+00
  -4.5456611e+00   8.6875997e+00  -3.7832832e+00
  -5.9902315e+00   6.1869395e+00  -4.7825214e+00
  -3.5936020e+00   9.0372871e+00  -2.8391046e+00
  -5.0592893e+00   1.0423537e+01  -4.5575459e+00
  -4.3417365e+00   1.1642594e+01  -3.9430713e+00
  -4.5864624e+00   7.9135146e+00  -3.6842494e+00
  -3.5484027e+00   1.0919739e+01  -3.0524194e+00
  -6.0248458e+00   6.4636660e+00  -4.8887736e+00
  -4.0729513e+00   1.2131832e+01  -3.7096088e+00
