  -5.7385264e+00   1.6346639e+00  -2.5908036e+00
  -4.5106967e+00   4.1829983e+00  -2.4763176e+00
  -6.0977136e+00   1.4957839e+00  -2.9408124e+00
  -4.9648760e+00   4.0259808e+00  -2.9311834e+00
  -5.0787389e+00   2.5430766e+00  -2.3319665e+00
  -4.2148986e+00   4.0397192e+00  -2.0676912e+00
  -5.6607705e+00   7.9754829e-01  -1.9181978e+00
  -2.9906114e+00   5.5732502e+00  -1.2773426e+00
  -5.0761603e+00   4.1498095e+00  -3.1101358e+00
  -5.8872820e+00   2.6279249e+00  -3.3362794e+00
  -6.3740669e+00   1.2737604e+00  -3.1350647e+00
  -5.0391415e+00   4.1950907e+00  -3.0867679e+00
  -5.0799020e+00   4.1544175e+00  -3.1162892e+00
  -5.6654252e+00   2.8555525e+00  -3.1944045e+00
  -5.6529351e+00   2.8674442e+00  -3.1858715e+00
  -5.4633792e+00   3.3442765e+00  -3.1981940e+00
  -5.7035230e+00   4.2817798e+00  -3.8672992e+00
  -6.1149867e+00   3.3601085e+00  -3.9475596e+00
  -5.5295808e+00   1.9440658e+00  -2.5273364e+00
  -5.4030088e+00   2.0199989e+00  -2.4191020e+00
  -4.3842785e+00   3.3214613e+00  -1.9175024e+00
  -5.1825310e+00   1.2344549e+00  -1.6208345e+00
  -4.5449007e+00   2.0758269e+00  -1.3831943e+00
  -4.0172342e+00   2.3789246e+00  -9.0441888e-01
  -4.2212358e+00   5.1021242e+00  -2.5125408e+00
  -6.7672331e+00  -1.0532232e-01  -2.6488883e+00
  -5.2294470e+00   2.4255459e+00  -2.4471771e+00
  -5.6884154e+00   1.4089950e+00  -2.3831364e+00
  -4.7770132e+00   4.3394926e+00  -2.8477797e+00
  -6.5540099e+00   3.6446574e-01  -2.7350303e+00
  -5.1002058e+00   3.4215322e+00  -2.8143044e+00
  -6.3070892e+00   7.3876406e-01  -2.6953070e+00
  -4.8269664e+00   5.2366732e+00  -3.2387903e+00
  -7.2913919e+00  -4.3590097e-02  -3.3523400e+00
  -4.3581785e+00   3.7162208e+00  -2.0845297e+00
  -5.5629948e+00   5.2496282e-01  -1.5800841e+00
  -4.7041784e+00   2.2565686e+00  -1.7008512e+00
  -4.5940129e+00   1.3746968e+00  -9.5007160e-01
  -4.4133973e+00   5.5060880e+00  -2.8697889e+00
  -7.0512562e+00  -4.1994451e-01  -2.7623932e+00
  -5.1439865e+00   2.6228030e+00  -2.4552664e+00
  -6.0199897e+00   4.8427873e-01  -2.1456458e+00
  -4.4751233e+00   5.4766333e+00  -2.9286740e+00
  -7.5946472e+00  -1.2959215e+00  -2.7277266e+00
  -4.8710696e+00   4.2326228e+00  -2.9110253e+00
  -6.8076012e+00  -1.4913731e-01  -2.6660796e+00
  -4.7430507e+00   5.1275745e+00  -3.1078594e+00
  -7.0718575e+00  -3.2369259e-01  -2.8650535e+00
  -4.7958576e+00   1.5381257e+00  -1.3371216e+00
  -3.2504756e+00   3.6175577e+00  -6.8264224e-01
  -4.3367484e+00   4.8348981e+00  -2.5430150e+00
  -5.6080114e+00   2.2396854e+00  -2.7960529e+00
  -5.2162785e+00   2.1874719e+00  -2.2919475e+00
  -4.8252831e+00   3.0718524e+00  -2.3157385e+00
  -4.5519335e+00   4.7545994e+00  -2.7564534e+00
  -5.6155488e+00   2.3183444e+00  -2.8495592e+00
  -4.9452613e+00   3.5969029e+00  -2.7167608e+00
  -5.6067177e+00   2.1552644e+00  -2.7459721e+00
  -4.6803823e+00   5.0706857e+00  -3.0178138e+00
  -6.1542084e+00   1.9231285e+00  -3.2648910e+00
  -4.0162879e+00   5.4562741e+00  -2.4079660e+00
  -6.4714789e+00   7.8921108e-01  -2.9339672e+00
  -4.8947680e+00   2.4517996e+00  -2.0553141e+00
  -5.2807990e+00   2.0686054e+00  -2.2991418e+00
  -4.1222146e+00   5.0688921e+00  -2.3878485e+00
  -6.0401014e+00   1.3771750e+00  -2.7955529e+00
  -4.6548851e+00   3.7052511e+00  -2.4286997e+00
  -5.7202399e+00   1.6217848e+00  -2.5602547e+00
  -4.5213754e+00   5.1002303e+00  -2.8502069e+00
  -6.7100559e+00   9.1774837e-01  -3.3112149e+00
  -6.2047384e+00   1.6335131e+00  -3.1542887e+00
  -5.3122733e+00   2.9822298e+00  -2.8458793e+00
  -5.6192126e+00   3.9639013e+00  -3.6470325e+00
  -5.9265775e+00   2.3286497e+00  -3.2233930e+00
  -5.9971093e+00   2.7087337e+00  -3.5049225e+00
  -5.6368841e+00   2.8063261e+00  -3.1361460e+00
  -5.8947708e+00   4.3665420e+00  -4.1111388e+00
  -6.5974056e+00   2.1319445e+00  -3.8987903e+00
  -6.4415174e+00   2.8373382e+00  -4.0765569e+00
  -5.7306981e+00   3.4322669e+00  -3.5445594e+00
  -7.1530941e+00   1.3295008e+00  -4.0926461e+00
  -5.7137042e+00   3.5499862e+00  -3.5776819e+00
  -6.9494909e+00   3.2478647e+00  -4.8301415e+00
  -6.6772152e+00   2.9167606e+00  -4.3797743e+00
  -5.4871605e+00   3.3128638e+00  -3.2108520e+00
  -5.8339187e+00   2.3589419e+00  -3.1308387e+00
  -5.7968620e+00   4.4623928e+00  -4.0384853e+00
  -7.0941413e+00   1.5727154e+00  -4.1648843e+00
  -7.1301370e+00   3.1773085e+00  -4.9994635e+00
  -7.3410819e+00   2.3423475e+00  -4.8516993e+00
