  -5.7888942e+00   1.7474791e+00  -2.7224828e+00
  -3.6982963e+00   5.9681719e+00  -2.2223937e+00
  -6.0167087e+00   1.1601171e+00  -2.6242927e+00
  -4.0127988e+00   5.7387770e+00  -2.4997764e+00
  -5.0953278e+00   3.5747259e+00  -2.8805216e+00
  -4.0028359e+00   5.6097812e+00  -2.4455738e+00
  -5.6760522e+00   9.5147150e-01  -2.0509149e+00
  -2.3676541e+00   7.7801969e+00  -1.2565447e+00
  -5.2720301e+00   3.6670259e+00  -3.1259839e+00
  -5.0307353e+00   4.6141859e+00  -3.2426742e+00
  -5.5211844e+00   2.8014532e+00  -2.9983024e+00
  -4.4769255e+00   5.2124767e+00  -2.8402246e+00
  -5.1902224e+00   4.3743691e+00  -3.3294107e+00
  -5.2570722e+00   4.3405029e+00  -3.3912566e+00
  -5.5863241e+00   3.3676144e+00  -3.3502542e+00
  -5.0123982e+00   4.8489401e+00  -3.3090540e+00
  -5.2059732e+00   5.3933678e+00  -3.7081565e+00
  -5.7688084e+00   4.1941524e+00  -3.9061000e+00
  -5.4389598e+00   1.6100659e+00  -2.2051090e+00
  -4.4837564e+00   3.0826263e+00  -1.9106715e+00
  -4.3139081e+00   4.4528288e+00  -2.3637063e+00
  -5.0962861e+00   1.8509229e+00  -1.9337910e+00
  -4.7225576e+00   2.1080949e+00  -1.6298419e+00
  -3.2719749e+00   3.9449798e+00  -8.8673524e-01
  -4.2533257e+00   4.7582663e+00  -2.4180134e+00
  -5.7359330e+00   1.3351294e+00  -2.3930965e+00
  -4.6031419e+00   3.6100655e+00  -2.3227000e+00
  -5.3009429e+00   1.8845802e+00  -2.2100071e+00
  -4.8413905e+00   4.5321223e+00  -2.9978765e+00
  -6.1843574e+00   1.2920322e+00  -2.9167055e+00
  -5.1511893e+00   3.8113250e+00  -3.0514428e+00
  -5.7597918e+00   1.8900613e+00  -2.7738736e+00
  -4.6737570e+00   5.8506177e+00  -3.2670890e+00
  -6.7295459e+00   9.2422795e-01  -3.3390031e+00
  -4.2364107e+00   4.8543745e+00  -2.4362335e+00
  -5.4852066e+00   8.7807799e-01  -1.7508760e+00
  -4.8197928e+00   2.3753597e+00  -1.9175374e+00
  -3.9735123e+00   2.4849011e+00  -9.1757535e-01
  -4.2443561e+00   5.3770971e+00  -2.6369540e+00
  -6.2395158e+00   3.9775508e-01  -2.3616765e+00
  -4.4926448e+00   4.1903882e+00  -2.4586382e+00
  -5.9399054e+00   4.9971231e-01  -2.0540369e+00
  -4.6666632e+00   5.7151416e+00  -3.2175763e+00
  -7.1369458e+00  -4.0231561e-01  -2.8855520e+00
  -5.0100387e+00   4.5857271e+00  -3.2086286e+00
  -6.3647455e+00   6.7174650e-01  -2.7198634e+00
  -4.6672732e+00   5.4926278e+00  -3.1471527e+00
  -6.6114456e+00   4.4353861e-01  -2.8643238e+00
  -4.7976161e+00   1.7778620e+00  -1.5067632e+00
  -2.5717635e+00   5.3372692e+00  -6.9037312e-01
  -4.3169325e+00   4.5092872e+00  -2.3906048e+00
  -4.6124863e+00   3.9897965e+00  -2.5094183e+00
  -4.3442371e+00   3.6701452e+00  -2.0456282e+00
  -4.3658677e+00   3.6952773e+00  -2.0835117e+00
  -4.5616325e+00   5.0409623e+00  -2.8740659e+00
  -5.0981289e+00   3.8176345e+00  -2.9933922e+00
  -5.1054490e+00   3.9022020e+00  -3.0387208e+00
  -5.0964860e+00   3.6774784e+00  -2.9288819e+00
  -4.5072072e+00   5.7783151e+00  -3.0615781e+00
  -5.6980712e+00   3.0071444e+00  -3.3076010e+00
  -4.0951760e+00   5.0371590e+00  -2.3451439e+00
  -5.3642192e+00   2.5696692e+00  -2.6894393e+00
  -4.2549583e+00   3.7875335e+00  -1.9965414e+00
  -4.7279391e+00   3.0015377e+00  -2.1618089e+00
  -4.2106497e+00   5.2638527e+00  -2.5591923e+00
  -5.4762719e+00   2.7535397e+00  -2.9206253e+00
  -4.6292877e+00   4.1101489e+00  -2.5817633e+00
  -5.1747623e+00   2.9481154e+00  -2.6663773e+00
  -4.3167078e+00   5.7744109e+00  -2.8496731e+00
  -6.1564352e+00   1.9771838e+00  -3.2984766e+00
  -5.6923736e+00   2.6384404e+00  -3.1141142e+00
  -4.6654277e+00   4.1599011e+00  -2.6448606e+00
  -5.6261706e+00   4.2016765e+00  -3.7501143e+00
  -5.4092941e+00   3.7436184e+00  -3.3165657e+00
  -6.0948221e+00   3.1011544e+00  -3.8071426e+00
  -5.2634066e+00   4.0150982e+00  -3.2666237e+00
  -5.7571537e+00   4.9979341e+00  -4.1821071e+00
  -6.1517600e+00   3.1812068e+00  -3.9086400e+00
  -6.4623758e+00   3.3168362e+00  -4.3184427e+00
  -5.5987600e+00   4.1891397e+00  -3.7145849e+00
  -7.2062635e+00   1.8024965e+00  -4.4212703e+00
  -5.3391700e+00   4.6494311e+00  -3.6001723e+00
  -6.9422445e+00   3.7643266e+00  -5.0327016e+00
  -6.4112880e+00   3.6781663e+00  -4.4140395e+00
  -5.5802253e+00   3.8283710e+00  -3.5467076e+00
  -5.4463517e+00   3.6833313e+00  -3.3324116e+00
  -5.5770815e+00   5.4755459e+00  -4.1384267e+00
  -6.7424029e+00   2.3982690e+00  -4.2032903e+00
  -6.9657583e+00   3.7240275e+00  -5.0426886e+00
  -6.7214626e+00   3.4938017e+00  -4.6815101e+00
