  -6.7675040e+00  -2.2920937e+00  -5.4493778e-01
  -3.5168491e+00   2.6783599e+00  -4.4973716e-01
  -6.9279804e+00  -2.1895644e+00  -9.0894324e-01
  -3.7801472e+00   2.7883339e+00  -8.6286538e-01
  -6.1661200e+00  -1.2701615e+00  -7.7461092e-01
  -3.9706678e+00   2.1041747e+00  -6.5479120e-01
  -6.4521494e+00  -1.8629761e+00  -5.5634789e-01
  -3.4298038e+00   2.7717088e+00  -3.9717571e-01
  -6.0637865e+00  -5.8331350e-02  -1.7697756e+00
  -5.4879054e+00   8.2572362e-01  -1.7149265e+00
  -6.6089608e+00  -2.9140866e-01  -2.2957627e+00
  -5.7074753e+00   9.3329415e-01  -2.0779039e+00
  -6.4026435e+00  -1.4436537e+00  -9.4082122e-01
  -4.1436755e+00   2.1110589e+00  -8.8781191e-01
  -6.5144740e+00  -3.8329723e-01  -2.0951529e+00
  -5.6410567e+00   1.0249771e+00  -2.0591457e+00
  -6.5504637e+00  -1.0666042e+00  -1.5300714e+00
  -4.6241304e+00   2.0573690e+00  -1.4721152e+00
  -5.8606696e+00  -1.1770622e+00  -4.1669587e-01
  -4.0115706e+00   1.6728019e+00  -3.9011645e-01
  -4.9626320e+00   2.8807656e-02  -3.1186199e-01
  -4.7745676e+00   2.6806297e-01  -2.6492073e-01
  -5.2774510e+00  -5.4363139e-01  -2.0710427e-01
  -4.0453859e+00   1.2661261e+00  -1.0812818e-01
  -5.1576973e+00   9.3093683e-01  -1.3610252e+00
  -5.9399485e+00  -3.6580126e-01  -1.3338763e+00
  -5.7760557e+00   7.1371087e-01  -2.0043430e+00
  -6.1196568e+00  -9.6039766e-03  -1.8845777e+00
  -5.9077832e+00  -1.0790914e+00  -5.9205243e-01
  -4.3422199e+00   1.3191267e+00  -5.6553026e-01
  -5.8462818e+00   2.4114604e-01  -1.7275433e+00
  -5.9846083e+00  -2.0632761e-02  -1.6955523e+00
  -5.6711228e+00  -1.3734428e-01  -1.1670150e+00
  -5.2374572e+00   5.5390096e-01  -1.1667117e+00
  -4.8175407e+00   5.1810275e-01  -5.5455374e-01
  -4.9851023e+00   1.5602145e-01  -4.6497422e-01
  -5.0860525e+00  -1.0302853e-01  -3.6517382e-01
  -4.4175933e+00   7.8942079e-01  -2.2570710e-01
  -4.9510436e+00   1.5113060e+00  -1.5193974e+00
  -6.0190091e+00  -3.4174252e-01  -1.4643370e+00
  -5.2270556e+00   1.6397535e+00  -1.9593241e+00
  -6.6204468e+00  -8.7104798e-01  -1.8091351e+00
  -5.6563041e+00  -2.7476738e-01  -1.0212826e+00
  -5.1780959e+00   3.9199311e-01  -9.4879366e-01
  -5.2223355e+00   1.4682823e+00  -1.8372161e+00
  -6.4999129e+00  -7.2076680e-01  -1.7813440e+00
  -5.3675021e+00   2.4656513e-01  -1.0849166e+00
  -5.1172843e+00   6.2676674e-01  -1.0634436e+00
  -5.5976259e+00  -1.2462063e+00   6.7400799e-02
  -3.4780462e+00   1.7431055e+00   2.9986911e-01
  -5.3683515e+00   6.4330906e-01  -1.4154342e+00
  -5.3933915e+00   4.8571470e-01  -1.3215669e+00
  -5.4212618e+00   8.6143317e-01  -1.6549318e+00
  -5.6818247e+00   1.5078839e-01  -1.4323621e+00
  -5.9174550e+00  -1.0981691e+00  -5.8637777e-01
  -3.9538862e+00   1.8860756e+00  -4.7372270e-01
  -6.0524546e+00   7.2668339e-02  -1.8632389e+00
  -5.6898388e+00   5.2873404e-01  -1.7505122e+00
  -5.6916142e+00  -2.8634517e-01  -1.0602560e+00
  -4.7488523e+00   1.1369326e+00  -9.7464795e-01
  -4.7457016e+00   1.2716993e+00  -1.0744152e+00
  -5.9713097e+00  -6.7078288e-01  -1.0940473e+00
  -5.2050147e+00   9.8763446e-01  -1.4669978e+00
  -5.9507005e+00  -3.8268019e-01  -1.3334750e+00
  -5.4022347e+00  -5.5740231e-01  -3.7973177e-01
  -4.3171148e+00   1.1320781e+00  -3.7819037e-01
  -5.3779366e+00   5.9680986e-01  -1.3910179e+00
  -5.7651745e+00  -4.3392735e-02  -1.3793800e+00
  -5.5392079e+00  -3.2403801e-01  -8.0899866e-01
  -4.8697987e+00   7.4021235e-01  -8.1849931e-01
  -6.7264513e+00  -1.2357809e-01  -2.5824819e+00
  -5.6484525e+00   1.2773177e+00  -2.2447895e+00
  -7.1458819e+00  -1.9868811e+00  -1.4502199e+00
  -3.8794653e+00   3.1018212e+00  -1.1776400e+00
  -6.8622394e+00  -4.7884965e-01  -2.4710251e+00
  -5.5244987e+00   1.5443003e+00  -2.2685172e+00
  -6.9682242e+00  -1.1609066e+00  -2.0159214e+00
  -4.6722321e+00   2.4537086e+00  -1.7820567e+00
  -7.7130788e+00  -2.6680160e+00  -1.5368304e+00
  -3.8991197e+00   3.5976532e+00  -1.4742311e+00
  -8.3126646e+00  -2.1446218e+00  -2.8976643e+00
  -5.4079894e+00   2.7622980e+00  -2.8447602e+00
  -8.0541672e+00  -2.4232225e+00  -2.2779452e+00
  -4.6845161e+00   3.2575331e+00  -2.2440556e+00
  -6.6149893e+00  -2.6030751e-01  -2.3290821e+00
  -5.5590817e+00   1.5056456e+00  -2.2861360e+00
  -6.8499265e+00  -1.2812616e+00  -1.7407919e+00
  -5.0356931e+00   1.6392463e+00  -1.7166408e+00
  -8.3472431e+00  -2.6154854e+00  -2.4851120e+00
  -5.0986058e+00   2.7277812e+00  -2.4585708e+00
