  -4.9565829e+00   6.0492069e+00  -3.6342432e+00
  -2.9832808e+00   1.2569622e+01  -2.6267233e+00
  -5.1772970e+00   3.6863430e+00  -3.0259005e+00
  -3.3903607e+00   1.1913183e+01  -2.9894445e+00
  -4.1773241e+00   9.9319550e+00  -3.5852077e+00
  -3.3685791e+00   1.1864532e+01  -2.9625471e+00
  -4.8619442e+00   7.3619347e+00  -3.8616196e+00
  -2.0825654e+00   1.3330069e+01  -1.7586584e+00
  -4.5835823e+00   8.5027699e+00  -3.7913050e+00
  -4.5838932e+00   1.0747323e+01  -4.1036806e+00
  -5.1615749e+00   6.5470123e+00  -3.9893821e+00
  -2.5332992e+00   1.2564737e+01  -2.1627298e+00
  -4.7953085e+00   8.9653413e+00  -4.0898042e+00
  -4.5698116e+00   1.0950542e+01  -4.1106268e+00
  -4.8717429e+00   1.0682290e+01  -4.3929965e+00
  -4.7871782e+00   1.0844098e+01  -4.3231466e+00
  -5.3694854e+00   9.4328122e+00  -4.7546592e+00
  -5.3405060e+00   1.1537474e+01  -4.9558625e+00
  -4.7133667e+00   3.9648646e+00  -2.6152058e+00
  -3.9665272e+00   7.0970021e+00  -2.8384086e+00
  -3.6628842e+00   1.0524427e+01  -3.1252633e+00
  -4.4028939e+00   5.6966558e+00  -2.9203896e+00
  -3.9606790e+00   8.3782747e+00  -3.1104601e+00
  -3.0744750e+00   7.3525463e+00  -1.9284509e+00
  -3.5485556e+00   9.5054460e+00  -2.8667926e+00
  -5.1055040e+00   5.0574136e+00  -3.4860736e+00
  -4.2083422e+00   7.4158806e+00  -3.1751561e+00
  -3.2100237e+00   7.5969918e+00  -2.1372047e+00
  -4.3036712e+00   9.1193723e+00  -3.5997975e+00
  -5.2460517e+00   5.6251074e+00  -3.8241757e+00
  -4.2897781e+00   1.1350520e+01  -3.8625164e+00
  -5.3964820e+00   5.3898004e+00  -3.9152903e+00
  -4.2835769e+00   1.0301812e+01  -3.7424528e+00
  -6.1435431e+00   4.8294361e+00  -4.5468540e+00
  -3.8683160e+00   1.0034097e+01  -3.2769526e+00
  -4.8167481e+00   3.2747362e+00  -2.4098171e+00
  -4.1751567e+00   8.2944955e+00  -3.3221931e+00
  -3.5777262e+00   4.4910076e+00  -1.5199953e+00
  -4.1075772e+00   9.3018486e+00  -3.4225961e+00
  -5.3965805e+00   3.1686883e+00  -3.0371160e+00
  -4.1102654e+00   7.6833717e+00  -3.1293367e+00
  -3.5631293e+00   4.5613710e+00  -1.5339737e+00
  -4.2863302e+00   1.0238055e+01  -3.7375144e+00
  -5.8665935e+00   2.7458283e+00  -3.3725873e+00
  -4.2126223e+00   1.1698822e+01  -3.8156392e+00
  -5.8151742e+00   2.9662913e+00  -3.4227905e+00
  -4.4090677e+00   9.1748884e+00  -3.7187352e+00
  -6.0073209e+00   2.7520862e+00  -3.5384925e+00
  -4.0358248e+00   8.2636515e+00  -3.1684397e+00
  -2.1080405e+00   1.0743800e+01  -1.5254411e+00
  -3.8398730e+00   8.9302971e+00  -3.0812762e+00
  -4.1444264e+00   9.3201025e+00  -3.4639760e+00
  -4.0253732e+00   7.1036898e+00  -2.9038661e+00
  -2.2634854e+00   1.0831486e+01  -1.7005504e+00
  -4.2234807e+00   9.9251405e+00  -3.6323170e+00
  -4.4304731e+00   9.8703249e+00  -3.8401975e+00
  -4.2463451e+00   1.1101812e+01  -3.7931575e+00
  -4.7083755e+00   8.4013027e+00  -3.9046192e+00
  -4.3598886e+00   9.8586707e+00  -3.7653190e+00
  -5.2129262e+00   8.8016419e+00  -4.4994935e+00
  -3.5332488e+00   9.9243188e+00  -2.9119345e+00
  -4.6187005e+00   8.8388390e+00  -3.8849570e+00
  -3.7467736e+00   7.5230316e+00  -2.7024931e+00
  -2.4604241e+00   1.0177278e+01  -1.8190291e+00
  -3.8753236e+00   9.3751421e+00  -3.1902433e+00
  -4.5815584e+00   9.1752817e+00  -3.8990274e+00
  -3.9584199e+00   1.1301954e+01  -3.5166727e+00
  -4.5971356e+00   8.7501183e+00  -3.8477674e+00
  -4.0990986e+00   9.8292379e+00  -3.4899390e+00
  -5.3508732e+00   8.7612004e+00  -4.6366942e+00
  -5.1935814e+00   6.5119140e+00  -4.0147801e+00
  -2.8197050e+00   9.9283539e+00  -2.1622011e+00
  -5.3963045e+00   8.7211771e+00  -4.6776261e+00
  -4.5404552e+00   9.5548472e+00  -3.9115960e+00
  -5.3921844e+00   1.0000615e+01  -4.8510059e+00
  -4.8102149e+00   9.1384461e+00  -4.1319353e+00
  -5.5303953e+00   9.0111740e+00  -4.8613018e+00
  -5.4698743e+00   8.6251296e+00  -4.7388084e+00
  -6.1608175e+00   7.2910587e+00  -5.2170799e+00
  -4.7202584e+00   7.8918216e+00  -3.8216090e+00
  -6.4234801e+00   8.5407959e+00  -5.7139607e+00
  -5.0428552e+00   7.5601017e+00  -4.0957586e+00
  -6.5730111e+00   7.8151973e+00  -5.7472778e+00
  -5.8305174e+00   6.6277939e+00  -4.7223999e+00
  -4.9491502e+00   1.0378531e+01  -4.4390442e+00
  -4.7678604e+00   8.8900518e+00  -4.0492443e+00
  -5.2572893e+00   9.2992003e+00  -4.6199402e+00
  -5.6730940e+00   8.2290981e+00  -4.8842767e+00
  -6.7975212e+00   7.8245049e+00  -5.9816997e+00
  -6.0386931e+00   1.0142403e+01  -5.5316051e+00
