  -6.8313365e+00  -2.2679577e+00  -6.7198203e-01
  -2.7187366e+00   4.2546963e+00  -3.6117140e-01
  -6.3159220e+00  -8.6598292e-01  -1.3934992e+00
  -4.1414232e+00   2.8667252e+00  -1.3676228e+00
  -5.8866949e+00   5.5793791e-01  -2.0296406e+00
  -4.7935538e+00   2.2268371e+00  -1.7940220e+00
  -6.1221123e+00  -9.5823780e-01  -1.0291792e+00
  -3.4611117e+00   3.5080304e+00  -8.8559914e-01
  -5.8957453e+00  -6.8960994e-02  -1.5348645e+00
  -4.3960013e+00   2.4985323e+00  -1.4644926e+00
  -6.1786330e+00   5.1657361e-01  -2.3729908e+00
  -5.6196514e+00   1.4846740e+00  -2.3476410e+00
  -6.0753458e+00  -1.4359673e-01  -1.7132412e+00
  -4.4405673e+00   2.6039534e+00  -1.5844362e+00
  -6.0769519e+00   1.3650069e+00  -2.8327169e+00
  -6.1568143e+00   1.1863013e+00  -2.8142207e+00
  -6.2181535e+00   2.6064171e-01  -2.2294165e+00
  -4.8100202e+00   2.6499843e+00  -2.0665787e+00
  -5.3508451e+00   1.9116980e-01  -1.0136788e+00
  -4.7051950e+00   1.2262626e+00  -9.8537604e-01
  -4.6049147e+00   1.9523856e+00  -1.3777280e+00
  -5.6683432e+00  -1.5845986e-01  -1.1441857e+00
  -5.0617654e+00   1.7781444e-01  -5.9506014e-01
  -4.0598927e+00   1.7085030e+00  -4.8354685e-01
  -4.7411215e+00   1.1237462e+00  -9.5388475e-01
  -5.0052353e+00   5.9587708e-01  -8.8393117e-01
  -5.0849275e+00   1.7205911e+00  -1.8338741e+00
  -6.0089000e+00   5.8925516e-02  -1.7942039e+00
  -5.4649019e+00   3.9531397e-01  -1.3435701e+00
  -4.8778824e+00   1.1851644e+00  -1.1845312e+00
  -5.4590152e+00   2.1367934e+00  -2.5570742e+00
  -6.7974835e+00  -4.3938348e-01  -2.4194631e+00
  -5.0321408e+00   1.3835752e+00  -1.5334767e+00
  -5.5413774e+00   3.5932288e-01  -1.4169228e+00
  -4.6913208e+00   2.1101235e+00  -1.5916996e+00
  -5.7201522e+00  -1.2040384e-01  -1.2499837e+00
  -4.9374436e+00   7.7368662e-01  -9.3913453e-01
  -4.7932946e+00   7.2480313e-01  -6.9959749e-01
  -4.7324271e+00   1.6360971e+00  -1.3242395e+00
  -5.2198982e+00   5.4028512e-01  -1.1315618e+00
  -4.8253541e+00   2.3247364e+00  -1.8937823e+00
  -6.5336203e+00  -8.0851942e-01  -1.7477421e+00
  -5.2931646e+00   1.2737931e+00  -1.7916832e+00
  -5.8388169e+00   5.3996683e-03  -1.5214055e+00
  -5.0294104e+00   3.1322747e+00  -2.5891622e+00
  -7.2704526e+00  -1.2258212e+00  -2.3627292e+00
  -4.9915437e+00   1.5470077e+00  -1.5966156e+00
  -5.5192915e+00   3.1805652e-01  -1.3528779e+00
  -5.1715350e+00  -2.2349422e-02  -5.6645950e-01
  -3.7957390e+00   2.0687189e+00  -3.9506139e-01
  -4.8842787e+00   8.7590049e-01  -9.5010050e-01
  -4.2537394e+00   1.8568846e+00  -8.5359720e-01
  -5.1677131e+00   1.2827332e+00  -1.6365260e+00
  -5.2290908e+00   1.1108374e+00  -1.5908323e+00
  -5.4062974e+00   5.0769242e-01  -1.3569156e+00
  -4.3786224e+00   2.0121735e+00  -1.1262179e+00
  -5.4958847e+00   2.0489664e+00  -2.5496039e+00
  -6.2932508e+00   4.1191268e-01  -2.4407799e+00
  -5.2666317e+00   1.1067480e+00  -1.6366584e+00
  -4.9410103e+00   1.4569586e+00  -1.4678283e+00
  -4.6484120e+00   1.1423612e+00  -8.4305894e-01
  -4.8335887e+00   8.0116537e-01  -8.1940732e-01
  -4.7899636e+00   1.7180355e+00  -1.4559119e+00
  -5.7761857e+00   9.9593657e-02  -1.5166428e+00
  -4.9057976e+00   9.3002398e-01  -1.0228924e+00
  -4.7065955e+00   1.2206008e+00  -9.8288083e-01
  -4.9770707e+00   2.5052781e+00  -2.1870105e+00
  -6.5501576e+00  -3.5961070e-01  -2.1621465e+00
  -4.9544621e+00   1.1761327e+00  -1.2792024e+00
  -5.1678227e+00   7.3634010e-01  -1.2212019e+00
  -6.4955537e+00   4.2700052e-01  -2.7074582e+00
  -5.5630819e+00   1.8004934e+00  -2.4799310e+00
  -6.8546140e+00  -6.1277395e-01  -2.3490522e+00
  -4.4093058e+00   3.2770004e+00  -1.9243795e+00
  -6.8719122e+00   9.0092692e-01  -3.4952065e+00
  -6.1517562e+00   1.7824393e+00  -3.1799570e+00
  -6.4896697e+00   2.3256798e-01  -2.5554761e+00
  -4.9610287e+00   2.4876765e+00  -2.1572822e+00
  -7.3505700e+00  -1.2183313e+00  -2.4757181e+00
  -4.4524113e+00   3.5428374e+00  -2.1115582e+00
  -7.8741197e+00  -2.1082248e-01  -3.9412827e+00
  -6.2161483e+00   2.4424639e+00  -3.6217843e+00
  -7.7143295e+00  -1.1061342e+00  -3.0458882e+00
  -5.0509443e+00   3.2926428e+00  -2.6944936e+00
  -5.7384500e+00   1.8297781e+00  -2.7116220e+00
  -6.0684335e+00   1.0118654e+00  -2.5879206e+00
  -6.1693733e+00   3.9095105e-01  -2.2667298e+00
  -5.4224394e+00   1.4905419e+00  -2.1052822e+00
  -7.8568249e+00  -1.0257732e+00  -3.2937388e+00
  -5.6604961e+00   2.5892670e+00  -3.0507268e+00
