  -4.2900224e+00   4.7108079e+00  -2.4412228e+00
  -2.2848638e+00   1.2351102e+01  -1.8872323e+00
  -5.0014439e+00   2.7712774e+00  -2.3658138e+00
  -3.1968253e+00   1.1966156e+01  -2.7947515e+00
  -4.0714832e+00   1.0271652e+01  -3.5187881e+00
  -3.1975989e+00   1.2989333e+01  -2.8789337e+00
  -4.1149699e+00   8.0015534e+00  -3.2009502e+00
  -1.8995550e+00   1.4003014e+01  -1.6171046e+00
  -3.9899788e+00   6.4415756e+00  -2.6897044e+00
  -3.5555069e+00   1.1143112e+01  -3.0841651e+00
  -4.6668461e+00   6.6885255e+00  -3.4932634e+00
  -4.8835154e+00   9.9334953e+00  -4.3178385e+00
  -4.1207840e+00   8.1481593e+00  -3.2363162e+00
  -3.2646854e+00   1.1656845e+01  -2.8356795e+00
  -4.3837410e+00   1.0184144e+01  -3.8318190e+00
  -5.0487505e+00   1.0952118e+01  -4.6027917e+00
  -4.5096372e+00   7.4098593e+00  -3.4965654e+00
  -3.3548899e+00   1.2816569e+01  -3.0274192e+00
  -3.9094455e+00   3.8735620e+00  -1.6261480e+00
  -3.5398016e+00   6.9557649e+00  -2.3364681e+00
  -3.1380007e+00   1.1566408e+01  -2.6957438e+00
  -4.0761750e+00   6.4790756e+00  -2.7949354e+00
  -3.4416273e+00   9.3821440e+00  -2.7349487e+00
  -2.6696794e+00   8.3684116e+00  -1.7231786e+00
  -3.1691399e+00   7.5720619e+00  -2.0866089e+00
  -4.0309967e+00   6.2556755e+00  -2.6810449e+00
  -3.8768308e+00   7.5965188e+00  -2.8595281e+00
  -5.2899221e+00   6.0797155e+00  -4.0036039e+00
  -3.6856946e+00   8.8795425e+00  -2.9095881e+00
  -3.6655453e+00   7.2450385e+00  -2.5480127e+00
  -3.9941718e+00   1.0829277e+01  -3.5039787e+00
  -5.7197179e+00   5.8593934e+00  -4.4049803e+00
  -3.4642257e+00   8.4011885e+00  -2.5857877e+00
  -3.9732274e+00   6.5278649e+00  -2.6956450e+00
  -3.5011787e+00   1.0592207e+01  -2.9652709e+00
  -4.3418532e+00   4.1491735e+00  -2.2655768e+00
  -3.7530488e+00   8.7072386e+00  -2.9506117e+00
  -3.2330282e+00   4.9003349e+00  -1.2908252e+00
  -3.4592665e+00   7.1917627e+00  -2.3095718e+00
  -4.2078209e+00   4.1505467e+00  -2.1096581e+00
  -3.7904198e+00   7.8508235e+00  -2.8224784e+00
  -5.7649524e+00   2.7972619e+00  -3.2806569e+00
  -3.8989105e+00   9.0207719e+00  -3.1586727e+00
  -4.2888055e+00   4.6029331e+00  -2.3965644e+00
  -4.1489807e+00   1.0097845e+01  -3.5773638e+00
  -5.9818282e+00   3.0919455e+00  -3.6741316e+00
  -3.6784651e+00   7.3461890e+00  -2.5867479e+00
  -3.9290934e+00   4.5670754e+00  -1.9657832e+00
  -3.4305349e+00   8.8797965e+00  -2.6390339e+00
  -1.9064478e+00   1.1599468e+01  -1.4177105e+00
  -3.1712890e+00   7.1985718e+00  -1.9952402e+00
  -3.3920125e+00   1.0019437e+01  -2.7772059e+00
  -3.7472922e+00   7.1467768e+00  -2.6125600e+00
  -4.6155898e+00   9.0131497e+00  -3.9095574e+00
  -3.4884568e+00   9.0170830e+00  -2.7243667e+00
  -3.0386195e+00   1.0748102e+01  -2.5021160e+00
  -3.8500730e+00   1.0365446e+01  -3.3004040e+00
  -4.9285745e+00   9.2684190e+00  -4.2743541e+00
  -3.5301904e+00   8.0848354e+00  -2.5925361e+00
  -3.2890765e+00   9.9178219e+00  -2.6549552e+00
  -2.9055816e+00   7.6169607e+00  -1.8090078e+00
  -3.4636795e+00   1.0559615e+01  -2.9222812e+00
  -3.4321511e+00   7.7100112e+00  -2.4050026e+00
  -4.9628940e+00   9.4116578e+00  -4.3304855e+00
  -3.0317539e+00   8.9024836e+00  -2.2182586e+00
  -3.0802488e+00   1.0464456e+01  -2.5101722e+00
  -3.3604253e+00   1.1110551e+01  -2.8785441e+00
  -4.8801376e+00   9.1280064e+00  -4.2032012e+00
  -3.2737145e+00   7.9630502e+00  -2.2901129e+00
  -3.2489836e+00   1.0674479e+01  -2.7125894e+00
  -4.9859390e+00   6.4885113e+00  -3.7856394e+00
  -4.7020166e+00   9.6762639e+00  -4.0962045e+00
  -4.9975291e+00   7.6512619e+00  -4.0665626e+00
  -3.0223188e+00   1.1667422e+01  -2.5860597e+00
  -5.2865460e+00   9.1328439e+00  -4.6263426e+00
  -5.0685947e+00   1.0195861e+01  -4.5409287e+00
  -4.8087742e+00   7.0093351e+00  -3.7246526e+00
  -3.3686792e+00   1.0496063e+01  -2.8154478e+00
  -5.4726055e+00   6.6891640e+00  -4.3568701e+00
  -3.4189441e+00   8.8806861e+00  -2.6268763e+00
  -6.3193774e+00   7.0438348e+00  -5.3315799e+00
  -5.3358152e+00   8.0981851e+00  -4.5086279e+00
  -5.8859615e+00   5.7365400e+00  -4.5488539e+00
  -3.6224738e+00   8.6700644e+00  -2.8053056e+00
  -4.4535357e+00   9.5069922e+00  -3.8143286e+00
  -4.8384115e+00   9.5365590e+00  -4.2186872e+00
  -4.1959096e+00   7.6943676e+00  -3.2233472e+00
  -3.4955431e+00   1.0125772e+01  -2.9000326e+00
  -6.0253026e+00   6.0515675e+00  -4.7844587e+00
  -4.0523922e+00   1.2105459e+01  -3.6863655e+00
