  -4.3271888e+00   5.0154833e+00  -2.6004402e+00
  -2.9781117e+00   1.2339806e+01  -2.6022754e+00
  -5.0361309e+00   2.6765427e+00  -2.3553799e+00
  -2.9091215e+00   1.2455213e+01  -2.5409662e+00
  -3.9594724e+00   1.0807592e+01  -3.4656874e+00
  -3.2191863e+00   1.3650554e+01  -2.9455114e+00
  -4.1052626e+00   8.5810051e+00  -3.3008780e+00
  -2.0694374e+00   1.4354583e+01  -1.8128636e+00
  -4.1010339e+00   6.7059017e+00  -2.8841016e+00
  -3.9337607e+00   1.1373701e+01  -3.4983626e+00
  -4.8268148e+00   5.7328890e+00  -3.3990128e+00
  -4.6144226e+00   1.0863656e+01  -4.1474898e+00
  -4.3097541e+00   7.9322991e+00  -3.3942876e+00
  -3.1549220e+00   1.2366714e+01  -2.7865868e+00
  -4.5771758e+00   9.9641973e+00  -4.0046027e+00
  -5.0084024e+00   1.2006323e+01  -4.6558236e+00
  -4.6642034e+00   7.1423100e+00  -3.6010632e+00
  -3.2595756e+00   1.3817120e+01  -2.9969054e+00
  -3.8208253e+00   3.8551412e+00  -1.5104451e+00
  -3.2279054e+00   7.3674917e+00  -2.1006299e+00
  -3.0746133e+00   1.2038994e+01  -2.6753000e+00
  -4.1309396e+00   6.6233904e+00  -2.8945804e+00
  -3.4696385e+00   9.5468936e+00  -2.7900740e+00
  -2.8370447e+00   8.3192463e+00  -1.8942190e+00
  -3.1445422e+00   8.0180758e+00  -2.1623957e+00
  -4.3414974e+00   6.2636336e+00  -3.0246667e+00
  -3.9810922e+00   6.7463403e+00  -2.7639750e+00
  -5.0023954e+00   6.6993420e+00  -3.8569317e+00
  -3.7311668e+00   8.7097890e+00  -2.9278665e+00
  -3.6603218e+00   7.5508232e+00  -2.6154403e+00
  -4.0540036e+00   1.0540686e+01  -3.5330917e+00
  -5.5737015e+00   6.4225118e+00  -4.3987602e+00
  -3.5567794e+00   8.2814915e+00  -2.6611495e+00
  -3.9598108e+00   6.7815614e+00  -2.7501082e+00
  -3.4277563e+00   1.1122404e+01  -2.9496314e+00
  -4.5435525e+00   4.0116197e+00  -2.4391104e+00
  -3.7501273e+00   9.1160681e+00  -3.0175007e+00
  -3.2725862e+00   5.0042723e+00  -1.3811226e+00
  -3.4077360e+00   7.6825162e+00  -2.3722422e+00
  -4.4284499e+00   4.1025276e+00  -2.3457169e+00
  -3.7876476e+00   7.2027520e+00  -2.6703514e+00
  -5.3997267e+00   3.2737083e+00  -3.0913786e+00
  -3.9368931e+00   9.0936357e+00  -3.2105920e+00
  -4.2352905e+00   4.8132839e+00  -2.4189825e+00
  -4.2204447e+00   1.0338528e+01  -3.6814861e+00
  -5.8250488e+00   3.4879844e+00  -3.6765295e+00
  -3.7408551e+00   7.2954003e+00  -2.6421907e+00
  -3.8123822e+00   4.7921602e+00  -1.9238283e+00
  -3.3564281e+00   9.0108838e+00  -2.5832813e+00
  -1.9616060e+00   1.1569254e+01  -1.4720682e+00
  -3.2504059e+00   7.5294798e+00  -2.1650539e+00
  -3.7379404e+00   9.8446151e+00  -3.1150192e+00
  -3.9129582e+00   6.2214555e+00  -2.5403992e+00
  -4.2964134e+00   9.4841836e+00  -3.6472071e+00
  -3.7570376e+00   8.7095178e+00  -2.9552478e+00
  -3.0037470e+00   1.1265188e+01  -2.5251302e+00
  -3.8291899e+00   1.0515623e+01  -3.2969790e+00
  -4.9138675e+00   9.6839667e+00  -4.3169046e+00
  -3.7415565e+00   7.7360647e+00  -2.7449745e+00
  -3.2517437e+00   1.0216415e+01  -2.6570983e+00
  -2.8984328e+00   7.9695226e+00  -1.8843010e+00
  -3.7809861e+00   1.0356857e+01  -3.2275062e+00
  -3.5186772e+00   6.8481914e+00  -2.2842966e+00
  -4.6243230e+00   1.0023306e+01  -4.0609523e+00
  -3.0746438e+00   8.8725553e+00  -2.2586101e+00
  -3.0214845e+00   1.0941053e+01  -2.5071715e+00
  -3.3663693e+00   1.1222011e+01  -2.8966926e+00
  -4.7728796e+00   9.7370771e+00  -4.1778541e+00
  -3.4271665e+00   7.6932570e+00  -2.3957713e+00
  -3.2007816e+00   1.1329150e+01  -2.7364179e+00
  -5.0092923e+00   5.6990919e+00  -3.5884082e+00
  -4.3319840e+00   1.0425484e+01  -3.8073530e+00
  -5.1594033e+00   7.5498266e+00  -4.2168681e+00
  -2.9545593e+00   1.2228730e+01  -2.5683823e+00
  -5.3984067e+00   9.0778084e+00  -4.7342975e+00
  -4.9629921e+00   1.0917199e+01  -4.5112743e+00
  -4.8953057e+00   6.8516323e+00  -3.7795428e+00
  -3.3195073e+00   1.0947440e+01  -2.8179517e+00
  -5.6293968e+00   6.6839350e+00  -4.5223677e+00
  -3.2318738e+00   9.1452983e+00  -2.4741248e+00
  -6.4419223e+00   7.0608389e+00  -5.4635564e+00
  -5.1722290e+00   8.2592679e+00  -4.3661895e+00
  -5.9403374e+00   5.6394100e+00  -4.5794092e+00
  -3.4661854e+00   8.8352503e+00  -2.6690006e+00
  -4.5572228e+00   9.5713334e+00  -3.9313474e+00
  -4.7287193e+00   1.0256114e+01  -4.1974108e+00
  -4.4641008e+00   7.4026760e+00  -3.4462794e+00
  -3.4296909e+00   1.0854274e+01  -2.9217934e+00
  -6.0621587e+00   5.9235548e+00  -4.7894637e+00
  -3.9783603e+00   1.2566269e+01  -3.6469466e+00
