  -6.8683298e+00  -1.9431397e+00  -1.0927547e+00
  -4.3227308e+00   2.0276562e+00  -1.0641850e+00
  -7.0864720e+00  -1.7385831e+00  -1.6214965e+00
  -4.7345204e+00   2.0203453e+00  -1.5881060e+00
  -6.7507658e+00  -1.4306224e+00  -1.4560632e+00
  -4.6908889e+00   1.8000272e+00  -1.3847140e+00
  -6.7802194e+00  -1.9272363e+00  -9.7966511e-01
  -3.9485820e+00   2.4895925e+00  -8.8840863e-01
  -6.4789364e+00   3.9217876e-02  -2.3927564e+00
  -6.3657181e+00   1.9055145e-01  -2.3650780e+00
  -6.9123176e+00   2.9408994e-01  -3.1300021e+00
  -7.1499595e+00  -2.0246670e-01  -3.0575301e+00
  -6.4529973e+00  -6.6643646e-01  -1.7664188e+00
  -5.4113257e+00   1.0047576e+00  -1.7492352e+00
  -6.5257009e+00   3.2473659e-01  -2.6701098e+00
  -6.7401724e+00  -4.1340686e-02  -2.6641864e+00
  -6.6893982e+00  -3.9679406e-01  -2.3137935e+00
  -5.8309285e+00   1.0219968e+00  -2.2976559e+00
  -5.9803647e+00  -7.1234850e-01  -1.0669863e+00
  -4.8751303e+00   1.0116997e+00  -1.0463779e+00
  -5.2101092e+00   1.6464751e-01  -7.9342013e-01
  -5.4598771e+00  -2.5397319e-01  -7.6187047e-01
  -5.4469353e+00  -4.5053172e-01  -5.5298027e-01
  -4.5202647e+00   9.3027689e-01  -4.9289979e-01
  -5.3473445e+00   1.3136678e+00  -1.8890848e+00
  -6.8169549e+00  -1.0908040e+00  -1.8749490e+00
  -5.8968758e+00   1.4705012e+00  -2.6802848e+00
  -7.4378656e+00  -1.1645474e+00  -2.6380611e+00
  -5.8786672e+00  -2.8257158e-01  -1.3241448e+00
  -5.5238665e+00   2.6326840e-01  -1.3131223e+00
  -5.7198440e+00   1.1795893e+00  -2.2674495e+00
  -7.1656376e+00  -1.1884492e+00  -2.2566319e+00
  -5.7279140e+00   6.7032585e-01  -1.9093887e+00
  -6.4240550e+00  -4.6253479e-01  -1.9070724e+00
  -5.0560761e+00   6.1233968e-01  -9.6773465e-01
  -5.6092294e+00  -3.1061666e-01  -9.2140999e-01
  -5.2518873e+00   5.4248140e-02  -7.5233908e-01
  -5.0046612e+00   3.5843238e-01  -6.7717336e-01
  -5.1340130e+00   1.8580240e+00  -1.9855938e+00
  -6.8924886e+00  -1.1111980e+00  -1.9589669e+00
  -5.3100504e+00   2.4725275e+00  -2.5707835e+00
  -7.9987315e+00  -2.0904789e+00  -2.5311146e+00
  -5.5687412e+00   6.7849737e-01  -1.7080578e+00
  -6.5191059e+00  -8.5358793e-01  -1.6865681e+00
  -5.2027770e+00   2.2125415e+00  -2.2904386e+00
  -7.5375413e+00  -1.7071534e+00  -2.2756280e+00
  -5.4141071e+00   1.0256012e+00  -1.7681882e+00
  -6.2712010e+00  -3.9004225e-01  -1.7646219e+00
  -5.8652598e+00  -1.3821093e+00  -1.9671433e-01
  -3.8530505e+00   1.5365819e+00  -6.1566758e-02
  -5.6190334e+00   7.6377009e-01  -1.8387818e+00
  -6.2020259e+00  -2.5761046e-01  -1.7859288e+00
  -5.8039159e+00   1.2957369e+00  -2.4512975e+00
  -6.9934981e+00  -7.9333630e-01  -2.3772939e+00
  -6.1438006e+00  -5.0078920e-01  -1.4929762e+00
  -5.2662111e+00   8.4508113e-01  -1.4383561e+00
  -6.0114916e+00   8.7950677e-01  -2.4245888e+00
  -6.9001037e+00  -6.3556597e-01  -2.3893773e+00
  -5.8346893e+00   4.1035314e-01  -1.8476422e+00
  -6.0118563e+00   7.5084616e-02  -1.8114394e+00
  -4.8922731e+00   1.6600632e+00  -1.5474771e+00
  -6.8106702e+00  -1.4289029e+00  -1.5423441e+00
  -5.3417386e+00   1.7712216e+00  -2.1885477e+00
  -7.3199015e+00  -1.5324117e+00  -2.1461976e+00
  -5.3912760e+00   2.9209753e-01  -1.1566922e+00
  -5.5766634e+00   1.6320173e-04  -1.1584501e+00
  -5.4643205e+00   1.3055809e+00  -2.0321010e+00
  -6.8597600e+00  -9.9351661e-01  -2.0222699e+00
  -5.4477384e+00   6.0061299e-01  -1.4871942e+00
  -6.0867851e+00  -4.1586983e-01  -1.4910756e+00
  -6.8540779e+00   6.4293982e-01  -3.3023427e+00
  -7.0967825e+00   8.5679824e-02  -3.2068938e+00
  -7.2046344e+00  -1.2179082e+00  -2.2820891e+00
  -5.2004845e+00   1.9778954e+00  -2.1443099e+00
  -6.7297859e+00   3.9983848e-01  -2.9799931e+00
  -6.7119607e+00   3.0004404e-01  -2.8855504e+00
  -7.1420401e+00  -4.9488626e-01  -2.8181204e+00
  -5.9923708e+00   1.3692396e+00  -2.7320569e+00
  -7.9717497e+00  -2.0591625e+00  -2.5249566e+00
  -5.2450206e+00   2.5327064e+00  -2.5264352e+00
  -8.2619945e+00  -1.2935620e+00  -3.5824957e+00
  -6.6228799e+00   1.5510621e+00  -3.6018225e+00
  -8.2685677e+00  -1.7180132e+00  -3.2286629e+00
  -6.0056200e+00   2.2151547e+00  -3.2541197e+00
  -6.7567134e+00   4.5293195e-01  -3.0511662e+00
  -6.7281375e+00   5.0577652e-01  -3.0532335e+00
  -6.9480434e+00  -4.9423465e-01  -2.5695167e+00
  -6.3318106e+00   5.2314178e-01  -2.5717587e+00
  -8.1887272e+00  -1.6354839e+00  -3.1987191e+00
  -6.3281423e+00   1.4554117e+00  -3.1934598e+00
