  -4.4479002e+00   4.6790781e+00  -2.6089295e+00
  -2.9802730e+00   1.2571688e+01  -2.6237970e+00
  -4.9857001e+00   2.7478854e+00  -2.3340809e+00
  -2.6311970e+00   1.2746005e+01  -2.2785746e+00
  -3.7514363e+00   1.0924352e+01  -3.2633075e+00
  -2.8036334e+00   1.3884032e+01  -2.5354656e+00
  -4.1850527e+00   8.9604942e+00  -3.4498870e+00
  -2.6091790e+00   1.3711117e+01  -2.3256799e+00
  -4.0672534e+00   7.2791707e+00  -2.9915569e+00
  -4.1340712e+00   1.1166199e+01  -3.6840402e+00
  -4.6777674e+00   6.0130075e+00  -3.3199592e+00
  -4.2529013e+00   1.1488095e+01  -3.8376863e+00
  -4.1419605e+00   7.9438639e+00  -3.2179889e+00
  -2.8299472e+00   1.2240698e+01  -2.4408761e+00
  -4.5625197e+00   1.0175824e+01  -4.0159155e+00
  -4.5370575e+00   1.2155553e+01  -4.1863930e+00
  -4.5494884e+00   7.2244700e+00  -3.4972315e+00
  -3.1292155e+00   1.3936813e+01  -2.8710409e+00
  -3.7771963e+00   3.8581801e+00  -1.4592959e+00
  -2.8608961e+00   7.6792871e+00  -1.7751756e+00
  -3.0412891e+00   1.2201872e+01  -2.6554493e+00
  -3.8453115e+00   6.9089997e+00  -2.6586335e+00
  -3.5265820e+00   9.9961850e+00  -2.9149114e+00
  -3.3232102e+00   7.9632916e+00  -2.3436623e+00
  -3.0955914e+00   8.7779305e+00  -2.2635204e+00
  -4.4518561e+00   6.3263559e+00  -3.1630851e+00
  -3.9196440e+00   6.9409571e+00  -2.7479839e+00
  -4.6524621e+00   7.0651683e+00  -3.5703966e+00
  -3.6032842e+00   8.6585190e+00  -2.7827999e+00
  -3.3510750e+00   7.9038205e+00  -2.3607338e+00
  -3.9811555e+00   1.1034077e+01  -3.5126400e+00
  -5.0598143e+00   6.7840479e+00  -3.9392757e+00
  -3.6005162e+00   8.4120236e+00  -2.7335034e+00
  -3.8705171e+00   7.0466330e+00  -2.7214731e+00
  -3.4634564e+00   1.1326591e+01  -3.0081291e+00
  -4.1320714e+00   4.3156930e+00  -2.0942430e+00
  -3.8121317e+00   9.6112963e+00  -3.1593231e+00
  -3.7427055e+00   4.6594619e+00  -1.7874527e+00
  -3.3897843e+00   8.3925168e+00  -2.5044052e+00
  -4.5752498e+00   4.0024670e+00  -2.4718473e+00
  -3.7714445e+00   7.3646668e+00  -2.6920232e+00
  -5.0430604e+00   3.4704928e+00  -2.7710665e+00
  -3.8550216e+00   9.0094809e+00  -3.1105365e+00
  -3.9012826e+00   4.9469898e+00  -2.0885296e+00
  -4.1534783e+00   1.1070546e+01  -3.6942445e+00
  -5.3684973e+00   3.7555808e+00  -3.2753130e+00
  -3.8385325e+00   7.3279179e+00  -2.7559148e+00
  -3.7782223e+00   4.7900049e+00  -1.8832946e+00
  -3.3750136e+00   9.2559983e+00  -2.6442565e+00
  -2.5310445e+00   1.1124693e+01  -2.0168316e+00
  -3.2430454e+00   8.1262698e+00  -2.2921820e+00
  -3.8740289e+00   9.5470672e+00  -3.2147349e+00
  -3.6267429e+00   6.6900058e+00  -2.3597578e+00
  -4.0330846e+00   9.4119601e+00  -3.3612404e+00
  -3.4581849e+00   8.7910950e+00  -2.6525880e+00
  -2.6735627e+00   1.1549783e+01  -2.2123602e+00
  -3.8290603e+00   1.0968566e+01  -3.3484585e+00
  -4.5332900e+00   9.8556048e+00  -3.9450006e+00
  -3.6215031e+00   7.8637569e+00  -2.6436817e+00
  -3.2041456e+00   1.0215179e+01  -2.6070784e+00
  -2.8568707e+00   8.6868680e+00  -1.9901777e+00
  -3.9866341e+00   1.0208536e+01  -3.4227309e+00
  -3.4222542e+00   7.1038568e+00  -2.2463946e+00
  -4.2720568e+00   1.0352562e+01  -3.7366473e+00
  -3.0290678e+00   8.7941179e+00  -2.1953688e+00
  -2.6666551e+00   1.1427535e+01  -2.1921951e+00
  -3.3409071e+00   1.1582293e+01  -2.9071530e+00
  -4.3290432e+00   1.0282240e+01  -3.7871761e+00
  -3.4990841e+00   7.7398666e+00  -2.4842123e+00
  -3.1519072e+00   1.1609994e+01  -2.7144783e+00
  -4.7828469e+00   5.9498702e+00  -3.4162104e+00
  -3.9342726e+00   1.0474776e+01  -3.4011493e+00
  -4.9393029e+00   7.5738446e+00  -3.9889781e+00
  -2.5637008e+00   1.2632945e+01  -2.1997947e+00
  -5.1852960e+00   9.5996054e+00  -4.5866441e+00
  -4.4407724e+00   1.0901081e+01  -3.9726274e+00
  -4.8089312e+00   6.9343147e+00  -3.7069417e+00
  -3.0783443e+00   1.1470814e+01  -2.6242511e+00
  -5.3554528e+00   6.8447775e+00  -4.2692588e+00
  -2.8950591e+00   9.3593790e+00  -2.1523917e+00
  -6.2646121e+00   7.6348766e+00  -5.3932413e+00
  -4.7062887e+00   8.4267080e+00  -3.9069265e+00
  -5.6413673e+00   6.0084332e+00  -4.3621524e+00
  -3.3050172e+00   9.1025129e+00  -2.5444611e+00
  -4.6807788e+00   1.0183260e+01  -4.1391293e+00
  -4.3649864e+00   1.1043513e+01  -3.9093760e+00
  -4.4579392e+00   7.4770779e+00  -3.4561929e+00
  -3.3375345e+00   1.1140250e+01  -2.8580330e+00
  -6.0049198e+00   6.0536035e+00  -4.7632656e+00
  -3.8487175e+00   1.2511286e+01  -3.5101250e+00
