  -6.7656010e+00  -1.6683189e+00  -1.2348986e+00
  -4.0259479e+00   2.8020331e+00  -1.1840088e+00
  -6.6194573e+00  -1.6116417e+00  -1.0817271e+00
  -3.8295321e+00   2.9583284e+00  -1.0301659e+00
  -6.0514043e+00  -1.1882640e-01  -1.7021558e+00
  -4.7391571e+00   2.0210581e+00  -1.5944481e+00
  -6.5477789e+00  -1.9590029e+00  -5.9335609e-01
  -3.3001805e+00   3.3679337e+00  -6.0187720e-01
  -5.8959808e+00   1.1846971e-01  -1.6930726e+00
  -5.1222861e+00   1.4891443e+00  -1.7239928e+00
  -6.3286351e+00   3.2087983e-01  -2.4173328e+00
  -5.9220728e+00   9.4796625e-01  -2.3604045e+00
  -6.3938652e+00  -9.1888864e-01  -1.4522262e+00
  -4.3259077e+00   2.4800891e+00  -1.3647050e+00
  -6.3550288e+00   5.3640725e-01  -2.6106386e+00
  -6.1696687e+00   8.9341607e-01  -2.6321973e+00
  -6.5466284e+00  -8.8088620e-01  -1.6991667e+00
  -4.4007351e+00   2.8127533e+00  -1.6580607e+00
  -5.6307412e+00  -6.3324406e-01  -6.4024435e-01
  -4.2249280e+00   1.5909947e+00  -6.1785922e-01
  -4.9734053e+00   1.0813819e+00  -1.2321741e+00
  -5.6380946e+00  -1.0660775e-01  -1.1486808e+00
  -5.5292084e+00  -7.9863272e-01  -3.1988569e-01
  -3.9149661e+00   1.7600427e+00  -3.2515238e-01
  -4.9644932e+00   1.0682199e+00  -1.2101852e+00
  -5.6301963e+00  -6.3545266e-03  -1.2265926e+00
  -5.4437823e+00   1.2336444e+00  -1.9558404e+00
  -6.1389926e+00  -2.1576323e-02  -1.9003020e+00
  -5.8656031e+00  -5.1395845e-01  -1.0933133e+00
  -4.6485139e+00   1.3545978e+00  -1.0076795e+00
  -5.9677872e+00   9.3399383e-01  -2.4080634e+00
  -6.5959958e+00  -1.3537503e-01  -2.4053883e+00
  -5.5484195e+00   7.7133821e-02  -1.1870354e+00
  -5.0615831e+00   8.2859976e-01  -1.1521068e+00
  -4.8770374e+00   1.5071069e+00  -1.4205731e+00
  -5.7622230e+00  -1.7651133e-01  -1.2581733e+00
  -5.2652571e+00  -2.5978363e-01  -4.7476681e-01
  -4.3548095e+00   1.0958393e+00  -4.0065735e-01
  -4.8325759e+00   1.5977077e+00  -1.4270824e+00
  -5.6830179e+00   8.8592981e-02  -1.3811282e+00
  -4.9638051e+00   2.1749141e+00  -1.9735831e+00
  -6.7459874e+00  -9.7536058e-01  -1.8846683e+00
  -5.7211012e+00   2.5980216e-01  -1.5760594e+00
  -5.5029653e+00   4.4208853e-01  -1.4332225e+00
  -5.4798338e+00   1.8919282e+00  -2.4346646e+00
  -6.8919416e+00  -6.5751756e-01  -2.3600615e+00
  -5.3116880e+00   3.9767215e-01  -1.1373779e+00
  -4.9437371e+00   9.1670999e-01  -1.0635380e+00
  -5.6355964e+00  -1.1661828e+00  -8.3119116e-02
  -3.5050862e+00   2.0927543e+00  -1.6333904e-02
  -5.0368818e+00   9.3140764e-01  -1.2003989e+00
  -4.9701036e+00   1.0364331e+00  -1.1930902e+00
  -5.3510972e+00   1.1152621e+00  -1.7523072e+00
  -5.6368158e+00   5.0800733e-01  -1.6643389e+00
  -5.9914740e+00  -6.6274587e-01  -1.1302891e+00
  -4.1185035e+00   2.2357772e+00  -9.4015489e-01
  -5.8814242e+00   9.6155209e-01  -2.3187739e+00
  -6.1833645e+00   4.3309498e-01  -2.3165685e+00
  -5.7365157e+00  -1.8322808e-01  -1.2165930e+00
  -4.4527579e+00   1.8433009e+00  -1.1057203e+00
  -4.7200775e+00   1.2168055e+00  -9.9804789e-01
  -5.4746349e+00   4.6281283e-02  -1.0578174e+00
  -5.0433840e+00   1.3619846e+00  -1.5325515e+00
  -5.9987545e+00  -2.1076427e-01  -1.5520165e+00
  -5.2280784e+00   6.5880692e-02  -7.2920841e-01
  -4.5106325e+00   1.2155893e+00  -7.1361387e-01
  -5.2643865e+00   1.4758259e+00  -1.8958315e+00
  -6.3467828e+00  -2.9896502e-01  -1.9440758e+00
  -5.4474206e+00  -8.7423965e-02  -8.9921036e-01
  -4.6960745e+00   1.1403088e+00  -9.0603900e-01
  -6.5757761e+00   2.3686914e-01  -2.6677809e+00
  -5.6242758e+00   1.5690156e+00  -2.4083498e+00
  -7.3105343e+00  -1.5636170e+00  -2.1038464e+00
  -4.1704168e+00   3.5348258e+00  -1.7701760e+00
  -7.3003634e+00  -1.5256608e-01  -3.2826516e+00
  -6.0065704e+00   1.9475708e+00  -3.1036912e+00
  -6.7973936e+00  -9.2290396e-01  -2.0019683e+00
  -4.4122644e+00   2.8735003e+00  -1.7071379e+00
  -7.6714860e+00  -1.9791775e+00  -2.1952409e+00
  -4.3050889e+00   3.5851756e+00  -1.9570896e+00
  -8.2821387e+00  -1.3474771e+00  -3.5630792e+00
  -5.9274333e+00   2.7771429e+00  -3.4587976e+00
  -8.0060021e+00  -2.2423133e+00  -2.3928919e+00
  -4.5052980e+00   3.6604657e+00  -2.2315990e+00
  -6.2766326e+00   6.5310157e-01  -2.5963962e+00
  -5.9585872e+00   1.1729979e+00  -2.5609623e+00
  -6.8047699e+00  -1.0797652e+00  -1.8685507e+00
  -4.8607058e+00   2.0605502e+00  -1.7732234e+00
  -8.4316859e+00  -2.5145629e+00  -2.7001650e+00
  -4.9758398e+00   3.3303699e+00  -2.6249455e+00
