  -6.1996897e+00  -7.7761567e-01  -1.3144556e+00
  -5.3295593e+00   5.8235681e-01  -1.3144556e+00
  -6.5717936e+00  -9.5032452e-01  -1.6693685e+00
  -5.3854897e+00   9.4252961e-01  -1.6693685e+00
  -6.2234073e+00  -9.9402821e-01  -1.1389495e+00
  -4.9487612e+00   1.0035845e+00  -1.1389495e+00
  -6.2205968e+00  -1.0781134e+00  -1.0513326e+00
  -4.7649207e+00   1.2079682e+00  -1.0513326e+00
  -6.3130067e+00  -4.1464506e-01  -1.7995274e+00
  -5.8457237e+00   3.3140714e-01  -1.7995274e+00
  -6.1860162e+00   5.4190075e-01  -2.4011320e+00
  -7.0400930e+00  -8.3677600e-01  -2.4011320e+00
  -5.9711513e+00   3.9276309e-03  -1.6981470e+00
  -5.9457551e+00   4.4558073e-02  -1.6981470e+00
  -5.9901093e+00   1.1598102e+00  -2.5911600e+00
  -7.4371247e+00  -1.2167837e+00  -2.5911600e+00
  -6.0310243e+00   3.6497291e-01  -2.0682428e+00
  -6.3561974e+00  -1.6547486e-01  -2.0682428e+00
  -5.8469187e+00  -3.2639239e-01  -1.2406085e+00
  -5.3447595e+00   4.6726162e-01  -1.2406085e+00
  -5.6318848e+00  -4.2841478e-01  -8.4218162e-01
  -5.2453261e+00   1.6379363e-01  -8.4218162e-01
  -5.4607256e+00  -2.1152014e-01  -8.0307961e-01
  -5.0134342e+00   4.8801271e-01  -8.0307961e-01
  -5.7736994e+00   1.9487478e-01  -1.5928752e+00
  -5.9873764e+00  -1.4574098e-01  -1.5928752e+00
  -5.8839357e+00   9.1955162e-01  -2.2921912e+00
  -6.9494677e+00  -8.2454777e-01  -2.2921912e+00
  -5.7774726e+00   1.4109398e-02  -1.4457302e+00
  -5.8890609e+00  -1.6138340e-01  -1.4457302e+00
  -5.5532901e+00   1.6013871e+00  -2.3414707e+00
  -7.6232606e+00  -1.7598009e+00  -2.3414707e+00
  -5.7014394e+00   7.0548632e-01  -1.9016841e+00
  -6.5378489e+00  -6.4339492e-01  -1.9016841e+00
  -5.3338644e+00   1.4177861e-01  -9.4650152e-01
  -5.5380104e+00  -1.7509339e-01  -9.4650152e-01
  -5.3522232e+00   9.6824996e-02  -9.3212810e-01
  -5.4147808e+00  -7.4059869e-04  -9.3212810e-01
  -5.4938177e+00   6.9771676e-01  -1.6245075e+00
  -6.1703541e+00  -3.9414346e-01  -1.6245075e+00
  -5.3454744e+00   1.7539874e+00  -2.1821278e+00
  -7.5297676e+00  -1.7937073e+00  -2.1821278e+00
  -5.4975803e+00   8.1769612e-01  -1.7214685e+00
  -6.7918981e+00  -1.2174257e+00  -1.7214685e+00
  -5.0900101e+00   2.4908357e+00  -2.3158672e+00
  -7.9922466e+00  -2.3009720e+00  -2.3158672e+00
  -5.3885534e+00   1.0581966e+00  -1.7590523e+00
  -6.5001153e+00  -7.4576516e-01  -1.7590523e+00
  -5.1755230e+00  -3.5106346e-01  -2.5161312e-01
  -4.8805464e+00   9.1221347e-02  -2.5161312e-01
  -5.2616831e+00   6.1930532e-01  -1.2530660e+00
  -6.0172872e+00  -5.7100440e-01  -1.2530660e+00
  -5.0116464e+00   1.6321844e+00  -1.6811594e+00
  -7.0649057e+00  -1.6489170e+00  -1.6811594e+00
  -5.2889429e+00   5.6770557e-01  -1.2477833e+00
  -6.0633283e+00  -6.4556207e-01  -1.2477833e+00
  -5.2093517e+00   2.0386159e+00  -2.1929603e+00
  -7.8344088e+00  -2.2071566e+00  -2.1929603e+00
  -5.0389313e+00   1.2678484e+00  -1.4584163e+00
  -6.6167732e+00  -1.2367739e+00  -1.4584163e+00
  -5.0341794e+00   8.3839021e-01  -1.1230012e+00
  -6.0673428e+00  -7.8247536e-01  -1.1230012e+00
  -5.0528177e+00   1.5582595e+00  -1.6829827e+00
  -7.0343968e+00  -1.6040796e+00  -1.6829827e+00
  -5.1779683e+00   6.9209942e-01  -1.1991989e+00
  -5.9805637e+00  -5.7355866e-01  -1.1991989e+00
  -5.0929524e+00   1.9861897e+00  -2.0161539e+00
  -7.4479591e+00  -1.8487858e+00  -2.0161539e+00
  -5.1970028e+00   9.1368391e-01  -1.3997920e+00
  -6.3348441e+00  -8.8724024e-01  -1.3997920e+00
  -5.8454053e+00   1.0764814e+00  -2.3538576e+00
  -7.1938624e+00  -1.1221547e+00  -2.3538576e+00
  -5.9754186e+00   1.6857435e-01  -1.8395646e+00
  -6.2153619e+00  -2.1560462e-01  -1.8395646e+00
  -5.6421051e+00   1.7548890e+00  -2.5482301e+00
  -7.7983002e+00  -1.7896788e+00  -2.5482301e+00
  -5.9784711e+00   6.6310775e-01  -2.2264091e+00
  -6.7515251e+00  -5.9748925e-01  -2.2264091e+00
  -7.0701629e+00  -1.0162825e+00  -2.2837117e+00
  -5.8220871e+00   1.0180102e+00  -2.2837117e+00
  -7.1683079e+00   7.3405263e-02  -3.2862382e+00
  -7.3892818e+00  -2.9420457e-01  -3.2862382e+00
  -7.1039112e+00  -5.7500024e-01  -2.7042385e+00
  -6.3853010e+00   6.1369540e-01  -2.7042385e+00
  -6.2867581e+00   1.2054687e+00  -2.9854450e+00
  -7.3917256e+00  -6.8150551e-01  -2.9854450e+00
  -6.2722734e+00   1.9307586e-01  -2.2467249e+00
  -6.6398590e+00  -3.9944521e-01  -2.2467249e+00
  -7.6802572e+00  -1.1153650e+00  -2.9944384e+00
  -6.4919573e+00   8.4095582e-01  -2.9944384e+00
