  -5.4491414e+00   3.9711673e+00  -3.4584732e+00
  -3.6437020e+00   9.1368055e+00  -2.9086156e+00
  -5.7066133e+00   3.8431583e+00  -3.6953609e+00
  -5.0910510e+00   8.1895109e+00  -4.2685788e+00
  -5.0113531e+00   6.5910122e+00  -3.8393172e+00
  -3.1098192e+00   9.7213858e+00  -2.4374144e+00
  -5.1534362e+00   5.9867555e+00  -3.8299881e+00
  -3.3274890e+00   9.2188663e+00  -2.5878408e+00
  -4.9108416e+00   3.7559139e+00  -2.7500008e+00
  -3.4038147e+00   8.8617272e+00  -2.6074286e+00
  -5.6739729e+00   4.3443808e+00  -3.8583405e+00
  -5.4194393e+00   7.4263585e+00  -4.4658251e+00
  -5.0243749e+00   5.2723131e+00  -3.4691204e+00
  -3.4479506e+00   9.3839236e+00  -2.7419018e+00
  -5.3720751e+00   5.6907273e+00  -3.9808971e+00
  -4.9478864e+00   8.0800759e+00  -4.0979978e+00
  -5.4735382e+00   5.2354987e+00  -3.9501630e+00
  -4.2595813e+00   9.0774260e+00  -3.5469700e+00
  -4.6075367e+00   4.9459635e+00  -2.8910395e+00
  -5.7862234e+00   3.2119014e+00  -3.5068550e+00
  -4.0236041e+00   7.4386635e+00  -2.9816984e+00
  -4.2393390e+00   4.1008463e+00  -2.1242007e+00
  -4.6497517e+00   6.6168162e+00  -3.4563334e+00
  -4.1483063e+00   5.1945997e+00  -2.4638372e+00
  -3.8058478e+00   4.9128163e+00  -1.9650157e+00
  -4.1369306e+00   3.8773935e+00  -1.8995491e+00
  -4.5616734e+00   5.2742688e+00  -2.9565014e+00
  -5.9860835e+00   2.8813519e+00  -3.5779794e+00
  -4.5837542e+00   5.5548779e+00  -3.0749875e+00
  -4.3655248e+00   4.5855955e+00  -2.4775470e+00
  -4.9706633e+00   6.2173043e+00  -3.6965968e+00
  -5.7770770e+00   3.4490305e+00  -3.6048046e+00
  -4.4430286e+00   6.2910382e+00  -3.1435122e+00
  -5.2354727e+00   3.6197760e+00  -3.0627657e+00
  -4.1901809e+00   7.6738224e+00  -3.2128028e+00
  -4.7757119e+00   2.5377740e+00  -1.9597213e+00
  -4.3641411e+00   7.4577971e+00  -3.3516185e+00
  -4.9087404e+00   2.5277184e+00  -2.1166983e+00
  -3.9651569e+00   4.9147398e+00  -2.1492827e+00
  -4.3324563e+00   2.9413127e+00  -1.6475319e+00
  -4.3716676e+00   5.9541322e+00  -2.9663535e+00
  -6.4579615e+00   1.1329985e+00  -3.1463705e+00
  -4.7476885e+00   5.9609335e+00  -3.3810613e+00
  -4.9859227e+00   2.9965433e+00  -2.4677058e+00
  -4.9473981e+00   6.6067809e+00  -3.7745926e+00
  -6.0928726e+00   2.1886575e+00  -3.3420988e+00
  -4.4253065e+00   5.6617255e+00  -2.9340083e+00
  -5.1242866e+00   2.5965410e+00  -2.4169773e+00
  -4.3004019e+00   6.4257058e+00  -3.0254479e+00
  -3.2833641e+00   6.9175822e+00  -2.0436377e+00
  -4.1325624e+00   4.4406002e+00  -2.1486984e+00
  -3.2149639e+00   7.4410764e+00  -2.1047561e+00
  -4.5623732e+00   5.0029675e+00  -2.8611063e+00
  -5.0128149e+00   5.8046717e+00  -3.6241026e+00
  -4.2150580e+00   6.1676398e+00  -2.8579081e+00
  -3.4545499e+00   7.2411096e+00  -2.3169080e+00
  -4.7251182e+00   6.4822474e+00  -3.5024973e+00
  -4.9559198e+00   6.1140711e+00  -3.6518952e+00
  -4.5133925e+00   6.0230440e+00  -3.1429172e+00
  -4.2716651e+00   6.5093636e+00  -3.0171487e+00
  -3.5531637e+00   5.1097502e+00  -1.7508392e+00
  -3.6456084e+00   5.8287506e+00  -2.1173454e+00
  -4.4105451e+00   5.2437275e+00  -2.7768100e+00
  -5.4777337e+00   5.1276633e+00  -3.9195180e+00
  -3.9339321e+00   6.0337874e+00  -2.5062898e+00
  -3.6709606e+00   6.2767560e+00  -2.2884740e+00
  -4.4856956e+00   6.5212741e+00  -3.2533746e+00
  -5.0961399e+00   5.4602158e+00  -3.6090913e+00
  -4.4392036e+00   5.6253973e+00  -2.9376775e+00
  -4.4995165e+00   6.1097675e+00  -3.1532381e+00
  -5.9724021e+00   4.0771977e+00  -4.0867413e+00
  -5.4619778e+00   6.6892064e+00  -4.3455638e+00
  -5.3155318e+00   5.2277759e+00  -3.7746666e+00
  -3.7464046e+00   7.3358012e+00  -2.6579697e+00
  -6.0651208e+00   5.2515504e+00  -4.5977570e+00
  -5.2419385e+00   6.5801415e+00  -4.0838317e+00
  -5.8480945e+00   5.0865977e+00  -4.3103057e+00
  -4.6866936e+00   7.1033898e+00  -3.6160679e+00
  -6.0975164e+00   4.0825181e+00  -4.2274253e+00
  -3.8434424e+00   7.0556989e+00  -2.6943016e+00
  -6.9457610e+00   4.0150083e+00  -5.1317777e+00
  -5.3404536e+00   6.3178886e+00  -4.1221533e+00
  -6.7683569e+00   3.8664577e+00  -4.8820628e+00
  -4.7356109e+00   7.0984037e+00  -3.6672704e+00
  -5.4341205e+00   5.8094181e+00  -4.0828973e+00
  -4.9875893e+00   6.6682075e+00  -3.8332759e+00
  -5.3745899e+00   5.4579976e+00  -3.9127898e+00
  -4.7679344e+00   6.4186050e+00  -3.5318522e+00
  -7.0421730e+00   3.8857352e+00  -5.1882023e+00
  -5.1966810e+00   7.5934354e+00  -4.2651735e+00
