  -4.4635209e+00   6.2657529e+00  -3.1587409e+00
  -3.3230419e+00   1.0224597e+01  -2.7328160e+00
  -5.1490175e+00   3.6052843e+00  -2.9566066e+00
  -3.6428633e+00   1.0151754e+01  -3.0573549e+00
  -4.2141110e+00   8.3488626e+00  -3.3736609e+00
  -3.4265371e+00   1.0395167e+01  -2.8631009e+00
  -4.7003941e+00   4.9682236e+00  -3.0034221e+00
  -1.9703470e+00   1.3427524e+01  -1.6502820e+00
  -4.1474952e+00   8.5275319e+00  -3.3359235e+00
  -4.5618978e+00   8.9792192e+00  -3.8480544e+00
  -5.0555261e+00   5.8336663e+00  -3.6792497e+00
  -4.1498476e+00   1.0508070e+01  -3.6285372e+00
  -4.4204188e+00   8.8980146e+00  -3.6867896e+00
  -4.8993481e+00   9.2980276e+00  -4.2482666e+00
  -4.8901987e+00   8.2196967e+00  -4.0631014e+00
  -4.6061247e+00   1.0283359e+01  -4.0739962e+00
  -4.7886613e+00   8.1866792e+00  -3.9501994e+00
  -5.4902124e+00   9.9840759e+00  -4.9499288e+00
  -4.2813093e+00   4.2098939e+00  -2.2218455e+00
  -4.1510694e+00   5.6248002e+00  -2.6166633e+00
  -3.3315861e+00   9.3946006e+00  -2.6207555e+00
  -4.4480942e+00   4.7715269e+00  -2.6451689e+00
  -3.6875400e+00   6.0405642e+00  -2.2335617e+00
  -2.8188177e+00   6.7068746e+00  -1.4649487e+00
  -3.3277896e+00   9.4134353e+00  -2.6197436e+00
  -5.2590066e+00   3.7372710e+00  -3.1422701e+00
  -3.9006323e+00   6.9727867e+00  -2.7354540e+00
  -4.8446915e+00   4.4107499e+00  -2.9535758e+00
  -3.9975459e+00   9.1928191e+00  -3.2902259e+00
  -5.6995417e+00   3.8315889e+00  -3.6825747e+00
  -4.4447279e+00   8.7972230e+00  -3.6957015e+00
  -5.4180872e+00   4.5049662e+00  -3.6343832e+00
  -3.9935239e+00   8.7609716e+00  -3.2145108e+00
  -6.4308789e+00   3.5725513e+00  -4.3922216e+00
  -3.4453073e+00   9.2566455e+00  -2.7186778e+00
  -4.8829224e+00   2.6430956e+00  -2.1513610e+00
  -3.9627521e+00   5.9957599e+00  -2.5264633e+00
  -3.4060507e+00   4.2430590e+00  -1.1996980e+00
  -3.3500799e+00   1.0008069e+01  -2.7316804e+00
  -5.7595993e+00   2.1871037e+00  -2.9470888e+00
  -3.9505073e+00   7.0085200e+00  -2.7988271e+00
  -5.2717397e+00   2.3274488e+00  -2.4418666e+00
  -4.0461739e+00   1.0548160e+01  -3.5258551e+00
  -6.6732605e+00   1.3919144e+00  -3.5661538e+00
  -4.5268066e+00   9.0549483e+00  -3.8232737e+00
  -5.8947550e+00   2.4682237e+00  -3.2612218e+00
  -4.0931529e+00   8.0045750e+00  -3.1783134e+00
  -6.2322621e+00   2.0677831e+00  -3.4387918e+00
  -3.6842446e+00   6.1333223e+00  -2.2591296e+00
  -2.0137467e+00   9.0927474e+00  -1.1586728e+00
  -3.3187421e+00   9.1314336e+00  -2.5639288e+00
  -4.1886479e+00   7.6365164e+00  -3.2030886e+00
  -3.9221143e+00   6.5893149e+00  -2.6566588e+00
  -3.9204234e+00   7.5342611e+00  -2.8924057e+00
  -3.8200822e+00   9.9888771e+00  -3.2206064e+00
  -4.7323384e+00   7.9618361e+00  -3.8481201e+00
  -4.3427343e+00   8.8763367e+00  -3.6017120e+00
  -4.7203577e+00   7.4136766e+00  -3.7222274e+00
  -3.8546083e+00   8.9274172e+00  -3.0963451e+00
  -5.3764463e+00   6.9623718e+00  -4.3189143e+00
  -3.1201762e+00   9.9660482e+00  -2.4843474e+00
  -4.7779685e+00   6.8154079e+00  -3.6447672e+00
  -3.7457449e+00   6.8276147e+00  -2.5281938e+00
  -4.2081949e+00   7.5440845e+00  -3.2037541e+00
  -3.4544512e+00   9.7004403e+00  -2.7971360e+00
  -4.9915395e+00   7.2646762e+00  -3.9780399e+00
  -3.9282863e+00   9.0376810e+00  -3.1924041e+00
  -4.6949078e+00   7.2052865e+00  -3.6484390e+00
  -3.7071811e+00   8.7183193e+00  -2.9039558e+00
  -5.7357410e+00   6.4920650e+00  -4.5888007e+00
  -5.1988907e+00   5.7183391e+00  -3.8009704e+00
  -4.2561087e+00   7.9482722e+00  -3.3404517e+00
  -4.9192443e+00   8.5736968e+00  -4.1556874e+00
  -5.0501739e+00   7.3030003e+00  -4.0487690e+00
  -5.4140976e+00   7.8337121e+00  -4.5414324e+00
  -4.9179342e+00   7.5785436e+00  -3.9673162e+00
  -5.1431421e+00   7.9726694e+00  -4.2831915e+00
  -5.7982293e+00   6.8356655e+00  -4.7368540e+00
  -5.7711098e+00   7.6477709e+00  -4.8799934e+00
  -5.2434167e+00   6.6222364e+00  -4.0959139e+00
  -6.5936435e+00   6.0732606e+00  -5.3934126e+00
  -4.9755772e+00   7.3090527e+00  -3.9708524e+00
  -6.1290932e+00   6.6991234e+00  -5.0549190e+00
  -5.9416921e+00   6.2098556e+00  -4.7367596e+00
  -5.0643439e+00   8.3079808e+00  -4.2617689e+00
  -4.8980046e+00   7.8845511e+00  -4.0080198e+00
  -4.7960621e+00   8.4230924e+00  -4.0006019e+00
  -6.0264881e+00   6.8803946e+00  -4.9879902e+00
  -6.3136542e+00   6.8361007e+00  -5.2803148e+00
  -6.3849274e+00   7.7468579e+00  -5.5394390e+00
