  -5.3242024e+00   2.1963052e+00  -2.4287210e+00
  -2.5787451e+00   7.8366375e+00  -1.5033282e+00
  -5.9407065e+00   1.9666077e+00  -3.0362481e+00
  -4.0117723e+00   7.1353671e+00  -2.8969214e+00
  -4.5030965e+00   4.4253209e+00  -2.5698602e+00
  -2.4139820e+00   7.9934860e+00  -1.3595966e+00
  -4.9723096e+00   3.1521581e+00  -2.5318145e+00
  -2.0302430e+00   8.4516644e+00  -1.0432221e+00
  -5.0416914e+00   2.3004191e+00  -2.1457439e+00
  -2.9313360e+00   7.3292465e+00  -1.7647396e+00
  -5.5322413e+00   3.4437612e+00  -3.3232445e+00
  -4.2344726e+00   6.4802544e+00  -2.9685319e+00
  -5.2400116e+00   2.6727695e+00  -2.5976213e+00
  -2.9389552e+00   7.7327335e+00  -1.8735127e+00
  -5.2894492e+00   4.1233386e+00  -3.3408043e+00
  -4.3971655e+00   6.5512913e+00  -3.1652208e+00
  -5.5594498e+00   2.8695987e+00  -3.0779945e+00
  -3.7337435e+00   7.5627951e+00  -2.6975658e+00
  -4.9511061e+00   2.8103925e+00  -2.3267038e+00
  -4.7158513e+00   3.3272033e+00  -2.3166826e+00
  -3.6379056e+00   5.3193145e+00  -1.9286481e+00
  -3.4778811e+00   3.6451757e+00  -9.8206387e-01
  -4.2251639e+00   3.8512082e+00  -1.9917006e+00
  -2.8015991e+00   4.9556234e+00  -8.0089876e-01
  -3.9238062e+00   3.4189965e+00  -1.4097633e+00
  -3.6516478e+00   3.3609481e+00  -1.0411060e+00
  -4.3752329e+00   4.4911293e+00  -2.4501711e+00
  -4.7647299e+00   2.7758796e+00  -2.0826238e+00
  -4.7592647e+00   2.9663068e+00  -2.1805505e+00
  -3.7787010e+00   3.9780999e+00  -1.5202774e+00
  -4.8373255e+00   4.7209448e+00  -3.0657679e+00
  -5.1709817e+00   3.0184840e+00  -2.6981688e+00
  -4.6234602e+00   3.7590032e+00  -2.4170665e+00
  -4.5388922e+00   3.2650950e+00  -2.0739298e+00
  -3.7974477e+00   5.5434494e+00  -2.1912446e+00
  -4.0420060e+00   2.4264848e+00  -9.6784408e-01
  -4.2096660e+00   4.4995705e+00  -2.2628789e+00
  -3.8129631e+00   2.6775271e+00  -8.3485533e-01
  -4.0008575e+00   3.7117325e+00  -1.6556734e+00
  -4.1082251e+00   2.4751391e+00  -1.0845858e+00
  -4.2027945e+00   5.0635910e+00  -2.4773799e+00
  -5.4268275e+00   1.2833307e+00  -1.9690713e+00
  -4.8379272e+00   3.6648573e+00  -2.6235353e+00
  -4.5827335e+00   2.4595225e+00  -1.6743016e+00
  -4.8723820e+00   5.1689565e+00  -3.2660621e+00
  -5.7322306e+00   1.8617937e+00  -2.7235134e+00
  -4.5999742e+00   3.5757034e+00  -2.3023752e+00
  -4.6649518e+00   2.3870050e+00  -1.7325078e+00
  -4.0813522e+00   3.8399115e+00  -1.8153648e+00
  -2.0401091e+00   6.3860549e+00  -4.6806323e-01
  -4.3298194e+00   2.9213281e+00  -1.6329210e+00
  -2.8247294e+00   6.2686793e+00  -1.3330618e+00
  -4.4775124e+00   4.1183616e+00  -2.4097016e+00
  -3.8133020e+00   5.2381443e+00  -2.0990338e+00
  -4.7048398e+00   3.1953566e+00  -2.2362808e+00
  -2.9089401e+00   6.2836711e+00  -1.4338932e+00
  -4.8455667e+00   4.6580353e+00  -3.0512047e+00
  -4.5031123e+00   5.0600489e+00  -2.8152131e+00
  -4.7733879e+00   3.4785421e+00  -2.4594673e+00
  -3.8666986e+00   5.4608797e+00  -2.2405904e+00
  -3.6911383e+00   3.6534602e+00  -1.2494808e+00
  -3.2177824e+00   4.8918064e+00  -1.2691613e+00
  -4.1261796e+00   4.5075197e+00  -2.1696045e+00
  -4.0803715e+00   4.6314346e+00  -2.1681355e+00
  -4.1774661e+00   3.4210910e+00  -1.7198660e+00
  -3.2185403e+00   5.3590970e+00  -1.4601202e+00
  -4.4349530e+00   4.9704271e+00  -2.7055552e+00
  -4.5601855e+00   4.5064032e+00  -2.6682218e+00
  -4.4232285e+00   3.5158112e+00  -2.0633875e+00
  -3.8679446e+00   5.1521923e+00  -2.1292557e+00
  -5.9572802e+00   3.2062359e+00  -3.6994018e+00
  -4.3852418e+00   5.7712930e+00  -2.9245969e+00
  -5.8465499e+00   2.3019082e+00  -3.1144430e+00
  -3.3516888e+00   6.2512285e+00  -1.9237223e+00
  -6.0962253e+00   3.6553697e+00  -4.0537985e+00
  -4.7824906e+00   5.4615904e+00  -3.2644013e+00
  -6.1977736e+00   2.5140662e+00  -3.6375971e+00
  -4.2206022e+00   5.9871706e+00  -2.8097047e+00
  -6.7098868e+00   1.2758768e+00  -3.5387490e+00
  -3.5025893e+00   6.2545299e+00  -2.0938583e+00
  -7.2869809e+00   2.1515114e+00  -4.6958504e+00
  -4.7877226e+00   5.8161119e+00  -3.3815624e+00
  -7.5003968e+00   9.3480818e-01  -4.2602947e+00
  -4.3043962e+00   6.2986072e+00  -2.9940279e+00
  -5.4639459e+00   4.1847097e+00  -3.5619145e+00
  -4.4904515e+00   5.6264939e+00  -2.9948438e+00
  -5.7020211e+00   2.8573548e+00  -3.2378639e+00
  -4.3258970e+00   5.3625493e+00  -2.7233550e+00
  -7.2454787e+00   1.4291339e+00  -4.2579331e+00
  -4.7870837e+00   6.4320475e+00  -3.5561685e+00
