  -5.8114406e+00   1.2819688e+00  -2.4514385e+00
  -2.9176402e+00   7.1480119e+00  -1.7014745e+00
  -6.0067479e+00   7.1149620e-01  -2.2979413e+00
  -3.2888925e+00   6.7959932e+00  -2.0159449e+00
  -4.9832249e+00   3.9582417e+00  -2.9230415e+00
  -3.3967362e+00   6.2932762e+00  -1.9873944e+00
  -5.7147774e+00   9.9822334e-01  -2.1338518e+00
  -1.8724490e+00   8.6371379e+00  -9.1089175e-01
  -5.2364528e+00   2.8594715e+00  -2.6931077e+00
  -3.8599938e+00   6.0035755e+00  -2.4144816e+00
  -5.5001117e+00   2.2248175e+00  -2.6580665e+00
  -3.3000176e+00   6.5640288e+00  -1.9613521e+00
  -5.3672028e+00   3.7691263e+00  -3.2797333e+00
  -4.5086191e+00   5.7706722e+00  -3.0607467e+00
  -5.5673542e+00   3.4043744e+00  -3.3454289e+00
  -4.4693441e+00   5.9085050e+00  -3.0600411e+00
  -5.3988557e+00   4.4867506e+00  -3.6061138e+00
  -4.9647042e+00   5.4779749e+00  -3.4704575e+00
  -5.1133531e+00   1.4643770e+00  -1.6953088e+00
  -3.7960928e+00   3.6266541e+00  -1.3638064e+00
  -4.0346217e+00   4.7635241e+00  -2.1690987e+00
  -4.3262450e+00   2.5400984e+00  -1.4023814e+00
  -4.7549579e+00   2.0884649e+00  -1.6580899e+00
  -2.7379307e+00   4.6382100e+00  -5.7727539e-01
  -4.0911069e+00   3.9389464e+00  -1.8744632e+00
  -4.5642453e+00   2.3447378e+00  -1.5804443e+00
  -4.4360401e+00   3.2416583e+00  -1.9380094e+00
  -4.1049183e+00   2.9997819e+00  -1.3996772e+00
  -4.8621288e+00   4.0168286e+00  -2.8094434e+00
  -5.3918240e+00   2.3361986e+00  -2.5918028e+00
  -5.0485008e+00   3.8837947e+00  -2.9654988e+00
  -5.1725965e+00   2.6362167e+00  -2.4970029e+00
  -4.6237208e+00   5.0861325e+00  -2.9599052e+00
  -5.7712101e+00   1.9511882e+00  -2.8241030e+00
  -4.0977274e+00   5.1452912e+00  -2.3884374e+00
  -4.8673570e+00   1.4296170e+00  -1.3522663e+00
  -4.6425093e+00   2.6552514e+00  -1.8646112e+00
  -3.6238488e+00   2.7325951e+00  -6.2540822e-01
  -4.0189926e+00   4.6818408e+00  -2.1179010e+00
  -5.1443141e+00   1.2370555e+00  -1.5731476e+00
  -4.2695524e+00   3.8578149e+00  -2.0473568e+00
  -4.7929869e+00   1.4820847e+00  -1.2930388e+00
  -4.7968507e+00   5.1168612e+00  -3.1640617e+00
  -6.5054558e+00   4.6709367e-01  -2.7490277e+00
  -4.8869896e+00   4.7364644e+00  -3.1273871e+00
  -5.7519957e+00   1.3421380e+00  -2.4177437e+00
  -4.6328900e+00   4.8436020e+00  -2.8816495e+00
  -5.7372643e+00   1.3972501e+00  -2.4359995e+00
  -4.7189939e+00   1.9773642e+00  -1.5401574e+00
  -2.0501756e+00   5.9231703e+00  -3.0697181e-01
  -4.2289498e+00   3.7235059e+00  -1.9345888e+00
  -3.6110085e+00   4.8870836e+00  -1.7286350e+00
  -4.2694489e+00   3.1372809e+00  -1.6796396e+00
  -3.1711778e+00   4.9419100e+00  -1.2354094e+00
  -4.6654092e+00   4.4622944e+00  -2.7704431e+00
  -4.4091425e+00   4.9020505e+00  -2.6507824e+00
  -5.1049462e+00   3.9123031e+00  -3.0425162e+00
  -4.5559765e+00   4.4532385e+00  -2.6418604e+00
  -4.4837600e+00   5.1611635e+00  -2.8297459e+00
  -4.8800476e+00   3.9734957e+00  -2.8112216e+00
  -3.9690908e+00   4.2453307e+00  -1.8719656e+00
  -4.2398351e+00   3.5965801e+00  -1.8847768e+00
  -4.1621031e+00   3.3256077e+00  -1.6507349e+00
  -3.5113848e+00   4.3037063e+00  -1.3551910e+00
  -4.3946250e+00   4.6277805e+00  -2.5277988e+00
  -4.7474804e+00   3.8343680e+00  -2.5962308e+00
  -4.5721806e+00   4.2422467e+00  -2.5726460e+00
  -4.6623773e+00   3.6997165e+00  -2.4348719e+00
  -4.3188961e+00   5.0531400e+00  -2.6049917e+00
  -5.2462036e+00   3.0944508e+00  -2.8250294e+00
  -5.7689463e+00   2.0286329e+00  -2.8669687e+00
  -3.6200463e+00   5.4252992e+00  -1.9473191e+00
  -5.8670302e+00   3.4577007e+00  -3.7106696e+00
  -4.8627223e+00   4.8767136e+00  -3.1519553e+00
  -6.0696488e+00   3.1570939e+00  -3.8044692e+00
  -4.7806718e+00   4.7677094e+00  -3.0196271e+00
  -5.8571238e+00   4.2554973e+00  -4.0277139e+00
  -5.4010682e+00   4.2294321e+00  -3.5091285e+00
  -6.6471237e+00   2.7472546e+00  -4.2663563e+00
  -5.1188631e+00   4.9230034e+00  -3.4539811e+00
  -7.2046448e+00   1.8360338e+00  -4.4375258e+00
  -4.8099343e+00   5.3825511e+00  -3.2687997e+00
  -7.1591402e+00   2.7954940e+00  -4.8627938e+00
  -5.6835393e+00   4.6123354e+00  -3.9679739e+00
  -5.6026640e+00   3.7014486e+00  -3.5178821e+00
  -4.7578315e+00   4.7960521e+00  -3.0045456e+00
  -5.4779855e+00   4.6252091e+00  -3.7453758e+00
  -5.5935814e+00   3.6008782e+00  -3.4636955e+00
  -7.0981600e+00   2.9448888e+00  -4.8625161e+00
  -5.9121754e+00   4.6066724e+00  -4.2174921e+00
