  -5.2756274e+00   4.9467892e+00  -3.6359226e+00
  -3.2890132e+00   1.2688873e+01  -2.9502079e+00
  -5.5986092e+00   3.1109321e+00  -3.2431499e+00
  -3.7999593e+00   1.2124987e+01  -3.4291197e+00
  -4.5489216e+00   8.9036270e+00  -3.8223795e+00
  -2.8697423e+00   1.3628739e+01  -2.5870191e+00
  -4.4471380e+00   9.1154194e+00  -3.7493677e+00
  -2.5921486e+00   1.3742261e+01  -2.3102528e+00
  -4.7582064e+00   8.9293352e+00  -4.0453936e+00
  -4.9744956e+00   1.0702207e+01  -4.5007758e+00
  -5.5306990e+00   6.9426584e+00  -4.4780608e+00
  -5.8867924e+00   1.1546973e+01  -5.5136876e+00
  -4.7265246e+00   9.0229063e+00  -4.0269713e+00
  -4.0607257e+00   1.1874138e+01  -3.6752546e+00
  -5.2046293e+00   1.1010607e+01  -4.7683767e+00
  -5.4780359e+00   1.1413341e+01  -5.0854220e+00
  -5.0350370e+00   8.8501702e+00  -4.3217982e+00
  -4.4883942e+00   1.2769004e+01  -4.1822575e+00
  -4.3666585e+00   4.2186923e+00  -2.3249411e+00
  -3.9451324e+00   7.2338917e+00  -2.8487388e+00
  -3.4573141e+00   1.0665981e+01  -2.9284889e+00
  -3.9443015e+00   6.8231999e+00  -2.7441895e+00
  -3.6479579e+00   1.0208746e+01  -3.0701228e+00
  -3.3138553e+00   7.8279515e+00  -2.3035678e+00
  -3.7766248e+00   1.0615365e+01  -3.2542547e+00
  -5.4354765e+00   5.7626406e+00  -4.0707777e+00
  -4.6406712e+00   7.7029914e+00  -3.6990460e+00
  -6.3707700e+00   5.9833550e+00  -5.1339894e+00
  -3.9920415e+00   9.6951430e+00  -3.3595984e+00
  -4.5128393e+00   7.0502278e+00  -3.4169414e+00
  -4.4878953e+00   1.2212315e+01  -4.1406342e+00
  -6.0456599e+00   5.7388991e+00  -4.7207907e+00
  -4.0986841e+00   9.9231051e+00  -3.5021798e+00
  -5.3022717e+00   6.2754454e+00  -4.0699401e+00
  -3.7018478e+00   9.6153975e+00  -3.0443206e+00
  -4.1990746e+00   4.0832730e+00  -2.0689984e+00
  -3.8539026e+00   1.0081603e+01  -3.2682049e+00
  -3.7929518e+00   4.6590591e+00  -1.8459572e+00
  -3.8015215e+00   1.0286902e+01  -3.2401036e+00
  -5.5215099e+00   3.3343023e+00  -3.2604167e+00
  -4.2043540e+00   8.6640768e+00  -3.4201461e+00
  -6.5998804e+00   2.5269656e+00  -4.1054235e+00
  -4.0369354e+00   1.0443447e+01  -3.5038851e+00
  -5.1209291e+00   3.7304104e+00  -2.9808524e+00
  -4.2511778e+00   1.2524237e+01  -3.9226384e+00
  -6.2892318e+00   2.9013415e+00  -3.9341144e+00
  -4.0875021e+00   8.8225174e+00  -3.3242167e+00
  -5.0956926e+00   3.7820018e+00  -2.9748374e+00
  -3.4818171e+00   9.7827486e+00  -2.8378996e+00
  -2.2837699e+00   1.1178133e+01  -1.7644280e+00
  -3.9214277e+00   9.4392832e+00  -3.2483459e+00
  -4.6396193e+00   9.0205734e+00  -3.9358345e+00
  -4.4730613e+00   7.7786327e+00  -3.5365714e+00
  -5.6870728e+00   8.0471339e+00  -4.8667599e+00
  -4.1908167e+00   9.7860131e+00  -3.5796001e+00
  -3.8638904e+00   1.0983144e+01  -3.3860501e+00
  -4.6271772e+00   1.1953321e+01  -4.2621638e+00
  -5.4122562e+00   9.3212198e+00  -4.7835071e+00
  -4.3081102e+00   9.1579760e+00  -3.6104717e+00
  -4.5236652e+00   9.4123944e+00  -3.8738076e+00
  -3.4153885e+00   1.0846265e+01  -2.9060159e+00
  -4.9904635e+00   9.5920767e+00  -4.3839413e+00
  -4.0631773e+00   8.2312923e+00  -3.1912650e+00
  -5.8635889e+00   9.1991718e+00  -5.2329217e+00
  -3.6291983e+00   9.9568053e+00  -3.0168483e+00
  -3.9097204e+00   1.1513719e+01  -3.4871650e+00
  -4.1999618e+00   1.2285078e+01  -3.8519708e+00
  -5.2133806e+00   1.0224213e+01  -4.6933830e+00
  -3.9027565e+00   9.3901202e+00  -3.2213196e+00
  -4.4640805e+00   1.0975547e+01  -4.0043979e+00
  -5.4374638e+00   7.2223159e+00  -4.4415457e+00
  -5.7998302e+00   8.9307263e+00  -5.1284185e+00
  -5.4495952e+00   8.4579837e+00  -4.6902444e+00
  -3.8712766e+00   1.1508283e+01  -3.4470601e+00
  -5.4949458e+00   1.0925091e+01  -5.0572532e+00
  -5.4525881e+00   9.1175589e+00  -4.7962720e+00
  -5.5044768e+00   8.1586611e+00  -4.6959447e+00
  -4.7237454e+00   1.0539357e+01  -4.2249494e+00
  -6.1453207e+00   7.4654507e+00  -5.2359208e+00
  -4.1943424e+00   8.5648157e+00  -3.3920973e+00
  -6.8550092e+00   9.0007425e+00  -6.2258587e+00
  -5.6827168e+00   7.7621671e+00  -4.8094273e+00
  -6.5763236e+00   7.0353699e+00  -5.5987839e+00
  -4.8639248e+00   7.9976378e+00  -3.9939461e+00
  -5.7410974e+00   1.1361697e+01  -5.3492932e+00
  -5.5562024e+00   1.1311035e+01  -5.1561156e+00
  -5.0293848e+00   9.0211550e+00  -4.3424270e+00
  -4.8296946e+00   1.0363302e+01  -4.3141734e+00
  -6.2513466e+00   7.7408730e+00  -5.3992954e+00
  -5.2130733e+00   1.1226919e+01  -4.7977021e+00
