  -5.0568981e+00   6.8624686e+00  -3.9550876e+00
  -3.7079766e+00   1.2050056e+01  -3.3283081e+00
  -5.1813171e+00   4.0806038e+00  -3.2008150e+00
  -4.2100500e+00   1.1171927e+01  -3.7628862e+00
  -4.2803686e+00   1.0396804e+01  -3.7505416e+00
  -3.7716318e+00   1.1452146e+01  -3.3389523e+00
  -4.7749403e+00   7.5951738e+00  -3.8191375e+00
  -2.4179277e+00   1.3225057e+01  -2.0959424e+00
  -4.5226091e+00   9.8296128e+00  -3.9304863e+00
  -5.2222206e+00   1.0204078e+01  -4.7001401e+00
  -5.1385522e+00   7.4594167e+00  -4.1759930e+00
  -3.3781509e+00   1.2203139e+01  -3.0023982e+00
  -4.5038852e+00   9.8687277e+00  -3.9162073e+00
  -5.1060958e+00   1.0333088e+01  -4.5954805e+00
  -4.8675692e+00   1.1048234e+01  -4.4264697e+00
  -5.0017039e+00   1.0483963e+01  -4.5050365e+00
  -5.1820435e+00   9.9287635e+00  -4.6256090e+00
  -5.7301930e+00   1.1533120e+01  -5.3529824e+00
  -4.6835084e+00   4.3327697e+00  -2.7382790e+00
  -4.6993760e+00   6.4412945e+00  -3.4636997e+00
  -3.7476530e+00   1.1272838e+01  -3.2963136e+00
  -4.7475898e+00   5.2225561e+00  -3.1458127e+00
  -3.8691587e+00   8.6246544e+00  -3.0588462e+00
  -3.3698441e+00   6.5642994e+00  -2.0392202e+00
  -3.4736472e+00   1.0868645e+01  -2.9690825e+00
  -5.7917408e+00   4.2734506e+00  -3.9620716e+00
  -4.1477091e+00   8.2140604e+00  -3.2777238e+00
  -4.0303456e+00   6.4294185e+00  -2.7306187e+00
  -4.1333178e+00   9.9537390e+00  -3.5423056e+00
  -5.8522440e+00   4.6950807e+00  -4.1828885e+00
  -4.2772333e+00   1.1692743e+01  -3.8813943e+00
  -5.6252612e+00   4.9043882e+00  -4.0062645e+00
  -4.2058633e+00   1.0643155e+01  -3.7020503e+00
  -6.5518720e+00   4.3614850e+00  -4.8293692e+00
  -3.8379604e+00   1.0640105e+01  -3.3207768e+00
  -5.0874611e+00   2.8176172e+00  -2.4938508e+00
  -4.0201160e+00   8.6890115e+00  -3.2300379e+00
  -3.9101711e+00   3.8353982e+00  -1.6082210e+00
  -4.0259560e+00   1.0877017e+01  -3.5420704e+00
  -6.0802870e+00   2.4921226e+00  -3.4901351e+00
  -4.0884286e+00   8.6714738e+00  -3.2991150e+00
  -4.3679553e+00   3.8076176e+00  -2.1397808e+00
  -4.1296454e+00   1.1203568e+01  -3.6832556e+00
  -6.5294023e+00   1.9017450e+00  -3.6939187e+00
  -4.1897173e+00   1.2265732e+01  -3.8399623e+00
  -6.0718156e+00   2.5422124e+00  -3.5063242e+00
  -4.3024199e+00   9.5638825e+00  -3.6649214e+00
  -6.4301690e+00   2.2775857e+00  -3.7829266e+00
  -3.9144817e+00   8.5945308e+00  -3.1014278e+00
  -2.4340899e+00   1.0066698e+01  -1.7748739e+00
  -3.7956067e+00   1.0224559e+01  -3.2260239e+00
  -4.7790576e+00   8.7347624e+00  -4.0358000e+00
  -4.0703056e+00   8.0755368e+00  -3.1682421e+00
  -3.1208132e+00   9.7888874e+00  -2.4591409e+00
  -3.9849989e+00   1.0827499e+01  -3.4942966e+00
  -5.0165280e+00   9.2377104e+00  -4.3612963e+00
  -4.1819846e+00   1.1774595e+01  -3.7909433e+00
  -4.9351839e+00   8.1425578e+00  -4.0962492e+00
  -4.1671291e+00   1.0425397e+01  -3.6366709e+00
  -5.6481052e+00   8.2047845e+00  -4.8539974e+00
  -3.4584312e+00   1.1279680e+01  -2.9980747e+00
  -5.4039978e+00   8.0963819e+00  -4.5796970e+00
  -3.8945730e+00   8.2539044e+00  -3.0162956e+00
  -3.3494880e+00   9.3931158e+00  -2.6394282e+00
  -3.8243141e+00   1.0064549e+01  -3.2351145e+00
  -5.1892277e+00   8.8177732e+00  -4.4773571e+00
  -3.9848532e+00   1.1726603e+01  -3.5842363e+00
  -4.8964588e+00   8.4098059e+00  -4.1036393e+00
  -4.0478905e+00   1.0162802e+01  -3.4806014e+00
  -5.7876169e+00   8.3705099e+00  -5.0275587e+00
  -5.1074719e+00   7.5656636e+00  -4.1652481e+00
  -3.6200445e+00   8.9811133e+00  -2.8575556e+00
  -5.0239799e+00   9.6588060e+00  -4.4275896e+00
  -5.1782922e+00   8.4444416e+00  -4.4047511e+00
  -5.3339603e+00   1.0657606e+01  -4.8651663e+00
  -5.0933625e+00   8.4122683e+00  -4.3103899e+00
  -5.3689800e+00   9.5280616e+00  -4.7670087e+00
  -6.0043214e+00   7.8541190e+00  -5.1627503e+00
  -5.9092994e+00   8.1121132e+00  -5.1100011e+00
  -5.2615202e+00   7.1953019e+00  -4.2493621e+00
  -6.3888270e+00   9.0666994e+00  -5.7558096e+00
  -5.2918707e+00   7.1278194e+00  -4.2665854e+00
  -6.3666569e+00   8.3241210e+00  -5.6206430e+00
  -6.3297450e+00   6.0904730e+00  -5.1183722e+00
  -4.8741469e+00   1.1123318e+01  -4.4405984e+00
  -5.0141570e+00   8.5167299e+00  -4.2453825e+00
  -5.0751469e+00   9.6902131e+00  -4.4846920e+00
  -6.0764631e+00   7.9925024e+00  -5.2629207e+00
  -6.6134229e+00   8.3092464e+00  -5.8734286e+00
  -6.4922119e+00   9.3791669e+00  -5.9041840e+00
