   1.4051892e+01   3.2339789e+01   1.4119324e+01
   1.3899527e+01   2.7437066e+01   1.4104067e+01
   1.4891841e+01   3.1252927e+01   1.4996659e+01
   1.4900432e+01   2.8425816e+01   1.5103943e+01
   1.1796704e+01   2.7255429e+01   1.1930228e+01
   1.3065848e+01   2.6259761e+01   1.3289423e+01
   1.0227235e+01   2.4589268e+01   1.0404358e+01
   1.1387130e+01   2.6301888e+01   1.1539661e+01
   1.4954223e+01   3.3365856e+01   1.5019285e+01
   1.5509941e+01   3.1551923e+01   1.5622385e+01
   1.2243069e+01   2.7241613e+01   1.2390860e+01
   1.2109719e+01   2.4002016e+01   1.2417365e+01
   1.3002382e+01   2.5395945e+01   1.3272684e+01
   1.2970717e+01   2.8402763e+01   1.3103131e+01
   1.3723074e+01   3.0334983e+01   1.3822895e+01
   1.3663702e+01   2.9627611e+01   1.3779848e+01
   1.0122674e+01   2.3017176e+01   1.0373246e+01
   1.1014842e+01   2.5951035e+01   1.1167514e+01
   1.2552288e+01   3.1013751e+01   1.2618063e+01
   1.2446565e+01   2.3598725e+01   1.2812050e+01
   1.3330330e+01   2.5226558e+01   1.3633472e+01
   1.3497792e+01   2.7770304e+01   1.3670536e+01
   1.2959216e+01   2.7690276e+01   1.3115225e+01
   1.3113012e+01   2.8781891e+01   1.3238115e+01
   1.6055251e+01   3.3917961e+01   1.6128642e+01
   1.5951158e+01   3.1874777e+01   1.6066446e+01
   1.1683878e+01   2.4409584e+01   1.1937855e+01
   1.1709127e+01   2.7623322e+01   1.1829344e+01
   1.1688543e+01   2.2825037e+01   1.2059011e+01
   1.1834507e+01   3.1187894e+01   1.1888506e+01
   1.3804900e+01   3.1169670e+01   1.3888629e+01
   1.3725397e+01   2.8479082e+01   1.3879395e+01
   1.2968569e+01   2.8695917e+01   1.3092169e+01
   1.2882083e+01   2.8764128e+01   1.3001417e+01
   1.4453827e+01   2.5089772e+01   1.4859595e+01
   1.4750650e+01   3.1158855e+01   1.4854431e+01
   1.4219885e+01   2.5231152e+01   1.4591361e+01
   1.4521599e+01   3.5229083e+01   1.4559960e+01
   1.2272115e+01   2.4356600e+01   1.2565430e+01
   1.2376422e+01   3.0270537e+01   1.2451610e+01
   1.0986535e+01   2.4153430e+01   1.1217869e+01
   1.0877381e+01   2.1751120e+01   1.1276817e+01
   1.0051278e+01   2.0166940e+01   1.0537782e+01
   1.0054822e+01   2.6122103e+01   1.0174179e+01
   1.2161151e+01   2.9544218e+01   1.2246043e+01
   1.2141110e+01   2.8915660e+01   1.2238924e+01
   1.2676490e+01   2.7999929e+01   1.2812756e+01
   1.2683586e+01   2.7799292e+01   1.2826617e+01
   1.3068875e+01   2.4879155e+01   1.3379101e+01
   1.2994535e+01   2.3315564e+01   1.3438056e+01
   1.3607524e+01   2.9203064e+01   1.3734158e+01
   1.3695165e+01   2.5968722e+01   1.3971369e+01
   1.3978100e+01   2.9069479e+01   1.4120080e+01
   1.3873635e+01   2.7208167e+01   1.4088238e+01
   1.1955574e+01   2.4868971e+01   1.2197629e+01
   1.1724695e+01   2.3575009e+01   1.2037037e+01
   1.3175466e+01   2.9078450e+01   1.3293844e+01
   1.3038504e+01   2.4562482e+01   1.3370728e+01
   1.4113773e+01   3.0167547e+01   1.4227056e+01
   1.4087511e+01   2.8430315e+01   1.4256527e+01
   1.2118004e+01   2.6722300e+01   1.2280336e+01
   1.2043794e+01   2.3957787e+01   1.2350120e+01
   1.4461232e+01   3.1510384e+01   1.4550832e+01
   1.4303091e+01   2.7733667e+01   1.4512135e+01
   1.1419080e+01   2.6277411e+01   1.1573561e+01
   1.1314313e+01   2.5737503e+01   1.1485632e+01
   1.3993902e+01   3.3102571e+01   1.4049681e+01
   1.3831177e+01   2.7441082e+01   1.4032385e+01
   1.3385559e+01   3.0018840e+01   1.3485208e+01
   1.3312871e+01   3.0056630e+01   1.3410062e+01
   1.2076538e+01   2.5477111e+01   1.2291989e+01
   1.2152585e+01   2.7066339e+01   1.2303510e+01
   1.1493637e+01   2.4406198e+01   1.1737323e+01
   1.1433165e+01   2.6359231e+01   1.1585186e+01
   1.2606475e+01   3.0830381e+01   1.2675929e+01
   1.2554409e+01   2.6554216e+01   1.2740440e+01
   1.3070522e+01   2.6373668e+01   1.3288405e+01
   1.3027194e+01   3.2752432e+01   1.3076012e+01
   1.0672074e+01   2.2131367e+01   1.1020578e+01
   1.0649752e+01   2.5599388e+01   1.0802908e+01
   1.2473483e+01   2.7844769e+01   1.2608559e+01
   1.2465212e+01   2.6985015e+01   1.2630065e+01
   1.2862939e+01   2.9317080e+01   1.2967405e+01
   1.2839496e+01   2.7259935e+01   1.3007499e+01
   1.0066918e+01   2.5070353e+01   1.0219852e+01
   1.0047207e+01   2.8135720e+01   1.0121845e+01
   1.1458590e+01   2.3045690e+01   1.1792393e+01
   1.1446116e+01   2.5950342e+01   1.1613875e+01
   1.0621208e+01   2.2558152e+01   1.0932566e+01
   1.0646758e+01   2.5516356e+01   1.0802814e+01
