   1.4490809e+01   3.4013440e+01   1.4541280e+01
   1.4222896e+01   2.7676100e+01   1.4430965e+01
   1.5619909e+01   3.6233892e+01   1.5658811e+01
   1.5463850e+01   2.9147602e+01   1.5659186e+01
   1.2498535e+01   2.8545848e+01   1.2613872e+01
   1.3736589e+01   2.7468735e+01   1.3932263e+01
   1.0616070e+01   2.4710004e+01   1.0803308e+01
   1.1821051e+01   2.7262086e+01   1.1955083e+01
   1.5474700e+01   3.5341188e+01   1.5520987e+01
   1.6200458e+01   3.3698713e+01   1.6280267e+01
   1.2758853e+01   2.8234355e+01   1.2890241e+01
   1.2680972e+01   2.5070298e+01   1.2952506e+01
   1.3585389e+01   2.7551836e+01   1.3770842e+01
   1.3472348e+01   3.3179598e+01   1.3521144e+01
   1.4286591e+01   3.3372882e+01   1.4342521e+01
   1.4083654e+01   3.0016096e+01   1.4200216e+01
   1.0639145e+01   2.4174577e+01   1.0852531e+01
   1.1479961e+01   2.7344247e+01   1.1601995e+01
   1.2793551e+01   3.1297757e+01   1.2858494e+01
   1.2732062e+01   2.4049038e+01   1.3082273e+01
   1.3694817e+01   2.5171142e+01   1.4028692e+01
   1.4147136e+01   2.9721791e+01   1.4273776e+01
   1.3324680e+01   2.8109170e+01   1.3478163e+01
   1.3639990e+01   3.0300972e+01   1.3738755e+01
   1.6583352e+01   3.6847963e+01   1.6625305e+01
   1.6499449e+01   3.4671649e+01   1.6567594e+01
   1.1962404e+01   2.5096807e+01   1.2192144e+01
   1.2009658e+01   2.7594954e+01   1.2138918e+01
   1.2010643e+01   2.3043007e+01   1.2388805e+01
   1.2079982e+01   3.2145389e+01   1.2125624e+01
   1.4228330e+01   3.2053756e+01   1.4303287e+01
   1.4078816e+01   2.8888067e+01   1.4230349e+01
   1.3279740e+01   2.9329005e+01   1.3394027e+01
   1.3278387e+01   2.9859595e+01   1.3379359e+01
   1.4919998e+01   2.6911331e+01   1.5212466e+01
   1.5412985e+01   3.5342042e+01   1.5458625e+01
   1.4550360e+01   2.5743446e+01   1.4905097e+01
   1.4917970e+01   3.7883273e+01   1.4940674e+01
   1.2666302e+01   2.4834739e+01   1.2952480e+01
   1.2884382e+01   3.4192062e+01   1.2918293e+01
   1.1732011e+01   2.4905726e+01   1.1960354e+01
   1.1739577e+01   2.5315687e+01   1.1947261e+01
   1.0468426e+01   2.0510110e+01   1.0959839e+01
   1.0413253e+01   2.7637427e+01   1.0503813e+01
   1.2643463e+01   3.0980159e+01   1.2711095e+01
   1.2598793e+01   2.9908151e+01   1.2684680e+01
   1.2933020e+01   2.7652382e+01   1.3089502e+01
   1.2898869e+01   2.8343203e+01   1.3031009e+01
   1.3414676e+01   2.5239726e+01   1.3722740e+01
   1.3281287e+01   2.3089433e+01   1.3781982e+01
   1.4134937e+01   3.0451260e+01   1.4241479e+01
   1.4352786e+01   2.6413252e+01   1.4641699e+01
   1.4894887e+01   3.4147867e+01   1.4948447e+01
   1.4443842e+01   2.7506842e+01   1.4671554e+01
   1.2586361e+01   2.5783834e+01   1.2810944e+01
   1.2178619e+01   2.4136893e+01   1.2481212e+01
   1.3723749e+01   3.0731054e+01   1.3814798e+01
   1.3369873e+01   2.4456320e+01   1.3737476e+01
   1.4837959e+01   3.2755891e+01   1.4910977e+01
   1.4764915e+01   2.9761030e+01   1.4909183e+01
   1.2590467e+01   2.7680773e+01   1.2734506e+01
   1.2503671e+01   2.4398421e+01   1.2809645e+01
   1.5025571e+01   3.2759576e+01   1.5101673e+01
   1.4682134e+01   2.8169821e+01   1.4887783e+01
   1.1868877e+01   2.6847787e+01   1.2018086e+01
   1.1646698e+01   2.7054745e+01   1.1782101e+01
   1.4453924e+01   3.4272360e+01   1.4501069e+01
   1.4218941e+01   2.7900739e+01   1.4416120e+01
   1.3706386e+01   3.0841268e+01   1.3794789e+01
   1.3661801e+01   3.1914033e+01   1.3730033e+01
   1.2596908e+01   2.6361223e+01   1.2793420e+01
   1.2552337e+01   2.7565647e+01   1.2699058e+01
   1.1977460e+01   2.5165374e+01   1.2204274e+01
   1.1828867e+01   2.6849478e+01   1.1976712e+01
   1.2926921e+01   3.2760446e+01   1.2974583e+01
   1.2859158e+01   2.6676320e+01   1.3052665e+01
   1.3458996e+01   2.6153486e+01   1.3709552e+01
   1.3353138e+01   3.3522591e+01   1.3397037e+01
   1.1159288e+01   2.2621143e+01   1.1504776e+01
   1.1155361e+01   2.7100655e+01   1.1275722e+01
   1.2946852e+01   2.9617199e+01   1.3046100e+01
   1.2867763e+01   2.7531703e+01   1.3026402e+01
   1.3312006e+01   3.0530677e+01   1.3399037e+01
   1.3225065e+01   2.7463667e+01   1.3399663e+01
   1.0425938e+01   2.6015388e+01   1.0558387e+01
   1.0336578e+01   2.8371312e+01   1.0411718e+01
   1.1851879e+01   2.5948728e+01   1.2035366e+01
   1.1843104e+01   2.5869137e+01   1.2029688e+01
   1.0889162e+01   2.2825234e+01   1.1199150e+01
   1.1057983e+01   2.6467240e+01   1.1194587e+01
