   1.4701695e+01   3.4755524e+01   1.4746255e+01
   1.4381571e+01   2.7828974e+01   1.4589658e+01
   1.5843344e+01   3.8894466e+01   1.5865469e+01
   1.5584821e+01   2.9202221e+01   1.5783083e+01
   1.2752228e+01   2.8753978e+01   1.2868449e+01
   1.3885203e+01   2.7686053e+01   1.4077485e+01
   1.0792548e+01   2.4928898e+01   1.0977355e+01
   1.1996836e+01   2.7550738e+01   1.2127068e+01
   1.5644012e+01   3.5829195e+01   1.5686964e+01
   1.6378147e+01   3.3987785e+01   1.6455845e+01
   1.2894715e+01   2.8439022e+01   1.3023813e+01
   1.2850979e+01   2.5294273e+01   1.3118554e+01
   1.3812962e+01   2.8273760e+01   1.3977763e+01
   1.3564708e+01   3.3195744e+01   1.3614328e+01
   1.4532150e+01   3.4188142e+01   1.4581071e+01
   1.4287080e+01   3.0368288e+01   1.4399479e+01
   1.0882361e+01   2.4874954e+01   1.1073212e+01
   1.1639261e+01   2.7625052e+01   1.1757609e+01
   1.2887040e+01   3.1420112e+01   1.2951482e+01
   1.2857778e+01   2.4140605e+01   1.3210368e+01
   1.3809162e+01   2.5239688e+01   1.4146361e+01
   1.4393650e+01   3.0199752e+01   1.4513391e+01
   1.3439256e+01   2.8162790e+01   1.3594767e+01
   1.3836215e+01   3.0680043e+01   1.3930695e+01
   1.6797079e+01   3.7137416e+01   1.6838262e+01
   1.6687629e+01   3.5068725e+01   1.6752491e+01
   1.2127021e+01   2.5346736e+01   1.2351700e+01
   1.2169120e+01   2.7661932e+01   1.2300921e+01
   1.2199350e+01   2.3191002e+01   1.2580296e+01
   1.2189657e+01   3.2346146e+01   1.2234282e+01
   1.4416949e+01   3.2376368e+01   1.4489500e+01
   1.4194014e+01   2.9019898e+01   1.4344813e+01
   1.3441072e+01   2.9741033e+01   1.3548702e+01
   1.3449477e+01   3.0258370e+01   1.3545076e+01
   1.5027476e+01   2.7098000e+01   1.5314279e+01
   1.5672597e+01   3.6659585e+01   1.5708274e+01
   1.4656086e+01   2.5586422e+01   1.5033578e+01
   1.5061922e+01   3.9035663e+01   1.5079894e+01
   1.2770957e+01   2.4833772e+01   1.3064053e+01
   1.3000801e+01   3.4527915e+01   1.3032994e+01
   1.1906691e+01   2.5104985e+01   1.2133167e+01
   1.1944405e+01   2.5846943e+01   1.2136210e+01
   1.0650447e+01   2.0690663e+01   1.1140463e+01
   1.0539220e+01   2.8016132e+01   1.0624416e+01
   1.2806106e+01   3.1347615e+01   1.2870480e+01
   1.2752894e+01   3.0255631e+01   1.2834861e+01
   1.3088040e+01   2.7827046e+01   1.3243544e+01
   1.3063510e+01   2.8745232e+01   1.3188305e+01
   1.3579733e+01   2.5496822e+01   1.3880654e+01
   1.3443339e+01   2.3140891e+01   1.3956877e+01
   1.4295067e+01   3.0775782e+01   1.4397472e+01
   1.4589709e+01   2.6592335e+01   1.4882088e+01
   1.5104758e+01   3.4885342e+01   1.5152090e+01
   1.4556040e+01   2.7567578e+01   1.4786336e+01
   1.2772970e+01   2.6020415e+01   1.2994449e+01
   1.2264184e+01   2.4136276e+01   1.2572706e+01
   1.3968623e+01   3.1239808e+01   1.4054066e+01
   1.3519330e+01   2.4543396e+01   1.3891934e+01
   1.5057728e+01   3.3059386e+01   1.5129230e+01
   1.4935711e+01   2.9904128e+01   1.5080738e+01
   1.2776093e+01   2.7954865e+01   1.2916881e+01
   1.2699387e+01   2.4508444e+01   1.3010953e+01
   1.5272978e+01   3.3398439e+01   1.5342354e+01
   1.4826076e+01   2.8361235e+01   1.5029227e+01
   1.2097630e+01   2.7087080e+01   1.2246014e+01
   1.1783225e+01   2.7235014e+01   1.1916991e+01
   1.4627984e+01   3.4539084e+01   1.4674066e+01
   1.4374629e+01   2.7804549e+01   1.4583586e+01
   1.3908215e+01   3.1300501e+01   1.3991332e+01
   1.3858953e+01   3.2170991e+01   1.3926122e+01
   1.2819328e+01   2.6606532e+01   1.3014288e+01
   1.2699252e+01   2.7772226e+01   1.2843692e+01
   1.2195869e+01   2.5429142e+01   1.2419632e+01
   1.1966818e+01   2.7025395e+01   1.2113079e+01
   1.3082723e+01   3.3207792e+01   1.3127200e+01
   1.3025025e+01   2.6819078e+01   1.3219234e+01
   1.3647526e+01   2.6313146e+01   1.3899350e+01
   1.3488534e+01   3.3833847e+01   1.3530626e+01
   1.1343193e+01   2.3013006e+01   1.1671054e+01
   1.1339709e+01   2.7681487e+01   1.1449133e+01
   1.3132851e+01   3.0040866e+01   1.3226573e+01
   1.3040199e+01   2.7676403e+01   1.3199572e+01
   1.3497233e+01   3.0926973e+01   1.3579947e+01
   1.3412936e+01   2.7605648e+01   1.3589090e+01
   1.0602330e+01   2.6303683e+01   1.0730946e+01
   1.0483806e+01   2.8636781e+01   1.0556709e+01
   1.1994914e+01   2.5980837e+01   1.2182874e+01
   1.2077641e+01   2.6152343e+01   1.2261523e+01
   1.1001520e+01   2.2905289e+01   1.1313316e+01
   1.1269027e+01   2.7051855e+01   1.1393806e+01
