   1.5006612e+01   3.5547972e+01   1.5046332e+01
   1.4619727e+01   2.8052353e+01   1.4828157e+01
   1.6093587e+01   4.0171711e+01   1.6111019e+01
   1.5723069e+01   2.8981694e+01   1.5938636e+01
   1.3059477e+01   2.9152012e+01   1.3172878e+01
   1.3994055e+01   2.7712841e+01   1.4189896e+01
   1.1052717e+01   2.5208387e+01   1.1235884e+01
   1.2253651e+01   2.7982084e+01   1.2378267e+01
   1.5839366e+01   3.6126431e+01   1.5881268e+01
   1.6608072e+01   3.4111041e+01   1.6687627e+01
   1.3101386e+01   2.8616926e+01   1.3231062e+01
   1.3108363e+01   2.5621679e+01   1.3370814e+01
   1.4110523e+01   2.8728418e+01   1.4268957e+01
   1.3707871e+01   3.3620300e+01   1.3754299e+01
   1.4930315e+01   3.5200778e+01   1.4972626e+01
   1.4596478e+01   3.0816148e+01   1.4705042e+01
   1.1260184e+01   2.6162010e+01   1.1413478e+01
   1.1872984e+01   2.7979274e+01   1.1987673e+01
   1.3043010e+01   3.1546993e+01   1.3107777e+01
   1.3070695e+01   2.4330124e+01   1.3424459e+01
   1.3985871e+01   2.5412655e+01   1.4322854e+01
   1.4748692e+01   3.0873693e+01   1.4859552e+01
   1.3651941e+01   2.8282983e+01   1.3810533e+01
   1.4167655e+01   3.1171171e+01   1.4258428e+01
   1.7113098e+01   3.8666550e+01   1.7144165e+01
   1.6913601e+01   3.4812566e+01   1.6986064e+01
   1.2341331e+01   2.5422915e+01   1.2572817e+01
   1.2386305e+01   2.7872681e+01   1.2517942e+01
   1.2515037e+01   2.3461463e+01   1.2898664e+01
   1.2355982e+01   3.2786392e+01   1.2397779e+01
   1.4717420e+01   3.2808642e+01   1.4787623e+01
   1.4376092e+01   2.9219456e+01   1.4526053e+01
   1.3705359e+01   3.0035539e+01   1.3811963e+01
   1.3694396e+01   3.0835882e+01   1.3782673e+01
   1.5146050e+01   2.7215132e+01   1.5432724e+01
   1.5977589e+01   3.7670590e+01   1.6007841e+01
   1.4846473e+01   2.5691323e+01   1.5231266e+01
   1.5283920e+01   4.0632323e+01   1.5296988e+01
   1.2969355e+01   2.5121838e+01   1.3255657e+01
   1.3178641e+01   3.4983953e+01   1.3208772e+01
   1.2179921e+01   2.5386693e+01   1.2405132e+01
   1.2253210e+01   2.6640773e+01   1.2423698e+01
   1.0954005e+01   2.1028276e+01   1.1437544e+01
   1.0724571e+01   2.8413814e+01   1.0805398e+01
   1.3067487e+01   3.1961650e+01   1.3126639e+01
   1.2989390e+01   3.0768330e+01   1.3066064e+01
   1.3336252e+01   2.8087867e+01   1.3490902e+01
   1.3309934e+01   2.9355915e+01   1.3424273e+01
   1.3807271e+01   2.5722733e+01   1.4107684e+01
   1.3704778e+01   2.3336332e+01   1.4225388e+01
   1.4456109e+01   3.0897077e+01   1.4559332e+01
   1.4924319e+01   2.6872697e+01   1.5219779e+01
   1.5325520e+01   3.4876532e+01   1.5375362e+01
   1.4729202e+01   2.7823010e+01   1.4954779e+01
   1.3110528e+01   2.6403320e+01   1.3328851e+01
   1.2419137e+01   2.4243863e+01   1.2730562e+01
   1.4326462e+01   3.1911904e+01   1.4405651e+01
   1.3725978e+01   2.4636341e+01   1.4108153e+01
   1.5364083e+01   3.3840208e+01   1.5428002e+01
   1.5165491e+01   2.9985195e+01   1.5315416e+01
   1.3045153e+01   2.8364020e+01   1.3181004e+01
   1.2958846e+01   2.4668441e+01   1.3276965e+01
   1.5567656e+01   3.4094784e+01   1.5630743e+01
   1.5005734e+01   2.8648521e+01   1.5203554e+01
   1.2458853e+01   2.7567952e+01   1.2602487e+01
   1.1978707e+01   2.7473170e+01   1.2110790e+01
   1.4877813e+01   3.4930931e+01   1.4922323e+01
   1.4588823e+01   2.7858364e+01   1.4805467e+01
   1.4216155e+01   3.2009320e+01   1.4291684e+01
   1.4146476e+01   3.2517366e+01   1.4212568e+01
   1.3094680e+01   2.7011973e+01   1.3283208e+01
   1.2826298e+01   2.7991855e+01   1.2967442e+01
   1.2532735e+01   2.5786496e+01   1.2754500e+01
   1.2181283e+01   2.7392818e+01   1.2322009e+01
   1.3318121e+01   3.3895368e+01   1.3358083e+01
   1.3298189e+01   2.7100281e+01   1.3491483e+01
   1.3954665e+01   2.6672158e+01   1.4202735e+01
   1.3689692e+01   3.4323354e+01   1.3728993e+01
   1.1595526e+01   2.3161370e+01   1.1930355e+01
   1.1629454e+01   2.8577207e+01   1.1724076e+01
   1.3393623e+01   3.0606887e+01   1.3480692e+01
   1.3279650e+01   2.8028317e+01   1.3434495e+01
   1.3737254e+01   3.1319386e+01   1.3816910e+01
   1.3685716e+01   2.7823674e+01   1.3863684e+01
   1.0902459e+01   2.6791946e+01   1.1024908e+01
   1.0730906e+01   2.8980906e+01   1.0801865e+01
   1.2180077e+01   2.6028768e+01   1.2373720e+01
   1.2442657e+01   2.6566305e+01   1.2623602e+01
   1.1197087e+01   2.3082666e+01   1.1509254e+01
   1.1632909e+01   2.8044587e+01   1.1740092e+01
