   1.5013571e+01   3.5019977e+01   1.5058521e+01
   1.4637631e+01   2.8082183e+01   1.4845449e+01
   1.6055735e+01   3.9088467e+01   1.6077927e+01
   1.5621057e+01   2.8813494e+01   1.5840147e+01
   1.3042612e+01   2.9039373e+01   1.3158593e+01
   1.3846442e+01   2.7399584e+01   1.4050328e+01
   1.1052926e+01   2.5014219e+01   1.1244637e+01
   1.2314422e+01   2.7739887e+01   1.2448064e+01
   1.5761410e+01   3.5408516e+01   1.5810023e+01
   1.6443343e+01   3.2844069e+01   1.6546230e+01
   1.3058788e+01   2.8277109e+01   1.3197847e+01
   1.3097956e+01   2.5481942e+01   1.3368598e+01
   1.4109542e+01   2.8611324e+01   1.4272345e+01
   1.3700467e+01   3.3346773e+01   1.3749848e+01
   1.4862435e+01   3.4945404e+01   1.4906644e+01
   1.4565665e+01   3.0565080e+01   1.4679975e+01
   1.1255448e+01   2.6326889e+01   1.1402796e+01
   1.1789523e+01   2.7363759e+01   1.1919510e+01
   1.3053625e+01   3.1548400e+01   1.3118522e+01
   1.3087056e+01   2.4244516e+01   1.3449491e+01
   1.3982543e+01   2.5352215e+01   1.4324163e+01
   1.4731488e+01   3.0369610e+01   1.4855693e+01
   1.3668372e+01   2.8176590e+01   1.3831567e+01
   1.4198129e+01   3.1162280e+01   1.4289713e+01
   1.7097962e+01   3.8267843e+01   1.7131910e+01
   1.6815282e+01   3.3538056e+01   1.6910566e+01
   1.2368584e+01   2.5512274e+01   1.2596628e+01
   1.2405787e+01   2.7752637e+01   1.2541749e+01
   1.2552991e+01   2.3494024e+01   1.2936945e+01
   1.2367171e+01   3.2853330e+01   1.2408427e+01
   1.4747764e+01   3.2777083e+01   1.4818966e+01
   1.4391294e+01   2.9231422e+01   1.4541350e+01
   1.3716786e+01   2.9978936e+01   1.3825082e+01
   1.3660352e+01   3.0368948e+01   1.3758009e+01
   1.5063773e+01   2.7111064e+01   1.5352093e+01
   1.5886152e+01   3.6004909e+01   1.5929707e+01
   1.4817838e+01   2.5580076e+01   1.5210422e+01
   1.5288972e+01   4.0788162e+01   1.5301594e+01
   1.2918611e+01   2.4950050e+01   1.3213420e+01
   1.3067494e+01   3.2806747e+01   1.3116133e+01
   1.2250601e+01   2.5360045e+01   1.2480831e+01
   1.2303680e+01   2.6814834e+01   1.2469197e+01
   1.0979254e+01   2.1015705e+01   1.1467035e+01
   1.0737231e+01   2.8328730e+01   1.0819894e+01
   1.3093807e+01   3.1998503e+01   1.3152798e+01
   1.3010857e+01   3.0820584e+01   1.3086966e+01
   1.3339879e+01   2.8104492e+01   1.3494054e+01
   1.3301184e+01   2.9323449e+01   1.3416167e+01
   1.3790464e+01   2.5646247e+01   1.4095217e+01
   1.3726528e+01   2.3367502e+01   1.4245845e+01
   1.4415183e+01   3.0750214e+01   1.4521019e+01
   1.4815510e+01   2.6770277e+01   1.5110748e+01
   1.5184850e+01   3.1547741e+01   1.5289413e+01
   1.4676530e+01   2.7807268e+01   1.4900236e+01
   1.3125083e+01   2.6330437e+01   1.3347917e+01
   1.2402833e+01   2.4248712e+01   1.2712756e+01
   1.4345566e+01   3.1750516e+01   1.4428132e+01
   1.3725259e+01   2.4613709e+01   1.4109451e+01
   1.5242100e+01   3.3671343e+01   1.5306769e+01
   1.4975870e+01   2.9266490e+01   1.5145801e+01
   1.3138795e+01   2.8360597e+01   1.3277623e+01
   1.3003361e+01   2.4672980e+01   1.3324371e+01
   1.5590838e+01   3.4107285e+01   1.5654072e+01
   1.5010338e+01   2.8643656e+01   1.5208593e+01
   1.2492251e+01   2.7718124e+01   1.2631962e+01
   1.1993218e+01   2.7452548e+01   1.2126363e+01
   1.4911864e+01   3.4955058e+01   1.4956465e+01
   1.4617913e+01   2.7982380e+01   1.4829719e+01
   1.4244673e+01   3.2057449e+01   1.4319840e+01
   1.4112768e+01   3.1385573e+01   1.4198073e+01
   1.3051233e+01   2.6732298e+01   1.3250614e+01
   1.2789421e+01   2.8109178e+01   1.2925627e+01
   1.2576308e+01   2.5836130e+01   1.2797642e+01
   1.2205245e+01   2.7467802e+01   1.2344261e+01
   1.3331751e+01   3.3746836e+01   1.3373234e+01
   1.3324921e+01   2.7140607e+01   1.3517547e+01
   1.3929707e+01   2.6603836e+01   1.4180389e+01
   1.3612422e+01   3.3993553e+01   1.3654117e+01
   1.1591953e+01   2.3091555e+01   1.1932126e+01
   1.1634135e+01   2.8555886e+01   1.1729324e+01
   1.3414964e+01   3.0563562e+01   1.3503333e+01
   1.3300336e+01   2.8059533e+01   1.3454768e+01
   1.3729300e+01   3.1251578e+01   1.3810076e+01
   1.3663456e+01   2.7673208e+01   1.3846898e+01
   1.0947044e+01   2.6805745e+01   1.1070281e+01
   1.0762162e+01   2.8951013e+01   1.0834095e+01
   1.2187026e+01   2.6108195e+01   1.2377385e+01
   1.2482535e+01   2.6639617e+01   1.2661980e+01
   1.1231486e+01   2.3112452e+01   1.1543827e+01
   1.1684645e+01   2.8156795e+01   1.1790250e+01
