   1.4171274e+01   3.2898948e+01   1.4232107e+01
   1.3995954e+01   2.7451987e+01   1.4204280e+01
   1.5047188e+01   3.1896087e+01   1.5140655e+01
   1.5070812e+01   2.8701411e+01   1.5269112e+01
   1.1959522e+01   2.7705621e+01   1.2084107e+01
   1.3275096e+01   2.6592632e+01   1.3491783e+01
   1.0304839e+01   2.4759684e+01   1.0477893e+01
   1.1461719e+01   2.6521347e+01   1.1609004e+01
   1.5099539e+01   3.3971815e+01   1.5157953e+01
   1.5738798e+01   3.2285265e+01   1.5838636e+01
   1.2371023e+01   2.7569961e+01   1.2511825e+01
   1.2236731e+01   2.4260526e+01   1.2534433e+01
   1.3059942e+01   2.5808995e+01   1.3308286e+01
   1.3030048e+01   2.9248414e+01   1.3140207e+01
   1.3839245e+01   3.0901022e+01   1.3929053e+01
   1.3748421e+01   2.9792171e+01   1.3862336e+01
   1.0232275e+01   2.3215675e+01   1.0477122e+01
   1.1154618e+01   2.6423988e+01   1.1295535e+01
   1.2599000e+01   3.1155576e+01   1.2663305e+01
   1.2505206e+01   2.3648468e+01   1.2871215e+01
   1.3398851e+01   2.5166230e+01   1.3711219e+01
   1.3632966e+01   2.8251458e+01   1.3792052e+01
   1.3071142e+01   2.7761778e+01   1.3228445e+01
   1.3249029e+01   2.9240385e+01   1.3364906e+01
   1.6142631e+01   3.5312011e+01   1.6196813e+01
   1.6060110e+01   3.2527764e+01   1.6161611e+01
   1.1702564e+01   2.4833458e+01   1.1933320e+01
   1.1721351e+01   2.7036019e+01   1.1859590e+01
   1.1735164e+01   2.2849499e+01   1.2107358e+01
   1.1873994e+01   3.1485347e+01   1.1924835e+01
   1.3916400e+01   3.1384111e+01   1.3998068e+01
   1.3834186e+01   2.8548442e+01   1.3989458e+01
   1.2998367e+01   2.8966798e+01   1.3115172e+01
   1.2943797e+01   2.8831527e+01   1.3062892e+01
   1.4672608e+01   2.6929558e+01   1.4947684e+01
   1.4909251e+01   3.2021402e+01   1.4997253e+01
   1.4302179e+01   2.5245802e+01   1.4679481e+01
   1.4609278e+01   3.5717857e+01   1.4644218e+01
   1.2365955e+01   2.4391942e+01   1.2663027e+01
   1.2531233e+01   3.1480580e+01   1.2589991e+01
   1.1392022e+01   2.4533283e+01   1.1623266e+01
   1.1360589e+01   2.4330727e+01   1.1601469e+01
   1.0134903e+01   2.0244961e+01   1.0621275e+01
   1.0127352e+01   2.6425644e+01   1.0240293e+01
   1.2415610e+01   3.0307451e+01   1.2490800e+01
   1.2373303e+01   2.9198410e+01   1.2469688e+01
   1.2673219e+01   2.7205851e+01   1.2837173e+01
   1.2644802e+01   2.7733798e+01   1.2788792e+01
   1.3134457e+01   2.5047235e+01   1.3437006e+01
   1.3017174e+01   2.2970605e+01   1.3501814e+01
   1.3785191e+01   2.9634861e+01   1.3904339e+01
   1.3950646e+01   2.6071891e+01   1.4236366e+01
   1.4227860e+01   3.0633133e+01   1.4332137e+01
   1.4023309e+01   2.7277246e+01   1.4241743e+01
   1.2064982e+01   2.4957948e+01   1.2307856e+01
   1.1803626e+01   2.3573963e+01   1.2121616e+01
   1.3291601e+01   2.9504487e+01   1.3401599e+01
   1.3117981e+01   2.4378839e+01   1.3471452e+01
   1.4306186e+01   3.0783111e+01   1.4408672e+01
   1.4300426e+01   2.8871685e+01   1.4460349e+01
   1.2202375e+01   2.6898717e+01   1.2361073e+01
   1.2137462e+01   2.4025506e+01   1.2445309e+01
   1.4555794e+01   3.1760915e+01   1.4642140e+01
   1.4383622e+01   2.7875360e+01   1.4589545e+01
   1.1486273e+01   2.6501492e+01   1.1635040e+01
   1.1369362e+01   2.5725481e+01   1.1543246e+01
   1.4120629e+01   3.3447815e+01   1.4173597e+01
   1.3954668e+01   2.7788969e+01   1.4145328e+01
   1.3455178e+01   3.0142128e+01   1.3553522e+01
   1.3408714e+01   3.0798560e+01   1.3492271e+01
   1.2205989e+01   2.5880226e+01   1.2407668e+01
   1.2238465e+01   2.7071871e+01   1.2392083e+01
   1.1567390e+01   2.4618914e+01   1.1802963e+01
   1.1515142e+01   2.6248457e+01   1.1673978e+01
   1.2649785e+01   3.1310324e+01   1.2712521e+01
   1.2589175e+01   2.6480220e+01   1.2779940e+01
   1.3131563e+01   2.5801839e+01   1.3384386e+01
   1.3085327e+01   3.2925651e+01   1.3132832e+01
   1.0773639e+01   2.2360891e+01   1.1111089e+01
   1.0743136e+01   2.5863161e+01   1.0890070e+01
   1.2552978e+01   2.8237080e+01   1.2678425e+01
   1.2525817e+01   2.7126386e+01   1.2687463e+01
   1.2951557e+01   2.9495123e+01   1.3053771e+01
   1.2927617e+01   2.7320785e+01   1.3096532e+01
   1.0145461e+01   2.5272756e+01   1.0293799e+01
   1.0114236e+01   2.8109919e+01   1.0190394e+01
   1.1561836e+01   2.3301556e+01   1.1883245e+01
   1.1537593e+01   2.6031923e+01   1.1705511e+01
   1.0667656e+01   2.2604621e+01   1.0978757e+01
   1.0712987e+01   2.5639458e+01   1.0866800e+01
