   1.4989008e+01   3.4664244e+01   1.5037547e+01
   1.4620703e+01   2.8015189e+01   1.4831012e+01
   1.5996529e+01   3.8318614e+01   1.6022687e+01
   1.5549479e+01   2.8787074e+01   1.5766341e+01
   1.2995663e+01   2.8840688e+01   1.3115882e+01
   1.3768388e+01   2.7277330e+01   1.3974551e+01
   1.1036457e+01   2.4837971e+01   1.1235550e+01
   1.2304619e+01   2.7751756e+01   1.2437602e+01
   1.5710748e+01   3.5003912e+01   1.5763528e+01
   1.6355492e+01   3.2423617e+01   1.6466719e+01
   1.3018776e+01   2.8089986e+01   1.3162762e+01
   1.3073202e+01   2.5416655e+01   1.3346527e+01
   1.4098781e+01   2.8539078e+01   1.4263963e+01
   1.3701651e+01   3.3152953e+01   1.3753312e+01
   1.4845214e+01   3.4665388e+01   1.4892200e+01
   1.4561658e+01   3.0564138e+01   1.4675890e+01
   1.1235654e+01   2.6352420e+01   1.1381495e+01
   1.1735824e+01   2.6981792e+01   1.1876269e+01
   1.3032413e+01   3.1519199e+01   1.3097446e+01
   1.3067941e+01   2.4310966e+01   1.3423105e+01
   1.3961546e+01   2.5341770e+01   1.4302366e+01
   1.4696637e+01   3.0115253e+01   1.4827407e+01
   1.3662112e+01   2.8119832e+01   1.3827259e+01
   1.4195835e+01   3.1114728e+01   1.4288390e+01
   1.7064623e+01   3.8032989e+01   1.7100195e+01
   1.6771321e+01   3.2958522e+01   1.6879283e+01
   1.2364903e+01   2.5494365e+01   1.2593723e+01
   1.2401020e+01   2.7728867e+01   1.2537595e+01
   1.2548709e+01   2.3499266e+01   1.2931807e+01
   1.2356407e+01   3.2807478e+01   1.2398004e+01
   1.4745760e+01   3.2732313e+01   1.4817674e+01
   1.4384236e+01   2.9201197e+01   1.4535117e+01
   1.3700941e+01   2.9958815e+01   1.3809360e+01
   1.3630086e+01   3.0127335e+01   1.3732696e+01
   1.5009164e+01   2.7051675e+01   1.5297918e+01
   1.5817555e+01   3.5331555e+01   1.5867673e+01
   1.4793317e+01   2.5522746e+01   1.5189078e+01
   1.5282716e+01   4.0590436e+01   1.5295908e+01
   1.2881440e+01   2.4924860e+01   1.3175530e+01
   1.3000288e+01   3.1897859e+01   1.3059436e+01
   1.2241208e+01   2.5330583e+01   1.2472558e+01
   1.2295393e+01   2.6805298e+01   1.2460976e+01
   1.0979335e+01   2.1077134e+01   1.1459936e+01
   1.0733321e+01   2.8301978e+01   1.0816429e+01
   1.3113703e+01   3.1983652e+01   1.3173158e+01
   1.2990927e+01   3.0750471e+01   1.3067945e+01
   1.3328073e+01   2.8078950e+01   1.3482762e+01
   1.3283685e+01   2.9281526e+01   1.3399345e+01
   1.3779422e+01   2.5589428e+01   1.4087543e+01
   1.3735336e+01   2.3384179e+01   1.4253619e+01
   1.4343564e+01   3.0633178e+01   1.4450587e+01
   1.4675499e+01   2.6303380e+01   1.4994952e+01
   1.5093399e+01   3.0585504e+01   1.5221580e+01
   1.4635214e+01   2.7794932e+01   1.4857465e+01
   1.3110907e+01   2.6289712e+01   1.3335173e+01
   1.2387913e+01   2.4200143e+01   1.2700383e+01
   1.4334309e+01   3.1624735e+01   1.4419109e+01
   1.3711707e+01   2.4601568e+01   1.4095815e+01
   1.5161461e+01   3.3487921e+01   1.5227727e+01
   1.4867404e+01   2.8863258e+01   1.5049646e+01
   1.3135379e+01   2.8393834e+01   1.3273029e+01
   1.2985780e+01   2.4577020e+01   1.3312901e+01
   1.5581960e+01   3.4098956e+01   1.5645190e+01
   1.5002805e+01   2.8642077e+01   1.5200793e+01
   1.2496958e+01   2.7704011e+01   1.2637277e+01
   1.1994487e+01   2.7444809e+01   1.2127910e+01
   1.4911529e+01   3.4940565e+01   1.4956277e+01
   1.4625817e+01   2.8085654e+01   1.4832906e+01
   1.4235825e+01   3.2031056e+01   1.4311306e+01
   1.4074999e+01   3.0873928e+01   1.4170270e+01
   1.3022922e+01   2.6561445e+01   1.3229163e+01
   1.2773383e+01   2.8096605e+01   1.2909504e+01
   1.2579397e+01   2.5846988e+01   1.2800318e+01
   1.2198739e+01   2.7448467e+01   1.2338184e+01
   1.3324779e+01   3.3609810e+01   1.3367533e+01
   1.3325523e+01   2.7149466e+01   1.3517775e+01
   1.3898626e+01   2.6575444e+01   1.4149216e+01
   1.3568114e+01   3.3776001e+01   1.3611532e+01
   1.1604024e+01   2.3140374e+01   1.1941173e+01
   1.1643649e+01   2.8536715e+01   1.1739462e+01
   1.3407177e+01   3.0456776e+01   1.3497610e+01
   1.3292682e+01   2.8074047e+01   1.3446326e+01
   1.3721398e+01   3.0406185e+01   1.3819542e+01
   1.3621186e+01   2.8142259e+01   1.3783963e+01
   1.0926150e+01   2.6721375e+01   1.1051269e+01
   1.0749901e+01   2.8874745e+01   1.0822925e+01
   1.2182658e+01   2.6099096e+01   1.2373239e+01
   1.2480952e+01   2.6611691e+01   1.2661513e+01
   1.1250722e+01   2.3134290e+01   1.1562777e+01
   1.1704777e+01   2.8174155e+01   1.1810420e+01
