   1.4728444e+01   3.4792045e+01   1.4772895e+01
   1.4402530e+01   2.7827615e+01   1.4611679e+01
   1.5878990e+01   3.9321447e+01   1.5899200e+01
   1.5587853e+01   2.8824442e+01   1.5804717e+01
   1.2774917e+01   2.8637843e+01   1.2894929e+01
   1.3879094e+01   2.7779520e+01   1.4066939e+01
   1.0830698e+01   2.4912300e+01   1.1017770e+01
   1.2076127e+01   2.7355629e+01   1.2214827e+01
   1.5669189e+01   3.5941813e+01   1.5711274e+01
   1.6413844e+01   3.4045971e+01   1.6491124e+01
   1.2921819e+01   2.8471087e+01   1.3050728e+01
   1.2878211e+01   2.5332424e+01   1.3145015e+01
   1.3845134e+01   2.8405021e+01   1.4006106e+01
   1.3574969e+01   3.3104670e+01   1.3625761e+01
   1.4562141e+01   3.4344448e+01   1.4609641e+01
   1.4308582e+01   3.0252022e+01   1.4424629e+01
   1.0930268e+01   2.5009758e+01   1.1117116e+01
   1.1668289e+01   2.7698617e+01   1.1785365e+01
   1.2916382e+01   3.1411141e+01   1.2981377e+01
   1.2887425e+01   2.4065765e+01   1.3248816e+01
   1.3844337e+01   2.5326551e+01   1.4177298e+01
   1.4448054e+01   3.0320002e+01   1.4565920e+01
   1.3464230e+01   2.8185131e+01   1.3619799e+01
   1.3875266e+01   3.0741101e+01   1.3969231e+01
   1.6860128e+01   3.7976243e+01   1.6894538e+01
   1.6741034e+01   3.4865811e+01   1.6809852e+01
   1.2150730e+01   2.5365092e+01   1.2375623e+01
   1.2198960e+01   2.7696754e+01   1.2330558e+01
   1.2233788e+01   2.3220156e+01   1.2615053e+01
   1.2209918e+01   3.2383136e+01   1.2254359e+01
   1.4455500e+01   3.2439832e+01   1.4527611e+01
   1.4220687e+01   2.9042804e+01   1.4371586e+01
   1.3466182e+01   2.9608804e+01   1.3577802e+01
   1.3477479e+01   3.0382702e+01   1.3570934e+01
   1.5048437e+01   2.7123230e+01   1.5334909e+01
   1.5710941e+01   3.6941159e+01   1.5744659e+01
   1.4680907e+01   2.5605613e+01   1.5058841e+01
   1.5092032e+01   3.9324853e+01   1.5108957e+01
   1.2796930e+01   2.4853726e+01   1.3090361e+01
   1.3029660e+01   3.4729281e+01   1.3060586e+01
   1.1937340e+01   2.5123538e+01   1.2164369e+01
   1.1981117e+01   2.5939332e+01   1.2170338e+01
   1.0677899e+01   2.0738080e+01   1.1165326e+01
   1.0554396e+01   2.8052642e+01   1.0639147e+01
   1.2838499e+01   3.1420010e+01   1.2902256e+01
   1.2783263e+01   3.0313031e+01   1.2864690e+01
   1.3115696e+01   2.7846028e+01   1.3271471e+01
   1.3091949e+01   2.8815413e+01   1.3215496e+01
   1.3599399e+01   2.5425090e+01   1.3906876e+01
   1.3478747e+01   2.3221814e+01   1.3986465e+01
   1.4346342e+01   3.0807074e+01   1.4449182e+01
   1.4683370e+01   2.6927393e+01   1.4959269e+01
   1.5144302e+01   3.5101874e+01   1.5189722e+01
   1.4577646e+01   2.7565596e+01   1.4809190e+01
   1.2801758e+01   2.6069054e+01   1.3022132e+01
   1.2263873e+01   2.4150634e+01   1.2571322e+01
   1.4011327e+01   3.1346540e+01   1.4095477e+01
   1.3543560e+01   2.4512531e+01   1.3921031e+01
   1.5075537e+01   3.3053948e+01   1.5147417e+01
   1.4950527e+01   3.0014381e+01   1.5092338e+01
   1.2861663e+01   2.7981992e+01   1.3004250e+01
   1.2788862e+01   2.4649134e+01   1.3096347e+01
   1.5310509e+01   3.3505379e+01   1.5378761e+01
   1.4849931e+01   2.8399779e+01   1.5052346e+01
   1.2123555e+01   2.7210323e+01   1.2268553e+01
   1.1791021e+01   2.7194422e+01   1.1926292e+01
   1.4655502e+01   3.4586826e+01   1.4701360e+01
   1.4396412e+01   2.7767982e+01   1.4608224e+01
   1.3944723e+01   3.1374098e+01   1.4027101e+01
   1.3895584e+01   3.2193574e+01   1.3962950e+01
   1.2830132e+01   2.6674360e+01   1.3022475e+01
   1.2684226e+01   2.7733908e+01   1.2829479e+01
   1.2239200e+01   2.5467120e+01   1.2463122e+01
   1.1994593e+01   2.7047562e+01   1.2140991e+01
   1.3110845e+01   3.3275802e+01   1.3154900e+01
   1.3054283e+01   2.6844373e+01   1.3248613e+01
   1.3692019e+01   2.6371585e+01   1.3942911e+01
   1.3520195e+01   3.3890101e+01   1.3562035e+01
   1.1348953e+01   2.2865259e+01   1.1688990e+01
   1.1358931e+01   2.7755902e+01   1.1466925e+01
   1.3174499e+01   3.0078836e+01   1.3268261e+01
   1.3078802e+01   2.7750707e+01   1.3236783e+01
   1.3528550e+01   3.0953522e+01   1.3611330e+01
   1.3447629e+01   2.7644917e+01   1.3623534e+01
   1.0630531e+01   2.6344886e+01   1.0758693e+01
   1.0507432e+01   2.8696728e+01   1.0579691e+01
   1.2013995e+01   2.5952903e+01   1.2203992e+01
   1.2116899e+01   2.6177916e+01   1.2301277e+01
   1.1034252e+01   2.2911005e+01   1.1347888e+01
   1.1321692e+01   2.7134860e+01   1.1445489e+01
