   1.4946029e+01   3.5388476e+01   1.4986686e+01
   1.4568388e+01   2.8011207e+01   1.4776398e+01
   1.6046105e+01   3.9968520e+01   1.6064180e+01
   1.5676947e+01   2.8938332e+01   1.5892432e+01
   1.2992327e+01   2.8998429e+01   1.3108119e+01
   1.3958005e+01   2.7654371e+01   1.4154943e+01
   1.1001723e+01   2.5136822e+01   1.1185930e+01
   1.2202045e+01   2.7883955e+01   1.2328104e+01
   1.5799961e+01   3.6228938e+01   1.5840519e+01
   1.6555955e+01   3.4179869e+01   1.6633327e+01
   1.3063060e+01   2.8615450e+01   1.3191679e+01
   1.3048991e+01   2.5535958e+01   1.3313248e+01
   1.4038777e+01   2.8697495e+01   1.4195799e+01
   1.3673373e+01   3.3081635e+01   1.3725565e+01
   1.4783857e+01   3.5042955e+01   1.4826325e+01
   1.4497751e+01   3.0419483e+01   1.4614211e+01
   1.1189582e+01   2.5834015e+01   1.1352572e+01
   1.1822030e+01   2.7945305e+01   1.1936347e+01
   1.3007662e+01   3.1519518e+01   1.3072335e+01
   1.3019236e+01   2.4275079e+01   1.3373493e+01
   1.3949962e+01   2.5346991e+01   1.4289451e+01
   1.4671207e+01   3.0792408e+01   1.4782229e+01
   1.3607694e+01   2.8288053e+01   1.3764531e+01
   1.4095407e+01   3.1061569e+01   1.4187028e+01
   1.7043255e+01   3.8317443e+01   1.7076403e+01
   1.6872733e+01   3.5014328e+01   1.6941241e+01
   1.2291583e+01   2.5364682e+01   1.2523676e+01
   1.2335201e+01   2.7853463e+01   1.2465945e+01
   1.2446397e+01   2.3403767e+01   1.2829329e+01
   1.2319482e+01   3.2622255e+01   1.2362550e+01
   1.4652275e+01   3.2739322e+01   1.4722581e+01
   1.4346166e+01   2.9188153e+01   1.4496211e+01
   1.3659826e+01   2.9984121e+01   1.3766622e+01
   1.3656657e+01   3.0730925e+01   1.3746356e+01
   1.5117619e+01   2.7165845e+01   1.5405771e+01
   1.5904145e+01   3.7911688e+01   1.5932288e+01
   1.4808046e+01   2.5676780e+01   1.5190742e+01
   1.5237968e+01   4.0300921e+01   1.5251930e+01
   1.2913115e+01   2.4959949e+01   1.3206866e+01
   1.3135002e+01   3.5157266e+01   1.3163674e+01
   1.2124305e+01   2.5319167e+01   1.2350311e+01
   1.2183413e+01   2.6480371e+01   1.2357716e+01
   1.0884538e+01   2.0936427e+01   1.1371251e+01
   1.0685329e+01   2.8325810e+01   1.0767133e+01
   1.3012467e+01   3.1809345e+01   1.3073003e+01
   1.2940273e+01   3.0680758e+01   1.3017676e+01
   1.3280593e+01   2.8028009e+01   1.3435482e+01
   1.3260858e+01   2.9269865e+01   1.3376245e+01
   1.3758961e+01   2.5676399e+01   1.4059363e+01
   1.3650868e+01   2.3291198e+01   1.4170616e+01
   1.4414804e+01   3.0856082e+01   1.4518054e+01
   1.4844008e+01   2.6847844e+01   1.5135763e+01
   1.5287946e+01   3.5208120e+01   1.5333717e+01
   1.4690268e+01   2.7707231e+01   1.4920038e+01
   1.3030408e+01   2.6322604e+01   1.3248947e+01
   1.2376553e+01   2.4225103e+01   1.2686378e+01
   1.4250024e+01   3.1754384e+01   1.4330769e+01
   1.3679085e+01   2.4582550e+01   1.4062054e+01
   1.5259779e+01   3.3112571e+01   1.5333694e+01
   1.5096051e+01   3.0120782e+01   1.5239022e+01
   1.2984841e+01   2.8253246e+01   1.3122393e+01
   1.2900669e+01   2.4631620e+01   1.3217373e+01
   1.5513193e+01   3.4004645e+01   1.5576826e+01
   1.4968015e+01   2.8583062e+01   1.5167183e+01
   1.2377937e+01   2.7438869e+01   1.2523341e+01
   1.1934770e+01   2.7423702e+01   1.2067103e+01
   1.4831355e+01   3.4801422e+01   1.4876744e+01
   1.4555131e+01   2.7935613e+01   1.4766239e+01
   1.4155115e+01   3.1821944e+01   1.4232931e+01
   1.4090729e+01   3.2422057e+01   1.4157463e+01
   1.3040468e+01   2.6942765e+01   1.3229770e+01
   1.2802113e+01   2.7947796e+01   1.2943952e+01
   1.2470434e+01   2.5728099e+01   1.2692160e+01
   1.2138848e+01   2.7256195e+01   1.2282784e+01
   1.3267595e+01   3.3695078e+01   1.3308987e+01
   1.3239324e+01   2.7037257e+01   1.3432923e+01
   1.3893095e+01   2.6609910e+01   1.4141338e+01
   1.3648789e+01   3.4216278e+01   1.3688712e+01
   1.1531002e+01   2.2998864e+01   1.1874061e+01
   1.1563755e+01   2.8339882e+01   1.1662324e+01
   1.3340407e+01   3.0429085e+01   1.3430083e+01
   1.3234521e+01   2.7977439e+01   1.3389646e+01
   1.3685600e+01   3.1203982e+01   1.3766482e+01
   1.3627362e+01   2.7741320e+01   1.3806432e+01
   1.0839468e+01   2.6681829e+01   1.0963403e+01
   1.0682107e+01   2.8864672e+01   1.0754248e+01
   1.2135117e+01   2.5893597e+01   1.2333023e+01
   1.2363543e+01   2.6460703e+01   1.2545792e+01
   1.1161859e+01   2.3040091e+01   1.1474744e+01
   1.1563743e+01   2.7834085e+01   1.1674624e+01
