   1.4876002e+01   3.5011120e+01   1.4919676e+01
   1.4512345e+01   2.7967583e+01   1.4719836e+01
   1.5966674e+01   3.9733340e+01   1.5985418e+01
   1.5628722e+01   2.9053907e+01   1.5836107e+01
   1.2900051e+01   2.8835789e+01   1.3017877e+01
   1.3904333e+01   2.7619110e+01   1.4100512e+01
   1.0935969e+01   2.5063378e+01   1.1120711e+01
   1.2186647e+01   2.7497269e+01   1.2324144e+01
   1.5739962e+01   3.6079835e+01   1.5781380e+01
   1.6487184e+01   3.4085804e+01   1.6565038e+01
   1.3005112e+01   2.8517663e+01   1.3135012e+01
   1.2978937e+01   2.5476199e+01   1.3242747e+01
   1.3977352e+01   2.8668888e+01   1.4133255e+01
   1.3646833e+01   3.2957717e+01   1.3700229e+01
   1.4689932e+01   3.4742421e+01   1.4734510e+01
   1.4420615e+01   3.0371535e+01   1.4536355e+01
   1.1086131e+01   2.5488505e+01   1.1258913e+01
   1.1763250e+01   2.7827844e+01   1.1879237e+01
   1.2961033e+01   3.1454669e+01   1.3026013e+01
   1.2956543e+01   2.4227683e+01   1.3309742e+01
   1.3894224e+01   2.5309078e+01   1.4232434e+01
   1.4569074e+01   3.0588060e+01   1.4682861e+01
   1.3550854e+01   2.8223434e+01   1.3708061e+01
   1.4009404e+01   3.0939555e+01   1.4101864e+01
   1.6963099e+01   3.8013407e+01   1.6998020e+01
   1.6807111e+01   3.5057428e+01   1.6873934e+01
   1.2242753e+01   2.5423613e+01   1.2469163e+01
   1.2283648e+01   2.7727447e+01   1.2416771e+01
   1.2356524e+01   2.3336582e+01   1.2737791e+01
   1.2267793e+01   3.2492985e+01   1.2311670e+01
   1.4573876e+01   3.2620039e+01   1.4644893e+01
   1.4291175e+01   2.9128277e+01   1.4441458e+01
   1.3576357e+01   2.9919293e+01   1.3682775e+01
   1.3582670e+01   3.0558400e+01   1.3674513e+01
   1.5150161e+01   2.7164423e+01   1.5440586e+01
   1.5865379e+01   3.7973098e+01   1.5892885e+01
   1.4753392e+01   2.5621493e+01   1.5136294e+01
   1.5177833e+01   4.0048825e+01   1.5192434e+01
   1.2863798e+01   2.4915509e+01   1.3157366e+01
   1.3090422e+01   3.5064937e+01   1.3119426e+01
   1.2100371e+01   2.5216194e+01   1.2330699e+01
   1.2134704e+01   2.6336241e+01   1.2313063e+01
   1.0803974e+01   2.0895285e+01   1.1286717e+01
   1.0631995e+01   2.8218552e+01   1.0714908e+01
   1.2961284e+01   3.1648611e+01   1.3023412e+01
   1.2867602e+01   3.0499228e+01   1.2947050e+01
   1.3213255e+01   2.7938942e+01   1.3369041e+01
   1.3189614e+01   2.9086224e+01   1.3308151e+01
   1.3699676e+01   2.5555340e+01   1.4004688e+01
   1.3592314e+01   2.3244352e+01   1.4110857e+01
   1.4365620e+01   3.0826770e+01   1.4468433e+01
   1.4755551e+01   2.6743358e+01   1.5048604e+01
   1.5218313e+01   3.5022474e+01   1.5265351e+01
   1.4635025e+01   2.7636835e+01   1.4865713e+01
   1.2780869e+01   2.5646047e+01   1.3023227e+01
   1.2180075e+01   2.4442913e+01   1.2461566e+01
   1.4157847e+01   3.1602662e+01   1.4239779e+01
   1.3629120e+01   2.4531550e+01   1.4012359e+01
   1.5179361e+01   3.2922054e+01   1.5255230e+01
   1.5029110e+01   3.0111330e+01   1.5170236e+01
   1.2967591e+01   2.8152956e+01   1.3107863e+01
   1.2884560e+01   2.4659811e+01   1.3197997e+01
   1.5437078e+01   3.3827405e+01   1.5502252e+01
   1.4921333e+01   2.8522673e+01   1.5121208e+01
   1.2264209e+01   2.7327285e+01   1.2409748e+01
   1.1855019e+01   2.7170974e+01   1.1992956e+01
   1.4769999e+01   3.4711455e+01   1.4815710e+01
   1.4499558e+01   2.7919389e+01   1.4708808e+01
   1.4070495e+01   3.1614486e+01   1.4150621e+01
   1.4006405e+01   3.2252944e+01   1.4074514e+01
   1.2945000e+01   2.6821505e+01   1.3135648e+01
   1.2737715e+01   2.7793661e+01   1.2882667e+01
   1.2382080e+01   2.5632732e+01   1.2604410e+01
   1.2082701e+01   2.7155603e+01   1.2228247e+01
   1.3203439e+01   3.3462895e+01   1.3246500e+01
   1.3162612e+01   2.6964919e+01   1.3356165e+01
   1.3816510e+01   2.6521498e+01   1.4065617e+01
   1.3594103e+01   3.4056403e+01   1.3635030e+01
   1.1464233e+01   2.3009723e+01   1.1801332e+01
   1.1488616e+01   2.8100980e+01   1.1591127e+01
   1.3268418e+01   3.0277022e+01   1.3359845e+01
   1.3169452e+01   2.7790407e+01   1.3329177e+01
   1.3614259e+01   3.0232581e+01   1.3714033e+01
   1.3523128e+01   2.8173168e+01   1.3681209e+01
   1.0735757e+01   2.6504709e+01   1.0862060e+01
   1.0604567e+01   2.8776313e+01   1.0676991e+01
   1.2089632e+01   2.5875509e+01   1.2286385e+01
   1.2266496e+01   2.6368353e+01   1.2448766e+01
   1.1132152e+01   2.3015325e+01   1.1444817e+01
   1.1488370e+01   2.7570386e+01   1.1604353e+01
