   1.5012695e+01   3.5238544e+01   1.5055421e+01
   1.4631246e+01   2.8023546e+01   1.4841646e+01
   1.6064748e+01   3.9455860e+01   1.6085178e+01
   1.5657783e+01   2.8873414e+01   1.5875630e+01
   1.3044475e+01   2.9099314e+01   1.3158895e+01
   1.3892832e+01   2.7553240e+01   1.4091555e+01
   1.1058203e+01   2.5023395e+01   1.1249722e+01
   1.2318435e+01   2.7807513e+01   1.2450100e+01
   1.5797440e+01   3.5577786e+01   1.5844567e+01
   1.6511942e+01   3.3275362e+01   1.6606466e+01
   1.3076666e+01   2.8396142e+01   1.3212452e+01
   1.3114372e+01   2.5543318e+01   1.3382101e+01
   1.4113162e+01   2.8619749e+01   1.4275777e+01
   1.3714041e+01   3.3593767e+01   1.3760819e+01
   1.4865408e+01   3.5106484e+01   1.4908028e+01
   1.4568668e+01   3.0540477e+01   1.4683713e+01
   1.1264684e+01   2.6312310e+01   1.1412832e+01
   1.1821983e+01   2.7556503e+01   1.1947142e+01
   1.3044852e+01   3.1542342e+01   1.3109715e+01
   1.3082668e+01   2.4336416e+01   1.3436869e+01
   1.3984710e+01   2.5358250e+01   1.4326008e+01
   1.4747242e+01   3.0527337e+01   1.4867386e+01
   1.3668693e+01   2.8214207e+01   1.3830469e+01
   1.4195826e+01   3.1177083e+01   1.4287048e+01
   1.7099767e+01   3.8511421e+01   1.7131870e+01
   1.6862798e+01   3.3869715e+01   1.6951968e+01
   1.2369107e+01   2.5518604e+01   1.2596838e+01
   1.2408020e+01   2.7768492e+01   1.2543547e+01
   1.2543912e+01   2.3494660e+01   1.2927012e+01
   1.2362071e+01   3.2853877e+01   1.2403275e+01
   1.4746188e+01   3.2763239e+01   1.4817594e+01
   1.4387290e+01   2.9228243e+01   1.4537322e+01
   1.3712325e+01   3.0020292e+01   1.3819476e+01
   1.3676538e+01   3.0546021e+01   1.3770593e+01
   1.5090554e+01   2.7149401e+01   1.5378031e+01
   1.5925911e+01   3.6467302e+01   1.5965400e+01
   1.4832505e+01   2.5619623e+01   1.5222709e+01
   1.5292452e+01   4.0757224e+01   1.5305174e+01
   1.2935667e+01   2.4969886e+01   1.3230227e+01
   1.3105919e+01   3.3383803e+01   1.3148841e+01
   1.2198021e+01   2.5390177e+01   1.2423957e+01
   1.2275227e+01   2.6722607e+01   1.2443296e+01
   1.0979354e+01   2.1031910e+01   1.1465239e+01
   1.0737476e+01   2.8379267e+01   1.0819179e+01
   1.3091067e+01   3.1992254e+01   1.3150108e+01
   1.3009540e+01   3.0808145e+01   1.3085847e+01
   1.3345459e+01   2.8103306e+01   1.3499870e+01
   1.3310324e+01   2.9340307e+01   1.3425090e+01
   1.3791233e+01   2.5551978e+01   1.4102955e+01
   1.3732901e+01   2.3424099e+01   1.4245880e+01
   1.4417912e+01   3.0782417e+01   1.4523021e+01
   1.4832294e+01   2.6624042e+01   1.5139170e+01
   1.5240146e+01   3.2356434e+01   1.5327864e+01
   1.4701416e+01   2.7839860e+01   1.4924675e+01
   1.3131028e+01   2.6359465e+01   1.3352640e+01
   1.2404520e+01   2.4271271e+01   1.2712903e+01
   1.4348879e+01   3.1840289e+01   1.4429801e+01
   1.3729049e+01   2.4606816e+01   1.4114214e+01
   1.5306987e+01   3.3784246e+01   1.5370914e+01
   1.5061311e+01   2.9461655e+01   1.5226828e+01
   1.3136069e+01   2.8349714e+01   1.3275167e+01
   1.3011809e+01   2.4714148e+01   1.3330299e+01
   1.5589085e+01   3.4098614e+01   1.5652422e+01
   1.5014920e+01   2.8667296e+01   1.5212282e+01
   1.2484735e+01   2.7698259e+01   1.2624863e+01
   1.1990117e+01   2.7452392e+01   1.2123176e+01
   1.4910415e+01   3.4962789e+01   1.4954922e+01
   1.4619937e+01   2.7976076e+01   1.4832156e+01
   1.4241783e+01   3.2041830e+01   1.4317175e+01
   1.4128412e+01   3.1725206e+01   1.4207523e+01
   1.3075079e+01   2.6758417e+01   1.3274303e+01
   1.2807563e+01   2.8164455e+01   1.2942566e+01
   1.2570963e+01   2.5843439e+01   1.2791652e+01
   1.2201057e+01   2.7464664e+01   1.2340047e+01
   1.3334612e+01   3.3845828e+01   1.3375182e+01
   1.3323197e+01   2.7129753e+01   1.3516240e+01
   1.3947940e+01   2.6630036e+01   1.4198110e+01
   1.3643949e+01   3.4073359e+01   1.3685168e+01
   1.1597720e+01   2.3095517e+01   1.1938011e+01
   1.1637434e+01   2.8596566e+01   1.1731795e+01
   1.3415873e+01   3.0606305e+01   1.3503386e+01
   1.3295967e+01   2.8047956e+01   1.3450666e+01
   1.3737721e+01   3.1297802e+01   1.3817786e+01
   1.3678943e+01   2.7707381e+01   1.3861556e+01
   1.0942548e+01   2.6813805e+01   1.1065435e+01
   1.0758258e+01   2.8951420e+01   1.0830124e+01
   1.2201361e+01   2.6146645e+01   1.2390610e+01
   1.2479525e+01   2.6606475e+01   1.2660249e+01
   1.1227056e+01   2.3105695e+01   1.1539591e+01
   1.1678886e+01   2.8143382e+01   1.1784688e+01
