   1.4034851e+01   3.2304991e+01   1.4102571e+01
   1.3903648e+01   2.7619296e+01   1.4099787e+01
   1.4516002e+01   3.0422763e+01   1.4632853e+01
   1.4471936e+01   2.6785324e+01   1.4743764e+01
   1.1692215e+01   2.6924711e+01   1.1833191e+01
   1.2930937e+01   2.6372403e+01   1.3142153e+01
   1.0252309e+01   2.4913650e+01   1.0417368e+01
   1.1405001e+01   2.6154937e+01   1.1563483e+01
   1.4824665e+01   3.2671383e+01   1.4898908e+01
   1.5319854e+01   3.1162101e+01   1.5437801e+01
   1.2102216e+01   2.6787192e+01   1.2261544e+01
   1.1978731e+01   2.3798102e+01   1.2292293e+01
   1.2894424e+01   2.5070785e+01   1.3179339e+01
   1.2860430e+01   2.7968663e+01   1.3003422e+01
   1.3649114e+01   3.0076701e+01   1.3753383e+01
   1.3613086e+01   2.9346392e+01   1.3735707e+01
   1.0104040e+01   2.3184366e+01   1.0343961e+01
   1.0972684e+01   2.5614770e+01   1.1136343e+01
   1.2405431e+01   3.0186530e+01   1.2482588e+01
   1.2313267e+01   2.3883158e+01   1.2644596e+01
   1.3273114e+01   2.4995379e+01   1.3589247e+01
   1.3409014e+01   2.7539881e+01   1.3587749e+01
   1.2972010e+01   2.7854749e+01   1.3122559e+01
   1.3100731e+01   2.8860153e+01   1.3223235e+01
   1.5946582e+01   3.3561002e+01   1.6024375e+01
   1.5831827e+01   3.1399441e+01   1.5957186e+01
   1.1590802e+01   2.4000833e+01   1.1864831e+01
   1.1625383e+01   2.7554943e+01   1.1745316e+01
   1.1855548e+01   2.3135444e+01   1.2212713e+01
   1.2018230e+01   3.0748827e+01   1.2080450e+01
   1.3733541e+01   3.0995272e+01   1.3819354e+01
   1.3664333e+01   2.8300747e+01   1.3822707e+01
   1.3024282e+01   2.9303434e+01   1.3132901e+01
   1.2921480e+01   2.7507882e+01   1.3082930e+01
   1.4336268e+01   2.5003113e+01   1.4739397e+01
   1.4627917e+01   3.0681000e+01   1.4740752e+01
   1.4110682e+01   2.5101032e+01   1.4484358e+01
   1.4429958e+01   3.4854338e+01   1.4470944e+01
   1.2204534e+01   2.4644186e+01   1.2474394e+01
   1.2246115e+01   2.9467359e+01   1.2334162e+01
   1.0881101e+01   2.3636508e+01   1.1136462e+01
   1.0792805e+01   2.1730446e+01   1.1186732e+01
   9.9901894e+00   2.0022584e+01   1.0487171e+01
   1.0006108e+01   2.5935425e+01   1.0129486e+01
   1.2120163e+01   2.9321733e+01   1.2208759e+01
   1.2100045e+01   2.8926283e+01   1.2196742e+01
   1.2570502e+01   2.7593321e+01   1.2716865e+01
   1.2583194e+01   2.7707470e+01   1.2726106e+01
   1.2977411e+01   2.4632089e+01   1.3299654e+01
   1.2916405e+01   2.3175684e+01   1.3366958e+01
   1.3436909e+01   2.8784420e+01   1.3571313e+01
   1.3463826e+01   2.5833718e+01   1.3734380e+01
   1.3789144e+01   2.8060574e+01   1.3961463e+01
   1.3758687e+01   2.7121276e+01   1.3972097e+01
   1.1972985e+01   2.4887179e+01   1.2214939e+01
   1.1745519e+01   2.3316917e+01   1.2079198e+01
   1.3131983e+01   2.8663143e+01   1.3261146e+01
   1.3015579e+01   2.5015031e+01   1.3312328e+01
   1.4018789e+01   2.9711121e+01   1.4142134e+01
   1.3974305e+01   2.8205374e+01   1.4147976e+01
   1.1975733e+01   2.6407408e+01   1.2145082e+01
   1.1888334e+01   2.3685101e+01   1.2203966e+01
   1.4438574e+01   3.1362858e+01   1.4530831e+01
   1.4281914e+01   2.7792838e+01   1.4487076e+01
   1.1389928e+01   2.5958471e+01   1.1555321e+01
   1.1318787e+01   2.5984691e+01   1.1480631e+01
   1.3842620e+01   3.2380746e+01   1.3906369e+01
   1.3674574e+01   2.7535551e+01   1.3864520e+01
   1.3299803e+01   2.9860721e+01   1.3401231e+01
   1.3201666e+01   2.9640642e+01   1.3306120e+01
   1.1906458e+01   2.5029616e+01   1.2136981e+01
   1.2009822e+01   2.6865123e+01   1.2163113e+01
   1.1431207e+01   2.4282871e+01   1.1678652e+01
   1.1383214e+01   2.6509390e+01   1.1528400e+01
   1.2681192e+01   3.0113580e+01   1.2764579e+01
   1.2592009e+01   2.6924344e+01   1.2764004e+01
   1.2914770e+01   2.6097906e+01   1.3139278e+01
   1.2889586e+01   3.2374214e+01   1.2941278e+01
   1.0581741e+01   2.1976289e+01   1.0936229e+01
   1.0565667e+01   2.5458359e+01   1.0721111e+01
   1.2362379e+01   2.7414282e+01   1.2508119e+01
   1.2358635e+01   2.6846454e+01   1.2524945e+01
   1.2717813e+01   2.9117656e+01   1.2823783e+01
   1.2713102e+01   2.7050725e+01   1.2884643e+01
   1.0047681e+01   2.4967201e+01   1.0203705e+01
   1.0021930e+01   2.7897465e+01   1.0100388e+01
   1.1334867e+01   2.2990317e+01   1.1663892e+01
   1.1323788e+01   2.5651028e+01   1.1498975e+01
   1.0635904e+01   2.2347933e+01   1.0964268e+01
   1.0641815e+01   2.5707814e+01   1.0790884e+01
