   1.4831225e+01   3.5085127e+01   1.4873729e+01
   1.4476073e+01   2.7903472e+01   1.4684988e+01
   1.5960061e+01   3.9817092e+01   1.5978419e+01
   1.5621592e+01   2.8896482e+01   1.5836462e+01
   1.2874264e+01   2.8832557e+01   1.2991506e+01
   1.3900756e+01   2.7637638e+01   1.4095924e+01
   1.0910432e+01   2.5015780e+01   1.1096213e+01
   1.2161733e+01   2.7486527e+01   1.2298820e+01
   1.5724648e+01   3.6097641e+01   1.5765754e+01
   1.6475533e+01   3.4063413e+01   1.6553586e+01
   1.2994440e+01   2.8585105e+01   1.3122009e+01
   1.2961064e+01   2.5435883e+01   1.3226331e+01
   1.3947724e+01   2.8625811e+01   1.4104159e+01
   1.3624065e+01   3.2986124e+01   1.3676843e+01
   1.4664376e+01   3.4646004e+01   1.4709699e+01
   1.4403877e+01   3.0453871e+01   1.4516990e+01
   1.1049683e+01   2.5379607e+01   1.1225528e+01
   1.1741171e+01   2.7793490e+01   1.1857527e+01
   1.2955290e+01   3.1485836e+01   1.3019721e+01
   1.2947842e+01   2.4214621e+01   1.3301443e+01
   1.3893525e+01   2.5129196e+01   1.4246532e+01
   1.4557334e+01   3.0867614e+01   1.4663664e+01
   1.3514459e+01   2.8256344e+01   1.3669190e+01
   1.3976001e+01   3.0910558e+01   1.4068393e+01
   1.6942527e+01   3.8049210e+01   1.6976999e+01
   1.6795736e+01   3.5044808e+01   1.6862581e+01
   1.2222695e+01   2.5408578e+01   1.2448894e+01
   1.2264617e+01   2.7721665e+01   1.2397360e+01
   1.2327107e+01   2.3310094e+01   1.2708242e+01
   1.2251995e+01   3.2466662e+01   1.2295988e+01
   1.4544718e+01   3.2567907e+01   1.4616132e+01
   1.4274750e+01   2.9116975e+01   1.4424874e+01
   1.3547529e+01   2.9705285e+01   1.3658667e+01
   1.3555839e+01   3.0565094e+01   1.3646991e+01
   1.5150200e+01   2.7182792e+01   1.5439362e+01
   1.5848963e+01   3.7882754e+01   1.5876946e+01
   1.4738446e+01   2.5626224e+01   1.5119585e+01
   1.5160694e+01   3.9915032e+01   1.5175695e+01
   1.2846993e+01   2.4897868e+01   1.3140674e+01
   1.3080464e+01   3.5078455e+01   1.3109315e+01
   1.2070971e+01   2.5194898e+01   1.2300948e+01
   1.2104554e+01   2.6258600e+01   1.2284981e+01
   1.0770884e+01   2.0832319e+01   1.1257394e+01
   1.0615948e+01   2.8172019e+01   1.0699474e+01
   1.2937480e+01   3.1556691e+01   1.3000613e+01
   1.2847826e+01   3.0448272e+01   1.2927869e+01
   1.3192390e+01   2.7926964e+01   1.3347886e+01
   1.3168308e+01   2.9029794e+01   1.3287846e+01
   1.3675565e+01   2.5544322e+01   1.3979695e+01
   1.3557334e+01   2.3216638e+01   1.4075126e+01
   1.4385307e+01   3.0839870e+01   1.4488262e+01
   1.4779751e+01   2.7045019e+01   1.5054071e+01
   1.5208716e+01   3.5113043e+01   1.5254679e+01
   1.4622338e+01   2.7616179e+01   1.4853483e+01
   1.2751060e+01   2.5616034e+01   1.2993510e+01
   1.2167019e+01   2.4437713e+01   1.2448033e+01
   1.4127011e+01   3.1540956e+01   1.4209554e+01
   1.3611479e+01   2.4548674e+01   1.3991597e+01
   1.5160340e+01   3.2988000e+01   1.5234737e+01
   1.5017029e+01   3.0069809e+01   1.5159142e+01
   1.2942350e+01   2.8159150e+01   1.3081635e+01
   1.2860907e+01   2.4558918e+01   1.3180242e+01
   1.5422112e+01   3.3942523e+01   1.5485355e+01
   1.4914316e+01   2.8371319e+01   1.5121109e+01
   1.2222204e+01   2.7314544e+01   1.2366828e+01
   1.1824183e+01   2.7179125e+01   1.1960929e+01
   1.4735261e+01   3.4671284e+01   1.4781041e+01
   1.4475424e+01   2.8058961e+01   1.4676800e+01
   1.4043034e+01   3.1556243e+01   1.4123754e+01
   1.3980250e+01   3.2260046e+01   1.4047851e+01
   1.2920000e+01   2.6813967e+01   1.3109920e+01
   1.2725504e+01   2.7782585e+01   1.2870438e+01
   1.2348924e+01   2.5591362e+01   1.2571776e+01
   1.2062556e+01   2.7136084e+01   1.2208120e+01
   1.3184179e+01   3.3423399e+01   1.3227450e+01
   1.3136625e+01   2.6940639e+01   1.3330152e+01
   1.3793533e+01   2.6498824e+01   1.4042673e+01
   1.3582415e+01   3.4044352e+01   1.3623350e+01
   1.1431658e+01   2.2955796e+01   1.1770640e+01
   1.1454082e+01   2.8008068e+01   1.1558049e+01
   1.3247537e+01   3.0224553e+01   1.3339658e+01
   1.3145826e+01   2.7867304e+01   1.3301875e+01
   1.3602364e+01   3.0277867e+01   1.3700830e+01
   1.3509036e+01   2.8244085e+01   1.3664023e+01
   1.0733322e+01   2.6490058e+01   1.0859991e+01
   1.0594685e+01   2.8780633e+01   1.0666884e+01
   1.2063391e+01   2.5901137e+01   1.2257828e+01
   1.2223781e+01   2.6297593e+01   1.2407354e+01
   1.1106801e+01   2.2995071e+01   1.1419214e+01
   1.1446198e+01   2.7472888e+01   1.1563760e+01
