   1.4656628e+01   3.4579299e+01   1.4702577e+01
   1.4350062e+01   2.7807695e+01   1.4557701e+01
   1.5807208e+01   3.8449060e+01   1.5831530e+01
   1.5567469e+01   2.9207433e+01   1.5764701e+01
   1.2698032e+01   2.8724550e+01   1.2813656e+01
   1.3854338e+01   2.7603017e+01   1.4049046e+01
   1.0739393e+01   2.4928259e+01   1.0922108e+01
   1.1930722e+01   2.7543815e+01   1.2059283e+01
   1.5599235e+01   3.5748188e+01   1.5642561e+01
   1.6354776e+01   3.3841319e+01   1.6434738e+01
   1.2867511e+01   2.8385106e+01   1.2997455e+01
   1.2817604e+01   2.5247006e+01   1.3086159e+01
   1.3766474e+01   2.8138713e+01   1.3934802e+01
   1.3552135e+01   3.3301285e+01   1.3600423e+01
   1.4548002e+01   3.4074931e+01   1.4598401e+01
   1.4294911e+01   3.0529574e+01   1.4403355e+01
   1.0844539e+01   2.4738466e+01   1.1039986e+01
   1.1619790e+01   2.7583847e+01   1.1738772e+01
   1.2868391e+01   3.1393787e+01   1.2932961e+01
   1.2831814e+01   2.4088303e+01   1.3186730e+01
   1.3794656e+01   2.5249272e+01   1.4129965e+01
   1.4354290e+01   3.0137775e+01   1.4474703e+01
   1.3431424e+01   2.8158213e+01   1.3586828e+01
   1.3815381e+01   3.0614106e+01   1.3910875e+01
   1.6754109e+01   3.7110184e+01   1.6795150e+01
   1.6649952e+01   3.4974299e+01   1.6715686e+01
   1.2089761e+01   2.5222162e+01   1.2319222e+01
   1.2133289e+01   2.7723100e+01   1.2262201e+01
   1.2162264e+01   2.3160079e+01   1.2542826e+01
   1.2170221e+01   3.2318177e+01   1.2214946e+01
   1.4389249e+01   3.2352921e+01   1.4461745e+01
   1.4185939e+01   2.8993467e+01   1.4337397e+01
   1.3412507e+01   2.9698424e+01   1.3520519e+01
   1.3418102e+01   3.0181823e+01   1.3514741e+01
   1.5001679e+01   2.7078330e+01   1.5288116e+01
   1.5623578e+01   3.6423554e+01   1.5660842e+01
   1.4628758e+01   2.5561516e+01   1.5006106e+01
   1.5032484e+01   3.8740475e+01   1.5051596e+01
   1.2756156e+01   2.4933076e+01   1.3041468e+01
   1.2980053e+01   3.4359408e+01   1.3013372e+01
   1.1874191e+01   2.5059887e+01   1.2101441e+01
   1.1907084e+01   2.5747646e+01   1.2101800e+01
   1.0611929e+01   2.0657078e+01   1.1101689e+01
   1.0513008e+01   2.7956584e+01   1.0598907e+01
   1.2772728e+01   3.1282411e+01   1.2837604e+01
   1.2723393e+01   3.0192157e+01   1.2806038e+01
   1.3055132e+01   2.7795810e+01   1.3210630e+01
   1.3029316e+01   2.8660037e+01   1.3155650e+01
   1.3549087e+01   2.5470495e+01   1.3849785e+01
   1.3410755e+01   2.3120005e+01   1.3922992e+01
   1.4258778e+01   3.0749553e+01   1.4360974e+01
   1.4524776e+01   2.6531803e+01   1.4816992e+01
   1.5064902e+01   3.4681072e+01   1.5114083e+01
   1.4532813e+01   2.7542438e+01   1.4763254e+01
   1.2766718e+01   2.5997541e+01   1.2989082e+01
   1.2274387e+01   2.4262790e+01   1.2574461e+01
   1.3919532e+01   3.1108606e+01   1.4006659e+01
   1.3486650e+01   2.4539096e+01   1.3856844e+01
   1.5018815e+01   3.3044019e+01   1.5089947e+01
   1.4902884e+01   2.9870526e+01   1.5047971e+01
   1.2741038e+01   2.7913723e+01   1.2882083e+01
   1.2663144e+01   2.4487441e+01   1.2973710e+01
   1.5225947e+01   3.3281340e+01   1.5296483e+01
   1.4800011e+01   2.8336174e+01   1.5003152e+01
   1.2055320e+01   2.7019898e+01   1.2204654e+01
   1.1759854e+01   2.7250237e+01   1.1892464e+01
   1.4600118e+01   3.4495287e+01   1.4646381e+01
   1.4351639e+01   2.7800420e+01   1.4559708e+01
   1.3867987e+01   3.1246520e+01   1.3951400e+01
   1.3821978e+01   3.2136148e+01   1.3889137e+01
   1.2771680e+01   2.6546838e+01   1.2967297e+01
   1.2671576e+01   2.7754592e+01   1.2815723e+01
   1.2153959e+01   2.5345847e+01   1.2380037e+01
   1.1940006e+01   2.7002196e+01   1.2086196e+01
   1.3053278e+01   3.3084321e+01   1.3098747e+01
   1.2994229e+01   2.6848330e+01   1.3185781e+01
   1.3603857e+01   2.6259489e+01   1.3856379e+01
   1.3460974e+01   3.3762509e+01   1.3503506e+01
   1.1317613e+01   2.2910698e+01   1.1651647e+01
   1.1310332e+01   2.7602428e+01   1.1421079e+01
   1.3099790e+01   2.9961232e+01   1.3194566e+01
   1.3012621e+01   2.7695231e+01   1.3170319e+01
   1.3466093e+01   3.0851638e+01   1.3549686e+01
   1.3375978e+01   2.7573927e+01   1.3551980e+01
   1.0568544e+01   2.6257125e+01   1.0697623e+01
   1.0456138e+01   2.8558451e+01   1.0529940e+01
   1.1966870e+01   2.5976201e+01   1.2153870e+01
   1.2030657e+01   2.6094326e+01   1.2215130e+01
   1.0973300e+01   2.2853101e+01   1.1287021e+01
   1.1220041e+01   2.6924693e+01   1.1347215e+01
