  -3.8011400e+00  -6.0706935e-01   2.3572841e+00
  -1.4977736e+00   2.7028129e+00   2.4451225e+00
  -3.4762941e+00   4.2540841e-02   2.0679062e+00
  -2.3346448e+00   1.8783416e+00   1.9067147e+00
  -2.7957203e+00   1.5849449e+00   1.4642104e+00
  -2.8458894e+00   1.2816373e+00   1.6931698e+00
  -3.1708435e+00   3.2318414e-01   2.2559619e+00
  -1.7771535e+00   2.3328644e+00   2.3550488e+00
  -2.9106556e+00   1.1077210e+00   1.7737018e+00
  -2.9559643e+00   1.2332606e+00   1.5653677e+00
  -3.1039515e+00   1.1402394e+00   1.4240673e+00
  -3.4718778e+00   6.9957849e-01   1.2977160e+00
  -2.9547219e+00   1.0861722e+00   1.7243303e+00
  -2.7366444e+00   1.4638300e+00   1.6802445e+00
  -3.0687708e+00   1.8236961e+00   8.2624396e-01
  -3.8114102e+00   7.4107979e-01   7.1868624e-01
  -3.0276820e+00   1.3812507e+00   1.3007292e+00
  -3.0083309e+00   1.4223290e+00   1.2905299e+00
  -2.6445245e+00   8.7560985e-01   2.5040786e+00
  -2.9713089e+00   5.1406021e-01   2.3716744e+00
  -1.7332653e+00   2.5779080e+00   2.1872115e+00
  -3.7832910e+00  -6.0465250e-01   2.3880933e+00
  -2.2985598e+00   1.1632079e+00   2.7703405e+00
  -2.4588367e+00   9.0963091e-01   2.7998531e+00
  -1.9411143e+00   1.9456928e+00   2.4857331e+00
  -3.5389749e+00  -2.4123848e-01   2.3343313e+00
  -2.3104710e+00   1.9139601e+00   1.9099349e+00
  -3.7116739e+00  -7.8432292e-02   1.8036245e+00
  -2.5032033e+00   1.4120611e+00   2.1199815e+00
  -3.2780301e+00   2.5753897e-01   2.1471702e+00
  -2.4340274e+00   2.5112817e+00   1.1760879e+00
  -4.5435268e+00  -7.2775373e-01   1.1769768e+00
  -2.1991775e+00   1.9399601e+00   2.0637435e+00
  -3.5928923e+00  -8.9937217e-02   2.0304895e+00
  -1.5302938e+00   3.0026027e+00   2.1183471e+00
  -4.0983706e+00  -1.0815672e+00   2.4901017e+00
  -2.0112582e+00   1.6997695e+00   2.6388723e+00
  -3.2037983e+00  -1.9028662e-01   2.9097776e+00
  -1.7826094e+00   2.4563298e+00   2.2246153e+00
  -3.7712077e+00  -5.3854536e-01   2.3154776e+00
  -1.8457317e+00   2.6712081e+00   1.9250371e+00
  -4.4667858e+00  -1.2678534e+00   2.0530644e+00
  -2.1962247e+00   2.0909020e+00   1.9180790e+00
  -4.1968040e+00  -9.6921877e-01   2.1284569e+00
  -1.9550074e+00   3.3428954e+00   1.2175779e+00
  -5.0002138e+00  -1.5192598e+00   1.4215152e+00
  -1.9870299e+00   2.2571766e+00   2.0902168e+00
  -3.7591142e+00  -4.8527663e-01   2.2624422e+00
  -2.7491661e+00   6.4070001e-01   2.6138456e+00
  -2.0578567e+00   1.4974602e+00   2.7940534e+00
  -2.4394180e+00   1.5693491e+00   2.0557310e+00
  -2.9044996e+00   9.5085270e-01   1.9595442e+00
  -2.6651273e+00   1.4905458e+00   1.7683602e+00
  -3.1309228e+00   8.2586191e-01   1.7196777e+00
  -2.6311887e+00   1.3040597e+00   2.0240183e+00
  -2.6742635e+00   1.1837449e+00   2.0857132e+00
  -2.7987995e+00   2.0887462e+00   9.9540267e-01
  -3.8507513e+00   3.7304719e-01   1.0399057e+00
  -2.6013089e+00   1.5769080e+00   1.7825444e+00
  -2.9717238e+00   9.9198135e-01   1.7998291e+00
  -1.8806753e+00   1.9590577e+00   2.5737939e+00
  -3.2706075e+00   1.3259844e-01   2.3239091e+00
  -2.1221210e+00   1.8826955e+00   2.2496878e+00
  -3.4056372e+00   1.6015669e-01   2.0431904e+00
  -2.0936011e+00   1.7652141e+00   2.4239448e+00
  -2.9451719e+00   6.1439051e-01   2.2915580e+00
  -2.0670188e+00   2.7798939e+00   1.4956135e+00
  -4.2065984e+00  -3.9609749e-01   1.3411146e+00
  -2.3271756e+00   1.6174186e+00   2.1911270e+00
  -3.1077087e+00   5.4307040e-01   2.0917890e+00
  -3.0879650e+00   1.3135673e+00   1.2732905e+00
  -3.3627035e+00   8.3671785e-01   1.3271219e+00
  -3.3747134e+00   8.1627429e-01   1.3295464e+00
  -2.6018191e+00   1.7575496e+00   1.6004850e+00
  -3.6393195e+00   1.4595321e+00   3.0815995e-01
  -3.8264587e+00   8.0937177e-01   6.2820281e-01
  -3.4250195e+00   8.9667620e-01   1.1644585e+00
  -2.9754377e+00   1.3053767e+00   1.4596084e+00
  -3.8078691e+00   5.1049239e-01   9.6105311e-01
  -2.9288260e+00   1.7074491e+00   1.1411127e+00
  -4.1175612e+00   1.1141749e+00  -8.0959750e-02
  -4.0764214e+00   9.5635470e-01   1.1778339e-01
  -4.0133618e+00   4.9902268e-01   6.5094125e-01
  -3.1910394e+00   1.5864048e+00   8.5589505e-01
  -2.8129982e+00   2.2407712e+00   8.4610031e-01
  -3.7796662e+00   6.1045183e-01   9.0090593e-01
  -3.1190371e+00   1.2416712e+00   1.2963483e+00
  -3.4758909e+00   7.1253238e-01   1.2772658e+00
  -4.1890790e+00   4.0403590e-01   4.7667717e-01
  -3.5797329e+00   1.3170630e+00   5.2122975e-01
