  -6.5918413e-01   6.7396670e+00   1.0478768e+00
   1.1157678e-02   9.5519192e+00   9.7951731e-01
  -1.4532274e+00   4.0267425e+00   1.4402428e+00
  -2.3603559e-01   9.5030343e+00   7.1305356e-01
   3.1737678e-01   1.0039740e+01   1.2172541e+00
   3.5958516e-01   9.4810716e+00   1.3904660e+00
  -3.8504180e-01   7.1677112e+00   1.2166509e+00
   1.2850478e+00   1.1320377e+01   2.0478842e+00
  -1.3712074e-01   9.0911385e+00   9.2019581e-01
  -1.1623430e+00   8.6565505e+00  -1.2942182e-01
  -9.9362326e-01   6.8314144e+00   6.0813353e-01
  -4.4217093e-01   9.1597448e+00   5.5937138e-01
  -2.4957790e-01   9.0207526e+00   8.0984368e-01
  -9.2643141e-01   9.4027762e+00  -3.2197417e-02
  -7.6351901e-01   8.8687729e+00   2.6674361e-01
  -5.7127544e-01   9.8244368e+00   2.7466075e-01
  -5.8370118e-01   8.3105477e+00   6.1381955e-01
  -1.0421988e+00   9.4937384e+00  -1.7781830e-01
  -7.1541155e-01   4.3979000e+00   2.2298201e+00
  -7.2338080e-01   5.8945755e+00   1.3384484e+00
   7.6612892e-01   1.0226053e+01   1.6819338e+00
  -8.9670147e-01   5.2680474e+00   1.4360852e+00
   3.9748214e-01   7.6797722e+00   1.9805632e+00
   1.1376385e-01   6.3657570e+00   2.1909095e+00
   6.2029244e-01   9.1347655e+00   1.7793744e+00
  -1.8565874e+00   4.3166644e+00   7.1064724e-01
  -2.5421951e-01   7.2662776e+00   1.3386548e+00
  -1.0848738e+00   5.2257491e+00   1.2121240e+00
  -4.2010047e-03   8.9422711e+00   1.1093773e+00
  -1.8237160e+00   4.8304840e+00   4.6811641e-01
  -3.7384719e-01   9.1121447e+00   6.4735673e-01
  -1.5208000e+00   5.2687285e+00   6.3006745e-01
  -5.1960834e-02   8.5134890e+00   1.1708737e+00
  -2.1921069e+00   4.8290304e+00   4.1743013e-03
   5.7316776e-01   9.9638634e+00   1.5212618e+00
  -1.8192941e+00   2.6914154e+00   1.9478040e+00
   1.1071255e-01   7.3821051e+00   1.7409793e+00
  -7.6466044e-01   3.6223694e+00   2.7682073e+00
   4.5949413e-01   9.2912169e+00   1.5519879e+00
  -2.5103704e+00   2.3231588e+00   1.2219592e+00
  -1.9232324e-01   7.6671517e+00   1.2700540e+00
  -1.8907662e+00   2.7591575e+00   1.7783358e+00
  -3.0820574e-02   9.4057630e+00   9.6555433e-01
  -2.8799376e+00   2.0433968e+00   9.1455545e-01
  -2.7595102e-01   9.2302344e+00   7.2994891e-01
  -2.1385195e+00   2.8922952e+00   1.2987934e+00
  -1.3132360e-01   8.0640293e+00   1.2124672e+00
  -2.4755569e+00   2.7229003e+00   9.4536748e-01
   2.9213117e-01   7.5547061e+00   1.8982129e+00
   1.1320457e+00   8.9428521e+00   2.4394199e+00
   4.6384914e-01   9.3926217e+00   1.5313462e+00
  -7.5635757e-01   7.8874320e+00   5.3628534e-01
  -2.8112360e-01   7.4724164e+00   1.2312994e+00
  -2.2296473e-01   8.2055788e+00   1.0616177e+00
   5.5336390e-03   9.2671534e+00   1.0393720e+00
  -6.4540405e-01   8.5387346e+00   4.8210563e-01
  -4.7628030e-01   9.0673917e+00   5.4257478e-01
  -5.1274616e-01   8.2256349e+00   7.1935320e-01
   4.3521434e-02   8.5316103e+00   1.2767575e+00
  -8.9750121e-01   8.2806969e+00   2.6335125e-01
   8.6123858e-01   9.8531587e+00   1.8742384e+00
  -1.1475175e+00   7.1181584e+00   3.2428287e-01
  -1.1495059e-01   7.6185092e+00   1.3796686e+00
  -4.3812940e-01   7.9172499e+00   8.9781328e-01
   2.8696011e-01   9.2474310e+00   1.3650272e+00
  -1.0007727e+00   7.8560176e+00   2.6350151e-01
   1.4762446e-01   9.7736990e+00   1.0837998e+00
  -6.2656327e-01   7.8126704e+00   7.0989593e-01
   1.4899208e-01   8.3794353e+00   1.4452574e+00
  -1.2389511e+00   7.7921862e+00   8.8790910e-03
  -1.2075317e+00   6.8016459e+00   3.6387137e-01
  -6.6570232e-01   6.9088909e+00   9.7408942e-01
  -7.8481130e-01   8.3951449e+00   3.6116425e-01
  -1.0771616e+00   6.8549396e+00   4.9971468e-01
  -1.3156214e+00   8.1101294e+00  -1.6527124e-01
  -8.6109819e-01   7.0913731e+00   6.7234690e-01
  -1.0831621e+00   7.6768414e+00   2.2145028e-01
  -1.5827347e+00   6.6934824e+00  -4.0837018e-02
  -1.5362755e+00   7.7806849e+00  -3.2613994e-01
  -1.6086087e+00   6.3701937e+00   4.6195402e-02
  -1.9580201e+00   7.4965090e+00  -7.2403597e-01
  -1.3024691e+00   6.6902052e+00   2.9150034e-01
  -1.7939261e+00   7.1151091e+00  -4.2515398e-01
  -1.8898157e+00   6.2343476e+00  -2.3622079e-01
  -9.3812887e-01   8.7690471e+00   9.4647012e-02
  -7.2248057e-01   7.9332547e+00   5.6189310e-01
  -8.3457477e-01   7.9955291e+00   4.1433525e-01
  -1.6124668e+00   7.6045007e+00  -3.6328804e-01
  -1.7624379e+00   7.2766462e+00  -4.3840086e-01
  -2.0459740e+00   8.0960475e+00  -9.7799123e-01
