  -8.4825038e-01   6.9467610e+00   7.3986584e-01
   5.2597388e-02   1.0071352e+01   9.1558199e-01
  -1.5891292e+00   4.0760617e+00   1.2193806e+00
  -5.3213878e-01   9.7971293e+00   3.2311169e-01
   2.5425272e-01   1.0392098e+01   1.0764869e+00
   5.3170452e-01   9.9973331e+00   1.4670949e+00
  -4.6854352e-01   7.7825923e+00   9.0445815e-01
   1.4391022e+00   1.1438175e+01   2.1979566e+00
  -2.4145980e-01   9.3503628e+00   7.4109795e-01
  -1.1878597e+00   8.9599455e+00  -2.2693478e-01
  -1.0120424e+00   7.0709853e+00   5.0027018e-01
  -1.6009833e-01   9.4177721e+00   8.1721894e-01
  -3.2169299e-01   8.9127829e+00   7.5471690e-01
  -6.5685331e-01   9.8680535e+00   1.7221896e-01
  -8.5580492e-01   9.2909621e+00   6.9151145e-02
  -5.2490104e-01   1.0004773e+01   2.9111207e-01
  -7.5323725e-01   8.6141613e+00   3.4052474e-01
  -9.4236633e-01   9.9550768e+00  -1.5592728e-01
  -9.0063899e-01   4.4017705e+00   1.9619421e+00
  -9.3558537e-01   6.1466515e+00   9.5486617e-01
   6.5270152e-01   1.0575826e+01   1.4835250e+00
  -7.2171302e-01   5.6496524e+00   1.4626453e+00
   2.0828773e-01   8.2136119e+00   1.5669992e+00
   2.3774752e-01   6.5339270e+00   2.2702028e+00
   5.3862292e-01   9.4075562e+00   1.6134334e+00
  -1.8776807e+00   4.5586260e+00   5.4505102e-01
  -2.5189229e-01   7.4296774e+00   1.2816968e+00
  -7.2263428e-01   5.8134355e+00   1.3790151e+00
  -1.2975075e-01   8.7483902e+00   1.0162749e+00
  -1.5419504e+00   5.2872215e+00   5.9424475e-01
  -4.7473227e-01   9.6234061e+00   4.2161843e-01
  -1.4263434e+00   5.5536479e+00   6.1178081e-01
  -1.7031832e-01   8.8248218e+00   9.4964547e-01
  -2.0284027e+00   5.2083343e+00   2.5235102e-02
   3.7267434e-01   1.0220211e+01   1.2418875e+00
  -1.6126614e+00   2.9610236e+00   2.0278897e+00
  -6.6995276e-02   7.9727176e+00   1.3176323e+00
  -7.6131186e-01   3.5832481e+00   2.8079507e+00
   2.5339288e-01   9.4333339e+00   1.2810404e+00
  -2.5269201e+00   2.4290033e+00   1.1079492e+00
  -2.2459084e-01   7.7929736e+00   1.1893451e+00
  -1.7223020e+00   2.9227510e+00   1.8933840e+00
  -1.5113644e-01   9.1646305e+00   8.8643925e-01
  -2.5216325e+00   2.4235065e+00   1.1203084e+00
  -2.9466333e-01   9.8928622e+00   5.6634318e-01
  -2.0729473e+00   2.9805048e+00   1.3243055e+00
  -2.7124552e-01   8.3154716e+00   9.7309748e-01
  -2.3853538e+00   2.8698412e+00   9.6063594e-01
   9.0797160e-02   8.0119413e+00   1.4925027e+00
   1.3566174e+00   9.3744966e+00   2.5773249e+00
   2.2276465e-01   9.4652317e+00   1.2386406e+00
  -7.6893624e-01   8.3208857e+00   3.9902670e-01
  -4.2061906e-01   7.5874345e+00   1.0249995e+00
   2.4976956e-02   8.6209224e+00   1.2297844e+00
  -3.8440076e-02   9.0651143e+00   1.0389356e+00
  -3.4711387e-01   9.1601220e+00   6.6618574e-01
  -5.8884647e-01   9.3934914e+00   3.4339556e-01
  -3.8769152e-01   8.6401693e+00   7.4937897e-01
  -3.2894043e-01   8.5577123e+00   8.3870306e-01
  -9.2728517e-01   8.6938677e+00   1.2478980e-01
   6.6536063e-01   1.0046887e+01   1.6071091e+00
  -1.1397637e+00   7.5247510e+00   2.0220473e-01
  -1.9955881e-01   7.6687017e+00   1.2608743e+00
  -8.7357188e-02   8.2363064e+00   1.2110391e+00
   1.2214845e-01   8.9344224e+00   1.2565698e+00
  -6.7214583e-01   8.4712894e+00   4.6931862e-01
  -1.3925331e-01   1.0064153e+01   7.0443172e-01
  -5.6787549e-01   8.2656499e+00   6.4451003e-01
  -1.2349320e-01   8.5269945e+00   1.0840868e+00
  -1.1629215e+00   8.3265981e+00  -4.9074038e-02
  -1.0969243e+00   6.9927491e+00   4.2709999e-01
  -4.6328683e-01   6.9838573e+00   1.1913902e+00
  -8.4381046e-01   8.2376864e+00   3.3608993e-01
  -7.5264295e-01   7.3427193e+00   7.1396512e-01
  -1.4341495e+00   8.5924244e+00  -4.1702843e-01
  -7.5297637e-01   7.3930599e+00   6.9659816e-01
  -1.2501375e+00   7.9245588e+00  -4.1058220e-02
  -1.4686159e+00   6.9931252e+00  -9.6971060e-03
  -1.5369635e+00   7.5917741e+00  -2.7375651e-01
  -1.2378912e+00   6.7795820e+00   3.3577515e-01
  -2.1451222e+00   7.9291181e+00  -1.0470323e+00
  -1.2982024e+00   6.7365110e+00   2.7974334e-01
  -1.9723651e+00   7.3075295e+00  -6.8644893e-01
  -1.8301141e+00   6.3457435e+00  -2.0705924e-01
  -9.7810490e-01   9.2650913e+00  -6.0611026e-02
  -5.6941617e-01   8.2809938e+00   6.3844622e-01
  -1.0353206e+00   8.2023202e+00   1.2764353e-01
  -1.4498209e+00   8.0946826e+00  -3.1246707e-01
  -2.0133450e+00   7.4345681e+00  -7.6909906e-01
  -1.9559033e+00   8.6800002e+00  -1.0116188e+00
