  -4.1243655e+00  -1.3600594e+00   2.8900569e+00
  -1.9307369e+00   1.5446783e+00   2.9657539e+00
  -4.0715928e+00  -1.3585328e+00   3.0002675e+00
  -1.7742922e+00   1.7203467e+00   3.0350645e+00
  -3.2638822e+00  -1.5958288e-02   2.5394100e+00
  -2.8405992e+00   5.3560786e-01   2.5829890e+00
  -3.7005915e+00  -8.0391503e-01   2.8572171e+00
  -1.9239001e+00   1.5357646e+00   2.9891539e+00
  -3.2223631e+00   3.9178409e-01   2.0767163e+00
  -3.5593798e+00  -3.7861830e-03   1.9787117e+00
  -3.7820673e+00  -1.3383268e-02   1.5997974e+00
  -3.5444794e+00   2.0325328e-01   1.7454787e+00
  -3.4287163e+00  -3.5602167e-01   2.7120306e+00
  -2.5252360e+00   8.6152579e-01   2.7395131e+00
  -3.7348428e+00  -2.0695370e-01   1.9280467e+00
  -3.1212324e+00   6.2781673e-01   1.9656294e+00
  -3.6371657e+00  -1.7360103e-01   2.0607049e+00
  -2.8869565e+00   8.7204163e-01   2.0810658e+00
  -3.2492636e+00  -6.0048020e-01   3.4763114e+00
  -2.0768194e+00   9.5656053e-01   3.4688253e+00
  -2.1674259e+00   1.0152586e+00   3.2093423e+00
  -3.5815203e+00  -8.4497270e-01   3.1742595e+00
  -2.6527849e+00   2.3637944e-01   3.3758450e+00
  -2.4641539e+00   4.4510941e-01   3.4430346e+00
  -2.2789941e+00   1.2148587e+00   2.7414515e+00
  -3.8651463e+00  -8.8020780e-01   2.6433293e+00
  -2.9415397e+00   7.3444123e-01   2.1502693e+00
  -3.5620997e+00  -1.8481940e-01   2.2135209e+00
  -3.0645557e+00  -6.8157029e-02   3.0042024e+00
  -2.8783136e+00   1.9537574e-01   2.9832195e+00
  -3.0024056e+00   5.1008031e-01   2.3205495e+00
  -3.6604540e+00  -4.0197882e-01   2.3310279e+00
  -2.8492550e+00   5.2820273e-01   2.5767458e+00
  -3.4136755e+00  -2.0869651e-01   2.5262007e+00
  -1.8954411e+00   1.5343925e+00   3.0428245e+00
  -3.8305420e+00  -1.1041189e+00   3.0808494e+00
  -2.3514532e+00   6.7191109e-01   3.3331474e+00
  -2.9042876e+00  -1.5436305e-01   3.4711667e+00
  -1.8501614e+00   1.9470049e+00   2.6392118e+00
  -4.1003812e+00  -1.1405531e+00   2.5788952e+00
  -2.2903037e+00   1.8036614e+00   2.0548909e+00
  -4.4533023e+00  -1.3380319e+00   2.1851479e+00
  -2.7036276e+00   5.6674096e-01   2.7974691e+00
  -3.6006925e+00  -6.8865130e-01   2.8784021e+00
  -2.4056089e+00   1.4911446e+00   2.1972768e+00
  -4.1207857e+00  -9.7073241e-01   2.2768504e+00
  -2.4982222e+00   9.7234421e-01   2.6472335e+00
  -3.4299410e+00  -3.3113963e-01   2.6726501e+00
  -3.2438193e+00  -5.2870683e-01   3.3658985e+00
  -2.1585391e+00   7.9000252e-01   3.5476472e+00
  -2.7631497e+00   8.5437786e-01   2.3185907e+00
  -3.5596241e+00  -2.0398706e-01   2.2442787e+00
  -3.0333902e+00   6.0863172e-01   2.1421538e+00
  -3.4039024e+00  -4.2288577e-02   2.3128836e+00
  -3.2665832e+00  -3.1175873e-01   2.9688862e+00
  -2.4417324e+00   7.3051874e-01   3.0728216e+00
  -3.5581138e+00   1.6697924e-02   1.9546417e+00
  -3.3127632e+00   2.6819003e-01   2.0715070e+00
  -3.1846072e+00   1.4902554e-01   2.4611995e+00
  -2.9902681e+00   3.7893592e-01   2.5135007e+00
  -2.1427919e+00   1.2405798e+00   2.9581219e+00
  -3.7739323e+00  -8.7126502e-01   2.8144805e+00
  -2.6956755e+00   8.3479878e-01   2.4630705e+00
  -3.5521074e+00  -3.8523367e-01   2.5142547e+00
  -2.7337593e+00   1.8772511e-01   3.2846622e+00
  -2.6676926e+00   3.0640963e-01   3.2389062e+00
  -2.7675244e+00   6.6050862e-01   2.5543111e+00
  -3.4021405e+00  -1.9654342e-01   2.5309515e+00
  -2.9976147e+00   1.5463547e-01   2.8088987e+00
  -3.0079833e+00   1.8654110e-01   2.7436209e+00
  -3.7375320e+00   1.6199095e-01   1.4650947e+00
  -3.2898975e+00   5.8216367e-01   1.7306176e+00
  -4.1121957e+00  -9.3144660e-01   2.2350398e+00
  -2.1262824e+00   1.6455510e+00   2.5013080e+00
  -4.0094549e+00  -3.2416998e-01   1.5922013e+00
  -3.0238040e+00   8.3856765e-01   1.8857163e+00
  -4.0384711e+00  -4.9936362e-01   1.7676325e+00
  -2.7539913e+00   1.1396541e+00   2.0003704e+00
  -4.4266694e+00  -1.0831114e+00   1.8596667e+00
  -2.4716795e+00   1.6392318e+00   1.9288652e+00
  -4.8147413e+00  -1.0299571e+00   1.0942503e+00
  -3.1624986e+00   1.2571316e+00   1.2125519e+00
  -4.5853213e+00  -9.1440732e-01   1.3432368e+00
  -2.9794710e+00   1.3665383e+00   1.3913068e+00
  -3.6813236e+00   1.1340617e-01   1.6187565e+00
  -3.0985465e+00   8.8601995e-01   1.7063460e+00
  -3.9400452e+00  -4.6954198e-01   1.9055921e+00
  -3.1605258e+00   5.9942082e-01   1.9316003e+00
  -4.9157737e+00  -1.2467241e+00   1.2009090e+00
  -3.1923028e+00   1.2589054e+00   1.1642156e+00
