  -7.0993166e-01   6.7733630e+00   9.7268817e-01
   1.7106667e-01   1.0640786e+01   9.3888037e-01
  -1.4168850e+00   4.3823833e+00   1.2587660e+00
  -2.5063201e-01   1.0351318e+01   5.2807021e-01
   1.1580179e-01   1.0307035e+01   9.3953367e-01
   2.3237890e-01   1.0468036e+01   1.0379442e+00
  -4.3514553e-01   8.5513893e+00   7.1864354e-01
   1.4348600e+00   1.1425594e+01   2.1954861e+00
  -4.3796039e-01   8.5670504e+00   7.1124940e-01
  -1.0858020e+00   9.5322962e+00  -2.3318525e-01
  -7.2071935e-01   7.1615167e+00   8.1486996e-01
   5.3250231e-01   1.0003739e+01   1.4665957e+00
  -5.3483013e-01   8.7929268e+00   5.4291018e-01
  -7.5004090e-01   1.0148523e+01   1.8901587e-02
  -6.8458261e-01   1.0274806e+01   6.8035416e-02
  -1.0977634e+00   1.0007485e+01  -3.3403450e-01
  -9.5048671e-01   8.9309041e+00   4.3219437e-02
  -1.2350545e+00   9.8955371e+00  -4.6316779e-01
  -9.2783472e-01   4.5078781e+00   1.8521673e+00
  -8.2702889e-01   6.4569994e+00   9.5676160e-01
   6.0352714e-01   1.0799002e+01   1.3869843e+00
  -1.0514225e+00   5.7557187e+00   9.8792674e-01
   1.1063410e-01   9.1488506e+00   1.1880860e+00
   2.2625587e-01   7.1642352e+00   1.9715890e+00
   4.2864392e-01   8.9739443e+00   1.6004797e+00
  -1.6158248e+00   5.2560634e+00   5.1638875e-01
  -5.4331376e-02   7.5780422e+00   1.4670587e+00
  -1.2510771e-01   7.1373570e+00   1.5459454e+00
  -3.0947757e-01   8.6294747e+00   8.4174242e-01
  -1.4565985e+00   6.0701588e+00   3.4724217e-01
  -2.1047393e-01   1.0856627e+01   4.8589908e-01
  -1.8420304e+00   5.7270811e+00   2.2950225e-02
  -2.9204584e-01   9.2840469e+00   6.9940474e-01
  -2.1071833e+00   5.5241913e+00  -2.1168519e-01
   3.0333774e-01   1.0345346e+01   1.1399123e+00
  -1.9232301e+00   2.8355097e+00   1.6638934e+00
  -1.1169271e-01   8.7672711e+00   1.0319925e+00
  -7.5760047e-01   3.9413144e+00   2.5121135e+00
   1.5217419e-02   8.6597560e+00   1.2076128e+00
  -2.0902406e+00   3.0363067e+00   1.2556049e+00
  -3.7895473e-02   7.6171670e+00   1.4729849e+00
  -9.8226750e-01   3.7404405e+00   2.3340087e+00
  -2.6580556e-01   8.9129844e+00   8.1817810e-01
  -2.2695762e+00   2.9594913e+00   1.0572384e+00
  -1.4671158e-01   1.0817850e+01   5.6142877e-01
  -2.4499580e+00   2.9330292e+00   8.2143852e-01
  -3.7441152e-01   8.5851382e+00   7.7917185e-01
  -2.4013908e+00   3.0545935e+00   7.9998126e-01
   6.8622634e-02   8.7698252e+00   1.2390741e+00
   1.3040559e+00   1.0211253e+01   2.2970795e+00
  -1.2619754e-02   8.8047511e+00   1.1359216e+00
  -6.4493262e-01   9.2118662e+00   3.2063520e-01
  -1.9788245e-01   7.4159642e+00   1.3518651e+00
   7.8823296e-01   1.0032572e+01   1.7494757e+00
  -2.6107389e-01   8.8088658e+00   8.5006074e-01
  -4.6323805e-01   9.6410922e+00   4.3070629e-01
  -3.1595497e-01   1.0353923e+01   4.5610495e-01
  -9.6103768e-01   8.6898954e+00   8.7876753e-02
  -4.5533544e-01   9.0296323e+00   5.7509178e-01
  -1.1990675e+00   9.0893477e+00  -2.6731788e-01
   5.9873878e-01   9.4962481e+00   1.6602677e+00
  -8.0747185e-01   8.4518952e+00   3.2057404e-01
   2.7838396e-01   7.7699620e+00   1.8017004e+00
   7.7336822e-01   9.3396932e+00   1.9021857e+00
   8.8459184e-02   8.8746963e+00   1.2336446e+00
  -6.3388724e-01   8.8526576e+00   4.1636889e-01
   1.1841998e-01   1.1009593e+01   8.1863555e-01
  -9.1774644e-01   8.5569110e+00   1.6914317e-01
  -9.0534408e-02   9.0801182e+00   9.7586648e-01
  -1.1921454e+00   8.5455406e+00  -1.3621051e-01
  -7.7150842e-01   7.0787014e+00   7.8379900e-01
   1.0753546e-01   7.9273211e+00   1.5406690e+00
  -1.0142033e+00   8.3054354e+00   1.2437293e-01
  -6.6198189e-01   8.1747950e+00   5.6181011e-01
  -1.1993865e+00   9.6857538e+00  -3.8643357e-01
  -1.2201683e+00   7.6537080e+00   7.0611381e-02
  -1.3248474e+00   8.2845694e+00  -2.2055101e-01
  -1.5381635e+00   7.3481754e+00  -2.0311011e-01
  -1.5800892e+00   7.4524874e+00  -2.8238381e-01
  -1.0995350e+00   7.3275158e+00   3.1123730e-01
  -1.7619676e+00   9.0067297e+00  -8.6775709e-01
  -1.5436801e+00   6.9938729e+00  -9.7357447e-02
  -1.9570097e+00   7.7380882e+00  -7.8849868e-01
  -1.9231614e+00   6.5425066e+00  -3.8652062e-01
  -7.4129316e-01   1.0200495e+01   1.9289343e-02
  -1.0710938e+00   8.4401392e+00   2.5622372e-02
  -1.0749318e+00   8.7210813e+00  -4.7027432e-02
  -1.6103847e+00   8.1089404e+00  -4.9629693e-01
  -2.2379468e+00   7.7771214e+00  -1.1119475e+00
  -2.1888026e+00   9.3257869e+00  -1.3912980e+00
