  -1.5027766e+00   4.4610311e+00   1.0947419e+00
  -7.0133291e-01   6.5190021e+00   1.0858634e+00
  -2.3279498e+00   3.4365580e+00   6.3369433e-01
  -1.5750438e+00   6.1946980e+00   1.5396104e-01
  -3.5270613e-01   6.8311126e+00   1.3878395e+00
  -3.2353129e-01   6.7248243e+00   1.4681234e+00
  -6.9118619e-01   5.8475002e+00   1.4026621e+00
   3.5236673e-01   7.0871587e+00   2.1633227e+00
  -1.2436449e+00   4.2973006e+00   1.5509698e+00
  -5.1357056e-01   6.4576754e+00   1.3452887e+00
  -1.6805337e+00   5.1295115e+00   4.9721143e-01
  -1.7321474e+00   5.6510558e+00   1.8947348e-01
  -1.2102745e+00   4.4897322e+00   1.4729474e+00
  -3.3045650e-01   7.0181410e+00   1.3404545e+00
  -1.3868811e+00   5.3435209e+00   7.6276124e-01
  -1.3725623e+00   6.1794286e+00   4.0444247e-01
  -1.5362715e+00   4.8156081e+00   8.4640741e-01
  -8.8894707e-01   6.8514578e+00   7.2629442e-01
  -1.4653661e+00   4.1221377e+00   1.3595218e+00
  -2.4801197e+00   2.9756212e+00   7.4765413e-01
   2.7525894e-01   7.3540802e+00   1.9555277e+00
  -1.8056075e+00   2.9853666e+00   1.7146975e+00
  -3.3469621e-01   5.9471423e+00   1.8148821e+00
  -5.8185836e-01   4.5366443e+00   2.3245250e+00
  -3.7971574e-01   4.9113165e+00   2.3576810e+00
  -1.4526788e+00   3.0922362e+00   2.1597357e+00
  -8.5565475e-01   5.5008661e+00   1.3654370e+00
  -2.2640864e+00   3.0447005e+00   1.0005698e+00
  -8.5514406e-01   4.6435686e+00   1.8647906e+00
  -1.2665059e+00   3.8250758e+00   1.8486050e+00
  -9.9331591e-01   5.9463973e+00   9.7241375e-01
  -2.4666969e+00   3.0342866e+00   7.2362642e-01
  -8.9357199e-01   5.2494943e+00   1.4504126e+00
  -2.0351810e+00   3.2825752e+00   1.1482974e+00
   5.6583808e-02   7.4122886e+00   1.6629824e+00
  -2.6772752e+00   1.1369998e+00   2.1337933e+00
  -3.4228339e-01   6.2618014e+00   1.6507381e+00
  -1.8017842e+00   2.0415314e+00   2.6182606e+00
  -5.7348812e-01   5.0056139e+00   2.0255981e+00
  -1.9582172e+00   1.9418021e+00   2.4610418e+00
  -7.2910419e-01   6.1134095e+00   1.2282816e+00
  -3.3000859e+00   9.3370285e-01   1.3252204e+00
  -1.0778790e+00   4.7149945e+00   1.5136606e+00
  -2.2153881e+00   1.9598168e+00   2.0173169e+00
  -1.0391178e+00   6.0884911e+00   8.5178525e-01
  -3.0211884e+00   1.5605929e+00   1.1373586e+00
  -9.6006653e-01   5.0491383e+00   1.4746814e+00
  -2.4135004e+00   1.9003333e+00   1.7587879e+00
  -1.2504686e-01   5.9030186e+00   2.1147273e+00
   4.3137598e-01   6.1678604e+00   2.7197994e+00
  -8.6516401e-01   4.5816047e+00   1.8912544e+00
  -3.7590868e-01   6.0119164e+00   1.7284990e+00
  -1.0348211e+00   5.3974799e+00   1.1866533e+00
  -1.3711477e+00   5.3320860e+00   7.8843457e-01
  -8.5457855e-01   4.6272914e+00   1.8761520e+00
  -1.0988942e-01   6.2633704e+00   1.9496532e+00
  -1.1354738e+00   5.6025730e+00   9.5487255e-01
  -1.4067861e+00   5.3865408e+00   7.1636100e-01
  -1.1193189e+00   4.9932987e+00   1.2947456e+00
  -9.4558436e-01   5.9666139e+00   1.0230604e+00
  -3.1828811e-01   4.9466330e+00   2.4215292e+00
  -7.4957142e-01   4.8342894e+00   1.8894367e+00
  -8.4494901e-01   5.4900024e+00   1.3850479e+00
  -1.6904382e+00   4.6456158e+00   7.3982073e-01
  -3.4638271e-01   4.9868122e+00   2.3551305e+00
  -5.0400183e-01   5.4162208e+00   1.8762590e+00
  -7.1974379e-01   6.0564298e+00   1.2663774e+00
  -1.6521615e+00   4.8668702e+00   6.6870120e-01
  -9.8186480e-01   4.8512824e+00   1.5613568e+00
  -1.1918370e+00   5.4471692e+00   9.5955077e-01
  -1.8725180e+00   4.9414930e+00   3.4907684e-01
  -1.8406976e+00   4.8399422e+00   4.4153746e-01
  -1.5137416e+00   4.3054253e+00   1.1755219e+00
  -6.3080558e-01   5.3564265e+00   1.7400712e+00
  -1.9810199e+00   4.9506401e+00   2.0793294e-01
  -1.8000091e+00   4.7299720e+00   5.5178267e-01
  -2.0626757e+00   4.2708654e+00   4.6719727e-01
  -1.4353677e+00   5.1904213e+00   7.7800019e-01
  -2.2207326e+00   3.6130859e+00   6.6187593e-01
  -1.0060300e+00   5.3007565e+00   1.2749355e+00
  -2.5917747e+00   4.4814915e+00  -3.1966759e-01
  -2.1303827e+00   4.5788593e+00   2.1003641e-01
  -2.7249860e+00   3.7310162e+00  -7.7836121e-02
  -1.6236083e+00   5.2273882e+00   5.2062765e-01
  -1.4974645e+00   5.5453490e+00   5.2686020e-01
  -1.5398665e+00   5.2945384e+00   5.9328917e-01
  -1.7010992e+00   4.6222380e+00   7.3900319e-01
  -1.5171518e+00   5.1431722e+00   6.9769035e-01
  -2.7426352e+00   3.7901842e+00  -1.3520041e-01
  -1.9389095e+00   5.7743485e+00  -1.1383640e-01
