  -1.7597993e+00   3.0168114e+00   1.7571600e+00
   1.1947118e-01   6.4964294e+00   2.1343007e+00
  -2.4145431e+00   1.5756445e+00   2.0903133e+00
   2.7220998e-01   6.7089589e+00   2.2311753e+00
  -4.5872113e-01   5.8690689e+00   1.6927477e+00
   1.7445394e-01   6.2064341e+00   2.3526185e+00
  -1.3470101e+00   3.9094677e+00   1.6715722e+00
   8.1843851e-01   7.1180384e+00   2.7493560e+00
  -1.3115819e+00   3.7096459e+00   1.8695989e+00
  -3.1300632e-01   5.9590645e+00   1.8371695e+00
  -1.4243749e+00   3.5673587e+00   1.8133877e+00
   1.1920469e-02   6.1173536e+00   2.1833155e+00
  -1.1774262e+00   4.5639011e+00   1.4713409e+00
  -5.5781819e-01   6.1635510e+00   1.4219214e+00
  -1.5272587e+00   4.2992491e+00   1.1610758e+00
  -6.3101650e-01   6.1806276e+00   1.3213250e+00
  -1.3761993e+00   4.4252207e+00   1.2872807e+00
  -5.3576837e-01   6.1774178e+00   1.4434877e+00
  -1.6186522e+00   2.1719673e+00   2.7891111e+00
  -5.6909758e-01   3.8700832e+00   2.8606580e+00
   7.2407067e-02   6.0271234e+00   2.3117758e+00
  -1.0780942e+00   3.0968541e+00   2.7470066e+00
  -6.7929593e-01   4.4469285e+00   2.2471883e+00
  -2.5559207e-01   4.1616453e+00   3.1037361e+00
  -3.7994571e-01   4.3605886e+00   2.7521277e+00
  -1.2468172e+00   2.8152613e+00   2.7443165e+00
  -6.1384416e-01   4.1737671e+00   2.5455211e+00
  -7.4073375e-01   3.4838146e+00   2.9304262e+00
  -8.8988441e-01   4.6339636e+00   1.8226782e+00
  -1.5518390e+00   3.1748895e+00   1.9382272e+00
  -1.1374587e+00   4.6813137e+00   1.4533812e+00
  -1.6280660e+00   3.3238118e+00   1.7041592e+00
  -8.3334585e-01   4.7017474e+00   1.8575948e+00
  -1.6846590e+00   3.0740974e+00   1.8222458e+00
   5.5174747e-03   6.4476745e+00   2.0099925e+00
  -2.0471868e+00   1.3434986e+00   3.0036745e+00
  -5.2444000e-01   4.9507362e+00   2.1283158e+00
  -1.5135929e+00   1.8055234e+00   3.4090977e+00
  -3.6089269e-01   4.7325150e+00   2.5065582e+00
  -1.9254467e+00   1.5135235e+00   3.0138601e+00
  -5.2731239e-01   4.5465931e+00   2.3964550e+00
  -1.8018615e+00   1.5943012e+00   3.1399800e+00
  -8.7777300e-01   5.1391132e+00   1.5331455e+00
  -2.7487159e+00   1.0707089e+00   2.0876511e+00
  -1.0043936e+00   5.1822147e+00   1.3412640e+00
  -2.3458057e+00   1.7065474e+00   2.0650338e+00
  -8.0278753e-01   4.7344551e+00   1.8790671e+00
  -2.0784227e+00   1.8051535e+00   2.4059877e+00
  -8.1006178e-01   4.1627868e+00   2.2631076e+00
   7.0028938e-01   5.8778132e+00   3.2695012e+00
  -7.7384783e-01   4.2015020e+00   2.2874583e+00
  -1.8722709e-01   5.4238488e+00   2.3029147e+00
  -7.8117931e-01   3.9984530e+00   2.4313747e+00
   2.1994899e-01   5.6385070e+00   2.7383654e+00
  -8.3801083e-01   4.7906816e+00   1.7948143e+00
  -4.5731372e-01   5.5350549e+00   1.8721741e+00
  -1.2989609e+00   4.5183640e+00   1.3343485e+00
  -6.6123309e-01   5.4987252e+00   1.6212905e+00
  -8.0553671e-01   4.7243633e+00   1.8817099e+00
  -5.0124297e-01   5.4206550e+00   1.8774527e+00
  -1.3617657e-01   4.6765920e+00   2.8773426e+00
  -5.9321391e-01   4.3173193e+00   2.4670641e+00
  -4.6746702e-01   4.2192304e+00   2.7304261e+00
  -9.3733854e-02   4.9660378e+00   2.7312787e+00
  -4.4546011e-01   5.0678484e+00   2.1642119e+00
  -8.8655547e-01   4.6647830e+00   1.8074795e+00
  -6.6118583e-01   5.1163774e+00   1.8379668e+00
  -9.6445939e-01   4.6682729e+00   1.6976687e+00
  -6.4282602e-01   4.6652949e+00   2.1487421e+00
  -9.0868628e-01   4.7079558e+00   1.7494464e+00
  -1.6993775e+00   3.4222772e+00   1.5242600e+00
  -3.1806114e-01   5.0299532e+00   2.3669794e+00
  -1.7106775e+00   4.1403352e+00   1.0126474e+00
  -8.6026992e-01   4.8144841e+00   1.7494127e+00
  -2.0808240e+00   3.9059670e+00   6.6228001e-01
  -1.0607844e+00   4.7640726e+00   1.5070350e+00
  -1.9385203e+00   3.8594804e+00   8.8355883e-01
  -1.0872077e+00   4.7120866e+00   1.5027717e+00
  -2.3075285e+00   3.8067361e+00   4.2239829e-01
  -1.4499753e+00   4.5856803e+00   1.0909238e+00
  -2.7760929e+00   3.3586169e+00   8.3797279e-02
  -1.3584706e+00   4.8579284e+00   1.0554344e+00
  -2.5703692e+00   3.4424489e+00   3.0320199e-01
  -1.3318214e+00   4.9050201e+00   1.0641337e+00
  -1.7327071e+00   4.3353091e+00   8.6352227e-01
  -8.8107211e-01   5.3899935e+00   1.3906967e+00
  -1.5798241e+00   4.1912110e+00   1.1578532e+00
  -1.1080603e+00   4.8013342e+00   1.4209139e+00
  -2.6600858e+00   3.3603685e+00   2.3667982e-01
  -1.5953105e+00   5.1752106e+00   5.8221366e-01
