  -3.2472312e+00   7.5335181e-03   2.5381696e+00
  -1.3154440e+00   2.7128298e+00   2.7331141e+00
  -3.4753043e+00   1.2988176e-01   1.9577100e+00
  -2.2171167e+00   2.2994475e+00   1.6879638e+00
  -2.4054342e+00   1.9662165e+00   1.7074742e+00
  -2.6660046e+00   1.5437305e+00   1.7121126e+00
  -2.6504476e+00   1.1826820e+00   2.1274582e+00
  -1.7809681e+00   2.3656264e+00   2.3161339e+00
  -2.7134547e+00   1.3235110e+00   1.8658433e+00
  -2.7100332e+00   1.5656043e+00   1.6192924e+00
  -3.0187121e+00   1.2250917e+00   1.4728554e+00
  -2.8499991e+00   1.4092713e+00   1.5540293e+00
  -2.8151587e+00   1.4017422e+00   1.6176556e+00
  -2.6696222e+00   1.7382884e+00   1.5125640e+00
  -2.8200487e+00   2.1261914e+00   9.3196728e-01
  -3.5297791e+00   1.1138787e+00   7.8531792e-01
  -2.8618938e+00   1.9830245e+00   9.9363095e-01
  -3.3296625e+00   1.4152681e+00   8.0451407e-01
  -2.5852614e+00   1.0553759e+00   2.3892918e+00
  -2.9712330e+00   6.8892529e-01   2.1533966e+00
  -1.3706292e+00   3.0107247e+00   2.3599448e+00
  -3.7936006e+00  -5.8789546e-01   2.3438967e+00
  -1.8613024e+00   1.9512368e+00   2.6154530e+00
  -2.5695648e+00   7.8307767e-01   2.7598048e+00
  -1.7556295e+00   2.1829056e+00   2.5448937e+00
  -3.3294300e+00   3.8078707e-03   2.3886888e+00
  -2.2317690e+00   1.9607508e+00   1.9898879e+00
  -3.1311460e+00   5.7174610e-01   2.0158006e+00
  -2.3814717e+00   1.8146716e+00   1.8953694e+00
  -3.4476457e+00   2.4093388e-01   1.8676412e+00
  -2.2067903e+00   2.8970149e+00   1.1959177e+00
  -4.4706188e+00  -6.1187111e-01   1.1572093e+00
  -1.9878585e+00   2.6681930e+00   1.7097686e+00
  -4.0482009e+00  -3.4427238e-01   1.5499934e+00
  -1.2199691e+00   3.3994413e+00   2.2539156e+00
  -4.1666429e+00  -1.1529067e+00   2.4651223e+00
  -1.6424928e+00   2.4394286e+00   2.4686259e+00
  -3.3763208e+00  -3.5475309e-01   2.8140383e+00
  -1.6874531e+00   2.5963460e+00   2.2426703e+00
  -3.5971084e+00  -3.1131884e-01   2.3228882e+00
  -1.7721796e+00   2.8871642e+00   1.8481138e+00
  -4.2819542e+00  -1.0363185e+00   2.0644067e+00
  -2.0634107e+00   2.4811111e+00   1.7600122e+00
  -4.3889881e+00  -1.0762417e+00   1.9202379e+00
  -1.7838653e+00   3.6935165e+00   1.2077205e+00
  -4.9812476e+00  -1.4437097e+00   1.3508197e+00
  -1.8102821e+00   2.9153261e+00   1.7664155e+00
  -4.2164323e+00  -8.0388772e-01   1.8565589e+00
  -2.2634915e+00   1.4378359e+00   2.5014051e+00
  -2.0177810e+00   1.6100821e+00   2.7313890e+00
  -2.2902395e+00   1.7279673e+00   2.1342638e+00
  -2.6074327e+00   1.3608712e+00   2.0014198e+00
  -2.6365274e+00   1.5743390e+00   1.7283121e+00
  -2.6714687e+00   1.4577484e+00   1.7922411e+00
  -2.4570934e+00   1.6717121e+00   1.9189595e+00
  -2.6676793e+00   1.3686643e+00   1.8929190e+00
  -2.5809377e+00   2.4098965e+00   1.0445997e+00
  -3.6848712e+00   6.4532844e-01   1.0141753e+00
  -2.5218650e+00   2.1727952e+00   1.3362266e+00
  -3.3726851e+00   9.5615316e-01   1.1860305e+00
  -1.6989587e+00   2.2056033e+00   2.6161830e+00
  -3.0239077e+00   4.6168232e-01   2.3436156e+00
  -2.1312486e+00   1.8776872e+00   2.2398132e+00
  -2.8962716e+00   7.5811984e-01   2.2010006e+00
  -1.9622216e+00   2.0787699e+00   2.3098070e+00
  -2.9073900e+00   8.1522466e-01   2.1129186e+00
  -1.9445940e+00   2.9995802e+00   1.4968429e+00
  -4.0016434e+00  -5.0281499e-02   1.2711507e+00
  -2.1451475e+00   2.2632818e+00   1.8336486e+00
  -3.5243283e+00   4.0658670e-01   1.5385488e+00
  -3.0306102e+00   1.4161713e+00   1.2617682e+00
  -3.0214919e+00   1.2097975e+00   1.4842280e+00
  -3.3699530e+00   1.0193937e+00   1.1257137e+00
  -2.6501498e+00   1.8209412e+00   1.4635529e+00
  -3.3732577e+00   1.8285058e+00   3.7897155e-01
  -3.7103637e+00   9.5016675e-01   6.6811612e-01
  -3.2975464e+00   1.5769125e+00   7.0567472e-01
  -3.4565406e+00   1.1095401e+00   9.0155682e-01
  -3.7781769e+00   7.1879760e-01   7.9238953e-01
  -2.9115833e+00   1.9234520e+00   9.7196610e-01
  -3.8015961e+00   1.5781125e+00  -2.3151827e-02
  -3.9475711e+00   1.1208248e+00   1.5798884e-01
  -3.7654794e+00   1.2290490e+00   3.2704742e-01
  -3.5816256e+00   1.4281182e+00   4.1944137e-01
  -2.5659388e+00   2.6496225e+00   8.7325810e-01
  -3.6897277e+00   8.0252025e-01   8.4523839e-01
  -2.9383057e+00   1.9361935e+00   9.2109198e-01
  -3.9598426e+00   4.4272215e-01   7.9241174e-01
  -3.9409896e+00   1.2207742e+00   7.9740574e-02
  -4.1492467e+00   9.5814420e-01   1.0454797e-02
