  -2.4091893e+00   1.4055850e+00   2.2867464e+00
  -1.5606898e+00   3.0167186e+00   2.0592418e+00
  -2.8333280e+00   9.4674119e-01   2.0859946e+00
  -1.7476568e+00   3.0234000e+00   1.7698839e+00
  -1.5031352e+00   3.1677007e+00   2.0179262e+00
  -2.1134615e+00   2.2883750e+00   1.8597534e+00
  -2.1527566e+00   1.7603833e+00   2.3291720e+00
  -5.7424993e-01   3.8190722e+00   2.8963947e+00
  -1.9152021e+00   2.8316117e+00   1.6792574e+00
  -2.7995027e+00   1.9554292e+00   1.1112963e+00
  -2.8187364e+00   1.0546984e+00   1.9867483e+00
  -1.2722864e+00   3.3902780e+00   2.1818974e+00
  -2.1083796e+00   2.5005317e+00   1.6735841e+00
  -2.4144183e+00   2.4221704e+00   1.2801054e+00
  -2.3016711e+00   2.6903084e+00   1.2231457e+00
  -2.6475873e+00   2.4436015e+00   9.1990784e-01
  -2.1989364e+00   3.1876433e+00   9.8677340e-01
  -2.9282213e+00   2.2584428e+00   6.6523654e-01
  -2.1973470e+00   1.5109820e+00   2.5319274e+00
  -2.4323778e+00   1.4026123e+00   2.2504951e+00
  -8.2525399e-01   3.7732057e+00   2.5458809e+00
  -3.2101067e+00   2.5521077e-01   2.2729290e+00
  -1.3668989e+00   2.6381575e+00   2.7231045e+00
  -1.7141170e+00   1.7533753e+00   3.1040732e+00
  -1.0150378e+00   3.5782952e+00   2.4173347e+00
  -3.5754092e+00   1.9332533e-02   1.9204959e+00
  -1.9255983e+00   1.9002805e+00   2.5616129e+00
  -1.9223836e+00   1.9372751e+00   2.5266055e+00
  -1.7640494e+00   2.7918428e+00   1.9436230e+00
  -3.2717652e+00   7.1580640e-01   1.6084107e+00
  -1.6541981e+00   3.4355180e+00   1.5795619e+00
  -3.6619964e+00   3.8817027e-01   1.3304961e+00
  -1.4122479e+00   3.8198857e+00   1.6427954e+00
  -3.9028478e+00   1.0677630e-01   1.2528465e+00
  -7.3810430e-01   4.2679502e+00   2.2907589e+00
  -3.7266346e+00  -5.7789514e-01   2.4583555e+00
  -1.3161632e+00   2.9890672e+00   2.4659401e+00
  -2.4247340e+00   6.7450643e-01   3.1845388e+00
  -1.0881087e+00   3.8988477e+00   2.0532704e+00
  -3.7813901e+00  -3.1629674e-01   1.9885872e+00
  -1.7182832e+00   2.3083418e+00   2.4767259e+00
  -2.5898192e+00   6.5913381e-01   2.8874877e+00
  -1.5585465e+00   3.3388431e+00   1.7947623e+00
  -4.1618461e+00  -6.8013766e-01   1.7869109e+00
  -1.2639204e+00   4.2026825e+00   1.5856823e+00
  -4.1153138e+00  -5.6444476e-01   1.7160012e+00
  -1.3587329e+00   3.9069881e+00   1.6566467e+00
  -4.0290961e+00  -4.4228397e-01   1.7094003e+00
  -1.7741896e+00   1.9904284e+00   2.7217552e+00
  -7.8762416e-01   3.0532846e+00   3.2723385e+00
  -1.4893672e+00   3.1933113e+00   2.0172603e+00
  -2.6116124e+00   1.8417051e+00   1.5037729e+00
  -2.2637626e+00   1.4989659e+00   2.4305905e+00
  -1.0674380e+00   3.2716262e+00   2.6023621e+00
  -1.7538951e+00   2.7330010e+00   2.0118012e+00
  -2.3749937e+00   2.0647127e+00   1.6611762e+00
  -1.8386108e+00   3.1394845e+00   1.5407191e+00
  -2.7612800e+00   1.7906269e+00   1.3202092e+00
  -1.7340392e+00   3.4781407e+00   1.4326141e+00
  -2.9716303e+00   1.7300075e+00   1.0553680e+00
  -7.9249498e-01   3.8060204e+00   2.5689393e+00
  -3.0278211e+00   8.8656436e-01   1.8241580e+00
  -1.7805311e+00   1.8159070e+00   2.9099862e+00
  -1.3241008e+00   2.5680870e+00   2.8668918e+00
  -1.3598254e+00   3.0216121e+00   2.3670748e+00
  -2.5832794e+00   1.5705591e+00   1.8183235e+00
  -1.3137028e+00   3.5942718e+00   1.9552562e+00
  -2.9417166e+00   1.2811359e+00   1.5385373e+00
  -1.3032337e+00   3.6538341e+00   1.9244672e+00
  -3.1634507e+00   1.1313479e+00   1.3381801e+00
  -2.7829626e+00   1.3360902e+00   1.7382910e+00
  -1.7344437e+00   2.6056893e+00   2.1592079e+00
  -2.5047906e+00   2.2419840e+00   1.3007962e+00
  -2.5461300e+00   2.1493796e+00   1.3203791e+00
  -2.6937788e+00   2.5157891e+00   7.9558663e-01
  -2.8740064e+00   1.9282742e+00   1.0237698e+00
  -2.5351822e+00   2.8964766e+00   7.2889822e-01
  -3.2287295e+00   1.5516366e+00   8.3102537e-01
  -3.0855892e+00   1.7487119e+00   8.6749141e-01
  -2.6335469e+00   2.4677721e+00   9.2065523e-01
  -3.1889596e+00   2.2007270e+00   3.4075572e-01
  -3.1271786e+00   2.0652985e+00   5.3677671e-01
  -3.0923108e+00   2.5409882e+00   2.1730277e-01
  -3.4097285e+00   1.8493030e+00   3.0974054e-01
  -2.1065108e+00   3.1781271e+00   1.1244787e+00
  -2.9714068e+00   1.8100085e+00   9.8332911e-01
  -2.2280872e+00   3.2297531e+00   9.1533484e-01
  -3.6256527e+00   1.1319389e+00   6.2319129e-01
  -3.2706691e+00   2.4368677e+00   4.8885351e-02
  -3.8481808e+00   1.6220190e+00  -1.2407316e-01
