  -1.1613847e+00   5.4587729e+00   9.9266288e-01
  -8.4716537e-01   7.2260059e+00   6.4190447e-01
  -1.7472108e+00   4.6216664e+00   6.7928529e-01
  -1.6626373e+00   6.9138385e+00  -2.0918876e-01
   1.8211231e-01   8.6174331e+00   1.4136541e+00
  -3.0366659e-01   7.6575055e+00   1.1404904e+00
  -1.7732346e-01   7.4606105e+00   1.3605717e+00
   1.0570519e-01   7.6956520e+00   1.6187041e+00
  -6.7664482e-01   5.4878389e+00   1.6068307e+00
  -1.7633664e-01   7.6087468e+00   1.3093355e+00
  -1.1859979e+00   5.8748623e+00   7.6413439e-01
  -1.6773029e+00   6.5793167e+00  -1.1161923e-01
  -6.0186289e-01   5.9122530e+00   1.4857279e+00
  -4.4840197e-01   7.6970433e+00   9.5578149e-01
  -1.0779227e+00   6.2609052e+00   7.3020208e-01
  -1.4675160e+00   6.8740902e+00   3.1747459e-02
  -8.0388115e-01   6.3059413e+00   1.0492124e+00
  -8.5148671e-01   7.5361547e+00   5.3400722e-01
  -1.0949327e+00   5.1113191e+00   1.2611184e+00
  -2.4921604e+00   3.3706432e+00   4.5521508e-01
   5.0821896e-01   8.8320349e+00   1.7333241e+00
  -1.5936167e+00   3.8155543e+00   1.3890593e+00
  -8.9979219e-02   7.3879909e+00   1.4930891e+00
  -8.4281216e-01   4.9944294e+00   1.6641057e+00
  -1.2565181e-01   5.8072911e+00   2.1659605e+00
  -1.1080439e+00   3.9903144e+00   1.9562604e+00
  -6.6398726e-01   6.0034318e+00   1.3621029e+00
  -2.2500528e+00   3.6490044e+00   5.9888826e-01
  -3.8278681e-01   5.9284775e+00   1.7615620e+00
  -1.3153994e+00   4.2899715e+00   1.4565032e+00
  -8.6428914e-01   6.7280961e+00   8.0287972e-01
  -2.5268704e+00   3.4249710e+00   3.7272097e-01
  -4.4499548e-01   6.5708356e+00   1.3820855e+00
  -1.9780530e+00   3.7447358e+00   9.0495372e-01
   4.2890742e-01   8.9057711e+00   1.6196842e+00
  -2.2110092e+00   2.0894922e+00   1.8959081e+00
   4.4484212e-02   7.7919423e+00   1.5111192e+00
  -1.8778682e+00   2.4225504e+00   2.1048704e+00
  -1.5200831e-01   5.9877559e+00   2.0340621e+00
  -1.3859184e+00   2.9115224e+00   2.4268746e+00
  -4.2092321e-01   6.6978273e+00   1.3583452e+00
  -3.0257791e+00   1.6015246e+00   1.0918629e+00
  -4.9222136e-01   6.0737238e+00   1.5481359e+00
  -2.0475456e+00   2.5294735e+00   1.7409937e+00
  -7.4641012e-01   6.9516203e+00   8.6047540e-01
  -2.9236423e+00   1.9712342e+00   9.1231119e-01
  -3.4607155e-01   6.3634603e+00   1.5986480e+00
  -2.1852630e+00   2.3832645e+00   1.6607922e+00
   5.3112680e-01   7.5727170e+00   2.1872682e+00
   2.2089734e-01   6.8541333e+00   2.0985832e+00
  -8.6697602e-02   5.9466211e+00   2.1424555e+00
   9.0825363e-02   7.2325817e+00   1.7749927e+00
  -4.4698996e-01   6.2330530e+00   1.5305345e+00
  -1.3614341e+00   6.1709808e+00   4.2139713e-01
   2.7494166e-02   6.2708253e+00   2.1253010e+00
  -2.2523539e-01   6.8387638e+00   1.5428225e+00
  -5.5669945e-01   6.7506759e+00   1.1690589e+00
  -1.4164086e+00   6.0250183e+00   4.1495444e-01
  -2.2543357e-01   6.6431720e+00   1.6259967e+00
  -8.8777203e-01   6.5479042e+00   8.4527674e-01
   1.6882962e-01   6.0077249e+00   2.4521930e+00
  -3.6485891e-01   5.9072273e+00   1.7958476e+00
  -4.3826624e-01   6.1438897e+00   1.5837097e+00
  -1.6611666e+00   5.5264790e+00   3.3234964e-01
   1.7526550e-01   6.2524449e+00   2.3296664e+00
  -5.9580641e-01   5.9237637e+00   1.4878730e+00
  -4.3023715e-01   6.8886853e+00   1.2691265e+00
  -1.7065575e+00   5.3977662e+00   3.3537115e-01
  -3.4531914e-01   6.1649481e+00   1.6930027e+00
  -1.1370534e+00   6.0754962e+00   7.3625251e-01
  -1.1524306e+00   5.8902758e+00   7.9899810e-01
  -1.7258954e+00   5.7282081e+00   1.6364310e-01
  -5.4302494e-01   6.0153939e+00   1.5110782e+00
  -6.4779891e-01   5.9664697e+00   1.4004391e+00
  -1.2103169e+00   6.2910781e+00   5.5608960e-01
  -1.7786125e+00   5.3382156e+00   2.7370320e-01
  -8.7187342e-01   6.3154158e+00   9.6091907e-01
  -1.2066282e+00   5.9314448e+00   7.1323562e-01
  -1.3692450e+00   5.2236530e+00   8.4560997e-01
  -1.0424315e+00   5.7698345e+00   9.9260838e-01
  -1.9284265e+00   5.6496087e+00  -4.8871944e-02
  -2.1596683e+00   5.0558822e+00  -6.5292038e-02
  -1.6983381e+00   5.4668135e+00   3.1363566e-01
  -1.5264663e+00   5.7504362e+00   3.9819986e-01
  -1.1143365e+00   6.4366080e+00   6.1412128e-01
  -1.5957443e+00   5.8036834e+00   2.9004999e-01
  -9.5334337e-01   6.1038706e+00   9.5161425e-01
  -1.4248049e+00   5.7688975e+00   5.1537876e-01
  -2.0674564e+00   5.2923839e+00  -6.1324224e-02
  -1.8088540e+00   6.3931271e+00  -1.9935474e-01
