  -7.5526160e-01   6.8478604e+00   8.8890186e-01
   1.1618915e-01   1.1165558e+01   7.9138653e-01
  -1.3381103e+00   4.3020084e+00   1.4174161e+00
  -1.5262861e-01   1.0656356e+01   5.8189132e-01
   5.9259263e-02   9.8373387e+00   9.7117543e-01
   8.7425712e-01   1.1619904e+01   1.5455996e+00
   6.3381033e-02   1.0049164e+01   9.3201873e-01
   1.0509385e+00   1.2162649e+01   1.6571164e+00
  -3.1704699e-01   8.3688030e+00   9.0475894e-01
  -4.1643653e-01   1.0317726e+01   3.5271229e-01
  -7.4706086e-01   8.0914201e+00   4.8758292e-01
  -8.9906442e-01   1.0029557e+01  -1.2215673e-01
  -2.1814227e-01   9.7051733e+00   6.8960914e-01
  -3.2358852e-01   1.0882906e+01   3.5917190e-01
  -8.1243929e-01   1.0626466e+01  -1.2830051e-01
  -1.2557612e+00   1.0797334e+01  -6.2906924e-01
  -5.0762888e-01   8.9015656e+00   5.4692863e-01
  -4.6587123e-01   1.0549668e+01   2.5897016e-01
  -6.1148609e-01   4.8380073e+00   2.0790588e+00
  -3.3427635e-01   7.0944227e+00   1.3062065e+00
   5.1819726e-01   1.0610936e+01   1.3273943e+00
  -6.8251665e-02   7.5501756e+00   1.4602059e+00
   4.7476622e-01   1.0730685e+01   1.2571686e+00
   2.5335137e-01   8.0366900e+00   1.6787178e+00
   1.8508487e-01   8.8740961e+00   1.3453492e+00
  -7.0874135e-01   6.9748521e+00   8.9721331e-01
  -4.3576286e-01   8.2738570e+00   7.9451627e-01
  -1.3198620e+00   7.0705612e+00   1.3822105e-01
   1.5333212e-04   9.7941269e+00   9.1428635e-01
  -7.2810937e-01   7.3914579e+00   7.2651994e-01
  -4.2615487e-01   1.1208210e+01   1.9962930e-01
  -1.8134317e+00   6.4407187e+00  -2.2200888e-01
  -2.1137090e-01   9.3282846e+00   7.7997103e-01
  -1.1814418e+00   6.9783214e+00   3.3222995e-01
   2.7818899e-01   9.7255936e+00   1.2413411e+00
  -7.0139205e-01   4.5673798e+00   2.1318529e+00
   2.6960800e-01   1.0031272e+01   1.1655837e+00
  -5.8451135e-01   4.6549318e+00   2.2387002e+00
   2.3213159e-01   8.5999367e+00   1.4771952e+00
  -1.0527239e+00   4.5174504e+00   1.6720524e+00
  -1.7234678e-01   8.5953591e+00   1.0086410e+00
  -2.0289306e+00   3.8338397e+00   7.7773671e-01
   1.0851196e-02   9.5755448e+00   9.7387515e-01
  -1.4039743e+00   4.2761881e+00   1.3436255e+00
  -3.1514985e-01   1.0773759e+01   3.8572067e-01
  -2.2726419e+00   3.7350392e+00   5.1357225e-01
  -2.0814702e-01   8.5462057e+00   9.8088681e-01
  -1.4063699e+00   4.3779977e+00   1.2757848e+00
   8.5356886e-01   1.0391345e+01   1.7454475e+00
   1.2094246e+00   1.0850516e+01   2.0519061e+00
   4.1067922e-01   8.8790499e+00   1.6059175e+00
  -6.9794076e-02   9.4459364e+00   9.1240035e-01
   5.8684327e-02   8.7448762e+00   1.2344115e+00
  -7.1679067e-01   8.9109325e+00   3.0920889e-01
   2.4852971e-01   9.9630035e+00   1.1563235e+00
   5.3402074e-02   1.0473932e+01   8.3958590e-01
  -2.9961186e-01   1.1080941e+01   3.5455851e-01
  -1.0690971e+00   9.5544030e+00  -2.1920333e-01
   1.2311745e-01   9.1948984e+00   1.1908341e+00
  -4.4794135e-01   9.3826636e+00   5.0268778e-01
   6.6357021e-01   9.1488340e+00   1.8259289e+00
  -5.9762153e-02   9.9471806e+00   8.1579728e-01
   6.8832463e-02   8.6552838e+00   1.2710281e+00
  -7.5739031e-01   9.6882412e+00   9.6590416e-02
   3.8805600e-01   1.0158898e+01   1.2715751e+00
  -6.1755463e-02   1.0458021e+01   7.1595507e-01
  -5.6621908e-02   1.1648163e+01   5.3446788e-01
  -1.0384367e+00   9.8721623e+00  -2.4548529e-01
   2.3527611e-02   9.0601579e+00   1.1109131e+00
  -4.4781283e-01   9.9904900e+00   3.7847619e-01
  -5.6292656e-01   8.4125867e+00   6.0970056e-01
  -1.0512712e+00   7.8316365e+00   2.1255041e-01
  -4.0634005e-01   9.2808208e+00   5.7188365e-01
  -2.5690356e-01   8.7423282e+00   8.7211091e-01
  -6.3604347e-01   1.0398577e+01   9.9594037e-02
  -1.3355699e+00   7.4424428e+00   1.2666359e-03
  -6.4219100e-01   8.4703886e+00   5.0368253e-01
  -8.0670558e-01   8.1116819e+00   4.1333771e-01
  -1.1167624e+00   8.7279594e+00  -9.5338719e-02
  -6.5497834e-01   8.4609368e+00   4.9160698e-01
  -1.6497864e+00   9.4697622e+00  -8.3560796e-01
  -1.7371568e+00   7.7644138e+00  -5.4858295e-01
  -1.3760785e+00   7.9829637e+00  -1.9982127e-01
  -9.9254764e-01   8.0817154e+00   2.0904376e-01
  -1.1350927e+00   1.0828345e+01  -5.0474973e-01
  -1.2459958e+00   1.0209661e+01  -5.2843645e-01
  -6.0436074e-01   8.8625690e+00   4.4724845e-01
  -7.1263544e-01   9.3721731e+00   2.1052131e-01
  -1.6144995e+00   8.0367262e+00  -4.8247047e-01
  -1.2276567e+00   9.8247662e+00  -4.4255288e-01
