  -4.1792120e-01   6.3137330e+00   1.5301943e+00
  -5.8680770e-02   1.1224076e+01   5.9306280e-01
  -1.2419920e+00   3.7699989e+00   1.9255057e+00
   5.5283435e-01   1.1447965e+01   1.2219693e+00
   5.8313613e-01   1.1681545e+01   1.2194839e+00
   1.6994363e-01   1.1833179e+01   7.5244322e-01
   2.1504527e-02   9.9769407e+00   9.0008754e-01
   7.5872122e-01   1.2394299e+01   1.3107408e+00
  -5.9897621e-02   7.9938593e+00   1.3192165e+00
  -9.4210865e-01   1.0271356e+01  -2.1065336e-01
  -4.3730669e-01   7.0730925e+00   1.1888447e+00
  -4.4065323e-01   9.9317182e+00   3.9762997e-01
   2.1732883e-01   8.9543968e+00   1.3609879e+00
   1.5291799e-01   1.1074362e+01   8.4573574e-01
  -2.3823219e-02   1.0386429e+01   7.7065506e-01
  -7.2125766e-01   1.1572203e+01  -1.6495314e-01
  -2.1949264e-01   8.0407604e+00   1.1159603e+00
   1.2282588e-01   1.1544715e+01   7.4183715e-01
  -3.0078686e-01   4.4948474e+00   2.7681110e+00
   2.3894109e-01   7.1913026e+00   1.9762815e+00
   1.1043066e+00   1.2324643e+01   1.6923719e+00
  -9.3241940e-01   6.5012786e+00   8.0955464e-01
   5.3609880e-01   1.0649793e+01   1.3399348e+00
  -5.6825978e-02   7.6861559e+00   1.4259529e+00
   8.2171612e-01   8.7262341e+00   2.1357919e+00
  -1.1211321e+00   6.1580488e+00   7.2047147e-01
   1.9237919e-01   7.5018076e+00   1.7956400e+00
  -7.8378735e-01   6.9563565e+00   8.1373388e-01
   5.6579840e-01   9.1468931e+00   1.7127436e+00
  -3.5314365e-01   7.1396636e+00   1.2659619e+00
   4.6873547e-01   1.0862950e+01   1.2268286e+00
  -1.1880212e+00   6.7366480e+00   4.1074268e-01
   5.0308956e-01   8.7412616e+00   1.7537396e+00
  -6.4128220e-01   6.7419209e+00   1.0688744e+00
   6.8846837e-01   1.1442047e+01   1.3707637e+00
  -1.5852253e+00   3.4959599e+00   1.6336045e+00
   3.0501823e-01   1.0010666e+01   1.2095236e+00
  -8.2605242e-01   4.2472781e+00   2.1777485e+00
   5.3664577e-01   8.3476924e+00   1.9155410e+00
  -1.5667378e+00   3.7350273e+00   1.4838927e+00
   2.6955147e-01   7.6613804e+00   1.8305138e+00
  -1.5715986e+00   3.6708443e+00   1.5232803e+00
   2.2633518e-01   8.7001826e+00   1.4415436e+00
  -1.0841441e+00   4.2799674e+00   1.7856512e+00
   2.0703564e-01   1.0288683e+01   1.0440943e+00
  -1.7832554e+00   3.8437113e+00   1.1061748e+00
   2.6581485e-01   7.7635441e+00   1.7887184e+00
  -8.3217824e-01   4.4328382e+00   2.0378912e+00
   6.2301674e-01   1.0063928e+01   1.5555536e+00
   7.3604522e-01   1.0867565e+01   1.5210903e+00
   5.6457698e-01   8.5646401e+00   1.8798424e+00
  -5.3919513e-01   9.6368794e+00   3.4747080e-01
   2.0906210e-01   7.4489638e+00   1.8363634e+00
  -2.1213240e-01   9.5506504e+00   7.2937102e-01
   5.6111384e-01   9.1564344e+00   1.7047395e+00
   4.8437579e-01   1.0672482e+01   1.2784618e+00
   4.2604763e-01   1.0664764e+01   1.2154178e+00
  -5.3422817e-01   1.0057344e+01   2.7107231e-01
   3.9605566e-01   8.3949178e+00   1.7326407e+00
   1.6939146e-01   9.8468032e+00   1.0924139e+00
   1.1148472e+00   8.9352246e+00   2.4211888e+00
  -5.0279612e-01   9.2278462e+00   4.7584349e-01
   5.8467404e-01   7.8262854e+00   2.1561150e+00
  -3.5175924e-01   9.6472074e+00   5.5314021e-01
   1.0389898e+00   9.3581686e+00   2.2071752e+00
   3.9542903e-01   9.9564147e+00   1.3225470e+00
   1.0490958e+00   1.1406173e+01   1.7720766e+00
  -5.6982777e-01   9.7073995e+00   2.9936534e-01
   6.0903063e-01   8.2620532e+00   2.0309934e+00
   7.5554255e-02   1.0097139e+01   9.3592268e-01
  -4.4308494e-01   6.9843568e+00   1.2158458e+00
  -1.2391596e-01   8.9893688e+00   9.6052024e-01
  -4.7613865e-01   8.2854711e+00   7.4460740e-01
   4.6509992e-01   9.6976450e+00   1.4592625e+00
  -5.6300809e-01   9.5277548e+00   3.4364230e-01
  -5.4795153e-01   8.8798012e+00   5.0669892e-01
  -5.1120275e-01   7.6170532e+00   9.0781033e-01
   8.8731034e-02   9.0126903e+00   1.1976973e+00
  -1.0194007e+00   7.8557055e+00   2.4218452e-01
  -1.9581931e-01   8.2013015e+00   1.0946162e+00
  -1.3976628e+00   8.6155320e+00  -3.8186322e-01
  -1.1736782e+00   7.8520793e+00   6.6433232e-02
  -1.2336452e+00   7.0489962e+00   2.4651050e-01
  -3.0694917e-01   8.0749258e+00   1.0028900e+00
  -2.0192610e-01   1.0411400e+01   5.7065156e-01
  -4.3710500e-01   9.9110650e+00   4.0554015e-01
  -2.2241479e-01   8.0729656e+00   1.1025474e+00
   2.2466149e-02   9.5964675e+00   9.8226126e-01
  -1.3921588e+00   7.1382423e+00   3.1617959e-02
  -7.4253317e-01   1.0422268e+01  -1.9828355e-02
