  -8.6745103e-01   7.0362940e+00   6.8440383e-01
   1.3883257e-02   1.0294128e+01   8.2940353e-01
  -1.5179440e+00   4.2631982e+00   1.1963591e+00
  -4.5192753e-01   1.0043930e+01   3.6384214e-01
   1.3275686e-01   1.0623044e+01   8.9995968e-01
   2.2356816e-01   1.0164483e+01   1.0869866e+00
  -4.4544910e-01   8.4727787e+00   7.2800833e-01
   1.4266156e+00   1.1460861e+01   2.1800622e+00
  -3.0686643e-01   9.2206020e+00   6.9738380e-01
  -1.2125633e+00   9.2409931e+00  -3.1390243e-01
  -6.4088434e-01   7.4225531e+00   8.1927491e-01
   4.4674166e-01   9.6761768e+00   1.4434091e+00
  -3.7544697e-01   8.9567091e+00   6.8292390e-01
  -8.2456494e-01   9.9068754e+00  -1.8673380e-02
  -6.6191931e-01   9.8794076e+00   1.6449992e-01
  -7.3003073e-01   9.8883012e+00   8.8175768e-02
  -8.2725094e-01   8.9714362e+00   1.7145179e-01
  -1.2178519e+00   9.8923744e+00  -4.4396609e-01
  -9.2225448e-01   4.4911825e+00   1.8710770e+00
  -9.7589816e-01   6.2308282e+00   8.6845931e-01
   4.3601378e-01   1.0955224e+01   1.1748183e+00
  -1.0160961e+00   5.6304493e+00   1.0931879e+00
   9.7273958e-02   8.9946120e+00   1.2121857e+00
   2.4591905e-01   6.8459737e+00   2.1342485e+00
   5.2271763e-01   9.4278144e+00   1.5900832e+00
  -1.8188362e+00   4.8383259e+00   4.7024105e-01
   2.1903376e-02   7.7445153e+00   1.5003650e+00
  -2.0958111e-01   6.5122130e+00   1.7042888e+00
  -2.0588918e-01   8.8095084e+00   9.1293843e-01
  -1.5445250e+00   5.6407306e+00   4.2481041e-01
  -2.7585005e-01   1.0340584e+01   5.0238103e-01
  -1.5253486e+00   5.6353176e+00   4.5098090e-01
  -2.5177766e-01   9.2096520e+00   7.6200238e-01
  -2.1446782e+00   5.3198607e+00  -1.6801172e-01
   2.3873181e-01   1.0587857e+01   1.0228468e+00
  -1.8666368e+00   2.7883920e+00   1.7897031e+00
  -1.1132940e-01   8.6995144e+00   1.0505765e+00
  -7.2951333e-01   3.7195863e+00   2.7389940e+00
   1.5184144e-01   9.2860111e+00   1.2011149e+00
  -2.3611770e+00   2.6689372e+00   1.1535586e+00
   7.5904785e-03   7.9199966e+00   1.4236438e+00
  -1.1876422e+00   3.3863619e+00   2.3144789e+00
  -2.0663575e-01   9.1023086e+00   8.3862596e-01
  -2.4643985e+00   2.6074705e+00   1.0530297e+00
  -1.2250915e-01   1.0564498e+01   6.3056631e-01
  -2.1909984e+00   2.8910576e+00   1.2234810e+00
  -3.4888754e-01   8.5851329e+00   8.0842525e-01
  -2.4895282e+00   2.8784205e+00   8.0650824e-01
   1.4416683e-01   8.7870423e+00   1.3217672e+00
   1.3644698e+00   1.0048017e+01   2.4059428e+00
   1.4320721e-01   9.3666783e+00   1.1717736e+00
  -7.8340259e-01   8.8174011e+00   2.5665244e-01
  -8.2647863e-02   7.8531171e+00   1.3382715e+00
   6.1827690e-01   9.3406393e+00   1.7222992e+00
  -1.6360244e-01   8.9369802e+00   9.2851461e-01
  -5.1893043e-01   9.4054500e+00   4.1859697e-01
  -3.3468470e-01   1.0019660e+01   4.9738877e-01
  -5.8652330e-01   8.7424290e+00   4.9697940e-01
  -3.2927386e-01   9.0054154e+00   7.2329542e-01
  -1.1914439e+00   8.8565020e+00  -2.0791156e-01
   5.8453940e-01   9.9337298e+00   1.5408283e+00
  -1.1370423e+00   7.9463743e+00   8.1722284e-02
   1.9488000e-01   7.9616619e+00   1.6338299e+00
   5.4048498e-01   8.7883755e+00   1.7838950e+00
   8.9719981e-02   8.9427500e+00   1.2170632e+00
  -7.2484102e-01   8.7340222e+00   3.4277514e-01
   4.3082337e-02   1.0520042e+01   8.1989704e-01
  -6.8461018e-01   8.5374516e+00   4.3787884e-01
  -1.2176571e-01   8.9179873e+00   9.8110751e-01
  -1.3123581e+00   8.4345665e+00  -2.4375673e-01
  -7.6436014e-01   7.3267055e+00   7.0553373e-01
   1.9105272e-02   7.4563247e+00   1.6006180e+00
  -9.5709483e-01   8.4041463e+00   1.6342068e-01
  -8.0593612e-01   7.6747823e+00   5.4347179e-01
  -1.1855542e+00   9.3323354e+00  -3.0284092e-01
  -8.3658446e-01   7.5306287e+00   5.5321113e-01
  -1.2292095e+00   8.3536548e+00  -1.3050766e-01
  -1.6092975e+00   7.0936811e+00  -2.0578922e-01
  -1.5769261e+00   7.5532905e+00  -3.0819658e-01
  -1.2219182e+00   6.9985400e+00   2.7752874e-01
  -1.7879320e+00   8.6903524e+00  -8.2967917e-01
  -1.3152640e+00   6.8381129e+00   2.2329657e-01
  -1.9035861e+00   7.6824335e+00  -7.1371832e-01
  -1.9933749e+00   6.3545052e+00  -4.0214179e-01
  -7.8602238e-01   9.8425033e+00   3.5499569e-02
  -7.0166843e-01   8.3852193e+00   4.5850562e-01
  -1.0423832e+00   8.5862603e+00   2.1722270e-02
  -1.6096246e+00   8.1194667e+00  -4.9810919e-01
  -2.1005496e+00   7.7905378e+00  -9.6252324e-01
  -2.1287845e+00   9.0097077e+00  -1.2671999e+00
