  -3.8463710e+00  -5.2201773e-01   2.1502099e+00
  -2.4245742e+00   1.5758109e+00   2.0734569e+00
  -3.7568504e+00  -6.7404582e-01   2.5425221e+00
  -2.0528881e+00   1.7701172e+00   2.4878899e+00
  -3.0750266e+00   7.9790969e-01   1.8455588e+00
  -3.1606058e+00   6.8622437e-01   1.8292920e+00
  -3.6351290e+00  -7.2280082e-01   2.8621241e+00
  -1.6222925e+00   2.0334362e+00   2.9377263e+00
  -3.0144768e+00   8.7550597e-01   1.8592333e+00
  -3.4978358e+00   3.5184375e-01   1.6472761e+00
  -3.3034208e+00   5.7992703e-01   1.7103116e+00
  -3.5641982e+00   2.6279867e-01   1.6398342e+00
  -3.3778644e+00   1.9038742e-01   2.0542229e+00
  -2.7042923e+00   1.1963581e+00   2.0206862e+00
  -3.3575381e+00   7.8077079e-01   1.3955880e+00
  -3.6094882e+00   4.7664943e-01   1.3177822e+00
  -3.6065955e+00   7.4573651e-02   1.7959075e+00
  -2.6485883e+00   1.5188893e+00   1.7658130e+00
  -2.9719510e+00   5.8578275e-02   2.9993230e+00
  -2.4921683e+00   7.7509918e-01   2.9155422e+00
  -2.0521615e+00   1.7915206e+00   2.4654898e+00
  -4.0178896e+00  -9.1495897e-01   2.3935444e+00
  -2.6609027e+00   2.8182757e-01   3.2897068e+00
  -2.3241465e+00   7.3870571e-01   3.2908638e+00
  -2.1210622e+00   1.6970370e+00   2.4525372e+00
  -3.9739103e+00  -7.7625457e-01   2.2725309e+00
  -2.5232952e+00   1.3353333e+00   2.1713684e+00
  -3.6842367e+00  -2.5598290e-01   2.0850019e+00
  -2.8781482e+00   5.5986134e-01   2.4821985e+00
  -3.1634661e+00   2.0188998e-01   2.4291523e+00
  -2.8626655e+00   1.3670062e+00   1.5770057e+00
  -4.2594232e+00  -5.9502225e-01   1.5005118e+00
  -2.7361689e+00   7.8883412e-01   2.4477839e+00
  -3.2584494e+00   1.0305127e-01   2.3860178e+00
  -1.7875308e+00   2.2511325e+00   2.4208791e+00
  -4.1904485e+00  -1.2222120e+00   2.5265863e+00
  -2.3071775e+00   7.7754151e-01   3.2688640e+00
  -2.8179270e+00  -2.8680703e-02   3.4499484e+00
  -1.8278954e+00   2.2758025e+00   2.3294556e+00
  -4.1135640e+00  -9.5638631e-01   2.2694300e+00
  -2.0369027e+00   2.1742336e+00   2.0915384e+00
  -4.4812964e+00  -1.3240497e+00   2.1094556e+00
  -2.6301946e+00   1.1358103e+00   2.2160341e+00
  -3.9044835e+00  -7.1276139e-01   2.3129566e+00
  -2.4329509e+00   2.0457170e+00   1.5887687e+00
  -4.4722905e+00  -1.0037567e+00   1.6646566e+00
  -2.4153444e+00   1.1612227e+00   2.5624632e+00
  -3.2670213e+00  -7.8257890e-02   2.6214654e+00
  -3.2402127e+00  -4.9442476e-01   3.3163051e+00
  -1.8635144e+00   1.2510724e+00   3.4746029e+00
  -2.5358733e+00   1.3821712e+00   2.0979743e+00
  -3.4819793e+00   1.2681770e-01   1.9497549e+00
  -2.7093902e+00   9.8450308e-01   2.2563123e+00
  -3.2870716e+00   2.0309562e-01   2.2010862e+00
  -3.1080571e+00   2.6181392e-01   2.4515448e+00
  -2.5359416e+00   1.0502859e+00   2.4827704e+00
  -3.2874010e+00   8.5146314e-01   1.4333418e+00
  -3.6603664e+00   2.8895809e-01   1.4465116e+00
  -3.1125170e+00   4.1815928e-01   2.2393913e+00
  -2.7128018e+00   9.7878084e-01   2.2571638e+00
  -2.0179181e+00   1.6798382e+00   2.6501189e+00
  -3.7093037e+00  -5.1006563e-01   2.3927529e+00
  -2.4927230e+00   1.1533000e+00   2.4349606e+00
  -3.5287866e+00  -1.9387436e-01   2.2878048e+00
  -2.5098981e+00   8.4612285e-01   2.7879962e+00
  -2.8499077e+00   4.5910711e-01   2.6677181e+00
  -2.5209047e+00   1.5267513e+00   1.9663399e+00
  -3.8628664e+00  -3.2346220e-01   1.8508882e+00
  -2.8032930e+00   5.6417107e-01   2.6143662e+00
  -2.9035052e+00   5.3106345e-01   2.4731904e+00
  -3.4204089e+00   5.9369862e-01   1.4986813e+00
  -3.2162246e+00   7.7458288e-01   1.6349291e+00
  -4.0928557e+00  -3.8862839e-01   1.5282299e+00
  -2.3993798e+00   1.8683292e+00   1.8128532e+00
  -4.0496196e+00   2.9043786e-01   8.1157101e-01
  -3.4706812e+00   9.4232118e-01   1.0457093e+00
  -3.9565889e+00  -2.5364770e-01   1.5954677e+00
  -2.6131933e+00   1.4852157e+00   1.8586040e+00
  -4.1848419e+00  -3.6764198e-01   1.3432554e+00
  -2.7723959e+00   1.6309774e+00   1.4557492e+00
  -4.6633930e+00  -1.7814391e-01   3.4817230e-01
  -3.7116068e+00   1.1616398e+00   4.6737764e-01
  -4.4297480e+00  -5.6668042e-01   1.1709389e+00
  -2.8617870e+00   1.6893134e+00   1.2607805e+00
  -3.2590535e+00   1.0464524e+00   1.2734017e+00
  -3.4985810e+00   6.6267537e-01   1.2943559e+00
  -3.7282306e+00  -6.6011706e-02   1.7587895e+00
  -3.0578713e+00   8.8899435e-01   1.7709522e+00
  -4.8764328e+00  -9.6171568e-01   9.0344244e-01
  -3.1325488e+00   1.6387929e+00   8.9604747e-01
