  -1.6975321e+00   4.7840942e+00   6.5461990e-01
  -5.1683706e-01   7.7389316e+00   8.6161309e-01
  -2.1866140e+00   3.9401531e+00   5.0048328e-01
  -1.5384836e+00   7.2781542e+00  -1.8202607e-01
  -6.1732389e-01   8.0782561e+00   6.4098123e-01
  -2.3200489e-04   7.7793769e+00   1.4617343e+00
  -8.2937287e-01   6.5775970e+00   9.0465583e-01
   5.2304274e-01   8.0832912e+00   1.9881131e+00
  -1.2122335e+00   4.7306462e+00   1.3229374e+00
  -4.2049535e-01   7.4114791e+00   1.0855943e+00
  -1.9480304e+00   4.8162846e+00   3.1745536e-01
  -1.5689793e+00   6.8894490e+00  -9.2068947e-02
  -1.0331647e+00   5.7118254e+00   1.0319661e+00
  -9.6485522e-02   8.0006491e+00   1.2736961e+00
  -1.6113219e+00   5.7919960e+00   2.7604231e-01
  -1.1533859e+00   7.4416229e+00   2.1221759e-01
  -1.3748297e+00   5.7754063e+00   5.7430564e-01
  -7.1047659e-01   7.5958796e+00   6.8004824e-01
  -1.2036470e+00   4.7508735e+00   1.3224732e+00
  -2.3195224e+00   3.5399064e+00   5.7639881e-01
   2.2023124e-02   8.4190094e+00   1.2844844e+00
  -1.4086874e+00   3.8344457e+00   1.6373905e+00
  -5.5389224e-01   6.7476313e+00   1.1737347e+00
  -4.5458573e-01   5.3679432e+00   1.9705990e+00
  -2.5082189e-01   5.4518893e+00   2.1988746e+00
  -1.2777809e+00   3.7419196e+00   1.8944908e+00
  -9.7637097e-01   5.4041734e+00   1.2589563e+00
  -2.1276534e+00   3.8066071e+00   6.6225468e-01
  -6.7674885e-01   5.8623227e+00   1.4139336e+00
  -1.0689905e+00   4.4720249e+00   1.6789347e+00
  -1.2509545e+00   6.2757457e+00   5.1292093e-01
  -2.1943958e+00   3.8691888e+00   5.3381306e-01
  -6.8907692e-01   6.3410048e+00   1.1768685e+00
  -1.8003339e+00   3.8845092e+00   1.0556038e+00
  -1.4698629e-01   8.5256942e+00   1.0572577e+00
  -2.4044711e+00   1.6798987e+00   1.9964948e+00
  -4.1742136e-01   7.1588491e+00   1.1807041e+00
  -1.6368720e+00   2.4862287e+00   2.4311115e+00
  -4.7906320e-01   5.4160833e+00   1.9098832e+00
  -1.7259639e+00   2.4307646e+00   2.3410103e+00
  -8.6828479e-01   5.9555256e+00   1.1254903e+00
  -3.0471437e+00   1.5234784e+00   1.1326732e+00
  -8.8863096e-01   5.8657444e+00   1.1418642e+00
  -1.9217820e+00   2.5238967e+00   1.9407032e+00
  -1.2334218e+00   6.4196906e+00   4.7669474e-01
  -2.6975696e+00   2.2109115e+00   1.0403445e+00
  -7.2565492e-01   5.9728447e+00   1.2980951e+00
  -2.1636026e+00   2.3245522e+00   1.7478004e+00
  -2.8284198e-01   6.5407143e+00   1.5987479e+00
   6.8975867e-01   7.2883619e+00   2.5058351e+00
  -7.2240591e-01   5.0671580e+00   1.7840780e+00
  -1.8202213e-01   6.9189526e+00   1.5633832e+00
  -1.1963454e+00   5.2112122e+00   1.0748520e+00
  -1.2831253e+00   6.3885290e+00   4.2896201e-01
  -5.6749478e-01   5.9335989e+00   1.5194973e+00
   1.4770940e-01   7.1097225e+00   1.8957966e+00
  -1.3122834e+00   6.0133657e+00   5.4728647e-01
  -1.0440589e+00   6.5637027e+00   6.4913113e-01
  -9.0954925e-01   6.0079737e+00   1.0494125e+00
  -7.5260196e-01   6.5182567e+00   1.0229899e+00
  -1.7285713e-01   5.4404287e+00   2.3127578e+00
  -5.1960846e-01   5.6814978e+00   1.7103116e+00
  -1.0120278e+00   5.3150373e+00   1.2595101e+00
  -1.5849159e+00   5.6951308e+00   3.5070686e-01
  -1.0149138e-01   6.2359014e+00   1.9741187e+00
  -2.4912108e-01   6.1602128e+00   1.8195884e+00
  -8.7486577e-01   6.4948982e+00   8.8249114e-01
  -1.3569148e+00   5.8675119e+00   5.5558617e-01
  -6.9941674e-01   5.8877724e+00   1.3724154e+00
  -9.5760783e-01   6.1198242e+00   9.3926924e-01
  -2.0719280e+00   4.6679831e+00   2.3735631e-01
  -1.7278150e+00   5.8917331e+00   9.2309272e-02
  -1.2795820e+00   5.5232048e+00   8.1077196e-01
  -3.6460212e-01   6.1609050e+00   1.6701347e+00
  -2.1978910e+00   5.3134975e+00  -2.2994618e-01
  -1.5031855e+00   5.7369340e+00   4.3283753e-01
  -1.8235847e+00   5.3432347e+00   2.1563074e-01
  -1.2128211e+00   5.8645622e+00   7.3539149e-01
  -2.0594808e+00   4.8065507e+00   1.8167439e-01
  -8.7799478e-01   5.9095203e+00   1.1347018e+00
  -2.7965525e+00   4.7792711e+00  -7.1503275e-01
  -1.9096039e+00   5.4895748e+00   4.3513710e-02
  -2.5648573e+00   4.6886710e+00  -3.8911356e-01
  -1.4959780e+00   5.7807696e+00   4.2236712e-01
  -1.7128103e+00   5.8489567e+00   1.2829344e-01
  -1.2343486e+00   6.3971171e+00   4.8446841e-01
  -1.4759932e+00   5.6569217e+00   5.0234214e-01
  -1.1943199e+00   5.8858665e+00   7.4883342e-01
  -2.5895269e+00   4.8393567e+00  -4.9116654e-01
  -1.7266542e+00   6.4880291e+00  -1.3696998e-01
