  -6.8187790e-01   6.1904873e+00   1.2527082e+00
   7.0049167e-01   1.1146580e+01   1.4325522e+00
  -1.8351329e+00   4.0405867e+00   9.0752842e-01
  -5.1306977e-01   1.0756549e+01   1.7422043e-01
  -1.3868376e-01   1.0819420e+01   5.6989909e-01
  -3.3115345e-02   1.1151556e+01   6.3173918e-01
  -3.0037277e-01   9.6005070e+00   6.2015800e-01
   5.4068692e-01   1.1319128e+01   1.2290453e+00
  -5.3201908e-01   7.6358788e+00   8.7705066e-01
  -6.7423551e-01   1.0132399e+01   1.0436120e-01
  -1.1483338e+00   7.3681854e+00   2.4128460e-01
  -7.3775899e-01   9.3656483e+00   1.8405668e-01
  -4.6195249e-01   9.2353206e+00   5.1988045e-01
  -6.6038247e-01   1.0692485e+01   2.5259743e-02
  -8.1104236e-01   1.1469106e+01  -2.4711611e-01
  -1.6011504e+00   1.0395139e+01  -9.3839811e-01
  -1.0145239e+00   8.7150365e+00   2.1943610e-02
  -1.2612609e+00   1.0340542e+01  -5.6598877e-01
  -1.0218323e+00   4.5479656e+00   1.6951412e+00
  -1.1404504e+00   6.2617620e+00   6.5329289e-01
   6.3398538e-01   1.1348312e+01   1.3262398e+00
  -1.1494901e+00   5.8647066e+00   8.1423708e-01
   8.3041613e-02   9.9950074e+00   9.6489014e-01
  -3.6399753e-01   6.9326204e+00   1.3330243e+00
   2.9518139e-01   8.2145129e+00   1.6701389e+00
  -1.0840822e+00   5.8442588e+00   9.0543988e-01
  -4.8946794e-01   7.8660216e+00   8.5361662e-01
  -1.1089464e+00   6.8352772e+00   4.6897672e-01
  -2.5362402e-01   9.1996336e+00   7.6227450e-01
  -1.3105458e+00   6.3790033e+00   3.9964203e-01
  -3.8697969e-01   1.2018632e+01   1.3468719e-01
  -2.3651643e+00   5.6744989e+00  -5.8262830e-01
  -2.2217829e-01   9.1725469e+00   8.0418056e-01
  -1.9464892e+00   5.7010090e+00  -9.2442943e-02
   3.1730167e-01   1.0754119e+01   1.0794784e+00
  -1.9590193e+00   2.8804016e+00   1.5728318e+00
  -9.4167351e-02   9.4587302e+00   8.8206795e-01
  -1.4308658e+00   3.4149186e+00   1.9234195e+00
  -5.0893224e-02   7.8136071e+00   1.3894077e+00
  -1.5502283e+00   3.5799585e+00   1.6209478e+00
  -3.6201144e-01   8.0860499e+00   9.3519146e-01
  -2.1703923e+00   3.0820368e+00   1.1056661e+00
  -2.9605796e-01   9.1607384e+00   7.2357949e-01
  -2.1365196e+00   3.2649622e+00   1.0182132e+00
  -4.0575124e-01   1.1456911e+01   1.8662718e-01
  -2.9916855e+00   2.7954859e+00   1.7208964e-01
  -3.0812627e-01   8.3133250e+00   9.3093609e-01
  -2.2824985e+00   3.2489750e+00   8.2579223e-01
   6.4149702e-02   9.4919203e+00   1.0528738e+00
   5.3903725e-01   9.9849037e+00   1.4780861e+00
  -8.0980114e-02   7.9376382e+00   1.3124308e+00
  -2.5502917e-01   9.7778665e+00   6.3350289e-01
  -6.8774960e-01   7.5880722e+00   7.0924610e-01
  -4.6411169e-01   9.6393856e+00   4.3009000e-01
  -2.6693782e-01   9.2745007e+00   7.2983423e-01
  -3.7664156e-01   1.0142320e+01   4.2809978e-01
  -6.1663458e-01   1.1213977e+01  -5.3737434e-03
  -1.5315014e+00   9.0046623e+00  -6.1516274e-01
  -6.7633384e-01   8.6581951e+00   4.1644427e-01
  -1.3239736e+00   9.1482644e+00  -4.1719482e-01
   4.3346076e-01   8.4208521e+00   1.7689402e+00
  -3.4118186e-01   9.2340164e+00   6.5568424e-01
  -2.2074419e-01   7.9606798e+00   1.1396431e+00
  -5.5552946e-01   8.9409158e+00   4.8339366e-01
   3.4202683e-01   9.5099276e+00   1.3635585e+00
  -5.1349675e-01   9.2581163e+00   4.5707013e-01
   2.9570774e-02   1.2173358e+01   5.5872993e-01
  -1.5164857e+00   8.6076589e+00  -5.1184713e-01
  -1.3927161e-01   8.7911627e+00   9.9401734e-01
  -1.2367544e+00   8.7139035e+00  -2.2575078e-01
  -1.1271982e+00   7.4017421e+00   2.5520803e-01
  -8.9752720e-01   7.8147627e+00   3.9461125e-01
  -1.1340342e+00   8.6160836e+00  -8.8164338e-02
  -4.9826438e-01   8.8552712e+00   5.6885427e-01
  -1.4331053e+00   1.0462981e+01  -7.6915033e-01
  -1.6993722e+00   7.9592458e+00  -5.5763652e-01
  -1.3728639e+00   8.0045060e+00  -2.0195445e-01
  -1.3762952e+00   7.7838786e+00  -1.4540333e-01
  -1.6813139e+00   7.9091058e+00  -5.2428271e-01
  -1.0483383e+00   7.5693373e+00   2.9437936e-01
  -2.0932783e+00   9.4222450e+00  -1.3058324e+00
  -2.1848620e+00   6.9726914e+00  -8.2808620e-01
  -1.9916397e+00   7.4857671e+00  -7.5894792e-01
  -1.7242902e+00   6.9504027e+00  -2.9262566e-01
  -8.8344042e-01   1.1170521e+01  -2.8436900e-01
  -1.5022381e+00   8.7857400e+00  -5.3605437e-01
  -9.2516768e-01   8.6692815e+00   1.3312256e-01
  -1.5348607e+00   8.1089419e+00  -4.1166615e-01
  -2.1141855e+00   7.6568494e+00  -9.4291109e-01
  -2.0935697e+00   9.7864250e+00  -1.3685371e+00
