  -1.9627273e+00   2.7010456e+00   1.7193817e+00
  -2.5105512e-01   6.0111012e+00   1.8917111e+00
  -2.5571411e+00   1.2630896e+00   2.1953089e+00
   4.6935906e-02   6.1239584e+00   2.2263018e+00
  -8.1826697e-01   5.5104658e+00   1.4091168e+00
  -7.1407294e-01   5.2270631e+00   1.7019603e+00
  -1.7518283e+00   3.1131140e+00   1.6898783e+00
   3.6086322e-01   6.7826035e+00   2.3113904e+00
  -1.3807670e+00   3.9372860e+00   1.6039053e+00
  -9.5508203e-01   5.2384639e+00   1.3753564e+00
  -1.6570451e+00   3.2406569e+00   1.7274544e+00
  -4.6943821e-01   5.4816843e+00   1.8857236e+00
  -1.5309148e+00   4.7322212e+00   8.9971463e-01
  -1.6831133e+00   5.0707588e+00   5.2341591e-01
  -1.7620933e+00   3.9995721e+00   1.0326802e+00
  -1.0772651e+00   5.5842827e+00   1.0378402e+00
  -1.4728339e+00   4.8968543e+00   8.8447556e-01
  -1.6162126e+00   4.9586411e+00   6.6638385e-01
  -1.7580622e+00   1.8354878e+00   2.9269347e+00
  -7.2842586e-01   3.5223430e+00   2.9149829e+00
  -2.0715806e-01   5.7431374e+00   2.0919482e+00
  -1.8221008e+00   2.3817150e+00   2.2336763e+00
  -9.9291677e-01   3.7709421e+00   2.2935451e+00
  -7.6196990e-01   3.7371495e+00   2.6735455e+00
  -5.0906511e-01   4.5199124e+00   2.4420727e+00
  -1.8633030e+00   2.2733361e+00   2.2741474e+00
  -8.8061827e-01   3.8418453e+00   2.4059038e+00
  -1.3539517e+00   2.9526975e+00   2.4395113e+00
  -1.1823705e+00   4.9063412e+00   1.2605456e+00
  -2.5882532e+00   2.3586314e+00   1.0765926e+00
  -1.3649986e+00   4.3403782e+00   1.3559298e+00
  -2.0080617e+00   2.9117688e+00   1.4744119e+00
  -1.0218977e+00   5.1277187e+00   1.3482887e+00
  -2.6236104e+00   2.2592023e+00   1.1085360e+00
  -2.7488239e-01   6.1582953e+00   1.7871602e+00
  -2.7265900e+00   7.6575316e-01   2.4941446e+00
  -9.3328451e-01   4.1183083e+00   2.1159898e+00
  -1.8038973e+00   1.7117724e+00   2.9919687e+00
  -4.4502689e-01   4.9967870e+00   2.2098828e+00
  -2.5611476e+00   9.3706591e-01   2.5775513e+00
  -8.3056403e-01   4.2473555e+00   2.1711466e+00
  -2.3010230e+00   1.1990843e+00   2.7211652e+00
  -1.1490023e+00   5.4602026e+00   1.0077826e+00
  -3.7423176e+00   3.1734958e-01   1.2779943e+00
  -1.1821673e+00   4.9029692e+00   1.2627403e+00
  -2.7043384e+00   1.3314292e+00   1.8723825e+00
  -1.0250822e+00   5.0550084e+00   1.3848126e+00
  -2.9778900e+00   1.1293338e+00   1.6396639e+00
  -1.2217414e+00   3.4269444e+00   2.2281797e+00
   1.6088566e-01   5.4099673e+00   2.7995254e+00
  -8.6177991e-01   4.3459743e+00   2.0559489e+00
  -8.2283519e-01   4.6606102e+00   1.8987595e+00
  -1.0088318e+00   3.6773995e+00   2.3449335e+00
  -3.6787694e-01   4.9131259e+00   2.3732968e+00
  -1.3065646e+00   4.9071920e+00   1.0960899e+00
  -1.5735098e+00   4.6555897e+00   8.8712729e-01
  -1.5678094e+00   4.2072349e+00   1.1640104e+00
  -1.1486899e+00   4.8627115e+00   1.3304607e+00
  -1.0586238e+00   5.0047882e+00   1.3687467e+00
  -1.5211272e+00   4.3899236e+00   1.1132929e+00
  -3.6985084e-01   4.7281064e+00   2.4966723e+00
  -1.2519639e+00   3.6279293e+00   2.0202478e+00
  -7.4512475e-01   3.8420935e+00   2.6117490e+00
  -6.7505548e-01   4.2515727e+00   2.3954279e+00
  -8.0383551e-01   5.3345139e+00   1.5222635e+00
  -1.9562666e+00   3.7742701e+00   9.1516380e-01
  -9.1236438e-01   4.7386434e+00   1.7251092e+00
  -1.4191161e+00   4.0041785e+00   1.5033534e+00
  -8.1516874e-01   5.0695268e+00   1.6571896e+00
  -1.9658312e+00   3.5507481e+00   1.0535868e+00
  -1.8368258e+00   3.1373353e+00   1.5450407e+00
  -8.7965387e-01   4.3826350e+00   2.0049262e+00
  -2.0440702e+00   4.3192928e+00   4.6367366e-01
  -1.9471544e+00   3.9654071e+00   8.0413439e-01
  -2.2593044e+00   3.5709939e+00   6.3735492e-01
  -1.4336380e+00   4.2960330e+00   1.2903686e+00
  -2.0342045e+00   4.3190608e+00   4.7664032e-01
  -2.0669039e+00   3.7704885e+00   7.6731322e-01
  -2.6299553e+00   4.0291204e+00  -1.2697829e-01
  -2.4613374e+00   3.8067993e+00   2.1987552e-01
  -2.9920041e+00   3.0363296e+00   7.0616789e-03
  -1.7964842e+00   4.3866235e+00   7.4883206e-01
  -2.7716632e+00   3.8092987e+00  -1.8350726e-01
  -2.3025657e+00   4.0218781e+00   2.9927368e-01
  -1.9171884e+00   4.0970739e+00   7.6229693e-01
  -1.3779079e+00   4.7225914e+00   1.1067635e+00
  -1.6517757e+00   4.7581866e+00   7.2786078e-01
  -2.1834490e+00   3.6509070e+00   6.8753586e-01
  -2.7036298e+00   3.8402356e+00  -1.1403490e-01
  -2.5199090e+00   4.1253344e+00  -4.0167133e-02
