  -7.6411208e-01   6.2250913e+00   1.1340771e+00
   6.0436707e-01   1.1760630e+01   1.2308935e+00
  -1.5101497e+00   3.8705266e+00   1.4680329e+00
   1.3124928e-01   1.1266531e+01   7.9210727e-01
   1.4117498e-01   1.0268564e+01   9.7501022e-01
   1.0332271e+00   1.2324751e+01   1.6155239e+00
   1.9783488e-01   9.6319647e+00   1.1717924e+00
   1.5100479e+00   1.2620881e+01   2.0913112e+00
  -2.5147473e-01   8.7127604e+00   8.8609935e-01
  -6.8670737e-01   1.0590853e+01   1.3012918e-02
  -1.0044916e+00   7.5122932e+00   3.6306989e-01
  -1.1422930e+00   1.0051429e+01  -3.8988882e-01
  -8.2831096e-02   9.3723058e+00   9.1461940e-01
   5.1444589e-02   1.1328101e+01   6.9646277e-01
  -7.4562940e-01   1.0562531e+01  -4.6083176e-02
  -7.9829521e-01   1.1554201e+01  -2.4448977e-01
  -5.5541124e-01   8.7105582e+00   5.4025006e-01
  -8.0489972e-02   1.1512156e+01   5.2767356e-01
  -6.1669947e-01   4.5442426e+00   2.2689759e+00
  -1.3747093e-01   7.0875122e+00   1.5504102e+00
   9.6438889e-01   1.1109002e+01   1.7302165e+00
  -1.8280986e-01   7.0033585e+00   1.5280702e+00
   6.6975186e-01   1.0151879e+01   1.5892107e+00
   5.2085570e-01   7.9431065e+00   2.0349776e+00
   5.7373109e-01   9.3555974e+00   1.6670453e+00
  -1.0472741e+00   6.2442018e+00   7.7483966e-01
  -3.0984070e-01   7.9831263e+00   1.0277636e+00
  -1.6499060e+00   6.5697743e+00  -7.5980759e-02
   2.2787105e-01   9.4410929e+00   1.2501735e+00
  -5.1366782e-01   7.2687940e+00   1.0244794e+00
  -2.0555181e-01   1.1073454e+01   4.5723127e-01
  -1.4760153e+00   6.4848872e+00   1.6092030e-01
  -1.2330030e-02   9.2716409e+00   1.0180367e+00
  -1.0882880e+00   6.8167858e+00   5.0034233e-01
   6.0080687e-01   1.0166671e+01   1.5084476e+00
  -1.0671898e+00   3.8284763e+00   2.1377476e+00
   4.6953540e-01   9.4850078e+00   1.5150142e+00
  -4.1788427e-01   4.5241649e+00   2.5725449e+00
   4.6942429e-01   8.9839718e+00   1.6451521e+00
  -1.5613802e+00   3.7472832e+00   1.4827264e+00
  -1.1525145e-01   8.1869001e+00   1.1933459e+00
  -2.4680013e+00   3.2524503e+00   5.6791584e-01
   1.3904979e-01   9.1162660e+00   1.2288153e+00
  -1.3012997e+00   4.1012342e+00   1.6021515e+00
  -1.7828237e-01   1.0595088e+01   5.6435779e-01
  -2.0586952e+00   3.6935931e+00   8.2882056e-01
  -9.7720942e-02   8.4144225e+00   1.1461424e+00
  -1.3354657e+00   4.2645669e+00   1.4453725e+00
   7.8336974e-01   9.7583003e+00   1.8078079e+00
   1.6222791e+00   1.1121557e+01   2.4623541e+00
   3.4341345e-01   9.1854822e+00   1.4456104e+00
  -3.4908966e-01   9.5804772e+00   5.7016679e-01
  -2.7942390e-01   8.0893965e+00   1.0306881e+00
  -1.0156445e+00   8.7749762e+00   6.5476924e-03
   2.8364991e-01   9.5175752e+00   1.2953916e+00
   4.6085344e-01   1.0900698e+01   1.2115385e+00
  -4.1302649e-01   1.0862867e+01   2.6561053e-01
  -5.3929629e-01   1.0207007e+01   2.3826067e-01
   1.7426802e-02   9.0177091e+00   1.1147307e+00
  -1.6280545e-01   9.9129674e+00   7.0834266e-01
   9.6584291e-01   9.5926378e+00   2.0592678e+00
  -4.0482343e-01   9.2391127e+00   5.8305546e-01
   1.2409139e-01   8.3000816e+00   1.4402038e+00
  -1.0470269e+00   9.2619049e+00  -1.3600309e-01
   6.6265653e-01   9.8023497e+00   1.6595256e+00
   2.5239794e-01   1.0454174e+01   1.0626672e+00
   1.9057456e-01   1.1591430e+01   8.0818040e-01
  -6.6638177e-01   9.9810828e+00   1.4051744e-01
   1.9601883e-01   8.9134623e+00   1.3473552e+00
  -2.7168333e-01   1.0043847e+01   5.6216587e-01
  -8.9458178e-01   7.6567609e+00   4.4589273e-01
  -1.2535862e+00   7.9904430e+00  -6.3048546e-02
  -5.8679872e-01   8.7116758e+00   5.0438244e-01
   2.1684610e-01   9.5918642e+00   1.2024146e+00
  -1.0125383e+00   9.9614310e+00  -2.3339242e-01
  -8.0141210e-01   8.3756794e+00   3.4742266e-01
  -1.0326856e+00   8.1501793e+00   1.4463105e-01
  -4.8269053e-01   9.1511649e+00   5.1586579e-01
  -1.2778409e+00   8.0437039e+00  -1.0493139e-01
  -4.1864838e-01   8.4537308e+00   7.6397250e-01
  -1.8407272e+00   8.9340497e+00  -9.3889598e-01
  -1.3061040e+00   8.0041369e+00  -1.2630849e-01
  -1.5502278e+00   7.6049399e+00  -2.9263774e-01
  -7.4706103e-01   8.1906272e+00   4.5966925e-01
  -1.1214534e+00   1.0645529e+01  -4.6320421e-01
  -8.1152161e-01   1.0486130e+01  -1.0491456e-01
  -6.6895040e-01   8.6402517e+00   4.2933521e-01
  -5.3130818e-01   9.5349886e+00   3.7728163e-01
  -1.6707773e+00   7.8124726e+00  -4.8673960e-01
  -1.1357111e+00   1.0242543e+01  -4.1498260e-01
