  -2.3190648e+00   2.3397320e+00   1.4952949e+00
  -9.5057738e-01   4.7293855e+00   1.6784453e+00
  -2.7340618e+00   1.5775892e+00   1.5690038e+00
  -1.1056353e+00   4.5617099e+00   1.5709090e+00
  -1.4671526e+00   3.8707516e+00   1.5285302e+00
  -9.2435857e-01   4.5691259e+00   1.8167761e+00
  -2.0510857e+00   2.2792976e+00   1.9667380e+00
   1.2784942e-01   5.7060005e+00   2.5692068e+00
  -1.6020496e+00   4.3110574e+00   1.0528454e+00
  -2.2891543e+00   3.5099790e+00   6.3729501e-01
  -2.2141461e+00   2.7149709e+00   1.3315199e+00
  -1.4993558e+00   4.1634053e+00   1.2856755e+00
  -1.5004390e+00   4.3684348e+00   1.1543626e+00
  -1.9949899e+00   3.7941586e+00   8.4939032e-01
  -2.1097136e+00   3.2700130e+00   1.0522454e+00
  -1.6001545e+00   4.2881079e+00   1.0695512e+00
  -1.7243901e+00   4.5362701e+00   7.5716329e-01
  -2.1642379e+00   3.9358384e+00   5.3274847e-01
  -2.1306829e+00   1.9227023e+00   2.1936653e+00
  -1.7231678e+00   2.5888640e+00   2.1929086e+00
  -8.8136807e-01   4.4243171e+00   1.9738510e+00
  -2.2991575e+00   1.7343270e+00   2.1127855e+00
  -1.2057180e+00   3.1746620e+00   2.4714576e+00
  -1.1662008e+00   2.8781582e+00   2.8149224e+00
  -8.2237477e-01   4.8060730e+00   1.8067127e+00
  -3.1273878e+00   1.0403039e+00   1.4911824e+00
  -1.4958443e+00   3.3050601e+00   1.9151632e+00
  -2.3097496e+00   2.0201960e+00   1.8064586e+00
  -1.3206020e+00   4.4821113e+00   1.3273999e+00
  -3.0317746e+00   1.5057608e+00   1.1732210e+00
  -1.7262472e+00   3.6779702e+00   1.2992636e+00
  -2.7247859e+00   1.8168728e+00   1.3518100e+00
  -1.2287859e+00   4.9318746e+00   1.1846763e+00
  -3.3558906e+00   1.2958255e+00   8.7656544e-01
  -6.8055225e-01   4.9792037e+00   1.8944172e+00
  -3.0537595e+00   3.1444075e-01   2.4818270e+00
  -1.1939699e+00   3.3701091e+00   2.3185933e+00
  -1.9740298e+00   1.3320125e+00   3.1545514e+00
  -6.4063866e-01   5.4071636e+00   1.6986343e+00
  -3.6928062e+00  -6.0632993e-02   1.8143380e+00
  -1.3037321e+00   3.8938796e+00   1.7446045e+00
  -3.2540291e+00   3.6305384e-01   2.0565317e+00
  -1.0155209e+00   5.1625967e+00   1.3374032e+00
  -4.0974799e+00  -4.0078132e-01   1.5355579e+00
  -1.3425044e+00   4.3725994e+00   1.3662074e+00
  -3.3193548e+00   4.7188621e-01   1.8100221e+00
  -1.1409658e+00   4.8916045e+00   1.3240396e+00
  -3.5632072e+00   3.6049371e-01   1.5266063e+00
  -1.6413743e+00   2.5021838e+00   2.4079967e+00
  -1.6943093e-01   4.5057075e+00   2.9576284e+00
  -1.0814242e+00   4.6621300e+00   1.5412993e+00
  -2.0000427e+00   3.2858320e+00   1.1957357e+00
  -1.5754171e+00   3.2148344e+00   1.8698064e+00
  -1.4307871e+00   3.6682844e+00   1.7275013e+00
  -1.2978872e+00   4.5032178e+00   1.3451539e+00
  -1.8751154e+00   3.6218453e+00   1.1303331e+00
  -1.9121205e+00   3.5014105e+00   1.1633674e+00
  -1.6707149e+00   3.8011316e+00   1.2911267e+00
  -1.2552777e+00   4.6953931e+00   1.2861386e+00
  -2.0535724e+00   3.4476039e+00   1.0037248e+00
  -5.7713263e-01   5.1386536e+00   1.9392066e+00
  -2.5318572e+00   2.2586962e+00   1.2455824e+00
  -1.2649721e+00   3.4089557e+00   2.1774634e+00
  -1.7613195e+00   2.9945167e+00   1.7734818e+00
  -9.5681752e-01   4.7702268e+00   1.6446370e+00
  -2.2666075e+00   2.8512168e+00   1.1454399e+00
  -1.2877471e+00   3.9603552e+00   1.7197512e+00
  -1.8947000e+00   3.0681626e+00   1.5151791e+00
  -1.0523992e+00   4.7516024e+00   1.5259547e+00
  -2.5161684e+00   2.6067251e+00   9.7868329e-01
  -2.3661120e+00   2.7521810e+00   1.0798045e+00
  -1.9032372e+00   3.0932067e+00   1.4827462e+00
  -1.9639839e+00   4.0130655e+00   7.5170620e-01
  -2.2711799e+00   2.8658136e+00   1.1273925e+00
  -2.6069323e+00   2.8466757e+00   6.6532959e-01
  -1.9625662e+00   3.2902881e+00   1.2457540e+00
  -2.1685965e+00   4.1058604e+00   4.2488866e-01
  -2.6256434e+00   2.7600406e+00   7.0377686e-01
  -2.5807700e+00   3.6523368e+00   1.5729849e-01
  -2.5754690e+00   3.1431387e+00   4.9651942e-01
  -3.1723799e+00   2.5261819e+00   1.1824172e-01
  -2.2235204e+00   3.4854416e+00   7.4315789e-01
  -2.7963410e+00   3.7361472e+00  -1.7281755e-01
  -2.8060762e+00   3.1851406e+00   1.5656080e-01
  -2.1109768e+00   3.6006585e+00   8.1938831e-01
  -2.1567259e+00   3.2376586e+00   1.0096530e+00
  -2.0603954e+00   4.4511599e+00   3.6858312e-01
  -3.0793777e+00   2.5939631e+00   1.9639208e-01
  -2.8570519e+00   3.5734625e+00  -1.5494813e-01
  -3.1557796e+00   3.0482685e+00  -2.1756588e-01
