  -3.6464636e+00  -6.5578755e-01   2.7341094e+00
  -2.8175110e+00   4.5511609e-01   2.7341094e+00
  -3.9386768e+00  -9.0525353e-01   2.5350931e+00
  -2.6189766e+00   8.8762322e-01   2.5350931e+00
  -3.6163476e+00  -6.0425107e-01   2.7150826e+00
  -2.7465761e+00   5.6790600e-01   2.7150826e+00
  -3.4748526e+00  -5.9887969e-01   2.9941166e+00
  -2.4691875e+00   7.4939009e-01   2.9941166e+00
  -3.5691382e+00  -1.7492310e-01   2.1870874e+00
  -3.3796852e+00   8.5167298e-02   2.1870874e+00
  -3.6446910e+00   1.3369173e-01   1.6571391e+00
  -4.1080660e+00  -5.0980195e-01   1.6571391e+00
  -3.3648776e+00   3.2110110e-02   2.2846419e+00
  -3.3725131e+00   2.1620846e-02   2.2846419e+00
  -3.4073104e+00   5.8058650e-01   1.5352232e+00
  -4.2675681e+00  -6.3290552e-01   1.5352232e+00
  -3.3497685e+00   3.8689554e-01   1.8595829e+00
  -3.7530037e+00  -1.7933683e-01   1.8595829e+00
  -3.4025491e+00  -4.3230972e-01   2.8800162e+00
  -2.6666683e+00   5.5770062e-01   2.8800162e+00
  -3.0151060e+00  -7.6657631e-02   3.1170523e+00
  -3.0919636e+00  -1.7798856e-01   3.1170523e+00
  -2.7778047e+00   1.5653932e-01   3.2425389e+00
  -2.7734257e+00   1.6237910e-01   3.2425389e+00
  -3.0540994e+00   3.1345241e-01   2.4825169e+00
  -3.4745784e+00  -2.5975466e-01   2.4825169e+00
  -3.2717427e+00   5.1834890e-01   1.8365504e+00
  -3.9077850e+00  -3.7387091e-01   1.8365504e+00
  -3.2522561e+00   5.2589358e-02   2.4662974e+00
  -3.4496732e+00  -2.1492146e-01   2.4662974e+00
  -2.9781176e+00   1.0459774e+00   1.7295520e+00
  -4.6059492e+00  -1.2255925e+00   1.7295520e+00
  -3.0615570e+00   6.0040509e-01   2.1026906e+00
  -3.8875941e+00  -5.4306811e-01   2.1026906e+00
  -2.5472981e+00   6.0107953e-01   3.0493301e+00
  -3.4771285e+00  -6.3612192e-01   3.0493301e+00
  -2.4931115e+00   5.2865369e-01   3.2597654e+00
  -3.2172963e+00  -4.3065082e-01   3.2597654e+00
  -2.5431824e+00   9.3787737e-01   2.6090623e+00
  -3.6528889e+00  -5.8224209e-01   2.6090623e+00
  -2.5666089e+00   1.4861341e+00   1.9341562e+00
  -4.6930927e+00  -1.4784308e+00   1.9341562e+00
  -2.8211123e+00   7.0537215e-01   2.3998077e+00
  -4.1866494e+00  -1.1365153e+00   2.3998077e+00
  -2.4333138e+00   1.8065639e+00   1.8200999e+00
  -4.8680908e+00  -1.6253159e+00   1.8200999e+00
  -2.6341641e+00   1.0994818e+00   2.2515024e+00
  -3.9842998e+00  -7.7549166e-01   2.2515024e+00
  -2.9378658e+00  -2.7274436e-01   3.5962478e+00
  -2.7402381e+00  -1.6993882e-02   3.5962478e+00
  -2.9349084e+00   4.0641180e-01   2.5796710e+00
  -3.4820320e+00  -3.3700874e-01   2.5796710e+00
  -2.8995947e+00   8.2263754e-01   2.1176378e+00
  -4.1129745e+00  -8.5210013e-01   2.1176378e+00
  -3.1000131e+00   1.6417884e-01   2.5994077e+00
  -3.4227781e+00  -2.7167882e-01   2.5994077e+00
  -3.0300077e+00   9.7537995e-01   1.7211759e+00
  -4.5564735e+00  -1.1550702e+00   1.7211759e+00
  -2.8045397e+00   7.7296519e-01   2.3451414e+00
  -3.9089152e+00  -7.4050243e-01   2.3451414e+00
  -2.6974353e+00   5.0079252e-01   2.8998506e+00
  -3.4008549e+00  -4.4291831e-01   2.8998506e+00
  -2.8872186e+00   7.2749031e-01   2.2543735e+00
  -3.9734390e+00  -7.6320496e-01   2.2543735e+00
  -2.9259338e+00   3.2600009e-01   2.7058288e+00
  -3.3142862e+00  -1.9994437e-01   2.7058288e+00
  -2.7711874e+00   1.1142113e+00   1.9999463e+00
  -4.2745936e+00  -9.8221040e-01   1.9999463e+00
  -2.9080330e+00   5.1821868e-01   2.4816103e+00
  -3.6483914e+00  -4.9048005e-01   2.4816103e+00
  -3.4602442e+00   4.7989551e-01   1.5615929e+00
  -4.1865599e+00  -5.4310524e-01   1.5615929e+00
  -3.5367790e+00  -5.3766835e-02   2.0845147e+00
  -3.4871008e+00   1.4816411e-02   2.0845147e+00
  -3.1220716e+00   9.7420263e-01   1.5706693e+00
  -4.5404478e+00  -1.0252308e+00   1.5706693e+00
  -3.4225091e+00   3.8323912e-01   1.7386342e+00
  -3.9264101e+00  -3.2431472e-01   1.7386342e+00
  -4.2103856e+00  -5.7711753e-01   1.5636374e+00
  -3.3839335e+00   5.8989082e-01   1.5636374e+00
  -4.1794610e+00   9.2623984e-02   8.1855203e-01
  -4.4792446e+00  -3.3918759e-01   8.1855203e-01
  -4.1651954e+00  -2.6370279e-01   1.2501703e+00
  -3.7713745e+00   2.9962791e-01   1.2501703e+00
  -3.5353013e+00   7.4100242e-01   1.1515426e+00
  -4.1611961e+00  -1.7508046e-01   1.1515426e+00
  -3.6861052e+00   6.1089217e-02   1.6742463e+00
  -3.9325853e+00  -2.8266371e-01   1.6742463e+00
  -4.6030001e+00  -6.9937249e-01   1.0407961e+00
  -3.8201906e+00   4.1752755e-01   1.0407961e+00
