  -4.8190188e-01   6.4334043e+00   1.3956163e+00
   2.1461300e-01   9.0593799e+00   1.3301562e+00
  -1.5319475e+00   3.6594324e+00   1.5883334e+00
   2.6683002e-01   9.2449531e+00   1.3425976e+00
   1.5790421e-01   9.3360826e+00   1.1958417e+00
   2.1591032e-01   9.2313286e+00   1.2877527e+00
  -5.6025458e-01   6.7502264e+00   1.1648734e+00
   1.0239740e+00   1.0868440e+01   1.8409538e+00
  -3.4404255e-02   8.3849960e+00   1.2285719e+00
  -8.1849052e-01   8.4020721e+00   3.2106119e-01
  -8.0895840e-01   6.4179540e+00   9.9529385e-01
  -1.4833908e-01   9.0876160e+00   9.0832133e-01
  -3.9712727e-01   8.8352528e+00   6.8846158e-01
  -1.2600393e+00   8.8176149e+00  -2.7526009e-01
  -7.7719675e-01   8.1032034e+00   4.4960021e-01
  -6.1515663e-01   9.4506872e+00   3.0199992e-01
  -6.9271592e-01   7.9932797e+00   5.7863047e-01
  -1.3849668e+00   8.7662821e+00  -4.0214062e-01
  -7.2368859e-01   4.1387339e+00   2.4086772e+00
  -3.2460553e-01   5.7863006e+00   1.9120744e+00
   6.1971404e-01   9.5768885e+00   1.6644095e+00
  -1.0110980e+00   5.0079606e+00   1.4302026e+00
   1.7657130e-01   7.3019103e+00   1.8537247e+00
  -4.5900104e-02   6.2556947e+00   2.0368105e+00
   6.0507613e-01   8.5101714e+00   1.9451531e+00
  -1.4814800e+00   4.3003740e+00   1.2224661e+00
  -4.8468583e-02   6.9218798e+00   1.7286726e+00
  -1.0193167e+00   5.0075014e+00   1.4195093e+00
  -1.7278529e-01   8.8330333e+00   9.4468994e-01
  -2.1074052e+00   4.5398595e+00   2.6008668e-01
  -5.0046331e-01   8.3165103e+00   7.0785348e-01
  -1.5795152e+00   5.0711804e+00   6.5495380e-01
  -2.3134694e-01   8.2451366e+00   1.0400748e+00
  -2.3608012e+00   4.5127872e+00  -4.6731947e-02
   4.2026936e-01   9.2853931e+00   1.5083698e+00
  -1.8255469e+00   2.6197808e+00   2.0029874e+00
  -1.1598576e-01   6.9313356e+00   1.6404222e+00
  -9.5293076e-01   3.5341183e+00   2.5505841e+00
   5.2578358e-01   8.6506416e+00   1.8075261e+00
  -2.2004671e+00   2.3762037e+00   1.6438104e+00
  -1.3110064e-01   7.0511103e+00   1.5728137e+00
  -1.8380779e+00   2.6602067e+00   1.9467859e+00
  -2.0672543e-01   9.1731463e+00   8.2150172e-01
  -3.1901641e+00   1.8195579e+00   6.5135679e-01
  -4.5036266e-01   8.3276675e+00   7.6244007e-01
  -2.1794885e+00   2.8135957e+00   1.3020745e+00
  -3.5939141e-01   7.6963969e+00   1.0613148e+00
  -2.6448593e+00   2.5104744e+00   8.7001676e-01
   2.1001216e-02   7.0457976e+00   1.7638844e+00
   9.4234636e-01   8.8322988e+00   2.2468379e+00
   4.4548732e-01   8.5791178e+00   1.7342844e+00
  -5.3209040e-01   7.6892247e+00   8.5963675e-01
  -1.3905160e-01   6.9173557e+00   1.6174844e+00
  -8.5801855e-02   7.9599060e+00   1.2994742e+00
  -1.4597910e-01   9.1437863e+00   8.9731393e-01
  -1.0265212e+00   8.1510955e+00   1.5139481e-01
  -5.7812526e-01   8.2441243e+00   6.3875861e-01
  -6.1451103e-01   7.9838507e+00   6.7200555e-01
  -1.4252453e-01   8.2333126e+00   1.1473267e+00
  -1.2122040e+00   7.7210655e+00   5.9998376e-02
   9.9511914e-01   9.1681425e+00   2.2091818e+00
  -7.4631642e-01   7.0827513e+00   8.1248886e-01
   2.0163229e-01   7.1631683e+00   1.9411801e+00
  -1.8282272e-01   7.8601921e+00   1.2168419e+00
   2.1578074e-01   9.2300431e+00   1.2879260e+00
  -1.3638323e+00   7.4456957e+00  -3.2285558e-02
   1.4651617e-01   8.9458967e+00   1.2815935e+00
  -7.5024532e-01   7.5622889e+00   6.4420344e-01
   1.1322323e-01   8.2403527e+00   1.4459078e+00
  -1.5660523e+00   7.1692967e+00  -1.7982951e-01
  -9.8317281e-01   6.3221331e+00   8.2092881e-01
  -4.4984887e-01   6.9703877e+00   1.2130076e+00
  -9.2361848e-01   8.1779921e+00   2.6128907e-01
  -1.4004704e+00   6.5139704e+00   2.4004602e-01
  -1.2919133e+00   7.4130779e+00   6.0681236e-02
  -8.7482820e-01   6.9256802e+00   7.1574321e-01
  -1.1718194e+00   7.4262418e+00   1.9564726e-01
  -1.7346691e+00   6.4043973e+00  -1.1595985e-01
  -1.6749775e+00   7.6856135e+00  -4.5688011e-01
  -1.9806372e+00   5.9942362e+00  -2.5209914e-01
  -2.0466904e+00   6.7044105e+00  -5.8460520e-01
  -1.2688711e+00   6.6310958e+00   3.5330739e-01
  -1.9029750e+00   6.8264444e+00  -4.5877482e-01
  -2.0380516e+00   6.0817201e+00  -3.5389584e-01
  -1.0572413e+00   7.9721598e+00   1.6563192e-01
  -8.2168237e-01   7.7561618e+00   5.0009574e-01
  -8.6510491e-01   7.8266675e+00   4.2854353e-01
  -1.7759764e+00   7.1051659e+00  -4.0145505e-01
  -1.8489169e+00   7.0940663e+00  -4.8169999e-01
  -2.2921631e+00   7.5225171e+00  -1.1060740e+00
