  -5.9687071e-01   5.7138375e+00   1.5921768e+00
   5.1384923e-01   8.5161119e+00   1.8346582e+00
  -1.6546900e+00   3.1149606e+00   1.8333089e+00
   6.3135310e-01   8.7201187e+00   1.9114152e+00
  -4.4212449e-02   7.7024552e+00   1.4354530e+00
   7.9347937e-01   8.9344890e+00   2.0391741e+00
  -1.7710237e-01   6.6729893e+00   1.6738401e+00
   1.3918350e+00   9.4343177e+00   2.6017914e+00
  -4.0461704e-01   5.9413338e+00   1.7265893e+00
   7.0480609e-02   8.1107836e+00   1.4362655e+00
  -9.1466097e-01   5.0378841e+00   1.5418892e+00
   5.1632048e-01   8.3423481e+00   1.8929324e+00
  -4.0511787e-01   7.2732639e+00   1.1534369e+00
  -1.2711027e-01   8.4334525e+00   1.1064741e+00
  -1.0141992e+00   6.1657295e+00   8.4907736e-01
  -2.3954213e-01   8.6065216e+00   9.2821532e-01
  -6.3236036e-01   6.6628134e+00   1.1116453e+00
  -9.6873304e-02   8.3535191e+00   1.1649150e+00
  -7.6245893e-01   3.7891715e+00   2.6290404e+00
  -1.4336362e-01   5.3125031e+00   2.4321144e+00
   4.6694141e-01   8.1826579e+00   1.8864140e+00
  -4.7381639e-01   4.9110324e+00   2.2248513e+00
   3.8082394e-01   7.1721763e+00   2.1628867e+00
   3.0903338e-01   5.9370755e+00   2.6835092e+00
   4.1696376e-01   6.4481760e+00   2.5497059e+00
  -6.5676142e-01   4.5000768e+00   2.2422369e+00
  -1.0043520e-02   5.5856952e+00   2.4503662e+00
  -3.0055286e-01   5.2271638e+00   2.2662039e+00
  -1.7062837e-01   7.2610293e+00   1.4424207e+00
  -1.0137618e+00   5.0175689e+00   1.4211505e+00
  -7.5211449e-01   6.4277049e+00   1.0614033e+00
  -1.1720274e+00   5.0616650e+00   1.1871660e+00
  -1.2621827e-01   7.0262175e+00   1.5888807e+00
  -1.1770676e+00   4.8265567e+00   1.3136104e+00
   2.4504135e-01   8.0530032e+00   1.6632904e+00
  -1.3977751e+00   2.5128576e+00   2.8003055e+00
   2.0945792e-01   7.1217790e+00   1.9681965e+00
  -9.1206624e-01   2.9536036e+00   3.1638242e+00
   3.1064359e-01   6.4716364e+00   2.3967866e+00
  -1.3136250e+00   2.6959698e+00   2.7530858e+00
  -2.5044141e-01   5.5863579e+00   2.1214746e+00
  -1.2968305e+00   2.7222883e+00   2.7544324e+00
  -2.4634506e-01   7.3578221e+00   1.3144075e+00
  -2.0726131e+00   2.4267792e+00   1.7951241e+00
  -7.6523850e-01   6.4298248e+00   1.0442850e+00
  -1.7949737e+00   2.9552494e+00   1.7558122e+00
  -2.3254967e-01   6.5282192e+00   1.6679320e+00
  -1.5202199e+00   2.9395956e+00   2.1897939e+00
   4.0667321e-01   6.8359167e+00   2.3457901e+00
   1.4623119e+00   8.2912861e+00   3.0727458e+00
   1.0854612e-01   6.2593435e+00   2.2377773e+00
   3.5716528e-01   7.6953527e+00   1.9252256e+00
  -1.2730689e-01   5.4374788e+00   2.3774640e+00
   7.7837243e-01   7.8347546e+00   2.3928625e+00
  -5.5859127e-02   7.4666235e+00   1.5055404e+00
   1.2719340e-01   8.0526893e+00   1.5225230e+00
  -8.9129657e-01   6.2128570e+00   9.8097889e-01
  -1.5929099e-01   7.8324462e+00   1.2538988e+00
  -1.2247145e-01   6.8207605e+00   1.6787532e+00
   7.8714584e-03   7.5122251e+00   1.5662782e+00
   8.5937165e-01   6.8707199e+00   2.9237175e+00
   8.5031497e-02   6.6507588e+00   2.0170948e+00
   1.6209043e-01   5.6912921e+00   2.6254510e+00
   5.3582155e-01   7.3046304e+00   2.3028303e+00
   4.0655546e-01   7.7603242e+00   1.9617161e+00
  -2.7486908e-01   7.0956189e+00   1.3783691e+00
  -2.4849030e-01   6.8350693e+00   1.5154281e+00
  -4.0296882e-01   7.0997357e+00   1.2204850e+00
   2.6564566e-01   6.9511464e+00   2.1125075e+00
  -3.3006718e-01   6.9507008e+00   1.3675518e+00
  -1.2174442e+00   4.6364917e+00   1.3724115e+00
   2.6806567e-01   7.1185411e+00   2.0432833e+00
  -9.1175339e-01   6.6947517e+00   7.5830569e-01
  -2.4224434e-01   6.7924063e+00   1.5410139e+00
  -1.7174424e+00   5.4580969e+00   2.9399478e-01
  -5.4298897e-01   6.7017138e+00   1.2057891e+00
  -1.1694484e+00   6.0403812e+00   7.1147073e-01
  -4.9738859e-01   6.6151231e+00   1.2980724e+00
  -1.5263510e+00   6.3414840e+00   1.5519304e-01
  -8.8203583e-01   6.2793061e+00   9.6377029e-01
  -2.3426533e+00   4.8569141e+00  -1.9635284e-01
  -8.7374505e-01   6.5606850e+00   8.5726412e-01
  -1.8745560e+00   5.5014312e+00   8.1129575e-02
  -8.5136203e-01   6.4961599e+00   9.1076964e-01
  -1.3151547e+00   6.1188487e+00   4.9925287e-01
  -4.5766932e-01   7.5653052e+00   9.8844241e-01
  -7.8536922e-01   6.6160290e+00   9.4299452e-01
  -5.9820071e-01   6.7359368e+00   1.1240447e+00
  -1.8877678e+00   5.6297377e+00   8.9654606e-03
  -1.1108107e+00   7.3563964e+00   2.8876502e-01
