  -3.9640019e-01   5.9844726e+00   1.7155946e+00
   6.3340497e-01   1.1409268e+01   1.3158626e+00
  -1.3073858e+00   3.6945760e+00   1.8871751e+00
   6.5048381e-01   1.1400259e+01   1.3359383e+00
   5.8365804e-01   1.1111020e+01   1.3102853e+00
   8.2071626e-01   1.2088456e+01   1.4183381e+00
   3.0294235e-01   9.6614215e+00   1.2838394e+00
   1.3713904e+00   1.2524809e+01   1.9541328e+00
  -3.6524752e-02   8.2120284e+00   1.2781351e+00
  -6.7553567e-01   1.0323383e+01   6.9506286e-02
  -6.2111031e-01   7.0541309e+00   9.7341223e-01
  -7.4099047e-01   9.7722862e+00   9.8253865e-02
   2.5001118e-01   8.8465224e+00   1.4280935e+00
   4.3248037e-01   1.1008487e+01   1.1618592e+00
  -1.6493848e-01   9.9980590e+00   6.8900086e-01
  -3.1335742e-01   1.1424788e+01   2.8998030e-01
  -1.9264587e-01   8.1377313e+00   1.1175859e+00
   2.9570448e-01   1.1393132e+01   9.5105336e-01
  -3.5709878e-01   4.4020383e+00   2.7545285e+00
   3.6948689e-01   7.2377513e+00   2.1209260e+00
   1.2541464e+00   1.1860079e+01   1.9234866e+00
  -3.2061282e-01   6.7803965e+00   1.4485045e+00
   8.1384799e-01   1.0263580e+01   1.7277154e+00
   4.9747678e-01   7.9059145e+00   2.0198231e+00
   8.4063605e-01   8.8712550e+00   2.1138532e+00
  -8.8172163e-01   6.2656094e+00   9.7004031e-01
   9.9748350e-02   7.6368173e+00   1.6325811e+00
  -9.4018293e-01   6.8452662e+00   6.6706346e-01
   5.5990123e-01   8.9499893e+00   1.7601915e+00
  -6.6683305e-02   7.2970963e+00   1.5557903e+00
   3.6268768e-01   1.0458145e+01   1.1840026e+00
  -8.1805424e-01   6.7634482e+00   8.4523896e-01
   4.1642920e-01   8.7699910e+00   1.6436494e+00
  -5.6552807e-01   6.8714382e+00   1.1103473e+00
   8.8991506e-01   1.0926548e+01   1.6808425e+00
  -1.0576458e+00   3.7384599e+00   2.2223686e+00
   6.2439613e-01   9.6126578e+00   1.6610436e+00
  -3.5336532e-01   4.5290469e+00   2.6642037e+00
   6.7708589e-01   8.5055967e+00   2.0326893e+00
  -1.3682359e+00   3.8189142e+00   1.7064931e+00
   2.7844399e-01   7.8107384e+00   1.7871682e+00
  -1.7913622e+00   3.5633228e+00   1.2890810e+00
   3.8809976e-01   8.5586927e+00   1.6727113e+00
  -8.2149145e-01   4.3262289e+00   2.1277200e+00
   2.8188341e-01   1.0042559e+01   1.1769577e+00
  -1.5366266e+00   3.8977954e+00   1.4119125e+00
   2.6393970e-01   7.8807330e+00   1.7448908e+00
  -8.0175761e-01   4.4740186e+00   2.0528926e+00
   8.8962489e-01   9.8555830e+00   1.9061575e+00
   1.3847967e+00   1.1102836e+01   2.1993323e+00
   5.2138916e-01   8.6650691e+00   1.7979847e+00
  -2.2591494e-01   9.6348697e+00   6.9582593e-01
   1.3764477e-01   7.6690026e+00   1.6669852e+00
  -4.1236304e-01   9.0823779e+00   6.1099517e-01
   6.1876014e-01   8.9987826e+00   1.8152735e+00
   8.2730553e-01   1.0728764e+01   1.6484724e+00
   2.3627013e-01   1.0287645e+01   1.0767245e+00
  -2.3177241e-02   1.0297752e+01   7.8784627e-01
   3.4489424e-01   8.4761063e+00   1.6468098e+00
   2.5847038e-01   9.8324933e+00   1.1954865e+00
   1.1588206e+00   9.0311781e+00   2.4441842e+00
  -2.5594406e-01   9.2411547e+00   7.4994035e-01
   5.2315741e-01   7.8585872e+00   2.0685012e+00
  -4.7775874e-01   9.3976609e+00   4.6615205e-01
   1.0390501e+00   9.2645282e+00   2.2334454e+00
   7.1889650e-01   1.0206004e+01   1.6329841e+00
   9.0198301e-01   1.1028876e+01   1.6755227e+00
  -1.3110523e-01   9.9775978e+00   7.3052600e-01
   5.7737131e-01   8.3266380e+00   1.9713201e+00
   2.0908048e-01   1.0104819e+01   1.0828978e+00
  -5.0313874e-01   7.2162268e+00   1.0560796e+00
  -5.6023894e-01   8.4091304e+00   6.1371504e-01
  -3.3135731e-01   8.1962775e+00   9.3805166e-01
   7.7865169e-01   9.6865188e+00   1.8198141e+00
  -5.3295381e-01   9.4130919e+00   4.0134052e-01
  -1.5527007e-01   8.7029675e+00   9.9909465e-01
  -6.1670263e-01   7.6692998e+00   7.6655824e-01
   1.4041422e-01   9.1093341e+00   1.2321406e+00
  -1.0122572e+00   7.6312070e+00   3.1720467e-01
   4.4628966e-02   8.4031650e+00   1.3156227e+00
  -1.4015766e+00   8.3579067e+00  -3.2477316e-01
  -7.9444491e-01   8.0802975e+00   4.3627066e-01
  -1.2264946e+00   7.1377509e+00   2.2508423e-01
  -2.7671545e-01   8.1934247e+00   1.0025291e+00
  -4.5812656e-01   1.0200003e+01   3.2823915e-01
  -1.9811526e-01   1.0302210e+01   5.9457152e-01
  -2.9684142e-01   8.1489903e+00   9.9232191e-01
   4.0646342e-02   9.5754942e+00   1.0073989e+00
  -1.4049418e+00   7.2372113e+00  -1.5005846e-02
  -6.6136673e-01   1.0345344e+01   8.1142327e-02
