  -4.1620553e+00  -1.3539259e+00   2.8001001e+00
  -2.1514323e+00   1.3128323e+00   2.8512000e+00
  -4.1304193e+00  -1.1946762e+00   2.6043285e+00
  -2.2484835e+00   1.3439215e+00   2.6387096e+00
  -3.6661542e+00  -5.1554511e-01   2.4839461e+00
  -2.7321939e+00   7.1989571e-01   2.5423887e+00
  -3.8760612e+00  -1.1124330e+00   2.9978072e+00
  -1.8628929e+00   1.5240081e+00   3.1156786e+00
  -3.4406673e+00   2.8860135e-01   1.8213505e+00
  -3.7737447e+00  -1.9259887e-01   1.8397673e+00
  -4.0139556e+00   2.0901252e-02   1.1678123e+00
  -4.0784027e+00  -1.5350342e-01   1.2645322e+00
  -3.4641063e+00  -1.9104386e-01   2.4052986e+00
  -2.9886337e+00   4.3052943e-01   2.4483729e+00
  -3.7547624e+00   7.7402644e-02   1.5365011e+00
  -3.7306509e+00   8.2027090e-02   1.5721300e+00
  -3.7117353e+00  -7.1376963e-03   1.7139858e+00
  -3.3598174e+00   4.7240574e-01   1.7401513e+00
  -3.3869837e+00  -5.0748322e-01   3.0296278e+00
  -2.4599639e+00   7.3361119e-01   3.0334492e+00
  -2.4973408e+00   5.5891099e-01   3.2073178e+00
  -3.4207693e+00  -6.6015151e-01   3.2073546e+00
  -2.8120722e+00  -2.6803264e-02   3.4592813e+00
  -2.4014406e+00   4.9018657e-01   3.5029852e+00
  -2.4194221e+00   1.2426593e+00   2.4575359e+00
  -4.1179100e+00  -1.0853911e+00   2.4570994e+00
  -3.1235381e+00   8.5312844e-01   1.7014234e+00
  -4.0972103e+00  -5.5096133e-01   1.7305860e+00
  -3.1392499e+00   6.7733672e-02   2.6594544e+00
  -3.2937429e+00  -1.3902708e-01   2.6571592e+00
  -3.0035769e+00   8.4212182e-01   1.9160065e+00
  -4.2697259e+00  -9.2615139e-01   1.9290793e+00
  -2.9821457e+00   6.5176275e-01   2.1795837e+00
  -3.8104135e+00  -4.8874770e-01   2.1709037e+00
  -2.0851659e+00   1.2528141e+00   3.0493648e+00
  -3.7870002e+00  -1.0620425e+00   3.1024216e+00
  -2.4894159e+00   4.2558625e-01   3.4210379e+00
  -2.8712771e+00  -1.5077257e-01   3.5358877e+00
  -1.9989838e+00   1.8775334e+00   2.4616861e+00
  -4.2432647e+00  -1.2681375e+00   2.4929873e+00
  -2.4635757e+00   1.9535035e+00   1.6283290e+00
  -4.9827790e+00  -1.7006335e+00   1.7150268e+00
  -2.7628808e+00   7.2901239e-01   2.4750117e+00
  -4.0331869e+00  -1.0342605e+00   2.5466625e+00
  -2.4709262e+00   1.6573504e+00   1.9112812e+00
  -4.5300554e+00  -1.2967417e+00   1.9750162e+00
  -2.6160625e+00   1.1028167e+00   2.2790170e+00
  -3.8118636e+00  -5.9405126e-01   2.3178636e+00
  -3.4580448e+00  -9.0119221e-01   3.5428562e+00
  -2.0349869e+00   8.4263339e-01   3.7215620e+00
  -2.8452358e+00   8.2980718e-01   2.2038769e+00
  -3.7732381e+00  -5.0296432e-01   2.2608345e+00
  -3.2480726e+00   7.2981182e-01   1.6321318e+00
  -4.0262913e+00  -4.7002059e-01   1.7507385e+00
  -3.3306956e+00  -1.8139555e-01   2.6468603e+00
  -2.9222181e+00   2.9736850e-01   2.7525790e+00
  -3.5186781e+00   3.1253498e-01   1.6583298e+00
  -3.8738297e+00  -2.7156351e-01   1.7638023e+00
  -3.1709465e+00   3.8041714e-01   2.1825470e+00
  -3.4772469e+00  -9.3808438e-02   2.2469103e+00
  -2.1775913e+00   1.3257882e+00   2.7877487e+00
  -4.0217319e+00  -1.1673764e+00   2.7834156e+00
  -2.8367378e+00   1.0618668e+00   1.9482005e+00
  -4.2126712e+00  -8.8388434e-01   1.9756002e+00
  -2.8344829e+00   3.5349013e-01   2.8422782e+00
  -3.1740623e+00  -1.0650612e-01   2.8436060e+00
  -2.8420675e+00   8.7383222e-01   2.1567345e+00
  -3.9084452e+00  -6.1182816e-01   2.1602312e+00
  -2.9514670e+00   4.3760742e-01   2.5074657e+00
  -3.4837732e+00  -2.8552770e-01   2.5017883e+00
  -3.8633475e+00   3.5919177e-01   1.0347112e+00
  -4.0324715e+00   4.3482561e-03   1.1562800e+00
  -4.0548679e+00  -6.5622170e-01   1.9497727e+00
  -2.7560151e+00   1.0316595e+00   2.1201911e+00
  -3.9343083e+00   2.7998118e-03   1.3215046e+00
  -3.6205536e+00   2.8049260e-01   1.5232841e+00
  -4.1955839e+00  -4.1384556e-01   1.3820103e+00
  -3.2303575e+00   8.1041995e-01   1.5716547e+00
  -4.4451095e+00  -8.9064197e-01   1.5600895e+00
  -2.9765304e+00   1.1620046e+00   1.6070628e+00
  -4.7217199e+00  -6.1898703e-01   7.4726143e-01
  -3.8320851e+00   6.2223923e-01   8.0670136e-01
  -4.7077697e+00  -8.0374124e-01   9.9243972e-01
  -3.3913498e+00   1.0634498e+00   1.0479010e+00
  -3.8416207e+00   2.9378519e-01   1.1417829e+00
  -3.6475113e+00   5.0907146e-01   1.2199660e+00
  -4.0387107e+00  -3.0578358e-01   1.5181056e+00
  -3.6313944e+00   2.1913543e-01   1.5772955e+00
  -4.8817583e+00  -9.7872105e-01   9.1556675e-01
  -3.6466972e+00   7.9719240e-01   9.1758814e-01
