  -3.8637343e+00  -6.2353499e-01   2.2614751e+00
  -1.9676355e+00   2.2460563e+00   2.1322794e+00
  -3.5672430e+00  -2.0713333e-01   2.2344365e+00
  -2.2491443e+00   1.7763734e+00   2.1511777e+00
  -3.0292913e+00   1.1327655e+00   1.5523032e+00
  -2.9820107e+00   1.1294730e+00   1.6327796e+00
  -3.5989638e+00  -6.2366114e-01   2.7799336e+00
  -1.4244941e+00   2.5034906e+00   2.7651147e+00
  -3.0099131e+00   1.0118385e+00   1.7143499e+00
  -3.2883871e+00   8.1091758e-01   1.4757052e+00
  -3.1673381e+00   1.1394308e+00   1.3237019e+00
  -3.8464653e+00   2.7020683e-01   1.1601578e+00
  -3.0421188e+00   7.7159275e-01   1.9320638e+00
  -2.7552199e+00   1.2858167e+00   1.8374627e+00
  -3.1833936e+00   1.3891337e+00   1.0514164e+00
  -3.7804542e+00   5.6916429e-01   9.4270258e-01
  -3.2400594e+00   7.7025115e-01   1.6001709e+00
  -2.7352598e+00   1.5699470e+00   1.5747398e+00
  -2.8313383e+00   4.8542967e-01   2.6670658e+00
  -2.7727705e+00   6.4037797e-01   2.5708009e+00
  -2.0058603e+00   2.0416718e+00   2.2761446e+00
  -3.7986390e+00  -5.5505879e-01   2.2869660e+00
  -2.5851637e+00   3.6939370e-01   3.3111328e+00
  -2.1504870e+00   1.0562524e+00   3.1860821e+00
  -2.0459010e+00   1.8524020e+00   2.4096275e+00
  -3.8734044e+00  -5.7871567e-01   2.1792806e+00
  -2.4061852e+00   1.7755673e+00   1.8950873e+00
  -3.9842581e+00  -3.7021070e-01   1.6954227e+00
  -2.6758573e+00   9.6550748e-01   2.3378721e+00
  -3.2076629e+00   2.4842750e-01   2.2862382e+00
  -2.6439960e+00   1.9724675e+00   1.3315073e+00
  -4.4759612e+00  -7.0301073e-01   1.2618361e+00
  -2.4546821e+00   1.3162257e+00   2.3104383e+00
  -3.3688163e+00   4.6763990e-02   2.2577976e+00
  -1.7568683e+00   2.5334672e+00   2.1917888e+00
  -4.1029679e+00  -1.0242918e+00   2.3925895e+00
  -2.2477008e+00   9.2597907e-01   3.1770862e+00
  -2.8034530e+00   7.1911075e-02   3.3206033e+00
  -1.7975139e+00   2.4237310e+00   2.2322814e+00
  -4.0558746e+00  -8.4183928e-01   2.2114065e+00
  -1.8682235e+00   2.6989575e+00   1.8656086e+00
  -4.8041503e+00  -1.5563786e+00   1.8388317e+00
  -2.3784554e+00   1.6352090e+00   2.0865449e+00
  -4.0563887e+00  -8.4751262e-01   2.2187163e+00
  -2.1637504e+00   2.7933401e+00   1.3415673e+00
  -4.8658014e+00  -1.3880908e+00   1.4821093e+00
  -2.1763666e+00   1.6579021e+00   2.4016269e+00
  -3.4285890e+00  -2.2549163e-01   2.5216190e+00
  -3.1567188e+00  -3.1470167e-01   3.1991491e+00
  -1.7162053e+00   1.6376586e+00   3.2439380e+00
  -2.4272404e+00   1.5725675e+00   2.0725035e+00
  -3.2477504e+00   5.1469514e-01   1.8822112e+00
  -2.6831719e+00   1.4810608e+00   1.7489255e+00
  -3.5924347e+00   2.6032669e-01   1.5946648e+00
  -2.8011662e+00   8.5779713e-01   2.2474289e+00
  -2.6416871e+00   1.1024462e+00   2.2350028e+00
  -2.9771440e+00   1.5793343e+00   1.1872854e+00
  -3.8272093e+00   2.7276278e-01   1.1887769e+00
  -2.8022177e+00   9.9162392e-01   2.0872606e+00
  -2.7521382e+00   1.0536177e+00   2.1014577e+00
  -1.9930907e+00   1.7980813e+00   2.5592310e+00
  -3.5408565e+00  -1.9293544e-01   2.2640254e+00
  -2.1876020e+00   1.8317089e+00   2.1947878e+00
  -3.7968951e+00  -2.7636616e-01   1.9075483e+00
  -2.3186929e+00   1.2817467e+00   2.5886911e+00
  -2.9206355e+00   5.3764546e-01   2.4333947e+00
  -2.2287680e+00   2.2373351e+00   1.7272747e+00
  -4.1074924e+00  -4.5318042e-01   1.5848769e+00
  -2.5721747e+00   1.0031140e+00   2.4758891e+00
  -2.8595555e+00   6.5533252e-01   2.3937101e+00
  -3.2302861e+00   1.1894213e+00   1.1738391e+00
  -3.6168730e+00   6.1836933e-01   1.1511719e+00
  -3.7310839e+00   2.4944250e-01   1.3740222e+00
  -2.5615952e+00   1.7981404e+00   1.6242984e+00
  -3.9575483e+00   8.5017996e-01   3.9120177e-01
  -3.7647154e+00   8.4218992e-01   6.9033018e-01
  -3.7457733e+00   2.3244441e-01   1.3691353e+00
  -2.7149942e+00   1.5027542e+00   1.6751642e+00
  -4.0723506e+00   9.3169856e-02   9.9031012e-01
  -2.9736118e+00   1.6172666e+00   1.1568732e+00
  -4.4486237e+00   5.0911372e-01  -1.4853840e-02
  -4.0188898e+00   1.0276656e+00   1.3742594e-01
  -4.3227750e+00  -1.4555952e-01   8.5235987e-01
  -3.0268614e+00   1.6858441e+00   1.0122738e+00
  -3.0188174e+00   1.6774825e+00   1.0320938e+00
  -3.7075299e+00   5.7542233e-01   1.0518825e+00
  -3.4573692e+00   4.7523780e-01   1.5717744e+00
  -3.1221432e+00   9.4424991e-01   1.6030894e+00
  -4.6021994e+00  -4.2782947e-01   7.2048795e-01
  -3.2419984e+00   1.6155658e+00   7.5358503e-01
