   1.3405901e+01   1.5066372e+01   1.8518436e+01
   1.3273496e+01   1.5333143e+01   1.7627979e+01
   1.2745768e+01   1.3495994e+01   2.0931357e+01
   1.4627216e+01   1.5984442e+01   2.0447618e+01
   1.1964603e+01   1.6376091e+01   1.4016112e+01
   1.3845876e+01   1.5681684e+01   1.8586894e+01
   1.1187095e+01   1.4959753e+01   1.3685537e+01
   1.4263000e+01   1.5444914e+01   2.0614775e+01
   1.2974914e+01   1.4598662e+01   1.8182256e+01
   1.5047363e+01   1.5972572e+01   2.2325618e+01
   1.3184192e+01   1.4305194e+01   1.9772667e+01
   1.4098633e+01   1.5104367e+01   2.1076860e+01
   1.4660695e+01   1.5869834e+01   2.0915306e+01
   1.3512658e+01   1.4427842e+01   2.0878891e+01
   1.1628777e+01   1.2072378e+01   2.2018068e+01
   1.4671381e+01   1.5369954e+01   2.3076039e+01
   1.0104519e+01   1.3270094e+01   1.3164772e+01
   1.4076336e+01   1.5238570e+01   2.0497494e+01
   1.1099813e+01   1.1345723e+01   2.3999689e+01
   1.2045855e+01   1.2339820e+01   2.4133179e+01
   1.4485162e+01   1.5335817e+01   2.2109149e+01
   1.2678883e+01   1.3140520e+01   2.2848273e+01
   1.4250949e+01   1.5243654e+01   2.1275430e+01
   1.3777915e+01   1.4202633e+01   2.4247340e+01
   1.3663454e+01   1.4188199e+01   2.3264032e+01
   1.3719627e+01   1.4125759e+01   2.4377068e+01
   1.2889280e+01   1.3523298e+01   2.1748054e+01
   1.3139591e+01   1.3533615e+01   2.3946083e+01
   1.3684397e+01   1.4627533e+01   2.0926651e+01
   1.2987415e+01   1.3251295e+01   2.5483192e+01
   1.1394828e+01   1.1710923e+01   2.3215014e+01
   1.2833482e+01   1.3061714e+01   2.5950634e+01
   1.2795892e+01   1.3326958e+01   2.2382403e+01
   1.3352404e+01   1.3609817e+01   2.5937163e+01
   1.4642132e+01   1.5435999e+01   2.2535859e+01
   1.1351335e+01   1.1530571e+01   2.5579269e+01
   1.3367171e+01   1.4197709e+01   2.1122204e+01
   1.1912933e+01   1.2039578e+01   2.7591458e+01
   1.2694601e+01   1.3133915e+01   2.3068588e+01
   1.1570363e+01   1.1760463e+01   2.5533409e+01
   1.1641436e+01   1.2165694e+01   2.1339388e+01
   1.1163540e+01   1.1323642e+01   2.5886165e+01
   1.3020153e+01   1.3528761e+01   2.2774541e+01
   1.0926250e+01   1.1064087e+01   2.6306447e+01
   1.0258679e+01   1.0554745e+01   2.2436155e+01
   1.0633878e+01   1.0751116e+01   2.6730290e+01
   1.1966300e+01   1.2352752e+01   2.2910551e+01
   1.1226005e+01   1.1340442e+01   2.7383090e+01
   1.4125625e+01   1.4657966e+01   2.3651124e+01
   1.4328854e+01   1.4622985e+01   2.6314787e+01
   1.3252917e+01   1.3825705e+01   2.2510421e+01
   1.4621742e+01   1.5020546e+01   2.5324441e+01
   1.3384476e+01   1.3871687e+01   2.3301001e+01
   1.4353854e+01   1.4705519e+01   2.5589592e+01
   1.4204900e+01   1.4757576e+01   2.3574295e+01
   1.3443014e+01   1.3679504e+01   2.6382714e+01
   1.1738143e+01   1.2050632e+01   2.3585672e+01
   1.3676574e+01   1.3924494e+01   2.6407135e+01
   1.3283283e+01   1.3732698e+01   2.3537510e+01
   1.3870682e+01   1.4155361e+01   2.6010234e+01
   1.3844367e+01   1.4305057e+01   2.3974688e+01
   1.3784639e+01   1.3995583e+01   2.7195551e+01
   1.4077063e+01   1.4432725e+01   2.5274902e+01
   1.3913015e+01   1.4113509e+01   2.7534962e+01
   1.4185556e+01   1.4595814e+01   2.4784514e+01
   1.3709509e+01   1.3873349e+01   2.8199251e+01
   1.1816352e+01   1.2027567e+01   2.5316210e+01
   1.3902427e+01   1.4102414e+01   2.7535521e+01
   1.3561918e+01   1.3903733e+01   2.4944905e+01
   1.4430906e+01   1.4634863e+01   2.7961821e+01
   1.3153239e+01   1.3957839e+01   2.1042536e+01
   1.3264685e+01   1.3427215e+01   2.7807121e+01
   1.4675442e+01   1.5083790e+01   2.5278225e+01
   1.2802454e+01   1.2933248e+01   2.8295256e+01
   1.1727248e+01   1.1961565e+01   2.4791702e+01
   1.3042396e+01   1.3169912e+01   2.8632620e+01
   1.3495664e+01   1.3964066e+01   2.3570339e+01
   1.3148836e+01   1.3325889e+01   2.7331237e+01
   1.4669203e+01   1.5232347e+01   2.3947649e+01
   1.2114419e+01   1.2268472e+01   2.6942603e+01
   1.1663074e+01   1.1895498e+01   2.4765797e+01
   1.2716035e+01   1.2889194e+01   2.7013466e+01
   1.2637296e+01   1.2959653e+01   2.4306258e+01
   1.3101036e+01   1.3247875e+01   2.8084526e+01
   1.1251903e+01   1.1419599e+01   2.5770538e+01
   1.4035223e+01   1.4175353e+01   2.9180593e+01
   1.2728760e+01   1.2956070e+01   2.5868064e+01
   1.4254821e+01   1.4426182e+01   2.8532925e+01
   1.2813800e+01   1.3070263e+01   2.5438053e+01
   1.1535518e+01   1.1624463e+01   2.8755484e+01
