   4.8734727e+00   4.9350985e+00   2.4593464e+01
   5.8507548e+00   6.0035740e+00   2.1435513e+01
   4.0658053e+00   4.0991455e+00   2.6658038e+01
   5.9348411e+00   6.0098954e+00   2.4567650e+01
   5.9795746e+00   6.5711921e+00   1.5793884e+01
   6.3564573e+00   6.5492911e+00   2.0846914e+01
   5.2155292e+00   5.7230805e+00   1.5820135e+01
   6.6112022e+00   6.7814193e+00   2.1591072e+01
   5.7964808e+00   5.9568450e+00   2.1185113e+01
   6.2601073e+00   6.3421719e+00   2.4444019e+01
   4.9345408e+00   5.0309980e+00   2.2703060e+01
   6.1369475e+00   6.1951375e+00   2.5830117e+01
   5.4686853e+00   5.5034498e+00   2.7530122e+01
   6.3025627e+00   6.3348662e+00   2.8512083e+01
   4.5712310e+00   4.5920051e+00   2.9079129e+01
   6.3693621e+00   6.3931953e+00   2.9884395e+01
   4.3006166e+00   4.8591182e+00   1.4712052e+01
   6.4746034e+00   6.6665163e+00   2.0964382e+01
   4.1606151e+00   4.1729404e+00   3.1043502e+01
   4.9032227e+00   4.9144348e+00   3.2003792e+01
   6.8064556e+00   6.8654564e+00   2.6317961e+01
   4.8693521e+00   4.8847133e+00   3.0611899e+01
   6.0761087e+00   6.1049206e+00   2.8824997e+01
   5.1166617e+00   5.1257447e+00   3.3080161e+01
   5.9825842e+00   6.0142148e+00   2.8345523e+01
   4.8780150e+00   4.8868511e+00   3.3018427e+01
   5.1488258e+00   5.2064196e+00   2.5096282e+01
   5.0774725e+00   5.0984659e+00   2.9414841e+01
   5.2995188e+00   5.3751209e+00   2.4035869e+01
   4.9480802e+00   4.9784759e+00   2.7711477e+01
   4.4925405e+00   4.5065860e+00   3.0719085e+01
   4.9353038e+00   4.9431727e+00   3.3564972e+01
   5.1715921e+00   5.1958033e+00   2.8868443e+01
   4.9956937e+00   5.0040277e+00   3.3361503e+01
   6.8024770e+00   6.8632963e+00   2.6183421e+01
   3.9381233e+00   3.9543760e+00   2.9683290e+01
   5.9621534e+00   5.9990910e+00   2.7657169e+01
   4.0833776e+00   4.0930312e+00   3.2048295e+01
   5.9985915e+00   6.0456043e+00   2.6641874e+01
   4.0859963e+00   4.0967638e+00   3.1576142e+01
   5.1082705e+00   5.1529196e+00   2.6167353e+01
   4.0902887e+00   4.1018677e+00   3.1263837e+01
   5.2142689e+00   5.2456473e+00   2.7777038e+01
   3.9074738e+00   3.9130279e+00   3.4322266e+01
   4.5599522e+00   4.5792155e+00   2.9398311e+01
   4.1356272e+00   4.1415594e+00   3.4199817e+01
   5.1832080e+00   5.2255834e+00   2.6451265e+01
   4.1507195e+00   4.1626305e+00   3.1184736e+01
   5.8833461e+00   5.9130959e+00   2.8532041e+01
   6.7948147e+00   6.8076481e+00   3.2918340e+01
   5.8645229e+00   5.9198741e+00   2.5828176e+01
   6.8088666e+00   6.8360124e+00   2.9681063e+01
   5.0976085e+00   5.1293382e+00   2.7639231e+01
   6.7943067e+00   6.8118737e+00   3.1555921e+01
   5.3390692e+00   5.3662984e+00   2.8488248e+01
   6.6971555e+00   6.7118689e+00   3.2244598e+01
   4.4820064e+00   4.4997426e+00   2.9698984e+01
   6.7673147e+00   6.7864680e+00   3.1158654e+01
   5.1415651e+00   5.1678289e+00   2.8492522e+01
   6.7776801e+00   6.7949138e+00   3.1625238e+01
   5.9869085e+00   6.0085244e+00   2.9999341e+01
   5.8148181e+00   5.8267417e+00   3.2443121e+01
   5.1842058e+00   5.2002963e+00   3.0650411e+01
   5.8235439e+00   5.8314732e+00   3.4220553e+01
   5.4845942e+00   5.4968116e+00   3.2077815e+01
   5.8535071e+00   5.8614533e+00   3.4235166e+01
   4.5947054e+00   4.6048923e+00   3.2188790e+01
   5.8821506e+00   5.8909840e+00   3.3798462e+01
   5.1910427e+00   5.2071380e+00   3.0654380e+01
   5.8380314e+00   5.8474275e+00   3.3495416e+01
   4.9559934e+00   5.0444761e+00   2.3092085e+01
   5.7279158e+00   5.7415465e+00   3.1793753e+01
   5.3653464e+00   5.3819449e+00   3.0655363e+01
   5.7937368e+00   5.8006608e+00   3.4785485e+01
   4.4733591e+00   4.4844321e+00   3.1736966e+01
   5.7750231e+00   5.7838436e+00   3.3719837e+01
   5.1172255e+00   5.1447405e+00   2.8272098e+01
   5.7651000e+00   5.7839218e+00   3.0423205e+01
   5.4000834e+00   5.4283764e+00   2.8369457e+01
   4.9556927e+00   4.9737608e+00   2.9973065e+01
   4.4316311e+00   4.4433835e+00   3.1447786e+01
   4.8858522e+00   4.8993210e+00   3.1194855e+01
   5.0846503e+00   5.0999499e+00   3.0792858e+01
   4.9751342e+00   4.9849313e+00   3.2643848e+01
   4.6788917e+00   4.6865194e+00   3.3507361e+01
   5.3872954e+00   5.3929842e+00   3.5319901e+01
   5.0446364e+00   5.0557988e+00   3.2130469e+01
   5.1486944e+00   5.1553724e+00   3.4439937e+01
   5.0589265e+00   5.0728168e+00   3.1192526e+01
   4.3208774e+00   4.3270862e+00   3.4136455e+01
