   1.3786656e+01   1.5584137e+01   1.8604068e+01
   1.3632622e+01   1.5883871e+01   1.7673964e+01
   1.3197383e+01   1.4079840e+01   2.0718561e+01
   1.4558610e+01   1.6081351e+01   1.9955108e+01
   1.2046390e+01   1.6556689e+01   1.4038804e+01
   1.4028048e+01   1.6001382e+01   1.8510964e+01
   1.1244545e+01   1.5112550e+01   1.3670719e+01
   1.4258226e+01   1.5509088e+01   2.0394861e+01
   1.3164039e+01   1.4889084e+01   1.8146539e+01
   1.5500908e+01   1.6558338e+01   2.2249113e+01
   1.3409031e+01   1.4581827e+01   1.9816505e+01
   1.4428113e+01   1.5535647e+01   2.1024122e+01
   1.5099722e+01   1.6365499e+01   2.1170666e+01
   1.3791698e+01   1.4765212e+01   2.0906383e+01
   1.1894764e+01   1.2327492e+01   2.2371994e+01
   1.4968287e+01   1.5776979e+01   2.2779720e+01
   1.0267824e+01   1.3550329e+01   1.3209622e+01
   1.4268680e+01   1.5574205e+01   2.0243783e+01
   1.1499813e+01   1.1768041e+01   2.4005886e+01
   1.2302160e+01   1.2657859e+01   2.3575152e+01
   1.4821368e+01   1.5626692e+01   2.2653234e+01
   1.2724796e+01   1.3248880e+01   2.2368856e+01
   1.4447732e+01   1.5406397e+01   2.1602727e+01
   1.4108054e+01   1.4623471e+01   2.3766722e+01
   1.4038377e+01   1.4552470e+01   2.3709951e+01
   1.4108953e+01   1.4582297e+01   2.4118179e+01
   1.3195030e+01   1.3846815e+01   2.1929156e+01
   1.3269521e+01   1.3728600e+01   2.3436252e+01
   1.3983285e+01   1.4976618e+01   2.1013309e+01
   1.3262942e+01   1.3560599e+01   2.5238817e+01
   1.1656236e+01   1.1976497e+01   2.3405295e+01
   1.3143650e+01   1.3415315e+01   2.5509727e+01
   1.3164350e+01   1.3712387e+01   2.2606140e+01
   1.3738054e+01   1.4041915e+01   2.5608139e+01
   1.5014257e+01   1.5815523e+01   2.2861167e+01
   1.1752076e+01   1.1952823e+01   2.5471962e+01
   1.3646895e+01   1.4471115e+01   2.1422319e+01
   1.2308463e+01   1.2452256e+01   2.7420782e+01
   1.2936579e+01   1.3393839e+01   2.3133793e+01
   1.1897630e+01   1.2105282e+01   2.5465054e+01
   1.1867391e+01   1.2379227e+01   2.1651448e+01
   1.1336762e+01   1.1508258e+01   2.5754039e+01
   1.3220119e+01   1.3730046e+01   2.2955542e+01
   1.1199372e+01   1.1344117e+01   2.6350892e+01
   1.0501928e+01   1.0797272e+01   2.2670529e+01
   1.0856846e+01   1.0987815e+01   2.6461195e+01
   1.2168194e+01   1.2563601e+01   2.3006034e+01
   1.1515812e+01   1.1630144e+01   2.7657565e+01
   1.4320109e+01   1.4834046e+01   2.3983678e+01
   1.4387861e+01   1.4723448e+01   2.5818318e+01
   1.3571229e+01   1.4146981e+01   2.2795420e+01
   1.5003626e+01   1.5448230e+01   2.5244278e+01
   1.3824845e+01   1.4349016e+01   2.3424092e+01
   1.4636766e+01   1.5063239e+01   2.5060464e+01
   1.4487870e+01   1.5057228e+01   2.3726891e+01
   1.3562583e+01   1.3833947e+01   2.5915895e+01
   1.1966733e+01   1.2262662e+01   2.4030397e+01
   1.3740163e+01   1.4052358e+01   2.5496465e+01
   1.3570022e+01   1.4021277e+01   2.3796045e+01
   1.4144912e+01   1.4464139e+01   2.5793047e+01
   1.4181607e+01   1.4617223e+01   2.4531859e+01
   1.4005376e+01   1.4278975e+01   2.6307353e+01
   1.4488519e+01   1.4845151e+01   2.5661305e+01
   1.4238974e+01   1.4475183e+01   2.7153686e+01
   1.4510122e+01   1.4894269e+01   2.5372130e+01
   1.3961092e+01   1.4152656e+01   2.7775024e+01
   1.2043509e+01   1.2241602e+01   2.5803096e+01
   1.4078877e+01   1.4312844e+01   2.7039594e+01
   1.3862792e+01   1.4190202e+01   2.5414792e+01
   1.4788884e+01   1.5045366e+01   2.7337579e+01
   1.3416043e+01   1.4216406e+01   2.1316502e+01
   1.3408375e+01   1.3595781e+01   2.7337463e+01
   1.4928764e+01   1.5299977e+01   2.5920973e+01
   1.2961539e+01   1.3118062e+01   2.7678449e+01
   1.2014672e+01   1.2227450e+01   2.5471754e+01
   1.3363546e+01   1.3505274e+01   2.8487073e+01
   1.3892125e+01   1.4332375e+01   2.4208513e+01
   1.3500688e+01   1.3699179e+01   2.7181443e+01
   1.4933756e+01   1.5430009e+01   2.4722977e+01
   1.2320868e+01   1.2500181e+01   2.6489532e+01
   1.1967570e+01   1.2180500e+01   2.5424283e+01
   1.3069926e+01   1.3272221e+01   2.6688443e+01
   1.2952971e+01   1.3249963e+01   2.4951794e+01
   1.3466834e+01   1.3638986e+01   2.7755295e+01
   1.1495695e+01   1.1656528e+01   2.6176831e+01
   1.4317602e+01   1.4490435e+01   2.8557053e+01
   1.2997747e+01   1.3196097e+01   2.6703278e+01
   1.4486932e+01   1.4692472e+01   2.7983146e+01
   1.3087544e+01   1.3319093e+01   2.6131898e+01
   1.1774280e+01   1.1883444e+01   2.8098530e+01
