   9.3514856e+00   9.6878531e+00   2.1071535e+01
   9.8871068e+00   1.0605522e+01   1.8417691e+01
   7.6565782e+00   7.7771493e+00   2.3952228e+01
   1.0592143e+01   1.0951845e+01   2.1924689e+01
   9.6300985e+00   1.1310996e+01   1.4875720e+01
   1.0701702e+01   1.1241208e+01   2.0341199e+01
   8.9435999e+00   1.0402315e+01   1.4769554e+01
   1.0690849e+01   1.1119809e+01   2.1280496e+01
   9.6188779e+00   1.0096071e+01   1.9851469e+01
   1.0784509e+01   1.1049449e+01   2.3391010e+01
   8.9705810e+00   9.2754824e+00   2.1143408e+01
   1.0301199e+01   1.0606141e+01   2.2350642e+01
   1.0081655e+01   1.0280655e+01   2.3959242e+01
   1.0610595e+01   1.0884593e+01   2.3087790e+01
   8.4236087e+00   8.5223730e+00   2.5475800e+01
   1.0981269e+01   1.1154625e+01   2.5376867e+01
   7.6756130e+00   9.0641650e+00   1.3811470e+01
   1.0515336e+01   1.0867776e+01   2.1939178e+01
   7.5086850e+00   7.5541194e+00   2.8038074e+01
   8.9213944e+00   8.9839931e+00   2.7881613e+01
   1.1281280e+01   1.1493229e+01   2.4799853e+01
   9.2719231e+00   9.3404898e+00   2.7801068e+01
   1.0560353e+01   1.0725906e+01   2.5184060e+01
   9.5530562e+00   9.6098418e+00   2.8867761e+01
   9.7355919e+00   9.8744131e+00   2.5183596e+01
   9.2768932e+00   9.3422920e+00   2.8009703e+01
   8.9548493e+00   9.1456649e+00   2.3120533e+01
   9.5300477e+00   9.6103682e+00   2.7350551e+01
   9.6285429e+00   9.9022480e+00   2.2192596e+01
   9.3650777e+00   9.4401633e+00   2.7492749e+01
   8.0932781e+00   8.1484257e+00   2.7702307e+01
   9.2393388e+00   9.2862614e+00   2.9410686e+01
   9.0942839e+00   9.2192109e+00   2.5058876e+01
   9.2630229e+00   9.3212345e+00   2.8500057e+01
   1.1240473e+01   1.1503793e+01   2.3841269e+01
   7.3002273e+00   7.3419859e+00   2.8226521e+01
   1.0343508e+01   1.0500209e+01   2.5219504e+01
   7.5050421e+00   7.5337221e+00   3.0027162e+01
   9.7479045e+00   9.9139121e+00   2.4429033e+01
   7.4786498e+00   7.5193018e+00   2.8493897e+01
   8.8143314e+00   8.9792433e+00   2.3619146e+01
   7.4596740e+00   7.4975719e+00   2.8781488e+01
   9.4613458e+00   9.6389760e+00   2.3880550e+01
   7.3558746e+00   7.3801437e+00   3.0624437e+01
   7.8532821e+00   7.9226551e+00   2.6503447e+01
   7.4548915e+00   7.4830480e+00   3.0064414e+01
   8.7735701e+00   8.9137938e+00   2.4277814e+01
   7.4580064e+00   7.4944974e+00   2.8943874e+01
   1.0381483e+01   1.0513420e+01   2.5991141e+01
   1.1069067e+01   1.1160563e+01   2.8198938e+01
   9.5524966e+00   9.7327143e+00   2.3901078e+01
   1.1103378e+01   1.1229031e+01   2.6867658e+01
   8.9755292e+00   9.0901304e+00   2.5323639e+01
   1.1062984e+01   1.1165756e+01   2.7693353e+01
   9.7714728e+00   9.9349478e+00   2.4516163e+01
   1.0699373e+01   1.0788546e+01   2.7967257e+01
   8.1821865e+00   8.2520644e+00   2.6756815e+01
   1.0832395e+01   1.0922780e+01   2.8032057e+01
   9.1981476e+00   9.3171627e+00   2.5359979e+01
   1.0902656e+01   1.0995400e+01   2.7986243e+01
   9.9249796e+00   1.0032751e+01   2.6442532e+01
   1.0183857e+01   1.0243082e+01   2.9258601e+01
   9.2500143e+00   9.3231512e+00   2.7503017e+01
   1.0188277e+01   1.0244439e+01   2.9492003e+01
   1.0035521e+01   1.0117331e+01   2.7729528e+01
   1.0156731e+01   1.0197210e+01   3.0878840e+01
   8.2822672e+00   8.3252187e+00   2.8947624e+01
   1.0225133e+01   1.0272094e+01   3.0298950e+01
   9.2472016e+00   9.3196603e+00   2.7540692e+01
   1.0226560e+01   1.0273520e+01   3.0300383e+01
   8.9179758e+00   9.1747279e+00   2.1824201e+01
   9.5411775e+00   9.5900304e+00   2.9507366e+01
   9.9786602e+00   1.0066485e+01   2.7372118e+01
   9.5080047e+00   9.5396706e+00   3.1353606e+01
   8.2508514e+00   8.3009940e+00   2.8250625e+01
   9.5583702e+00   9.5947297e+00   3.0800571e+01
   9.2481723e+00   9.3471741e+00   2.6196492e+01
   9.4868268e+00   9.5417531e+00   2.8951941e+01
   1.0009946e+01   1.0137524e+01   2.5795283e+01
   8.5785373e+00   8.6302742e+00   2.8402131e+01
   8.2554692e+00   8.3055023e+00   2.8264096e+01
   8.6410354e+00   8.6894623e+00   2.8743019e+01
   9.1042388e+00   9.1811132e+00   2.7157734e+01
   8.7499519e+00   8.7849347e+00   3.0246274e+01
   8.2867567e+00   8.3250702e+00   2.9446087e+01
   9.5773436e+00   9.6038593e+00   3.2184864e+01
   9.1213613e+00   9.1789853e+00   2.8417267e+01
   9.5073445e+00   9.5413138e+00   3.1048986e+01
   9.1491213e+00   9.2125657e+00   2.8026426e+01
   7.9156239e+00   7.9348601e+00   3.2109793e+01
