   8.0617692e+00   8.2396783e+00   2.2633182e+01
   8.7603540e+00   9.2312260e+00   1.9132195e+01
   6.4315248e+00   6.5093896e+00   2.4810476e+01
   9.0148895e+00   9.2563588e+00   2.2171334e+01
   8.5020399e+00   9.6921281e+00   1.5148391e+01
   9.3624703e+00   9.7021583e+00   2.1040112e+01
   7.8222396e+00   8.8631745e+00   1.5066408e+01
   9.5102026e+00   9.7822853e+00   2.2110543e+01
   8.4180906e+00   8.7484503e+00   2.0314027e+01
   9.4379700e+00   9.6094913e+00   2.4009026e+01
   7.6317632e+00   7.8462840e+00   2.1462005e+01
   9.0632656e+00   9.2196202e+00   2.4068901e+01
   8.5179215e+00   8.6326764e+00   2.4912924e+01
   9.3600881e+00   9.4975734e+00   2.4886009e+01
   7.1772191e+00   7.2363982e+00   2.6614592e+01
   9.5905703e+00   9.6770847e+00   2.7085011e+01
   6.6487699e+00   7.6896968e+00   1.4045188e+01
   9.3029016e+00   9.5439164e+00   2.2437683e+01
   6.3838772e+00   6.4136738e+00   2.8928219e+01
   7.6621428e+00   7.6917127e+00   3.0028669e+01
   9.8317213e+00   9.9776713e+00   2.5056256e+01
   7.7746262e+00   7.8103881e+00   2.9301483e+01
   9.1213087e+00   9.2095000e+00   2.6580954e+01
   8.0826776e+00   8.1071213e+00   3.1215503e+01
   8.5193260e+00   8.6066652e+00   2.6089435e+01
   7.8632771e+00   7.8928828e+00   3.0195895e+01
   7.6890048e+00   7.8221598e+00   2.3553366e+01
   8.1411817e+00   8.1830122e+00   2.8939326e+01
   8.2203482e+00   8.4065618e+00   2.2576348e+01
   7.9747176e+00   8.0250251e+00   2.7996875e+01
   6.9949769e+00   7.0354386e+00   2.8106819e+01
   7.9203411e+00   7.9424245e+00   3.1515410e+01
   7.8435793e+00   7.9252281e+00   2.5791911e+01
   7.9655010e+00   7.9902469e+00   3.1060943e+01
   9.9548005e+00   1.0137169e+01   2.4215651e+01
   6.1833122e+00   6.2120377e+00   2.8924316e+01
   9.0722864e+00   9.1818327e+00   2.5603819e+01
   6.3565745e+00   6.3753072e+00   3.0918202e+01
   8.5746075e+00   8.6921576e+00   2.4859361e+01
   6.3709981e+00   6.3974557e+00   2.9432857e+01
   7.6794970e+00   7.7957439e+00   2.4128960e+01
   6.3745718e+00   6.3967193e+00   3.0206658e+01
   8.1556420e+00   8.2737427e+00   2.4472351e+01
   6.2460442e+00   6.2591393e+00   3.2381779e+01
   6.9229953e+00   6.9712671e+00   2.7282910e+01
   6.3969003e+00   6.4116681e+00   3.1982627e+01
   7.6710999e+00   7.7776568e+00   2.4496316e+01
   6.4006098e+00   6.4232452e+00   3.0133399e+01
   9.0328517e+00   9.1211575e+00   2.6496471e+01
   9.8474314e+00   9.8944262e+00   2.9951887e+01
   8.3754258e+00   8.5078078e+00   2.4173859e+01
   9.8739173e+00   9.9517943e+00   2.7794881e+01
   7.7213537e+00   7.8007356e+00   2.5808338e+01
   9.8604776e+00   9.9185924e+00   2.9045870e+01
   8.3358042e+00   8.4405732e+00   2.5144822e+01
   9.6188954e+00   9.6694191e+00   2.9432066e+01
   7.0198703e+00   7.0711840e+00   2.7099354e+01
   9.7096758e+00   9.7615119e+00   2.9403249e+01
   7.8488899e+00   7.9330367e+00   2.5666510e+01
   9.6919564e+00   9.7409107e+00   2.9634480e+01
   8.6243303e+00   8.6971013e+00   2.6968835e+01
   8.7807750e+00   8.8127399e+00   3.0664173e+01
   7.8895086e+00   7.9386446e+00   2.8025264e+01
   8.8109634e+00   8.8384390e+00   3.1346406e+01
   8.5141187e+00   8.5624865e+00   2.8636694e+01
   8.8073461e+00   8.8310670e+00   3.1979921e+01
   7.1137962e+00   7.1439672e+00   2.9477306e+01
   8.8634988e+00   8.8874265e+00   3.1991998e+01
   7.9174593e+00   7.9695866e+00   2.7793786e+01
   8.8361060e+00   8.8622681e+00   3.1580891e+01
   7.6067379e+00   7.7939497e+00   2.2022211e+01
   8.3115627e+00   8.3412966e+00   3.0565520e+01
   8.4560821e+00   8.5115799e+00   2.7991281e+01
   8.3384397e+00   8.3561324e+00   3.2839086e+01
   7.0778820e+00   7.1121804e+00   2.8891766e+01
   8.3463234e+00   8.3677156e+00   3.2022723e+01
   7.9034667e+00   7.9745717e+00   2.6440220e+01
   8.3022781e+00   8.3391968e+00   2.9620161e+01
   8.4698356e+00   8.5545420e+00   2.6177909e+01
   7.4226531e+00   7.4580326e+00   2.9047844e+01
   7.0361367e+00   7.0699542e+00   2.8918004e+01
   7.4159894e+00   7.4462175e+00   2.9723816e+01
   7.7815156e+00   7.8305713e+00   2.7939454e+01
   7.5073047e+00   7.5298857e+00   3.1065312e+01
   7.1468925e+00   7.1717880e+00   3.0337951e+01
   8.1995299e+00   8.2142544e+00   3.3514570e+01
   7.7851480e+00   7.8209841e+00   2.9301546e+01
   8.0749740e+00   8.0927035e+00   3.2601070e+01
   7.8173979e+00   7.8595416e+00   2.8627378e+01
   6.7577803e+00   6.7700403e+00   3.3086065e+01
