   1.4281092e+01   1.6299360e+01   1.8679919e+01
   1.3941000e+01   1.6466147e+01   1.7594445e+01
   1.3841997e+01   1.4966699e+01   2.0395919e+01
   1.5307772e+01   1.7084929e+01   2.0130832e+01
   1.2323695e+01   1.7903762e+01   1.3800259e+01
   1.4278685e+01   1.6746989e+01   1.7999292e+01
   1.1485342e+01   1.6332873e+01   1.3308477e+01
   1.4646274e+01   1.6487335e+01   1.9357927e+01
   1.3973702e+01   1.6764456e+01   1.7305773e+01
   1.6260569e+01   1.7925290e+01   2.1300270e+01
   1.3730140e+01   1.5800205e+01   1.8054891e+01
   1.4954241e+01   1.6554168e+01   2.0161491e+01
   1.6135262e+01   1.8307094e+01   2.0249262e+01
   1.3777812e+01   1.5358940e+01   1.9057227e+01
   1.2428913e+01   1.3311984e+01   1.9978850e+01
   1.5484041e+01   1.7022601e+01   2.0822690e+01
   1.0655787e+01   1.4964165e+01   1.2804345e+01
   1.4778102e+01   1.6854160e+01   1.9069008e+01
   1.2516709e+01   1.3298028e+01   2.0549687e+01
   1.3488141e+01   1.4269260e+01   2.1483052e+01
   1.4969217e+01   1.6573190e+01   2.0166987e+01
   1.3404882e+01   1.4488778e+01   2.0115340e+01
   1.5492039e+01   1.7289784e+01   2.0270825e+01
   1.4920176e+01   1.6024525e+01   2.1514581e+01
   1.4970352e+01   1.6133582e+01   2.1364699e+01
   1.4849682e+01   1.5763250e+01   2.2182597e+01
   1.3855357e+01   1.4989605e+01   2.0376438e+01
   1.3577618e+01   1.4438540e+01   2.1182722e+01
   1.4754702e+01   1.6484979e+01   1.9684326e+01
   1.3638158e+01   1.4177603e+01   2.3126332e+01
   1.2061625e+01   1.2736729e+01   2.0704255e+01
   1.3595726e+01   1.4120133e+01   2.3201455e+01
   1.4305974e+01   1.5313277e+01   2.1272072e+01
   1.4839788e+01   1.5421498e+01   2.3981051e+01
   1.5320058e+01   1.6378389e+01   2.2068966e+01
   1.2549256e+01   1.2930555e+01   2.3519423e+01
   1.4334296e+01   1.5741824e+01   2.0026597e+01
   1.3505708e+01   1.3816016e+01   2.5296580e+01
   1.3119101e+01   1.3838867e+01   2.1455772e+01
   1.2536031e+01   1.2832230e+01   2.4565835e+01
   1.2298617e+01   1.3232745e+01   1.9632646e+01
   1.2036345e+01   1.2400711e+01   2.3222672e+01
   1.3335119e+01   1.4228508e+01   2.0802606e+01
   1.1578204e+01   1.1885550e+01   2.3505132e+01
   1.0575108e+01   1.1102153e+01   2.0319850e+01
   1.0977067e+01   1.1264913e+01   2.3219441e+01
   1.2884514e+01   1.3549731e+01   2.1548758e+01
   1.2731152e+01   1.2991644e+01   2.5293439e+01
   1.4851077e+01   1.5912520e+01   2.1599777e+01
   1.4477940e+01   1.5107162e+01   2.3310522e+01
   1.3963977e+01   1.4852777e+01   2.1430400e+01
   1.5604798e+01   1.6401973e+01   2.3457918e+01
   1.4677730e+01   1.5513962e+01   2.2364040e+01
   1.4784677e+01   1.5452439e+01   2.3367925e+01
   1.4843636e+01   1.5859497e+01   2.1762408e+01
   1.3728408e+01   1.4205656e+01   2.3717092e+01
   1.2147551e+01   1.2666736e+01   2.1858061e+01
   1.4048138e+01   1.4607203e+01   2.3375681e+01
   1.4140358e+01   1.4859867e+01   2.2442198e+01
   1.4385343e+01   1.5009349e+01   2.3254491e+01
   1.4452140e+01   1.5322067e+01   2.1988544e+01
   1.4951091e+01   1.5581443e+01   2.3762966e+01
   1.5659898e+01   1.6275607e+01   2.4549398e+01
   1.4812964e+01   1.5300159e+01   2.4681402e+01
   1.4938599e+01   1.5630625e+01   2.3373820e+01
   1.4162746e+01   1.4541239e+01   2.5097903e+01
   1.2590845e+01   1.2986930e+01   2.3400349e+01
   1.4705874e+01   1.5236459e+01   2.4226907e+01
   1.4208822e+01   1.4818998e+01   2.3174502e+01
   1.5753080e+01   1.6235647e+01   2.5636518e+01
   1.4244232e+01   1.5357545e+01   2.0825349e+01
   1.3796990e+01   1.4098883e+01   2.5692173e+01
   1.5690642e+01   1.6379727e+01   2.4124564e+01
   1.3094490e+01   1.3370328e+01   2.5398389e+01
   1.2468227e+01   1.2904545e+01   2.2881364e+01
   1.3843954e+01   1.4118551e+01   2.6136483e+01
   1.4454676e+01   1.5108005e+01   2.3135711e+01
   1.4326400e+01   1.4710544e+01   2.5194334e+01
   1.5204776e+01   1.6072754e+01   2.2730266e+01
   1.2739299e+01   1.3030700e+01   2.4828043e+01
   1.2359623e+01   1.2765646e+01   2.3077249e+01
   1.3980557e+01   1.4379492e+01   2.4702926e+01
   1.3116631e+01   1.3578230e+01   2.3267051e+01
   1.4769660e+01   1.5064192e+01   2.6735866e+01
   1.1807936e+01   1.2083922e+01   2.4174959e+01
   1.4992731e+01   1.5344642e+01   2.6206057e+01
   1.3213402e+01   1.3625959e+01   2.3825525e+01
   1.5360654e+01   1.5744065e+01   2.6206343e+01
   1.3652859e+01   1.4001054e+01   2.4954917e+01
   1.2506839e+01   1.2683170e+01   2.6737304e+01
