   1.4133400e+01   1.6120312e+01   1.8589936e+01
   1.3523628e+01   1.5816912e+01   1.7505515e+01
   1.3410575e+01   1.4430522e+01   2.0356458e+01
   1.4187655e+01   1.6042290e+01   1.8883993e+01
   1.1943967e+01   1.6714970e+01   1.3796544e+01
   1.3698864e+01   1.5990516e+01   1.7678752e+01
   1.1342008e+01   1.6239031e+01   1.3143396e+01
   1.4001982e+01   1.5912659e+01   1.8598226e+01
   1.2577818e+01   1.4716882e+01   1.6823312e+01
   1.5956901e+01   1.8135931e+01   2.0062369e+01
   1.3435855e+01   1.6039838e+01   1.7001217e+01
   1.3072050e+01   1.4538193e+01   1.8650719e+01
   1.5364766e+01   1.8018359e+01   1.8831719e+01
   1.3199939e+01   1.4878319e+01   1.8280066e+01
   1.2130218e+01   1.3311860e+01   1.8558634e+01
   1.4968247e+01   1.7175569e+01   1.9046883e+01
   1.0013259e+01   1.3970900e+01   1.2416974e+01
   1.3718431e+01   1.6538932e+01   1.7022511e+01
   1.2154630e+01   1.3260446e+01   1.8837127e+01
   1.4599525e+01   1.6010338e+01   2.0276489e+01
   1.4112577e+01   1.6177588e+01   1.8436342e+01
   1.3600890e+01   1.6419580e+01   1.6909577e+01
   1.5530157e+01   1.8353619e+01   1.8798685e+01
   1.4938759e+01   1.7647478e+01   1.8347172e+01
   1.3580858e+01   1.5009624e+01   1.9238821e+01
   1.5533219e+01   1.7634511e+01   1.9768800e+01
   1.3657030e+01   1.5489288e+01   1.8409977e+01
   1.4283253e+01   1.6134499e+01   1.8983744e+01
   1.4728792e+01   1.7955285e+01   1.7602145e+01
   1.3498515e+01   1.4750930e+01   1.9653104e+01
   1.2046204e+01   1.2999949e+01   1.9310259e+01
   1.4021281e+01   1.5345906e+01   1.9948690e+01
   1.3331763e+01   1.4582037e+01   1.9498342e+01
   1.5587865e+01   1.7098300e+01   2.0991935e+01
   1.5165533e+01   1.6568397e+01   2.0850457e+01
   1.2420838e+01   1.3109209e+01   2.0967332e+01
   1.5118353e+01   1.7232308e+01   1.9340799e+01
   1.3232573e+01   1.3851032e+01   2.2178211e+01
   1.1632789e+01   1.2577766e+01   1.8953840e+01
   1.2517256e+01   1.3122724e+01   2.1580009e+01
   1.2408948e+01   1.4434007e+01   1.6849370e+01
   1.1691116e+01   1.2841693e+01   1.8242470e+01
   1.3371800e+01   1.5294401e+01   1.7963121e+01
   1.0895261e+01   1.1722644e+01   1.8785855e+01
   1.0888830e+01   1.1846882e+01   1.8197969e+01
   1.0478612e+01   1.1329972e+01   1.8282564e+01
   1.1968332e+01   1.2884438e+01   1.9394694e+01
   1.2564690e+01   1.3381337e+01   2.0419043e+01
   1.4470552e+01   1.6778040e+01   1.8410032e+01
   1.3606161e+01   1.5140926e+01   1.8999350e+01
   1.2009837e+01   1.3030620e+01   1.9009670e+01
   1.5101462e+01   1.7010681e+01   1.9676033e+01
   1.4860914e+01   1.6581984e+01   1.9807302e+01
   1.3864904e+01   1.5429503e+01   1.9180209e+01
   1.3840311e+01   1.6017110e+01   1.7990327e+01
   1.2504146e+01   1.4013249e+01   1.7996560e+01
   1.0899355e+01   1.2210542e+01   1.6993175e+01
   1.3569905e+01   1.5016696e+01   1.9181720e+01
   1.2672024e+01   1.3606942e+01   1.9986474e+01
   1.4371823e+01   1.5783050e+01   2.0053410e+01
   1.2171240e+01   1.3279411e+01   1.8844772e+01
   1.5798674e+01   1.8176266e+01   1.9615436e+01
   1.5443399e+01   1.6667577e+01   2.1633068e+01
   1.5305968e+01   1.6899532e+01   2.0520350e+01
   1.4805894e+01   1.6622765e+01   1.9560812e+01
   1.3632323e+01   1.5125409e+01   1.9125911e+01
   1.2111630e+01   1.3036758e+01   1.9492448e+01
   1.4612192e+01   1.6353011e+01   1.9523299e+01
   1.3013013e+01   1.3893664e+01   2.0549366e+01
   1.5514591e+01   1.7313584e+01   2.0290509e+01
   1.4596273e+01   1.6333834e+01   1.9514430e+01
   1.2410998e+01   1.3194499e+01   2.0437604e+01
   1.5644216e+01   1.7036306e+01   2.1347946e+01
   1.1818456e+01   1.2505409e+01   2.0403297e+01
   1.1944999e+01   1.2828964e+01   1.9513682e+01
   1.1972579e+01   1.2777466e+01   1.9912575e+01
   1.2794613e+01   1.3643946e+01   2.0483153e+01
   1.2603897e+01   1.3436048e+01   2.0381688e+01
   1.4392794e+01   1.5937950e+01   1.9739882e+01
   1.2251735e+01   1.3162990e+01   1.9685587e+01
   1.1429661e+01   1.2100102e+01   2.0134650e+01
   1.3525919e+01   1.4735234e+01   1.9812574e+01
   1.1929597e+01   1.2506373e+01   2.1219833e+01
   1.5061439e+01   1.5923749e+01   2.2616294e+01
   1.0997671e+01   1.1571809e+01   2.0361609e+01
   1.4140000e+01   1.5291745e+01   2.0593984e+01
   1.1593203e+01   1.2349091e+01   1.9804708e+01
   1.4933703e+01   1.6165253e+01   2.1112028e+01
   1.2344446e+01   1.2831276e+01   2.2310252e+01
   1.2200096e+01   1.2643184e+01   2.2562801e+01
