   1.4286540e+01   1.6321174e+01   1.8657342e+01
   1.4001333e+01   1.6528092e+01   1.7651376e+01
   1.3896937e+01   1.5022972e+01   2.0444628e+01
   1.5454005e+01   1.7398633e+01   1.9957919e+01
   1.2310858e+01   1.7806395e+01   1.3821768e+01
   1.4293285e+01   1.6786661e+01   1.7980530e+01
   1.1418371e+01   1.6207795e+01   1.3272974e+01
   1.4577840e+01   1.6461610e+01   1.9210295e+01
   1.3813879e+01   1.6632395e+01   1.7118123e+01
   1.6546647e+01   1.8493069e+01   2.1030058e+01
   1.3735840e+01   1.6056083e+01   1.7673320e+01
   1.4801793e+01   1.6527195e+01   1.9740470e+01
   1.6073793e+01   1.8353377e+01   2.0026124e+01
   1.3674373e+01   1.5197882e+01   1.9092550e+01
   1.2391726e+01   1.3385709e+01   1.9478027e+01
   1.5487672e+01   1.7190197e+01   2.0460229e+01
   1.0615312e+01   1.5137707e+01   1.2637243e+01
   1.4870467e+01   1.7165058e+01   1.8820785e+01
   1.2543272e+01   1.3491612e+01   1.9807161e+01
   1.3927709e+01   1.4752368e+01   2.1691626e+01
   1.4813695e+01   1.6697641e+01   1.9440749e+01
   1.3478233e+01   1.4738771e+01   1.9609006e+01
   1.5641598e+01   1.7861808e+01   1.9688898e+01
   1.5134573e+01   1.6409634e+01   2.1177205e+01
   1.4880456e+01   1.6359454e+01   2.0376436e+01
   1.5113644e+01   1.6194748e+01   2.1785230e+01
   1.3839785e+01   1.5246729e+01   1.9547206e+01
   1.3723721e+01   1.4737697e+01   2.0681905e+01
   1.5015113e+01   1.7141840e+01   1.9218965e+01
   1.3798614e+01   1.4441973e+01   2.2563052e+01
   1.2243515e+01   1.3074971e+01   2.0040899e+01
   1.3893739e+01   1.4536757e+01   2.2657066e+01
   1.4309073e+01   1.5408807e+01   2.0935544e+01
   1.5034839e+01   1.5712817e+01   2.3550119e+01
   1.5561177e+01   1.6789318e+01   2.1736170e+01
   1.2765388e+01   1.3209050e+01   2.3095289e+01
   1.4998638e+01   1.6674321e+01   2.0037911e+01
   1.3641553e+01   1.4011738e+01   2.4688082e+01
   1.2894793e+01   1.3764421e+01   2.0485665e+01
   1.2746923e+01   1.3098517e+01   2.4046692e+01
   1.2410550e+01   1.3642953e+01   1.8666272e+01
   1.2167338e+01   1.2676967e+01   2.1953327e+01
   1.3387686e+01   1.4544800e+01   1.9847383e+01
   1.1535901e+01   1.1920423e+01   2.2525869e+01
   1.0734200e+01   1.1432549e+01   1.9317369e+01
   1.0891905e+01   1.1301929e+01   2.1655494e+01
   1.2711869e+01   1.3438703e+01   2.1026132e+01
   1.2943047e+01   1.3277036e+01   2.4449040e+01
   1.4793882e+01   1.6387218e+01   2.0019643e+01
   1.4473537e+01   1.5354250e+01   2.1960725e+01
   1.3648536e+01   1.4631431e+01   2.0730477e+01
   1.5724817e+01   1.6748328e+01   2.2594312e+01
   1.4996490e+01   1.5972792e+01   2.2065915e+01
   1.4646865e+01   1.5513081e+01   2.2194705e+01
   1.4655010e+01   1.5938001e+01   2.0685604e+01
   1.3577140e+01   1.4239308e+01   2.2232798e+01
   1.1922614e+01   1.2695286e+01   2.0028537e+01
   1.3921395e+01   1.4695041e+01   2.1939780e+01
   1.4009057e+01   1.4871676e+01   2.1592083e+01
   1.4159698e+01   1.4969473e+01   2.1988647e+01
   1.3984165e+01   1.5055729e+01   2.0720108e+01
   1.5024314e+01   1.5978175e+01   2.2183787e+01
   1.5860145e+01   1.6682184e+01   2.3585847e+01
   1.4924999e+01   1.5568896e+01   2.3651486e+01
   1.4876708e+01   1.5841466e+01   2.1995517e+01
   1.3943830e+01   1.4459552e+01   2.3605640e+01
   1.2527149e+01   1.3054319e+01   2.2156206e+01
   1.4585746e+01   1.5295583e+01   2.2928527e+01
   1.4277115e+01   1.5043439e+01   2.2322246e+01
   1.5898240e+01   1.6541239e+01   2.4606766e+01
   1.4432405e+01   1.5750889e+01   2.0366096e+01
   1.3580049e+01   1.3976705e+01   2.4341002e+01
   1.5736002e+01   1.6655101e+01   2.3024487e+01
   1.2998726e+01   1.3350921e+01   2.4279917e+01
   1.2401077e+01   1.2989302e+01   2.1587170e+01
   1.3810722e+01   1.4160478e+01   2.5088127e+01
   1.4210749e+01   1.4910762e+01   2.2620808e+01
   1.4216371e+01   1.4711964e+01   2.4032725e+01
   1.5131793e+01   1.6184304e+01   2.1906323e+01
   1.2663751e+01   1.3059460e+01   2.3473755e+01
   1.2204552e+01   1.2704861e+01   2.2064699e+01
   1.3963700e+01   1.4486161e+01   2.3571518e+01
   1.2892002e+01   1.3402211e+01   2.2638975e+01
   1.4935331e+01   1.5297281e+01   2.6032800e+01
   1.1790944e+01   1.2158233e+01   2.2957553e+01
   1.5037498e+01   1.5486786e+01   2.5233867e+01
   1.3015040e+01   1.3495929e+01   2.3000621e+01
   1.5381844e+01   1.5871612e+01   2.5213298e+01
   1.3567125e+01   1.3966630e+01   2.4298792e+01
   1.2624708e+01   1.2834421e+01   2.6111165e+01
