   1.2747808e+01   1.4104630e+01   1.8626767e+01
   1.2872344e+01   1.4660774e+01   1.7735051e+01
   1.1943004e+01   1.2441437e+01   2.1832355e+01
   1.3759350e+01   1.4863094e+01   2.0388171e+01
   1.1554838e+01   1.5147517e+01   1.4182461e+01
   1.3338537e+01   1.4711013e+01   1.9153873e+01
   1.0867058e+01   1.3901285e+01   1.4026927e+01
   1.3649273e+01   1.4558903e+01   2.1034763e+01
   1.2240117e+01   1.3434824e+01   1.8621606e+01
   1.4260959e+01   1.4970439e+01   2.2615429e+01
   1.2331559e+01   1.3142389e+01   2.0224909e+01
   1.3389582e+01   1.4230034e+01   2.1096704e+01
   1.3493918e+01   1.4355233e+01   2.1100145e+01
   1.3154695e+01   1.3887339e+01   2.1418693e+01
   1.0900888e+01   1.1202372e+01   2.2953327e+01
   1.3882744e+01   1.4377746e+01   2.3715336e+01
   9.6541896e+00   1.2276766e+01   1.3340032e+01
   1.3282825e+01   1.4167843e+01   2.0789379e+01
   1.0234826e+01   1.0367937e+01   2.5818676e+01
   1.1329827e+01   1.1520468e+01   2.5296180e+01
   1.3856322e+01   1.4413027e+01   2.3207724e+01
   1.1843418e+01   1.2106839e+01   2.4405263e+01
   1.3405352e+01   1.4047241e+01   2.2193333e+01
   1.2961756e+01   1.3218991e+01   2.5566457e+01
   1.2890280e+01   1.3243837e+01   2.4160157e+01
   1.2876631e+01   1.3160326e+01   2.5071897e+01
   1.2127029e+01   1.2608803e+01   2.2146970e+01
   1.2620878e+01   1.2919531e+01   2.4611776e+01
   1.2970568e+01   1.3676937e+01   2.1388856e+01
   1.2446099e+01   1.2656153e+01   2.5934667e+01
   1.0846985e+01   1.1039065e+01   2.4814796e+01
   1.2259108e+01   1.2431365e+01   2.6602309e+01
   1.2095596e+01   1.2466062e+01   2.3209289e+01
   1.2524799e+01   1.2722460e+01   2.6267934e+01
   1.4069965e+01   1.4712626e+01   2.2829661e+01
   1.0547340e+01   1.0680661e+01   2.6098941e+01
   1.2741201e+01   1.3263402e+01   2.2399320e+01
   1.1033801e+01   1.1128535e+01   2.8016501e+01
   1.2253347e+01   1.2624572e+01   2.3350159e+01
   1.0823996e+01   1.0978047e+01   2.5735577e+01
   1.1231011e+01   1.1628279e+01   2.2103843e+01
   1.0570148e+01   1.0708800e+01   2.5951920e+01
   1.2448926e+01   1.2863434e+01   2.3076049e+01
   1.0427936e+01   1.0544769e+01   2.6555530e+01
   9.9479599e+00   1.0161238e+01   2.3542056e+01
   1.0213340e+01   1.0313380e+01   2.7025741e+01
   1.1302495e+01   1.1610977e+01   2.3231175e+01
   1.0534141e+01   1.0628255e+01   2.7582835e+01
   1.3391167e+01   1.3747051e+01   2.4612165e+01
   1.3763421e+01   1.4024306e+01   2.6275175e+01
   1.2585428e+01   1.3022397e+01   2.2986735e+01
   1.4003216e+01   1.4347628e+01   2.5338082e+01
   1.2511049e+01   1.2866486e+01   2.3776621e+01
   1.3890580e+01   1.4194540e+01   2.5753609e+01
   1.3388593e+01   1.3823237e+01   2.3777049e+01
   1.2871417e+01   1.3089467e+01   2.6180432e+01
   1.1186716e+01   1.1399644e+01   2.4692016e+01
   1.3122451e+01   1.3346365e+01   2.6307413e+01
   1.2623379e+01   1.2970932e+01   2.3977416e+01
   1.3292291e+01   1.3540121e+01   2.6039988e+01
   1.3203132e+01   1.3538051e+01   2.4686123e+01
   1.3015827e+01   1.3198038e+01   2.7081841e+01
   1.3051431e+01   1.3301635e+01   2.5769290e+01
   1.3126331e+01   1.3282388e+01   2.7848439e+01
   1.3338120e+01   1.3626243e+01   2.5447912e+01
   1.3041993e+01   1.3163533e+01   2.8837990e+01
   1.1105620e+01   1.1244524e+01   2.6440012e+01
   1.3004529e+01   1.3150796e+01   2.8009130e+01
   1.2747138e+01   1.2977425e+01   2.5830372e+01
   1.3480073e+01   1.3644842e+01   2.7954988e+01
   1.2372651e+01   1.3021910e+01   2.1158241e+01
   1.2396157e+01   1.2522908e+01   2.8044093e+01
   1.3755987e+01   1.4039216e+01   2.5921345e+01
   1.2154199e+01   1.2252717e+01   2.8897159e+01
   1.1072990e+01   1.1240298e+01   2.5613757e+01
   1.2300313e+01   1.2391974e+01   2.9345491e+01
   1.2782714e+01   1.3103807e+01   2.4461282e+01
   1.2297262e+01   1.2431664e+01   2.7699363e+01
   1.3830804e+01   1.4232267e+01   2.4532257e+01
   1.1358091e+01   1.1484904e+01   2.7065617e+01
   1.1031164e+01   1.1191329e+01   2.5761329e+01
   1.1738854e+01   1.1866481e+01   2.7394665e+01
   1.2153001e+01   1.2391362e+01   2.5120591e+01
   1.2062689e+01   1.2165723e+01   2.8618213e+01
   1.0727839e+01   1.0857215e+01   2.6394299e+01
   1.3041436e+01   1.3140985e+01   2.9694329e+01
   1.2177263e+01   1.2357159e+01   2.6339852e+01
   1.3235017e+01   1.3363308e+01   2.8790611e+01
   1.2213340e+01   1.2394952e+01   2.6333488e+01
   1.0738484e+01   1.0797635e+01   2.9773439e+01
