   1.3151850e+01   1.4691535e+01   1.8547492e+01
   1.3166184e+01   1.5092086e+01   1.7757525e+01
   1.2388649e+01   1.2965401e+01   2.1655832e+01
   1.3854067e+01   1.5142847e+01   1.9889486e+01
   1.1721087e+01   1.5388769e+01   1.4284349e+01
   1.3472624e+01   1.5061295e+01   1.8743619e+01
   1.0967503e+01   1.4217407e+01   1.3912147e+01
   1.3950863e+01   1.5047894e+01   2.0597241e+01
   1.2597003e+01   1.3938000e+01   1.8525759e+01
   1.4762208e+01   1.5652522e+01   2.2198769e+01
   1.2833900e+01   1.3710898e+01   2.0393851e+01
   1.3790817e+01   1.4758585e+01   2.0928663e+01
   1.4155693e+01   1.5072906e+01   2.1492365e+01
   1.3257413e+01   1.4187831e+01   2.0567884e+01
   1.1265942e+01   1.1573509e+01   2.3209493e+01
   1.4310673e+01   1.4958137e+01   2.3032569e+01
   9.8971744e+00   1.2645418e+01   1.3416345e+01
   1.3577747e+01   1.4710667e+01   2.0112119e+01
   1.0546905e+01   1.0693310e+01   2.5697454e+01
   1.1580007e+01   1.1852769e+01   2.4010273e+01
   1.3888168e+01   1.4418235e+01   2.3439289e+01
   1.2122737e+01   1.2534443e+01   2.2794709e+01
   1.3759574e+01   1.4423549e+01   2.2397724e+01
   1.3361358e+01   1.3762374e+01   2.4085433e+01
   1.3342763e+01   1.3694115e+01   2.4619324e+01
   1.3400738e+01   1.3814294e+01   2.3995183e+01
   1.2604061e+01   1.3108696e+01   2.2409267e+01
   1.2931209e+01   1.3341843e+01   2.3574873e+01
   1.3397350e+01   1.4164257e+01   2.1468944e+01
   1.2717029e+01   1.2986816e+01   2.5131870e+01
   1.1141568e+01   1.1356849e+01   2.4603216e+01
   1.2525254e+01   1.2750636e+01   2.5710735e+01
   1.2520186e+01   1.2905523e+01   2.3447804e+01
   1.3009333e+01   1.3268277e+01   2.5583897e+01
   1.4346016e+01   1.4988666e+01   2.3097036e+01
   1.1015952e+01   1.1183166e+01   2.5563132e+01
   1.3025770e+01   1.3615941e+01   2.2170470e+01
   1.1578129e+01   1.1705000e+01   2.7269430e+01
   1.2569545e+01   1.2921387e+01   2.3874818e+01
   1.1311033e+01   1.1504520e+01   2.5215516e+01
   1.1516145e+01   1.1904383e+01   2.2467147e+01
   1.0890974e+01   1.1061858e+01   2.5354393e+01
   1.2861906e+01   1.3250668e+01   2.3736592e+01
   1.0747757e+01   1.0892298e+01   2.5937741e+01
   1.0187074e+01   1.0416845e+01   2.3444000e+01
   1.0462945e+01   1.0579347e+01   2.6603579e+01
   1.1668623e+01   1.1982423e+01   2.3502664e+01
   1.0943666e+01   1.1053118e+01   2.7311950e+01
   1.3775912e+01   1.4133749e+01   2.4959096e+01
   1.4088773e+01   1.4432569e+01   2.5428123e+01
   1.2987042e+01   1.3394226e+01   2.3663337e+01
   1.4378862e+01   1.4805347e+01   2.4810479e+01
   1.3050908e+01   1.3383769e+01   2.4566303e+01
   1.4105395e+01   1.4501657e+01   2.4851405e+01
   1.3941703e+01   1.4306764e+01   2.5035327e+01
   1.3138054e+01   1.3401948e+01   2.5626912e+01
   1.1500848e+01   1.1700856e+01   2.5251886e+01
   1.3410166e+01   1.3701442e+01   2.5471156e+01
   1.2984990e+01   1.3290295e+01   2.4866204e+01
   1.3496468e+01   1.3808621e+01   2.5262806e+01
   1.3608118e+01   1.3888925e+01   2.5815376e+01
   1.3351735e+01   1.3570070e+01   2.6633855e+01
   1.3574622e+01   1.3804666e+01   2.6626074e+01
   1.3510873e+01   1.3720429e+01   2.6960667e+01
   1.3749002e+01   1.4014705e+01   2.6184036e+01
   1.3366299e+01   1.3544028e+01   2.7523035e+01
   1.1396631e+01   1.1536527e+01   2.6680842e+01
   1.3407646e+01   1.3615177e+01   2.6902933e+01
   1.3158068e+01   1.3370547e+01   2.6563959e+01
   1.4027331e+01   1.4254789e+01   2.7109451e+01
   1.2809338e+01   1.3398536e+01   2.1970015e+01
   1.2833860e+01   1.3001971e+01   2.7251803e+01
   1.4289172e+01   1.4513878e+01   2.7413689e+01
   1.2485488e+01   1.2621952e+01   2.7812395e+01
   1.1427406e+01   1.1576238e+01   2.6444557e+01
   1.2707394e+01   1.2839822e+01   2.8151655e+01
   1.3147956e+01   1.3432678e+01   2.5315864e+01
   1.2706151e+01   1.2873042e+01   2.7161375e+01
   1.4338123e+01   1.4616826e+01   2.6550635e+01
   1.1740936e+01   1.1895957e+01   2.6564119e+01
   1.1344725e+01   1.1489173e+01   2.6495275e+01
   1.2219198e+01   1.2394705e+01   2.6484831e+01
   1.2416633e+01   1.2617054e+01   2.6106310e+01
   1.2599700e+01   1.2741867e+01   2.7745518e+01
   1.0980755e+01   1.1086796e+01   2.7482422e+01
   1.3516136e+01   1.3655240e+01   2.8713223e+01
   1.2371504e+01   1.2508615e+01   2.7684139e+01
   1.3741570e+01   1.3915403e+01   2.7977529e+01
   1.2413919e+01   1.2591583e+01   2.6617065e+01
   1.1134066e+01   1.1217072e+01   2.8678570e+01
