   5.7009195e+00   5.7783837e+00   2.4245063e+01
   6.6210771e+00   6.8236595e+00   2.0853731e+01
   4.6372463e+00   4.6799088e+00   2.6008330e+01
   6.7347458e+00   6.8432144e+00   2.3630244e+01
   6.7715340e+00   7.5021013e+00   1.5583440e+01
   7.1765965e+00   7.3840647e+00   2.1216768e+01
   5.9841483e+00   6.6047425e+00   1.5598906e+01
   7.4147560e+00   7.5953723e+00   2.2011578e+01
   6.4851927e+00   6.6782870e+00   2.0946821e+01
   7.1060336e+00   7.2026921e+00   2.4436747e+01
   5.6316182e+00   5.7517957e+00   2.2295388e+01
   6.9119993e+00   6.9834169e+00   2.5580312e+01
   6.2665784e+00   6.3136276e+00   2.6854459e+01
   7.1610415e+00   7.2086161e+00   2.7544978e+01
   5.2660269e+00   5.2932925e+00   2.8425981e+01
   7.2799999e+00   7.3139120e+00   2.9110681e+01
   4.9281865e+00   5.5840925e+00   1.4521421e+01
   7.2880321e+00   7.4799478e+00   2.1644225e+01
   4.7405424e+00   4.7560067e+00   3.0486012e+01
   5.6515438e+00   5.6660612e+00   3.1460102e+01
   7.7024954e+00   7.7769837e+00   2.6066764e+01
   5.6494751e+00   5.6675267e+00   3.0513236e+01
   6.9547901e+00   6.9942067e+00   2.8186593e+01
   5.9038531e+00   5.9151362e+00   3.2753474e+01
   6.6703137e+00   6.7130519e+00   2.7600508e+01
   5.6681107e+00   5.6797987e+00   3.2413818e+01
   5.8271277e+00   5.8986197e+00   2.4691865e+01
   5.8829967e+00   5.9065404e+00   2.9546014e+01
   6.0709195e+00   6.1651897e+00   2.3692633e+01
   5.7484876e+00   5.7820019e+00   2.7908655e+01
   5.1647741e+00   5.1828995e+00   3.0118865e+01
   5.7313255e+00   5.7412464e+00   3.3175044e+01
   5.8666999e+00   5.9004491e+00   2.7972169e+01
   5.7857310e+00   5.7961106e+00   3.3021876e+01
   7.6823161e+00   7.7642992e+00   2.5635774e+01
   4.5037281e+00   4.5221854e+00   2.9542118e+01
   6.8334136e+00   6.8829465e+00   2.7096846e+01
   4.6519021e+00   4.6632216e+00   3.1773777e+01
   6.6893529e+00   6.7475296e+00   2.6281887e+01
   4.6650755e+00   4.6784438e+00   3.1061603e+01
   5.7934874e+00   5.8505509e+00   2.5639892e+01
   4.6670632e+00   4.6802940e+00   3.1107939e+01
   5.9965558e+00   6.0371876e+00   2.7271834e+01
   4.5001485e+00   4.5070298e+00   3.3821654e+01
   5.2231476e+00   5.2479331e+00   2.8806428e+01
   4.7128486e+00   4.7198479e+00   3.3905955e+01
   5.8580036e+00   5.9113061e+00   2.5986173e+01
   4.7286957e+00   4.7422160e+00   3.1060084e+01
   6.7642013e+00   6.8047324e+00   2.7907599e+01
   7.6630176e+00   7.6815496e+00   3.2054771e+01
   6.5360895e+00   6.6064721e+00   2.5332497e+01
   7.6778078e+00   7.7138630e+00   2.9183183e+01
   5.7859998e+00   5.8266244e+00   2.7104840e+01
   7.6562926e+00   7.6806634e+00   3.0861621e+01
   6.1190361e+00   6.1559621e+00   2.7784361e+01
   7.5361577e+00   7.5568673e+00   3.1464904e+01
   5.1548262e+00   5.1778345e+00   2.9076570e+01
   7.6233301e+00   7.6474618e+00   3.0876217e+01
   5.8293019e+00   5.8641043e+00   2.7809305e+01
   7.6268406e+00   7.6488782e+00   3.1272723e+01
   6.6746231e+00   6.7049558e+00   2.9089092e+01
   6.6362588e+00   6.6515565e+00   3.2025507e+01
   5.8749724e+00   5.8964682e+00   2.9934231e+01
   6.6433246e+00   6.6546611e+00   3.3331543e+01
   6.2553661e+00   6.2721383e+00   3.1315645e+01
   6.6742904e+00   6.6853949e+00   3.3446723e+01
   5.2589548e+00   5.2721175e+00   3.1579416e+01
   6.7104063e+00   6.7223050e+00   3.3176748e+01
   5.8935137e+00   5.9149257e+00   2.9965933e+01
   6.6702411e+00   6.6833618e+00   3.2719481e+01
   5.6481738e+00   5.7541301e+00   2.2851338e+01
   6.4104478e+00   6.4276796e+00   3.1324273e+01
   6.1615573e+00   6.1819274e+00   3.0396947e+01
   6.4743609e+00   6.4833556e+00   3.4197266e+01
   5.1601263e+00   5.1746333e+00   3.1081453e+01
   6.4640729e+00   6.4753193e+00   3.3219269e+01
   5.8323523e+00   5.8675156e+00   2.7767018e+01
   6.4505852e+00   6.4727753e+00   3.0260279e+01
   6.1919118e+00   6.2265272e+00   2.8123044e+01
   5.6259958e+00   5.6475165e+00   2.9732366e+01
   5.1190044e+00   5.1337635e+00   3.0975171e+01
   5.5683448e+00   5.5849961e+00   3.0799801e+01
   5.7763665e+00   5.7962388e+00   3.0196578e+01
   5.6500887e+00   5.6625424e+00   3.2124276e+01
   5.3367774e+00   5.3464095e+00   3.2994788e+01
   6.1282334e+00   6.1352149e+00   3.5016539e+01
   5.7591629e+00   5.7734930e+00   3.1601329e+01
   5.9154839e+00   5.9242157e+00   3.3875179e+01
   5.7820556e+00   5.7998211e+00   3.0687170e+01
   4.9747872e+00   4.9822826e+00   3.3806011e+01
