   1.1931002e+01   1.3000403e+01   1.8753539e+01
   1.2288406e+01   1.3733223e+01   1.7950583e+01
   1.0954865e+01   1.1310950e+01   2.2303814e+01
   1.2924649e+01   1.3760302e+01   2.0672329e+01
   1.1108218e+01   1.4034337e+01   1.4372596e+01
   1.2524269e+01   1.3564935e+01   1.9425973e+01
   1.0408575e+01   1.2982400e+01   1.4117394e+01
   1.2962886e+01   1.3752239e+01   2.0936011e+01
   1.1476750e+01   1.2407527e+01   1.8865793e+01
   1.3435248e+01   1.4004234e+01   2.2712847e+01
   1.1512821e+01   1.2126110e+01   2.0575392e+01
   1.2713882e+01   1.3428546e+01   2.1096005e+01
   1.2679152e+01   1.3254825e+01   2.1940450e+01
   1.2673776e+01   1.3296145e+01   2.1617309e+01
   1.0422972e+01   1.0645707e+01   2.3792860e+01
   1.3153637e+01   1.3559446e+01   2.3836852e+01
   9.2242638e+00   1.1438866e+01   1.3510628e+01
   1.2521601e+01   1.3283991e+01   2.0652535e+01
   9.6153312e+00   9.7158970e+00   2.6459393e+01
   1.0595238e+01   1.0742320e+01   2.5722248e+01
   1.3096270e+01   1.3509048e+01   2.3711098e+01
   1.1122912e+01   1.1326389e+01   2.4825699e+01
   1.2601838e+01   1.3053900e+01   2.2861604e+01
   1.2008354e+01   1.2191713e+01   2.6099118e+01
   1.2116842e+01   1.2383050e+01   2.4618801e+01
   1.1941532e+01   1.2147775e+01   2.5535401e+01
   1.1338234e+01   1.1699995e+01   2.2595603e+01
   1.1849250e+01   1.2080328e+01   2.4965523e+01
   1.2132482e+01   1.2676963e+01   2.1648258e+01
   1.1690398e+01   1.1866365e+01   2.5975396e+01
   1.0098448e+01   1.0231404e+01   2.5698911e+01
   1.1511308e+01   1.1650537e+01   2.6808539e+01
   1.1405362e+01   1.1670257e+01   2.3970254e+01
   1.1746518e+01   1.1891658e+01   2.6851110e+01
   1.3359030e+01   1.3857600e+01   2.3181595e+01
   9.6471947e+00   9.7449474e+00   2.6610277e+01
   1.2167453e+01   1.2529766e+01   2.3370375e+01
   1.0028731e+01   1.0097621e+01   2.8464551e+01
   1.1681734e+01   1.1976073e+01   2.3784592e+01
   9.9340274e+00   1.0040142e+01   2.6517361e+01
   1.0727206e+01   1.1039747e+01   2.2640368e+01
   9.7892299e+00   9.8989338e+00   2.6242803e+01
   1.1758948e+01   1.2080997e+01   2.3478562e+01
   9.7120201e+00   9.8024456e+00   2.7004351e+01
   9.4326865e+00   9.5883939e+00   2.4418059e+01
   9.5857869e+00   9.6656513e+00   2.7425377e+01
   1.0661124e+01   1.0902052e+01   2.3679251e+01
   9.7434036e+00   9.8168971e+00   2.7926349e+01
   1.2648608e+01   1.2909186e+01   2.5213474e+01
   1.3125285e+01   1.3362871e+01   2.6058907e+01
   1.1844142e+01   1.2170928e+01   2.3497491e+01
   1.3375256e+01   1.3680666e+01   2.5238279e+01
   1.1594399e+01   1.1839946e+01   2.4468483e+01
   1.3214491e+01   1.3475504e+01   2.5746399e+01
   1.2525570e+01   1.2818526e+01   2.4602266e+01
   1.2404122e+01   1.2593329e+01   2.6339554e+01
   1.0430642e+01   1.0581647e+01   2.5458017e+01
   1.2628627e+01   1.2836006e+01   2.6162447e+01
   1.1793272e+01   1.2045048e+01   2.4549315e+01
   1.2863731e+01   1.3083261e+01   2.6144392e+01
   1.2458277e+01   1.2678020e+01   2.5754685e+01
   1.2436745e+01   1.2583681e+01   2.7449744e+01
   1.2080178e+01   1.2246553e+01   2.6581545e+01
   1.2395993e+01   1.2526265e+01   2.7926525e+01
   1.2612687e+01   1.2791668e+01   2.6774187e+01
   1.2342494e+01   1.2443322e+01   2.8975498e+01
   1.0396315e+01   1.0492332e+01   2.7370020e+01
   1.2339711e+01   1.2456479e+01   2.8342511e+01
   1.1789133e+01   1.1946273e+01   2.6551390e+01
   1.2700902e+01   1.2830544e+01   2.8236557e+01
   1.1525732e+01   1.2003738e+01   2.1611551e+01
   1.1646646e+01   1.1752240e+01   2.8121592e+01
   1.2750569e+01   1.2920708e+01   2.7121373e+01
   1.1444164e+01   1.1525199e+01   2.9071130e+01
   1.0367708e+01   1.0473712e+01   2.6918135e+01
   1.1556990e+01   1.1630817e+01   2.9578067e+01
   1.1846228e+01   1.2071896e+01   2.5063201e+01
   1.1468413e+01   1.1582118e+01   2.7636901e+01
   1.2838636e+01   1.3090837e+01   2.5532607e+01
   1.0564676e+01   1.0666792e+01   2.7259912e+01
   1.0369661e+01   1.0472244e+01   2.7061027e+01
   1.0834025e+01   1.0935304e+01   2.7543959e+01
   1.1494838e+01   1.1666182e+01   2.5905664e+01
   1.1144452e+01   1.1220560e+01   2.9062110e+01
   1.0142697e+01   1.0227050e+01   2.7695426e+01
   1.2021432e+01   1.2095225e+01   3.0016101e+01
   1.1423775e+01   1.1542329e+01   2.7415878e+01
   1.2153958e+01   1.2250341e+01   2.8991178e+01
   1.1457430e+01   1.1586400e+01   2.7086139e+01
   9.9628724e+00   1.0008002e+01   3.0231851e+01
