   1.2250923e+01   1.3400293e+01   1.8780281e+01
   1.2437175e+01   1.4001624e+01   1.7799653e+01
   1.1307951e+01   1.1693632e+01   2.2299449e+01
   1.3128247e+01   1.4020527e+01   2.0608342e+01
   1.1241204e+01   1.4343401e+01   1.4318395e+01
   1.2785619e+01   1.3929226e+01   1.9312233e+01
   1.0597452e+01   1.3330157e+01   1.4101494e+01
   1.3193587e+01   1.4017165e+01   2.0988556e+01
   1.1760386e+01   1.2789594e+01   1.8740304e+01
   1.3694271e+01   1.4305886e+01   2.2667774e+01
   1.1890122e+01   1.2578290e+01   2.0464029e+01
   1.2935167e+01   1.3707971e+01   2.0994084e+01
   1.3087239e+01   1.3760672e+01   2.1693456e+01
   1.2841620e+01   1.3556356e+01   2.1217862e+01
   1.0695776e+01   1.0953367e+01   2.3427880e+01
   1.3463562e+01   1.3903842e+01   2.3795658e+01
   9.3642560e+00   1.1720130e+01   1.3428244e+01
   1.2783391e+01   1.3584815e+01   2.0703355e+01
   9.8565478e+00   9.9815599e+00   2.5742835e+01
   1.0864873e+01   1.1036549e+01   2.5310436e+01
   1.3550270e+01   1.4006823e+01   2.3728758e+01
   1.1478534e+01   1.1709850e+01   2.4612962e+01
   1.2948063e+01   1.3474313e+01   2.2565339e+01
   1.2336047e+01   1.2552850e+01   2.5695999e+01
   1.2446986e+01   1.2741112e+01   2.4510824e+01
   1.2287627e+01   1.2537553e+01   2.5047335e+01
   1.1654900e+01   1.2044045e+01   2.2587863e+01
   1.2085729e+01   1.2327208e+01   2.5001927e+01
   1.2427522e+01   1.3023809e+01   2.1556796e+01
   1.1904886e+01   1.2093833e+01   2.5873669e+01
   1.0329376e+01   1.0486591e+01   2.5192521e+01
   1.1710926e+01   1.1870487e+01   2.6412559e+01
   1.1686021e+01   1.1992114e+01   2.3623669e+01
   1.1995720e+01   1.2156909e+01   2.6637115e+01
   1.3602507e+01   1.4133734e+01   2.3154951e+01
   9.9738762e+00   1.0085088e+01   2.6351954e+01
   1.2282456e+01   1.2708223e+01   2.2806487e+01
   1.0387070e+01   1.0468316e+01   2.8080810e+01
   1.1904446e+01   1.2221556e+01   2.3680664e+01
   1.0247791e+01   1.0373450e+01   2.6077653e+01
   1.0927858e+01   1.1273458e+01   2.2404033e+01
   1.0068720e+01   1.0193278e+01   2.5951708e+01
   1.2022447e+01   1.2369735e+01   2.3410517e+01
   9.9822385e+00   1.0082229e+01   2.6816892e+01
   9.6216372e+00   9.7960337e+00   2.4103878e+01
   9.8198179e+00   9.9060341e+00   2.7307361e+01
   1.0941966e+01   1.1206416e+01   2.3545020e+01
   1.0049317e+01   1.0133750e+01   2.7606098e+01
   1.2997653e+01   1.3287181e+01   2.5101652e+01
   1.3400574e+01   1.3652271e+01   2.6078246e+01
   1.2120658e+01   1.2477421e+01   2.3390670e+01
   1.3602569e+01   1.3926905e+01   2.5203982e+01
   1.1944169e+01   1.2221778e+01   2.4278627e+01
   1.3449139e+01   1.3732283e+01   2.5627817e+01
   1.2838052e+01   1.3166699e+01   2.4416459e+01
   1.2578511e+01   1.2779500e+01   2.6247916e+01
   1.0717659e+01   1.0883405e+01   2.5324346e+01
   1.2822015e+01   1.3034688e+01   2.6239374e+01
   1.2101391e+01   1.2382149e+01   2.4379480e+01
   1.3032147e+01   1.3259939e+01   2.6148326e+01
   1.2740893e+01   1.2988255e+01   2.5521436e+01
   1.2664533e+01   1.2823766e+01   2.7322356e+01
   1.2433223e+01   1.2622688e+01   2.6361324e+01
   1.2646687e+01   1.2797452e+01   2.7538940e+01
   1.2905156e+01   1.3107414e+01   2.6531989e+01
   1.2618177e+01   1.2727810e+01   2.8877081e+01
   1.0634301e+01   1.0738652e+01   2.7230984e+01
   1.2559047e+01   1.2689993e+01   2.8058966e+01
   1.2123694e+01   1.2298211e+01   2.6418731e+01
   1.2946401e+01   1.3089233e+01   2.8055381e+01
   1.1858403e+01   1.2384734e+01   2.1527981e+01
   1.1925289e+01   1.2040373e+01   2.8013742e+01
   1.3133320e+01   1.3327111e+01   2.6931683e+01
   1.1696758e+01   1.1786626e+01   2.8862051e+01
   1.0671896e+01   1.0792439e+01   2.6646017e+01
   1.1839951e+01   1.1921256e+01   2.9427656e+01
   1.2263771e+01   1.2519252e+01   2.4931719e+01
   1.1814963e+01   1.1937441e+01   2.7642765e+01
   1.3219527e+01   1.3516534e+01   2.5206446e+01
   1.0872478e+01   1.0984175e+01   2.7158758e+01
   1.0636552e+01   1.0754912e+01   2.6691885e+01
   1.1181188e+01   1.1292392e+01   2.7464404e+01
   1.1782708e+01   1.1978650e+01   2.5603873e+01
   1.1492302e+01   1.1578594e+01   2.8845442e+01
   1.0359259e+01   1.0456833e+01   2.7266777e+01
   1.2388570e+01   1.2472679e+01   2.9799017e+01
   1.1704029e+01   1.1839322e+01   2.7112015e+01
   1.2499647e+01   1.2603720e+01   2.8988190e+01
   1.1733411e+01   1.1876069e+01   2.6912608e+01
   1.0228484e+01   1.0280269e+01   2.9879366e+01
