   1.4330723e+01   1.6362742e+01   1.8704962e+01
   1.4022742e+01   1.6625966e+01   1.7575693e+01
   1.3914178e+01   1.5050292e+01   2.0427160e+01
   1.4851717e+01   1.6882663e+01   1.9216673e+01
   1.2327577e+01   1.7856296e+01   1.3824705e+01
   1.4381696e+01   1.6952681e+01   1.7967535e+01
   1.1494832e+01   1.6343327e+01   1.3317259e+01
   1.4671770e+01   1.6565364e+01   1.9283928e+01
   1.3911319e+01   1.6611431e+01   1.7349423e+01
   1.6385470e+01   1.8278240e+01   2.0968487e+01
   1.3818389e+01   1.5857971e+01   1.8192052e+01
   1.4944315e+01   1.6786886e+01   1.9646748e+01
   1.5952995e+01   1.7989538e+01   2.0288910e+01
   1.3740824e+01   1.5479643e+01   1.8677829e+01
   1.2493604e+01   1.3314682e+01   2.0329547e+01
   1.5439402e+01   1.7078804e+01   2.0548610e+01
   1.0649875e+01   1.4859207e+01   1.2861164e+01
   1.4797419e+01   1.7096554e+01   1.8742520e+01
   1.2560404e+01   1.3245201e+01   2.1121525e+01
   1.3651222e+01   1.4473047e+01   2.1438056e+01
   1.5042906e+01   1.6566148e+01   2.0427159e+01
   1.3454648e+01   1.4648756e+01   1.9791845e+01
   1.5428988e+01   1.7178864e+01   2.0304728e+01
   1.4872167e+01   1.6113853e+01   2.1020942e+01
   1.4929090e+01   1.6077013e+01   2.1375006e+01
   1.4989928e+01   1.6046662e+01   2.1752377e+01
   1.3937379e+01   1.5033332e+01   2.0587952e+01
   1.3659588e+01   1.4577985e+01   2.1007010e+01
   1.4836892e+01   1.6504486e+01   1.9897038e+01
   1.3771970e+01   1.4394233e+01   2.2672581e+01
   1.2222551e+01   1.2888010e+01   2.0915461e+01
   1.3856422e+01   1.4464679e+01   2.2846608e+01
   1.4214973e+01   1.5131196e+01   2.1554111e+01
   1.4999842e+01   1.5672043e+01   2.3550541e+01
   1.5486747e+01   1.6554559e+01   2.2197581e+01
   1.2699301e+01   1.3127223e+01   2.3182099e+01
   1.4408613e+01   1.5842261e+01   2.0030831e+01
   1.3582422e+01   1.3971338e+01   2.4425356e+01
   1.2977648e+01   1.3696069e+01   2.1327538e+01
   1.2668644e+01   1.3001443e+01   2.4202323e+01
   1.2356982e+01   1.3308681e+01   1.9615132e+01
   1.2227131e+01   1.2717821e+01   2.2166216e+01
   1.3325134e+01   1.4196402e+01   2.0891998e+01
   1.1607176e+01   1.1944426e+01   2.3142078e+01
   1.0677940e+01   1.1202831e+01   2.0432244e+01
   1.0968726e+01   1.1320801e+01   2.2364208e+01
   1.2893339e+01   1.3538238e+01   2.1682878e+01
   1.2799361e+01   1.3094363e+01   2.4833543e+01
   1.4826071e+01   1.5907996e+01   2.1501703e+01
   1.4518246e+01   1.5248446e+01   2.2749458e+01
   1.3837020e+01   1.4696565e+01   2.1439697e+01
   1.5664433e+01   1.6618921e+01   2.2806661e+01
   1.4816373e+01   1.5668311e+01   2.2425323e+01
   1.4646467e+01   1.5432092e+01   2.2581632e+01
   1.4924398e+01   1.5923327e+01   2.1906427e+01
   1.3799952e+01   1.4373983e+01   2.3028099e+01
   1.2140249e+01   1.2678397e+01   2.1703657e+01
   1.3980121e+01   1.4649661e+01   2.2577050e+01
   1.3997611e+01   1.4655462e+01   2.2665135e+01
   1.4194082e+01   1.4949075e+01   2.2301300e+01
   1.4368062e+01   1.5215236e+01   2.2011650e+01
   1.4880275e+01   1.5705697e+01   2.2612731e+01
   1.5710961e+01   1.6342741e+01   2.4494861e+01
   1.4868505e+01   1.5419528e+01   2.4230181e+01
   1.4941900e+01   1.5621614e+01   2.3449328e+01
   1.4054647e+01   1.4518268e+01   2.4151400e+01
   1.2602584e+01   1.3001465e+01   2.3382217e+01
   1.4652116e+01   1.5251824e+01   2.3674671e+01
   1.4213952e+01   1.4808676e+01   2.3283814e+01
   1.5831961e+01   1.6417144e+01   2.4924184e+01
   1.4224416e+01   1.5304810e+01   2.0921621e+01
   1.3677591e+01   1.4041742e+01   2.4791371e+01
   1.5860228e+01   1.6533184e+01   2.4385769e+01
   1.3062836e+01   1.3389037e+01   2.4662496e+01
   1.2535359e+01   1.2971837e+01   2.2943721e+01
   1.3793277e+01   1.4125269e+01   2.5289593e+01
   1.4339613e+01   1.4963230e+01   2.3212692e+01
   1.4287253e+01   1.4718475e+01   2.4676025e+01
   1.5310690e+01   1.6083570e+01   2.3293837e+01
   1.2549956e+01   1.2934974e+01   2.3479584e+01
   1.2390780e+01   1.2784001e+01   2.3240329e+01
   1.3931712e+01   1.4419369e+01   2.3824170e+01
   1.3063907e+01   1.3512848e+01   2.3331637e+01
   1.4938598e+01   1.5290576e+01   2.6152681e+01
   1.1839487e+01   1.2107136e+01   2.4334240e+01
   1.4977169e+01   1.5393851e+01   2.5487290e+01
   1.3170062e+01   1.3518742e+01   2.4485799e+01
   1.5299659e+01   1.5755107e+01   2.5432758e+01
   1.3647885e+01   1.3992372e+01   2.4994943e+01
   1.2573919e+01   1.2777180e+01   2.6195737e+01
