   7.3325884e+00   7.4704403e+00   2.3100343e+01
   7.9851805e+00   8.3587205e+00   1.9416643e+01
   5.8542077e+00   5.9208853e+00   2.5014769e+01
   8.4436252e+00   8.6298806e+00   2.2771131e+01
   8.1449247e+00   9.2093978e+00   1.5264843e+01
   8.7608758e+00   9.0420648e+00   2.1298858e+01
   7.3882053e+00   8.3009117e+00   1.5210066e+01
   8.9270486e+00   9.1544073e+00   2.2348933e+01
   7.8579596e+00   8.1357969e+00   2.0556666e+01
   8.7482073e+00   8.8922229e+00   2.4140919e+01
   7.0292240e+00   7.2102493e+00   2.1675696e+01
   8.4199934e+00   8.5379560e+00   2.4708383e+01
   7.8453559e+00   7.9345873e+00   2.5410486e+01
   8.7270899e+00   8.8228944e+00   2.5874021e+01
   6.6005411e+00   6.6474109e+00   2.7143640e+01
   8.8981954e+00   8.9644552e+00   2.7615581e+01
   6.1364759e+00   7.0409301e+00   1.4178151e+01
   8.7302575e+00   8.9462693e+00   2.2391895e+01
   5.8873432e+00   5.9102538e+00   2.9667668e+01
   7.1018740e+00   7.1256971e+00   3.0491080e+01
   9.3534621e+00   9.4797895e+00   2.5243218e+01
   7.1876562e+00   7.2157993e+00   2.9840771e+01
   8.5225632e+00   8.5942091e+00   2.6946539e+01
   7.4436199e+00   7.4630620e+00   3.1660169e+01
   7.9990810e+00   8.0710604e+00   2.6470046e+01
   7.2060188e+00   7.2286273e+00   3.0805332e+01
   7.1361032e+00   7.2472211e+00   2.3861486e+01
   7.4569382e+00   7.4907061e+00   2.9278836e+01
   7.5926437e+00   7.7456785e+00   2.2873482e+01
   7.3096063e+00   7.3529823e+00   2.8069963e+01
   6.4609599e+00   6.4941930e+00   2.8518121e+01
   7.2716759e+00   7.2890129e+00   3.2011790e+01
   7.2479243e+00   7.3111996e+00   2.6384877e+01
   7.3267423e+00   7.3442439e+00   3.2017248e+01
   9.3330587e+00   9.4761138e+00   2.4691451e+01
   5.6491192e+00   5.6738759e+00   2.9143094e+01
   8.4428823e+00   8.5301913e+00   2.6023812e+01
   5.8061721e+00   5.8216556e+00   3.1302675e+01
   8.0077919e+00   8.1050821e+00   2.5178193e+01
   5.8199677e+00   5.8413957e+00   2.9904242e+01
   7.1177190e+00   7.2122140e+00   2.4544146e+01
   5.8216784e+00   5.8400041e+00   3.0583902e+01
   7.4974443e+00   7.5863992e+00   2.5125876e+01
   5.6860977e+00   5.6966759e+00   3.2860962e+01
   6.4282734e+00   6.4684893e+00   2.7665372e+01
   5.8574609e+00   5.8688592e+00   3.2672493e+01
   7.1300272e+00   7.2186179e+00   2.4832698e+01
   5.8668613e+00   5.8856574e+00   3.0509865e+01
   8.3777341e+00   8.4488887e+00   2.6849253e+01
   9.1944969e+00   9.2303724e+00   3.0532088e+01
   7.8121375e+00   7.9255320e+00   2.4349817e+01
   9.2202600e+00   9.2839728e+00   2.8071779e+01
   7.1161540e+00   7.1828812e+00   2.6044494e+01
   9.1969879e+00   9.2424786e+00   2.9506851e+01
   7.6388007e+00   7.7185687e+00   2.5716692e+01
   9.0116989e+00   9.0505984e+00   3.0018872e+01
   6.4426059e+00   6.4847656e+00   2.7472688e+01
   9.0979973e+00   9.1400919e+00   2.9754134e+01
   7.2217857e+00   7.2878785e+00   2.6174606e+01
   9.0976111e+00   9.1367190e+00   3.0072245e+01
   8.0277441e+00   8.0856579e+00   2.7433994e+01
   8.1589211e+00   8.1843504e+00   3.1110274e+01
   7.2606456e+00   7.2990352e+00   2.8557299e+01
   8.1633561e+00   8.1840956e+00   3.1997772e+01
   7.8113068e+00   7.8466313e+00   2.9386270e+01
   8.1789579e+00   8.1972802e+00   3.2548616e+01
   6.5583437e+00   6.5801354e+00   3.0426967e+01
   8.2214761e+00   8.2411480e+00   3.2277393e+01
   7.2899181e+00   7.3300191e+00   2.8393148e+01
   8.1926487e+00   8.2141508e+00   3.1866667e+01
   7.0043916e+00   7.1630971e+00   2.2218816e+01
   7.7259953e+00   7.7521970e+00   3.0607296e+01
   7.7547132e+00   7.7969159e+00   2.8567506e+01
   7.7766339e+00   7.7910789e+00   3.3232606e+01
   6.5024364e+00   6.5297254e+00   2.9405972e+01
   7.7748652e+00   7.7922051e+00   3.2438853e+01
   7.2621872e+00   7.3181529e+00   2.6927525e+01
   7.7438317e+00   7.7757955e+00   2.9761344e+01
   7.7673319e+00   7.8345338e+00   2.6566851e+01
   6.8852570e+00   6.9159380e+00   2.9213928e+01
   6.4677769e+00   6.4936394e+00   2.9610370e+01
   6.8541845e+00   6.8799414e+00   2.9946271e+01
   7.1672645e+00   7.2046542e+00   2.8592986e+01
   6.9423102e+00   6.9610473e+00   3.1399094e+01
   6.6178818e+00   6.6366126e+00   3.1132213e+01
   7.5716002e+00   7.5838814e+00   3.3761426e+01
   7.1684251e+00   7.1950304e+00   3.0068130e+01
   7.4147497e+00   7.4294556e+00   3.2846572e+01
   7.2071204e+00   7.2394487e+00   2.9256469e+01
   6.2224640e+00   6.2330852e+00   3.3271309e+01
