   4.1349833e+00   4.1799152e+00   2.5414659e+01
   5.0179722e+00   5.1312070e+00   2.2074655e+01
   3.5581625e+00   3.5809458e+00   2.7950122e+01
   5.2454241e+00   5.2913340e+00   2.6152220e+01
   5.3448507e+00   5.8277809e+00   1.6131433e+01
   5.6609158e+00   5.8193007e+00   2.1130688e+01
   4.5340649e+00   4.9538762e+00   1.6094018e+01
   5.8598460e+00   6.0143803e+00   2.1394823e+01
   5.1712111e+00   5.2999770e+00   2.1638379e+01
   5.4323228e+00   5.4937082e+00   2.5039883e+01
   4.3350146e+00   4.4005389e+00   2.3926621e+01
   5.4111687e+00   5.4491999e+00   2.7096167e+01
   4.7710277e+00   4.7911249e+00   2.9371993e+01
   5.5285444e+00   5.5455353e+00   3.0681075e+01
   3.9764572e+00   3.9867590e+00   3.1689480e+01
   5.5769253e+00   5.5897874e+00   3.1926851e+01
   3.7566873e+00   4.2350173e+00   1.4963994e+01
   5.7302821e+00   5.9142833e+00   2.0542167e+01
   3.6572286e+00   3.6649744e+00   3.2701728e+01
   4.2468328e+00   4.2536140e+00   3.3699719e+01
   6.0729075e+00   6.1016602e+00   2.8831341e+01
   4.2372738e+00   4.2454236e+00   3.2894647e+01
   5.3184127e+00   5.3327342e+00   3.1259193e+01
   4.4586064e+00   4.4637157e+00   3.5083647e+01
   5.3866991e+00   5.4036125e+00   3.0590386e+01
   4.2067567e+00   4.2109688e+00   3.5738041e+01
   4.5487666e+00   4.5900674e+00   2.6083046e+01
   4.3888489e+00   4.4057274e+00   2.9845477e+01
   4.6185452e+00   4.6756324e+00   2.4732990e+01
   4.2556766e+00   4.2815966e+00   2.7887185e+01
   3.8903795e+00   3.8980604e+00   3.2902623e+01
   4.2389672e+00   4.2436875e+00   3.5266898e+01
   4.5747858e+00   4.5871161e+00   3.1345207e+01
   4.3008641e+00   4.3060412e+00   3.4910841e+01
   6.0011776e+00   6.0390030e+00   2.7585513e+01
   3.4594009e+00   3.4700918e+00   3.1165435e+01
   5.1683335e+00   5.1914246e+00   2.9071353e+01
   3.5888605e+00   3.5959135e+00   3.3060838e+01
   5.3845316e+00   5.4164283e+00   2.7837701e+01
   3.5846687e+00   3.5906595e+00   3.3766644e+01
   4.4983240e+00   4.5222683e+00   2.8409079e+01
   3.5751416e+00   3.5840383e+00   3.2043112e+01
   4.5121295e+00   4.5268568e+00   3.0527888e+01
   3.3745213e+00   3.3784233e+00   3.5483077e+01
   3.9566333e+00   3.9668033e+00   3.1731238e+01
   3.6144656e+00   3.6190883e+00   3.4912982e+01
   4.5771171e+00   4.6040817e+00   2.7952272e+01
   3.6303691e+00   3.6401292e+00   3.1679497e+01
   5.0655260e+00   5.0793561e+00   3.1216419e+01
   5.9591713e+00   5.9657340e+00   3.5149558e+01
   5.2633773e+00   5.2967324e+00   2.7550114e+01
   5.9742844e+00   5.9869039e+00   3.2323871e+01
   4.4855791e+00   4.4995050e+00   3.0751092e+01
   5.9734157e+00   5.9822245e+00   3.3883316e+01
   4.6391393e+00   4.6507981e+00   3.1636078e+01
   5.8882734e+00   5.8956989e+00   3.4556959e+01
   3.8730797e+00   3.8831736e+00   3.1704379e+01
   5.9538249e+00   5.9639704e+00   3.3254516e+01
   4.5415338e+00   4.5541292e+00   3.1228234e+01
   5.9826580e+00   5.9913333e+00   3.3956987e+01
   5.3748778e+00   5.3870011e+00   3.2025999e+01
   5.0402413e+00   5.0450343e+00   3.5796948e+01
   4.5520108e+00   4.5593744e+00   3.3565956e+01
   5.0501987e+00   5.0541364e+00   3.6657902e+01
   4.7931779e+00   4.7986521e+00   3.5033041e+01
   5.0859140e+00   5.0899652e+00   3.6561760e+01
   3.9954006e+00   3.9998440e+00   3.5353832e+01
   5.1073833e+00   5.1129418e+00   3.5204906e+01
   4.5680066e+00   4.5767084e+00   3.2852909e+01
   5.0648744e+00   5.0697269e+00   3.5762182e+01
   4.3383457e+00   4.4029255e+00   2.3991901e+01
   5.1344306e+00   5.1467029e+00   3.1787651e+01
   4.6585428e+00   4.6654133e+00   3.3946059e+01
   5.1934312e+00   5.2002988e+00   3.4352675e+01
   3.8546085e+00   3.8593596e+00   3.4962758e+01
   5.1749138e+00   5.1849647e+00   3.2685316e+01
   4.4875896e+00   4.5049035e+00   2.9807641e+01
   5.1905877e+00   5.2031958e+00   3.1713576e+01
   4.7201968e+00   4.7316430e+00   3.1776453e+01
   4.3795188e+00   4.3931358e+00   3.0770397e+01
   3.8261329e+00   3.8330851e+00   3.3289815e+01
   4.2960037e+00   4.3054803e+00   3.2282681e+01
   4.4875785e+00   4.4960479e+00   3.2910933e+01
   4.3860907e+00   4.3913972e+00   3.4865944e+01
   4.0925763e+00   4.0964798e+00   3.5985960e+01
   4.7658200e+00   4.7691625e+00   3.7154433e+01
   4.4335090e+00   4.4396874e+00   3.4240334e+01
   4.4966337e+00   4.5006536e+00   3.6152902e+01
   4.4263026e+00   4.4358129e+00   3.2362699e+01
   3.7474761e+00   3.7519610e+00   3.5137521e+01
