   3.5203599e-01   3.7134045e-01   2.6711549e+01
   4.5940230e-01   4.8254372e-01   2.5980637e+01
   6.2399019e-01   6.2784592e-01   3.3850404e+01
   6.3093670e-01   6.3382534e-01   3.5108224e+01
   5.6048612e-01   6.9775914e-01   1.8306351e+01
   9.2340995e-01   1.0458016e+00   1.9003588e+01
   3.1958242e-01   4.6441914e-01   1.7945151e+01
   1.0480397e+00   1.1885498e+00   1.8475433e+01
   1.2406380e+00   1.2807875e+00   2.4018696e+01
   7.8287251e-01   8.1290638e-01   2.5022451e+01
   5.5058420e-01   5.6685074e-01   2.7559724e+01
   7.0177506e-01   7.1606060e-01   2.8204802e+01
   7.6284156e-01   7.6490773e-01   3.6634723e+01
   8.0529661e-01   8.0704003e-01   3.7395475e+01
   5.6864812e-01   5.6997307e-01   3.8459808e+01
   7.3839290e-01   7.3953914e-01   3.9180295e+01
   2.9398686e-01   4.9077404e-01   1.6601726e+01
   1.0903686e+00   1.2810260e+00   1.7177505e+01
   6.8366963e-01   6.8714633e-01   3.4331884e+01
   5.2216731e-01   5.2425791e-01   3.6454440e+01
   8.7249823e-01   8.7465484e-01   3.6508668e+01
   4.8359675e-01   4.8558554e-01   3.6650839e+01
   7.6332319e-01   7.6506992e-01   3.7364377e+01
   6.6581891e-01   6.6718044e-01   3.8393570e+01
   1.3911125e+00   1.3925287e+00   3.8628192e+01
   5.8721846e-01   5.8808146e-01   4.0331570e+01
   7.5231151e-01   7.6493687e-01   2.8768678e+01
   6.3311409e-01   6.4414178e-01   2.9291783e+01
   5.6602919e-01   5.8540857e-01   2.6807611e+01
   5.0189844e-01   5.1936692e-01   2.7224297e+01
   4.3427361e-01   4.3616118e-01   3.6851715e+01
   4.2545022e-01   4.2692213e-01   3.7927310e+01
   7.4153096e-01   7.4340055e-01   3.7057332e+01
   5.4421543e-01   5.4568654e-01   3.7992343e+01
   8.6948348e-01   8.7507383e-01   3.2370501e+01
   6.2685310e-01   6.3178837e-01   3.2779934e+01
   6.6713265e-01   6.7165139e-01   3.3184510e+01
   7.1464250e-01   7.1851513e-01   3.3880249e+01
   1.4528163e+00   1.4550215e+00   3.6740613e+01
   8.3377530e-01   8.3517842e-01   3.8354123e+01
   6.8577945e-01   6.9047677e-01   3.3026243e+01
   6.8538680e-01   6.8952930e-01   3.3571885e+01
   4.4438465e-01   4.4589268e-01   3.7831949e+01
   4.4838187e-01   4.4941276e-01   3.9486007e+01
   5.8640564e-01   5.8844875e-01   3.6588392e+01
   7.2798905e-01   7.2964648e-01   3.7573083e+01
   8.3690065e-01   8.4440217e-01   3.1075591e+01
   8.1066867e-01   8.1721119e-01   3.1655216e+01
   5.8634480e-01   5.8772628e-01   3.8287782e+01
   8.6959170e-01   8.7017144e-01   4.2212325e+01
   1.3685960e+00   1.3707746e+00   3.6744472e+01
   1.0406363e+00   1.0417351e+00   3.9530098e+01
   7.4172659e-01   7.4289997e-01   3.9080479e+01
   9.7052617e-01   9.7126686e-01   4.1204118e+01
   6.8266171e-01   6.8401622e-01   3.8425094e+01
   9.2871684e-01   9.2946540e-01   4.1135080e+01
   5.0847516e-01   5.1060456e-01   3.6367315e+01
   8.9192601e-01   8.9370531e-01   3.7354551e+01
   8.0189313e-01   8.0344186e-01   3.7907877e+01
   9.9401011e-01   9.9503737e-01   3.9796764e+01
   1.3635155e+00   1.3647489e+00   3.9212366e+01
   7.2969640e-01   7.3038774e-01   4.1371406e+01
   7.2070950e-01   7.2118524e-01   4.2989771e+01
   6.4100888e-01   6.4147817e-01   4.3006147e+01
   7.7267769e-01   7.7323656e-01   4.2318597e+01
   7.0647873e-01   7.0696000e-01   4.2931902e+01
   6.0341614e-01   6.0459176e-01   3.8997694e+01
   6.7064781e-01   6.7198618e-01   3.8470662e+01
   7.6807360e-01   7.6896550e-01   4.0286016e+01
   6.5600327e-01   6.5682648e-01   4.0573400e+01
   5.9789422e-01   6.2267913e-01   2.5756361e+01
   1.2789626e+00   1.2855679e+00   3.1876123e+01
   6.8018268e-01   6.8091263e-01   4.1108665e+01
   1.3204507e+00   1.3210748e+00   4.2145538e+01
   4.9047466e-01   4.9157585e-01   3.9221710e+01
   1.2637625e+00   1.2648470e+00   3.9713599e+01
   7.6776276e-01   7.6934246e-01   3.7803288e+01
   1.3500755e+00   1.3513005e+00   3.9233974e+01
   7.1491790e-01   7.1948715e-01   3.3162036e+01
   6.8845790e-01   6.9331846e-01   3.2879332e+01
   4.1557434e-01   4.1833754e-01   3.5186846e+01
   5.2717183e-01   5.3016803e-01   3.4894103e+01
   7.6812297e-01   7.6916452e-01   3.9612412e+01
   7.0379262e-01   7.0460279e-01   4.0668546e+01
   7.9937706e-01   8.0017001e-01   4.0813769e+01
   9.0938284e-01   9.1012784e-01   4.1145092e+01
   6.3165538e-01   6.3301929e-01   3.8367630e+01
   5.5480713e-01   5.5599569e-01   3.8924247e+01
   5.7978113e-01   5.8268158e-01   3.5063150e+01
   3.8924101e-01   3.9163264e-01   3.5800233e+01
