   1.0302221e+00   1.0524132e+00   2.6473260e+01
   1.3675102e+00   1.3990856e+00   2.5134501e+01
   1.2362086e+00   1.2422977e+00   3.2205001e+01
   1.5177191e+00   1.5233459e+00   3.2710770e+01
   1.5589278e+00   1.7383838e+00   1.7714124e+01
   1.8675194e+00   1.9961011e+00   1.9343637e+01
   1.1216042e+00   1.2988599e+00   1.7511019e+01
   2.0328083e+00   2.1797401e+00   1.8868524e+01
   2.1876854e+00   2.2501874e+00   2.2667147e+01
   1.6689159e+00   1.7020662e+00   2.5100570e+01
   1.3669506e+00   1.3883944e+00   2.6813844e+01
   1.7052032e+00   1.7213632e+00   2.8241043e+01
   1.5816045e+00   1.5848265e+00   3.5169570e+01
   1.7449455e+00   1.7477447e+00   3.5877593e+01
   1.2369567e+00   1.2393560e+00   3.6249666e+01
   1.6848042e+00   1.6871332e+00   3.6640291e+01
   1.0213124e+00   1.2598960e+00   1.6167375e+01
   2.0371510e+00   2.2358851e+00   1.7565941e+01
   1.3054022e+00   1.3101356e+00   3.3338324e+01
   1.1892241e+00   1.1919964e+00   3.5595021e+01
   1.9587914e+00   1.9632060e+00   3.4028598e+01
   1.1668234e+00   1.1698961e+00   3.5135597e+01
   1.6208109e+00   1.6236122e+00   3.5800416e+01
   1.3676608e+00   1.3695428e+00   3.7379470e+01
   2.3662478e+00   2.3779473e+00   3.0050353e+01
   1.2096964e+00   1.2113072e+00   3.7964618e+01
   1.5815442e+00   1.5977601e+00   2.8152581e+01
   1.3234565e+00   1.3353440e+00   2.9350101e+01
   1.3972890e+00   1.4212674e+00   2.6346472e+01
   1.1896478e+00   1.2085197e+00   2.7266716e+01
   1.1071759e+00   1.1100783e+00   3.5349472e+01
   1.1231502e+00   1.1251133e+00   3.7056568e+01
   1.5294617e+00   1.5342254e+00   3.3440872e+01
   1.2243545e+00   1.2266237e+00   3.6484878e+01
   1.9199006e+00   1.9309426e+00   3.0024082e+01
   1.2040742e+00   1.2122434e+00   3.0910548e+01
   1.4954955e+00   1.5023814e+00   3.1820955e+01
   1.3120158e+00   1.3174346e+00   3.2754894e+01
   2.3569075e+00   2.3693066e+00   2.9792305e+01
   1.3494647e+00   1.3532350e+00   3.4351660e+01
   1.5134132e+00   1.5197124e+00   3.2218119e+01
   1.2844185e+00   1.2898860e+00   3.2700226e+01
   1.2701761e+00   1.2724307e+00   3.6538965e+01
   1.0543804e+00   1.0562189e+00   3.7302727e+01
   1.2254991e+00   1.2286274e+00   3.5091140e+01
   1.3201045e+00   1.3232978e+00   3.5055978e+01
   1.5956876e+00   1.6059737e+00   3.0137304e+01
   1.3835400e+00   1.3915972e+00   3.1073565e+01
   1.4385166e+00   1.4411473e+00   3.5966221e+01
   1.9612851e+00   1.9634687e+00   3.7087088e+01
   2.3190996e+00   2.3299106e+00   3.0363424e+01
   2.0271209e+00   2.0317796e+00   3.3836817e+01
   1.5624593e+00   1.5647613e+00   3.6618299e+01
   2.0335521e+00   2.0362561e+00   3.6203149e+01
   1.4939090e+00   1.4960520e+00   3.6889024e+01
   1.9918345e+00   1.9935300e+00   3.8204577e+01
   1.1605687e+00   1.1637112e+00   3.5034579e+01
   1.9617360e+00   1.9659186e+00   3.4264903e+01
   1.5693026e+00   1.5727885e+00   3.4820431e+01
   2.0388182e+00   2.0425365e+00   3.4823076e+01
   2.3838230e+00   2.3908879e+00   3.2251520e+01
   1.4976939e+00   1.5001481e+00   3.6302366e+01
   1.5732730e+00   1.5742697e+00   4.0259871e+01
   1.4882649e+00   1.4894998e+00   3.9279766e+01
   1.6070867e+00   1.6080811e+00   4.0289848e+01
   1.5473633e+00   1.5483970e+00   4.0086773e+01
   1.2732464e+00   1.2749668e+00   3.7715037e+01
   1.5174357e+00   1.5194824e+00   3.7102491e+01
   1.5669716e+00   1.5702474e+00   3.5089104e+01
   1.4867626e+00   1.4891242e+00   3.6462917e+01
   1.4002937e+00   1.4302307e+00   2.5384811e+01
   2.2094117e+00   2.2219593e+00   2.9647813e+01
   1.4703876e+00   1.4720185e+00   3.8061191e+01
   2.2754229e+00   2.2819844e+00   3.2504012e+01
   1.1228409e+00   1.1249867e+00   3.6669925e+01
   2.2145361e+00   2.2249205e+00   3.0472533e+01
   1.5010051e+00   1.5078609e+00   3.1843187e+01
   2.2683937e+00   2.2826113e+00   2.9142328e+01
   1.5373150e+00   1.5424809e+00   3.3093418e+01
   1.4827008e+00   1.4890739e+00   3.2149498e+01
   1.0770806e+00   1.0804353e+00   3.4703631e+01
   1.3326965e+00   1.3367651e+00   3.4011311e+01
   1.5316925e+00   1.5351798e+00   3.4796657e+01
   1.4868357e+00   1.4890964e+00   3.6652618e+01
   1.4417566e+00   1.4430158e+00   3.9167740e+01
   1.7011486e+00   1.7024119e+00   3.9306698e+01
   1.4097860e+00   1.4127686e+00   3.5404185e+01
   1.3523389e+00   1.3543414e+00   3.7100982e+01
   1.3693685e+00   1.3742997e+00   3.3197412e+01
   1.0346129e+00   1.0376886e+00   3.5056878e+01
