   1.4213588e+01   1.6241425e+01   1.8597622e+01
   1.3924744e+01   1.6436365e+01   1.7596059e+01
   1.3763960e+01   1.4853155e+01   2.0443753e+01
   1.5211509e+01   1.6960635e+01   2.0092965e+01
   1.2290266e+01   1.7696640e+01   1.3838535e+01
   1.4272566e+01   1.6567159e+01   1.8234946e+01
   1.1454014e+01   1.6172844e+01   1.3344946e+01
   1.4614220e+01   1.6217392e+01   1.9821759e+01
   1.3875645e+01   1.6400981e+01   1.7530297e+01
   1.6194078e+01   1.7613433e+01   2.1815971e+01
   1.3842924e+01   1.5630044e+01   1.8679387e+01
   1.4805357e+01   1.6166358e+01   2.0611099e+01
   1.5928881e+01   1.7887039e+01   2.0400678e+01
   1.3822230e+01   1.5106292e+01   1.9872428e+01
   1.2345610e+01   1.3071766e+01   2.0680161e+01
   1.5480745e+01   1.6688621e+01   2.1720424e+01
   1.0575527e+01   1.4599750e+01   1.2912430e+01
   1.4784482e+01   1.6501925e+01   1.9740073e+01
   1.2530369e+01   1.3043033e+01   2.2274031e+01
   1.3134873e+01   1.3753282e+01   2.2084743e+01
   1.4934385e+01   1.6327448e+01   2.0650456e+01
   1.3378358e+01   1.4160049e+01   2.1374357e+01
   1.5279176e+01   1.6913803e+01   2.0402045e+01
   1.4789395e+01   1.5586969e+01   2.2660560e+01
   1.4771759e+01   1.5727984e+01   2.1927957e+01
   1.4642913e+01   1.5320067e+01   2.3173804e+01
   1.3722243e+01   1.4706683e+01   2.0795621e+01
   1.3601262e+01   1.4229215e+01   2.2471018e+01
   1.4722472e+01   1.6314613e+01   1.9952577e+01
   1.3741449e+01   1.4182406e+01   2.4056644e+01
   1.2088515e+01   1.2673300e+01   2.1314061e+01
   1.3629441e+01   1.4004142e+01   2.4625822e+01
   1.3990372e+01   1.4853835e+01   2.1570120e+01
   1.4517609e+01   1.4957725e+01   2.4814492e+01
   1.5262701e+01   1.6312062e+01   2.2045776e+01
   1.2361678e+01   1.2660383e+01   2.4364804e+01
   1.4201078e+01   1.5500642e+01   2.0195224e+01
   1.3235969e+01   1.3445992e+01   2.6687834e+01
   1.3049586e+01   1.3715718e+01   2.1701413e+01
   1.2393679e+01   1.2649643e+01   2.5046851e+01
   1.2219730e+01   1.3029980e+01   2.0121166e+01
   1.1853071e+01   1.2086425e+01   2.4927558e+01
   1.3413586e+01   1.4205750e+01   2.1355185e+01
   1.1603754e+01   1.1818011e+01   2.5055678e+01
   1.0677814e+01   1.1133959e+01   2.1012946e+01
   1.1112856e+01   1.1291800e+01   2.5363842e+01
   1.2733662e+01   1.3322590e+01   2.1899534e+01
   1.2382513e+01   1.2546871e+01   2.6919469e+01
   1.4842431e+01   1.5822396e+01   2.1901124e+01
   1.4723922e+01   1.5199887e+01   2.4691047e+01
   1.4016826e+01   1.4842081e+01   2.1775020e+01
   1.5461381e+01   1.6050769e+01   2.4533078e+01
   1.4551842e+01   1.5345203e+01   2.2450644e+01
   1.4849344e+01   1.5376676e+01   2.4391478e+01
   1.5071801e+01   1.5979908e+01   2.2422652e+01
   1.3764478e+01   1.4123506e+01   2.4934203e+01
   1.2210476e+01   1.2670397e+01   2.2418111e+01
   1.4218816e+01   1.4619414e+01   2.4915717e+01
   1.4057623e+01   1.4750178e+01   2.2515685e+01
   1.4477129e+01   1.4935507e+01   2.4607107e+01
   1.4533096e+01   1.5303015e+01   2.2551992e+01
   1.4805718e+01   1.5226398e+01   2.5281131e+01
   1.5492275e+01   1.6058614e+01   2.4725767e+01
   1.4820241e+01   1.5182864e+01   2.5913295e+01
   1.5052838e+01   1.5656975e+01   2.4034378e+01
   1.4298535e+01   1.4582813e+01   2.6428922e+01
   1.2563859e+01   1.2922645e+01   2.3787611e+01
   1.4733667e+01   1.5104304e+01   2.5738080e+01
   1.4242456e+01   1.4794859e+01   2.3612658e+01
   1.5626951e+01   1.5997413e+01   2.6609067e+01
   1.4071377e+01   1.5092848e+01   2.0990081e+01
   1.3854463e+01   1.4086246e+01   2.6863148e+01
   1.5640566e+01   1.6257157e+01   2.4524706e+01
   1.3241196e+01   1.3443988e+01   2.6841733e+01
   1.2520253e+01   1.2898467e+01   2.3525743e+01
   1.3805999e+01   1.4004031e+01   2.7484525e+01
   1.4355167e+01   1.4962482e+01   2.3335353e+01
   1.3996029e+01   1.4277202e+01   2.6183213e+01
   1.5325144e+01   1.6102094e+01   2.3287007e+01
   1.2759263e+01   1.2985547e+01   2.5916283e+01
   1.2308378e+01   1.2681511e+01   2.3380934e+01
   1.3836124e+01   1.4133956e+01   2.5786799e+01
   1.3075188e+01   1.3496353e+01   2.3607322e+01
   1.4358576e+01   1.4583195e+01   2.7482387e+01
   1.1752769e+01   1.2027171e+01   2.4147336e+01
   1.5008663e+01   1.5267626e+01   2.7510215e+01
   1.3242014e+01   1.3585232e+01   2.4620807e+01
   1.5277833e+01   1.5568611e+01   2.7283476e+01
   1.3562017e+01   1.3889364e+01   2.5126243e+01
   1.2373215e+01   1.2515610e+01   2.7523906e+01
