   1.4038510e+01   1.5945710e+01   1.8640230e+01
   1.3750259e+01   1.6203436e+01   1.7502685e+01
   1.3465978e+01   1.4442897e+01   2.0577936e+01
   1.5134977e+01   1.6922226e+01   1.9941327e+01
   1.2259116e+01   1.7383228e+01   1.3932400e+01
   1.4259927e+01   1.6661476e+01   1.8071117e+01
   1.1406655e+01   1.5740154e+01   1.3518460e+01
   1.4561570e+01   1.6162510e+01   1.9775404e+01
   1.3648132e+01   1.5778185e+01   1.7876970e+01
   1.6058615e+01   1.7446517e+01   2.1765849e+01
   1.3741678e+01   1.5266017e+01   1.9155896e+01
   1.4633595e+01   1.5861305e+01   2.0831077e+01
   1.6129379e+01   1.7870724e+01   2.1010330e+01
   1.3799517e+01   1.5007602e+01   2.0081410e+01
   1.2222001e+01   1.2816627e+01   2.1372644e+01
   1.5337785e+01   1.6397276e+01   2.2082065e+01
   1.0525048e+01   1.4337663e+01   1.3015481e+01
   1.4598878e+01   1.6167419e+01   1.9886170e+01
   1.2048188e+01   1.2498462e+01   2.2352135e+01
   1.2901540e+01   1.3459471e+01   2.2281084e+01
   1.5185320e+01   1.6398296e+01   2.1415428e+01
   1.3146465e+01   1.3881323e+01   2.1398671e+01
   1.4908085e+01   1.6222406e+01   2.0841940e+01
   1.4519351e+01   1.5224102e+01   2.2892957e+01
   1.4492120e+01   1.5248488e+01   2.2583130e+01
   1.4458138e+01   1.5054588e+01   2.3508594e+01
   1.3381489e+01   1.4195654e+01   2.1215145e+01
   1.3418617e+01   1.3984048e+01   2.2722465e+01
   1.4312784e+01   1.5598270e+01   2.0344899e+01
   1.3488694e+01   1.3862835e+01   2.4496790e+01
   1.1935372e+01   1.2382414e+01   2.2275276e+01
   1.3540020e+01   1.3873608e+01   2.5025936e+01
   1.3556376e+01   1.4281135e+01   2.1848729e+01
   1.4258138e+01   1.4645193e+01   2.5096871e+01
   1.5234404e+01   1.6179106e+01   2.2426530e+01
   1.2252970e+01   1.2519672e+01   2.4739780e+01
   1.4015321e+01   1.5103915e+01   2.0689497e+01
   1.2914196e+01   1.3096920e+01   2.6972914e+01
   1.3006787e+01   1.3555202e+01   2.2452300e+01
   1.2239177e+01   1.2469945e+01   2.5339348e+01
   1.1990045e+01   1.2650036e+01   2.0728070e+01
   1.1593731e+01   1.1792379e+01   2.5367996e+01
   1.3294005e+01   1.3929836e+01   2.2124717e+01
   1.1450675e+01   1.1617637e+01   2.5974931e+01
   1.0653385e+01   1.1049925e+01   2.1573421e+01
   1.1019376e+01   1.1169889e+01   2.6016198e+01
   1.2652479e+01   1.3155525e+01   2.2468430e+01
   1.2141726e+01   1.2282177e+01   2.7363827e+01
   1.4762095e+01   1.5476599e+01   2.3073599e+01
   1.4702421e+01   1.5077974e+01   2.5652809e+01
   1.3943432e+01   1.4668059e+01   2.2223176e+01
   1.5286627e+01   1.5783365e+01   2.5062378e+01
   1.4238428e+01   1.4930602e+01   2.2692960e+01
   1.4828066e+01   1.5307416e+01   2.4762954e+01
   1.4855679e+01   1.5628844e+01   2.2848875e+01
   1.3654406e+01   1.3969695e+01   2.5372567e+01
   1.2170817e+01   1.2577289e+01   2.2893531e+01
   1.3991782e+01   1.4363418e+01   2.5009112e+01
   1.3931338e+01   1.4520147e+01   2.3051250e+01
   1.4437869e+01   1.4849485e+01   2.5014872e+01
   1.4465396e+01   1.5071579e+01   2.3449805e+01
   1.4547468e+01   1.4914108e+01   2.5602812e+01
   1.5187265e+01   1.5672102e+01   2.5065393e+01
   1.4745037e+01   1.5042258e+01   2.6673768e+01
   1.4649156e+01   1.5167594e+01   2.4266839e+01
   1.4213155e+01   1.4457987e+01   2.6977034e+01
   1.2384936e+01   1.2672111e+01   2.4552712e+01
   1.4532032e+01   1.4856987e+01   2.6092779e+01
   1.4226142e+01   1.4687878e+01   2.4333982e+01
   1.5324097e+01   1.5637193e+01   2.7017777e+01
   1.3850146e+01   1.4792350e+01   2.1090850e+01
   1.3808499e+01   1.4022215e+01   2.7163100e+01
   1.5429956e+01   1.5976498e+01   2.4810291e+01
   1.3227281e+01   1.3412019e+01   2.7225177e+01
   1.2319078e+01   1.2624243e+01   2.4234343e+01
   1.3690243e+01   1.3870224e+01   2.7780074e+01
   1.4107325e+01   1.4654786e+01   2.3518703e+01
   1.3934295e+01   1.4174206e+01   2.6794033e+01
   1.5219627e+01   1.5925730e+01   2.3566635e+01
   1.2671695e+01   1.2877095e+01   2.6244143e+01
   1.2165603e+01   1.2478103e+01   2.3989039e+01
   1.3583478e+01   1.3848851e+01   2.6030177e+01
   1.3004432e+01   1.3390870e+01   2.3897778e+01
   1.4095955e+01   1.4299803e+01   2.7640700e+01
   1.1676242e+01   1.1896523e+01   2.5005915e+01
   1.4833728e+01   1.5060823e+01   2.7895906e+01
   1.3172743e+01   1.3444677e+01   2.5533365e+01
   1.5081933e+01   1.5315694e+01   2.8014274e+01
   1.3424726e+01   1.3717617e+01   2.5461839e+01
   1.2204013e+01   1.2338150e+01   2.7619656e+01
