   1.4074708e+01   1.6028349e+01   1.8591418e+01
   1.3810179e+01   1.6250240e+01   1.7578853e+01
   1.3600202e+01   1.4552593e+01   2.0807022e+01
   1.4573641e+01   1.6353139e+01   1.9407343e+01
   1.2249242e+01   1.6924593e+01   1.4146178e+01
   1.4083294e+01   1.6036986e+01   1.8599703e+01
   1.1467483e+01   1.5671618e+01   1.3658451e+01
   1.4495210e+01   1.5810462e+01   2.0436494e+01
   1.3443883e+01   1.5360506e+01   1.8044077e+01
   1.5896488e+01   1.7070609e+01   2.2235475e+01
   1.3824528e+01   1.5178689e+01   1.9675011e+01
   1.4599257e+01   1.5731910e+01   2.1104671e+01
   1.5366276e+01   1.6809759e+01   2.0941374e+01
   1.3786488e+01   1.4828285e+01   2.0637565e+01
   1.2155514e+01   1.2595706e+01   2.2547732e+01
   1.5191915e+01   1.6053098e+01   2.2748735e+01
   1.0436597e+01   1.3882556e+01   1.3225082e+01
   1.4601371e+01   1.5944534e+01   2.0461324e+01
   1.1735389e+01   1.2065520e+01   2.3352255e+01
   1.2565514e+01   1.2981521e+01   2.3171959e+01
   1.4699977e+01   1.5528731e+01   2.2421279e+01
   1.3042836e+01   1.3574934e+01   2.2610702e+01
   1.4809976e+01   1.5788875e+01   2.1873744e+01
   1.4490723e+01   1.4999256e+01   2.4192391e+01
   1.4462879e+01   1.5001056e+01   2.3932962e+01
   1.4425986e+01   1.4918854e+01   2.4258344e+01
   1.3521184e+01   1.4206768e+01   2.2038509e+01
   1.3597114e+01   1.4055396e+01   2.3758190e+01
   1.4266718e+01   1.5371071e+01   2.0878257e+01
   1.3554770e+01   1.3891434e+01   2.5001649e+01
   1.1935777e+01   1.2302389e+01   2.3101914e+01
   1.3453278e+01   1.3713763e+01   2.5983731e+01
   1.3481696e+01   1.4022701e+01   2.2963896e+01
   1.4105884e+01   1.4435088e+01   2.5626310e+01
   1.5155945e+01   1.5977674e+01   2.2899177e+01
   1.2227994e+01   1.2429679e+01   2.5900931e+01
   1.3748208e+01   1.4676188e+01   2.1051897e+01
   1.2928021e+01   1.3084573e+01   2.7645715e+01
   1.3089691e+01   1.3563054e+01   2.3137223e+01
   1.2351948e+01   1.2548200e+01   2.6134439e+01
   1.2061312e+01   1.2587114e+01   2.1724188e+01
   1.1620550e+01   1.1795112e+01   2.5944025e+01
   1.3448460e+01   1.3955319e+01   2.3199657e+01
   1.1567650e+01   1.1715971e+01   2.6590513e+01
   1.0747984e+01   1.1073118e+01   2.2493369e+01
   1.1166084e+01   1.1295026e+01   2.6815203e+01
   1.2527477e+01   1.2965115e+01   2.2925208e+01
   1.2050984e+01   1.2168893e+01   2.8028061e+01
   1.4707226e+01   1.5252983e+01   2.4112765e+01
   1.4945865e+01   1.5265519e+01   2.6563066e+01
   1.3925280e+01   1.4480603e+01   2.3284461e+01
   1.5265461e+01   1.5667519e+01   2.5916095e+01
   1.4306317e+01   1.4858489e+01   2.3676196e+01
   1.4977432e+01   1.5365677e+01   2.5781339e+01
   1.4854243e+01   1.5420987e+01   2.4101405e+01
   1.3701608e+01   1.3970108e+01   2.6094255e+01
   1.2219037e+01   1.2511322e+01   2.4321149e+01
   1.4016018e+01   1.4314899e+01   2.5945363e+01
   1.3751955e+01   1.4203841e+01   2.3965413e+01
   1.4379952e+01   1.4673299e+01   2.6375432e+01
   1.4558867e+01   1.4971568e+01   2.5121152e+01
   1.4361756e+01   1.4602948e+01   2.7183943e+01
   1.5043000e+01   1.5404945e+01   2.6137483e+01
   1.4619325e+01   1.4868340e+01   2.7298133e+01
   1.4721645e+01   1.5076784e+01   2.5904738e+01
   1.4214590e+01   1.4408685e+01   2.7963555e+01
   1.2306491e+01   1.2511075e+01   2.5914528e+01
   1.4403909e+01   1.4660243e+01   2.6967255e+01
   1.4090055e+01   1.4415168e+01   2.5663458e+01
   1.5157055e+01   1.5422073e+01   2.7556843e+01
   1.3767581e+01   1.4539618e+01   2.1799413e+01
   1.3649137e+01   1.3843292e+01   2.7417864e+01
   1.5388247e+01   1.5722394e+01   2.6807470e+01
   1.3257195e+01   1.3417018e+01   2.7871684e+01
   1.2359642e+01   1.2574919e+01   2.5748345e+01
   1.3602191e+01   1.3770194e+01   2.7989161e+01
   1.4104690e+01   1.4525533e+01   2.4600608e+01
   1.3649904e+01   1.3841610e+01   2.7472614e+01
   1.5387316e+01   1.5790766e+01   2.6020415e+01
   1.2597060e+01   1.2775078e+01   2.6782353e+01
   1.2227223e+01   1.2444269e+01   2.5588215e+01
   1.3363008e+01   1.3581028e+01   2.6650794e+01
   1.3136960e+01   1.3416736e+01   2.5379224e+01
   1.3884787e+01   1.4052701e+01   2.8262991e+01
   1.1719251e+01   1.1874709e+01   2.6531712e+01
   1.4697315e+01   1.4875549e+01   2.8793144e+01
   1.3138499e+01   1.3331073e+01   2.6963425e+01
   1.4868306e+01   1.5056112e+01   2.8736117e+01
   1.3346315e+01   1.3573363e+01   2.6462670e+01
   1.2122472e+01   1.2229830e+01   2.8497970e+01
