   2.4980830e+00   2.5295671e+00   2.5837884e+01
   3.1662179e+00   3.2283881e+00   2.3328714e+01
   2.3529134e+00   2.3671335e+00   2.9194900e+01
   3.2729374e+00   3.2944169e+00   2.8009527e+01
   3.4025392e+00   3.6958011e+00   1.6797847e+01
   3.6875125e+00   3.8340401e+00   1.9982529e+01
   2.7654244e+00   3.0346470e+00   1.6728881e+01
   3.9111722e+00   4.0673995e+00   1.9865643e+01
   3.6890027e+00   3.7784112e+00   2.2117346e+01
   3.4777245e+00   3.5251143e+00   2.4718397e+01
   2.8514737e+00   2.8909675e+00   2.5084816e+01
   3.5435119e+00   3.5716467e+00   2.7024710e+01
   3.1251366e+00   3.1365139e+00   3.0667500e+01
   3.5673221e+00   3.5766992e+00   3.1809366e+01
   2.5560306e+00   2.5615126e+00   3.3462914e+01
   3.5672394e+00   3.5745428e+00   3.2894313e+01
   2.3833057e+00   2.7212126e+00   1.5500465e+01
   3.8372524e+00   4.0399717e+00   1.8691168e+01
   2.4397318e+00   2.4460527e+00   3.2770221e+01
   2.6158517e+00   2.6214774e+00   3.3389211e+01
   3.9518415e+00   3.9652651e+00   3.0523008e+01
   2.5786993e+00   2.5877520e+00   3.1299689e+01
   3.3725202e+00   3.3790040e+00   3.3276757e+01
   2.7943913e+00   2.7994477e+00   3.3968693e+01
   3.8703261e+00   3.8817188e+00   3.1177008e+01
   2.5776013e+00   2.5826765e+00   3.3811667e+01
   3.0668247e+00   3.0942454e+00   2.6810694e+01
   2.7448149e+00   2.7602507e+00   2.9090966e+01
   2.9585842e+00   2.9964121e+00   2.5342758e+01
   2.6111839e+00   2.6339157e+00   2.7324089e+01
   2.4480023e+00   2.4526939e+00   3.4069797e+01
   2.5753513e+00   2.5791044e+00   3.5120645e+01
   3.0255518e+00   3.0335186e+00   3.2147735e+01
   2.6559357e+00   2.6606948e+00   3.4141500e+01
   3.9242492e+00   3.9468056e+00   2.8251278e+01
   2.2690064e+00   2.2817009e+00   2.9634658e+01
   3.2527447e+00   3.2657487e+00   3.0173740e+01
   2.3974811e+00   2.4050450e+00   3.1963829e+01
   3.8813413e+00   3.9070183e+00   2.7658655e+01
   2.3855069e+00   2.3927008e+00   3.2173982e+01
   3.0132971e+00   3.0296609e+00   2.9014959e+01
   2.3855860e+00   2.3938153e+00   3.1590184e+01
   2.8357023e+00   2.8458129e+00   3.0987278e+01
   2.1610250e+00   2.1646332e+00   3.5029291e+01
   2.5477519e+00   2.5542853e+00   3.2695724e+01
   2.4238212e+00   2.4277572e+00   3.4816948e+01
   3.0638857e+00   3.0828686e+00   2.8404437e+01
   2.4561706e+00   2.4657185e+00   3.0989866e+01
   3.1911131e+00   3.1975259e+00   3.3201103e+01
   3.9634470e+00   3.9679811e+00   3.5243238e+01
   3.7970659e+00   3.8226604e+00   2.7612886e+01
   3.9626921e+00   3.9752145e+00   3.0832402e+01
   3.0291993e+00   3.0385507e+00   3.1454450e+01
   3.9844008e+00   3.9913260e+00   3.3419316e+01
   3.0162949e+00   3.0245473e+00   3.1988652e+01
   3.9209296e+00   3.9261614e+00   3.4591435e+01
   2.4709632e+00   2.4776751e+00   3.2529493e+01
   3.9371115e+00   3.9454971e+00   3.2554764e+01
   3.0345265e+00   3.0434027e+00   3.1684433e+01
   3.9841656e+00   3.9925250e+00   3.2601979e+01
   3.8931105e+00   3.9020515e+00   3.2245098e+01
   3.1900574e+00   3.1954793e+00   3.3929150e+01
   3.0828258e+00   3.0871574e+00   3.4831785e+01
   3.1924513e+00   3.1950328e+00   3.7153163e+01
   3.1623629e+00   3.1660502e+00   3.5584650e+01
   3.2335207e+00   3.2358466e+00   3.7633636e+01
   2.5951862e+00   2.5984604e+00   3.5726170e+01
   3.2331360e+00   3.2366059e+00   3.5896414e+01
   3.0491230e+00   3.0565442e+00   3.2471523e+01
   3.1924448e+00   3.1968936e+00   3.4789728e+01
   2.8653200e+00   2.9139502e+00   2.4191656e+01
   3.6484656e+00   3.6593706e+00   3.1210634e+01
   3.0051179e+00   3.0107514e+00   3.3638764e+01
   3.7143929e+00   3.7187481e+00   3.5241726e+01
   2.4349141e+00   2.4389505e+00   3.4714722e+01
   3.6746338e+00   3.6814761e+00   3.3252394e+01
   2.9579907e+00   2.9730630e+00   2.9334937e+01
   3.7032330e+00   3.7166982e+00   3.0333637e+01
   3.0598345e+00   3.0696112e+00   3.1281855e+01
   2.9085918e+00   2.9192887e+00   3.0790655e+01
   2.3954289e+00   2.4004736e+00   3.3721306e+01
   2.7916340e+00   2.7991171e+00   3.2264847e+01
   2.9838317e+00   2.9907506e+00   3.2732197e+01
   2.9118778e+00   2.9176859e+00   3.3444290e+01
   2.7121713e+00   2.7148708e+00   3.6640164e+01
   3.1825395e+00   3.1857295e+00   3.6227223e+01
   2.8941790e+00   2.8990850e+00   3.4165502e+01
   2.8686933e+00   2.8728300e+00   3.4889242e+01
   2.8713400e+00   2.8784006e+00   3.2569655e+01
   2.3306914e+00   2.3350076e+00   3.4357551e+01
