   1.1578362e+01   1.2527735e+01   1.8884011e+01
   1.1915898e+01   1.3294820e+01   1.7768338e+01
   1.0326409e+01   1.0591717e+01   2.2962079e+01
   1.2501183e+01   1.3246355e+01   2.0724662e+01
   1.0956850e+01   1.3664005e+01   1.4475951e+01
   1.2459317e+01   1.3421223e+01   1.9671094e+01
   1.0163555e+01   1.2473772e+01   1.4247896e+01
   1.2679015e+01   1.3411955e+01   2.0961080e+01
   1.1151103e+01   1.1973459e+01   1.9050346e+01
   1.3052311e+01   1.3555492e+01   2.2849501e+01
   1.1196016e+01   1.1740295e+01   2.0766518e+01
   1.2515328e+01   1.3177623e+01   2.1213666e+01
   1.2379791e+01   1.2876988e+01   2.2256911e+01
   1.2431733e+01   1.3020073e+01   2.1615564e+01
   1.0115384e+01   1.0301687e+01   2.4271203e+01
   1.2866609e+01   1.3219070e+01   2.4150555e+01
   9.1069848e+00   1.1212793e+01   1.3577731e+01
   1.2241284e+01   1.2958672e+01   2.0629710e+01
   9.2856272e+00   9.3807224e+00   2.6403366e+01
   1.0364881e+01   1.0499012e+01   2.5905166e+01
   1.2818810e+01   1.3184979e+01   2.3945359e+01
   1.0903203e+01   1.1087865e+01   2.5034817e+01
   1.2329113e+01   1.2677765e+01   2.3684514e+01
   1.1719482e+01   1.1881097e+01   2.6365952e+01
   1.1738898e+01   1.1966558e+01   2.4924913e+01
   1.1617393e+01   1.1794465e+01   2.5880149e+01
   1.0994135e+01   1.1312045e+01   2.2816674e+01
   1.1640268e+01   1.1851833e+01   2.5143693e+01
   1.1738871e+01   1.2217393e+01   2.1807880e+01
   1.1390114e+01   1.1550541e+01   2.6088887e+01
   9.8224842e+00   9.9294700e+00   2.6380837e+01
   1.1193949e+01   1.1320054e+01   2.6936567e+01
   1.1104909e+01   1.1330402e+01   2.4372162e+01
   1.1398240e+01   1.1537207e+01   2.6710877e+01
   1.3153663e+01   1.3603713e+01   2.3407377e+01
   9.3943617e+00   9.4816159e+00   2.6871591e+01
   1.1963676e+01   1.2269051e+01   2.3895195e+01
   9.7189219e+00   9.7853976e+00   2.8337208e+01
   1.1439732e+01   1.1703533e+01   2.4019936e+01
   9.6436206e+00   9.7339845e+00   2.6945412e+01
   1.0490640e+01   1.0777003e+01   2.2790458e+01
   9.4916012e+00   9.5938789e+00   2.6275130e+01
   1.1440894e+01   1.1739900e+01   2.3492182e+01
   9.4239640e+00   9.5055355e+00   2.7188420e+01
   9.2640123e+00   9.4035196e+00   2.4737120e+01
   9.3428306e+00   9.4171531e+00   2.7516849e+01
   1.0411321e+01   1.0633656e+01   2.3789772e+01
   9.4706661e+00   9.5373835e+00   2.8097512e+01
   1.2383711e+01   1.2612529e+01   2.5512247e+01
   1.2943582e+01   1.3162048e+01   2.6241154e+01
   1.1498878e+01   1.1807685e+01   2.3410726e+01
   1.3114820e+01   1.3397430e+01   2.5315542e+01
   1.1244221e+01   1.1459653e+01   2.4695980e+01
   1.3015925e+01   1.3265705e+01   2.5742550e+01
   1.2169590e+01   1.2435590e+01   2.4671985e+01
   1.2231262e+01   1.2410857e+01   2.6398034e+01
   1.0145814e+01   1.0278037e+01   2.5765921e+01
   1.2347947e+01   1.2553778e+01   2.5927953e+01
   1.1452479e+01   1.1671555e+01   2.4819386e+01
   1.2615677e+01   1.2818154e+01   2.6251848e+01
   1.2112902e+01   1.2302508e+01   2.6055008e+01
   1.2094558e+01   1.2223321e+01   2.7691510e+01
   1.1679525e+01   1.1825157e+01   2.6773734e+01
   1.2111356e+01   1.2229464e+01   2.8077730e+01
   1.2230339e+01   1.2385165e+01   2.7030716e+01
   1.2054669e+01   1.2140469e+01   2.9397984e+01
   1.0082348e+01   1.0163115e+01   2.7827520e+01
   1.2009672e+01   1.2114334e+01   2.8500865e+01
   1.1428079e+01   1.1564417e+01   2.6820593e+01
   1.2324981e+01   1.2438524e+01   2.8448753e+01
   1.1147909e+01   1.1578685e+01   2.1688752e+01
   1.1364326e+01   1.1461510e+01   2.8214313e+01
   1.2352272e+01   1.2502734e+01   2.7268296e+01
   1.1214257e+01   1.1284723e+01   2.9459083e+01
   1.0107612e+01   1.0197208e+01   2.7403638e+01
   1.1328152e+01   1.1396999e+01   2.9665490e+01
   1.1526801e+01   1.1709402e+01   2.5664120e+01
   1.1251374e+01   1.1349197e+01   2.8080810e+01
   1.2524634e+01   1.2727643e+01   2.6154200e+01
   1.0332322e+01   1.0422997e+01   2.7557664e+01
   1.0100205e+01   1.0192389e+01   2.7274247e+01
   1.0555450e+01   1.0645396e+01   2.7797415e+01
   1.1197735e+01   1.1350776e+01   2.6110907e+01
   1.0822024e+01   1.0889610e+01   2.9275191e+01
   9.9355434e+00   1.0008412e+01   2.8137511e+01
   1.1725239e+01   1.1791798e+01   3.0182616e+01
   1.1138469e+01   1.1239680e+01   2.7829323e+01
   1.1815001e+01   1.1895404e+01   2.9452273e+01
   1.1149127e+01   1.1267081e+01   2.7181508e+01
   9.6848591e+00   9.7243976e+00   3.0551974e+01
