   1.2546143e+01   1.3786734e+01   1.8771140e+01
   1.2684113e+01   1.4372996e+01   1.7758907e+01
   1.1661009e+01   1.2107840e+01   2.2018318e+01
   1.3251750e+01   1.4266550e+01   2.0222950e+01
   1.1396588e+01   1.4738061e+01   1.4242667e+01
   1.3090917e+01   1.4342492e+01   1.9261877e+01
   1.0692161e+01   1.3541743e+01   1.4057363e+01
   1.3430198e+01   1.4289796e+01   2.1046597e+01
   1.1950100e+01   1.3049206e+01   1.8665564e+01
   1.3973881e+01   1.4619014e+01   2.2721199e+01
   1.2136762e+01   1.2882774e+01   2.0372868e+01
   1.3197390e+01   1.4015739e+01   2.1017540e+01
   1.3201654e+01   1.3944368e+01   2.1409030e+01
   1.3102646e+01   1.3829681e+01   2.1399572e+01
   1.0874089e+01   1.1147348e+01   2.3343388e+01
   1.3801841e+01   1.4268224e+01   2.3882927e+01
   9.5496945e+00   1.2052539e+01   1.3397310e+01
   1.3115184e+01   1.3950712e+01   2.0855927e+01
   1.0085394e+01   1.0215684e+01   2.5773863e+01
   1.1044045e+01   1.1229762e+01   2.5141364e+01
   1.3862147e+01   1.4365229e+01   2.3628825e+01
   1.1772380e+01   1.2017927e+01   2.4635729e+01
   1.3190284e+01   1.3743635e+01   2.2591500e+01
   1.2628781e+01   1.2868992e+01   2.5538973e+01
   1.2733593e+01   1.3051407e+01   2.4457589e+01
   1.2602340e+01   1.2868621e+01   2.5077976e+01
   1.1946258e+01   1.2381875e+01   2.2393013e+01
   1.2371762e+01   1.2634576e+01   2.4914406e+01
   1.2761908e+01   1.3401565e+01   2.1590225e+01
   1.2225267e+01   1.2421374e+01   2.6017686e+01
   1.0620918e+01   1.0789429e+01   2.5164286e+01
   1.2059195e+01   1.2222335e+01   2.6645593e+01
   1.1942451e+01   1.2266309e+01   2.3628030e+01
   1.2332400e+01   1.2515813e+01   2.6404081e+01
   1.3894383e+01   1.4472160e+01   2.3092691e+01
   1.0297763e+01   1.0419400e+01   2.6263079e+01
   1.2556209e+01   1.3009661e+01   2.2805412e+01
   1.0712116e+01   1.0804571e+01   2.7823479e+01
   1.2105315e+01   1.2441146e+01   2.3629531e+01
   1.0538254e+01   1.0680121e+01   2.5824351e+01
   1.1117202e+01   1.1474051e+01   2.2446181e+01
   1.0330116e+01   1.0461291e+01   2.5968823e+01
   1.2263333e+01   1.2632831e+01   2.3379125e+01
   1.0214481e+01   1.0322746e+01   2.6686991e+01
   9.8279810e+00   1.0017585e+01   2.3934144e+01
   1.0039992e+01   1.0135964e+01   2.7046001e+01
   1.1148884e+01   1.1428642e+01   2.3499831e+01
   1.0291203e+01   1.0380702e+01   2.7576183e+01
   1.3163110e+01   1.3475543e+01   2.4939502e+01
   1.3594651e+01   1.3852893e+01   2.6155971e+01
   1.2352991e+01   1.2734888e+01   2.3326326e+01
   1.3798529e+01   1.4135648e+01   2.5230440e+01
   1.2259087e+01   1.2569435e+01   2.4106627e+01
   1.3682866e+01   1.3986034e+01   2.5564649e+01
   1.3155705e+01   1.3518054e+01   2.4311214e+01
   1.2849396e+01   1.3059568e+01   2.6315719e+01
   1.0987979e+01   1.1168502e+01   2.5210238e+01
   1.3004400e+01   1.3235774e+01   2.6055680e+01
   1.2405475e+01   1.2717442e+01   2.4223582e+01
   1.3254441e+01   1.3503697e+01   2.5979480e+01
   1.3041024e+01   1.3313239e+01   2.5403088e+01
   1.2822832e+01   1.2992943e+01   2.7190852e+01
   1.2788596e+01   1.3000082e+01   2.6231314e+01
   1.2939083e+01   1.3096237e+01   2.7639841e+01
   1.3202616e+01   1.3425575e+01   2.6402215e+01
   1.2844660e+01   1.2963262e+01   2.8754900e+01
   1.0901828e+01   1.1019245e+01   2.6971504e+01
   1.2782860e+01   1.2921189e+01   2.8036740e+01
   1.2464959e+01   1.2658596e+01   2.6298679e+01
   1.3190365e+01   1.3345945e+01   2.7922713e+01
   1.2128497e+01   1.2698776e+01   2.1454730e+01
   1.2180403e+01   1.2308025e+01   2.7810682e+01
   1.3497078e+01   1.3718798e+01   2.6707918e+01
   1.1937508e+01   1.2035370e+01   2.8721694e+01
   1.0916015e+01   1.1051282e+01   2.6377602e+01
   1.2070249e+01   1.2158233e+01   2.9304459e+01
   1.2529355e+01   1.2811633e+01   2.4762360e+01
   1.2071394e+01   1.2199574e+01   2.7689086e+01
   1.3546327e+01   1.3873270e+01   2.5116356e+01
   1.1113147e+01   1.1232024e+01   2.7114616e+01
   1.0895285e+01   1.1030478e+01   2.6360734e+01
   1.1477955e+01   1.1598989e+01   2.7377683e+01
   1.2022163e+01   1.2236079e+01   2.5456165e+01
   1.1817125e+01   1.1915882e+01   2.8569341e+01
   1.0588666e+01   1.0702120e+01   2.6829482e+01
   1.2707033e+01   1.2802982e+01   2.9534360e+01
   1.1945922e+01   1.2088409e+01   2.7117573e+01
   1.2854987e+01   1.2972102e+01   2.8818867e+01
   1.1979358e+01   1.2135761e+01   2.6750519e+01
   1.0507390e+01   1.0564529e+01   2.9709972e+01
