   1.3920332e+01   1.5772361e+01   1.8628319e+01
   1.3702731e+01   1.6064830e+01   1.7581408e+01
   1.3381742e+01   1.4327036e+01   2.0625457e+01
   1.4805530e+01   1.6480171e+01   1.9851192e+01
   1.2184980e+01   1.7129385e+01   1.3945125e+01
   1.4253130e+01   1.6522899e+01   1.8252380e+01
   1.1390604e+01   1.5593512e+01   1.3584402e+01
   1.4501238e+01   1.5991724e+01   1.9977696e+01
   1.3431883e+01   1.5379735e+01   1.7975802e+01
   1.5803604e+01   1.7070058e+01   2.1857842e+01
   1.3572035e+01   1.4917591e+01   1.9454041e+01
   1.4572250e+01   1.5771810e+01   2.0859337e+01
   1.5893081e+01   1.7437513e+01   2.1210244e+01
   1.3793154e+01   1.4873391e+01   2.0503882e+01
   1.2095669e+01   1.2635563e+01   2.1648062e+01
   1.5227837e+01   1.6190439e+01   2.2346801e+01
   1.0416552e+01   1.4015203e+01   1.3077741e+01
   1.4485500e+01   1.5975990e+01   1.9962337e+01
   1.1846380e+01   1.2216808e+01   2.2974239e+01
   1.2725283e+01   1.3194399e+01   2.2826070e+01
   1.5057978e+01   1.6154707e+01   2.1675673e+01
   1.3003958e+01   1.3691689e+01   2.1528703e+01
   1.4748796e+01   1.6018065e+01   2.0817592e+01
   1.4326952e+01   1.4985978e+01   2.2976752e+01
   1.4314038e+01   1.4987640e+01   2.2875885e+01
   1.4381931e+01   1.4956927e+01   2.3583992e+01
   1.3382693e+01   1.4143999e+01   2.1484155e+01
   1.3317132e+01   1.3896320e+01   2.2526715e+01
   1.4179979e+01   1.5348623e+01   2.0577153e+01
   1.3373870e+01   1.3728275e+01   2.4612982e+01
   1.1857645e+01   1.2273643e+01   2.2500869e+01
   1.3352703e+01   1.3668949e+01   2.5070161e+01
   1.3380588e+01   1.4039960e+01   2.2060660e+01
   1.4023975e+01   1.4368786e+01   2.5353248e+01
   1.5222243e+01   1.6199621e+01   2.2281948e+01
   1.2043587e+01   1.2278100e+01   2.5086193e+01
   1.3902463e+01   1.4926922e+01   2.0814991e+01
   1.2637240e+01   1.2802176e+01   2.7146168e+01
   1.2936154e+01   1.3457302e+01   2.2593974e+01
   1.2094706e+01   1.2322995e+01   2.5248569e+01
   1.1910961e+01   1.2530193e+01   2.0912210e+01
   1.1473797e+01   1.1666508e+01   2.5384821e+01
   1.3334229e+01   1.3927329e+01   2.2446315e+01
   1.1313311e+01   1.1473535e+01   2.6022567e+01
   1.0553161e+01   1.0921564e+01   2.1788444e+01
   1.0908102e+01   1.1053190e+01   2.6070028e+01
   1.2448797e+01   1.2918019e+01   2.2561684e+01
   1.1858779e+01   1.1991145e+01   2.7351134e+01
   1.4647501e+01   1.5345172e+01   2.3058032e+01
   1.4545343e+01   1.4920367e+01   2.5506421e+01
   1.3821231e+01   1.4495823e+01   2.2393156e+01
   1.5197144e+01   1.5681836e+01   2.5076242e+01
   1.4052366e+01   1.4675362e+01   2.2938658e+01
   1.4741997e+01   1.5202545e+01   2.4844470e+01
   1.4689656e+01   1.5377918e+01   2.3153646e+01
   1.3539040e+01   1.3836176e+01   2.5510981e+01
   1.2078892e+01   1.2455955e+01   2.3119713e+01
   1.3812580e+01   1.4179652e+01   2.4887960e+01
   1.3834836e+01   1.4420244e+01   2.2981688e+01
   1.4310731e+01   1.4702691e+01   2.5095294e+01
   1.4409594e+01   1.4988580e+01   2.3582594e+01
   1.4337698e+01   1.4690772e+01   2.5557240e+01
   1.4993532e+01   1.5447773e+01   2.5145795e+01
   1.4557674e+01   1.4834061e+01   2.6798198e+01
   1.4740857e+01   1.5224039e+01   2.4645451e+01
   1.4162209e+01   1.4385552e+01   2.7316911e+01
   1.2263744e+01   1.2531746e+01   2.4729445e+01
   1.4399188e+01   1.4688856e+01   2.6447134e+01
   1.4087120e+01   1.4515635e+01   2.4508689e+01
   1.5175963e+01   1.5473434e+01   2.7088696e+01
   1.3697854e+01   1.4592461e+01   2.1147287e+01
   1.3641713e+01   1.3847229e+01   2.7168939e+01
   1.5289187e+01   1.5765701e+01   2.5235982e+01
   1.3099389e+01   1.3273479e+01   2.7355970e+01
   1.2242188e+01   1.2521005e+01   2.4541980e+01
   1.3579529e+01   1.3749584e+01   2.7915621e+01
   1.4101202e+01   1.4636030e+01   2.3608407e+01
   1.3872976e+01   1.4101227e+01   2.6946027e+01
   1.5163568e+01   1.5802874e+01   2.3912736e+01
   1.2557372e+01   1.2753227e+01   2.6337914e+01
   1.2126241e+01   1.2417790e+01   2.4243941e+01
   1.3483478e+01   1.3725675e+01   2.6320535e+01
   1.3027435e+01   1.3398871e+01   2.4084992e+01
   1.3920962e+01   1.4117583e+01   2.7625539e+01
   1.1601693e+01   1.1811135e+01   2.5150372e+01
   1.4637178e+01   1.4849028e+01   2.8000167e+01
   1.3069551e+01   1.3314235e+01   2.5880994e+01
   1.4866048e+01   1.5103793e+01   2.7733181e+01
   1.3218852e+01   1.3495726e+01   2.5501549e+01
   1.2080222e+01   1.2207218e+01   2.7737213e+01
