   1.0784447e+01   1.1463445e+01   1.9478174e+01
   1.1190583e+01   1.2308624e+01   1.7878886e+01
   9.3159351e+00   9.5287009e+00   2.2979656e+01
   1.1789462e+01   1.2374024e+01   2.1032405e+01
   1.0592512e+01   1.2965195e+01   1.4564474e+01
   1.1906543e+01   1.2696688e+01   1.9923752e+01
   9.8099139e+00   1.1808443e+01   1.4418995e+01
   1.1972554e+01   1.2622830e+01   2.0771657e+01
   1.0696212e+01   1.1381078e+01   1.9360955e+01
   1.2187623e+01   1.2603186e+01   2.2817387e+01
   1.0416164e+01   1.0860162e+01   2.0882709e+01
   1.1619831e+01   1.2165503e+01   2.1154412e+01
   1.1646272e+01   1.2029488e+01   2.2643854e+01
   1.1747806e+01   1.2230743e+01   2.1778342e+01
   9.5543101e+00   9.7063029e+00   2.4631162e+01
   1.2203529e+01   1.2501513e+01   2.4225099e+01
   8.6375175e+00   1.0472315e+01   1.3637677e+01
   1.1556038e+01   1.2134734e+01   2.0853356e+01
   8.6845812e+00   8.7555721e+00   2.7128836e+01
   9.8193263e+00   9.9197145e+00   2.6651730e+01
   1.2490285e+01   1.2801695e+01   2.4311631e+01
   1.0240328e+01   1.0391271e+01   2.5285082e+01
   1.1697403e+01   1.1976870e+01   2.4018022e+01
   1.0864401e+01   1.0988674e+01   2.6693232e+01
   1.1051973e+01   1.1256783e+01   2.4731873e+01
   1.0744513e+01   1.0881202e+01   2.6173998e+01
   1.0311317e+01   1.0577623e+01   2.2932304e+01
   1.0851070e+01   1.1016681e+01   2.5451285e+01
   1.1073808e+01   1.1472221e+01   2.1944895e+01
   1.0695564e+01   1.0823275e+01   2.6420042e+01
   9.2509439e+00   9.3363978e+00   2.6832749e+01
   1.0501497e+01   1.0604439e+01   2.7167086e+01
   1.0431785e+01   1.0616480e+01   2.4598455e+01
   1.0637287e+01   1.0754600e+01   2.6730689e+01
   1.2557501e+01   1.2942542e+01   2.3486522e+01
   8.6217285e+00   8.6924627e+00   2.7089057e+01
   1.1433127e+01   1.1672789e+01   2.4420107e+01
   8.8807654e+00   8.9326334e+00   2.8658071e+01
   1.0899068e+01   1.1122871e+01   2.4212702e+01
   8.8319035e+00   8.9028333e+00   2.7262820e+01
   9.8982420e+00   1.0134584e+01   2.3060177e+01
   8.7353083e+00   8.8117654e+00   2.6853574e+01
   1.0768428e+01   1.1013779e+01   2.3701434e+01
   8.6624644e+00   8.7217217e+00   2.7889473e+01
   8.7729442e+00   8.8823048e+00   2.5345033e+01
   8.6519637e+00   8.7065029e+00   2.8238745e+01
   9.8256761e+00   1.0021307e+01   2.3798595e+01
   8.7297237e+00   8.7852021e+00   2.8233563e+01
   1.1697264e+01   1.1885111e+01   2.5703280e+01
   1.2256631e+01   1.2436507e+01   2.6415388e+01
   1.0824944e+01   1.1071891e+01   2.3726354e+01
   1.2481355e+01   1.2706262e+01   2.5677998e+01
   1.0449105e+01   1.0623951e+01   2.4848297e+01
   1.2329245e+01   1.2548340e+01   2.5644891e+01
   1.1343373e+01   1.1569065e+01   2.4590953e+01
   1.1651271e+01   1.1805452e+01   2.6503208e+01
   9.4800819e+00   9.5828707e+00   2.6243307e+01
   1.1836487e+01   1.2016573e+01   2.6014001e+01
   1.0712958e+01   1.0892572e+01   2.4976842e+01
   1.2068679e+01   1.2246693e+01   2.6282145e+01
   1.1365284e+01   1.1522272e+01   2.6158312e+01
   1.1478965e+01   1.1596362e+01   2.7509565e+01
   1.0861224e+01   1.0975503e+01   2.7050188e+01
   1.1468549e+01   1.1567458e+01   2.8236019e+01
   1.1581085e+01   1.1708601e+01   2.7250468e+01
   1.1390853e+01   1.1462294e+01   2.9564418e+01
   9.5004987e+00   9.5636181e+00   2.8363695e+01
   1.1376810e+01   1.1466085e+01   2.8591231e+01
   1.0703504e+01   1.0814283e+01   2.7037928e+01
   1.1555584e+01   1.1646950e+01   2.8658658e+01
   1.0422744e+01   1.0787815e+01   2.1705993e+01
   1.0725628e+01   1.0811659e+01   2.8145977e+01
   1.1619987e+01   1.1746211e+01   2.7330561e+01
   1.0626178e+01   1.0686891e+01   2.9557316e+01
   9.5110374e+00   9.5841502e+00   2.7738876e+01
   1.0717794e+01   1.0779365e+01   2.9581236e+01
   1.0747375e+01   1.0904873e+01   2.5570011e+01
   1.0632576e+01   1.0721589e+01   2.7913362e+01
   1.1699253e+01   1.1879364e+01   2.5884409e+01
   9.6803841e+00   9.7613625e+00   2.7451133e+01
   9.4932721e+00   9.5651097e+00   2.7798777e+01
   9.8641189e+00   9.9413760e+00   2.7820437e+01
   1.0481641e+01   1.0609301e+01   2.6224544e+01
   1.0060432e+01   1.0120541e+01   2.9082030e+01
   9.3850041e+00   9.4472233e+00   2.8321866e+01
   1.0938322e+01   1.0995054e+01   3.0138519e+01
   1.0447959e+01   1.0536391e+01   2.7771655e+01
   1.0983954e+01   1.1054210e+01   2.9258016e+01
   1.0463336e+01   1.0560083e+01   2.7398944e+01
   9.0272627e+00   9.0612801e+00   3.0613259e+01
