   7.6936021e-01   2.7850895e+01   7.8499038e-01
   1.8912948e+00   2.4462605e+01   1.9309008e+00
   5.5063915e-01   2.5344403e+01   5.7773266e-01
   1.3524312e+00   2.4729450e+01   1.3870255e+00
   8.0765299e-01   2.8824564e+01   8.2020386e-01
   2.0802833e+00   2.4302427e+01   2.1224940e+00
   6.7780276e-01   2.7030467e+01   6.9646879e-01
   2.1330521e+00   2.1827322e+01   2.2083212e+00
   4.8646218e-01   2.8181377e+01   5.0044903e-01
   2.2508750e+00   2.3119819e+01   2.3076980e+00
   5.3991369e-01   2.5575002e+01   5.6557207e-01
   1.9253502e+00   2.3043238e+01   1.9805514e+00
   3.2271018e-01   2.3698216e+01   3.6121387e-01
   5.9355029e-01   2.2800730e+01   6.4248347e-01
   4.6876642e-01   2.4911069e+01   4.9840515e-01
  -4.3157424e-01   2.2940718e+01  -3.8954043e-01
  -3.9318610e-03   2.3454704e+01   3.5255809e-02
  -5.9282426e-01   2.2911353e+01  -5.5124180e-01
   9.3407369e-01   2.5806567e+01   9.5963045e-01
   1.1293658e+00   2.1171017e+01   1.2056344e+00
   1.2587629e+00   2.7008315e+01   1.2789750e+00
   2.1213824e+00   2.7513581e+01   2.1416403e+00
   8.0380086e-01   2.3481942e+01   8.4674153e-01
   2.2675464e+00   2.8805114e+01   2.2829107e+00
   1.3079080e+00   2.8555063e+01   1.3221548e+00
   2.4400045e+00   3.0642722e+01   2.4503226e+00
   6.5600019e-01   2.2222916e+01   7.1233522e-01
   2.1313049e+00   2.6973470e+01   2.1542799e+00
   1.0124777e+00   2.0991573e+01   1.0907649e+00
   4.9935341e-01   2.7645011e+01   5.1520396e-01
   9.9319435e-01   2.4693077e+01   1.0264749e+00
  -1.7614480e-01   3.3553506e+01  -1.7238866e-01
   5.3214293e-01   2.2388544e+01   5.8554406e-01
  -3.7578388e-01   2.3892011e+01  -3.4180891e-01
   1.9242070e+00   2.4632859e+01   1.9624656e+00
   2.6762273e+00   3.1241662e+01   2.6855361e+00
   1.6907147e+00   2.3456085e+01   1.7392870e+00
   2.6803251e+00   3.0502023e+01   2.6913697e+00
   1.3045383e+00   2.4971963e+01   1.3370447e+00
   2.4824593e+00   2.7786700e+01   2.5025062e+00
   1.4721060e+00   2.3641578e+01   1.5172762e+00
   1.9721008e+00   2.4571249e+01   2.0111698e+00
   1.3081166e+00   2.1497953e+01   1.3805406e+00
   5.5084667e-01   2.7366714e+01   5.6785307e-01
   1.1773218e+00   2.3324011e+01   1.2240496e+00
   2.4554809e-01   2.6895558e+01   2.6381797e-01
   1.2493367e+00   2.1411756e+01   1.3226388e+00
  -3.0846340e-01   2.4912717e+01  -2.8140223e-01
   1.6893479e+00   2.8491564e+01   1.7045686e+00
   2.4776043e+00   2.2406398e+01   2.5468605e+00
   1.6565391e+00   2.8240996e+01   1.6725917e+00
   2.1424536e+00   2.6563833e+01   2.1677431e+00
   1.7408630e+00   3.2730827e+01   1.7466373e+00
   2.1062484e+00   2.6792962e+01   2.1301134e+00
   1.7212351e+00   2.4612032e+01   1.7586042e+00
   4.6092667e-01   2.4057499e+01   4.9696959e-01
   1.5406125e+00   2.2187457e+01   1.6043598e+00
  -1.0962858e-01   2.5972416e+01  -8.7945892e-02
   1.3244526e+00   2.3226488e+01   1.3731820e+00
  -3.3458379e-01   2.7285377e+01  -3.1895807e-01
   1.7664121e+00   2.5909584e+01   1.7942975e+00
   2.0623405e+00   2.4804430e+01   2.0998427e+00
   1.9558305e+00   3.1943122e+01   1.9629638e+00
   2.1302544e+00   2.7091389e+01   2.1526102e+00
   1.7410557e+00   2.5850356e+01   1.7692251e+00
   3.3781718e-01   2.3704184e+01   3.7633776e-01
   1.8460996e+00   2.3084901e+01   1.9001672e+00
  -1.4767542e-01   2.5557849e+01  -1.2392402e-01
   1.3775938e+00   2.4001153e+01   1.4186467e+00
  -1.6772717e-01   2.5772894e+01  -1.4517446e-01
   1.3806185e+00   2.5785117e+01   1.4078463e+00
   2.0651630e+00   2.8010003e+01   2.0830874e+00
   1.0293633e+00   2.5219924e+01   1.0589781e+00
   6.3824247e-01   2.3521023e+01   6.7992477e-01
   1.2897537e+00   2.3888992e+01   1.3313910e+00
  -3.6528091e-02   3.1567826e+01  -3.0499610e-02
   1.0692942e+00   2.2515783e+01   1.1247988e+00
  -3.6200248e-01   2.6622611e+01  -3.4385598e-01
  -3.1776033e-01   2.1321741e+01  -2.5596764e-01
   2.3705501e-01   2.3159035e+01   2.8020569e-01
  -1.8755871e-01   2.3450421e+01  -1.4914760e-01
  -2.2425749e-01   2.5752916e+01  -2.0174485e-01
  -5.2007230e-01   2.2600767e+01  -4.7505482e-01
  -2.9861539e-01   2.6167231e+01  -2.7832067e-01
  -1.1893796e-01   2.1492132e+01  -5.8171995e-02
  -3.6691656e-01   2.7708052e+01  -3.5279049e-01
  -3.5217791e-01   1.9713007e+01  -2.6303308e-01
  -5.6680627e-01   2.2920022e+01  -5.2518996e-01
  -1.5379396e+00   2.2056318e+01  -1.4919501e+00
  -1.0155614e+00   1.9088160e+01  -9.1970053e-01
