   7.3521895e-01   2.4296509e+01   7.7050716e-01
   1.2753022e+00   2.6050348e+01   1.3005599e+00
   3.6035163e-02   1.9057728e+01   1.4440091e-01
   3.0422796e+00   2.5913323e+01   3.0758746e+00
   7.3458149e-01   2.4318145e+01   7.6969147e-01
   1.9982251e+00   2.7591806e+01   2.0177757e+00
   9.8854771e-01   2.2537955e+01   1.0431949e+00
   1.7631667e+00   2.5078523e+01   1.7969224e+00
   5.5829111e-01   2.4951766e+01   5.8797670e-01
   2.4557692e+00   2.5284518e+01   2.4913139e+00
   8.7927689e-01   2.5425369e+01   9.0698480e-01
   2.2671845e+00   2.5166262e+01   2.3027175e+00
   5.4120231e-01   2.3414301e+01   5.8341291e-01
  -6.1942826e-01   2.5014943e+01  -5.9387994e-01
   6.7507272e-01   2.5246813e+01   7.0321165e-01
   5.1668267e-01   2.4636190e+01   5.4844363e-01
   3.3754616e-01   1.8759439e+01   4.5786592e-01
  -8.1796717e-02   2.2689546e+01  -3.5476404e-02
   6.2230646e-01   1.8559888e+01   7.5278935e-01
   2.6341454e+00   2.4384628e+01   2.6790608e+00
   1.1823586e+00   2.1953851e+01   1.2464796e+00
   1.8942044e+00   2.9729648e+01   1.9059786e+00
   1.2237015e+00   2.0806636e+01   1.3076924e+00
   1.8731424e+00   2.8823057e+01   1.8876082e+00
   1.4063408e+00   2.5090136e+01   1.4384068e+00
   2.6933541e+00   3.1130336e+01   2.7029292e+00
   1.1460212e+00   2.0815361e+01   1.2289882e+00
   2.1577607e+00   2.5570420e+01   2.1896258e+00
   7.8544181e-01   2.0748059e+01   8.6587376e-01
  -5.6271047e-01   3.2021024e+01  -5.5758811e-01
   1.1139203e+00   2.4542630e+01   1.1489176e+00
   5.6876643e-01   3.4209748e+01   5.7229192e-01
   6.6769985e-01   2.1408416e+01   7.3576260e-01
   3.1506908e-01   2.5830826e+01   3.3860951e-01
   2.0505740e+00   2.4522085e+01   2.0905310e+00
   2.3642054e+00   3.0745642e+01   2.3741706e+00
   1.9966898e+00   2.1369741e+01   2.0787228e+00
   2.2151372e+00   3.1963148e+01   2.2225047e+00
   1.6726004e+00   1.8606903e+01   1.8209230e+00
   2.4929056e+00   2.9062877e+01   2.5078689e+00
   1.7780538e+00   2.2372457e+01   1.8411716e+00
   2.3270917e+00   2.3333623e+01   2.3817846e+00
   1.1309037e+00   2.0713412e+01   1.2156755e+00
  -6.1639661e-01   2.4926428e+01  -5.9031387e-01
   1.3604240e+00   2.3113126e+01   1.4106841e+00
   5.3889375e-01   2.8052442e+01   5.5339467e-01
   1.3629726e+00   2.3769356e+01   1.4061934e+00
   5.7345417e-01   2.4616911e+01   6.0557965e-01
   2.1505684e+00   2.2519784e+01   2.2148860e+00
   1.9059615e+00   2.3497293e+01   1.9555403e+00
   1.8235268e+00   2.4885005e+01   1.8591195e+00
   2.0791499e+00   2.6977634e+01   2.1019324e+00
   1.9141394e+00   2.5739587e+01   1.9437432e+00
   2.4288104e+00   2.7359522e+01   2.4507569e+00
   1.6965193e+00   2.1991725e+01   1.7646535e+00
  -9.2392979e-01   2.4967013e+01  -8.9891265e-01
   1.7289976e+00   2.5332093e+01   1.7606871e+00
   4.8582679e-01   2.3996976e+01   5.2248676e-01
   1.6344134e+00   2.1116336e+01   1.7170793e+00
   5.7373378e-01   2.7922179e+01   5.8874029e-01
   1.9134747e+00   2.3233752e+01   1.9662151e+00
   2.3918513e+00   2.6044200e+01   2.4214074e+00
   2.2168909e+00   2.6560416e+01   2.2424728e+00
   2.4652723e+00   2.7421992e+01   2.4870215e+00
   1.6014525e+00   2.2745385e+01   1.6579735e+00
  -5.9281021e-01   2.5746629e+01  -5.7116067e-01
   1.9808448e+00   2.4632949e+01   2.0194098e+00
   5.9726285e-01   2.4694422e+01   6.2891271e-01
   1.8103628e+00   2.2925141e+01   1.8661794e+00
   5.3380712e-01   2.8628628e+01   5.4649827e-01
   1.5782777e+00   2.4658303e+01   1.6145318e+00
   2.1998866e+00   2.8153695e+01   2.2175649e+00
   1.2778539e+00   2.4889638e+01   1.3108658e+00
  -5.9130771e-01   2.5266113e+01  -5.6712182e-01
   1.4353516e+00   2.5970160e+01   1.4616352e+00
   6.0134627e-01   2.5093546e+01   6.3023101e-01
   1.1604641e+00   1.9586752e+01   1.2708166e+00
   3.3018687e-01   2.6013411e+01   3.5279894e-01
  -2.6599019e-01   2.0837863e+01  -1.9651416e-01
  -1.2537513e+00   2.0919213e+01  -1.1923354e+00
  -1.1999189e-01   2.3122838e+01  -7.8252431e-02
   4.8227852e-01   2.7309998e+01   4.9936472e-01
  -3.5772039e-01   1.9361681e+01  -2.6112699e-01
   6.3708311e-01   2.5816254e+01   6.6164724e-01
   2.2565845e-01   2.2820433e+01   2.7224549e-01
   1.8428309e-01   2.6504193e+01   2.0413164e-01
   5.4545784e-02   2.0798366e+01   1.2728130e-01
   1.0953644e-01   2.5247005e+01   1.3581750e-01
  -1.1714765e+00   2.1629876e+01  -1.1188937e+00
  -1.1714023e-01   2.3032104e+01  -7.4505734e-02
