   2.8705151e-01   1.7201776e+01   4.5827578e-01
   9.2667813e-01   2.4731511e+01   9.5938507e-01
   1.8280646e-01   1.5363748e+01   4.4107739e-01
   5.5132705e-01   2.6089535e+01   5.7415016e-01
   5.4694219e-01   1.7832316e+01   6.9980978e-01
   1.0578106e+00   2.4385309e+01   1.0938359e+00
   2.6476953e-01   1.5409155e+01   5.2291227e-01
   1.0651981e+00   2.0958417e+01   1.1446284e+00
   5.2293769e-01   2.2702154e+01   5.7256107e-01
   1.4468135e+00   2.5190065e+01   1.4783205e+00
   2.1386178e-01   1.6679237e+01   4.0529670e-01
   1.3790460e+00   2.1663119e+01   1.4494292e+00
  -3.2108620e-02   1.5512180e+01   2.1114673e-01
  -9.2995521e-01   2.4418640e+01  -9.0158993e-01
   2.4713051e-01   1.8601129e+01   3.7056555e-01
  -1.6444236e+00   2.5077502e+01  -1.6217057e+00
   1.1212363e-01   1.9134239e+01   2.1955331e-01
  -1.4754809e+00   2.2746213e+01  -1.4360056e+00
   3.8323496e-01   1.3454776e+01   7.9452726e-01
  -8.5568581e-02   2.0002898e+01   3.8006319e-04
   6.7448529e-01   1.7445143e+01   8.4432735e-01
   9.5765389e-01   2.4858420e+01   9.8954476e-01
   4.7102334e-01   1.6881278e+01   6.5958550e-01
   1.2998829e+00   3.1879183e+01   1.3065018e+00
   1.3338214e+00   2.3842572e+01   1.3761539e+00
   1.5605075e+00   3.0790834e+01   1.5693140e+00
   4.5673449e-01   1.8853332e+01   5.7620453e-01
   1.5672135e+00   2.4101567e+01   1.6083683e+00
   5.4766540e-01   1.5070478e+01   8.3678785e-01
  -1.0440469e+00   2.4711379e+01  -1.0178380e+00
   7.1741226e-01   1.9397481e+01   8.2627708e-01
  -1.5545577e+00   2.9527903e+01  -1.5463326e+00
   6.7973269e-01   1.9760191e+01   7.7939212e-01
  -1.3661996e+00   2.4407794e+01  -1.3389811e+00
   1.4764872e+00   1.8705924e+01   1.6175834e+00
   1.3100256e+00   3.1991288e+01   1.3164844e+00
   1.3562862e+00   1.6789120e+01   1.5724335e+00
   1.6837162e+00   3.0154772e+01   1.6940851e+00
   1.1860534e+00   2.1509290e+01   1.2571282e+00
   1.5141061e+00   2.6024939e+01   1.5403373e+00
   1.0096377e+00   1.7970736e+01   1.1667120e+00
   1.5208221e+00   2.4146755e+01   1.5612943e+00
   1.0972458e+00   1.6050804e+01   1.3448296e+00
  -1.0279571e+00   2.4734981e+01  -1.0018475e+00
   1.1297852e+00   1.8585809e+01   1.2682430e+00
  -1.4612323e+00   2.1428338e+01  -1.4077026e+00
   1.2219365e+00   1.9714322e+01   1.3299652e+00
  -1.0261865e+00   2.1565965e+01  -9.7203385e-01
   1.4242231e+00   1.7173473e+01   1.6238346e+00
   1.3849629e+00   2.1971329e+01   1.4505704e+00
   1.8365983e+00   2.2220404e+01   1.9025058e+00
   1.1927292e+00   2.7123943e+01   1.2122399e+00
   1.1257407e+00   1.9373213e+01   1.2411354e+00
   1.7006133e+00   2.7936204e+01   1.7179379e+00
   1.3081049e+00   1.6138665e+01   1.5577022e+00
  -1.0897570e+00   2.2844324e+01  -1.0496652e+00
   1.3362172e+00   1.9315503e+01   1.4564819e+00
  -1.5254928e+00   2.3173582e+01  -1.4898856e+00
   1.4773358e+00   2.1250278e+01   1.5557830e+00
  -9.4851380e-01   2.9035506e+01  -9.3873311e-01
   1.7982351e+00   2.3073909e+01   1.8520783e+00
   1.3087759e+00   2.6391280e+01   1.3322296e+00
   1.4338519e+00   2.0353918e+01   1.5297494e+00
   1.7001709e+00   2.6947981e+01   1.7219231e+00
   1.1847523e+00   1.5635819e+01   1.4604974e+00
  -1.1440822e+00   2.2660584e+01  -1.1024874e+00
   1.8559346e+00   1.9690604e+01   1.9744192e+00
  -1.5583533e+00   2.4375343e+01  -1.5314332e+00
   1.4393112e+00   2.1843674e+01   1.5073749e+00
  -9.9554369e-01   2.4927719e+01  -9.7048433e-01
   7.3847519e-01   1.9129252e+01   8.5459293e-01
   1.5396537e+00   2.8322565e+01   1.5551585e+00
   7.6972911e-01   1.6695377e+01   9.7411384e-01
  -8.6882406e-01   2.1747935e+01  -8.1604145e-01
   1.2235745e+00   1.8353058e+01   1.3715050e+00
  -1.4814269e+00   2.7775640e+01  -1.4690287e+00
   9.8102039e-01   1.9397945e+01   1.0936083e+00
  -1.1101453e+00   2.6720960e+01  -1.0937528e+00
  -4.9250837e-01   1.4012342e+01  -1.6672207e-01
  -1.4259346e+00   2.3543805e+01  -1.3929207e+00
  -3.2471439e-01   1.7621259e+01  -1.7999528e-01
  -1.6095027e+00   2.5523275e+01  -1.5889325e+00
  -3.6763005e-01   1.9432127e+01  -2.7269524e-01
  -1.1531117e+00   2.6556553e+01  -1.1361602e+00
  -4.1809256e-01   1.5852117e+01  -2.0292734e-01
  -1.8333933e+00   2.1556935e+01  -1.7832125e+00
   1.3368107e-01   1.8586190e+01   2.5587606e-01
  -1.6828592e+00   2.2167918e+01  -1.6386451e+00
  -1.3870708e+00   1.7894234e+01  -1.2655595e+00
  -1.7919314e+00   1.8818233e+01  -1.6973891e+00
