   4.5536042e-01   2.4966391e+01   4.8457623e-01
   9.3166204e-01   2.7250724e+01   9.4998169e-01
   4.8592506e-01   2.6287691e+01   5.0755633e-01
   1.3231883e-01   2.6172692e+01   1.5361142e-01
   9.2093170e-01   2.6833143e+01   9.4107313e-01
   1.5099422e+00   2.6416600e+01   1.5338967e+00
   6.4836983e-01   2.2363828e+01   7.0285364e-01
   1.6639756e+00   2.5741880e+01   1.6925527e+00
   7.3814517e-01   2.6582429e+01   7.5899653e-01
   2.2457066e+00   2.5130359e+01   2.2814235e+00
   6.1101556e-01   2.6675477e+01   6.3110475e-01
  -2.8427813e-01   2.0231721e+01  -2.0456264e-01
   3.3955042e-01   2.1592738e+01   4.0220888e-01
   1.0945393e+00   2.6664876e+01   1.1159498e+00
   8.6126769e-01   2.9289659e+01   8.7262040e-01
  -3.8998953e-01   2.3720320e+01  -3.5470017e-01
   3.9125090e-02   2.1673979e+01   9.8471868e-02
   2.8246021e-01   2.5185611e+01   3.0966537e-01
   7.7712481e-01   2.3058688e+01   8.2430421e-01
  -1.0098734e-01   2.4372502e+01  -6.9616385e-02
   1.3013606e+00   2.7393772e+01   1.3199600e+00
   1.7592645e+00   3.0489445e+01   1.7689646e+00
   8.6255128e-01   2.1766899e+01   9.2677797e-01
   1.8161005e+00   2.7939378e+01   1.8336914e+00
   1.5765839e+00   2.7918070e+01   1.5936882e+00
   2.4368356e+00   3.2551389e+01   2.4434804e+00
   9.6708438e-01   2.2604383e+01   1.0207529e+00
   1.6892399e-01   2.6286045e+01   1.8975734e-01
   7.5382398e-01   1.8610822e+01   8.8494034e-01
   9.9236508e-01   3.0390719e+01   1.0013237e+00
   1.2995476e+00   3.0259718e+01   1.3091579e+00
  -3.3628420e-01   3.2681457e+01  -3.3177425e-01
   7.4437377e-01   2.4261080e+01   7.7999202e-01
   5.2742439e-01   2.5773145e+01   5.5190074e-01
   2.0435262e+00   2.7323261e+01   2.0644585e+00
   2.1639154e+00   3.0010785e+01   2.1753814e+00
   1.8848352e+00   2.3323021e+01   1.9362934e+00
   2.0728387e+00   3.2348746e+01   2.0794443e+00
   1.5024330e+00   2.3144873e+01   1.5532903e+00
   2.4598857e+00   3.2168454e+01   2.4671677e+00
   1.6270047e+00   2.3095568e+01   1.6793252e+00
   1.5750650e-01   2.4718961e+01   1.8735302e-01
   9.5304193e-01   1.9346939e+01   1.0665498e+00
   9.9586826e-01   2.4934767e+01   1.0273574e+00
   1.4070015e+00   2.8934738e+01   1.4202288e+00
  -1.9263183e-01   2.9458101e+01  -1.8300532e-01
   1.3108778e+00   2.2487512e+01   1.3685508e+00
   1.0329724e+00   2.6291812e+01   1.0561188e+00
   1.9662619e+00   2.2948355e+01   2.0230116e+00
   2.2254397e+00   2.7067413e+01   2.2482291e+00
   1.8667829e+00   2.2253167e+01   1.9324720e+00
   2.0398591e+00   2.9093661e+01   2.0537737e+00
   1.8076707e+00   2.7415033e+01   1.8274967e+00
   1.9663873e-01   2.8749900e+01   2.0849045e-01
   1.5426752e+00   1.9633892e+01   1.6575981e+00
   1.1804166e+00   2.4801895e+01   1.2136726e+00
   2.1008396e+00   2.7253123e+01   2.1222872e+00
  -3.9727400e-01   2.9030303e+01  -3.8689033e-01
   1.5547456e+00   2.3397376e+01   1.6030700e+00
   4.7791694e-01   2.5602257e+01   5.0322228e-01
   2.1978856e+00   2.5458147e+01   2.2307754e+00
   2.0998963e+00   2.6969495e+01   2.1227892e+00
   2.0077524e+00   2.6644888e+01   2.0321020e+00
   7.2472772e-02   2.6633158e+01   9.1489943e-02
   1.6742593e+00   2.2412530e+01   1.7359027e+00
   8.8911357e-01   2.3841920e+01   9.2906719e-01
   2.2498951e+00   3.0524499e+01   2.2602085e+00
  -2.8934026e-01   2.4424957e+01  -2.5899829e-01
   1.5125233e+00   2.4119822e+01   1.5532016e+00
   8.0330545e-01   2.8934419e+01   8.1553609e-01
   1.3027352e+00   2.5367172e+01   1.3324056e+00
   1.9949955e-02   2.8965969e+01   3.0996272e-02
   1.3513473e+00   2.0473364e+01   1.4436061e+00
   7.8238563e-01   2.4006631e+01   8.2033487e-01
   1.6155429e+00   2.8119851e+01   1.6319574e+00
  -1.2388015e-01   2.9034226e+01  -1.1318383e-01
   8.9955459e-01   2.3474721e+01   9.4309305e-01
   4.2654519e-01   2.5244004e+01   4.5385590e-01
  -3.0201378e-01   1.9860801e+01  -2.1536553e-01
   7.7496704e-01   2.0885310e+01   8.5279142e-01
   1.3935297e-01   2.7054077e+01   1.5674878e-01
  -2.5790178e-01   2.6440291e+01  -2.3875685e-01
  -4.7063114e-01   2.0459131e+01  -3.9653138e-01
   5.2092378e-01   2.6499500e+01   5.4161346e-01
   1.0450881e-01   2.0520971e+01   1.8249768e-01
  -5.9133640e-01   2.4057392e+01  -5.5939108e-01
  -7.0671870e-02   2.1469636e+01  -9.2513100e-03
   4.7043033e-01   2.8164249e+01   4.8444510e-01
  -1.4116605e+00   1.9537421e+01  -1.3285716e+00
   7.6939325e-02   2.2776346e+01   1.2318470e-01
