   7.9356618e-01   3.1485495e+01   8.0035484e-01
   9.7376620e-01   2.2862945e+01   1.0243742e+00
   9.5764950e-01   3.0756555e+01   9.6584775e-01
   2.3311116e+00   2.4440559e+01   2.3735080e+00
   9.8003735e-01   2.9654275e+01   9.9063494e-01
   1.0342192e+00   2.4215379e+01   1.0715685e+00
   1.1470385e+00   2.5885867e+01   1.1728330e+00
   1.7150764e+00   2.3081282e+01   1.7682107e+00
   8.9072313e-01   3.0623250e+01   8.9910514e-01
   1.3406747e+00   2.3475861e+01   1.3867823e+00
   6.6643084e-01   1.6915665e+01   8.5814324e-01
   9.9506673e-01   2.2841097e+01   1.0460699e+00
   6.7571561e-01   2.8040189e+01   6.9050506e-01
   1.2455949e+00   2.2976783e+01   1.2966730e+00
   9.6472187e-01   2.6570586e+01   9.8623903e-01
  -2.6523101e-01   2.3351156e+01  -2.2627423e-01
   6.0756868e-01   2.6324843e+01   6.2933811e-01
   1.1338280e+00   2.3840744e+01   1.1750749e+00
   1.3871250e+00   2.4054276e+01   1.4277303e+00
   1.8376543e+00   2.3133065e+01   1.8910616e+00
   1.3679760e+00   2.5593486e+01   1.3963848e+00
   1.0224118e+00   2.8722632e+01   1.0356172e+00
   1.6455483e+00   2.3603760e+01   1.6922039e+00
   1.7805430e+00   2.7554735e+01   1.7996690e+00
   1.7019258e+00   2.8916491e+01   1.7157513e+00
   1.6033514e+00   2.9931312e+01   1.6141485e+00
   9.4674697e-01   1.8530468e+01   1.0836642e+00
   8.5999812e-01   2.4116234e+01   8.9736640e-01
   1.3480312e+00   2.2719058e+01   1.4029787e+00
   1.2254773e+00   2.8812514e+01   1.2387585e+00
   1.3433258e+00   2.5095866e+01   1.3750809e+00
  -1.3382881e-01   3.2765695e+01  -1.2930399e-01
   1.2175948e+00   2.7996049e+01   1.2336071e+00
   1.1205771e+00   2.3284092e+01   1.1673876e+00
   2.1521601e+00   2.6352564e+01   2.1787482e+00
   1.6192557e+00   2.9748277e+01   1.6305422e+00
   2.1487285e+00   2.3224979e+01   2.2033767e+00
   2.3880228e+00   3.1401892e+01   2.3966199e+00
   1.7538201e+00   2.4688851e+01   1.7906994e+00
   1.7050328e+00   2.8460332e+01   1.7203965e+00
   1.6164034e+00   1.7609275e+01   1.8017357e+00
   9.7115041e-01   2.4043990e+01   1.0096893e+00
   1.3125724e+00   1.9600655e+01   1.4248214e+00
   1.1095696e+00   2.6833811e+01   1.1302034e+00
   1.6313745e+00   2.6395989e+01   1.6558441e+00
   2.0894559e-01   2.7749837e+01   2.2388804e-01
   1.9064925e+00   2.7733685e+01   1.9251714e+00
   1.8913136e+00   2.8358097e+01   1.9074556e+00
   2.2006620e+00   2.6913953e+01   2.2241874e+00
   2.0070188e+00   2.4761438e+01   2.0445976e+00
   2.2761460e+00   3.0743961e+01   2.2859883e+00
   1.2632495e+00   2.5393919e+01   1.2925838e+00
   1.8546788e+00   1.8500982e+01   2.0106196e+00
   1.1627364e+00   2.5587756e+01   1.1904211e+00
   1.7550609e+00   2.4732281e+01   1.7915793e+00
   1.1948809e+00   2.3414537e+01   1.2407499e+00
   2.0097300e+00   2.5750763e+01   2.0396588e+00
  -9.6358762e-03   2.7975646e+01   4.1923915e-03
   2.2421937e+00   3.1182881e+01   2.2510461e+00
   1.4224743e+00   2.6708658e+01   1.4446079e+00
   2.3686056e+00   2.5593269e+01   2.4012874e+00
   1.4208722e+00   2.4989401e+01   1.4537552e+00
   2.1507592e+00   1.8713799e+01   2.3056672e+00
   1.1569455e+00   2.5582236e+01   1.1846445e+00
   2.0116811e+00   2.6595542e+01   2.0363228e+00
   1.0839983e+00   2.3178613e+01   1.1317322e+00
   2.4986854e+00   2.7176495e+01   2.5218141e+00
  -3.0343525e-02   2.7258941e+01  -1.4072932e-02
   2.1488662e+00   3.3745811e+01   2.1537067e+00
   1.5884098e+00   2.7842234e+01   1.6058436e+00
   1.6800981e+00   1.8397626e+01   1.8359326e+00
   1.0073800e+00   2.7839034e+01   1.0235343e+00
   1.1681636e+00   2.6198333e+01   1.1922331e+00
   1.3537775e+00   2.6010108e+01   1.3795375e+00
   1.8548332e+00   2.5623666e+01   1.8849866e+00
  -1.7811152e-02   2.8481292e+01  -5.5142852e-03
   1.7444338e+00   2.9435708e+01   1.7567730e+00
   1.4246557e+00   2.7266365e+01   1.4441266e+00
   3.9728541e-02   2.3145655e+01   8.2020020e-02
   8.1795851e-01   2.2933721e+01   8.6676714e-01
   1.0171088e-01   2.3470335e+01   1.4124046e-01
  -1.4778279e-01   2.8918390e+01  -1.3682710e-01
   5.7729164e-02   2.7538339e+01   7.3141982e-02
   1.3142730e+00   2.5575562e+01   1.3425960e+00
   2.4452615e-01   1.9423071e+01   3.4663637e-01
  -3.4327119e-02   2.4977673e+01  -6.8272867e-03
   5.6228357e-01   2.4737786e+01   5.9348410e-01
   1.2488229e+00   2.5339927e+01   1.2784677e+00
  -9.0606232e-01   2.6083494e+01  -8.8667935e-01
   9.6808883e-01   2.4843127e+01   1.0001351e+00
