   3.6526584e-01   2.8006982e+01   3.7961392e-01
   9.1115079e-01   2.7039313e+01   9.3033424e-01
   7.4000388e-01   2.7005652e+01   7.5892316e-01
   2.0008395e-01   2.6167634e+01   2.2157194e-01
   6.3491996e-01   2.4055844e+01   6.7175593e-01
   1.9144854e+00   2.5489229e+01   1.9458488e+00
   5.7379752e-01   2.3040498e+01   6.1998856e-01
   1.9405120e+00   2.4183946e+01   1.9830390e+00
   6.8754601e-01   2.9123704e+01   6.9908656e-01
   2.3036828e+00   2.5322463e+01   2.3381415e+00
   5.2783020e-01   2.1809413e+01   5.8882012e-01
  -3.3870615e-02   2.2570364e+01   1.4001518e-02
   6.5768785e-01   2.8271074e+01   6.7168012e-01
   1.3957069e+00   2.5738052e+01   1.4232872e+00
   7.2680312e-01   2.6825732e+01   7.4649027e-01
  -2.7567845e-01   2.4445118e+01  -2.4543084e-01
   4.2287768e-01   2.3293962e+01   4.6565208e-01
   5.6284728e-01   2.4339385e+01   5.9704855e-01
   1.1197790e+00   2.5621443e+01   1.1470961e+00
  -4.1639528e-01   2.3008236e+01  -3.7494057e-01
   1.0418218e+00   2.5814140e+01   1.0676899e+00
   2.0541442e+00   2.8963572e+01   2.0685112e+00
   8.2168960e-01   2.5682968e+01   8.4761145e-01
   2.1922019e+00   3.1864913e+01   2.1997132e+00
   1.5843513e+00   3.2012299e+01   1.5910201e+00
   2.5749095e+00   3.2646883e+01   2.5815435e+00
   9.0158254e-01   2.1299215e+01   9.7347591e-01
   4.3537663e-01   2.6529087e+01   4.5571291e-01
   1.1832690e+00   2.3849535e+01   1.2247000e+00
   1.3964060e+00   2.8182886e+01   1.4121118e+00
   1.1199425e+00   2.8331880e+01   1.1345749e+00
  -2.1095650e-01   3.3676580e+01  -2.0731959e-01
   1.0701524e+00   2.7027200e+01   1.0897865e+00
   6.6761672e-01   2.8327145e+01   6.8144651e-01
   1.8374648e+00   2.7971738e+01   1.8549771e+00
   2.4835374e+00   3.0708828e+01   2.4937648e+00
   1.7805940e+00   2.5475083e+01   1.8114764e+00
   2.4643968e+00   3.2297339e+01   2.4714705e+00
   1.4135874e+00   2.6457479e+01   1.4370115e+00
   2.9270502e+00   2.9908209e+01   2.9401954e+00
   1.7157822e+00   2.2367227e+01   1.7784317e+00
   2.7778209e-01   2.4152595e+01   3.1227449e-01
   1.2720426e+00   2.2879115e+01   1.3244668e+00
   1.2793543e+00   2.7206621e+01   1.2987165e+00
   1.0877084e+00   2.6486967e+01   1.1099948e+00
  -1.4263198e-01   2.7396769e+01  -1.2707046e-01
   1.5919992e+00   2.5401163e+01   1.6226069e+00
   1.0758985e+00   2.5119305e+01   1.1063909e+00
   1.8940842e+00   2.5972279e+01   1.9220636e+00
   2.4900428e+00   2.4665265e+01   2.5312501e+00
   2.0514961e+00   2.8110244e+01   2.0689773e+00
   1.9595718e+00   2.7347139e+01   1.9801434e+00
   1.6715687e+00   2.3650579e+01   1.7178891e+00
   4.1357835e-01   2.8121878e+01   4.2763337e-01
   1.7990581e+00   2.4465806e+01   1.8381276e+00
   1.3831114e+00   2.4150303e+01   1.4228067e+00
   1.8997372e+00   2.5509347e+01   1.9308908e+00
  -7.4826164e-02   2.7644668e+01  -6.0014074e-02
   1.8281894e+00   2.6930501e+01   1.8504202e+00
   7.6855533e-01   2.6161929e+01   7.9161483e-01
   2.1356497e+00   2.4632815e+01   2.1750764e+00
   2.2123799e+00   2.5003916e+01   2.2489763e+00
   1.9455042e+00   2.4571447e+01   1.9844249e+00
   3.4781913e-01   2.7179851e+01   3.6514135e-01
   2.1150686e+00   2.7814215e+01   2.1339539e+00
   1.2679011e+00   2.5589049e+01   1.2959632e+00
   2.2255851e+00   2.9312941e+01   2.2391705e+00
  -3.4337025e-01   2.4177356e+01  -3.1144103e-01
   1.7800175e+00   2.7825137e+01   1.7979871e+00
   9.9976768e-01   2.8745748e+01   1.0128647e+00
   1.3095559e+00   2.3659619e+01   1.3535689e+00
   2.2087674e-01   2.9094213e+01   2.3185646e-01
   1.6218885e+00   2.4016557e+01   1.6641723e+00
   1.3770786e+00   2.4574595e+01   1.4130476e+00
   1.4476564e+00   2.6969169e+01   1.4685714e+00
  -9.8147432e-03   2.8939034e+01   1.2622031e-03
   1.2136563e+00   2.4242606e+01   1.2516515e+00
   6.5351991e-01   2.5038495e+01   6.8296284e-01
   1.9357367e-02   2.4962766e+01   4.7123232e-02
   1.1272840e+00   2.3511205e+01   1.1717467e+00
   1.4914990e-02   2.6360369e+01   3.5030281e-02
  -3.3248012e-01   2.6221687e+01  -3.1251361e-01
  -1.4423266e-01   2.2841502e+01  -9.9822812e-02
   7.3693073e-01   2.8234888e+01   7.5118004e-01
  -8.2664179e-02   1.9715934e+01   9.1859635e-03
  -4.5309113e-01   2.6538744e+01  -4.3477521e-01
   1.0334849e-01   2.6993988e+01   1.2091254e-01
   6.8317737e-01   2.5413350e+01   7.1028477e-01
  -1.0592355e+00   2.6050136e+01  -1.0400071e+00
   2.7900910e-01   2.2505041e+01   3.2942535e-01
