   9.5918475e-01   3.0422112e+01   9.6804109e-01
   1.4389775e+00   2.5666391e+01   1.4671802e+00
   5.6514452e-01   2.8390695e+01   5.7860203e-01
   3.2792740e+00   2.5759964e+01   3.3153882e+00
   9.6091863e-01   2.6893938e+01   9.8088179e-01
   1.7912196e+00   2.5314762e+01   1.8233117e+00
   1.0731653e+00   2.7419833e+01   1.0911087e+00
   1.8062154e+00   2.3614670e+01   1.8538007e+00
   9.0392859e-01   2.9522539e+01   9.1474693e-01
   2.2285051e+00   2.4217807e+01   2.2724749e+00
   1.1347314e+00   2.8311231e+01   1.1494619e+00
   2.0429116e+00   2.4347073e+01   2.0844681e+00
   7.1581702e-01   2.8720121e+01   7.2852624e-01
  -4.7138856e-01   2.4257662e+01  -4.4048304e-01
   6.6569838e-01   2.9495586e+01   6.7626304e-01
   5.7545537e-01   2.4806940e+01   6.0621274e-01
   1.5208822e-01   1.9365821e+01   2.5442055e-01
   1.2281746e-01   2.3564950e+01   1.6159086e-01
   8.9388902e-01   2.6046791e+01   9.1794648e-01
   2.8246426e+00   2.1106813e+01   2.9231569e+00
   1.2821852e+00   2.3716202e+01   1.3254704e+00
   1.6165156e+00   2.9970300e+01   1.6272354e+00
   1.3484721e+00   2.4282409e+01   1.3867994e+00
   2.1686589e+00   3.1752333e+01   2.1763415e+00
   1.7204412e+00   3.2478139e+01   1.7265442e+00
   2.4503197e+00   2.9153159e+01   2.4648834e+00
   1.1776118e+00   2.1865734e+01   1.2430075e+00
   2.1092870e+00   2.6205314e+01   2.1366243e+00
   1.1423288e+00   2.4450355e+01   1.1782108e+00
  -3.8460375e-01   2.9474309e+01  -3.7521607e-01
   1.1122309e+00   3.0627888e+01   1.1208457e+00
   4.7919777e-01   3.2234456e+01   4.8469324e-01
   7.0689965e-01   2.0430502e+01   7.9258520e-01
   1.8315486e-01   2.7993940e+01   1.9723769e-01
   2.1375150e+00   2.7179002e+01   2.1594468e+00
   2.2617097e+00   3.0858446e+01   2.2712758e+00
   2.2154514e+00   2.5013771e+01   2.2519809e+00
   2.3867947e+00   3.2323937e+01   2.3937457e+00
   1.9800631e+00   2.6170267e+01   2.0071203e+00
   2.4307702e+00   2.8104234e+01   2.4492617e+00
   1.9256494e+00   2.4401500e+01   1.9660117e+00
   2.3364506e+00   2.2733514e+01   2.3993498e+00
   1.4746397e+00   2.2342530e+01   1.5355993e+00
  -6.9726194e-01   2.6761322e+01  -6.8031273e-01
   1.3216588e+00   2.8942447e+01   1.3347133e+00
   4.3753815e-01   2.7578914e+01   4.5351132e-01
   1.3272760e+00   2.2191256e+01   1.3891602e+00
   8.8390657e-01   2.6117475e+01   9.0754551e-01
   2.3449632e+00   2.6887904e+01   2.3691306e+00
   1.8526035e+00   2.1584777e+01   1.9290901e+00
   2.1312062e+00   2.8242903e+01   2.1483551e+00
   2.0426079e+00   2.5563642e+01   2.0740018e+00
   2.0098631e+00   3.0354228e+01   2.0202271e+00
   2.5070756e+00   2.8152115e+01   2.5255710e+00
   1.8266114e+00   2.6280279e+01   1.8524292e+00
  -7.0195679e-01   2.3616395e+01  -6.6701421e-01
   1.6470292e+00   2.6889143e+01   1.6689179e+00
   3.8005674e-01   2.3715528e+01   4.1867273e-01
   1.7752799e+00   2.1880176e+01   1.8459590e+00
   3.9968816e-01   2.7436930e+01   4.1611687e-01
   2.2806021e+00   2.7639287e+01   2.3007382e+00
   2.3364754e+00   2.4612514e+01   2.3772559e+00
   2.3180800e+00   2.9106596e+01   2.3325189e+00
   2.4580753e+00   2.7967775e+01   2.4772341e+00
   1.9146506e+00   2.8250119e+01   1.9312534e+00
  -4.6723105e-01   2.6991649e+01  -4.5075427e-01
   2.1342221e+00   2.9941397e+01   2.1458233e+00
   5.7298577e-01   2.4152393e+01   6.0873681e-01
   1.8454915e+00   2.2998056e+01   1.9006479e+00
   4.7211422e-01   2.8592150e+01   4.8481648e-01
   1.7683013e+00   2.6663881e+01   1.7917445e+00
   2.1569129e+00   2.7560072e+01   2.1770573e+00
   1.3738003e+00   2.7545135e+01   1.3919364e+00
  -2.4377745e-01   2.3516013e+01  -2.0618114e-01
   1.5080511e+00   3.0622178e+01   1.5171416e+00
   4.5950775e-01   2.7247326e+01   4.7679440e-01
   9.7786650e-01   1.9100121e+01   1.0984103e+00
   2.9618492e-01   2.5296333e+01   3.2274867e-01
  -1.0627520e-01   2.3704371e+01  -6.9709313e-02
  -1.0395041e+00   2.1498491e+01  -9.8457890e-01
  -1.0847444e-01   2.7299512e+01  -9.2498601e-02
   4.0165183e-01   2.7944583e+01   4.1627148e-01
  -3.3386686e-01   2.1328396e+01  -2.7227957e-01
   3.0969720e-01   2.5115719e+01   3.3743387e-01
   2.5704007e-01   2.8262229e+01   2.7039537e-01
   1.7913227e-01   3.0140609e+01   1.8771867e-01
   2.4029177e-01   2.3105921e+01   2.8399032e-01
  -3.7032676e-02   2.4900300e+01  -9.0472341e-03
  -1.2834912e+00   2.1362844e+01  -1.2281970e+00
   1.1319613e-01   2.3375903e+01   1.5364908e-01
