   7.4339557e-01   2.6119137e+01   7.6661006e-01
   1.8599091e+00   2.6809134e+01   1.8828717e+00
   7.1173120e-01   2.7398401e+01   7.2895338e-01
   1.8269212e+00   2.6673728e+01   1.8505026e+00
   1.0744027e+00   2.7519744e+01   1.0919408e+00
   2.7372442e+00   2.5826966e+01   2.7699555e+00
   1.0030041e+00   2.5110773e+01   1.0332699e+00
   2.7339452e+00   2.5060344e+01   2.7729610e+00
   9.0270655e-01   2.8466937e+01   9.1649987e-01
   3.0416228e+00   2.5489928e+01   3.0786592e+00
   7.9489632e-01   2.1838113e+01   8.5753710e-01
   1.5927538e+00   2.5811049e+01   1.6206062e+00
   7.3848496e-01   2.7721839e+01   7.5452446e-01
   1.6527155e+00   2.5258213e+01   1.6846122e+00
   7.8712636e-01   2.9519935e+01   7.9779248e-01
   7.3082725e-01   2.4524728e+01   7.6428994e-01
   6.0642671e-01   2.3081244e+01   6.5237115e-01
   8.6549826e-01   2.4062010e+01   9.0336269e-01
   9.8827376e-01   2.4026667e+01   1.0270521e+00
   1.3453495e+00   2.2279804e+01   1.4061300e+00
   1.3976003e+00   2.5757412e+01   1.4250648e+00
   2.9137637e+00   3.0679382e+01   2.9247470e+00
   1.2264038e+00   2.7262102e+01   1.2453871e+00
   2.9635002e+00   3.0091594e+01   2.9761720e+00
   1.7701620e+00   3.1846968e+01   1.7772685e+00
   3.3381073e+00   3.1205435e+01   3.3484988e+00
   1.0722190e+00   2.2306124e+01   1.1304934e+00
   2.1212785e+00   2.8182120e+01   2.1386445e+00
   1.2576077e+00   2.1575436e+01   1.3282727e+00
   1.6060806e+00   2.9528141e+01   1.6179327e+00
   1.1562659e+00   3.0337332e+01   1.1655298e+00
   8.4173898e-01   3.3590227e+01   8.4594562e-01
   1.2207093e+00   2.5028118e+01   1.2524441e+00
   1.0338955e+00   2.7255150e+01   1.0524383e+00
   2.2505390e+00   2.7531527e+01   2.2710917e+00
   3.5224756e+00   3.0775267e+01   3.5342900e+00
   2.1505486e+00   2.5405362e+01   2.1836149e+00
   3.4087704e+00   3.3115426e+01   3.4155383e+00
   1.7956155e+00   2.4709184e+01   1.8325363e+00
   3.2697463e+00   2.9013207e+01   3.2867820e+00
   1.7855912e+00   2.3094995e+01   1.8390790e+00
   2.0261608e+00   2.3380615e+01   2.0779655e+00
   1.3069549e+00   1.9969760e+01   1.4099633e+00
   1.5367867e+00   2.7849696e+01   1.5540688e+00
   1.3221483e+00   2.9789604e+01   1.3328896e+00
   7.7579431e-01   2.6935373e+01   7.9510881e-01
   1.7655431e+00   2.4816196e+01   1.8014142e+00
   1.6588491e+00   2.6787856e+01   1.6812909e+00
   2.2781637e+00   2.9224977e+01   2.2921330e+00
   3.2351148e+00   2.3103218e+01   3.3013190e+00
   2.2634795e+00   2.8049036e+01   2.2817563e+00
   2.7521869e+00   2.6550033e+01   2.7799388e+00
   1.8336065e+00   2.6798350e+01   1.8565419e+00
   2.2217173e+00   2.7544654e+01   2.2421227e+00
   1.9519647e+00   2.2861068e+01   2.0097511e+00
   1.4832719e+00   2.3205546e+01   1.5332930e+00
   1.8707300e+00   2.8082391e+01   1.8878810e+00
   7.9554516e-01   2.6882873e+01   8.1514324e-01
   2.0901580e+00   2.7205355e+01   2.1118100e+00
   1.1937159e+00   2.6557891e+01   1.2159465e+00
   2.3173387e+00   2.4673653e+01   2.3574362e+00
   2.9602609e+00   2.4876817e+01   3.0023906e+00
   2.1300093e+00   2.5960617e+01   2.1590183e+00
   2.2131467e+00   2.7493167e+01   2.2337701e+00
   2.1579939e+00   2.4940293e+01   2.1948410e+00
   1.4164002e+00   2.4419977e+01   1.4538708e+00
   2.1956044e+00   2.7618632e+01   2.2155896e+00
   7.8569605e-01   2.4286740e+01   8.2128887e-01
   2.0186928e+00   2.8419776e+01   2.0348953e+00
   1.4242069e+00   2.8585986e+01   1.4385735e+00
   1.5299011e+00   2.4642048e+01   1.5660525e+00
   1.8754339e+00   2.9665691e+01   1.8873515e+00
   1.7001094e+00   2.4907355e+01   1.7349182e+00
   1.6624997e+00   2.4447456e+01   1.7010003e+00
   1.5840169e+00   2.6383840e+01   1.6083969e+00
   8.8014379e-01   3.0367926e+01   8.8902148e-01
   1.5129393e+00   2.5728821e+01   1.5410180e+00
   9.9475560e-01   2.5791811e+01   1.0205997e+00
  -9.5826116e-02   2.2204294e+01  -4.4113490e-02
   1.2507388e+00   2.3562166e+01   1.2954015e+00
   6.0255932e-02   2.5474971e+01   8.5050141e-02
   5.6898316e-01   2.6493974e+01   5.8982165e-01
   7.0707726e-02   2.3210167e+01   1.1252616e-01
   1.2645229e+00   2.7957688e+01   1.2807775e+00
  -3.4436560e-02   1.9685210e+01   5.8582728e-02
   5.0778927e-01   2.6497006e+01   5.2845763e-01
   3.4961655e-01   2.3987691e+01   3.8575362e-01
   1.1541741e+00   2.4919586e+01   1.1864295e+00
  -9.4199415e-01   2.3475763e+01  -9.0679764e-01
   7.3535026e-01   2.3182695e+01   7.8096061e-01
