   7.6999967e-01   3.1260317e+01   7.7712850e-01
   1.6614533e+00   2.4160342e+01   1.7025817e+00
   7.7806445e-01   2.3780899e+01   8.1801743e-01
   1.7830959e+00   2.4465572e+01   1.8220809e+00
   7.3287428e-01   2.9393411e+01   7.4378132e-01
   8.0978157e-01   2.0857808e+01   8.8844713e-01
   9.0843350e-01   2.5191983e+01   9.3778047e-01
   2.1696182e+00   2.2582414e+01   2.2331877e+00
   7.9605572e-01   2.9571354e+01   8.0660812e-01
   1.5626079e+00   2.3233222e+01   1.6128496e+00
   5.2057823e-01   1.8122630e+01   6.6308155e-01
   6.2826635e-01   2.2772287e+01   6.7773355e-01
   5.9470750e-01   2.5707135e+01   6.1976514e-01
   8.5565783e-01   2.3411494e+01   8.9958882e-01
   6.9573921e-01   2.3652090e+01   7.3647254e-01
  -6.3929744e-01   2.3087485e+01  -5.9956610e-01
   4.6084311e-01   2.6176579e+01   4.8296739e-01
   8.3043723e-01   2.3623609e+01   8.7213945e-01
   1.2350465e+00   2.4040520e+01   1.2749651e+00
   1.3443594e+00   2.2815323e+01   1.3980748e+00
   1.3001149e+00   2.6452899e+01   1.3232116e+00
   1.0252024e+00   2.8700467e+01   1.0384801e+00
   1.4009660e+00   2.4385654e+01   1.4386560e+00
   2.4383503e+00   2.7418932e+01   2.4600288e+00
   1.6569784e+00   3.0276239e+01   1.6670243e+00
   1.7462797e+00   2.9474242e+01   1.7585130e+00
   8.9034416e-01   2.2685338e+01   9.4250528e-01
   2.4073670e-01   2.3847083e+01   2.7758040e-01
   1.3215265e+00   2.3058574e+01   1.3721588e+00
   9.2043178e-01   2.8346186e+01   9.3464612e-01
   1.1739339e+00   2.3656641e+01   1.2171948e+00
  -4.5585251e-01   3.3419780e+01  -4.5209733e-01
   1.1721325e+00   2.9706434e+01   1.1828673e+00
   7.3132922e-01   2.3199414e+01   7.7674132e-01
   1.9764782e+00   2.5596632e+01   2.0073434e+00
   1.5070675e+00   3.0031259e+01   1.5174819e+00
   2.0023947e+00   2.2334994e+01   2.0681039e+00
   2.9668485e+00   3.0836548e+01   2.9775276e+00
   1.6360171e+00   2.6282643e+01   1.6611501e+00
   1.8102987e+00   2.8037505e+01   1.8274825e+00
   1.6985459e+00   2.2811423e+01   1.7549618e+00
   3.0520911e-01   2.1679974e+01   3.6636806e-01
   1.3533067e+00   2.0692380e+01   1.4410440e+00
   7.8480994e-01   2.7329852e+01   8.0246708e-01
   1.5175761e+00   2.6100919e+01   1.5433643e+00
  -1.1926097e-01   2.9404490e+01  -1.0943362e-01
   1.8360641e+00   2.7356710e+01   1.8562380e+00
   1.4116590e+00   2.5348689e+01   1.4418922e+00
   1.9920216e+00   2.6454927e+01   2.0174040e+00
   2.4881906e+00   2.4039622e+01   2.5357800e+00
   2.2573763e+00   2.9442851e+01   2.2706219e+00
   1.3440397e+00   2.5372710e+01   1.3738355e+00
   1.8892610e+00   2.4120686e+01   1.9321025e+00
   4.2832783e-01   2.5853237e+01   4.5206857e-01
   1.7302972e+00   2.4633091e+01   1.7675321e+00
   8.4278638e-01   2.3541119e+01   8.8535526e-01
   1.8973831e+00   2.3421465e+01   1.9477753e+00
  -4.9799540e-01   2.7554062e+01  -4.8356823e-01
   2.1333554e+00   2.9959240e+01   2.1449077e+00
   1.0960039e+00   2.7067818e+01   1.1155205e+00
   2.2886499e+00   2.5375208e+01   2.3226179e+00
   1.5940011e+00   2.5821532e+01   1.6217911e+00
   2.2158685e+00   2.4343585e+01   2.2585035e+00
   4.2296401e-01   2.6002607e+01   4.4588711e-01
   2.0090399e+00   2.5373378e+01   2.0416849e+00
   7.1391908e-01   2.2728136e+01   7.6442868e-01
   2.2268157e+00   2.3793457e+01   2.2752932e+00
  -3.4397719e-01   2.6337216e+01  -3.2455955e-01
   2.1232550e+00   3.1467950e+01   2.1314045e+00
   1.2945999e+00   2.7484483e+01   1.3127985e+00
   1.6538285e+00   2.3607460e+01   1.7004974e+00
   4.2711043e-01   2.7823665e+01   4.4218919e-01
   1.1523706e+00   2.4432522e+01   1.1884477e+00
   9.8546715e-01   2.6179284e+01   1.0090764e+00
   1.7745056e+00   2.6259148e+01   1.8002620e+00
  -4.0330511e-01   2.5733962e+01  -3.8113998e-01
   1.7072427e+00   2.7550355e+01   1.7261950e+00
   1.0848069e+00   2.7704632e+01   1.1016366e+00
  -2.3269183e-02   2.3210444e+01   1.8093218e-02
   5.3068613e-01   2.3100200e+01   5.7600519e-01
  -6.9950148e-02   2.2332244e+01  -1.9589532e-02
  -5.0040220e-01   2.8032577e+01  -4.8748347e-01
   3.1485140e-02   2.7326306e+01   4.7619963e-02
   1.1749993e+00   2.6332868e+01   1.1983552e+00
   1.8231134e-01   1.7776171e+01   3.3042869e-01
  -4.3671765e-01   2.7029933e+01  -4.2033088e-01
   5.1326593e-01   2.5738980e+01   5.3789291e-01
   8.8306740e-01   2.4535151e+01   9.1709785e-01
  -1.0254475e+00   2.5977605e+01  -1.0058281e+00
   5.5688442e-01   2.3455845e+01   5.9877376e-01
