  -2.6767710e+00   4.1940690e+00  -2.7641901e-01
  -2.5934004e+00   1.4334088e+01  -2.3471682e+00
  -2.6093175e+00   4.9900999e+00  -5.8446052e-01
  -2.1134567e+00   1.6676002e+01  -1.9633082e+00
  -2.0046389e+00   6.6867422e+00  -5.3017926e-01
  -1.4433397e+00   1.5421843e+01  -1.2301528e+00
  -2.0733685e+00   6.9571648e+00  -6.9614473e-01
  -1.1312880e+00   1.5289775e+01  -9.0452419e-01
  -2.4731865e+00   4.4562542e+00  -1.5859587e-01
  -1.9920080e+00   2.0150083e+01  -1.9236537e+00
  -2.3585423e+00   6.3727156e+00  -8.3315403e-01
  -3.0586396e+00   1.4861044e+01  -2.8484162e+00
  -2.5134358e+00   5.3484491e+00  -6.2541039e-01
  -3.3495903e+00   1.4204294e+01  -3.1107396e+00
  -2.2372765e+00   6.8931767e+00  -8.6334509e-01
  -3.9237229e+00   1.5799016e+01  -3.7644021e+00
  -2.9541991e+00   6.0121875e+00  -1.3942008e+00
  -2.9251957e+00   1.1971318e+01  -2.5147886e+00
  -2.4349406e+00   4.7713113e+00  -2.6896968e-01
  -2.7025738e+00   1.2074103e+01  -2.2941687e+00
  -1.4557678e+00   7.1876726e+00  -5.8125978e-02
  -1.6496201e+00   1.6325822e+01  -1.4797973e+00
  -1.4086392e+00   8.4378121e+00  -3.5209559e-01
  -7.2035508e-01   1.8194710e+01  -5.9892031e-01
  -2.1201292e+00   4.7539047e+00   1.3209606e-01
  -2.2875692e+00   1.7103185e+01  -2.1535048e+00
  -2.8061913e+00   5.7169082e+00  -1.1170665e+00
  -3.3013832e+00   1.0022368e+01  -2.6826082e+00
  -2.4508142e+00   5.1370704e+00  -4.5844663e-01
  -3.6068837e+00   1.2628773e+01  -3.2714650e+00
  -1.7570565e+00   7.6659814e+00  -5.4421270e-01
  -3.7124671e+00   1.4778785e+01  -3.5083982e+00
  -1.8289881e+00   7.0720059e+00  -4.5198670e-01
  -2.5063832e+00   1.6565512e+01  -2.3575406e+00
  -3.7371497e-01   8.1463010e+00   9.0354693e-01
  -1.0220164e+00   2.0377308e+01  -9.5080091e-01
   2.4177499e-02   9.4041861e+00   1.0280371e+00
  -8.4102069e-02   2.6663862e+01  -6.5556721e-02
  -1.8935996e+00   4.7918183e+00   3.9926802e-01
  -2.5496753e+00   1.3357570e+01  -2.2408045e+00
  -1.5623700e+00   6.4503258e+00   7.1136110e-02
  -3.2463315e+00   1.3195626e+01  -2.9434169e+00
  -2.4283671e+00   5.2660746e+00  -4.8807190e-01
  -3.7084676e+00   8.9893371e+00  -2.9524538e+00
  -1.6370051e+00   7.9947495e+00  -4.9687896e-01
  -3.7521627e+00   1.1627804e+01  -3.3357457e+00
  -1.5633727e+00   7.2651568e+00  -2.0665846e-01
  -2.3116784e+00   1.3331186e+01  -1.9944550e+00
  -7.7855529e-01   8.1925121e+00   4.2306121e-01
  -9.4923925e-01   1.2870655e+01  -5.4653112e-01
  -1.6347022e+00   4.8272284e+00   7.1245921e-01
  -2.3080989e+00   1.5593754e+01  -2.1189532e+00
  -1.4573438e+00   7.0720678e+00  -2.2618655e-02
  -2.7008660e+00   1.5890408e+01  -2.5299159e+00
  -2.0542726e+00   5.5447933e+00  -1.5650943e-01
  -3.4303642e+00   1.1989380e+01  -3.0375009e+00
  -1.5978525e+00   7.2251476e+00  -2.3395673e-01
  -4.1329217e+00   1.2355537e+01  -3.7889103e+00
  -1.0630354e+00   7.4769676e+00   3.0607503e-01
  -2.4131351e+00   1.6936418e+01  -2.2753408e+00
  -1.8359534e+00   5.0208688e+00   3.5531712e-01
  -2.4432137e+00   1.2312902e+01  -2.0476908e+00
  -1.2468083e+00   7.2360920e+00   1.6906804e-01
  -2.7563856e+00   1.6961820e+01  -2.6232457e+00
  -1.7477312e+00   6.0116262e+00   1.9422237e-02
  -3.2272546e+00   1.2155991e+01  -2.8430422e+00
  -9.7192599e-01   8.2126281e+00   1.9691878e-01
  -3.7002600e+00   1.4459559e+01  -3.4805891e+00
  -1.2931702e+00   7.3903314e+00   6.6281131e-02
  -2.2370037e+00   1.6967640e+01  -2.0980948e+00
  -1.9478050e+00   6.4869490e+00  -3.9587615e-01
  -2.9621943e+00   1.4456451e+01  -2.7298604e+00
  -2.4809912e+00   5.0819132e+00  -4.7033380e-01
  -3.4815021e+00   1.0577974e+01  -2.9430699e+00
  -1.4373270e+00   7.5887233e+00  -1.5917555e-01
  -3.8333395e+00   1.3111342e+01  -3.5375423e+00
  -1.6431816e+00   6.9995791e+00  -2.1470208e-01
  -2.6234827e+00   1.6693819e+01  -2.4803594e+00
  -3.3906435e+00   4.3874484e+00  -1.2495924e+00
  -3.6235467e+00   1.1622495e+01  -3.2027278e+00
  -3.2089270e+00   5.9625617e+00  -1.6679553e+00
  -4.1374577e+00   1.2269133e+01  -3.7867560e+00
  -3.1804425e+00   5.7149080e+00  -1.5488246e+00
  -2.8570410e+00   1.2753986e+01  -2.5116126e+00
  -2.9218549e+00   6.5686960e+00  -1.5389262e+00
  -4.0240678e+00   1.2519371e+01  -3.6901534e+00
  -2.5476458e+00   5.8832582e+00  -8.7790465e-01
  -2.8692789e+00   1.5047761e+01  -2.6647946e+00
  -3.2819810e+00   5.5131867e+00  -1.5918796e+00
  -2.9416495e+00   1.6777947e+01  -2.8048202e+00
