   5.9286312e-01   2.2745665e+01   6.4241674e-01
   3.2745096e-01   2.3031499e+01   3.7237037e-01
   4.0390134e-02   1.7200491e+01   2.0668587e-01
   8.8070123e-01   2.5695669e+01   9.0674141e-01
   8.5178713e-01   2.4279139e+01   8.8774159e-01
   7.4387980e-01   2.5665785e+01   7.6965084e-01
   3.5129899e-01   1.7589195e+01   5.0912605e-01
   1.1280337e+00   2.2053420e+01   1.1902544e+00
   6.0972622e-01   2.6871641e+01   6.2892500e-01
   1.0586390e+00   2.4287158e+01   1.0954921e+00
   3.7241066e-03   1.4272732e+01   3.2876426e-01
   9.3917801e-01   2.4584302e+01   9.7306723e-01
   2.3080608e-01   1.9484691e+01   3.3131200e-01
  -4.5967260e-01   2.3340912e+01  -4.2145626e-01
   3.6269084e-01   2.1552360e+01   4.2611160e-01
  -7.3429544e-01   2.4225955e+01  -7.0403131e-01
   4.7930537e-02   2.1336772e+01   1.1213510e-01
  -1.1637589e+00   2.2558636e+01  -1.1212608e+00
   3.1607137e-01   1.5225263e+01   5.8709830e-01
   5.4682265e-01   2.1341740e+01   6.1490967e-01
   9.4415159e-01   2.1885539e+01   1.0073023e+00
   6.7863733e-01   2.8446991e+01   6.9210908e-01
   7.4502017e-01   1.7494638e+01   9.1444473e-01
   1.1421028e+00   2.8829289e+01   1.1551892e+00
   1.3236862e+00   2.5719592e+01   1.3511192e+00
   1.2419682e+00   3.1764741e+01   1.2487121e+00
   4.2726660e-01   1.5876962e+01   6.6369214e-01
   9.8154591e-01   2.2531008e+01   1.0362313e+00
   7.0118325e-01   1.8510696e+01   8.3447032e-01
  -4.8975476e-01   2.7034026e+01  -4.7347797e-01
   8.1260719e-01   2.3498662e+01   8.5543042e-01
  -5.1507968e-01   3.0960282e+01  -5.0850649e-01
   6.8187892e-01   2.2988336e+01   7.2925962e-01
  -1.0003645e+00   2.5894215e+01  -9.8031357e-01
   1.8284014e+00   2.6582914e+01   1.8524864e+00
   1.0425784e+00   3.1083702e+01   1.0502651e+00
   1.5311004e+00   1.7510357e+01   1.7184899e+00
   1.7681429e+00   3.2416269e+01   1.7743745e+00
   1.5377393e+00   2.1890726e+01   1.6059740e+00
   9.6294633e-01   2.8366533e+01   9.7717128e-01
   6.6635211e-01   1.4740658e+01   9.8312344e-01
   1.2334950e+00   2.3583167e+01   1.2778409e+00
   9.4388713e-01   1.9317542e+01   1.0580319e+00
  -4.0801086e-01   2.3398520e+01  -3.7008334e-01
   1.0437527e+00   2.1608986e+01   1.1119313e+00
  -7.0579367e-01   2.1977746e+01  -6.5486285e-01
   1.2914893e+00   2.1377836e+01   1.3657822e+00
  -7.2135783e-01   2.3491809e+01  -6.8547264e-01
   1.3056676e+00   1.7710384e+01   1.4791669e+00
   1.3594406e+00   2.2652853e+01   1.4153183e+00
   1.7653579e+00   2.5162412e+01   1.7984774e+00
   9.9792743e-01   2.7676210e+01   1.0146786e+00
   9.3888535e-01   1.6957097e+01   1.1355438e+00
   1.5123246e+00   2.8598043e+01   1.5268224e+00
   1.5448861e+00   2.2352939e+01   1.6062828e+00
  -3.8305286e-01   2.4104886e+01  -3.5072879e-01
   1.3615925e+00   2.2457134e+01   1.4200656e+00
  -6.5060595e-01   2.3236620e+01  -6.1226184e-01
   1.6168272e+00   2.3668492e+01   1.6626111e+00
  -7.2560616e-01   2.9912983e+01  -7.1742687e-01
   2.0444212e+00   2.5225327e+01   2.0783695e+00
   7.3975194e-01   2.5049200e+01   7.6944007e-01
   1.4653178e+00   1.7770694e+01   1.6401731e+00
   1.4239267e+00   2.5574007e+01   1.4526778e+00
   1.3632619e+00   2.0267882e+01   1.4601540e+00
  -7.2045423e-01   2.4833675e+01  -6.9410254e-01
   1.6811329e+00   2.2322685e+01   1.7441264e+00
  -6.9379975e-01   2.4743894e+01  -6.6682155e-01
   1.4456955e+00   2.3753387e+01   1.4895600e+00
  -7.2361269e-01   2.6056165e+01  -7.0373158e-01
   6.8413539e-01   1.6665133e+01   8.8771404e-01
   1.2692060e+00   2.8378612e+01   1.2839679e+00
   9.6421491e-01   2.1251457e+01   1.0374914e+00
  -3.8234699e-01   2.1833821e+01  -3.2781878e-01
   1.2673696e+00   2.0499929e+01   1.3580407e+00
  -7.2866245e-01   2.8848019e+01  -7.1821376e-01
   1.2249028e+00   2.2302326e+01   1.2844079e+00
  -1.0535806e+00   2.7684341e+01  -1.0403734e+00
  -5.8130625e-01   1.6478108e+01  -3.9834352e-01
  -8.4270023e-01   2.6282259e+01  -8.2406200e-01
  -1.4760461e-01   2.0435015e+01  -7.0347022e-02
  -8.4030921e-01   2.7455096e+01  -8.2607773e-01
  -4.0885313e-01   2.0975496e+01  -3.4260774e-01
  -8.4015828e-01   2.4736558e+01  -8.1354783e-01
  -5.8906503e-01   1.6883592e+01  -4.2253640e-01
  -1.0138204e+00   1.8803676e+01  -9.1145994e-01
  -3.8830548e-02   2.0827212e+01   3.2643718e-02
  -1.3146290e+00   2.4237175e+01  -1.2861773e+00
  -1.2861955e+00   2.0088499e+01  -1.2120876e+00
  -1.4571612e+00   2.0877321e+01  -1.3963744e+00
