   6.3713134e-01   2.9905131e+01   6.4671122e-01
   2.3606506e+00   2.4485214e+01   2.4027943e+00
   4.4297158e-01   2.2589339e+01   4.9340598e-01
   1.4543595e+00   2.4503587e+01   1.4913034e+00
   6.5511414e-01   2.8454850e+01   6.6852233e-01
   1.5273620e+00   2.3932907e+01   1.5699165e+00
   6.7710741e-01   2.5830468e+01   7.0171323e-01
   1.0934856e+00   2.1460226e+01   1.1645010e+00
   4.8721373e-01   2.8201771e+01   5.0113633e-01
   2.2619077e+00   2.3320447e+01   2.3162482e+00
   2.9059739e-01   2.0383338e+01   3.7289817e-01
   1.2942110e+00   2.1745835e+01   1.3624854e+00
   1.4554981e-01   2.3797133e+01   1.8240282e-01
   6.3669578e-01   2.2764167e+01   6.8630751e-01
   3.1379212e-01   2.4420776e+01   3.4635858e-01
  -7.6498962e-01   2.1844760e+01  -7.1280446e-01
  -8.6590987e-02   2.3602436e+01  -4.9072379e-02
  -4.4457876e-01   2.2818069e+01  -4.0140297e-01
   7.6583706e-01   2.4275575e+01   8.0143242e-01
   9.2023413e-01   2.0901063e+01   9.9922578e-01
   1.3248751e+00   2.8792293e+01   1.3383947e+00
   1.6438970e+00   2.9462328e+01   1.6559925e+00
   8.1344933e-01   2.3711491e+01   8.5422799e-01
   1.4274744e+00   2.7449341e+01   1.4461487e+00
   1.2990796e+00   2.7883644e+01   1.3156895e+00
   2.4202414e+00   2.9543850e+01   2.4334929e+00
   5.7974275e-01   2.5657049e+01   6.0504440e-01
   1.2697671e+00   2.5619403e+01   1.2976405e+00
   9.3605978e-01   2.1870925e+01   9.9935765e-01
   5.3315663e-01   2.7546003e+01   5.4943983e-01
   8.4762276e-01   2.5636828e+01   8.7390766e-01
  -6.1568667e-01   3.4361204e+01  -6.1271508e-01
   4.3896178e-01   2.3531388e+01   4.7953912e-01
  -4.0452188e-01   2.3212118e+01  -3.6491615e-01
   1.9144740e+00   2.5259561e+01   1.9475419e+00
   2.1185762e+00   3.0831325e+01   2.1280063e+00
   1.6653998e+00   2.1837587e+01   1.7356965e+00
   1.6920992e+00   2.9897449e+01   1.7031138e+00
   1.2904916e+00   2.6136581e+01   1.3153024e+00
   2.4961085e+00   2.7836641e+01   2.5159660e+00
   1.4408961e+00   2.3887915e+01   1.4833941e+00
   1.2990096e+00   2.3386842e+01   1.3458123e+00
   1.1744106e+00   2.1012920e+01   1.2539802e+00
   3.2894760e-01   2.7844203e+01   3.4377897e-01
   1.0912366e+00   2.4520431e+01   1.1263096e+00
  -1.0733337e-01   2.8535836e+01  -9.5313771e-02
   1.2844050e+00   2.3266222e+01   1.3324336e+00
   8.6384727e-02   2.5466622e+01   1.1130234e-01
   1.6014251e+00   2.5249740e+01   1.6331604e+00
   1.4270316e+00   2.2704277e+01   1.4827543e+00
   1.7931573e+00   2.8354643e+01   1.8090926e+00
   2.0722815e+00   2.5800068e+01   2.1021365e+00
   1.5374443e+00   2.9522849e+01   1.5492007e+00
   1.2921957e+00   2.6660570e+01   1.3141904e+00
   1.4287036e+00   2.5365803e+01   1.4588868e+00
   5.2792904e-01   2.3580171e+01   5.6849125e-01
   1.2647198e+00   2.2618477e+01   1.3203356e+00
  -6.0195936e-01   2.5787714e+01  -5.8053470e-01
   1.2690234e+00   2.4336117e+01   1.3064816e+00
  -2.5855914e-01   2.6383291e+01  -2.3916273e-01
   1.8378830e+00   2.5972728e+01   1.8656403e+00
   2.2336436e+00   2.5652334e+01   2.2652567e+00
   1.7723580e+00   2.9151044e+01   1.7855844e+00
   1.3467895e+00   2.6373088e+01   1.3704611e+00
   1.5183409e+00   2.5715485e+01   1.5465266e+00
   3.1861286e-01   2.3588474e+01   3.5808267e-01
   1.6506495e+00   2.3214246e+01   1.7017237e+00
  -4.3051264e-01   2.6304196e+01  -4.1113259e-01
   1.4377428e+00   2.6185728e+01   1.4627610e+00
   5.0706832e-03   2.6802731e+01   2.3217312e-02
   1.3137026e+00   3.2644674e+01   1.3192619e+00
   1.2406284e+00   2.7921599e+01   1.2569671e+00
   8.8438157e-01   2.5375597e+01   9.1242717e-01
   7.3702953e-01   2.4793669e+01   7.6850670e-01
   1.1192567e+00   2.3925595e+01   1.1596282e+00
  -3.8224159e-01   2.6074230e+01  -3.6169900e-01
   9.6461958e-01   2.2748480e+01   1.0165189e+00
  -2.2322632e-01   2.7265345e+01  -2.0733201e-01
  -5.4202680e-01   2.1622479e+01  -4.8577443e-01
   1.9982820e-01   2.2657974e+01   2.4804331e-01
  -3.3620846e-01   2.4795034e+01  -3.0848972e-01
  -5.7783196e-01   2.7332510e+01  -5.6278037e-01
  -6.2229652e-01   2.3966425e+01  -5.8978358e-01
  -9.6116852e-02   2.5751619e+01  -7.3268151e-02
  -2.9750735e-01   1.9233647e+01  -1.9735142e-01
  -5.4480301e-01   2.6023443e+01  -5.2438466e-01
  -8.8425893e-02   2.2781473e+01  -4.3110156e-02
  -4.0317437e-01   2.3878369e+01  -3.6919543e-01
  -1.6279426e+00   2.2005614e+01  -1.5818091e+00
  -8.4351811e-01   1.9532254e+01  -7.5540391e-01
