   9.2382311e-01   9.4222378e-01   2.7227218e+01
   1.6224541e+00   1.6408575e+00   2.7627422e+01
   9.8311780e-01   1.0041234e+00   2.6685310e+01
   1.7244813e+00   1.7711614e+00   2.3648713e+01
   1.6345551e+00   1.7477444e+00   1.9754577e+01
   1.7194346e+00   1.8093446e+00   2.0803257e+01
   1.1517146e+00   1.2572008e+00   1.9777270e+01
   1.9253146e+00   2.0192895e+00   2.0736912e+01
   1.9781368e+00   2.0072301e+00   2.5854223e+01
   1.7394038e+00   1.7606632e+00   2.7070946e+01
   1.2180468e+00   1.2251485e+00   3.1526621e+01
   1.6666487e+00   1.6747891e+00   3.1195260e+01
   1.3829798e+00   1.3927336e+00   3.0243480e+01
   1.7919781e+00   1.7985395e+00   3.2206626e+01
   9.2023111e-01   9.3123567e-01   2.9457441e+01
   1.7597980e+00   1.7687248e+00   3.0850493e+01
   1.1872641e+00   1.2856963e+00   2.0097715e+01
   1.9598992e+00   2.0451190e+00   2.1181904e+01
   1.0689584e+00   1.0865215e+00   2.7510481e+01
   9.7881301e-01   1.0363871e+00   2.2306085e+01
   2.0138217e+00   2.0238510e+00   3.0499176e+01
   9.3519213e-01   9.4661606e-01   2.9303322e+01
   1.6135814e+00   1.6220097e+00   3.1012797e+01
   1.1707529e+00   1.1775311e+00   3.1702201e+01
   2.1772272e+00   2.1823604e+00   3.3508531e+01
   1.1050204e+00   1.1081739e+00   3.4988001e+01
   1.5021188e+00   1.5151017e+00   2.9071222e+01
   1.1454328e+00   1.1564828e+00   2.9565631e+01
   1.2750185e+00   1.3014319e+00   2.5855971e+01
   1.0200873e+00   1.0422316e+00   2.6476751e+01
   8.6576088e-01   8.7636615e-01   2.9587872e+01
   9.4673325e-01   9.6154328e-01   2.8182507e+01
   1.4111446e+00   1.4201901e+00   3.0587185e+01
   1.0906134e+00   1.1008443e+00   2.9869069e+01
   2.2663818e+00   2.2793418e+00   2.9543133e+01
   9.8903918e-01   9.9696807e-01   3.0919081e+01
   1.7262697e+00   1.7362307e+00   3.0354429e+01
   1.1345976e+00   1.1401789e+00   3.2525332e+01
   2.4196375e+00   2.4258181e+00   3.2854806e+01
   1.1801330e+00   1.1850953e+00   3.3061681e+01
   1.5404580e+00   1.5476387e+00   3.1665274e+01
   1.0326227e+00   1.0380394e+00   3.2598075e+01
   1.2768598e+00   1.2823847e+00   3.2650522e+01
   7.9590350e-01   7.9967571e-01   3.4038513e+01
   1.1479159e+00   1.1589066e+00   2.9590393e+01
   1.1031906e+00   1.1077716e+00   3.3365393e+01
   1.6167796e+00   1.6240155e+00   3.1677047e+01
   1.1505765e+00   1.1559584e+00   3.2692414e+01
   1.2432634e+00   1.2498561e+00   3.1863932e+01
   1.8745035e+00   1.8808395e+00   3.2408306e+01
   2.0797148e+00   2.0859322e+00   3.2615966e+01
   2.1491011e+00   2.1547899e+00   3.3044813e+01
   1.3774875e+00   1.3827499e+00   3.2919846e+01
   2.1003157e+00   2.1070315e+00   3.2293886e+01
   1.2824788e+00   1.2874342e+00   3.3126059e+01
   2.0433465e+00   2.0482180e+00   3.3652865e+01
   8.3241248e-01   8.4608878e-01   2.8465233e+01
   2.0927338e+00   2.1001743e+00   3.1844244e+01
   1.3435343e+00   1.3529482e+00   3.0374684e+01
   2.1339409e+00   2.1427426e+00   3.1140276e+01
   2.1717906e+00   2.1788668e+00   3.2111251e+01
   1.5736120e+00   1.5807582e+00   3.1705728e+01
   1.4091462e+00   1.4170694e+00   3.1161270e+01
   1.4886907e+00   1.4971132e+00   3.0942240e+01
   1.4364765e+00   1.4447293e+00   3.1000183e+01
   1.5721954e+00   1.5789473e+00   3.1951330e+01
   9.9966814e-01   1.0127342e+00   2.8755991e+01
   1.5356512e+00   1.5507187e+00   2.8444392e+01
   1.4180217e+00   1.4256526e+00   3.1329664e+01
   1.5530037e+00   1.5625666e+00   3.0428645e+01
   1.3297349e+00   1.3492959e+00   2.7191301e+01
   2.0312068e+00   2.0367226e+00   3.3105942e+01
   1.3903485e+00   1.3935796e+00   3.5045442e+01
   2.1120613e+00   2.1158566e+00   3.4779339e+01
   9.1909257e-01   9.3053594e-01   2.9287027e+01
   2.0856943e+00   2.0906876e+00   3.3571700e+01
   1.4185853e+00   1.4239734e+00   3.2841261e+01
   2.1596550e+00   2.1648088e+00   3.3480174e+01
   1.3994641e+00   1.4104197e+00   2.9748525e+01
   1.4405132e+00   1.4496168e+00   3.0576473e+01
   8.3605687e-01   8.4632036e-01   2.9713803e+01
   1.2763914e+00   1.2892597e+00   2.8978810e+01
   1.3917116e+00   1.3982477e+00   3.1986814e+01
   1.4345641e+00   1.4434548e+00   3.0675772e+01
   1.2113871e+00   1.2178388e+00   3.1939674e+01
   1.6104193e+00   1.6203765e+00   3.0287138e+01
   1.1978583e+00   1.2020194e+00   3.3836482e+01
   1.1915053e+00   1.1989925e+00   3.1281943e+01
   1.2372601e+00   1.2434231e+00   3.2153220e+01
   8.3662963e-01   8.4558544e-01   3.0305955e+01
