   6.1162935e+00   6.2090225e+00   2.3800328e+01
   6.7247387e+00   6.8371826e+00   2.3466931e+01
   4.9705109e+00   5.1142734e+00   2.1009711e+01
   6.8941492e+00   7.2011859e+00   1.9309977e+01
   7.0690633e+00   7.5167050e+00   1.7867800e+01
   7.2402933e+00   7.3844667e+00   2.2829632e+01
   6.5862540e+00   6.9978974e+00   1.7813529e+01
   7.1254231e+00   7.2675453e+00   2.2794237e+01
   6.3861945e+00   6.4917318e+00   2.3461515e+01
   7.1539582e+00   7.2147612e+00   2.6478019e+01
   6.0146295e+00   6.0592164e+00   2.6884082e+01
   6.6163597e+00   6.6723266e+00   2.6389186e+01
   6.4808163e+00   6.5786417e+00   2.3866047e+01
   7.2701222e+00   7.3479475e+00   2.5509732e+01
   5.4280344e+00   5.4870377e+00   2.5207771e+01
   7.2303756e+00   7.3159637e+00   2.5065915e+01
   5.6930587e+00   6.0264552e+00   1.7974853e+01
   7.1083157e+00   7.2651279e+00   2.2357632e+01
   4.5560734e+00   4.6605334e+00   2.2073867e+01
   5.4167341e+00   5.6506501e+00   1.9266066e+01
   7.0563289e+00   7.1305047e+00   2.5537247e+01
   6.2801834e+00   6.3392961e+00   2.5877952e+01
   6.9438657e+00   7.0690438e+00   2.3187554e+01
   6.3002575e+00   6.3786233e+00   2.4675780e+01
   6.1319650e+00   6.1686073e+00   2.7828181e+01
   6.0828959e+00   6.1054634e+00   2.9889437e+01
   5.7964881e+00   5.9004992e+00   2.3048823e+01
   6.0555152e+00   6.1386814e+00   2.4221146e+01
   5.8834690e+00   6.0119468e+00   2.2207943e+01
   5.8628643e+00   5.9500223e+00   2.3864449e+01
   5.0157321e+00   5.0884937e+00   2.3983099e+01
   5.8053784e+00   5.8804071e+00   2.4465912e+01
   5.6436920e+00   5.7208207e+00   2.4218617e+01
   5.9076857e+00   5.9818541e+00   2.4597247e+01
   7.6505883e+00   7.7392814e+00   2.5269329e+01
   5.0882457e+00   5.1491272e+00   2.4809591e+01
   7.2872915e+00   7.4294377e+00   2.2930206e+01
   5.1982658e+00   5.2605890e+00   2.4792854e+01
   6.4798734e+00   6.5416112e+00   2.5852817e+01
   4.9499488e+00   4.9956603e+00   2.5944727e+01
   5.7473357e+00   5.8323288e+00   2.3881179e+01
   4.7158073e+00   4.7788034e+00   2.4379466e+01
   5.9871080e+00   6.0602425e+00   2.4721444e+01
   4.5510421e+00   4.5928135e+00   2.6035643e+01
   5.3178164e+00   5.3931148e+00   2.4067458e+01
   4.7484512e+00   4.7940717e+00   2.5801166e+01
   5.8968844e+00   5.9578111e+00   2.5438810e+01
   4.7949013e+00   4.8301284e+00   2.6956308e+01
   7.0346233e+00   7.1098869e+00   2.5456205e+01
   7.3422233e+00   7.4215608e+00   2.5487637e+01
   6.6675247e+00   6.6992609e+00   2.8887263e+01
   7.6461522e+00   7.6799091e+00   2.9441356e+01
   6.3397140e+00   6.3855767e+00   2.7024389e+01
   7.4953573e+00   7.5605300e+00   2.6466820e+01
   6.5449553e+00   6.5973472e+00   2.6616043e+01
   7.4056355e+00   7.4561854e+00   2.7488987e+01
   5.3709070e+00   5.4374244e+00   2.4644784e+01
   7.3135562e+00   7.3617129e+00   2.7620870e+01
   6.1748447e+00   6.2356703e+00   2.5669132e+01
   7.4892598e+00   7.5513276e+00   2.6672543e+01
   6.5455012e+00   6.6216949e+00   2.4997547e+01
   7.1807626e+00   7.2561537e+00   2.5571569e+01
   6.1162324e+00   6.1864482e+00   2.5001220e+01
   6.9256825e+00   7.0151835e+00   2.4617499e+01
   6.3633786e+00   6.4503607e+00   2.4276825e+01
   6.8650147e+00   6.9313061e+00   2.5862989e+01
   5.4069957e+00   5.4798841e+00   2.4277413e+01
   6.9150443e+00   7.0557535e+00   2.2660702e+01
   5.9707102e+00   6.0644784e+00   2.3635154e+01
   6.8848394e+00   6.9725617e+00   2.4670040e+01
   5.8459533e+00   5.9291744e+00   2.4050543e+01
   6.2069714e+00   6.2553557e+00   2.6685092e+01
   6.3451149e+00   6.3917897e+00   2.6952804e+01
   6.3324644e+00   6.3841794e+00   2.6498759e+01
   5.3652997e+00   5.4222673e+00   2.5310864e+01
   6.2614052e+00   6.3150400e+00   2.6283360e+01
   5.9293269e+00   5.9700584e+00   2.7207469e+01
   6.3318844e+00   6.3786545e+00   2.6933222e+01
   6.1454726e+00   6.2228325e+00   2.4606178e+01
   5.8663850e+00   5.9347623e+00   2.4915650e+01
   5.0756273e+00   5.1297579e+00   2.5308567e+01
   5.6211150e+00   5.6909978e+00   2.4627203e+01
   5.7430731e+00   5.8015262e+00   2.5495842e+01
   5.8760920e+00   5.9329530e+00   2.5720957e+01
   5.3673144e+00   5.4095136e+00   2.6611586e+01
   6.2408519e+00   6.3121619e+00   2.5035130e+01
   5.4365955e+00   5.4641140e+00   2.8518182e+01
   5.8221567e+00   5.8665491e+00   2.6749442e+01
   5.4711555e+00   5.5209884e+00   2.5972452e+01
   5.0190116e+00   5.0747023e+00   2.5142327e+01
