   8.3966172e+00   8.4917134e+00   2.5615139e+01
   8.7001416e+00   8.8549415e+00   2.3788881e+01
   7.0174556e+00   7.1101908e+00   2.4541102e+01
   9.0227734e+00   9.2186103e+00   2.3070288e+01
   8.9672011e+00   9.6480590e+00   1.7797588e+01
   9.4466138e+00   9.5960754e+00   2.4605916e+01
   8.5701609e+00   9.2195402e+00   1.7634629e+01
   9.2168124e+00   9.3921652e+00   2.3715746e+01
   8.3385376e+00   8.5048444e+00   2.3163393e+01
   9.0135116e+00   9.0966594e+00   2.6738623e+01
   8.0142317e+00   8.0693848e+00   2.7633419e+01
   8.3460644e+00   8.4214643e+00   2.6571463e+01
   8.7210882e+00   8.8431869e+00   2.4825516e+01
   9.1882463e+00   9.2987477e+00   2.5670112e+01
   7.4102062e+00   7.4669812e+00   2.6990649e+01
   9.2085613e+00   9.3357839e+00   2.5082906e+01
   7.5663305e+00   8.0693443e+00   1.7806953e+01
   8.9573526e+00   9.1415680e+00   2.3273084e+01
   6.3102905e+00   6.3832639e+00   2.4991871e+01
   7.5577255e+00   7.6172019e+00   2.6915151e+01
   8.8954008e+00   8.9872835e+00   2.6203160e+01
   8.5310973e+00   8.5915115e+00   2.7690322e+01
   9.0290672e+00   9.2198702e+00   2.3187039e+01
   8.5475329e+00   8.6605392e+00   2.5005002e+01
   7.9926815e+00   8.0497691e+00   2.7465761e+01
   8.1410629e+00   8.1776223e+00   2.9522232e+01
   7.7902764e+00   7.9446476e+00   2.3005948e+01
   8.1052657e+00   8.2127657e+00   2.4833082e+01
   7.9042907e+00   8.0811541e+00   2.2521793e+01
   7.9049608e+00   8.0122827e+00   2.4666714e+01
   6.9328504e+00   7.0176211e+00   2.4857727e+01
   7.9610180e+00   8.0140852e+00   2.7754102e+01
   7.5742652e+00   7.6842898e+00   2.4275594e+01
   7.8957934e+00   7.9821290e+00   2.5596205e+01
   9.3129608e+00   9.4337305e+00   2.5400034e+01
   6.9504699e+00   7.0354634e+00   2.4861106e+01
   9.1630437e+00   9.3907299e+00   2.2553850e+01
   7.0617107e+00   7.1587430e+00   2.4382908e+01
   8.1425549e+00   8.2348822e+00   2.5520705e+01
   6.6911642e+00   6.7592904e+00   2.5600957e+01
   7.4604692e+00   7.6041985e+00   2.3029769e+01
   6.4300495e+00   6.5305998e+00   2.3706015e+01
   7.7832848e+00   7.9020773e+00   2.4124946e+01
   6.3074360e+00   6.3729756e+00   2.5453842e+01
   7.0910875e+00   7.1750775e+00   2.5030040e+01
   6.5299535e+00   6.5952831e+00   2.5649406e+01
   7.6571767e+00   7.7614690e+00   2.4576880e+01
   6.5213114e+00   6.5703750e+00   2.6880645e+01
   9.2428059e+00   9.3680281e+00   2.5181629e+01
   9.3392566e+00   9.4450558e+00   2.5992478e+01
   8.7318794e+00   8.7781819e+00   2.9017150e+01
   9.4768489e+00   9.5273465e+00   2.9306294e+01
   8.4829480e+00   8.5519200e+00   2.7075930e+01
   9.2814688e+00   9.3691877e+00   2.6747379e+01
   8.7873211e+00   8.8679573e+00   2.6670056e+01
   9.2090340e+00   9.2761102e+00   2.7839639e+01
   7.3121986e+00   7.3898033e+00   2.5557544e+01
   9.1468835e+00   9.2157524e+00   2.7670255e+01
   8.3068331e+00   8.3813401e+00   2.6588592e+01
   9.3315003e+00   9.4011957e+00   2.7784010e+01
   8.5177680e+00   8.6346985e+00   2.4832040e+01
   9.2011471e+00   9.3058289e+00   2.5914337e+01
   8.1958916e+00   8.2875235e+00   2.5599697e+01
   8.8823520e+00   8.9962254e+00   2.5268174e+01
   8.6157941e+00   8.7400845e+00   2.4656073e+01
   8.9149885e+00   8.9921560e+00   2.6972862e+01
   7.3622937e+00   7.4320232e+00   2.6061941e+01
   9.0235737e+00   9.2045779e+00   2.3407285e+01
   7.9941723e+00   8.1256300e+00   2.3871663e+01
   8.8444248e+00   8.9426558e+00   2.5870225e+01
   7.7274664e+00   7.8588229e+00   2.3644815e+01
   7.9905144e+00   8.0692504e+00   2.6075444e+01
   8.3637955e+00   8.4417887e+00   2.6441079e+01
   8.2092803e+00   8.2983685e+00   2.5732681e+01
   7.2208446e+00   7.2809792e+00   2.6582081e+01
   8.1163510e+00   8.2137288e+00   2.5268488e+01
   7.8125091e+00   7.8699184e+00   2.7286151e+01
   8.1399152e+00   8.2056147e+00   2.6986307e+01
   8.0948311e+00   8.1860192e+00   2.5532742e+01
   7.7895001e+00   7.8825915e+00   2.5179883e+01
   6.8549612e+00   6.9114644e+00   2.6545243e+01
   7.5380988e+00   7.6260304e+00   2.5210405e+01
   7.5544766e+00   7.6264107e+00   2.6090855e+01
   7.7424408e+00   7.8065045e+00   2.6752061e+01
   7.2406318e+00   7.2957580e+00   2.6974705e+01
   8.3795854e+00   8.4817420e+00   2.5291831e+01
   7.3000533e+00   7.3406937e+00   2.8343876e+01
   7.7566693e+00   7.8096468e+00   2.7585519e+01
   7.2877468e+00   7.3620509e+00   2.5724487e+01
   6.7649279e+00   6.8307748e+00   2.5809010e+01
