   6.4023746e+00   6.5046738e+00   2.3609051e+01
   6.9822052e+00   7.1032098e+00   2.3365491e+01
   5.1982880e+00   5.3510960e+00   2.0922363e+01
   7.1148172e+00   7.4366625e+00   1.9296557e+01
   7.3185436e+00   7.8000289e+00   1.7775903e+01
   7.5183648e+00   7.6747965e+00   2.2715815e+01
   6.8537519e+00   7.2945757e+00   1.7749956e+01
   7.3973944e+00   7.5464843e+00   2.2818921e+01
   6.6423706e+00   6.7547666e+00   2.3400643e+01
   7.4129673e+00   7.4776139e+00   2.6431840e+01
   6.2789270e+00   6.3254088e+00   2.6916989e+01
   6.8511002e+00   6.9090265e+00   2.6434476e+01
   6.7640801e+00   6.8734782e+00   2.3617809e+01
   7.5237966e+00   7.6094796e+00   2.5309931e+01
   5.6857840e+00   5.7471366e+00   2.5241127e+01
   7.4927785e+00   7.5869275e+00   2.4877260e+01
   5.9356345e+00   6.2922181e+00   1.7885055e+01
   7.3420445e+00   7.5113553e+00   2.2226525e+01
   4.7450912e+00   4.8629285e+00   2.1695532e+01
   5.6294936e+00   5.8703712e+00   1.9308819e+01
   7.2980040e+00   7.3759959e+00   2.5524060e+01
   6.5725944e+00   6.6368332e+00   2.5757199e+01
   7.2160997e+00   7.3520365e+00   2.3061846e+01
   6.5872702e+00   6.6737859e+00   2.4483441e+01
   6.3689553e+00   6.4076225e+00   2.7787105e+01
   6.3568132e+00   6.3812616e+00   2.9763695e+01
   6.0451299e+00   6.1581885e+00   2.2888273e+01
   6.3181977e+00   6.4102083e+00   2.3997513e+01
   6.1407223e+00   6.2796945e+00   2.2077087e+01
   6.1233043e+00   6.2176731e+00   2.3730357e+01
   5.2496480e+00   5.3344753e+00   2.3499750e+01
   6.0614581e+00   6.1494945e+00   2.3980248e+01
   5.8880853e+00   5.9719082e+00   2.4053029e+01
   6.1535757e+00   6.2395242e+00   2.4158125e+01
   7.8794650e+00   7.9724168e+00   2.5263826e+01
   5.3294421e+00   5.3944268e+00   2.4713395e+01
   7.5422885e+00   7.6950827e+00   2.2837157e+01
   5.4385271e+00   5.5055378e+00   2.4665505e+01
   6.6956895e+00   6.7612741e+00   2.5768994e+01
   5.1765562e+00   5.2253808e+00   2.5832629e+01
   5.9668877e+00   6.0585945e+00   2.3728013e+01
   4.9342307e+00   5.0020739e+00   2.4223700e+01
   6.2295576e+00   6.3081983e+00   2.4603276e+01
   4.7766654e+00   4.8214209e+00   2.5905285e+01
   5.5383963e+00   5.6218050e+00   2.3797610e+01
   4.9620231e+00   5.0163884e+00   2.5203186e+01
   6.1288548e+00   6.1949692e+00   2.5271532e+01
   5.0170598e+00   5.0543061e+00   2.6883002e+01
   7.3342949e+00   7.4158510e+00   2.5361915e+01
   7.6120971e+00   7.6959254e+00   2.5479676e+01
   6.9348907e+00   6.9682259e+00   2.8895758e+01
   7.9003807e+00   7.9369395e+00   2.9314182e+01
   6.6206938e+00   6.6691553e+00   2.7015680e+01
   7.7394099e+00   7.8070288e+00   2.6516167e+01
   6.8442692e+00   6.9005338e+00   2.6554668e+01
   7.6504439e+00   7.7040958e+00   2.7439849e+01
   5.6216215e+00   5.6948332e+00   2.4426452e+01
   7.5568109e+00   7.6111173e+00   2.7307490e+01
   6.4546409e+00   6.5184260e+00   2.5691144e+01
   7.7366180e+00   7.8016195e+00   2.6684289e+01
   6.8005837e+00   6.8819967e+00   2.4922082e+01
   7.4554615e+00   7.5355972e+00   2.5540513e+01
   6.3775138e+00   6.4545498e+00   2.4812587e+01
   7.1827608e+00   7.2790277e+00   2.4518787e+01
   6.6451888e+00   6.7414280e+00   2.4071730e+01
   7.1299262e+00   7.2006987e+00   2.5801807e+01
   5.6525302e+00   5.7312113e+00   2.4139497e+01
   7.1729502e+00   7.3300629e+00   2.2403905e+01
   6.2294891e+00   6.3321833e+00   2.3451666e+01
   7.1391423e+00   7.2350221e+00   2.4499441e+01
   6.0933362e+00   6.1821459e+00   2.3968173e+01
   6.4420651e+00   6.4940331e+00   2.6566954e+01
   6.6143875e+00   6.6649948e+00   2.6823016e+01
   6.5748517e+00   6.6315320e+00   2.6300279e+01
   5.6143747e+00   5.6750035e+00   2.5236161e+01
   6.5040881e+00   6.5635939e+00   2.6031855e+01
   6.1800374e+00   6.2232915e+00   2.7148532e+01
   6.5681823e+00   6.6181352e+00   2.6841357e+01
   6.3965137e+00   6.4776641e+00   2.4603418e+01
   6.1117998e+00   6.1850632e+00   2.4814057e+01
   5.3028711e+00   5.3618985e+00   2.5108733e+01
   5.8624002e+00   5.9385053e+00   2.4449749e+01
   5.9749322e+00   6.0374952e+00   2.5386570e+01
   6.1096656e+00   6.1737174e+00   2.5393087e+01
   5.5987449e+00   5.6488934e+00   2.6045088e+01
   6.4992932e+00   6.5823918e+00   2.4585087e+01
   5.6779028e+00   5.7078931e+00   2.8334395e+01
   6.0701609e+00   6.1194483e+00   2.6494771e+01
   5.7046400e+00   5.7604859e+00   2.5662846e+01
   5.2388042e+00   5.3012133e+00   2.4818164e+01
