   4.4081772e+00   4.4703001e+00   2.4211116e+01
   5.2030429e+00   5.2764234e+00   2.4090205e+01
   3.5578401e+00   3.6627541e+00   2.1333828e+01
   5.4181603e+00   5.6374076e+00   1.9544314e+01
   5.4842935e+00   5.7823986e+00   1.8284439e+01
   5.5366348e+00   5.6500947e+00   2.2468435e+01
   4.9326363e+00   5.2119150e+00   1.8132326e+01
   5.5067588e+00   5.6291140e+00   2.2119682e+01
   4.9064973e+00   4.9782008e+00   2.3963296e+01
   5.5957649e+00   5.6417066e+00   2.6422060e+01
   4.4768343e+00   4.5028002e+00   2.8041680e+01
   5.2119575e+00   5.2504314e+00   2.6891812e+01
   4.7966325e+00   4.8585611e+00   2.4514203e+01
   5.7164281e+00   5.7648977e+00   2.6285245e+01
   3.9329209e+00   3.9741080e+00   2.5646524e+01
   5.6485430e+00   5.6983420e+00   2.6114544e+01
   4.2502913e+00   4.4766572e+00   1.8517635e+01
   5.6499910e+00   5.7676078e+00   2.2402710e+01
   3.3567464e+00   3.4318665e+00   2.2639421e+01
   4.0674865e+00   4.2330612e+00   1.9728218e+01
   5.6004625e+00   5.6516404e+00   2.5958481e+01
   4.5352907e+00   4.5763042e+00   2.6103298e+01
   5.3263865e+00   5.3996160e+00   2.4194537e+01
   4.6123786e+00   4.6599706e+00   2.5516123e+01
   4.7800994e+00   4.8059620e+00   2.8284873e+01
   4.4671261e+00   4.4831349e+00   3.0132611e+01
   4.3710144e+00   4.4328666e+00   2.4202668e+01
   4.4881698e+00   4.5398503e+00   2.5066953e+01
   4.3804865e+00   4.4668444e+00   2.2765921e+01
   4.3091842e+00   4.3735826e+00   2.3982696e+01
   3.6025467e+00   3.6577637e+00   2.4142872e+01
   4.2084347e+00   4.2653273e+00   2.4445626e+01
   4.2405098e+00   4.2859449e+00   2.5443017e+01
   4.3865163e+00   4.4339565e+00   2.5362781e+01
   6.1941450e+00   6.2571512e+00   2.5532429e+01
   3.6791647e+00   3.7200549e+00   2.5498215e+01
   5.6861033e+00   5.7711237e+00   2.3831314e+01
   3.8035733e+00   3.8421635e+00   2.5836866e+01
   5.1938645e+00   5.2337926e+00   2.6717143e+01
   3.6528132e+00   3.6840955e+00   2.6641024e+01
   4.4395904e+00   4.4900266e+00   2.5136611e+01
   3.4551250e+00   3.4938319e+00   2.5580074e+01
   4.5349942e+00   4.5788343e+00   2.5814313e+01
   3.2549732e+00   3.2815081e+00   2.7080274e+01
   3.9818209e+00   4.0335407e+00   2.4694814e+01
   3.4729107e+00   3.5035121e+00   2.6611283e+01
   4.5336229e+00   4.5696067e+00   2.6669046e+01
   3.5229670e+00   3.5474410e+00   2.7615136e+01
   5.2289354e+00   5.2752175e+00   2.6104530e+01
   5.7017416e+00   5.7556649e+00   2.5812146e+01
   5.1178973e+00   5.1410500e+00   2.9021141e+01
   6.0903384e+00   6.1152385e+00   2.9468951e+01
   4.7328257e+00   4.7627724e+00   2.7613639e+01
   6.0009371e+00   6.0469705e+00   2.6734885e+01
   4.8088745e+00   4.8410712e+00   2.7356727e+01
   5.8974750e+00   5.9315545e+00   2.7954475e+01
   3.8892385e+00   3.9326117e+00   2.5391230e+01
   5.8298549e+00   5.8620440e+00   2.8147973e+01
   4.5825625e+00   4.6160388e+00   2.7018458e+01
   5.9885554e+00   6.0262640e+00   2.7588794e+01
   5.0771447e+00   5.1250171e+00   2.5841649e+01
   5.5147635e+00   5.5654382e+00   2.5934033e+01
   4.5815426e+00   4.6269573e+00   2.5696007e+01
   5.3395799e+00   5.3986759e+00   2.5132167e+01
   4.7174798e+00   4.7730839e+00   2.4920944e+01
   5.2864905e+00   5.3336521e+00   2.6067466e+01
   3.9530326e+00   4.0088700e+00   2.4342393e+01
   5.2856269e+00   5.3780449e+00   2.3157472e+01
   4.4767419e+00   4.5360619e+00   2.4461577e+01
   5.3332376e+00   5.3913368e+00   2.5200857e+01
   4.4079846e+00   4.4642631e+00   2.4638695e+01
   4.8540584e+00   4.8848264e+00   2.7587538e+01
   4.7638400e+00   4.7913795e+00   2.8000232e+01
   4.9350031e+00   4.9648258e+00   2.7784065e+01
   3.9478689e+00   3.9782945e+00   2.6970120e+01
   4.8769391e+00   4.9045614e+00   2.8072416e+01
   4.4816168e+00   4.5072247e+00   2.8105418e+01
   4.9610592e+00   4.9913777e+00   2.7732357e+01
   4.6527653e+00   4.7047540e+00   2.5163585e+01
   4.4406467e+00   4.4863524e+00   2.5563990e+01
   3.7179564e+00   3.7595457e+00   2.5451995e+01
   4.2157088e+00   4.2645151e+00   2.5114884e+01
   4.3740268e+00   4.4120865e+00   2.6308223e+01
   4.4732229e+00   4.5089909e+00   2.6650433e+01
   3.9698397e+00   4.0016519e+00   2.6792572e+01
   4.6851411e+00   4.7323462e+00   2.5605814e+01
   4.0481390e+00   4.0679999e+00   2.8892064e+01
   4.3328459e+00   4.3655217e+00   2.6939172e+01
   4.1114068e+00   4.1391553e+00   2.7486960e+01
   3.6949548e+00   3.7275787e+00   2.6488466e+01
