   5.1367232e+00   5.2122957e+00   2.3911901e+01
   5.8579672e+00   5.9462142e+00   2.3806940e+01
   4.1633451e+00   4.2865368e+00   2.1072544e+01
   6.0626061e+00   6.3314061e+00   1.9188557e+01
   6.1887372e+00   6.5407568e+00   1.8145666e+01
   6.2757115e+00   6.3962913e+00   2.2797478e+01
   5.6526883e+00   5.9831774e+00   1.7979767e+01
   6.1996697e+00   6.3290639e+00   2.2432035e+01
   5.5377896e+00   5.6225574e+00   2.3727316e+01
   6.2682572e+00   6.3200426e+00   2.6440732e+01
   5.1365389e+00   5.1686968e+00   2.7610960e+01
   5.8219942e+00   5.8673535e+00   2.6656020e+01
   5.5140604e+00   5.5877767e+00   2.4312259e+01
   6.3950110e+00   6.4531317e+00   2.6044546e+01
   4.5750749e+00   4.6211672e+00   2.5627042e+01
   6.3366621e+00   6.3990076e+00   2.5693603e+01
   4.8741080e+00   5.1383676e+00   1.8323571e+01
   6.2925959e+00   6.4213479e+00   2.2528973e+01
   3.8566498e+00   3.9475470e+00   2.2164763e+01
   4.6386002e+00   4.8413240e+00   1.9280330e+01
   6.2390087e+00   6.2982924e+00   2.5832069e+01
   5.2900229e+00   5.3357581e+00   2.6203184e+01
   6.0249150e+00   6.1190671e+00   2.3661032e+01
   5.3316980e+00   5.3921173e+00   2.5030245e+01
   5.3532530e+00   5.3834043e+00   2.8057345e+01
   5.1571204e+00   5.1756451e+00   3.0018465e+01
   4.9800856e+00   5.0564066e+00   2.3749417e+01
   5.1622530e+00   5.2275621e+00   2.4562686e+01
   5.0179881e+00   5.1211518e+00   2.2476550e+01
   4.9760738e+00   5.0487865e+00   2.3955758e+01
   4.1952083e+00   4.2610448e+00   2.3803916e+01
   4.8732948e+00   4.9460196e+00   2.3876965e+01
   4.8352279e+00   4.8924395e+00   2.4886195e+01
   5.0407726e+00   5.0994938e+00   2.4929610e+01
   6.8429234e+00   6.9167183e+00   2.5381406e+01
   4.2788017e+00   4.3281028e+00   2.5117180e+01
   6.3876876e+00   6.4953371e+00   2.3377338e+01
   4.3967821e+00   4.4447342e+00   2.5323840e+01
   5.7487386e+00   5.7975031e+00   2.6284547e+01
   4.1990743e+00   4.2363072e+00   2.6275670e+01
   5.0034775e+00   5.0674235e+00   2.4532331e+01
   3.9896172e+00   4.0379084e+00   2.4997546e+01
   5.1613734e+00   5.2168728e+00   2.5266239e+01
   3.8038327e+00   3.8363369e+00   2.6581173e+01
   4.5599769e+00   4.6175327e+00   2.4653996e+01
   4.0034392e+00   4.0424384e+00   2.5933574e+01
   5.1174443e+00   5.1628353e+00   2.6103006e+01
   4.0621006e+00   4.0909549e+00   2.7281967e+01
   6.0050009e+00   6.0627700e+00   2.5755436e+01
   6.4116443e+00   6.4771089e+00   2.5543669e+01
   5.7778520e+00   5.8038538e+00   2.9031986e+01
   6.7681367e+00   6.7959649e+00   2.9539749e+01
   5.4234207e+00   5.4598731e+00   2.7289408e+01
   6.6580674e+00   6.7122806e+00   2.6561229e+01
   5.5457613e+00   5.5853832e+00   2.7023761e+01
   6.5608975e+00   6.6013853e+00   2.7744720e+01
   4.5238264e+00   4.5736658e+00   2.5250457e+01
   6.4771824e+00   6.5126332e+00   2.8251521e+01
   5.2641400e+00   5.3043296e+00   2.6743047e+01
   6.6542609e+00   6.6977081e+00   2.7516055e+01
   5.6999717e+00   5.7593133e+00   2.5396489e+01
   6.2342423e+00   6.2955888e+00   2.5680300e+01
   5.2379350e+00   5.2919632e+00   2.5441500e+01
   6.0308634e+00   6.1021523e+00   2.4866997e+01
   5.4170511e+00   5.4833165e+00   2.4697121e+01
   5.9694982e+00   6.0242294e+00   2.5960710e+01
   4.5778670e+00   4.6401355e+00   2.4326652e+01
   5.9860154e+00   6.1005210e+00   2.2785951e+01
   5.1105051e+00   5.1821710e+00   2.4121244e+01
   6.0115904e+00   6.0797396e+00   2.5046193e+01
   5.0189782e+00   5.0854756e+00   2.4374913e+01
   5.4272411e+00   5.4649061e+00   2.7150589e+01
   5.4394881e+00   5.4742684e+00   2.7505389e+01
   5.5278362e+00   5.5653264e+00   2.7249284e+01
   4.5535715e+00   4.5947084e+00   2.6103847e+01
   5.4631710e+00   5.4994186e+00   2.7344800e+01
   5.0958895e+00   5.1263254e+00   2.7818375e+01
   5.5447605e+00   5.5806408e+00   2.7452692e+01
   5.2970500e+00   5.3590210e+00   2.4893682e+01
   5.0476316e+00   5.1016856e+00   2.5293291e+01
   4.3031855e+00   4.3488898e+00   2.5463172e+01
   4.8154547e+00   4.8716294e+00   2.4950448e+01
   4.9621104e+00   5.0081020e+00   2.5927506e+01
   5.0735073e+00   5.1181867e+00   2.6137803e+01
   4.5624442e+00   4.5990318e+00   2.6618305e+01
   5.3370723e+00   5.3977588e+00   2.5015324e+01
   4.6336437e+00   4.6556277e+00   2.8879996e+01
   4.9739398e+00   5.0094653e+00   2.7055166e+01
   4.6877646e+00   4.7248228e+00   2.6656304e+01
   4.2649500e+00   4.3077839e+00   2.5716277e+01
