   7.5838978e+00   7.7132159e+00   2.3588936e+01
   8.0201507e+00   8.1770202e+00   2.3135931e+01
   6.1788899e+00   6.3739058e+00   2.0653876e+01
   8.0245303e+00   8.4464972e+00   1.8939345e+01
   8.3335944e+00   8.9444889e+00   1.7674854e+01
   8.6787252e+00   8.8570654e+00   2.3164127e+01
   7.9383154e+00   8.4994761e+00   1.7676733e+01
   8.5253345e+00   8.6883385e+00   2.3413391e+01
   7.6947614e+00   7.8389893e+00   2.3215331e+01
   8.4145575e+00   8.4925346e+00   2.6486404e+01
   7.3445930e+00   7.4081623e+00   2.6446515e+01
   7.7791428e+00   7.8513922e+00   2.6264274e+01
   7.9460331e+00   8.0794238e+00   2.3767287e+01
   8.5476308e+00   8.6545510e+00   2.5243214e+01
   6.7090365e+00   6.7865302e+00   2.5059247e+01
   8.5345625e+00   8.6685679e+00   2.4261323e+01
   6.9396727e+00   7.3855615e+00   1.7774579e+01
   8.3364449e+00   8.5207157e+00   2.2722794e+01
   5.6576726e+00   5.7849240e+00   2.2069631e+01
   6.5511464e+00   6.8285055e+00   1.9455605e+01
   8.2731350e+00   8.3679291e+00   2.5520865e+01
   7.7548589e+00   7.8409580e+00   2.5486720e+01
   8.3342469e+00   8.5079126e+00   2.2974337e+01
   7.7900862e+00   7.8964204e+00   2.4607495e+01
   7.3622309e+00   7.4110911e+00   2.7599290e+01
   7.4619679e+00   7.4941303e+00   2.9494102e+01
   7.0792882e+00   7.2327422e+00   2.2426088e+01
   7.3901108e+00   7.5109511e+00   2.3715282e+01
   7.2080091e+00   7.3863507e+00   2.1890361e+01
   7.1998718e+00   7.3173870e+00   2.3674287e+01
   6.2562859e+00   6.3561753e+00   2.3592811e+01
   7.1776565e+00   7.2828115e+00   2.4133985e+01
   6.9027199e+00   7.0089320e+00   2.3860435e+01
   7.2061669e+00   7.3090731e+00   2.4251134e+01
   8.7637597e+00   8.8799120e+00   2.5077836e+01
   6.3183393e+00   6.4006736e+00   2.4477178e+01
   8.5495222e+00   8.7457881e+00   2.2640825e+01
   6.4341522e+00   6.5196373e+00   2.4409542e+01
   7.5836390e+00   7.6646612e+00   2.5602244e+01
   6.1084741e+00   6.1703248e+00   2.5543326e+01
   6.8784533e+00   6.9991308e+00   2.3290477e+01
   5.8500359e+00   5.9380302e+00   2.3813000e+01
   7.2015561e+00   7.3043142e+00   2.4253451e+01
   5.7174436e+00   5.7745761e+00   2.5574425e+01
   6.4417506e+00   6.5538248e+00   2.3248019e+01
   5.9177366e+00   5.9822694e+00   2.5206793e+01
   7.0691496e+00   7.1568833e+00   2.4823517e+01
   5.9410049e+00   5.9857065e+00   2.6814049e+01
   8.5268329e+00   8.6354866e+00   2.5155724e+01
   8.6916934e+00   8.7915274e+00   2.5665354e+01
   8.0401901e+00   8.0817072e+00   2.8884339e+01
   8.8825790e+00   8.9297317e+00   2.9071796e+01
   7.7602210e+00   7.8252317e+00   2.6703934e+01
   8.6954718e+00   8.7773747e+00   2.6521647e+01
   8.0370937e+00   8.1157405e+00   2.6120662e+01
   8.6165618e+00   8.6810853e+00   2.7481262e+01
   6.6316989e+00   6.7263650e+00   2.4131666e+01
   8.5389845e+00   8.6098167e+00   2.7010267e+01
   7.5773137e+00   7.6583471e+00   2.5596250e+01
   8.7152963e+00   8.7941782e+00   2.6701219e+01
   7.8566433e+00   7.9599780e+00   2.4788005e+01
   8.5407433e+00   8.6383815e+00   2.5628049e+01
   7.4756761e+00   7.5759549e+00   2.4590906e+01
   8.2262824e+00   8.3460180e+00   2.4474803e+01
   7.8263521e+00   7.9516669e+00   2.3932244e+01
   8.2134725e+00   8.2978260e+00   2.5971759e+01
   6.6672431e+00   6.7642115e+00   2.4057397e+01
   8.2729421e+00   8.4756901e+00   2.2259037e+01
   7.3001297e+00   7.4268056e+00   2.3436165e+01
   8.1818901e+00   8.2946725e+00   2.4693357e+01
   7.1022281e+00   7.2164981e+00   2.3712582e+01
   7.3952432e+00   7.4633359e+00   2.6192454e+01
   7.7025988e+00   7.7707129e+00   2.6453097e+01
   7.5755417e+00   7.6519472e+00   2.5848502e+01
   6.5795563e+00   6.6595394e+00   2.4815959e+01
   7.4938890e+00   7.5812671e+00   2.5199971e+01
   7.1902493e+00   7.2434897e+00   2.7082800e+01
   7.5383502e+00   7.5990042e+00   2.6813906e+01
   7.4212686e+00   7.5197369e+00   2.4623133e+01
   7.1266378e+00   7.2210940e+00   2.4553414e+01
   6.2271344e+00   6.3020068e+00   2.4813398e+01
   6.8538029e+00   6.9634373e+00   2.3683079e+01
   6.9391348e+00   7.0121757e+00   2.5505858e+01
   7.1020709e+00   7.1771901e+00   2.5521027e+01
   6.5834288e+00   6.6479097e+00   2.5749840e+01
   7.6168993e+00   7.7303704e+00   2.4179311e+01
   6.6698160e+00   6.7086219e+00   2.8018010e+01
   7.0932986e+00   7.1587345e+00   2.6109749e+01
   6.6700154e+00   6.7435261e+00   2.5254883e+01
   6.1643232e+00   6.2411059e+00   2.4653750e+01
