   8.4999111e+00   8.6626681e+00   2.3397498e+01
   8.8000110e+00   8.9884179e+00   2.3037015e+01
   7.0217061e+00   7.2093789e+00   2.1514997e+01
   8.7674376e+00   9.1697996e+00   1.9795048e+01
   8.9644323e+00   9.6722695e+00   1.7636818e+01
   9.4451692e+00   9.6285015e+00   2.3731011e+01
   8.7078974e+00   9.3864753e+00   1.7578040e+01
   9.3515714e+00   9.5346143e+00   2.3653442e+01
   8.2350589e+00   8.3992226e+00   2.3128377e+01
   8.9640265e+00   9.0487564e+00   2.6613345e+01
   8.1534263e+00   8.2204538e+00   2.6911622e+01
   8.4313145e+00   8.5124863e+00   2.6327903e+01
   8.8470734e+00   9.0042980e+00   2.3852577e+01
   9.2789947e+00   9.4046226e+00   2.5200194e+01
   7.4780228e+00   7.5697943e+00   2.4974943e+01
   9.2578599e+00   9.4218360e+00   2.4039413e+01
   7.5692145e+00   8.0943704e+00   1.7630238e+01
   8.9171471e+00   9.1194213e+00   2.2838108e+01
   6.3841517e+00   6.5302834e+00   2.2059248e+01
   7.2699846e+00   7.5781271e+00   1.9612585e+01
   8.9696562e+00   9.0782322e+00   2.5550626e+01
   8.6588214e+00   8.7537606e+00   2.5852800e+01
   9.2163934e+00   9.4271685e+00   2.2930245e+01
   8.7580958e+00   8.8919574e+00   2.4463322e+01
   7.9580884e+00   8.0159714e+00   2.7376074e+01
   8.3109411e+00   8.3519123e+00   2.9176891e+01
   7.9417207e+00   8.1352643e+00   2.2168849e+01
   8.2538469e+00   8.3984195e+00   2.3689442e+01
   8.0435232e+00   8.2547089e+00   2.1884831e+01
   8.0636262e+00   8.1961563e+00   2.3897023e+01
   7.0553926e+00   7.1772272e+00   2.3397419e+01
   8.0690120e+00   8.1913398e+00   2.4245860e+01
   7.6508042e+00   7.7804515e+00   2.3635297e+01
   7.9885072e+00   8.1134363e+00   2.4085604e+01
   9.3165738e+00   9.4367915e+00   2.5422959e+01
   7.0592423e+00   7.1480640e+00   2.4762045e+01
   9.3007927e+00   9.5369181e+00   2.2522862e+01
   7.2261454e+00   7.3272004e+00   2.4346193e+01
   8.0232030e+00   8.1125493e+00   2.5558572e+01
   6.7377657e+00   6.8065073e+00   2.5600621e+01
   7.5894635e+00   7.7402673e+00   2.2933751e+01
   6.5696594e+00   6.6751805e+00   2.3612604e+01
   7.8931484e+00   8.0160589e+00   2.4073138e+01
   6.4473265e+00   6.5161446e+00   2.5356922e+01
   7.1482508e+00   7.2713188e+00   2.3432157e+01
   6.6628985e+00   6.7368543e+00   2.5222936e+01
   7.6872138e+00   7.7958403e+00   2.4427324e+01
   6.6026815e+00   6.6536093e+00   2.6786072e+01
   9.4108203e+00   9.5423862e+00   2.5120427e+01
   9.4511111e+00   9.5573827e+00   2.6073892e+01
   8.6065180e+00   8.6524076e+00   2.8945392e+01
   9.3386325e+00   9.3897002e+00   2.9133614e+01
   8.6303282e+00   8.7031596e+00   2.6970536e+01
   9.3646894e+00   9.4544926e+00   2.6720887e+01
   8.9351778e+00   9.0222904e+00   2.6468176e+01
   9.2794902e+00   9.3487622e+00   2.7763683e+01
   7.3620907e+00   7.4858100e+00   2.3590236e+01
   9.1954734e+00   9.2852917e+00   2.6568487e+01
   8.3191767e+00   8.4143757e+00   2.5542724e+01
   9.2824241e+00   9.3723103e+00   2.6643093e+01
   8.4743023e+00   8.5898714e+00   2.4844185e+01
   9.3383160e+00   9.4461661e+00   2.5909066e+01
   8.3607247e+00   8.4760259e+00   2.4754548e+01
   9.0317494e+00   9.1688664e+00   2.4603468e+01
   8.7998382e+00   8.9488258e+00   2.4041183e+01
   9.0842315e+00   9.1745355e+00   2.6445878e+01
   7.4596429e+00   7.5736879e+00   2.4023392e+01
   9.1238224e+00   9.3777914e+00   2.2054545e+01
   8.0761970e+00   8.2264394e+00   2.3369649e+01
   8.9358108e+00   9.0637929e+00   2.4813877e+01
   7.8674116e+00   8.0036864e+00   2.3607473e+01
   7.9686369e+00   8.0527301e+00   2.5772592e+01
   8.4599135e+00   8.5409080e+00   2.6362414e+01
   8.1561454e+00   8.2469035e+00   2.5606393e+01
   7.2301453e+00   7.3288028e+00   2.4453022e+01
   8.0375713e+00   8.1464171e+00   2.4720786e+01
   7.7244223e+00   7.7826979e+00   2.7145798e+01
   7.9802519e+00   8.0467650e+00   2.6794794e+01
   8.2126833e+00   8.3268599e+00   2.4667350e+01
   7.9381665e+00   8.0480554e+00   2.4593677e+01
   6.9667440e+00   7.0446433e+00   2.5250843e+01
   7.6598915e+00   7.7829538e+00   2.3867134e+01
   7.6092355e+00   7.6920561e+00   2.5529398e+01
   7.8304326e+00   7.9174170e+00   2.5507592e+01
   7.3715965e+00   7.4451801e+00   2.5837508e+01
   8.5156086e+00   8.6499759e+00   2.4233063e+01
   7.3744998e+00   7.4237096e+00   2.7578834e+01
   7.8208031e+00   7.8983072e+00   2.5997070e+01
   7.3326839e+00   7.4211269e+00   2.5010861e+01
   6.8130981e+00   6.8988584e+00   2.4707975e+01
