  -4.3431782e-02  -2.9037949e-02   2.7784685e+01
   6.9154253e-02   8.0736838e-02   2.8784852e+01
   1.5252930e-01   1.7579208e-01   2.5798677e+01
   2.2217085e-02   5.4550291e-02   2.4302840e+01
  -5.0739632e-02   1.9089400e-02   2.0922377e+01
   2.4405477e-01   3.1499156e-01   2.1004262e+01
  -1.3906280e-01  -6.5787453e-02   2.0669106e+01
   4.0195288e-01   4.7965926e-01   2.0691113e+01
   4.3810417e-01   4.5580513e-01   2.7133202e+01
   1.1169433e-01   1.2771318e-01   2.7398144e+01
  -5.7694848e-02  -5.5128290e-02   3.5265873e+01
   1.4544327e-02   1.6278747e-02   3.7003880e+01
   1.5081981e-01   1.5455618e-01   3.3739743e+01
   1.9312951e-01   1.9551189e-01   3.5715701e+01
   3.0073954e-02   3.8674760e-02   3.0057831e+01
   1.4548915e-01   1.5184424e-01   3.1430330e+01
   3.8112268e-02   1.0905364e-01   2.0898497e+01
   3.1069875e-01   3.8329608e-01   2.0938463e+01
   2.9816615e-01   3.2097482e-01   2.5959185e+01
  -8.8635735e-02  -4.8746875e-02   2.3335362e+01
   1.7894895e-01   1.8273341e-01   3.3698543e+01
  -4.4199528e-02  -3.8336239e-02   3.1684672e+01
   2.3038393e-01   2.3223782e-01   3.6824052e+01
   1.9241758e-01   1.9452984e-01   3.6237964e+01
   6.2200125e-01   6.2266105e-01   4.1516146e+01
   9.9170466e-02   9.9922757e-02   4.0674157e+01
   2.3442818e-01   2.3947201e-01   3.2479404e+01
   1.6142020e-01   1.6644717e-01   3.2456589e+01
   3.4935065e-02   5.3460025e-02   2.6728117e+01
   3.0580361e-02   4.8108774e-02   2.6966071e+01
  -7.8002386e-03   5.5121260e-04   3.0166623e+01
  -3.5710129e-02  -2.5822324e-02   2.9419307e+01
   2.1545541e-01   2.1977124e-01   3.3146615e+01
   7.4651601e-02   8.0143676e-02   3.2028289e+01
   1.8985734e-01   1.9296853e-01   3.4554876e+01
   9.5500616e-02   9.8644257e-02   3.4461843e+01
   1.6051465e-01   1.6286084e-01   3.5765540e+01
   2.4739110e-01   2.4955274e-01   3.6165778e+01
   6.8350289e-01   6.8457334e-01   3.9447692e+01
   2.7903451e-01   2.8003000e-01   3.9549551e+01
   1.4959338e-01   1.5186359e-01   3.5902958e+01
   1.8696060e-01   1.8898172e-01   3.6426737e+01
  -9.6184689e-02  -9.5362934e-02   4.0192885e+01
  -5.1583788e-02  -5.1048310e-02   4.2075015e+01
   1.4109280e-01   1.5197178e-01   2.9093472e+01
   2.7092363e-01   2.7904360e-01   3.0430301e+01
   3.0930727e-01   3.1416963e-01   3.2677161e+01
   3.0295259e-01   3.0734395e-01   3.3116339e+01
  -5.6670420e-02  -5.5932115e-02   4.0677543e+01
   1.1589091e-01   1.1634511e-01   4.2873945e+01
   5.1859401e-01   5.1975844e-01   3.8994094e+01
   2.0981069e-01   2.1082356e-01   3.9438818e+01
   9.6309004e-02   9.7804590e-02   3.7688460e+01
   2.3154260e-01   2.3250210e-01   3.9685024e+01
   4.9801560e-02   5.1180104e-02   3.8018913e+01
   1.9743293e-01   1.9820547e-01   4.0608756e+01
  -4.9725209e-02  -4.0679503e-02   2.9798902e+01
   2.0116657e-01   2.0610147e-01   3.2557165e+01
   1.6645479e-01   1.6783047e-01   3.8087013e+01
   2.5694314e-01   2.5818877e-01   3.8564646e+01
   6.0216466e-01   6.0259599e-01   4.3351524e+01
   1.2394360e-01   1.2456223e-01   4.1536229e+01
   1.2358623e-01   1.2664778e-01   3.4590982e+01
   7.9987463e-02   8.2798491e-02   3.4939683e+01
   1.9065199e-01   1.9494456e-01   3.3157383e+01
   1.6734756e-01   1.7034712e-01   3.4702082e+01
   1.0458153e-01   1.1648562e-01   2.8683861e+01
   1.3895934e-01   1.5028651e-01   2.8917059e+01
   1.9936573e-01   2.0194986e-01   3.5365864e+01
   1.1283867e-01   1.1617639e-01   3.4210448e+01
   2.1687723e-02   3.3326340e-02   2.8740004e+01
   5.0736057e-01   5.1384433e-01   3.1531155e+01
   9.7577626e-02   9.8061432e-02   4.2590501e+01
   5.4606022e-01   5.4632849e-01   4.5383995e+01
  -1.4525430e-02  -8.4672042e-03   3.1557427e+01
   5.1538059e-01   5.1880145e-01   3.4312231e+01
   1.6423409e-01   1.6520158e-01   3.9614620e+01
   5.6193102e-01   5.6295236e-01   3.9586546e+01
   1.2605508e-01   1.3196287e-01   3.1737420e+01
   1.4337730e-01   1.4864231e-01   3.2246476e+01
  -5.7562357e-02  -5.1063050e-02   3.1230766e+01
  -3.6384199e-03   3.9785356e-03   3.0568510e+01
   2.1155702e-01   2.1354634e-01   3.6508186e+01
   1.5794728e-01   1.6111142e-01   3.4465309e+01
   3.5105773e-01   3.5566483e-01   3.2933035e+01
   3.9783758e-01   4.0403758e-01   3.1667846e+01
   7.4360833e-02   7.6859940e-02   3.5447644e+01
   2.3501489e-03   7.0609540e-03   3.2658368e+01
   4.7210984e-02   5.1363591e-02   3.3228615e+01
  -7.2401084e-02  -6.6556645e-02   3.1684642e+01
