   6.6803127e+00   6.7857080e+00   2.3709020e+01
   7.2223675e+00   7.3515316e+00   2.3286776e+01
   5.4103473e+00   5.5769167e+00   2.0716793e+01
   7.3149916e+00   7.6700109e+00   1.9052189e+01
   7.5602401e+00   8.0664600e+00   1.7775231e+01
   7.7917927e+00   7.9498377e+00   2.2906428e+01
   7.1078615e+00   7.5730585e+00   1.7739725e+01
   7.6593839e+00   7.8106820e+00   2.2979636e+01
   6.8841943e+00   7.0037579e+00   2.3335164e+01
   7.6511612e+00   7.7195015e+00   2.6394742e+01
   6.5233934e+00   6.5736715e+00   2.6776543e+01
   7.0671825e+00   7.1290702e+00   2.6328781e+01
   7.0313972e+00   7.1506976e+00   2.3467724e+01
   7.7605598e+00   7.8530115e+00   2.5184723e+01
   5.9183448e+00   5.9865217e+00   2.4969795e+01
   7.7327566e+00   7.8384562e+00   2.4583991e+01
   6.1663219e+00   6.5427415e+00   1.7843866e+01
   7.5714228e+00   7.7430651e+00   2.2363542e+01
   4.9504463e+00   5.0705212e+00   2.1770139e+01
   5.8519363e+00   6.0995361e+00   1.9368916e+01
   7.5183305e+00   7.6039413e+00   2.5308907e+01
   6.8296848e+00   6.9097191e+00   2.5019967e+01
   7.4705873e+00   7.6166877e+00   2.2968164e+01
   6.8631667e+00   6.9545992e+00   2.4473324e+01
   6.5934304e+00   6.6340826e+00   2.7753875e+01
   6.6137012e+00   6.6397833e+00   2.9693274e+01
   6.2785908e+00   6.4015087e+00   2.2717139e+01
   6.5641978e+00   6.6636722e+00   2.3862450e+01
   6.3851529e+00   6.5325115e+00   2.2024143e+01
   6.3685952e+00   6.4691589e+00   2.3655231e+01
   5.4885051e+00   5.5734082e+00   2.3681791e+01
   6.3156645e+00   6.4103109e+00   2.3873610e+01
   6.1194449e+00   6.2086965e+00   2.3967803e+01
   6.3899422e+00   6.4824084e+00   2.4034693e+01
   8.0897000e+00   8.1865131e+00   2.5270393e+01
   5.5577203e+00   5.6262084e+00   2.4664504e+01
   7.7781442e+00   7.9407915e+00   2.2771657e+01
   5.6657910e+00   5.7371161e+00   2.4574122e+01
   6.8983027e+00   6.9674370e+00   2.5709259e+01
   5.3904149e+00   5.4421117e+00   2.5750572e+01
   6.1736436e+00   6.2719030e+00   2.3596773e+01
   5.1415809e+00   5.2140841e+00   2.4094886e+01
   6.4550577e+00   6.5391477e+00   2.4497658e+01
   4.9902859e+00   5.0378886e+00   2.5799832e+01
   5.7234757e+00   5.8281782e+00   2.2962265e+01
   5.1775663e+00   5.2340932e+00   2.5199301e+01
   6.3444619e+00   6.4156634e+00   2.5125880e+01
   5.2261902e+00   5.2652980e+00   2.6831975e+01
   7.6149416e+00   7.7016175e+00   2.5338039e+01
   7.8677452e+00   7.9546160e+00   2.5545368e+01
   7.1872230e+00   7.2220310e+00   2.8919611e+01
   8.1344938e+00   8.1735650e+00   2.9228877e+01
   6.8795329e+00   6.9325915e+00   2.6837701e+01
   7.9646957e+00   8.0360819e+00   2.6476040e+01
   7.1193851e+00   7.1824438e+00   2.6291544e+01
   7.8755101e+00   7.9331618e+00   2.7322148e+01
   5.8456501e+00   5.9311868e+00   2.3931796e+01
   7.7800715e+00   7.8418166e+00   2.6943628e+01
   6.7055751e+00   6.7784753e+00   2.5320269e+01
   7.9554506e+00   8.0306968e+00   2.6240752e+01
   7.0410103e+00   7.1274126e+00   2.4865892e+01
   7.7104340e+00   7.7946254e+00   2.5545224e+01
   6.6303719e+00   6.7101812e+00   2.4867189e+01
   7.4275576e+00   7.5277275e+00   2.4554662e+01
   6.9132448e+00   7.0151890e+00   2.4045909e+01
   7.3784760e+00   7.4523836e+00   2.5824366e+01
   5.8879885e+00   5.9703690e+00   2.4127907e+01
   7.4306904e+00   7.5965557e+00   2.2390025e+01
   6.4742351e+00   6.5837159e+00   2.3375491e+01
   7.3805324e+00   7.4810712e+00   2.4498889e+01
   6.3256930e+00   6.4200073e+00   2.3896938e+01
   6.6629191e+00   6.7183852e+00   2.6466413e+01
   6.8668214e+00   6.9213167e+00   2.6711576e+01
   6.8032507e+00   6.8645974e+00   2.6146740e+01
   5.8414420e+00   5.9046492e+00   2.5235727e+01
   6.7316812e+00   6.7972474e+00   2.5799953e+01
   6.4165060e+00   6.4612128e+00   2.7197422e+01
   6.7926791e+00   6.8451079e+00   2.6817254e+01
   6.6297955e+00   6.7157800e+00   2.4545042e+01
   6.3414646e+00   6.4205038e+00   2.4672354e+01
   5.5141723e+00   5.5797612e+00   2.4817392e+01
   6.0827092e+00   6.1719108e+00   2.3940606e+01
   6.1968464e+00   6.2608221e+00   2.5468594e+01
   6.3416588e+00   6.4065059e+00   2.5527592e+01
   5.8197634e+00   5.8756913e+00   2.5747726e+01
   6.7494548e+00   6.8415292e+00   2.4348728e+01
   5.9064026e+00   5.9377578e+00   2.8322622e+01
   6.3077522e+00   6.3594435e+00   2.6480659e+01
   5.9233777e+00   5.9856985e+00   2.5362113e+01
   5.4386694e+00   5.5126085e+00   2.4240253e+01
