   7.9389048e+00   8.0685537e+00   2.3883327e+01
   8.3228542e+00   8.4908672e+00   2.3105959e+01
   6.4910285e+00   6.6881461e+00   2.0863351e+01
   8.3041894e+00   8.7442021e+00   1.9009860e+01
   8.6254470e+00   9.2782258e+00   1.7662662e+01
   9.0205494e+00   9.2045054e+00   2.3335480e+01
   8.2419237e+00   8.8485718e+00   1.7622359e+01
   8.8482243e+00   9.0212048e+00   2.3444903e+01
   8.0095553e+00   8.1641528e+00   2.3189269e+01
   8.7089327e+00   8.7908221e+00   2.6534243e+01
   7.6566300e+00   7.7244640e+00   2.6431534e+01
   8.0446931e+00   8.1222398e+00   2.6188017e+01
   8.2814501e+00   8.4289543e+00   2.3627470e+01
   8.8424526e+00   8.9573028e+00   2.5196041e+01
   7.0108312e+00   7.0931179e+00   2.5051204e+01
   8.8346538e+00   8.9790141e+00   2.4207319e+01
   7.2244204e+00   7.7053628e+00   1.7700014e+01
   8.6145341e+00   8.8145084e+00   2.2618347e+01
   5.9326471e+00   6.0570670e+00   2.2385485e+01
   6.8319545e+00   7.1233571e+00   1.9479570e+01
   8.5556103e+00   8.6585616e+00   2.5413016e+01
   8.0934549e+00   8.1892304e+00   2.5320068e+01
   8.6531617e+00   8.8439162e+00   2.2853989e+01
   8.1274221e+00   8.2513293e+00   2.4241493e+01
   7.6687965e+00   7.7218401e+00   2.7504848e+01
   7.7859987e+00   7.8214776e+00   2.9345653e+01
   7.3926427e+00   7.5624729e+00   2.2256420e+01
   7.6984688e+00   7.8330493e+00   2.3515751e+01
   7.5226680e+00   7.7116898e+00   2.1909072e+01
   7.5266231e+00   7.6447862e+00   2.3927859e+01
   6.5522110e+00   6.6610162e+00   2.3466196e+01
   7.5132864e+00   7.6164719e+00   2.4499869e+01
   7.2096911e+00   7.3245618e+00   2.3780518e+01
   7.5079130e+00   7.6230947e+00   2.4021839e+01
   9.0019651e+00   9.1427206e+00   2.4464582e+01
   6.6123501e+00   6.7020353e+00   2.4348850e+01
   8.8445583e+00   9.0550790e+00   2.2603134e+01
   6.7319082e+00   6.8229238e+00   2.4384078e+01
   7.8580442e+00   7.9449476e+00   2.5535394e+01
   6.3902134e+00   6.4563091e+00   2.5484711e+01
   7.1595449e+00   7.2907862e+00   2.3165195e+01
   6.1259189e+00   6.2198470e+00   2.3752659e+01
   7.4849964e+00   7.5955278e+00   2.4179660e+01
   6.0000342e+00   6.0608463e+00   2.5529427e+01
   6.7284224e+00   6.8436852e+00   2.3363371e+01
   6.2038448e+00   6.2721504e+00   2.5191173e+01
   7.3539410e+00   7.4494965e+00   2.4695402e+01
   6.2207802e+00   6.2677330e+00   2.6826251e+01
   8.8703766e+00   8.9872200e+00   2.5146869e+01
   9.0001847e+00   9.1045229e+00   2.5749069e+01
   8.3772574e+00   8.4213973e+00   2.8912473e+01
   9.1784545e+00   9.2291044e+00   2.9025760e+01
   8.1083726e+00   8.1767569e+00   2.6785959e+01
   8.9737288e+00   9.0596496e+00   2.6561818e+01
   8.3937084e+00   8.4717046e+00   2.6467090e+01
   8.9000954e+00   8.9652946e+00   2.7686939e+01
   6.9217696e+00   7.0277355e+00   2.3886321e+01
   8.8196109e+00   8.8968981e+00   2.6881587e+01
   7.9158430e+00   7.9983611e+00   2.5808529e+01
   9.0056769e+00   9.0854739e+00   2.6908988e+01
   8.1755053e+00   8.2853301e+00   2.4802118e+01
   8.8573222e+00   8.9603241e+00   2.5677539e+01
   7.8111179e+00   7.9127750e+00   2.4819266e+01
   8.5285161e+00   8.6523188e+00   2.4596071e+01
   8.1854676e+00   8.3172724e+00   2.4026594e+01
   8.5402680e+00   8.6254236e+00   2.6216983e+01
   6.9662047e+00   7.0672334e+00   2.4129002e+01
   8.5872187e+00   8.8095317e+00   2.2142780e+01
   7.6205951e+00   7.7547913e+00   2.3461257e+01
   8.4856957e+00   8.6037684e+00   2.4762058e+01
   7.4019512e+00   7.5241926e+00   2.3675761e+01
   7.6776117e+00   7.7510434e+00   2.6107115e+01
   8.0240738e+00   8.0971017e+00   2.6429254e+01
   7.8809537e+00   7.9621426e+00   2.5848479e+01
   6.8759287e+00   6.9550710e+00   2.5106804e+01
   7.7913199e+00   7.8843400e+00   2.5184750e+01
   7.4950936e+00   7.5501911e+00   2.7192420e+01
   7.8304292e+00   7.8932372e+00   2.6913167e+01
   7.7271654e+00   7.8313392e+00   2.4641792e+01
   7.4320461e+00   7.5316719e+00   2.4581936e+01
   6.5138096e+00   6.5850965e+00   2.5259066e+01
   7.1600800e+00   7.2703786e+00   2.3913529e+01
   7.2259736e+00   7.3035104e+00   2.5488513e+01
   7.3906654e+00   7.4720985e+00   2.5416192e+01
   6.8846447e+00   6.9507307e+00   2.5892731e+01
   7.9602743e+00   8.0803421e+00   2.4231761e+01
   6.9660982e+00   7.0082778e+00   2.7902717e+01
   7.3924538e+00   7.4660759e+00   2.5852931e+01
   6.9558783e+00   7.0344074e+00   2.5207017e+01
   6.4296882e+00   6.5152308e+00   2.4402984e+01
