   6.9275260e+00   7.0448598e+00   2.3452341e+01
   7.4464217e+00   7.5836180e+00   2.3217553e+01
   5.6199017e+00   5.7911038e+00   2.0763954e+01
   7.5150328e+00   7.8758878e+00   1.9154838e+01
   7.7838882e+00   8.3157892e+00   1.7763710e+01
   8.0476721e+00   8.2066991e+00   2.3101293e+01
   7.3423281e+00   7.8326997e+00   1.7719989e+01
   7.9009336e+00   8.0557359e+00   2.3089511e+01
   7.1098092e+00   7.2358583e+00   2.3296869e+01
   7.8698879e+00   7.9411374e+00   2.6402506e+01
   6.7595445e+00   6.8100971e+00   2.6947474e+01
   7.2703874e+00   7.3344020e+00   2.6353633e+01
   7.2928703e+00   7.4133116e+00   2.3647057e+01
   7.9848819e+00   8.0807572e+00   2.5221467e+01
   6.1376433e+00   6.2098866e+00   2.4895479e+01
   7.9608755e+00   8.0743695e+00   2.4474432e+01
   6.3845206e+00   6.7791815e+00   1.7823574e+01
   7.7861906e+00   7.9632496e+00   2.2415049e+01
   5.1420980e+00   5.2687455e+00   2.1687390e+01
   6.0350215e+00   6.2945344e+00   1.9316063e+01
   7.7330243e+00   7.8198349e+00   2.5432484e+01
   7.0939543e+00   7.1727478e+00   2.5308069e+01
   7.7159849e+00   7.8681225e+00   2.3004509e+01
   7.1220941e+00   7.2165746e+00   2.4548485e+01
   6.8047355e+00   6.8473915e+00   2.7719946e+01
   6.8531181e+00   6.8807432e+00   2.9641889e+01
   6.5035844e+00   6.6328228e+00   2.2685337e+01
   6.8012590e+00   6.9032221e+00   2.3951899e+01
   6.6147368e+00   6.7715174e+00   2.1946758e+01
   6.5978782e+00   6.7050221e+00   2.3570080e+01
   5.7017439e+00   5.7914633e+00   2.3611409e+01
   6.5714948e+00   6.6597983e+00   2.4382204e+01
   6.3395068e+00   6.4323669e+00   2.3975218e+01
   6.6240564e+00   6.7160873e+00   2.4247127e+01
   8.2837781e+00   8.3842632e+00   2.5279066e+01
   5.7709857e+00   5.8424983e+00   2.4646018e+01
   7.9955987e+00   8.1676513e+00   2.2718933e+01
   5.8792346e+00   5.9546729e+00   2.4501191e+01
   7.0873545e+00   7.1596960e+00   2.5671380e+01
   5.5907636e+00   5.6451032e+00   2.5691427e+01
   6.3695638e+00   6.4740731e+00   2.3490122e+01
   5.3383661e+00   5.4150801e+00   2.4002914e+01
   6.6647809e+00   6.7541386e+00   2.4407878e+01
   5.1919852e+00   5.2422415e+00   2.5719358e+01
   5.9551925e+00   6.0406420e+00   2.4023691e+01
   5.3910848e+00   5.4445675e+00   2.5604086e+01
   6.5446705e+00   6.6207142e+00   2.5005374e+01
   5.4239465e+00   5.4647627e+00   2.6799958e+01
   7.8735198e+00   7.9656679e+00   2.5296128e+01
   8.1010394e+00   8.1913930e+00   2.5577756e+01
   7.4243413e+00   7.4610877e+00   2.8885109e+01
   8.3468530e+00   8.3886782e+00   2.9118976e+01
   7.1275414e+00   7.1820974e+00   2.6924538e+01
   8.1736571e+00   8.2473258e+00   2.6521355e+01
   7.3820936e+00   7.4467262e+00   2.6406604e+01
   8.0874263e+00   8.1461700e+00   2.7424207e+01
   6.0641682e+00   6.1520033e+00   2.3992310e+01
   7.9937289e+00   8.0585335e+00   2.6918833e+01
   6.9575488e+00   7.0288889e+00   2.5622982e+01
   8.1776869e+00   8.2498067e+00   2.6616572e+01
   7.2663961e+00   7.3575115e+00   2.4826432e+01
   7.9454897e+00   8.0334340e+00   2.5559518e+01
   6.8653754e+00   6.9499761e+00   2.4810169e+01
   7.6545433e+00   7.7596238e+00   2.4542201e+01
   7.1642186e+00   7.2718943e+00   2.4020645e+01
   7.6086078e+00   7.6875169e+00   2.5737592e+01
   6.1016158e+00   6.1912783e+00   2.3933606e+01
   7.6559675e+00   7.8389245e+00   2.2162789e+01
   6.7100183e+00   6.8214402e+00   2.3494057e+01
   7.6106372e+00   7.7117796e+00   2.4669116e+01
   6.5426024e+00   6.6421016e+00   2.3843619e+01
   6.8683538e+00   6.9271209e+00   2.6386515e+01
   7.1009029e+00   7.1592194e+00   2.6613971e+01
   7.0178175e+00   7.0834140e+00   2.6035945e+01
   6.0453172e+00   6.1146552e+00   2.4998522e+01
   6.9441809e+00   7.0167143e+00   2.5540180e+01
   6.6343572e+00   6.6809043e+00   2.7201354e+01
   7.0014958e+00   7.0557121e+00   2.6845997e+01
   6.8487052e+00   6.9386506e+00   2.4532014e+01
   6.5575754e+00   6.6424057e+00   2.4543911e+01
   5.7162398e+00   5.7829818e+00   2.4901093e+01
   6.3013426e+00   6.3949878e+00   2.3907829e+01
   6.4011513e+00   6.4683278e+00   2.5423540e+01
   6.5517589e+00   6.6208031e+00   2.5428317e+01
   6.0341334e+00   6.0903516e+00   2.5896526e+01
   6.9951065e+00   7.0900028e+00   2.4423078e+01
   6.1192296e+00   6.1525322e+00   2.8231959e+01
   6.5289450e+00   6.5827277e+00   2.6489571e+01
   6.1401390e+00   6.2013745e+00   2.5612072e+01
   5.6574146e+00   5.7223388e+00   2.4974023e+01
