   7.7731691e+00   7.9008949e+00   2.3804543e+01
   8.1770874e+00   8.3416400e+00   2.3067637e+01
   6.3176493e+00   6.5241754e+00   2.0521544e+01
   8.1424794e+00   8.5849925e+00   1.8843832e+01
   8.4847394e+00   9.1202536e+00   1.7646900e+01
   8.8505006e+00   9.0379551e+00   2.3103517e+01
   8.0979936e+00   8.6829062e+00   1.7645698e+01
   8.6961385e+00   8.8637089e+00   2.3445948e+01
   7.8599983e+00   8.0097154e+00   2.3197364e+01
   8.5679260e+00   8.6482660e+00   2.6492302e+01
   7.5121417e+00   7.5776070e+00   2.6461753e+01
   7.9185041e+00   7.9930755e+00   2.6247722e+01
   8.1205045e+00   8.2624123e+00   2.3652986e+01
   8.7032315e+00   8.8138346e+00   2.5234772e+01
   6.8681796e+00   6.9480477e+00   2.5060943e+01
   8.6917347e+00   8.8311085e+00   2.4231450e+01
   7.0866164e+00   7.5523326e+00   1.7716981e+01
   8.4816714e+00   8.6753778e+00   2.2637064e+01
   5.7907651e+00   5.9229315e+00   2.2012125e+01
   6.6834569e+00   6.9716454e+00   1.9402657e+01
   8.4198231e+00   8.5211967e+00   2.5360210e+01
   7.9234552e+00   8.0225046e+00   2.5028059e+01
   8.4974490e+00   8.6833240e+00   2.2827235e+01
   7.9665885e+00   8.0833013e+00   2.4359088e+01
   7.5229511e+00   7.5738071e+00   2.7562531e+01
   7.6314440e+00   7.6653766e+00   2.9406320e+01
   7.2486431e+00   7.4066850e+00   2.2442582e+01
   7.5592380e+00   7.6823448e+00   2.3779443e+01
   7.3707174e+00   7.5554998e+00   2.1876502e+01
   7.3689765e+00   7.4890363e+00   2.3725212e+01
   6.4108244e+00   6.5163371e+00   2.3482645e+01
   7.3532604e+00   7.4581884e+00   2.4291708e+01
   7.0639506e+00   7.1741432e+00   2.3836859e+01
   7.3685623e+00   7.4765994e+00   2.4178942e+01
   8.9000759e+00   9.0201381e+00   2.5056468e+01
   6.4775588e+00   6.5607637e+00   2.4561762e+01
   8.7040931e+00   8.9075318e+00   2.2624331e+01
   6.5908940e+00   6.6792615e+00   2.4395037e+01
   7.7281402e+00   7.8119759e+00   2.5578674e+01
   6.2556230e+00   6.3197297e+00   2.5507347e+01
   7.0266194e+00   7.1527824e+00   2.3223127e+01
   5.9942805e+00   6.0855101e+00   2.3772495e+01
   7.3509341e+00   7.4574792e+00   2.4223871e+01
   5.8662929e+00   5.9253138e+00   2.5551880e+01
   6.5400616e+00   6.6882061e+00   2.2128450e+01
   6.0541402e+00   6.1284872e+00   2.4704204e+01
   7.2176439e+00   7.3093349e+00   2.4758131e+01
   6.0885800e+00   6.1344753e+00   2.6818233e+01
   8.7101833e+00   8.8212579e+00   2.5222620e+01
   8.8563971e+00   8.9569807e+00   2.5778962e+01
   8.2170850e+00   8.2598777e+00   2.8906877e+01
   9.0366741e+00   9.0857156e+00   2.9038841e+01
   7.9435395e+00   8.0109908e+00   2.6702577e+01
   8.8403541e+00   8.9242700e+00   2.6545150e+01
   8.2200697e+00   8.3011163e+00   2.6149962e+01
   8.7650286e+00   8.8302456e+00   2.7566118e+01
   6.7812019e+00   6.8837812e+00   2.3909282e+01
   8.6863259e+00   8.7606314e+00   2.6933457e+01
   7.7486211e+00   7.8346045e+00   2.5487165e+01
   8.8632186e+00   8.9475206e+00   2.6545638e+01
   8.0243854e+00   8.1312138e+00   2.4789870e+01
   8.7065286e+00   8.8073875e+00   2.5634500e+01
   7.6521477e+00   7.7544311e+00   2.4656329e+01
   8.3855831e+00   8.5081488e+00   2.4513691e+01
   8.0032909e+00   8.1382784e+00   2.3765776e+01
   8.3823060e+00   8.4693633e+00   2.5983175e+01
   6.8221055e+00   6.9248638e+00   2.3935744e+01
   8.4298997e+00   8.6474031e+00   2.2097227e+01
   7.4628391e+00   7.5963659e+00   2.3347996e+01
   8.3319881e+00   8.4542662e+00   2.4476849e+01
   7.2604283e+00   7.3790681e+00   2.3684447e+01
   7.5421532e+00   7.6131078e+00   2.6139554e+01
   7.8713269e+00   7.9413787e+00   2.6476943e+01
   7.7357924e+00   7.8142742e+00   2.5869927e+01
   6.7349908e+00   6.8146157e+00   2.4963588e+01
   7.6479110e+00   7.7393465e+00   2.5135761e+01
   7.3492991e+00   7.4032677e+00   2.7158247e+01
   7.6920825e+00   7.7535676e+00   2.6886408e+01
   7.5811498e+00   7.6822847e+00   2.4644235e+01
   7.2877011e+00   7.3850554e+00   2.4558947e+01
   6.3809748e+00   6.4521130e+00   2.5159469e+01
   7.0187842e+00   7.1246221e+00   2.3972643e+01
   7.0883942e+00   7.1641736e+00   2.5471777e+01
   7.2456356e+00   7.3296126e+00   2.5160774e+01
   6.7395689e+00   6.8077476e+00   2.5637645e+01
   7.7934746e+00   7.9141280e+00   2.4066878e+01
   6.8239529e+00   6.8650669e+00   2.7895277e+01
   7.2502445e+00   7.3230254e+00   2.5782259e+01
   6.8197618e+00   6.8953282e+00   2.5259733e+01
   6.2994766e+00   6.3850992e+00   2.4292784e+01
