   7.4624409e+00   7.5431948e+00   2.5513283e+01
   7.8845500e+00   8.0128033e+00   2.3882847e+01
   6.2061337e+00   6.2835873e+00   2.4649994e+01
   8.2936110e+00   8.4515900e+00   2.3344054e+01
   8.1970379e+00   8.7626305e+00   1.7871736e+01
   8.5328650e+00   8.6734953e+00   2.4052766e+01
   7.7588316e+00   8.2966463e+00   1.7695995e+01
   8.3376632e+00   8.4973043e+00   2.3337791e+01
   7.5141059e+00   7.6520124e+00   2.3253078e+01
   8.2492669e+00   8.3242145e+00   2.6512921e+01
   7.1852746e+00   7.2326758e+00   2.7581158e+01
   7.6325717e+00   7.6971126e+00   2.6625921e+01
   7.7830302e+00   7.8885195e+00   2.4635767e+01
   8.3878560e+00   8.4837506e+00   2.5571451e+01
   6.5990501e+00   6.6447826e+00   2.7248727e+01
   8.4047188e+00   8.5029998e+00   2.5480365e+01
   6.7909582e+00   7.2085964e+00   1.7924032e+01
   8.1906951e+00   8.3573502e+00   2.3025146e+01
   5.6097823e+00   5.6746590e+00   2.4939667e+01
   6.8416555e+00   6.8957420e+00   2.6723234e+01
   8.1290038e+00   8.2080203e+00   2.6180159e+01
   7.6008581e+00   7.6554520e+00   2.7322232e+01
   8.1567650e+00   8.3160084e+00   2.3190393e+01
   7.6016183e+00   7.6943585e+00   2.5035096e+01
   7.1887382e+00   7.2355049e+00   2.7642376e+01
   7.2767210e+00   7.3069965e+00   2.9599296e+01
   6.9400427e+00   7.0615673e+00   2.3311779e+01
   7.2555919e+00   7.3422388e+00   2.5034165e+01
   7.0665269e+00   7.2157806e+00   2.2534472e+01
   7.0495838e+00   7.1429225e+00   2.4540045e+01
   6.1421051e+00   6.2091228e+00   2.5223565e+01
   7.0872485e+00   7.1301040e+00   2.7935160e+01
   6.7495446e+00   6.8392364e+00   2.4461884e+01
   7.0702127e+00   7.1447065e+00   2.5530405e+01
   8.6259694e+00   8.7324692e+00   2.5329181e+01
   6.1552867e+00   6.2313366e+00   2.4687875e+01
   8.3800288e+00   8.5681919e+00   2.2671709e+01
   6.2638226e+00   6.3459315e+00   2.4444709e+01
   7.4286110e+00   7.5067890e+00   2.5624433e+01
   5.9487986e+00   6.0080626e+00   2.5599944e+01
   6.7201541e+00   6.8356575e+00   2.3347545e+01
   5.6920462e+00   5.7765783e+00   2.3860888e+01
   7.0372404e+00   7.1358278e+00   2.4293869e+01
   5.5550775e+00   5.6101621e+00   2.5604482e+01
   6.3546980e+00   6.4207253e+00   2.5460247e+01
   5.7660383e+00   5.8202194e+00   2.5842386e+01
   6.9093683e+00   6.9931231e+00   2.4890164e+01
   5.7809054e+00   5.8241606e+00   2.6829081e+01
   8.3293861e+00   8.4315245e+00   2.5248664e+01
   8.5141366e+00   8.6099178e+00   2.5687345e+01
   7.8487610e+00   7.8884564e+00   2.8913383e+01
   8.7172103e+00   8.7621192e+00   2.9136394e+01
   7.5696021e+00   7.6286633e+00   2.6955560e+01
   8.5376568e+00   8.6155681e+00   2.6598076e+01
   7.8469188e+00   7.9149129e+00   2.6584666e+01
   8.4588077e+00   8.5197381e+00   2.7590125e+01
   6.5199996e+00   6.5818036e+00   2.5881060e+01
   8.3915355e+00   8.4466362e+00   2.7965792e+01
   7.4108955e+00   7.4754238e+00   2.6438000e+01
   8.5681811e+00   8.6325479e+00   2.7449178e+01
   7.6739932e+00   7.7732119e+00   2.4806071e+01
   8.3607016e+00   8.4542925e+00   2.5652426e+01
   7.3180772e+00   7.3953203e+00   2.5582674e+01
   8.0780626e+00   8.1759775e+00   2.5211546e+01
   7.6539788e+00   7.7544945e+00   2.4732985e+01
   8.0471856e+00   8.1179921e+00   2.6582620e+01
   6.5624422e+00   6.6230056e+00   2.6003544e+01
   8.1725968e+00   8.3147795e+00   2.3690049e+01
   7.1381153e+00   7.2498622e+00   2.3838878e+01
   8.0381998e+00   8.1279468e+00   2.5552280e+01
   6.9311388e+00   7.0405622e+00   2.3755851e+01
   7.2336296e+00   7.2981820e+00   2.6286479e+01
   7.5179196e+00   7.5827170e+00   2.6510972e+01
   7.4031397e+00   7.4761141e+00   2.5900142e+01
   6.4701672e+00   6.5170125e+00   2.7039009e+01
   7.3367494e+00   7.4104413e+00   2.5801653e+01
   7.0222830e+00   7.0723015e+00   2.7211951e+01
   7.3737471e+00   7.4313853e+00   2.6894517e+01
   7.2756030e+00   7.3553168e+00   2.5410884e+01
   6.9745476e+00   7.0538488e+00   2.5180370e+01
   6.1183371e+00   6.1659508e+00   2.6683067e+01
   6.7534710e+00   6.8212532e+00   2.5674352e+01
   6.7863855e+00   6.8500029e+00   2.5975647e+01
   6.9663839e+00   7.0222115e+00   2.6690031e+01
   6.4519375e+00   6.4919357e+00   2.7708197e+01
   7.4891425e+00   7.5595405e+00   2.6128416e+01
   6.5105678e+00   6.5424744e+00   2.8735173e+01
   6.9576408e+00   7.0006586e+00   2.7810482e+01
   6.5262077e+00   6.5855909e+00   2.6058903e+01
   6.0456702e+00   6.1010098e+00   2.5973929e+01
