   8.4656479e+00   8.6159639e+00   2.3708015e+01
   8.7910264e+00   8.9762420e+00   2.3102006e+01
   7.0238718e+00   7.2009977e+00   2.1764459e+01
   8.8009477e+00   9.2008837e+00   1.9850283e+01
   9.0309567e+00   9.7521143e+00   1.7621144e+01
   9.5105115e+00   9.7018290e+00   2.3608009e+01
   8.6855039e+00   9.3577424e+00   1.7596298e+01
   9.3516136e+00   9.5342715e+00   2.3662471e+01
   8.4247768e+00   8.5952910e+00   2.3132133e+01
   9.0718445e+00   9.1581528e+00   2.6629811e+01
   8.1315890e+00   8.1968406e+00   2.7008614e+01
   8.4513479e+00   8.5324782e+00   2.6347679e+01
   8.8404730e+00   8.9892160e+00   2.4084285e+01
   9.3004664e+00   9.4223613e+00   2.5348993e+01
   7.4706774e+00   7.5626361e+00   2.4959910e+01
   9.2830048e+00   9.4456858e+00   2.4095914e+01
   7.6505853e+00   8.1829346e+00   1.7644262e+01
   9.0118157e+00   9.2220207e+00   2.2758609e+01
   6.3433369e+00   6.4747783e+00   2.2481399e+01
   7.2214907e+00   7.5323736e+00   1.9533826e+01
   8.9811130e+00   9.0927970e+00   2.5439461e+01
   8.6155220e+00   8.7141844e+00   2.5648963e+01
   9.1586878e+00   9.3668204e+00   2.2932238e+01
   8.6876416e+00   8.8199957e+00   2.4449594e+01
   8.0910301e+00   8.1502037e+00   2.7395818e+01
   8.2709585e+00   8.3108209e+00   2.9260767e+01
   7.8889294e+00   8.0781547e+00   2.2219561e+01
   8.2014271e+00   8.3416315e+00   2.3775306e+01
   7.9986041e+00   8.2075123e+00   2.1892038e+01
   8.0075467e+00   8.1401675e+00   2.3845422e+01
   7.0198277e+00   7.1324092e+00   2.3707521e+01
   8.0276149e+00   8.1301473e+00   2.4969359e+01
   7.6760789e+00   7.8062583e+00   2.3639367e+01
   7.9611108e+00   8.0848991e+00   2.4101309e+01
   9.3924899e+00   9.5155521e+00   2.5390743e+01
   7.0663264e+00   7.1552827e+00   2.4761451e+01
   9.2793022e+00   9.5141489e+00   2.2526607e+01
   7.1951493e+00   7.2950094e+00   2.4371298e+01
   8.2109528e+00   8.3047349e+00   2.5512871e+01
   6.7793833e+00   6.8489809e+00   2.5581624e+01
   7.5676426e+00   7.7169514e+00   2.2957821e+01
   6.5488414e+00   6.6528419e+00   2.3658030e+01
   7.8890959e+00   8.0113302e+00   2.4093353e+01
   6.4285814e+00   6.4964252e+00   2.5403214e+01
   7.1667793e+00   7.2750266e+00   2.4000004e+01
   6.6473680e+00   6.7177938e+00   2.5421386e+01
   7.7556602e+00   7.8685979e+00   2.4318597e+01
   6.6226290e+00   6.6747489e+00   2.6702388e+01
   9.3809473e+00   9.5113643e+00   2.5131185e+01
   9.4636077e+00   9.5708032e+00   2.6047921e+01
   8.8256655e+00   8.8734553e+00   2.8963336e+01
   9.5122163e+00   9.5654299e+00   2.9111692e+01
   8.6143294e+00   8.6834819e+00   2.7180152e+01
   9.3938914e+00   9.4831614e+00   2.6772777e+01
   8.9281155e+00   9.0134252e+00   2.6552030e+01
   9.3138615e+00   9.3829969e+00   2.7803006e+01
   7.3626114e+00   7.4855722e+00   2.3617123e+01
   9.2343883e+00   9.3236046e+00   2.6632278e+01
   8.4057095e+00   8.5016230e+00   2.5586245e+01
   9.3880630e+00   9.4776412e+00   2.6752692e+01
   8.6254503e+00   8.7452867e+00   2.4821388e+01
   9.3177098e+00   9.4259699e+00   2.5874249e+01
   8.3145416e+00   8.4250571e+00   2.4896464e+01
   8.9915553e+00   9.1250055e+00   2.4683927e+01
   8.7459222e+00   8.8964116e+00   2.3950409e+01
   9.0379854e+00   9.1281579e+00   2.6410922e+01
   7.4235878e+00   7.5334933e+00   2.4151854e+01
   9.0711064e+00   9.3219343e+00   2.2060137e+01
   8.1100017e+00   8.2577120e+00   2.3471935e+01
   8.9224236e+00   9.0463380e+00   2.4940671e+01
   7.8433999e+00   7.9783976e+00   2.3627185e+01
   8.0900262e+00   8.1720437e+00   2.5985527e+01
   8.4706947e+00   8.5509480e+00   2.6411522e+01
   8.3079591e+00   8.4007300e+00   2.5644223e+01
   7.2565610e+00   7.3604546e+00   2.4252533e+01
   8.1973934e+00   8.3101325e+00   2.4708517e+01
   7.8777441e+00   7.9402380e+00   2.6975569e+01
   8.2035000e+00   8.2753377e+00   2.6655957e+01
   8.1873196e+00   8.3000362e+00   2.4700596e+01
   7.8990901e+00   8.0063145e+00   2.4665555e+01
   6.9432002e+00   7.0182668e+00   2.5391120e+01
   7.6146770e+00   7.7336346e+00   2.3974282e+01
   7.6490188e+00   7.7329080e+00   2.5508122e+01
   7.8091435e+00   7.8953479e+00   2.5528112e+01
   7.3461128e+00   7.4196825e+00   2.5816739e+01
   8.4773583e+00   8.6123699e+00   2.4178891e+01
   7.4110210e+00   7.4604686e+00   2.7588926e+01
   7.8229858e+00   7.8999513e+00   2.6029036e+01
   7.3815868e+00   7.4705017e+00   2.5029351e+01
   6.8189941e+00   6.9087541e+00   2.4516220e+01
