   2.4340388e+00   2.4662515e+00   2.5697644e+01
   3.3178401e+00   3.3571342e+00   2.5420393e+01
   2.0698120e+00   2.1190075e+00   2.3631746e+01
   3.5613736e+00   3.6706571e+00   2.1159954e+01
   3.4399027e+00   3.6287652e+00   1.8714760e+01
   3.4514372e+00   3.5627389e+00   2.1004253e+01
   2.8642830e+00   3.0345495e+00   1.8768534e+01
   3.5844777e+00   3.6928263e+00   2.1213258e+01
   3.2559813e+00   3.2999837e+00   2.4887533e+01
   3.6067368e+00   3.6377382e+00   2.6647930e+01
   2.6591704e+00   2.6766864e+00   2.8486414e+01
   3.4068241e+00   3.4290197e+00   2.7958872e+01
   2.8688811e+00   2.9042268e+00   2.5577575e+01
   3.6752012e+00   3.6981658e+00   2.7997448e+01
   2.2156402e+00   2.2375432e+00   2.7233466e+01
   3.6221101e+00   3.6426677e+00   2.8440693e+01
   2.5439552e+00   2.6952785e+00   1.9066662e+01
   3.7341589e+00   3.8378562e+00   2.1508269e+01
   2.0479408e+00   2.0845069e+00   2.4905205e+01
   2.4306262e+00   2.5335623e+00   2.0659867e+01
   3.7549100e+00   3.7821118e+00   2.7318942e+01
   2.4788361e+00   2.5058773e+00   2.6485580e+01
   3.3234623e+00   3.3541834e+00   2.6491570e+01
   2.6507942e+00   2.6743055e+00   2.7203454e+01
   3.3183822e+00   3.3321854e+00   2.9959564e+01
   2.5878489e+00   2.5962605e+00   3.1624454e+01
   2.7547085e+00   2.7863072e+00   2.5988514e+01
   2.6181516e+00   2.6444888e+00   2.6689776e+01
   2.6590563e+00   2.7047426e+00   2.4327033e+01
   2.4780655e+00   2.5135708e+00   2.5303587e+01
   2.0459304e+00   2.0694554e+00   2.6817910e+01
   2.3824789e+00   2.4094746e+00   2.6431419e+01
   2.6752113e+00   2.6985807e+00   2.7245587e+01
   2.5457571e+00   2.5744804e+00   2.6266713e+01
   4.2498916e+00   4.2898470e+00   2.6006764e+01
   2.1340287e+00   2.1557364e+00   2.7221428e+01
   3.6197721e+00   3.6551721e+00   2.6081688e+01
   2.2684824e+00   2.2853322e+00   2.8405056e+01
   3.7178054e+00   3.7365355e+00   2.8911688e+01
   2.2573608e+00   2.2721637e+00   2.8960277e+01
   2.8846671e+00   2.9063912e+00   2.7699784e+01
   2.0779025e+00   2.0942072e+00   2.8428990e+01
   2.7826313e+00   2.8011439e+00   2.8326809e+01
   1.8458662e+00   1.8580286e+00   2.9559495e+01
   2.3915788e+00   2.4313452e+00   2.4756718e+01
   2.1037223e+00   2.1185720e+00   2.8850732e+01
   2.9633953e+00   2.9826866e+00   2.8267408e+01
   2.1578674e+00   2.1718367e+00   2.9149699e+01
   3.0361036e+00   3.0562803e+00   2.8121150e+01
   3.6885202e+00   3.7114969e+00   2.8004496e+01
   3.4070174e+00   3.4198612e+00   3.0332996e+01
   4.1008033e+00   4.1141483e+00   3.0655319e+01
   2.8549314e+00   2.8708096e+00   2.9040613e+01
   4.0379319e+00   4.0603830e+00   2.8352906e+01
   2.8314661e+00   2.8472193e+00   2.9059446e+01
   3.9332968e+00   3.9498064e+00   2.9611778e+01
   2.1489199e+00   2.1735477e+00   2.6682909e+01
   3.9346117e+00   3.9507140e+00   2.9721107e+01
   2.7744019e+00   2.7986599e+00   2.7148430e+01
   4.0211734e+00   4.0487775e+00   2.7444655e+01
   3.4478841e+00   3.4690260e+00   2.8198168e+01
   3.4232991e+00   3.4464005e+00   2.7796656e+01
   2.7963597e+00   2.8197860e+00   2.7314221e+01
   3.2973574e+00   3.3256650e+00   2.6828622e+01
   2.8713773e+00   2.8973712e+00   2.6912371e+01
   3.3114487e+00   3.3343880e+00   2.7750505e+01
   2.2824537e+00   2.3081525e+00   2.6581810e+01
   3.2948544e+00   3.3305381e+00   2.5822590e+01
   2.7918895e+00   2.8187530e+00   2.6717242e+01
   3.3379091e+00   3.3670003e+00   2.6737909e+01
   2.7247572e+00   2.7572377e+00   2.5849520e+01
   3.3169418e+00   3.3312858e+00   2.9791773e+01
   2.9117014e+00   2.9228753e+00   3.0603344e+01
   3.3721871e+00   3.3846240e+00   3.0448824e+01
   2.2581095e+00   2.2747283e+00   2.8458473e+01
   3.3300198e+00   3.3404821e+00   3.1170414e+01
   2.8260256e+00   2.8381775e+00   3.0182564e+01
   3.4233038e+00   3.4377627e+00   2.9830073e+01
   2.8814742e+00   2.9077200e+00   2.6877208e+01
   2.7956461e+00   2.8182337e+00   2.7471966e+01
   2.1233856e+00   2.1444859e+00   2.7337995e+01
   2.6094284e+00   2.6326978e+00   2.7221516e+01
   2.7625249e+00   2.7811522e+00   2.8286838e+01
   2.8052298e+00   2.8268540e+00   2.7667398e+01
   2.4054976e+00   2.4199864e+00   2.9146967e+01
   2.9646808e+00   2.9853981e+00   2.7958783e+01
   2.4763952e+00   2.4866505e+00   3.0692435e+01
   2.5901468e+00   2.6064335e+00   2.8757551e+01
   2.5330864e+00   2.5488710e+00   2.8856712e+01
   2.0781778e+00   2.1024915e+00   2.6694731e+01
