   8.0798110e+00   8.2162802e+00   2.3785323e+01
   8.4528262e+00   8.6235076e+00   2.3152594e+01
   6.6304181e+00   6.8253812e+00   2.1025487e+01
   8.4544642e+00   8.8609685e+00   1.9474061e+01
   8.7312193e+00   9.4139181e+00   1.7574248e+01
   9.1500611e+00   9.3442143e+00   2.3220982e+01
   8.3580445e+00   8.9897633e+00   1.7558797e+01
   8.9801724e+00   9.1606863e+00   2.3380148e+01
   8.1397438e+00   8.2990387e+00   2.3174180e+01
   8.8312122e+00   8.9144888e+00   2.6570009e+01
   7.7887561e+00   7.8549215e+00   2.6652387e+01
   8.1560446e+00   8.2356952e+00   2.6169184e+01
   8.4292853e+00   8.5816986e+00   2.3616677e+01
   8.9676211e+00   9.0851113e+00   2.5209594e+01
   7.1399367e+00   7.2259164e+00   2.4970064e+01
   8.9613583e+00   9.1092915e+00   2.4215187e+01
   7.3308516e+00   7.8340458e+00   1.7602509e+01
   8.7214227e+00   8.9318229e+00   2.2496228e+01
   6.0400624e+00   6.1674390e+00   2.2370669e+01
   6.9376806e+00   7.2235389e+00   1.9649865e+01
   8.6733688e+00   8.7816609e+00   2.5299213e+01
   8.2294300e+00   8.3314392e+00   2.5166825e+01
   8.7870495e+00   8.9843557e+00   2.2828485e+01
   8.2806814e+00   8.4051805e+00   2.4354632e+01
   7.7969544e+00   7.8517367e+00   2.7475266e+01
   7.9221490e+00   7.9585042e+00   2.9357117e+01
   7.5311999e+00   7.7029598e+00   2.2326198e+01
   7.8418948e+00   7.9725462e+00   2.3766445e+01
   7.6541464e+00   7.8476657e+00   2.1921225e+01
   7.6628083e+00   7.7814528e+00   2.4026837e+01
   6.6775081e+00   6.7902855e+00   2.3415087e+01
   7.6498810e+00   7.7548987e+00   2.4540782e+01
   7.3339884e+00   7.4543723e+00   2.3683939e+01
   7.6249620e+00   7.7467316e+00   2.3882610e+01
   9.1330294e+00   9.2607435e+00   2.4998764e+01
   6.7367775e+00   6.8280914e+00   2.4373998e+01
   8.9691725e+00   9.1857252e+00   2.2593799e+01
   6.8577491e+00   6.9508583e+00   2.4390448e+01
   7.9723701e+00   8.0617147e+00   2.5514653e+01
   6.5075331e+00   6.5752862e+00   2.5473604e+01
   7.2770113e+00   7.4130468e+00   2.3110233e+01
   6.2423681e+00   6.3389086e+00   2.3728574e+01
   7.6030530e+00   7.7169315e+00   2.4152049e+01
   6.1178884e+00   6.1804239e+00   2.5503293e+01
   6.8538051e+00   6.9676374e+00   2.3521284e+01
   6.3262325e+00   6.3942643e+00   2.5307824e+01
   7.4626276e+00   7.5681107e+00   2.4361879e+01
   6.3332120e+00   6.3840172e+00   2.6576164e+01
   9.0143633e+00   9.1333387e+00   2.5197251e+01
   9.1303817e+00   9.2346888e+00   2.5866482e+01
   8.5167921e+00   8.5619228e+00   2.8938674e+01
   9.3003468e+00   9.3517422e+00   2.9071647e+01
   8.2458780e+00   8.3206427e+00   2.6520510e+01
   9.0902347e+00   9.1785396e+00   2.6547673e+01
   8.5326506e+00   8.6195740e+00   2.6121718e+01
   9.0160601e+00   9.0842166e+00   2.7598495e+01
   7.0429757e+00   7.1519760e+00   2.3866112e+01
   8.9355037e+00   9.0157221e+00   2.6823869e+01
   8.0349056e+00   8.1349422e+00   2.5081788e+01
   9.1094538e+00   9.2029147e+00   2.6320391e+01
   8.3086595e+00   8.4214361e+00   2.4804199e+01
   8.9898576e+00   9.0946369e+00   2.5721719e+01
   7.9445230e+00   8.0499400e+00   2.4777981e+01
   8.6523044e+00   8.7812491e+00   2.4530410e+01
   8.3314769e+00   8.4731819e+00   2.3843277e+01
   8.6731700e+00   8.7622192e+00   2.6141374e+01
   7.0896137e+00   7.1962890e+00   2.3998102e+01
   8.7185388e+00   8.9474689e+00   2.2134190e+01
   7.7449352e+00   7.8884663e+00   2.3279236e+01
   8.5985212e+00   8.7237510e+00   2.4608495e+01
   7.5267215e+00   7.6519288e+00   2.3678941e+01
   7.7978218e+00   7.8729967e+00   2.6108983e+01
   8.1593038e+00   8.2338530e+00   2.6457597e+01
   8.0087597e+00   8.0926535e+00   2.5817547e+01
   6.9783129e+00   7.0717274e+00   2.4476886e+01
   7.9088245e+00   8.0097865e+00   2.4933056e+01
   7.6221059e+00   7.6782078e+00   2.7222574e+01
   7.9531917e+00   8.0173056e+00   2.6930085e+01
   7.8577056e+00   7.9637182e+00   2.4678777e+01
   7.5613535e+00   7.6618907e+00   2.4652862e+01
   6.6338603e+00   6.7060688e+00   2.5302268e+01
   7.2874215e+00   7.3958330e+00   2.4095311e+01
   7.3424349e+00   7.4238036e+00   2.5378732e+01
   7.4977604e+00   7.5860020e+00   2.5160858e+01
   7.0100368e+00   7.0795964e+00   2.5776000e+01
   8.1002473e+00   8.2234802e+00   2.4241311e+01
   7.0863866e+00   7.1319827e+00   2.7666150e+01
   7.5015360e+00   7.5836451e+00   2.5474748e+01
   7.0714669e+00   7.1553449e+00   2.5019345e+01
   6.5351709e+00   6.6240093e+00   2.4326290e+01
