   8.3991271e+00   8.5487319e+00   2.3669923e+01
   8.7337450e+00   8.9170551e+00   2.3095380e+01
   6.9630006e+00   7.1412939e+00   2.1685247e+01
   8.7598142e+00   9.1524486e+00   1.9890798e+01
   8.9930313e+00   9.7092845e+00   1.7614589e+01
   9.4684427e+00   9.6553477e+00   2.3669606e+01
   8.6365940e+00   9.3003316e+00   1.7604516e+01
   9.2919061e+00   9.4730807e+00   2.3643609e+01
   8.4010198e+00   8.5705171e+00   2.3136863e+01
   9.0593970e+00   9.1448803e+00   2.6660104e+01
   8.0604734e+00   8.1359520e+00   2.6318335e+01
   8.4013815e+00   8.4861011e+00   2.6117222e+01
   8.7656744e+00   8.9216629e+00   2.3814151e+01
   9.2466663e+00   9.3698934e+00   2.5254056e+01
   7.4188439e+00   7.5093753e+00   2.4983286e+01
   9.2358448e+00   9.3958636e+00   2.4124198e+01
   7.6007204e+00   8.1332777e+00   1.7599385e+01
   8.9756367e+00   9.1901047e+00   2.2640770e+01
   6.2911864e+00   6.4194919e+00   2.2542771e+01
   7.1824760e+00   7.4778249e+00   1.9717976e+01
   8.9319137e+00   9.0451632e+00   2.5335840e+01
   8.5496367e+00   8.6518998e+00   2.5436627e+01
   9.0970418e+00   9.3019133e+00   2.2944337e+01
   8.6174110e+00   8.7473409e+00   2.4466929e+01
   8.0582192e+00   8.1168211e+00   2.7409337e+01
   8.2164685e+00   8.2550989e+00   2.9349211e+01
   7.8291492e+00   8.0144304e+00   2.2257941e+01
   8.1407985e+00   8.2788941e+00   2.3787514e+01
   7.9369737e+00   8.1445569e+00   2.1865698e+01
   7.9460235e+00   8.0787401e+00   2.3789036e+01
   6.9533196e+00   7.0706911e+00   2.3472508e+01
   7.9436125e+00   8.0614812e+00   2.4296833e+01
   7.6204732e+00   7.7505038e+00   2.3596626e+01
   7.9060666e+00   8.0315372e+00   2.3995692e+01
   9.3545616e+00   9.4853465e+00   2.5095371e+01
   7.0117972e+00   7.1046899e+00   2.4529046e+01
   9.2323450e+00   9.4642166e+00   2.2538591e+01
   7.1377242e+00   7.2361893e+00   2.4383570e+01
   8.1932101e+00   8.2872168e+00   2.5487115e+01
   6.7471781e+00   6.8172146e+00   2.5527786e+01
   7.5237433e+00   7.6708486e+00   2.2984097e+01
   6.4988636e+00   6.6014861e+00   2.3674464e+01
   7.8458067e+00   7.9663086e+00   2.4117368e+01
   6.3775128e+00   6.4442892e+00   2.5430077e+01
   7.0890937e+00   7.2184074e+00   2.3169508e+01
   6.5924054e+00   6.6646654e+00   2.5265051e+01
   7.7189816e+00   7.8283393e+00   2.4425701e+01
   6.5824932e+00   6.6338845e+00   2.6730285e+01
   9.3239987e+00   9.4519324e+00   2.5162511e+01
   9.4138372e+00   9.5201167e+00   2.6040031e+01
   8.8007125e+00   8.8482524e+00   2.8963928e+01
   9.5156625e+00   9.5680681e+00   2.9180921e+01
   8.5560904e+00   8.6278497e+00   2.6969179e+01
   9.3479597e+00   9.4383306e+00   2.6678721e+01
   8.8699929e+00   8.9541055e+00   2.6561336e+01
   9.2729505e+00   9.3414158e+00   2.7808376e+01
   7.3075263e+00   7.4287853e+00   2.3630364e+01
   9.1890325e+00   9.2783146e+00   2.6588520e+01
   8.3615283e+00   8.4538620e+00   2.5711413e+01
   9.3662146e+00   9.4524873e+00   2.6895045e+01
   8.5893518e+00   8.7084065e+00   2.4817683e+01
   9.2701803e+00   9.3774084e+00   2.5872803e+01
   8.2532091e+00   8.3616762e+00   2.4923378e+01
   8.9361368e+00   9.0672426e+00   2.4710650e+01
   8.6733866e+00   8.8235574e+00   2.3895302e+01
   8.9772158e+00   9.0676761e+00   2.6343085e+01
   7.3682893e+00   7.4756877e+00   2.4204242e+01
   9.0241703e+00   9.2602324e+00   2.2275881e+01
   8.0516287e+00   8.1995514e+00   2.3415029e+01
   8.8738936e+00   8.9985140e+00   2.4873143e+01
   7.7972497e+00   7.9307614e+00   2.3634943e+01
   8.0558350e+00   8.1363348e+00   2.6036437e+01
   8.4303166e+00   8.5102998e+00   2.6390651e+01
   8.2758231e+00   8.3670772e+00   2.5687187e+01
   7.2227407e+00   7.3215826e+00   2.4438729e+01
   8.1678526e+00   8.2773441e+00   2.4808532e+01
   7.8615822e+00   7.9230933e+00   2.7030127e+01
   8.1914807e+00   8.2611664e+00   2.6776790e+01
   8.1350498e+00   8.2472513e+00   2.4674801e+01
   7.8436417e+00   7.9502238e+00   2.4643587e+01
   6.8866732e+00   6.9633756e+00   2.5250936e+01
   7.5571677e+00   7.6754607e+00   2.3949213e+01
   7.6051618e+00   7.6882520e+00   2.5511902e+01
   7.7628779e+00   7.8515015e+00   2.5369001e+01
   7.2887563e+00   7.3610542e+00   2.5843521e+01
   8.4147972e+00   8.5474512e+00   2.4199572e+01
   7.3624629e+00   7.4107318e+00   2.7652163e+01
   7.7825816e+00   7.8574677e+00   2.6112497e+01
   7.3349422e+00   7.4244885e+00   2.4959312e+01
   6.7739113e+00   6.8691887e+00   2.4221539e+01
