   7.1774000e+00   7.2907547e+00   2.3810463e+01
   7.6546400e+00   7.7980161e+00   2.3206321e+01
   5.8135911e+00   5.9968224e+00   2.0626597e+01
   7.7032607e+00   8.0805867e+00   1.9129217e+01
   7.9884036e+00   8.5449512e+00   1.7754810e+01
   8.2799867e+00   8.4450757e+00   2.3143588e+01
   7.5586046e+00   8.0733451e+00   1.7704352e+01
   8.1285850e+00   8.2858221e+00   2.3220171e+01
   7.3198516e+00   7.4522641e+00   2.3262503e+01
   8.0670886e+00   8.1405167e+00   2.6442933e+01
   6.9749275e+00   7.0270412e+00   2.6994889e+01
   7.4573381e+00   7.5231703e+00   2.6391005e+01
   7.5414116e+00   7.6593351e+00   2.3949214e+01
   8.1911885e+00   8.2890430e+00   2.5312552e+01
   6.3470673e+00   6.4199759e+00   2.5025632e+01
   8.1703940e+00   8.2897812e+00   2.4438615e+01
   6.5912414e+00   7.0006793e+00   1.7840299e+01
   7.9888861e+00   8.1652634e+00   2.2606871e+01
   5.3485721e+00   5.4623602e+00   2.2308854e+01
   6.2646856e+00   6.5091235e+00   1.9758181e+01
   7.9296788e+00   8.0178779e+00   2.5533384e+01
   7.3439685e+00   7.4185122e+00   2.5758141e+01
   7.9384429e+00   8.0982479e+00   2.2985650e+01
   7.3652751e+00   7.4632591e+00   2.4596850e+01
   7.0027497e+00   7.0474609e+00   2.7681006e+01
   7.0727448e+00   7.1015893e+00   2.9637733e+01
   6.7029069e+00   6.8434145e+00   2.2490355e+01
   7.0061458e+00   7.1183842e+00   2.3709200e+01
   6.8319081e+00   6.9950610e+00   2.1956045e+01
   6.8192110e+00   6.9269815e+00   2.3728156e+01
   5.9133793e+00   6.0002324e+00   2.3919907e+01
   6.7944462e+00   6.8870393e+00   2.4361812e+01
   6.5460207e+00   6.6413604e+00   2.4030551e+01
   6.8490655e+00   6.9358900e+00   2.4684649e+01
   8.4607815e+00   8.5647481e+00   2.5287426e+01
   5.9693432e+00   6.0434548e+00   2.4649865e+01
   8.1935469e+00   8.3738983e+00   2.2689689e+01
   6.0783728e+00   6.1573822e+00   2.4460962e+01
   7.2644661e+00   7.3399486e+00   2.5636901e+01
   5.7762001e+00   5.8330137e+00   2.5645163e+01
   6.5512589e+00   6.6615094e+00   2.3408564e+01
   5.5219520e+00   5.6027574e+00   2.3921681e+01
   6.8582777e+00   6.9528178e+00   2.4325127e+01
   5.3802670e+00   5.4331033e+00   2.5648308e+01
   6.1368950e+00   6.2272344e+00   2.3929609e+01
   5.5774558e+00   5.6359625e+00   2.5361260e+01
   6.7330354e+00   6.8134061e+00   2.4921725e+01
   5.6077607e+00   5.6500081e+00   2.6794499e+01
   8.1088596e+00   8.2065836e+00   2.5246695e+01
   8.3154651e+00   8.4090656e+00   2.5612425e+01
   7.6443231e+00   7.6827640e+00   2.8877149e+01
   8.5390311e+00   8.5827576e+00   2.9094928e+01
   7.3532691e+00   7.4117742e+00   2.6812649e+01
   8.3628700e+00   8.4397025e+00   2.6504954e+01
   7.6270034e+00   7.6922963e+00   2.6571120e+01
   8.2816546e+00   8.3412940e+00   2.7527731e+01
   6.2679001e+00   6.3600872e+00   2.3948345e+01
   8.1925470e+00   8.2583871e+00   2.7022830e+01
   7.1901915e+00   7.2607547e+00   2.5865280e+01
   8.3767226e+00   8.4483514e+00   2.6819699e+01
   7.4780660e+00   7.5736805e+00   2.4798168e+01
   8.1611891e+00   8.2523532e+00   2.5591546e+01
   7.0866455e+00   7.1752178e+00   2.4797159e+01
   7.8651593e+00   7.9729793e+00   2.4612435e+01
   7.4079940e+00   7.5177341e+00   2.4145082e+01
   7.8301415e+00   7.9080204e+00   2.5984285e+01
   6.3090940e+00   6.3993561e+00   2.4072883e+01
   7.8858268e+00   8.0710076e+00   2.2309246e+01
   6.9263235e+00   7.0423794e+00   2.3498470e+01
   7.8197036e+00   7.9235541e+00   2.4734739e+01
   6.7443033e+00   6.8489874e+00   2.3791157e+01
   7.0587684e+00   7.1207466e+00   2.6315421e+01
   7.3190553e+00   7.3808933e+00   2.6544238e+01
   7.2173282e+00   7.2868151e+00   2.5954527e+01
   6.2517581e+00   6.3199195e+00   2.5239114e+01
   7.1460133e+00   7.2205188e+00   2.5593352e+01
   6.8354607e+00   6.8849265e+00   2.7104411e+01
   7.1942654e+00   7.2514725e+00   2.6775450e+01
   7.0550463e+00   7.1478310e+00   2.4570289e+01
   6.7638203e+00   6.8505083e+00   2.4620670e+01
   5.9035750e+00   5.9723999e+00   2.4917113e+01
   6.5014035e+00   6.5999711e+00   2.3850342e+01
   6.5944515e+00   6.6636314e+00   2.5454924e+01
   6.7524234e+00   6.8218021e+00   2.5572901e+01
   6.2335181e+00   6.2913599e+00   2.5934114e+01
   7.2156846e+00   7.3172974e+00   2.4313652e+01
   6.3190524e+00   6.3538664e+00   2.8201207e+01
   6.7340640e+00   6.7912419e+00   2.6393703e+01
   6.3354058e+00   6.3992035e+00   2.5593034e+01
   5.8445914e+00   5.9122326e+00   2.4945092e+01
