   5.8644573e+00   5.9239273e+00   2.5517629e+01
   6.4833841e+00   6.5716029e+00   2.4313998e+01
   4.8813530e+00   4.9363817e+00   2.5089474e+01
   6.9954151e+00   7.1005752e+00   2.3980750e+01
   6.8132472e+00   7.2189639e+00   1.8064573e+01
   6.9650759e+00   7.0845110e+00   2.3407332e+01
   6.2966804e+00   6.6800400e+00   1.7873710e+01
   6.8351375e+00   6.9721072e+00   2.2709792e+01
   6.1160982e+00   6.2146844e+00   2.3535950e+01
   6.8758464e+00   6.9326484e+00   2.6539796e+01
   5.7490252e+00   5.7829413e+00   2.7857445e+01
   6.3723870e+00   6.4215901e+00   2.6746692e+01
   6.1953474e+00   6.2734085e+00   2.4607520e+01
   7.0039793e+00   7.0708852e+00   2.5938972e+01
   5.2137537e+00   5.2470474e+00   2.7519838e+01
   6.9863031e+00   7.0432708e+00   2.6619241e+01
   5.4515716e+00   5.7528658e+00   1.8213266e+01
   6.8760438e+00   7.0098442e+00   2.2844503e+01
   4.4333442e+00   4.4823283e+00   2.5258530e+01
   5.5861455e+00   5.6316319e+00   2.6457620e+01
   6.8157019e+00   6.8772558e+00   2.6142492e+01
   5.9964302e+00   6.0367874e+00   2.7301093e+01
   6.6645184e+00   6.7741225e+00   2.3527274e+01
   6.0049243e+00   6.0707013e+00   2.5193996e+01
   5.8830993e+00   5.9175994e+00   2.7889865e+01
   5.7919378e+00   5.8125947e+00   3.0040968e+01
   5.5648060e+00   5.6447687e+00   2.4000610e+01
   5.8078196e+00   5.8668559e+00   2.5504238e+01
   5.6391048e+00   5.7438659e+00   2.2893101e+01
   5.6063398e+00   5.6765624e+00   2.4594603e+01
   4.8089103e+00   4.8537610e+00   2.5920365e+01
   5.5931126e+00   5.6240522e+00   2.8132624e+01
   5.4022440e+00   5.4645821e+00   2.4949829e+01
   5.6661731e+00   5.7188998e+00   2.5881191e+01
   7.4046450e+00   7.4881377e+00   2.5320295e+01
   4.8338382e+00   4.8899055e+00   2.4972605e+01
   7.0112834e+00   7.1419936e+00   2.3058020e+01
   4.9451801e+00   5.0025139e+00   2.4960263e+01
   6.2496256e+00   6.3072058e+00   2.5966761e+01
   4.7106378e+00   4.7532032e+00   2.6073074e+01
   5.5140817e+00   5.5920935e+00   2.4067517e+01
   4.4846419e+00   4.5427271e+00   2.4558488e+01
   5.7275717e+00   5.7945379e+00   2.4895564e+01
   4.3130971e+00   4.3517833e+00   2.6192817e+01
   5.1251775e+00   5.1707821e+00   2.6088603e+01
   4.5212906e+00   4.5587329e+00   2.6487705e+01
   5.6522292e+00   5.7073122e+00   2.5680998e+01
   4.5626199e+00   4.5952445e+00   2.7115363e+01
   6.7127684e+00   6.7820688e+00   2.5544974e+01
   7.0514121e+00   7.1264448e+00   2.5483534e+01
   6.3841796e+00   6.4140708e+00   2.8914726e+01
   7.3713560e+00   7.4025274e+00   2.9552884e+01
   6.0523086e+00   6.0949009e+00   2.7112452e+01
   7.2345268e+00   7.2958537e+00   2.6508749e+01
   6.2289682e+00   6.2763124e+00   2.6796943e+01
   7.1434865e+00   7.1905378e+00   2.7578098e+01
   5.1509509e+00   5.1913289e+00   2.6635618e+01
   7.0643635e+00   7.0994848e+00   2.8777746e+01
   5.8976916e+00   5.9449041e+00   2.6542892e+01
   7.2399802e+00   7.2890436e+00   2.7478087e+01
   6.2755897e+00   6.3459807e+00   2.5119350e+01
   6.8865967e+00   6.9562396e+00   2.5667854e+01
   5.8572599e+00   5.9125788e+00   2.5824923e+01
   6.6643276e+00   6.7373567e+00   2.5278579e+01
   6.0836923e+00   6.1533816e+00   2.5007535e+01
   6.5974078e+00   6.6526236e+00   2.6432040e+01
   5.2025625e+00   5.2476718e+00   2.6195357e+01
   6.6979185e+00   6.7883685e+00   2.4382845e+01
   5.7091435e+00   5.7896252e+00   2.4086477e+01
   6.6349452e+00   6.7030693e+00   2.5554715e+01
   5.5851126e+00   5.6625229e+00   2.4156731e+01
   5.9587255e+00   6.0030271e+00   2.6867124e+01
   6.0589274e+00   6.1015556e+00   2.7114135e+01
   6.0757535e+00   6.1225657e+00   2.6722286e+01
   5.1538307e+00   5.1818509e+00   2.8221267e+01
   6.0153975e+00   6.0570790e+00   2.7176466e+01
   5.6682091e+00   5.7036094e+00   2.7608043e+01
   6.0839013e+00   6.1251729e+00   2.7274237e+01
   5.9040995e+00   5.9650045e+00   2.5446107e+01
   5.6240170e+00   5.6794075e+00   2.5634691e+01
   4.8649982e+00   4.9016837e+00   2.6833358e+01
   5.4149214e+00   5.4571601e+00   2.6644543e+01
   5.5067870e+00   5.5556426e+00   2.6086049e+01
   5.6512404e+00   5.6902170e+00   2.7177740e+01
   5.1395427e+00   5.1664320e+00   2.8388932e+01
   6.0029258e+00   6.0463044e+00   2.6993658e+01
   5.1878774e+00   5.2099409e+00   2.9283797e+01
   5.5833642e+00   5.6113117e+00   2.8565844e+01
   5.2362344e+00   5.2746964e+00   2.6911852e+01
   4.8147155e+00   4.8518267e+00   2.6745423e+01
