   6.0893061e-01   6.2543293e-01   2.7528406e+01
   1.1949531e+00   1.2098706e+00   2.8290656e+01
   7.5193398e-01   7.6925441e-01   2.7395532e+01
   1.2530216e+00   1.2918882e+00   2.4166734e+01
   1.1870147e+00   1.2867636e+00   2.0039960e+01
   1.3027475e+00   1.3888825e+00   2.0742935e+01
   7.6089126e-01   8.5521659e-01   2.0043237e+01
   1.5136527e+00   1.6037919e+00   2.0669367e+01
   1.6750390e+00   1.7012877e+00   2.6117362e+01
   1.2722438e+00   1.2918391e+00   2.7150605e+01
   8.7696097e-01   8.8232975e-01   3.2550235e+01
   1.2153348e+00   1.2205776e+00   3.2842916e+01
   1.0478553e+00   1.0545037e+00   3.1716783e+01
   1.3327569e+00   1.3370760e+00   3.3751887e+01
   6.4337987e-01   6.5274870e-01   3.0005230e+01
   1.2993030e+00   1.3066583e+00   3.1420762e+01
   8.7485008e-01   9.6443439e-01   2.0329888e+01
   1.5112579e+00   1.5933481e+00   2.1073459e+01
   8.5125207e-01   8.6773033e-01   2.7666289e+01
   6.5129945e-01   7.0221383e-01   2.2659541e+01
   1.5544961e+00   1.5612270e+00   3.1954399e+01
   6.2146591e-01   6.2918338e-01   3.0835512e+01
   1.2104180e+00   1.2157699e+00   3.2750698e+01
   8.6050074e-01   8.6540392e-01   3.2935130e+01
   1.8888958e+00   1.8925720e+00   3.4780867e+01
   7.8564969e-01   7.8812716e-01   3.5858740e+01
   1.1867352e+00   1.1977404e+00   2.9606687e+01
   8.2634510e-01   8.3625497e-01   2.9860734e+01
   9.4980205e-01   9.7290336e-01   2.6253860e+01
   7.0757063e-01   7.2690851e-01   2.6893026e+01
   6.0622037e-01   6.1479368e-01   3.0370638e+01
   6.4388912e-01   6.5483687e-01   2.9329169e+01
   1.1046320e+00   1.1111040e+00   3.1865527e+01
   7.7285653e-01   7.8117297e-01   3.0592737e+01
   1.7355042e+00   1.7433684e+00   3.1386217e+01
   7.4816596e-01   7.5353864e-01   3.2476638e+01
   1.2656194e+00   1.2722319e+00   3.1863720e+01
   8.9597049e-01   9.0006841e-01   3.3733768e+01
   2.0811878e+00   2.0853247e+00   3.4386006e+01
   9.3990391e-01   9.4320117e-01   3.4702117e+01
   1.1919251e+00   1.1971473e+00   3.2846754e+01
   8.0423814e-01   8.0822946e-01   3.3797864e+01
   9.1033378e-01   9.1448940e-01   3.3680976e+01
   5.6832707e-01   5.7083015e-01   3.5696923e+01
   8.5313594e-01   8.6195487e-01   3.0381905e+01
   8.8628484e-01   8.8969287e-01   3.4528994e+01
   1.2791465e+00   1.2854557e+00   3.2075363e+01
   9.3089818e-01   9.3557968e-01   3.3174882e+01
   8.4138640e-01   8.4584517e-01   3.3337250e+01
   1.4171471e+00   1.4212941e+00   3.3977274e+01
   1.7672395e+00   1.7719508e+00   3.3630154e+01
   1.6353588e+00   1.6398020e+00   3.3805738e+01
   1.0292130e+00   1.0329343e+00   3.4226372e+01
   1.5976256e+00   1.6019423e+00   3.3908854e+01
   9.3912229e-01   9.4205234e-01   3.5214444e+01
   1.5575795e+00   1.5605913e+00   3.5448406e+01
   5.5504514e-01   5.6603378e-01   2.9265441e+01
   1.6038729e+00   1.6096195e+00   3.2670162e+01
   1.0257011e+00   1.0305900e+00   3.3039411e+01
   1.6498559e+00   1.6544498e+00   3.3669542e+01
   1.8634979e+00   1.8680683e+00   3.3819975e+01
   1.1361885e+00   1.1408717e+00   3.3288191e+01
   1.0735235e+00   1.0796755e+00   3.2068241e+01
   1.0599532e+00   1.0659676e+00   3.2158815e+01
   1.1072992e+00   1.1122735e+00   3.3009996e+01
   1.1563989e+00   1.1605890e+00   3.3782802e+01
   7.2396867e-01   7.3536607e-01   2.9197615e+01
   1.1208089e+00   1.1337930e+00   2.8851328e+01
   1.0922672e+00   1.0979907e+00   3.2392271e+01
   1.1251179e+00   1.1330900e+00   3.0971845e+01
   9.8561118e-01   1.0026884e+00   2.7585656e+01
   1.7168828e+00   1.7208587e+00   3.4336980e+01
   1.0353927e+00   1.0376412e+00   3.6417847e+01
   1.8041086e+00   1.8066709e+00   3.6297284e+01
   6.2697629e-01   6.3670062e-01   2.9834691e+01
   1.7805509e+00   1.7847911e+00   3.4095660e+01
   1.0808818e+00   1.0847505e+00   3.4086713e+01
   1.8501336e+00   1.8538087e+00   3.4758707e+01
   1.0482939e+00   1.0567604e+00   3.0667341e+01
   1.1037467e+00   1.1106955e+00   3.1556289e+01
   5.5633063e-01   5.6405518e-01   3.0796727e+01
   9.4994831e-01   9.6051322e-01   2.9650960e+01
   1.0666390e+00   1.0715324e+00   3.3058305e+01
   1.1007007e+00   1.1087774e+00   3.0901455e+01
   9.5132223e-01   9.5619794e-01   3.3009685e+01
   1.2927811e+00   1.3008458e+00   3.1017221e+01
   8.9823812e-01   9.0136092e-01   3.4915156e+01
   8.6969898e-01   8.7642324e-01   3.1568621e+01
   9.2618836e-01   9.3093160e-01   3.3115379e+01
   5.6245989e-01   5.6911566e-01   3.1446706e+01
