   8.2170191e+00   8.3510815e+00   2.3981186e+01
   8.5640770e+00   8.7385726e+00   2.3156025e+01
   6.7635863e+00   6.9491855e+00   2.1346727e+01
   8.5821720e+00   8.9793173e+00   1.9684867e+01
   8.8328358e+00   9.5322697e+00   1.7566828e+01
   9.2705308e+00   9.4674538e+00   2.3268629e+01
   8.4706244e+00   9.1154078e+00   1.7574949e+01
   9.1019678e+00   9.2837998e+00   2.3457847e+01
   8.2510939e+00   8.4145813e+00   2.3160066e+01
   8.9341382e+00   9.0178966e+00   2.6636484e+01
   7.9016757e+00   7.9671203e+00   2.6796896e+01
   8.2538621e+00   8.3343629e+00   2.6208561e+01
   8.5630743e+00   8.7160494e+00   2.3718631e+01
   9.0782209e+00   9.1978297e+00   2.5231392e+01
   7.2502139e+00   7.3390803e+00   2.4920537e+01
   9.0709000e+00   9.2234075e+00   2.4182413e+01
   7.4394265e+00   7.9547944e+00   1.7596365e+01
   8.8261061e+00   9.0379537e+00   2.2559948e+01
   6.1365522e+00   6.2647379e+00   2.2421291e+01
   7.0472190e+00   7.3240008e+00   1.9879195e+01
   8.7754865e+00   8.8866321e+00   2.5277654e+01
   8.3561306e+00   8.4593431e+00   2.5227029e+01
   8.9067549e+00   9.1100867e+00   2.2806613e+01
   8.4118150e+00   8.5390929e+00   2.4374615e+01
   7.9050023e+00   7.9608455e+00   2.7485332e+01
   8.0410928e+00   8.0775416e+00   2.9448707e+01
   7.6460828e+00   7.8225039e+00   2.2309967e+01
   7.9643277e+00   8.0931698e+00   2.3932148e+01
   7.7672683e+00   7.9652918e+00   2.1920263e+01
   7.7809771e+00   7.9007190e+00   2.4088729e+01
   6.7934290e+00   6.9036729e+00   2.3609001e+01
   7.7790005e+00   7.8787014e+00   2.4875324e+01
   7.4482967e+00   7.5721687e+00   2.3658196e+01
   7.7381588e+00   7.8591459e+00   2.4007423e+01
   9.2213377e+00   9.3535804e+00   2.4928251e+01
   6.8443228e+00   6.9380187e+00   2.4352194e+01
   9.0755610e+00   9.2985532e+00   2.2564113e+01
   6.9672282e+00   7.0625861e+00   2.4378845e+01
   8.0686363e+00   8.1594452e+00   2.5527972e+01
   6.6096468e+00   6.6775091e+00   2.5550520e+01
   7.3777875e+00   7.5181394e+00   2.3061518e+01
   6.3442062e+00   6.4430397e+00   2.3710166e+01
   7.7026904e+00   7.8192222e+00   2.4138323e+01
   6.2210687e+00   6.2851556e+00   2.5480690e+01
   6.9629695e+00   7.0721226e+00   2.3793097e+01
   6.4344092e+00   6.5015369e+00   2.5453833e+01
   7.5545196e+00   7.6696463e+00   2.4063664e+01
   6.4290475e+00   6.4831459e+00   2.6382513e+01
   9.1394148e+00   9.2620350e+00   2.5179245e+01
   9.2428994e+00   9.3483595e+00   2.5919861e+01
   8.6365456e+00   8.6826397e+00   2.8952584e+01
   9.4012713e+00   9.4527168e+00   2.9157966e+01
   8.3651856e+00   8.4430037e+00   2.6451990e+01
   9.1909339e+00   9.2807986e+00   2.6562200e+01
   8.6696495e+00   8.7547522e+00   2.6333633e+01
   9.1206426e+00   9.1891036e+00   2.7672466e+01
   7.1446767e+00   7.2597656e+00   2.3717555e+01
   9.0366715e+00   9.1190137e+00   2.6801219e+01
   8.1671156e+00   8.2635063e+00   2.5356513e+01
   9.2185304e+00   9.3083805e+00   2.6587590e+01
   8.4234610e+00   8.5387021e+00   2.4811773e+01
   9.1046545e+00   9.2102456e+00   2.5790872e+01
   8.0698616e+00   8.1746422e+00   2.4912620e+01
   8.7666418e+00   8.8935012e+00   2.4701542e+01
   8.4626481e+00   8.6101442e+00   2.3786563e+01
   8.7926374e+00   8.8830417e+00   2.6181916e+01
   7.1980659e+00   7.3057933e+00   2.4047101e+01
   8.8411343e+00   9.0709249e+00   2.2227139e+01
   7.8612981e+00   8.0101635e+00   2.3222956e+01
   8.7023156e+00   8.8338555e+00   2.4489052e+01
   7.6366472e+00   7.7652366e+00   2.3658370e+01
   7.9026097e+00   7.9796681e+00   2.6092433e+01
   8.2714743e+00   8.3484537e+00   2.6416875e+01
   8.1192221e+00   8.2058017e+00   2.5777461e+01
   7.0784894e+00   7.1718555e+00   2.4563021e+01
   8.0141069e+00   8.1190682e+00   2.4856853e+01
   7.7275578e+00   7.7846795e+00   2.7234935e+01
   8.0571401e+00   8.1222302e+00   2.6954742e+01
   7.9684783e+00   8.0772863e+00   2.4662432e+01
   7.6725422e+00   7.7760286e+00   2.4623445e+01
   6.7327074e+00   6.8084056e+00   2.5180050e+01
   7.3914017e+00   7.5050187e+00   2.3981559e+01
   7.4484025e+00   7.5305406e+00   2.5428026e+01
   7.6089305e+00   7.6954480e+00   2.5340790e+01
   7.1209343e+00   7.1914970e+00   2.5807087e+01
   8.2230878e+00   8.3525372e+00   2.4136844e+01
   7.1957553e+00   7.2420971e+00   2.7687768e+01
   7.6182348e+00   7.6976810e+00   2.5716555e+01
   7.1797463e+00   7.2630770e+00   2.5138564e+01
   6.6394956e+00   6.7249845e+00   2.4577984e+01
