   3.2338169e+00   3.2803082e+00   2.4633928e+01
   4.1115547e+00   4.1637510e+00   2.4748474e+01
   2.6631901e+00   2.7348294e+00   2.2379980e+01
   4.3691156e+00   4.5126914e+00   2.0563210e+01
   4.3133496e+00   4.5432384e+00   1.8497964e+01
   4.3232319e+00   4.4382056e+00   2.1487514e+01
   3.7327237e+00   3.9418443e+00   1.8482783e+01
   4.3902431e+00   4.5028122e+00   2.1628115e+01
   3.9276363e+00   3.9815512e+00   2.4475980e+01
   4.4652609e+00   4.5017657e+00   2.6556178e+01
   3.4085565e+00   3.4280566e+00   2.8521850e+01
   4.1884559e+00   4.2166732e+00   2.7470041e+01
   3.6612654e+00   3.7060491e+00   2.5091436e+01
   4.5541534e+00   4.5857112e+00   2.7253215e+01
   2.9082733e+00   2.9382723e+00   2.6315093e+01
   4.4853439e+00   4.5155432e+00   2.7393037e+01
   3.2631333e+00   3.4383101e+00   1.8916380e+01
   4.5718116e+00   4.6759624e+00   2.2098400e+01
   2.5790783e+00   2.6279657e+00   2.3981511e+01
   3.1319325e+00   3.2508681e+00   2.0498183e+01
   4.5486055e+00   4.5836061e+00   2.6800239e+01
   3.3291275e+00   3.3585710e+00   2.6679696e+01
   4.1678363e+00   4.2128700e+00   2.5428650e+01
   3.4568259e+00   3.4869823e+00   2.6663703e+01
   3.9076780e+00   3.9261090e+00   2.9115819e+01
   3.3645398e+00   3.3756009e+00   3.0952423e+01
   3.4046558e+00   3.4476922e+00   2.5085586e+01
   3.3899141e+00   3.4252665e+00   2.5928187e+01
   3.3624123e+00   3.4234508e+00   2.3542216e+01
   3.2288121e+00   3.2762268e+00   2.4545282e+01
   2.6738821e+00   2.7087093e+00   2.5513722e+01
   3.1219986e+00   3.1629959e+00   2.5103387e+01
   3.3128700e+00   3.3445456e+00   2.6351627e+01
   3.3099302e+00   3.3450313e+00   2.5904284e+01
   5.1224829e+00   5.1674298e+00   2.6149451e+01
   2.7681159e+00   2.7950756e+00   2.6686133e+01
   4.5043381e+00   4.5579607e+00   2.4919182e+01
   2.8906995e+00   2.9155696e+00   2.7116900e+01
   4.3384515e+00   4.3651640e+00   2.7817012e+01
   2.8291427e+00   2.8501472e+00   2.7809334e+01
   3.5292068e+00   3.5613815e+00   2.6432864e+01
   2.6380393e+00   2.6625505e+00   2.7014438e+01
   3.5163261e+00   3.5441536e+00   2.7053480e+01
   2.4156941e+00   2.4334029e+00   2.8282330e+01
   3.0579629e+00   3.0986579e+00   2.5092390e+01
   2.6511201e+00   2.6730132e+00   2.7513118e+01
   3.6223377e+00   3.6458215e+00   2.7863465e+01
   2.7109492e+00   2.7283662e+00   2.8544699e+01
   3.9501499e+00   3.9798719e+00   2.7073202e+01
   4.5444660e+00   4.5791528e+00   2.6836196e+01
   4.1047357e+00   4.1212787e+00   2.9725902e+01
   4.9704436e+00   4.9878391e+00   3.0148842e+01
   3.6242942e+00   3.6440509e+00   2.8614626e+01
   4.8967784e+00   4.9284774e+00   2.7490605e+01
   3.6425304e+00   3.6639456e+00   2.8277626e+01
   4.7844530e+00   4.8079817e+00   2.8698305e+01
   2.8577267e+00   2.8896050e+00   2.6018066e+01
   4.7512971e+00   4.7733106e+00   2.8962125e+01
   3.5294393e+00   3.5542575e+00   2.7559035e+01
   4.8857658e+00   4.9143866e+00   2.7925134e+01
   4.1102563e+00   4.1411260e+00   2.7023881e+01
   4.3134272e+00   4.3469659e+00   2.6811969e+01
   3.5192965e+00   3.5525663e+00   2.6280841e+01
   4.1631576e+00   4.2052181e+00   2.5721214e+01
   3.6146048e+00   3.6531813e+00   2.5705500e+01
   4.1425267e+00   4.1758744e+00   2.6712419e+01
   2.9607960e+00   2.9968106e+00   2.5557266e+01
   4.1317095e+00   4.1870388e+00   2.4510597e+01
   3.4868930e+00   3.5251407e+00   2.5653783e+01
   4.1952179e+00   4.2327437e+00   2.6238902e+01
   3.4192847e+00   3.4605234e+00   2.5280648e+01
   3.9557303e+00   3.9760298e+00   2.8731116e+01
   3.6781577e+00   3.6952798e+00   2.9273358e+01
   4.0139678e+00   4.0327437e+00   2.9111291e+01
   2.9546963e+00   2.9755500e+00   2.7923657e+01
   3.9643190e+00   3.9796386e+00   2.9958561e+01
   3.5164264e+00   3.5338210e+00   2.9092134e+01
   4.0595732e+00   4.0801939e+00   2.8737408e+01
   3.6148032e+00   3.6513241e+00   2.5943057e+01
   3.4684253e+00   3.5002301e+00   2.6440909e+01
   2.7763002e+00   2.8073705e+00   2.6075821e+01
   3.2627168e+00   3.2969676e+00   2.5978403e+01
   3.4323101e+00   3.4584701e+00   2.7263439e+01
   3.4960463e+00   3.5228830e+00   2.7196706e+01
   3.0381221e+00   3.0593288e+00   2.7906476e+01
   3.6585936e+00   3.6889032e+00   2.6782067e+01
   3.1209295e+00   3.1347855e+00   2.9809141e+01
   3.3028803e+00   3.3262171e+00   2.7670107e+01
   3.1815999e+00   3.2020957e+00   2.8150959e+01
   2.7445131e+00   2.7714909e+00   2.6667760e+01
