   1.3132364e+00   1.3243224e+00   2.9647265e+01
   2.0749876e+00   2.0913811e+00   2.8403604e+01
   1.3010508e+00   1.3066398e+00   3.2614283e+01
   2.3818456e+00   2.3920487e+00   3.0654363e+01
   2.1045176e+00   2.2278940e+00   1.9669260e+01
   2.1738200e+00   2.2600840e+00   2.1262077e+01
   1.5652515e+00   1.6837464e+00   1.9514730e+01
   2.3426987e+00   2.4401209e+00   2.0841987e+01
   2.2858556e+00   2.3178223e+00   2.5636916e+01
   2.2156325e+00   2.2385476e+00   2.7037384e+01
   1.5756485e+00   1.5823007e+00   3.2017970e+01
   2.1216883e+00   2.1314582e+00   3.0679560e+01
   1.7536687e+00   1.7627878e+00   3.0754309e+01
   2.2706984e+00   2.2783968e+00   3.1807209e+01
   1.2588096e+00   1.2640826e+00   3.2842805e+01
   2.2513925e+00   2.2560295e+00   3.3996368e+01
   1.5292641e+00   1.6342326e+00   2.0018498e+01
   2.4314575e+00   2.5143998e+00   2.1595525e+01
   1.3344252e+00   1.3419021e+00   3.1369784e+01
   1.5815609e+00   1.5898671e+00   3.1057225e+01
   2.4801028e+00   2.4891129e+00   3.1256868e+01
   1.3204893e+00   1.3263761e+00   3.2400062e+01
   2.0391707e+00   2.0491572e+00   3.0533341e+01
   1.5203863e+00   1.5274206e+00   3.1742877e+01
   2.4598806e+00   2.4668428e+00   3.2363496e+01
   1.4529778e+00   1.4570006e+00   3.4130179e+01
   1.8334376e+00   1.8427906e+00   3.0692361e+01
   1.5157607e+00   1.5226794e+00   3.1812194e+01
   1.6351681e+00   1.6586673e+00   2.6573891e+01
   1.3818595e+00   1.4014895e+00   2.7206146e+01
   1.1670328e+00   1.1733393e+00   3.2013283e+01
   1.3288259e+00   1.3338815e+00   3.3065901e+01
   1.7378150e+00   1.7457166e+00   3.1367032e+01
   1.4626522e+00   1.4690120e+00   3.2146858e+01
   2.7975072e+00   2.8126335e+00   2.9213388e+01
   1.2582854e+00   1.2665497e+00   3.0891229e+01
   2.2007326e+00   2.2152844e+00   2.8999070e+01
   1.3944617e+00   1.4021179e+00   3.1301588e+01
   2.7503772e+00   2.7587983e+00   3.1725081e+01
   1.4352178e+00   1.4416578e+00   3.2076477e+01
   1.8826634e+00   1.8923703e+00   3.0560903e+01
   1.2770275e+00   1.2842747e+00   3.1472252e+01
   1.6497150e+00   1.6576562e+00   3.1292703e+01
   1.0400046e+00   1.0454049e+00   3.2615349e+01
   1.4790479e+00   1.4857013e+00   3.1960442e+01
   1.3403175e+00   1.3452008e+00   3.3223111e+01
   1.9563766e+00   1.9652602e+00   3.0990690e+01
   1.3852509e+00   1.3917713e+00   3.1993575e+01
   1.6714898e+00   1.6807589e+00   3.0634295e+01
   2.3340076e+00   2.3433975e+00   3.0984727e+01
   2.3985762e+00   2.4061729e+00   3.1945745e+01
   2.6584168e+00   2.6653296e+00   3.2522111e+01
   1.7366314e+00   1.7434896e+00   3.1981247e+01
   2.6031878e+00   2.6127400e+00   3.1082271e+01
   1.6509900e+00   1.6571156e+00   3.2420679e+01
   2.5308554e+00   2.5376353e+00   3.2524140e+01
   1.1786794e+00   1.1843586e+00   3.2474901e+01
   2.5857160e+00   2.5910495e+00   3.3601306e+01
   1.7024901e+00   1.7095984e+00   3.1805269e+01
   2.6339747e+00   2.6419947e+00   3.1861291e+01
   2.4820356e+00   2.4920926e+00   3.0780845e+01
   2.0307092e+00   2.0408367e+00   3.0467257e+01
   1.7600638e+00   1.7675638e+00   3.1606913e+01
   1.9451851e+00   1.9546747e+00   3.0697294e+01
   1.7990122e+00   1.8056081e+00   3.2188065e+01
   2.0120118e+00   2.0192100e+00   3.1938203e+01
   1.3385077e+00   1.3443439e+00   3.2447885e+01
   2.0095293e+00   2.0168493e+00   3.1863846e+01
   1.7641250e+00   1.7727564e+00   3.0999230e+01
   2.0154173e+00   2.0235474e+00   3.1411742e+01
   1.6759958e+00   1.6981525e+00   2.6853560e+01
   2.3491410e+00   2.3562464e+00   3.2204675e+01
   1.7597022e+00   1.7643055e+00   3.3726288e+01
   2.4209498e+00   2.4262977e+00   3.3484070e+01
   1.2636438e+00   1.2671583e+00   3.4607404e+01
   2.3977209e+00   2.4009570e+00   3.5650629e+01
   1.7685370e+00   1.7745629e+00   3.2562202e+01
   2.4711309e+00   2.4772736e+00   3.2914398e+01
   1.7816454e+00   1.7908513e+00   3.0729974e+01
   1.7907795e+00   1.7991164e+00   3.1165972e+01
   1.1602717e+00   1.1673899e+00   3.1483670e+01
   1.6402274e+00   1.6470005e+00   3.1977981e+01
   1.7386095e+00   1.7447867e+00   3.2436531e+01
   1.7966748e+00   1.8019797e+00   3.3132531e+01
   1.5020972e+00   1.5068262e+00   3.3456505e+01
   1.9614336e+00   1.9682243e+00   3.2160255e+01
   1.5152344e+00   1.5190951e+00   3.4345250e+01
   1.5515694e+00   1.5552702e+00   3.4550246e+01
   1.5695074e+00   1.5737467e+00   3.3970830e+01
   1.1600399e+00   1.1642933e+00   3.3719632e+01
