   5.4798802e+00   5.5604527e+00   2.3901191e+01
   6.1608004e+00   6.2578937e+00   2.3637876e+01
   4.4648815e+00   4.5883045e+00   2.1286172e+01
   6.3871179e+00   6.6527469e+00   1.9504163e+01
   6.5025322e+00   6.8866116e+00   1.8035955e+01
   6.6146358e+00   6.7437242e+00   2.2781779e+01
   5.9849886e+00   6.3417307e+00   1.7923183e+01
   6.5243389e+00   6.6574856e+00   2.2574257e+01
   5.8335818e+00   5.9250207e+00   2.3634140e+01
   6.5801090e+00   6.6342896e+00   2.6499680e+01
   5.4452326e+00   5.4812554e+00   2.7357764e+01
   6.1027015e+00   6.1513711e+00   2.6575539e+01
   5.8523390e+00   5.9335772e+00   2.4159781e+01
   6.7051548e+00   6.7697101e+00   2.5845181e+01
   4.8769572e+00   4.9277271e+00   2.5434889e+01
   6.6533075e+00   6.7230073e+00   2.5471056e+01
   5.1646996e+00   5.4505828e+00   1.8212061e+01
   6.5835128e+00   6.7204869e+00   2.2501132e+01
   4.1116287e+00   4.2020862e+00   2.2368989e+01
   4.9269384e+00   5.1403335e+00   1.9279203e+01
   6.5271956e+00   6.5922675e+00   2.5664227e+01
   5.6367816e+00   5.6879186e+00   2.5990521e+01
   6.3508922e+00   6.4548378e+00   2.3498201e+01
   5.6726383e+00   5.7378492e+00   2.4966985e+01
   5.6235819e+00   5.6559283e+00   2.7963852e+01
   5.4818692e+00   5.5014741e+00   3.0023867e+01
   5.2655073e+00   5.3502896e+00   2.3514316e+01
   5.4777227e+00   5.5473687e+00   2.4529343e+01
   5.3196374e+00   5.4308331e+00   2.2385712e+01
   5.2902660e+00   5.3660568e+00   2.4017923e+01
   4.4863888e+00   4.5525470e+00   2.3996526e+01
   5.2032054e+00   5.2745648e+00   2.4211078e+01
   5.1161828e+00   5.1803404e+00   2.4604251e+01
   5.3452701e+00   5.4088674e+00   2.4819017e+01
   7.1335966e+00   7.2126809e+00   2.5325453e+01
   4.5625256e+00   4.6154708e+00   2.5017397e+01
   6.7105287e+00   6.8298601e+00   2.3199217e+01
   4.6772045e+00   4.7299699e+00   2.5117639e+01
   6.0060017e+00   6.0592334e+00   2.6110128e+01
   4.4594134e+00   4.4993484e+00   2.6162644e+01
   5.2658197e+00   5.3367339e+00   2.4286495e+01
   4.2427395e+00   4.2959455e+00   2.4760718e+01
   5.4522682e+00   5.5136567e+00   2.5055236e+01
   4.0640086e+00   4.0996234e+00   2.6370612e+01
   4.8382749e+00   4.8960574e+00   2.4845525e+01
   4.2685169e+00   4.3065361e+00   2.6235630e+01
   5.3908137e+00   5.4412433e+00   2.5858316e+01
   4.3174159e+00   4.3484807e+00   2.7147085e+01
   6.3694909e+00   6.4328280e+00   2.5652109e+01
   6.7417111e+00   6.8119630e+00   2.5509999e+01
   6.0873288e+00   6.1152289e+00   2.8973398e+01
   7.0773329e+00   7.1068699e+00   2.9538768e+01
   5.7444110e+00   5.7843942e+00   2.7140838e+01
   6.9555112e+00   7.0138451e+00   2.6491075e+01
   5.8951452e+00   5.9386430e+00   2.6895660e+01
   6.8620413e+00   6.9057597e+00   2.7660999e+01
   4.8209673e+00   4.8750521e+00   2.5118733e+01
   6.7715596e+00   6.8104263e+00   2.8095255e+01
   5.5861588e+00   5.6309166e+00   2.6527566e+01
   6.9544448e+00   7.0019462e+00   2.7378726e+01
   5.9935519e+00   6.0583063e+00   2.5252627e+01
   6.5694835e+00   6.6351608e+00   2.5658922e+01
   5.5443384e+00   5.6039525e+00   2.5254158e+01
   6.3494527e+00   6.4265288e+00   2.4787472e+01
   5.7466349e+00   5.8203923e+00   2.4493132e+01
   6.2862531e+00   6.3448316e+00   2.5922125e+01
   4.8705571e+00   4.9365719e+00   2.4293587e+01
   6.3158635e+00   6.4391387e+00   2.2734998e+01
   5.4113866e+00   5.4897250e+00   2.3969184e+01
   6.3223344e+00   6.3964023e+00   2.4937353e+01
   5.3091598e+00   5.3810046e+00   2.4263703e+01
   5.6981187e+00   5.7389258e+00   2.7015908e+01
   5.7563756e+00   5.7949946e+00   2.7300672e+01
   5.8076053e+00   5.8495565e+00   2.6982813e+01
   4.8389258e+00   4.8847390e+00   2.5851032e+01
   5.7385868e+00   5.7804562e+00   2.6936592e+01
   5.3852667e+00   5.4198771e+00   2.7484420e+01
   5.8180991e+00   5.8581805e+00   2.7188612e+01
   5.5951323e+00   5.6629221e+00   2.4738215e+01
   5.3324052e+00   5.3915586e+00   2.5122398e+01
   4.5768943e+00   4.6245676e+00   2.5482313e+01
   5.0951861e+00   5.1562796e+00   2.4799866e+01
   5.2359111e+00   5.2861654e+00   2.5753382e+01
   5.3562660e+00   5.4033485e+00   2.6128804e+01
   4.8442554e+00   4.8827650e+00   2.6607418e+01
   5.6529022e+00   5.7161468e+00   2.5083812e+01
   4.9118926e+00   4.9358650e+00   2.8713418e+01
   5.2692233e+00   5.3079727e+00   2.6905072e+01
   4.9625470e+00   5.0028982e+00   2.6494605e+01
   4.5320078e+00   4.5783901e+00   2.5567900e+01
