   1.6438330e+00   1.6678790e+00   2.6479192e+01
   2.4820148e+00   2.5091724e+00   2.6468964e+01
   1.4994565e+00   1.5317430e+00   2.5114830e+01
   2.6702068e+00   2.7415727e+00   2.2401120e+01
   2.5442228e+00   2.6908425e+00   1.9203278e+01
   2.5813410e+00   2.6805736e+00   2.0915786e+01
   1.9902559e+00   2.1250459e+00   1.9215218e+01
   2.7570750e+00   2.8590133e+00   2.0914342e+01
   2.6016281e+00   2.6372166e+00   2.5373028e+01
   2.6885174e+00   2.7140347e+00   2.6872697e+01
   1.9240232e+00   1.9364020e+00   2.9530421e+01
   2.5610633e+00   2.5759752e+00   2.9121592e+01
   2.1045599e+00   2.1252266e+00   2.7416438e+01
   2.7418742e+00   2.7553377e+00   2.9682424e+01
   1.5359794e+00   1.5525123e+00   2.8041642e+01
   2.7005159e+00   2.7143020e+00   2.9552651e+01
   1.8534971e+00   1.9750175e+00   1.9579573e+01
   2.8642050e+00   2.9563155e+00   2.1423912e+01
   1.5423697e+00   1.5662178e+00   2.6455012e+01
   1.7044388e+00   1.7776009e+00   2.1687766e+01
   2.9085649e+00   2.9259357e+00   2.8686111e+01
   1.6666023e+00   1.6839616e+00   2.7907212e+01
   2.4613623e+00   2.4787925e+00   2.8380312e+01
   1.8773842e+00   1.8905629e+00   2.9230193e+01
   2.7422877e+00   2.7513473e+00   3.1402539e+01
   1.8200232e+00   1.8254380e+00   3.3057572e+01
   2.1234179e+00   2.1434490e+00   2.7563731e+01
   1.8606993e+00   1.8760650e+00   2.8553488e+01
   1.9559217e+00   1.9897290e+00   2.5188955e+01
   1.7287359e+00   1.7550653e+00   2.6136158e+01
   1.4355968e+00   1.4502967e+00   2.8493047e+01
   1.6449405e+00   1.6629195e+00   2.7742050e+01
   2.0383950e+00   2.0534208e+00   2.8759200e+01
   1.7977409e+00   1.8135232e+00   2.8399287e+01
   3.2998556e+00   3.3235094e+00   2.7609510e+01
   1.5322015e+00   1.5459781e+00   2.8831265e+01
   2.6791415e+00   2.6996966e+00   2.7804998e+01
   1.6723434e+00   1.6826366e+00   3.0179760e+01
   3.0759459e+00   3.0874963e+00   3.0568914e+01
   1.7001060e+00   1.7093435e+00   3.0666218e+01
   2.2197143e+00   2.2328898e+00   2.9442284e+01
   1.5347537e+00   1.5445684e+00   3.0305069e+01
   2.0272390e+00   2.0382032e+00   3.0120471e+01
   1.2984215e+00   1.3057698e+00   3.1424386e+01
   1.7726777e+00   1.7908547e+00   2.7770907e+01
   1.5834877e+00   1.5913352e+00   3.1305059e+01
   2.2912972e+00   2.3042657e+00   2.9555969e+01
   1.6296701e+00   1.6392100e+00   3.0484427e+01
   2.1166413e+00   2.1295743e+00   2.9458722e+01
   2.7904415e+00   2.8041480e+00   2.9636585e+01
   2.7263836e+00   2.7357815e+00   3.1232981e+01
   3.1552331e+00   3.1642120e+00   3.1715550e+01
   2.0996445e+00   2.1100635e+00   3.0386623e+01
   3.0971114e+00   3.1108895e+00   2.9817590e+01
   2.0314264e+00   2.0412949e+00   3.0580187e+01
   3.0101542e+00   3.0201865e+00   3.1136609e+01
   1.4612916e+00   1.4791649e+00   2.7659423e+01
   3.0460589e+00   3.0570250e+00   3.0774257e+01
   2.0464242e+00   2.0605658e+00   2.9027428e+01
   3.1046548e+00   3.1200755e+00   2.9333796e+01
   2.7986117e+00   2.8118179e+00   2.9803367e+01
   2.4955414e+00   2.5095048e+00   2.9364797e+01
   2.0928933e+00   2.1070139e+00   2.9062620e+01
   2.3914909e+00   2.4083009e+00   2.8493042e+01
   2.1408903e+00   2.1557242e+00   2.8878438e+01
   2.4425538e+00   2.4559304e+00   2.9517321e+01
   1.6140654e+00   1.6327722e+00   2.7551467e+01
   2.4127883e+00   2.4363669e+00   2.7038005e+01
   2.0938735e+00   2.1110737e+00   2.8206789e+01
   2.4441580e+00   2.4631430e+00   2.7998442e+01
   2.0240201e+00   2.0492233e+00   2.6505345e+01
   2.6704735e+00   2.6796374e+00   3.1306038e+01
   2.1389655e+00   2.1453876e+00   3.2512003e+01
   2.7347066e+00   2.7419823e+00   3.2349622e+01
   1.5635973e+00   1.5783741e+00   2.8545451e+01
   2.7010073e+00   2.7080322e+00   3.2479944e+01
   2.1201525e+00   2.1283253e+00   3.1453605e+01
   2.7848643e+00   2.7937996e+00   3.1490356e+01
   2.1343618e+00   2.1515009e+00   2.8247329e+01
   2.1171522e+00   2.1316567e+00   2.8961183e+01
   1.4602669e+00   1.4754046e+00   2.8380025e+01
   1.9404014e+00   1.9579264e+00   2.8031183e+01
   2.0743274e+00   2.0861151e+00   2.9835073e+01
   2.1134769e+00   2.1279155e+00   2.8978689e+01
   1.7850764e+00   1.7952120e+00   3.0314321e+01
   2.2744427e+00   2.2894581e+00   2.8909137e+01
   1.8274782e+00   1.8348340e+00   3.1731744e+01
   1.8692691e+00   1.8821082e+00   2.9338571e+01
   1.8822419e+00   1.8921225e+00   3.0483674e+01
   1.4406380e+00   1.4543265e+00   2.8805513e+01
