  -1.1428893e+01  -5.0204949e+00  -4.0925508e+00
  -5.4961463e+00   5.4863666e+00  -4.0538553e+00
  -1.1306377e+01  -2.9199011e+00  -5.9149081e+00
  -7.6949664e+00   3.7357324e+00  -5.8384524e+00
  -1.1079996e+01  -2.7774017e+00  -5.7679541e+00
  -7.3080490e+00   4.0073978e+00  -5.5214793e+00
  -1.0823124e+01  -3.1172816e+00  -5.1731919e+00
  -6.9086361e+00   4.2269492e+00  -5.1687142e+00
  -1.0913553e+01  -2.8803139e+00  -5.4853924e+00
  -6.7690982e+00   4.1995468e+00  -5.0074252e+00
  -1.0931369e+01  -2.0078929e+00  -6.2066164e+00
  -8.3617381e+00   2.6462010e+00  -6.1172759e+00
  -1.1094631e+01  -2.5494075e+00  -5.9712256e+00
  -7.7942498e+00   3.5481074e+00  -5.8741802e+00
  -1.0964298e+01  -4.6707870e-01  -7.3084973e+00
  -1.0019110e+01   1.3356419e+00  -7.2953351e+00
  -1.0985760e+01  -1.6938879e+00  -6.5025650e+00
  -8.4084655e+00   3.0963414e+00  -6.3575278e+00
  -9.3236537e+00  -9.2947514e-01  -5.1447902e+00
  -7.8130738e+00   1.6615523e+00  -5.0344940e+00
  -9.2773466e+00  -8.2079528e-01  -5.1687470e+00
  -7.7958481e+00   1.4276771e+00  -4.8878971e+00
  -9.6419231e+00  -1.6532855e+00  -4.9752317e+00
  -7.3173964e+00   2.5280701e+00  -4.9146300e+00
  -9.0199801e+00  -8.4634450e-01  -4.8484596e+00
  -7.0884950e+00   2.0001075e+00  -4.3923721e+00
  -9.6460891e+00  -3.7819574e-01  -5.8954810e+00
  -8.6089004e+00   1.2807158e+00  -5.7219040e+00
  -9.8478746e+00  -1.2070871e+00  -5.5536034e+00
  -8.1394148e+00   1.6910994e+00  -5.4160457e+00
  -9.9068536e+00   3.6154089e-01  -6.6448110e+00
  -1.0001338e+01   3.7585053e-02  -6.5565184e+00
  -9.2659490e+00   6.2563359e-02  -5.7477975e+00
  -8.7337397e+00   7.4961966e-01  -5.5631308e+00
  -9.0069173e+00  -7.2252076e-01  -4.9224849e+00
  -7.5286056e+00   1.5903770e+00  -4.6736174e+00
  -9.0084130e+00  -1.0440764e+00  -4.6886212e+00
  -7.4917268e+00   1.6425013e+00  -4.6601297e+00
  -8.8613834e+00  -7.4208406e-01  -4.7369134e+00
  -6.9239721e+00   2.2214385e+00  -4.3200741e+00
  -8.9606292e+00  -1.2685401e-01  -5.2776141e+00
  -8.3587289e+00   7.9083501e-01  -5.1626412e+00
  -9.3677461e+00  -3.3112060e-01  -5.6096287e+00
  -8.7182347e+00   6.7389765e-01  -5.5011427e+00
  -9.0998955e+00   1.1367993e+00  -6.1888507e+00
  -9.8611380e+00  -3.6904071e-01  -6.1445415e+00
  -8.9756786e+00   4.4127868e-02  -5.4058800e+00
  -8.3624979e+00   9.3812532e-01  -5.2532595e+00
  -9.6106477e+00  -1.9544020e+00  -4.6968173e+00
  -7.1686997e+00   2.5708612e+00  -4.7688123e+00
  -8.8746622e+00  -1.1139693e+00  -4.4757699e+00
  -6.5673367e+00   2.6774905e+00  -4.1424294e+00
  -9.2976223e+00  -6.6853180e-01  -5.2997250e+00
  -8.0349109e+00   1.6511917e+00  -5.2783066e+00
  -9.2886564e+00  -7.2242853e-01  -5.2515841e+00
  -8.0059642e+00   1.6625857e+00  -5.2518644e+00
  -9.6038121e+00   6.6697643e-01  -6.4857053e+00
  -9.9847151e+00   1.1254798e-01  -6.5834235e+00
  -9.1614317e+00   6.1604662e-02  -5.6286725e+00
  -8.5656959e+00   1.1159648e+00  -5.5832012e+00
  -8.5951255e+00  -4.3020715e-01  -4.6453652e+00
  -7.1304090e+00   1.6333093e+00  -4.2409631e+00
  -8.8996977e+00  -3.3063401e-02  -5.2689330e+00
  -8.4030666e+00   7.1989749e-01  -5.1708906e+00
  -8.9374995e+00  -5.1873077e-01  -4.9852341e+00
  -7.8650370e+00   1.3155520e+00  -4.9039392e+00
  -8.9960686e+00   1.1190762e+00  -6.0643935e+00
  -9.8151203e+00  -4.5193094e-01  -6.0385201e+00
  -8.8081368e+00   6.4198965e-02  -5.2267661e+00
  -8.3411687e+00   7.1000724e-01  -5.0943485e+00
  -1.0333436e+01  -1.5247800e+00  -5.8815517e+00
  -8.0921100e+00   3.1551239e+00  -6.0401801e+00
  -1.0663372e+01  -2.1166634e+00  -5.8133276e+00
  -7.7316670e+00   4.0231763e+00  -5.9827831e+00
  -1.0632618e+01  -4.8897431e-01  -6.9290487e+00
  -9.5821341e+00   2.2639591e+00  -7.2643190e+00
  -1.0081146e+01  -7.6755997e-01  -6.1291340e+00
  -8.4658634e+00   2.7357440e+00  -6.2690105e+00
  -1.1660355e+01  -3.1100688e+00  -6.1692403e+00
  -7.7920707e+00   4.0596462e+00  -6.0603487e+00
  -1.2248915e+01  -2.2829159e+00  -7.4874791e+00
  -9.3999972e+00   3.2148952e+00  -7.4616113e+00
  -1.1864100e+01  -2.5240616e+00  -6.8734244e+00
  -8.5275849e+00   3.6424281e+00  -6.6954956e+00
  -1.0548905e+01  -5.6459561e-01  -6.7878175e+00
  -9.3122775e+00   1.7891694e+00  -6.7542690e+00
  -1.0547720e+01  -1.1390674e+00  -6.4021080e+00
  -8.8042618e+00   1.8703099e+00  -6.2405007e+00
  -1.2419050e+01  -2.9466628e+00  -7.1697983e+00
  -8.7983088e+00   3.4862780e+00  -6.9257954e+00
