  -1.1132545e+01  -3.0371851e+00  -5.6117146e+00
  -6.1293830e+00   7.5284508e+00  -5.2316309e+00
  -1.1208255e+01  -2.2721735e+00  -6.3213002e+00
  -7.1040100e+00   6.9171177e+00  -6.1244582e+00
  -1.0206134e+01   1.8809130e-01  -6.8729594e+00
  -7.0490073e+00   6.2894180e+00  -5.9261938e+00
  -1.0512878e+01  -1.1557056e+00  -6.3511469e+00
  -6.5544488e+00   7.2041044e+00  -5.6109055e+00
  -1.0746901e+01  -4.9768731e-01  -7.0498847e+00
  -7.2833231e+00   6.4207706e+00  -6.2022153e+00
  -1.0941415e+01  -1.7822650e+00  -6.3872871e+00
  -6.8468533e+00   6.7184726e+00  -5.8132157e+00
  -1.0909784e+01   4.8938697e-01  -7.8106264e+00
  -8.7265410e+00   5.4068047e+00  -7.4565553e+00
  -1.1018262e+01   1.2775757e+00  -8.3361092e+00
  -9.6966738e+00   4.6651981e+00  -8.2584796e+00
  -1.0988172e+01   2.1078754e+00  -8.6868638e+00
  -9.8823934e+00   4.8296050e+00  -8.4982418e+00
  -9.7779898e+00  -7.6872845e-01  -5.7833196e+00
  -7.3220325e+00   3.8285971e+00  -5.4704393e+00
  -9.0499714e+00   1.4255529e+00  -6.2864023e+00
  -7.4153246e+00   2.9262905e+00  -5.2050032e+00
  -9.3060013e+00   4.9726287e-01  -6.0572248e+00
  -7.1252213e+00   3.7496304e+00  -5.2266280e+00
  -8.7294969e+00   1.6903580e+00  -6.0693153e+00
  -7.6228605e+00   2.5161904e+00  -5.2485257e+00
  -9.4573354e+00   1.6955149e-01  -6.0299018e+00
  -7.2460746e+00   3.7595722e+00  -5.3618845e+00
  -9.6769369e+00   1.7483884e+00  -7.1288104e+00
  -9.1462725e+00   1.9578933e+00  -6.6549355e+00
  -9.5805023e+00   2.4240985e+00  -7.3325323e+00
  -9.8522119e+00   1.1216751e+00  -7.0049313e+00
  -9.3229773e+00   3.9040520e+00  -7.6283839e+00
  -1.0375410e+01   5.0087869e-01  -7.2380453e+00
  -8.6798988e+00   1.5644367e+00  -5.9504952e+00
  -7.2754068e+00   2.3192242e+00  -4.7666666e+00
  -8.7937550e+00   9.2567048e-01  -5.7317753e+00
  -7.2253752e+00   2.4122894e+00  -4.7560756e+00
  -8.9298710e+00   1.4803090e+00  -6.1826557e+00
  -7.5468630e+00   2.4648060e+00  -5.1401230e+00
  -8.9483139e+00   5.0917333e-02  -5.3789355e+00
  -6.9048519e+00   2.8216292e+00  -4.5910769e+00
  -9.0260905e+00   3.1273722e+00  -7.0309472e+00
  -9.7806589e+00   1.5127214e-01  -6.3801320e+00
  -8.9544225e+00   3.0186686e+00  -6.9114317e+00
  -9.7088739e+00   3.4396992e-01  -6.4154115e+00
  -8.9386625e+00   3.5790582e+00  -7.1088803e+00
  -9.8795687e+00   2.0490774e-01  -6.5222250e+00
  -9.3046860e+00   1.0011851e-01  -5.8151182e+00
  -6.8262334e+00   4.9148296e+00  -5.3112540e+00
  -8.7749151e+00   1.0393232e+00  -5.7745459e+00
  -6.9082514e+00   4.6053867e+00  -5.2989649e+00
  -9.1887370e+00  -3.7103816e-01  -5.3777073e+00
  -6.4572657e+00   5.3891625e+00  -5.0607317e+00
  -9.2202802e+00   2.4121627e+00  -6.9417445e+00
  -9.0012169e+00   3.1279908e+00  -7.0046983e+00
  -9.3647006e+00   2.6199655e+00  -7.1856579e+00
  -9.5975900e+00   2.5322481e+00  -7.3969686e+00
  -9.2238198e+00   3.7528567e+00  -7.4720571e+00
  -9.9656863e+00   2.2196271e+00  -7.6540662e+00
  -8.4884597e+00   2.0787531e+00  -5.9954396e+00
  -7.6064668e+00   3.2586749e+00  -5.5554975e+00
  -8.6684141e+00   3.3247885e-01  -5.2369496e+00
  -6.7530461e+00   4.1144921e+00  -4.9588701e+00
  -8.8394333e+00   2.3334833e+00  -6.4961584e+00
  -8.7239251e+00   2.6016427e+00  -6.4900132e+00
  -8.8189459e+00   2.9372835e+00  -6.7335909e+00
  -9.4511644e+00   1.7701222e+00  -6.8954893e+00
  -8.8964832e+00   3.4959816e+00  -7.0336569e+00
  -9.7205365e+00   1.7064309e+00  -7.1556767e+00
  -1.0121509e+01  -1.0603902e+00  -5.9731114e+00
  -6.6827062e+00   6.3453823e+00  -5.5548188e+00
  -1.0338424e+01   1.1173778e+00  -7.5287078e+00
  -8.7205557e+00   5.2566269e+00  -7.4101508e+00
  -1.0238923e+01   1.5992303e+00  -7.6608718e+00
  -9.3614645e+00   4.3444884e+00  -7.8123378e+00
  -1.0082961e+01   3.0364974e+00  -8.1136689e+00
  -1.0013994e+01   3.5261357e+00  -8.2217208e+00
  -1.1536852e+01  -1.9135398e-01  -8.0989384e+00
  -8.7381176e+00   5.0273946e+00  -7.3649406e+00
  -1.1876832e+01  -1.3865462e-01  -8.4953912e+00
  -9.3881970e+00   4.7160712e+00  -7.9527965e+00
  -1.1681842e+01   1.3852990e+00  -9.0893969e+00
  -1.0138019e+01   3.8159495e+00  -8.4510570e+00
  -1.0543842e+01   1.1917461e+00  -7.7872175e+00
  -9.1926666e+00   3.8334307e+00  -7.4672436e+00
  -1.0594548e+01   2.5525463e+00  -8.4599466e+00
  -1.0309534e+01   2.4281981e+00  -8.1081989e+00
  -1.2348439e+01   7.3335874e-01  -9.4703241e+00
  -1.0317697e+01   3.9299576e+00  -8.6757703e+00
