  -1.1153750e+01  -4.1425426e-02  -7.7727997e+00
  -9.2900867e+00   4.6429851e+00  -7.8290570e+00
  -1.1297347e+01  -8.8115548e-01  -7.4104595e+00
  -9.0272583e+00   4.9870434e+00  -7.6549919e+00
  -1.0728356e+01   7.6642188e-02  -7.3795197e+00
  -7.6502406e+00   6.0814087e+00  -6.5053105e+00
  -1.0671680e+01  -1.9498378e+00  -5.9520189e+00
  -6.6135936e+00   7.2143778e+00  -5.6747162e+00
  -1.0605675e+01   2.1507315e+00  -8.3023959e+00
  -9.3018199e+00   4.1081516e+00  -7.6742240e+00
  -1.1348409e+01   9.0737017e-01  -8.5017883e+00
  -9.9748497e+00   4.4194724e+00  -8.4739901e+00
  -1.0870663e+01   2.4576854e+00  -8.7109728e+00
  -1.0837072e+01   2.9661706e+00  -8.8766143e+00
  -1.1093180e+01   1.9126829e+00  -8.7117677e+00
  -1.0675058e+01   3.3751723e+00  -8.8580350e+00
  -1.1047074e+01   2.8352729e+00  -9.0456531e+00
  -1.0945691e+01   3.6153081e+00  -9.2225667e+00
  -9.9659962e+00   3.4915076e-01  -6.7028343e+00
  -9.0501930e+00   2.4149892e+00  -6.7600966e+00
  -9.2581805e+00   1.7965843e+00  -6.6991746e+00
  -8.1905869e+00   2.3348260e+00  -5.7897155e+00
  -9.1518968e+00  -8.2413355e-02  -5.5257592e+00
  -7.1261455e+00   3.4954761e+00  -5.1273192e+00
  -8.7804696e+00   4.1255888e+00  -7.1321374e+00
  -9.5177353e+00   7.8798980e-01  -6.4586862e+00
  -9.5636349e+00   2.8722950e+00  -7.5010268e+00
  -1.0332963e+01   5.8497009e-01  -7.2387066e+00
  -9.4055646e+00   3.8875931e+00  -7.7094800e+00
  -1.1273518e+01  -4.2633903e-01  -7.6719314e+00
  -9.6774718e+00   2.9990219e+00  -7.6717326e+00
  -1.0719529e+01   3.1899194e-01  -7.5096597e+00
  -9.5103699e+00   4.4383469e+00  -7.9967731e+00
  -1.1438291e+01  -3.3049491e-01  -7.9093323e+00
  -8.5128415e+00   2.2421276e+00  -6.0992410e+00
  -8.0171381e+00   1.4649461e+00  -5.1587060e+00
  -8.8635387e+00   1.6559000e-01  -5.3550721e+00
  -7.2475441e+00   2.4027861e+00  -4.7763193e+00
  -8.5352880e+00   4.6940983e+00  -7.0549597e+00
  -9.7166229e+00   7.8528207e-02  -6.2644656e+00
  -9.0312233e+00   3.0066566e+00  -6.9885873e+00
  -9.9535285e+00   1.3999968e-03  -6.4813167e+00
  -8.8828433e+00   5.3924123e+00  -7.6152388e+00
  -1.1985183e+01  -2.0712747e+00  -7.3496708e+00
  -9.1312357e+00   3.9367644e+00  -7.4379827e+00
  -1.0905911e+01  -6.8631686e-01  -7.1050627e+00
  -9.0512298e+00   4.2211487e+00  -7.4482595e+00
  -1.0964391e+01  -7.5623990e-01  -7.1244799e+00
  -9.1778548e+00  -5.0982324e-01  -5.2708420e+00
  -6.8297891e+00   4.3544889e+00  -5.1285076e+00
  -8.8814681e+00   3.3654563e+00  -6.9688311e+00
  -8.9097769e+00   2.6888477e+00  -6.7275889e+00
  -9.2231021e+00   2.6425346e+00  -7.0438612e+00
  -9.6195375e+00   2.1562628e+00  -7.2563281e+00
  -9.3646902e+00   4.2673656e+00  -7.7913749e+00
  -1.1108503e+01   1.1713913e+00  -8.3796926e+00
  -9.3148170e+00   3.5682624e+00  -7.5024800e+00
  -1.0727939e+01   1.1663364e+00  -7.9715089e+00
  -9.1054775e+00   4.6151771e+00  -7.6281420e+00
  -1.0983550e+01   9.7516252e-01  -8.1476755e+00
  -8.4394091e+00   4.7590786e+00  -6.9739034e+00
  -9.6024742e+00   1.2425532e+00  -6.7960834e+00
  -8.9696092e+00   3.0048079e+00  -6.9220890e+00
  -9.8122060e+00   1.3995909e+00  -7.1039186e+00
  -8.9604114e+00   4.1677363e+00  -7.3354641e+00
  -1.0833370e+01   5.5584978e-01  -7.7646680e+00
  -8.9030005e+00   3.5166004e+00  -7.0481885e+00
  -1.0292937e+01   8.7170398e-01  -7.3511281e+00
  -8.9643259e+00   4.3900484e+00  -7.4110773e+00
  -1.0941621e+01   4.0993749e-01  -7.8010521e+00
  -1.0100918e+01   1.7527306e+00  -7.5860720e+00
  -9.5915127e+00   3.3853413e+00  -7.7275191e+00
  -9.8210379e+00   3.5321244e+00  -8.0217488e+00
  -1.0874351e+01   2.0216974e+00  -8.5294449e+00
  -1.0179959e+01   2.6681543e+00  -8.0705066e+00
  -1.0569620e+01   2.5769583e+00  -8.4436953e+00
  -1.0015165e+01   3.8837954e+00  -8.3456814e+00
  -1.1110083e+01   2.0814496e+00  -8.8035547e+00
  -1.1616314e+01   1.4000363e+00  -9.0274124e+00
  -1.0646200e+01   3.2744634e+00  -8.7918164e+00
  -1.1930737e+01   3.4879416e-01  -8.8264798e+00
  -1.0218885e+01   3.8699167e+00  -8.5532520e+00
  -1.1473354e+01   2.3427760e+00  -9.2941206e+00
  -1.1198484e+01   2.5342541e+00  -9.0851473e+00
  -1.0507517e+01   2.3607182e+00  -8.2887376e+00
  -1.0471843e+01   2.2793897e+00  -8.2165446e+00
  -1.0805867e+01   3.2818882e+00  -8.9607790e+00
  -1.1441985e+01   1.5600159e+00  -8.9188192e+00
  -1.2207949e+01   1.4974922e+00  -9.6930820e+00
  -1.1249314e+01   2.8598825e+00  -9.2657183e+00
