  -1.1278370e+01  -2.0253463e+00  -6.5892901e+00
  -7.3815581e+00   6.5826345e+00  -6.3412738e+00
  -1.1199184e+01  -2.1197915e+00  -6.4278824e+00
  -7.3563598e+00   6.6279104e+00  -6.3250323e+00
  -1.0010638e+01   1.3893104e+00  -7.3130721e+00
  -7.9799635e+00   4.9853350e+00  -6.5579797e+00
  -1.0597932e+01  -6.7862138e-01  -6.7684463e+00
  -7.1274656e+00   6.7534506e+00  -6.1139349e+00
  -1.0640079e+01   8.0319420e-01  -7.6895999e+00
  -8.2277036e+00   5.3784665e+00  -6.9287992e+00
  -1.1083151e+01  -1.4959292e+00  -6.7548351e+00
  -7.0220436e+00   6.7911448e+00  -6.0121486e+00
  -1.0878595e+01   1.4936699e+00  -8.2921413e+00
  -9.7887539e+00   4.1529897e+00  -8.1975029e+00
  -1.1065112e+01   1.3785366e+00  -8.4348739e+00
  -9.8705917e+00   4.4605633e+00  -8.3782023e+00
  -1.1199650e+01   2.7056617e+00  -9.1543961e+00
  -1.0516419e+01   4.3923320e+00  -9.0266015e+00
  -9.9768933e+00  -8.1599064e-01  -5.9778005e+00
  -7.5621709e+00   3.8340672e+00  -5.7319776e+00
  -9.1912886e+00   2.3028838e+00  -6.8622186e+00
  -8.3425040e+00   2.1942855e+00  -5.8903830e+00
  -9.3213835e+00   1.0301188e+00  -6.3754531e+00
  -7.6942191e+00   3.1767285e+00  -5.6173146e+00
  -8.6420281e+00   2.9705369e+00  -6.5573957e+00
  -8.5071363e+00   1.6645583e+00  -5.8109401e+00
  -9.4325593e+00   5.6899919e-01  -6.2400452e+00
  -7.4151079e+00   3.5183695e+00  -5.4518027e+00
  -9.6077073e+00   2.7351486e+00  -7.4922245e+00
  -1.0197914e+01   8.1523935e-01  -7.2178201e+00
  -9.5456474e+00   2.6079406e+00  -7.3735344e+00
  -1.0022371e+01   9.1182903e-01  -7.0789286e+00
  -9.3847688e+00   4.7363836e+00  -7.9551674e+00
  -1.1118809e+01  -1.8356642e-01  -7.6506774e+00
  -8.6975304e+00   2.5214282e+00  -6.4264126e+00
  -8.1889078e+00   1.4901246e+00  -5.3653234e+00
  -8.8623555e+00   1.3734210e+00  -6.0525486e+00
  -7.7510609e+00   2.0130948e+00  -5.1471079e+00
  -8.9868744e+00   2.7369699e+00  -6.8306351e+00
  -8.5105491e+00   1.6536444e+00  -5.8091273e+00
  -9.0022322e+00   4.1947913e-01  -5.6697561e+00
  -7.0602645e+00   2.7602035e+00  -4.7363872e+00
  -8.9538752e+00   4.1979623e+00  -7.3384861e+00
  -1.0883568e+01  -1.0127487e+00  -6.8652709e+00
  -8.9811242e+00   3.2048104e+00  -7.0132777e+00
  -9.9208398e+00   2.0342720e-01  -6.5670780e+00
  -9.0126513e+00   4.3278466e+00  -7.4420459e+00
  -1.0571490e+01  -4.3825871e-01  -6.8935137e+00
  -9.3676074e+00   4.8317014e-01  -6.1177005e+00
  -7.2971963e+00   4.5065264e+00  -5.6835193e+00
  -8.8498316e+00   2.1314573e+00  -6.4147273e+00
  -7.8043722e+00   3.8792880e+00  -6.0090489e+00
  -9.2272690e+00  -7.1201563e-03  -5.6598627e+00
  -6.6248780e+00   5.2999503e+00  -5.2136062e+00
  -9.3671804e+00   3.3171591e+00  -7.4655477e+00
  -1.0114548e+01   2.1527948e+00  -7.7829752e+00
  -9.2890740e+00   2.8864929e+00  -7.2150235e+00
  -9.8108522e+00   2.1726159e+00  -7.4682303e+00
  -9.2177164e+00   4.5215486e+00  -7.7169673e+00
  -1.0580992e+01   1.5759609e+00  -8.0148973e+00
  -8.4269085e+00   3.4461516e+00  -6.5147437e+00
  -8.5427379e+00   2.3502610e+00  -6.1816831e+00
  -8.6955428e+00   6.9174741e-01  -5.4860457e+00
  -6.9044733e+00   3.9710250e+00  -5.0704412e+00
  -8.9145520e+00   3.1684685e+00  -6.9282113e+00
  -9.7435077e+00   1.6227070e+00  -7.1399626e+00
  -8.8475410e+00   3.0252211e+00  -6.7998443e+00
  -9.5630896e+00   1.6707577e+00  -6.9684701e+00
  -9.0194743e+00   4.1971088e+00  -7.4071171e+00
  -1.0396744e+01   1.1669917e+00  -7.6167943e+00
  -1.0015896e+01  -5.5951819e-01  -6.1944310e+00
  -6.8617440e+00   5.9687718e+00  -5.6497931e+00
  -1.0159263e+01   2.3079775e+00  -7.8980893e+00
  -9.8330687e+00   3.6760411e+00  -8.0848978e+00
  -1.0149619e+01   1.8736614e+00  -7.6943960e+00
  -9.5716900e+00   3.9036328e+00  -7.8890110e+00
  -1.0090842e+01   3.8624478e+00  -8.4174448e+00
  -1.0687590e+01   2.7986409e+00  -8.6558685e+00
  -1.1509332e+01   6.7143592e-01  -8.5506467e+00
  -9.6840883e+00   4.0795473e+00  -8.0646718e+00
  -1.1809527e+01   5.4645668e-02  -8.5341144e+00
  -9.5584010e+00   4.4367947e+00  -8.0463334e+00
  -1.1591130e+01   2.3138929e+00  -9.4050471e+00
  -1.0837264e+01   2.9233335e+00  -8.8605207e+00
  -1.0447962e+01   1.5379544e+00  -7.8549150e+00
  -9.4366461e+00   3.4457270e+00  -7.5864780e+00
  -1.0702180e+01   3.2739329e+00  -8.8499540e+00
  -1.0991398e+01   1.8962956e+00  -8.5972441e+00
  -1.2378031e+01   1.4177967e+00  -9.8339205e+00
  -1.0908901e+01   3.3858575e+00  -9.1049695e+00
