  -1.1322630e+01  -4.0170998e+00  -4.9613832e+00
  -6.8193156e+00   3.9208257e+00  -4.9586053e+00
  -1.1579423e+01  -4.0536586e+00  -5.2407512e+00
  -6.9739401e+00   4.1790547e+00  -5.2222807e+00
  -1.0851662e+01  -3.7532859e+00  -4.6289304e+00
  -6.4742122e+00   3.9785331e+00  -4.6026201e+00
  -1.0779819e+01  -3.5527708e+00  -4.7278027e+00
  -6.5933186e+00   3.9277145e+00  -4.7138480e+00
  -1.0918262e+01  -2.5150368e+00  -5.7933936e+00
  -7.9004113e+00   2.7543444e+00  -5.6619308e+00
  -1.1051669e+01  -1.9442143e+00  -6.3922695e+00
  -8.9300400e+00   1.8302245e+00  -6.3583797e+00
  -1.1129329e+01  -3.3387079e+00  -5.3464492e+00
  -7.2976634e+00   3.5335821e+00  -5.3299506e+00
  -1.1220037e+01  -1.6534215e+00  -6.7963005e+00
  -9.3814647e+00   1.7192211e+00  -6.7953869e+00
  -1.0953645e+01  -2.5170789e+00  -5.8330716e+00
  -7.9825684e+00   2.9028088e+00  -5.8160502e+00
  -9.3523293e+00  -1.9152651e+00  -4.4155550e+00
  -7.0094252e+00   2.1733167e+00  -4.3925766e+00
  -9.5525548e+00  -2.3014023e+00  -4.3347362e+00
  -6.9202368e+00   2.1954086e+00  -4.3024212e+00
  -9.6058927e+00  -2.1308426e+00  -4.5449876e+00
  -6.9678652e+00   2.5206084e+00  -4.5191959e+00
  -9.2250650e+00  -6.6692491e-01  -5.2166508e+00
  -8.1962751e+00   9.9138417e-01  -5.0954598e+00
  -9.9908421e+00  -5.2270781e-01  -6.1904274e+00
  -9.2877534e+00   6.9260420e-01  -6.1502004e+00
  -9.7355934e+00  -1.9686695e+00  -4.8356144e+00
  -7.5019020e+00   1.9055657e+00  -4.8120053e+00
  -9.7916638e+00  -3.2649273e-01  -6.0937708e+00
  -9.4615649e+00   2.4271253e-01  -6.0792146e+00
  -9.4744510e+00  -7.9843906e-01  -5.4135377e+00
  -8.4758306e+00   9.5390844e-01  -5.3905284e+00
  -8.9481062e+00  -1.7954065e+00  -4.0186884e+00
  -6.7718221e+00   1.9385184e+00  -3.9957997e+00
  -8.9904026e+00  -1.7028049e+00  -4.1480613e+00
  -6.9098662e+00   1.9009207e+00  -4.1345465e+00
  -8.7139984e+00  -9.7146029e-02  -5.0124256e+00
  -8.1807188e+00   7.0795797e-01  -4.9093653e+00
  -9.0034377e+00   2.5397332e-01  -5.5697642e+00
  -9.1534604e+00  -6.6047871e-02  -5.5381050e+00
  -9.1462656e+00  -1.0531384e+00  -4.8454664e+00
  -8.0626254e+00   8.0711093e-01  -4.8337193e+00
  -8.7269873e+00   9.4280717e-01  -5.6666934e+00
  -9.5973550e+00  -6.3981310e-01  -5.6648758e+00
  -8.8452513e+00  -5.4490872e-01  -4.8588662e+00
  -8.0205817e+00   9.1573040e-01  -4.8504540e+00
  -9.4077803e+00  -2.5599212e+00  -3.9262763e+00
  -6.4999686e+00   2.3952694e+00  -3.9245713e+00
  -9.0143967e+00  -7.9086847e-01  -4.8821225e+00
  -7.8202875e+00   1.2020361e+00  -4.7884043e+00
  -9.2270687e+00  -2.6417183e-01  -5.4929528e+00
  -8.8180204e+00   4.5395053e-01  -5.4822195e+00
  -9.5110149e+00  -1.7970773e+00  -4.7044253e+00
  -7.4279884e+00   1.8648257e+00  -4.7070083e+00
  -9.6308806e+00  -1.0936956e-01  -6.0514050e+00
  -9.5315129e+00   9.2389230e-02  -6.0657146e+00
  -9.2282584e+00  -7.9619488e-01  -5.1290119e+00
  -8.2235694e+00   9.9808432e-01  -5.1303622e+00
  -8.5029424e+00   2.4454463e-02  -4.8479910e+00
  -8.2398938e+00   3.2360797e-01  -4.7373899e+00
  -8.9146029e+00   2.0752090e-01  -5.4397815e+00
  -9.0684926e+00  -1.1654181e-01  -5.4082148e+00
  -8.9317200e+00  -1.3058478e+00  -4.3959780e+00
  -7.3126838e+00   1.5093577e+00  -4.3812258e+00
  -8.9588975e+00   2.9653033e-01  -5.5455613e+00
  -9.1631556e+00  -7.9981839e-02  -5.5401777e+00
  -9.1377298e+00  -9.2629984e-01  -4.9289207e+00
  -7.9982823e+00   1.0670812e+00  -4.9138134e+00
  -1.0018635e+01  -1.0107849e+00  -5.8903796e+00
  -8.7889914e+00   1.2691272e+00  -5.9158948e+00
  -1.0436432e+01  -2.7187677e+00  -5.0526884e+00
  -7.2719042e+00   3.0093965e+00  -5.0832755e+00
  -1.0204706e+01  -6.9073310e-01  -6.3202262e+00
  -9.3776675e+00   9.2868445e-01  -6.3821011e+00
  -1.0154802e+01  -1.6304516e+00  -5.5958486e+00
  -8.1785144e+00   2.0367049e+00  -5.6339445e+00
  -1.1329344e+01  -3.7479163e+00  -5.2197802e+00
  -7.0496704e+00   3.9048457e+00  -5.2035656e+00
  -1.2190375e+01  -3.0238802e+00  -6.8492139e+00
  -8.9024577e+00   2.9863362e+00  -6.8429021e+00
  -1.1760736e+01  -3.2521896e+00  -6.1668286e+00
  -8.1021762e+00   3.3974219e+00  -6.1475956e+00
  -1.1067659e+01  -1.4169031e+00  -6.7932059e+00
  -9.2288261e+00   2.0429981e+00  -6.7842154e+00
  -1.1003160e+01  -2.3369660e+00  -6.0344326e+00
  -8.4302052e+00   2.2502460e+00  -6.0127353e+00
  -1.2328633e+01  -3.7422949e+00  -6.4086693e+00
  -8.2508645e+00   3.5914620e+00  -6.3812891e+00
