  -1.0991930e+01  -3.1053494e+00  -5.3860198e+00
  -5.7658976e+00   8.0492416e+00  -4.9494125e+00
  -1.1124208e+01  -2.6900990e+00  -5.8915328e+00
  -6.7790275e+00   7.3464492e+00  -5.8733686e+00
  -1.0597764e+01   1.9551129e-01  -7.3063675e+00
  -7.1599012e+00   7.2210136e+00  -6.2444583e+00
  -1.0379244e+01  -1.7815148e+00  -5.7419855e+00
  -5.8972593e+00   7.9104394e+00  -5.0613855e+00
  -1.0562623e+01  -1.4207091e+00  -6.2198411e+00
  -6.4429655e+00   7.2854826e+00  -5.5110069e+00
  -1.0676924e+01  -5.1267538e-01  -6.9630229e+00
  -8.1549132e+00   5.4542673e+00  -6.8730641e+00
  -1.0706271e+01  -9.1073743e-01  -6.7358729e+00
  -7.1171253e+00   7.0379337e+00  -6.1631942e+00
  -1.0681992e+01   1.2135244e+00  -7.9460296e+00
  -9.3078841e+00   4.7847509e+00  -7.8892443e+00
  -1.0852572e+01  -7.1905730e-01  -7.0248882e+00
  -7.3501433e+00   7.5445792e+00  -6.5029904e+00
  -8.9526873e+00  -4.9409555e-01  -5.0201161e+00
  -7.0110785e+00   3.2981950e+00  -4.9194941e+00
  -8.9092126e+00   2.1396883e+00  -6.4830439e+00
  -7.7166314e+00   2.7590353e+00  -5.4625376e+00
  -9.3411378e+00  -4.8542442e-01  -5.4758139e+00
  -6.2919493e+00   4.7493867e+00  -4.6811984e+00
  -8.7190060e+00   6.4184856e-01  -5.4830189e+00
  -6.8364871e+00   3.3786503e+00  -4.7606045e+00
  -9.4543083e+00   1.0856313e+00  -6.5514649e+00
  -8.4613629e+00   2.7104693e+00  -6.2532574e+00
  -9.4688882e+00   3.9917954e-01  -6.1811088e+00
  -7.5892523e+00   3.4087945e+00  -5.5975371e+00
  -9.6642085e+00   1.9291950e+00  -7.2004055e+00
  -9.4072090e+00   1.9343191e+00  -6.9260587e+00
  -8.9632105e+00   1.1613625e+00  -6.0509349e+00
  -7.7642289e+00   2.7609790e+00  -5.5156550e+00
  -8.5608216e+00   2.2031729e+00  -6.1334491e+00
  -7.5136299e+00   2.2276973e+00  -4.9885905e+00
  -8.7054805e+00   1.0293667e-01  -5.1336900e+00
  -6.4364155e+00   3.1038957e+00  -4.1946884e+00
  -8.4463110e+00   8.0621712e-01  -5.2712765e+00
  -6.7625411e+00   2.8538736e+00  -4.4464934e+00
  -8.6726198e+00   1.5169947e+00  -5.9179065e+00
  -8.3516291e+00   1.3338392e+00  -5.4632698e+00
  -9.0721804e+00   1.3784860e+00  -6.2863888e+00
  -8.0915072e+00   1.9383196e+00  -5.4888418e+00
  -8.8769046e+00   2.7167489e+00  -6.7040913e+00
  -9.3227199e+00   7.2077745e-01  -6.2051041e+00
  -8.5965997e+00   1.1594849e+00  -5.6419195e+00
  -7.5040049e+00   2.2131980e+00  -4.9706563e+00
  -9.2498213e+00  -8.1096398e-01  -5.1436460e+00
  -5.9193875e+00   5.8881036e+00  -4.6271386e+00
  -8.6019136e+00   2.8491850e-01  -5.1308405e+00
  -6.2639159e+00   5.1901287e+00  -4.7931266e+00
  -8.9777160e+00   8.9779534e-01  -5.9215254e+00
  -7.8531761e+00   4.0647113e+00  -6.1274660e+00
  -8.9697095e+00   9.0830841e-01  -5.9185184e+00
  -7.3100909e+00   4.7069027e+00  -5.7626307e+00
  -9.2175918e+00   2.4651658e+00  -6.9619934e+00
  -9.3035435e+00   3.0096146e+00  -7.2796543e+00
  -8.8278551e+00   1.2142256e+00  -5.9294461e+00
  -7.4925745e+00   4.2897941e+00  -5.8196340e+00
  -8.2018360e+00   1.0619828e+00  -5.1425050e+00
  -6.6692083e+00   4.1262046e+00  -4.8718098e+00
  -8.6308751e+00   1.4737723e+00  -5.8491420e+00
  -8.1437753e+00   3.1117920e+00  -6.0783485e+00
  -8.4903740e+00   1.0700223e+00  -5.4729299e+00
  -7.1016322e+00   3.9994870e+00  -5.2952522e+00
  -8.6164259e+00   2.7507215e+00  -6.4380789e+00
  -9.0497963e+00   2.2305799e+00  -6.6770475e+00
  -8.5289476e+00   1.0920270e+00  -5.5286220e+00
  -7.2561096e+00   3.8456060e+00  -5.4054009e+00
  -9.9683191e+00   5.5626814e-02  -6.5308211e+00
  -7.9143085e+00   5.2788636e+00  -6.5730307e+00
  -1.0296234e+01  -5.0302306e-01  -6.5459727e+00
  -7.0776738e+00   6.9052706e+00  -6.0945353e+00
  -1.0441066e+01   1.1088119e+00  -7.6347752e+00
  -9.0326179e+00   5.1229698e+00  -7.6984357e+00
  -9.7480608e+00   3.3328200e-01  -6.4525754e+00
  -7.4268427e+00   5.6006019e+00  -6.1485672e+00
  -1.1048821e+01  -1.3581755e+00  -6.8132065e+00
  -7.1187780e+00   6.2251907e+00  -5.9839394e+00
  -1.2002262e+01  -8.2501564e-01  -8.2154078e+00
  -8.8383126e+00   5.7911715e+00  -7.6701437e+00
  -1.1404687e+01  -1.3300227e+00  -7.2293014e+00
  -7.5547517e+00   6.2001764e+00  -6.4340805e+00
  -1.0229451e+01   1.0133200e+00  -7.3572043e+00
  -8.7293437e+00   4.2090450e+00  -7.1058646e+00
  -1.0315500e+01  -6.4038755e-02  -6.8425498e+00
  -7.7697870e+00   4.8468063e+00  -6.2946671e+00
  -1.2182978e+01  -1.9487193e+00  -7.6576125e+00
  -7.7658872e+00   6.4931583e+00  -6.7212568e+00
