  -1.1436273e+01  -1.1477434e+00  -7.3876276e+00
  -9.6017551e+00   2.8007623e+00  -7.5126319e+00
  -1.1391774e+01  -1.1722999e+00  -7.3220293e+00
  -9.3052239e+00   3.0673693e+00  -7.3041831e+00
  -1.0630690e+01  -5.5146785e-01  -6.8870477e+00
  -8.6980733e+00   3.0092385e+00  -6.6333206e+00
  -1.0862997e+01  -2.0805381e+00  -6.0724131e+00
  -7.7167813e+00   4.2550677e+00  -6.0475437e+00
  -1.0656748e+01   1.3964536e+00  -8.0092993e+00
  -9.8783732e+00   1.8523682e+00  -7.3944418e+00
  -1.1520351e+01  -4.3641151e-01  -7.9340877e+00
  -1.0039256e+01   2.5099282e+00  -7.8566230e+00
  -1.0955443e+01   1.3315666e+00  -8.2957076e+00
  -1.1028937e+01   1.0889430e+00  -8.2538449e+00
  -1.1188457e+01   7.6089449e-01  -8.2554821e+00
  -1.1078244e+01   1.2588275e+00  -8.3906456e+00
  -1.1302267e+01   1.6200363e+00  -8.7994340e+00
  -1.1366346e+01   1.5006776e+00  -8.8114492e+00
  -1.0212970e+01  -2.0733977e-02  -6.7555591e+00
  -9.3068010e+00   1.4917442e+00  -6.6013622e+00
  -9.5421197e+00   7.1179730e-01  -6.4428950e+00
  -9.1822028e+00   7.4511485e-01  -6.0627737e+00
  -9.3467332e+00  -2.1130566e-01  -5.6643051e+00
  -8.2034473e+00   1.7464694e+00  -5.5160013e+00
  -8.9276556e+00   3.2170287e+00  -6.9610899e+00
  -1.0048665e+01  -4.1863240e-01  -6.3233089e+00
  -9.6516453e+00   1.6049015e+00  -7.0320766e+00
  -1.0268720e+01  -3.4719110e-02  -6.8086896e+00
  -9.5491718e+00   2.7802785e+00  -7.4484898e+00
  -1.1383298e+01  -1.2425789e+00  -7.2652024e+00
  -9.7641113e+00   1.8911873e+00  -7.2899904e+00
  -1.1074384e+01  -7.6064798e-01  -7.2430545e+00
  -9.6561774e+00   3.4919618e+00  -7.8343294e+00
  -1.1926036e+01  -1.5591157e+00  -7.6479295e+00
  -8.8190307e+00   1.2355123e+00  -5.9311417e+00
  -8.9343802e+00   4.0123267e-01  -5.5819815e+00
  -9.0491710e+00  -2.4332716e-02  -5.4459016e+00
  -8.2749919e+00   1.1663536e+00  -5.2845037e+00
  -8.9595256e+00   3.4849544e+00  -7.0964509e+00
  -1.0168517e+01  -4.3102403e-01  -6.4496141e+00
  -9.2021840e+00   1.5953757e+00  -6.5393592e+00
  -9.9189736e+00  -2.0663767e-01  -6.3133797e+00
  -8.9555784e+00   4.0122844e+00  -7.2786591e+00
  -1.2083734e+01  -2.5330905e+00  -7.1142667e+00
  -9.1832375e+00   2.7245367e+00  -7.0356365e+00
  -1.1161089e+01  -1.2708195e+00  -6.9991213e+00
  -9.1868382e+00   3.3580717e+00  -7.2900874e+00
  -1.1380781e+01  -1.4718602e+00  -7.1046807e+00
  -9.4946176e+00  -8.6880679e-01  -5.3872231e+00
  -7.9059643e+00   2.3040878e+00  -5.4618164e+00
  -9.1066697e+00   2.4884098e+00  -6.8530119e+00
  -9.5026076e+00   9.3495191e-01  -6.5231018e+00
  -9.4528991e+00   1.2227704e+00  -6.6224916e+00
  -9.6265521e+00   1.0096991e+00  -6.6995164e+00
  -9.5239943e+00   3.0091844e+00  -7.5133215e+00
  -1.1302546e+01  -4.0661494e-01  -7.7156388e+00
  -9.4136724e+00   2.3874875e+00  -7.1383078e+00
  -1.1136844e+01  -5.1520651e-01  -7.4676139e+00
  -9.2843143e+00   3.4356104e+00  -7.4219973e+00
  -1.1408101e+01  -7.2342354e-01  -7.6332858e+00
  -8.5633281e+00   3.9005569e+00  -6.8258559e+00
  -1.0261308e+01  -6.6196214e-01  -6.4029645e+00
  -9.0569946e+00   1.7503402e+00  -6.4577978e+00
  -9.8692376e+00   4.4961895e-02  -6.4141466e+00
  -9.0818260e+00   3.0411886e+00  -7.0562979e+00
  -1.1053357e+01  -9.6690948e-01  -7.0846739e+00
  -9.0165852e+00   2.3876592e+00  -6.7117897e+00
  -1.0690520e+01  -7.1794922e-01  -6.8457935e+00
  -9.1544386e+00   3.3822558e+00  -7.2648254e+00
  -1.1407606e+01  -1.2369768e+00  -7.2959026e+00
  -1.0176244e+01   5.9910177e-01  -7.0757867e+00
  -9.6710287e+00   2.1089525e+00  -7.2901555e+00
  -9.9613020e+00   2.4434481e+00  -7.7460036e+00
  -1.1106037e+01   6.2786674e-01  -8.0967660e+00
  -1.0268633e+01   1.4347731e+00  -7.6129673e+00
  -1.0839323e+01   1.2312367e+00  -8.1228176e+00
  -1.0166424e+01   2.8082071e+00  -8.1124470e+00
  -1.1518677e+01   5.8980642e-01  -8.5174367e+00
  -1.1746288e+01   2.4728048e-01  -8.5743877e+00
  -1.0753603e+01   2.1797195e+00  -8.4709714e+00
  -1.2007406e+01  -6.8441414e-01  -8.3087620e+00
  -1.0518236e+01   2.5745846e+00  -8.3887113e+00
  -1.1669890e+01   1.3406980e+00  -9.0556593e+00
  -1.1635967e+01   1.2577080e+00  -8.9801609e+00
  -1.0507353e+01   1.2489639e+00  -7.7768301e+00
  -1.0725673e+01   9.2385514e-01  -7.8450823e+00
  -1.0997001e+01   2.0920763e+00  -8.6893073e+00
  -1.1880100e+01   9.4480109e-02  -8.6320176e+00
  -1.2437552e+01   4.0104183e-01  -9.3911535e+00
  -1.1646554e+01   1.4297267e+00  -9.0732273e+00
