  -1.1062405e+01  -3.3856844e+00  -5.2242886e+00
  -5.5706243e+00   7.9859324e+00  -4.7339448e+00
  -1.1234095e+01  -2.0933056e+00  -6.4877775e+00
  -7.4566596e+00   6.7003038e+00  -6.4452109e+00
  -1.0773979e+01  -3.4731103e-01  -7.1738979e+00
  -7.0748184e+00   7.1563650e+00  -6.1432361e+00
  -1.0601417e+01  -9.6620445e-01  -6.5811356e+00
  -7.1269798e+00   6.8830355e+00  -6.1411903e+00
  -1.0774821e+01  -1.1875322e+00  -6.6243412e+00
  -6.7445603e+00   7.0210235e+00  -5.7715235e+00
  -1.0843949e+01  -1.2050551e+00  -6.6898428e+00
  -7.4979878e+00   5.9989047e+00  -6.3259363e+00
  -1.0947197e+01   1.3060458e-02  -7.5805308e+00
  -8.2316398e+00   6.0135165e+00  -7.0945623e+00
  -1.0940326e+01   1.7429601e+00  -8.4739724e+00
  -1.0028159e+01   4.2875748e+00  -8.4888964e+00
  -1.0876754e+01   1.3940433e+00  -8.2423765e+00
  -9.3266142e+00   5.2616020e+00  -8.0410488e+00
  -9.5417482e+00  -3.5539913e-01  -5.7919544e+00
  -7.6628201e+00   3.2428042e+00  -5.6103488e+00
  -9.0331969e+00   1.5239119e+00  -6.3184868e+00
  -7.5059124e+00   2.8613725e+00  -5.2761690e+00
  -9.4156852e+00   6.3931668e-01  -6.2617837e+00
  -7.6373724e+00   3.4389775e+00  -5.6617840e+00
  -8.8336315e+00   9.5598650e-01  -5.7934809e+00
  -7.1184410e+00   3.1030714e+00  -4.9545869e+00
  -9.4908344e+00   6.5283621e-01  -6.3527963e+00
  -7.8845935e+00   3.2574605e+00  -5.8571121e+00
  -9.6825749e+00   1.3389564e+00  -6.9327629e+00
  -8.6723104e+00   2.4629751e+00  -6.3732213e+00
  -9.6563460e+00   2.6883065e+00  -7.5246368e+00
  -1.0132709e+01   1.0065096e+00  -7.2489314e+00
  -9.2579191e+00   3.0736285e+00  -7.2564098e+00
  -9.7756078e+00   1.0392971e+00  -6.8781490e+00
  -8.7592821e+00   1.5554652e+00  -6.0334752e+00
  -7.3313153e+00   2.3160067e+00  -4.8278395e+00
  -8.8615301e+00   1.1608084e+00  -5.9378658e+00
  -7.7974353e+00   1.9471090e+00  -5.1655621e+00
  -8.8092701e+00   8.8310265e-01  -5.7249730e+00
  -7.0074855e+00   2.8901233e+00  -4.7370412e+00
  -8.8611131e+00   6.1938254e-01  -5.6301430e+00
  -7.5753059e+00   2.1628561e+00  -5.0254938e+00
  -9.0790861e+00   2.6293498e+00  -6.8840369e+00
  -9.2707487e+00   7.2750144e-01  -6.1512145e+00
  -8.9653132e+00   3.3297430e+00  -7.0444130e+00
  -9.9831125e+00   8.3735696e-02  -6.5642681e+00
  -8.8917964e+00   2.8349118e+00  -6.7695449e+00
  -9.3382767e+00   6.8264086e-01  -6.2006415e+00
  -9.4506524e+00   2.8589136e-01  -6.0930868e+00
  -7.4387547e+00   4.5880522e+00  -5.8615995e+00
  -8.7103770e+00   5.0550927e-01  -5.3913562e+00
  -6.4435639e+00   5.0232462e+00  -4.9344052e+00
  -9.1280149e+00   1.8636937e-01  -5.6690090e+00
  -7.1282761e+00   4.7490569e+00  -5.5819045e+00
  -9.1408081e+00   2.0177778e+00  -6.6772222e+00
  -8.5010608e+00   3.5674783e+00  -6.6395777e+00
  -9.4329432e+00   2.9387878e+00  -7.3889410e+00
  -9.9361756e+00   2.3924720e+00  -7.6976220e+00
  -9.1535101e+00   3.0535862e+00  -7.1375288e+00
  -9.4642236e+00   2.6486750e+00  -7.3038443e+00
  -8.4819378e+00   1.3447154e+00  -5.6148864e+00
  -7.0539135e+00   3.8346542e+00  -5.1815869e+00
  -8.6872624e+00   8.3936425e-01  -5.5628939e+00
  -7.4378582e+00   3.6010271e+00  -5.5089600e+00
  -8.7965154e+00   1.9695107e+00  -6.2800314e+00
  -8.2559676e+00   3.0525392e+00  -6.1752648e+00
  -8.8370901e+00   3.2875916e+00  -6.8918766e+00
  -9.7807315e+00   1.5503704e+00  -7.1447743e+00
  -8.7245512e+00   2.8710453e+00  -6.6050376e+00
  -9.1636748e+00   2.0666338e+00  -6.7247726e+00
  -1.0167584e+01  -6.1797826e-01  -6.3266836e+00
  -7.3127361e+00   5.9715739e+00  -6.1249760e+00
  -1.0433520e+01   5.5293878e-01  -7.3302799e+00
  -8.2029014e+00   6.0139225e+00  -7.0647938e+00
  -1.0378818e+01   1.8325690e+00  -7.9196765e+00
  -9.6749103e+00   4.3349029e+00  -8.1362427e+00
  -1.0037345e+01   2.2594185e+00  -7.7476769e+00
  -9.4760204e+00   4.0178581e+00  -7.8269485e+00
  -1.1568243e+01  -6.0580379e-01  -7.8817856e+00
  -8.3098405e+00   5.4518458e+00  -7.0342742e+00
  -1.1997763e+01   2.9386188e-02  -8.7209056e+00
  -9.6215490e+00   4.7520348e+00  -8.2057442e+00
  -1.1717957e+01   5.0844324e-01  -8.6862258e+00
  -9.5554240e+00   4.5234118e+00  -8.0695548e+00
  -1.0573299e+01   1.4219660e+00  -7.9326760e+00
  -9.4264572e+00   3.7050063e+00  -7.6685142e+00
  -1.0438977e+01   1.8918769e+00  -8.0107550e+00
  -9.7532609e+00   2.8543058e+00  -7.6946939e+00
  -1.2256658e+01   7.0905482e-02  -9.0198144e+00
  -9.8058415e+00   4.3693543e+00  -8.2831321e+00
