  -1.1402077e+01  -3.8914822e+00  -5.1759288e+00
  -6.9620335e+00   4.0814464e+00  -5.1739517e+00
  -1.1374066e+01  -4.1325684e+00  -4.9150636e+00
  -6.4867874e+00   4.5851287e+00  -4.8368310e+00
  -1.0780254e+01  -2.8335934e+00  -5.3665201e+00
  -7.1869252e+00   3.5410737e+00  -5.2120967e+00
  -1.0827391e+01  -3.5928449e+00  -4.7492808e+00
  -6.5413827e+00   4.2301609e+00  -4.7705502e+00
  -1.0818045e+01  -2.7611903e+00  -5.4725291e+00
  -7.0870585e+00   3.6270872e+00  -5.1371519e+00
  -1.0950694e+01  -2.6161010e+00  -5.7490938e+00
  -7.9130475e+00   2.8319704e+00  -5.7097096e+00
  -1.1143270e+01  -3.2446703e+00  -5.4456445e+00
  -7.2371950e+00   3.8079191e+00  -5.3706511e+00
  -1.1133894e+01  -1.5136143e+00  -6.7992856e+00
  -9.2846205e+00   1.9090156e+00  -6.7816349e+00
  -1.1202185e+01  -3.0130522e+00  -5.7144518e+00
  -7.4388219e+00   3.9277070e+00  -5.6334875e+00
  -9.0450349e+00  -1.8247791e+00  -4.1138781e+00
  -6.6141993e+00   2.3392119e+00  -4.0267757e+00
  -9.3848745e+00  -1.2725076e+00  -4.9633179e+00
  -7.6650049e+00   1.5365474e+00  -4.7992968e+00
  -9.7940017e+00  -2.3493394e+00  -4.5896360e+00
  -6.8765376e+00   2.8535941e+00  -4.5741368e+00
  -9.0052935e+00  -8.1797862e-01  -4.8517632e+00
  -7.3840809e+00   1.6305693e+00  -4.5307399e+00
  -9.7797626e+00  -1.1726426e+00  -5.4997010e+00
  -8.1876917e+00   1.5976465e+00  -5.4210648e+00
  -9.8379578e+00  -1.8568273e+00  -5.0477884e+00
  -7.5734012e+00   2.0247284e+00  -4.9539129e+00
  -1.0061380e+01  -5.8858869e-01  -6.2265133e+00
  -9.3032348e+00   7.1202693e-01  -6.1784900e+00
  -9.3122449e+00  -1.0291140e+00  -5.0588918e+00
  -7.8395071e+00   1.4481643e+00  -4.9487588e+00
  -9.0693908e+00  -1.0724074e+00  -4.7398975e+00
  -7.4601637e+00   1.6024500e+00  -4.6021879e+00
  -9.0856742e+00  -1.7526040e+00  -4.2239194e+00
  -6.9164632e+00   2.0701839e+00  -4.2327761e+00
  -8.7005910e+00  -5.1781207e-01  -4.7078485e+00
  -7.2869279e+00   1.6504788e+00  -4.4304879e+00
  -8.8925353e+00  -4.6499478e-01  -4.9701307e+00
  -8.1357464e+00   8.2946334e-01  -4.9310202e+00
  -9.4756014e+00  -1.1640545e+00  -5.1512414e+00
  -8.0775669e+00   1.2085393e+00  -5.0849775e+00
  -9.1833247e+00   3.2196508e-01  -5.8148348e+00
  -9.2493066e+00   1.7516718e-01  -5.7992102e+00
  -8.8734784e+00  -8.5682790e-01  -4.6673932e+00
  -7.4927896e+00   1.5154447e+00  -4.5912769e+00
  -9.5585252e+00  -2.5929881e+00  -4.0858568e+00
  -6.5501437e+00   2.7033275e+00  -4.1354429e+00
  -8.9662784e+00  -1.1034761e+00  -4.5935517e+00
  -6.9635988e+00   2.1911909e+00  -4.3496367e+00
  -9.2790030e+00  -1.1709170e+00  -4.9145572e+00
  -7.7021270e+00   1.6769259e+00  -4.9174639e+00
  -9.4469113e+00  -1.5906051e+00  -4.7918852e+00
  -7.3977774e+00   2.0589235e+00  -4.7736913e+00
  -9.6299567e+00  -1.3992439e-01  -6.0310120e+00
  -9.3421811e+00   4.7304333e-01  -6.0833661e+00
  -9.1880236e+00  -1.0695533e+00  -4.8826562e+00
  -7.6145390e+00   1.7322475e+00  -4.8479512e+00
  -8.5248908e+00  -3.9729636e-01  -4.5856146e+00
  -7.3756844e+00   1.2395207e+00  -4.2983817e+00
  -8.9318562e+00  -6.1123117e-01  -4.9136171e+00
  -8.0210815e+00   9.3941430e-01  -4.8650666e+00
  -8.8031596e+00  -1.0955886e+00  -4.4038557e+00
  -7.2550605e+00   1.5550750e+00  -4.3406700e+00
  -8.8923627e+00   3.6226366e-01  -5.5105394e+00
  -9.0683115e+00   1.7802140e-02  -5.4948147e+00
  -9.0266332e+00  -1.1201836e+00  -4.6529741e+00
  -7.4600652e+00   1.5459037e+00  -4.5708000e+00
  -1.0119962e+01  -1.9126496e+00  -5.3374427e+00
  -7.6624443e+00   2.8755194e+00  -5.4544227e+00
  -1.0737205e+01  -2.8594740e+00  -5.2931372e+00
  -7.1868629e+00   3.9728933e+00  -5.3777906e+00
  -1.0761389e+01  -1.3519281e+00  -6.4942948e+00
  -9.0043777e+00   2.3609579e+00  -6.6867423e+00
  -1.0091979e+01  -1.9448578e+00  -5.2790350e+00
  -7.4563024e+00   3.1589092e+00  -5.3500613e+00
  -1.1323625e+01  -3.5578564e+00  -5.3848464e+00
  -7.0872478e+00   4.0751763e+00  -5.3074065e+00
  -1.2349209e+01  -3.2240919e+00  -6.8676803e+00
  -8.6655948e+00   3.6589332e+00  -6.8482743e+00
  -1.1576557e+01  -3.3562051e+00  -5.8625821e+00
  -7.5645745e+00   3.9111695e+00  -5.7629538e+00
  -1.0543229e+01  -1.2559867e+00  -6.3151854e+00
  -8.7526139e+00   2.0923278e+00  -6.2905860e+00
  -1.0842363e+01  -2.4878181e+00  -5.7266458e+00
  -7.8603785e+00   2.7724794e+00  -5.6261080e+00
  -1.2657891e+01  -4.3171482e+00  -6.2851962e+00
  -7.7281561e+00   4.5289429e+00  -6.1506541e+00
