  -1.1314388e+01  -3.7488184e+00  -5.2008299e+00
  -7.0843453e+00   3.7872003e+00  -5.1965681e+00
  -1.1443016e+01  -4.2688819e+00  -4.8694223e+00
  -6.4957897e+00   4.5265008e+00  -4.8263925e+00
  -1.0771120e+01  -3.1857603e+00  -5.0500208e+00
  -6.9536630e+00   3.6175362e+00  -4.9873717e+00
  -1.0854793e+01  -3.0920007e+00  -5.2333763e+00
  -7.1836955e+00   3.5872269e+00  -5.2269162e+00
  -1.0834825e+01  -2.5517560e+00  -5.6657723e+00
  -7.5551603e+00   3.0921904e+00  -5.4301134e+00
  -1.0964630e+01  -2.5262097e+00  -5.8385122e+00
  -8.0692587e+00   2.6033783e+00  -5.7795425e+00
  -1.1116271e+01  -3.3879380e+00  -5.2871599e+00
  -7.1449649e+00   3.7408055e+00  -5.2447227e+00
  -1.1208155e+01  -1.7764981e+00  -6.6938245e+00
  -9.1551955e+00   1.9911457e+00  -6.6802961e+00
  -1.1025082e+01  -2.8323605e+00  -5.6576370e+00
  -7.5774336e+00   3.4567326e+00  -5.6037830e+00
  -9.1539176e+00  -2.0395453e+00  -4.0667188e+00
  -6.5804685e+00   2.3937926e+00  -4.0161103e+00
  -9.4915283e+00  -1.7635222e+00  -4.7079689e+00
  -7.3888474e+00   1.8042033e+00  -4.6303829e+00
  -9.7908850e+00  -1.7903377e+00  -5.0445053e+00
  -7.5356317e+00   2.2286173e+00  -5.0136505e+00
  -9.0699419e+00  -6.4738978e-01  -5.0496711e+00
  -7.8498336e+00   1.2112422e+00  -4.8274385e+00
  -9.8624851e+00  -1.0984873e+00  -5.6488794e+00
  -8.4122461e+00   1.4012479e+00  -5.5674986e+00
  -9.7537420e+00  -1.9807164e+00  -4.8476175e+00
  -7.4370221e+00   2.0063406e+00  -4.7909794e+00
  -9.9657994e+00  -6.5021573e-01  -6.0775023e+00
  -9.2096139e+00   6.5487839e-01  -6.0415255e+00
  -9.3812988e+00  -1.0123492e+00  -5.1521016e+00
  -8.0430697e+00   1.2779011e+00  -5.0848682e+00
  -9.0889867e+00  -1.4448794e+00  -4.4766111e+00
  -7.2383291e+00   1.7292918e+00  -4.4181306e+00
  -9.1022252e+00  -1.2758878e+00  -4.6243917e+00
  -7.4962626e+00   1.5512270e+00  -4.6151276e+00
  -8.6685212e+00  -2.1807084e-01  -4.8782610e+00
  -7.7890440e+00   1.0905203e+00  -4.6878890e+00
  -8.8906148e+00  -2.8342676e-01  -5.0923189e+00
  -8.3585689e+00   5.7938819e-01  -5.0349474e+00
  -9.2979033e+00  -1.2084395e+00  -4.9087284e+00
  -7.9519730e+00   1.0883043e+00  -4.8732426e+00
  -9.0196449e+00   4.0632290e-01  -5.6814518e+00
  -9.2431480e+00  -2.0964430e-02  -5.6690849e+00
  -8.8413233e+00  -7.9625487e-01  -4.6737052e+00
  -7.6369963e+00   1.2963406e+00  -4.6326388e+00
  -9.5424594e+00  -2.1145889e+00  -4.4812842e+00
  -7.1384271e+00   2.0910364e+00  -4.4967136e+00
  -9.0044622e+00  -9.0353235e-01  -4.7882869e+00
  -7.4511844e+00   1.6493436e+00  -4.6176617e+00
  -9.1976500e+00  -9.3965264e-01  -4.9896777e+00
  -7.9265037e+00   1.2880836e+00  -4.9583638e+00
  -9.4296931e+00  -1.7563665e+00  -4.6392432e+00
  -7.3021262e+00   1.9857812e+00  -4.6277791e+00
  -9.6600568e+00  -3.1573705e-01  -5.9520835e+00
  -9.2523895e+00   4.6403858e-01  -5.9776571e+00
  -9.1983878e+00  -1.0418160e+00  -4.9154782e+00
  -7.7880300e+00   1.4590282e+00  -4.8963598e+00
  -8.5082546e+00  -1.3466568e-01  -4.7475982e+00
  -7.8554200e+00   7.2408879e-01  -4.5436796e+00
  -8.8928421e+00  -4.5077093e-01  -4.9803563e+00
  -8.2087595e+00   6.7217537e-01  -4.9197836e+00
  -8.7579485e+00  -1.2203205e+00  -4.2524894e+00
  -7.1588073e+00   1.5320047e+00  -4.2165512e+00
  -8.8710605e+00   2.1379517e-01  -5.3940768e+00
  -8.9374039e+00   7.1243490e-02  -5.3794719e+00
  -9.1102444e+00  -1.1509940e+00  -4.7293067e+00
  -7.6160328e+00   1.4212546e+00  -4.6794708e+00
  -1.0004868e+01  -1.6769309e+00  -5.3853435e+00
  -7.8821985e+00   2.2901099e+00  -5.4288741e+00
  -1.0542614e+01  -2.8574177e+00  -5.0613885e+00
  -7.1107279e+00   3.5102782e+00  -5.1164115e+00
  -1.0555504e+01  -1.2514212e+00  -6.3323144e+00
  -9.0111269e+00   1.8382541e+00  -6.4507212e+00
  -1.0125251e+01  -1.9255415e+00  -5.3335294e+00
  -7.6650234e+00   2.7107907e+00  -5.3842055e+00
  -1.1243238e+01  -3.6918566e+00  -5.1666457e+00
  -6.9419117e+00   4.0049642e+00  -5.1238604e+00
  -1.2331930e+01  -3.3532467e+00  -6.7416737e+00
  -8.5896729e+00   3.5394623e+00  -6.7235959e+00
  -1.1523937e+01  -3.2786832e+00  -5.8672483e+00
  -7.7157920e+00   3.5961351e+00  -5.8079619e+00
  -1.0738173e+01  -1.4487436e+00  -6.3991580e+00
  -8.8009713e+00   2.1636466e+00  -6.3766132e+00
  -1.0965758e+01  -2.5712907e+00  -5.8032745e+00
  -8.0129388e+00   2.6542573e+00  -5.7406795e+00
  -1.2585968e+01  -4.2391509e+00  -6.2711053e+00
  -7.8476293e+00   4.2680290e+00  -6.1915073e+00
