  -1.0988116e+01  -2.3704003e+00  -5.9905721e+00
  -6.7232628e+00   7.2379646e+00  -5.7938081e+00
  -1.1125759e+01  -3.1724722e+00  -5.4875036e+00
  -6.2405099e+00   7.8381443e+00  -5.4058863e+00
  -1.0333258e+01   3.2356783e-01  -7.0913620e+00
  -6.9216551e+00   7.0815454e+00  -5.9687171e+00
  -1.0414458e+01  -1.4691101e+00  -6.0154968e+00
  -6.3292158e+00   7.5122281e+00  -5.4371092e+00
  -1.0514892e+01  -1.0296373e+00  -6.4406059e+00
  -6.8218760e+00   6.9306130e+00  -5.8331552e+00
  -1.0652848e+01  -1.0083094e+00  -6.6102676e+00
  -7.6505053e+00   5.9767933e+00  -6.4800118e+00
  -1.0747847e+01  -1.0211788e+00  -6.7079768e+00
  -6.9973295e+00   7.0866652e+00  -6.0485445e+00
  -1.0816124e+01   7.6046892e-01  -7.8563322e+00
  -9.0399304e+00   5.1567731e+00  -7.7153067e+00
  -1.0866411e+01  -8.8229049e-01  -6.9332564e+00
  -7.2046113e+00   7.6718592e+00  -6.3756600e+00
  -8.8180783e+00  -8.7067619e-01  -4.5912759e+00
  -6.4581248e+00   3.6505469e+00  -4.4546518e+00
  -8.9113902e+00   1.9875201e+00  -6.4138527e+00
  -7.4457087e+00   3.0417682e+00  -5.2886204e+00
  -9.4026326e+00  -2.1774285e-01  -5.7237368e+00
  -6.7232488e+00   4.3946160e+00  -5.0271834e+00
  -8.6675001e+00   1.0287786e+00  -5.6485264e+00
  -7.2020145e+00   3.0599675e+00  -5.0281769e+00
  -9.5643914e+00   4.5273658e-01  -6.3188869e+00
  -8.0245387e+00   3.1640629e+00  -5.9707292e+00
  -9.4300312e+00   3.3971659e-01  -6.1023401e+00
  -7.4616980e+00   3.4727668e+00  -5.4843890e+00
  -9.6902436e+00   1.6367075e+00  -7.0892930e+00
  -9.1700429e+00   2.2069332e+00  -6.7961065e+00
  -9.0080053e+00   1.0237136e+00  -6.0254034e+00
  -7.6899289e+00   2.8383876e+00  -5.4683010e+00
  -8.5377617e+00   2.1167276e+00  -6.0675344e+00
  -7.3066906e+00   2.4345689e+00  -4.8579677e+00
  -8.7120963e+00   3.4973660e-01  -5.2976267e+00
  -6.7890105e+00   2.8185960e+00  -4.4598059e+00
  -8.3639580e+00   1.2673296e+00  -5.4407138e+00
  -7.1632126e+00   2.4007239e+00  -4.6806147e+00
  -8.6251806e+00   1.1853656e+00  -5.6881019e+00
  -8.0136002e+00   1.5715347e+00  -5.2121519e+00
  -9.0614143e+00   1.2782232e+00  -6.2219424e+00
  -7.9438176e+00   2.0258918e+00  -5.3684362e+00
  -8.8939871e+00   2.5028271e+00  -6.6303997e+00
  -9.1363431e+00   9.1395618e-01  -6.1070013e+00
  -8.5665414e+00   1.0683979e+00  -5.5575703e+00
  -7.3961011e+00   2.2146955e+00  -4.8504250e+00
  -9.1464994e+00  -5.2765946e-01  -5.2222495e+00
  -6.2400283e+00   5.4479906e+00  -4.8453210e+00
  -8.6515901e+00   5.9240631e-01  -5.3770871e+00
  -6.6570849e+00   4.8828020e+00  -5.1194686e+00
  -8.9793851e+00   4.4165382e-01  -5.6573604e+00
  -7.4230947e+00   4.3727887e+00  -5.7734776e+00
  -9.0048512e+00   7.8301683e-01  -5.8866390e+00
  -7.1835339e+00   4.8230533e+00  -5.6644442e+00
  -9.2120932e+00   2.2160926e+00  -6.8455920e+00
  -9.0741656e+00   3.2471519e+00  -7.1285375e+00
  -8.8754621e+00   1.0207016e+00  -5.8763283e+00
  -7.3712723e+00   4.3938043e+00  -5.7250789e+00
  -8.1509536e+00   1.4435426e+00  -5.2976620e+00
  -7.0120060e+00   3.8100688e+00  -5.1265229e+00
  -8.6232382e+00   1.0054771e+00  -5.5857845e+00
  -7.6960110e+00   3.5193189e+00  -5.7568754e+00
  -8.3950541e+00   1.0554036e+00  -5.3573153e+00
  -6.9547261e+00   4.0586812e+00  -5.1576600e+00
  -8.5735233e+00   2.4964416e+00  -6.2810224e+00
  -8.7678220e+00   2.4738242e+00  -6.4814121e+00
  -8.7144058e+00   8.2294261e-01  -5.5839537e+00
  -7.1625075e+00   4.1332333e+00  -5.4097804e+00
  -9.8238531e+00  -3.0284273e-01  -6.1452831e+00
  -7.4563457e+00   5.3043084e+00  -6.0979146e+00
  -1.0299576e+01  -5.8121998e-01  -6.4989232e+00
  -6.9704182e+00   6.6842028e+00  -5.9348120e+00
  -1.0409886e+01   9.1787962e-01  -7.5020320e+00
  -8.8581236e+00   5.0195334e+00  -7.4879189e+00
  -9.8049292e+00   1.0634233e-01  -6.3799284e+00
  -7.2937888e+00   5.5842596e+00  -6.0040055e+00
  -1.0900800e+01  -1.3556344e+00  -6.6488189e+00
  -6.9324014e+00   6.2182273e+00  -5.7866115e+00
  -1.2033102e+01  -1.1486916e+00  -8.0410240e+00
  -8.5850805e+00   6.0466798e+00  -7.4690618e+00
  -1.1253771e+01  -1.3326392e+00  -7.0598087e+00
  -7.4156103e+00   6.1433894e+00  -6.2750727e+00
  -1.0278560e+01   8.0296391e-01  -7.2987289e+00
  -8.5803244e+00   4.4621366e+00  -7.0305037e+00
  -1.0472851e+01  -3.3756299e-01  -6.8476909e+00
  -7.6464737e+00   5.1940037e+00  -6.2670998e+00
  -1.2256438e+01  -2.2024135e+00  -7.5551764e+00
  -7.5826818e+00   6.7679066e+00  -6.5906189e+00
