  -1.1443449e+01  -1.8571737e+00  -6.8999618e+00
  -8.1740376e+00   5.1911652e+00  -6.8210284e+00
  -1.1357648e+01  -6.4935512e-01  -7.6249869e+00
  -9.4114610e+00   4.1220225e+00  -7.7935551e+00
  -1.1021212e+01  -6.6422991e-01  -7.2464480e+00
  -7.6596414e+00   5.8090396e+00  -6.4474684e+00
  -1.0797212e+01  -1.1038657e-01  -7.3438107e+00
  -8.7107998e+00   4.5048866e+00  -7.1810657e+00
  -1.0923689e+01  -1.5887609e+00  -6.5085852e+00
  -7.2618733e+00   5.6754503e+00  -5.9948749e+00
  -1.1290991e+01  -5.9604590e-01  -7.5856512e+00
  -9.3205214e+00   4.1265244e+00  -7.6998202e+00
  -1.1214840e+01  -9.2091688e-01  -7.2936060e+00
  -8.3319939e+00   5.1932827e+00  -6.9870610e+00
  -1.1065021e+01   3.9622949e-01  -7.9264698e+00
  -9.9127129e+00   3.3214905e+00  -8.0417796e+00
  -1.1218931e+01  -3.8720583e-02  -7.8449874e+00
  -9.0893995e+00   4.7508553e+00  -7.6517306e+00
  -9.3860897e+00   1.2987556e+00  -6.5890566e+00
  -9.5655926e+00   8.5751428e-01  -6.5499096e+00
  -9.3087787e+00   1.2168849e+00  -6.4615291e+00
  -8.1780319e+00   1.9946734e+00  -5.6127418e+00
  -9.9450095e+00   9.1012592e-01  -6.9938002e+00
  -9.0580950e+00   2.0547795e+00  -6.6049376e+00
  -8.8293759e+00   6.7381049e-01  -5.6264715e+00
  -7.6526312e+00   2.0594305e+00  -5.0603212e+00
  -9.6619661e+00   9.2747880e-01  -6.6939345e+00
  -9.3955932e+00   1.1860714e+00  -6.5404602e+00
  -9.7767663e+00   5.3338210e-01  -6.6005317e+00
  -8.7517397e+00   1.9351727e+00  -6.2145707e+00
  -9.8689605e+00   1.4220847e+00  -7.1765314e+00
  -1.0089540e+01   6.8445839e-01  -7.0284900e+00
  -9.3642839e+00   1.9521400e+00  -6.8880876e+00
  -9.5651269e+00   9.0842783e-01  -6.5773229e+00
  -8.7025898e+00   1.6192297e+00  -6.0036273e+00
  -8.0792510e+00   1.2814612e+00  -5.1278040e+00
  -8.9422830e+00   1.8488097e+00  -6.3807902e+00
  -9.1829734e+00   5.1424004e-01  -5.9296277e+00
  -8.5043579e+00   9.1374327e-01  -5.3996236e+00
  -7.5355863e+00   1.7727815e+00  -4.7801528e+00
  -8.9053460e+00   1.8438998e+00  -6.3380873e+00
  -9.5506042e+00   1.1137194e-01  -6.0988231e+00
  -9.3359682e+00   1.4450314e+00  -6.6094884e+00
  -9.2271592e+00   7.8856298e-01  -6.1374360e+00
  -9.2890041e+00   2.1191391e+00  -6.8843204e+00
  -1.0056340e+01   9.3267020e-02  -6.6511578e+00
  -8.7854950e+00   1.8418791e+00  -6.2060652e+00
  -8.9748082e+00   6.9228830e-01  -5.8006827e+00
  -9.3737183e+00   8.5792489e-01  -6.3386471e+00
  -8.6039728e+00   2.6207014e+00  -6.3686803e+00
  -9.1754822e+00  -9.9680887e-02  -5.5415131e+00
  -7.0050746e+00   4.2231133e+00  -5.2717362e+00
  -9.4107016e+00   9.0732670e-01  -6.4067790e+00
  -8.9799054e+00   2.4564311e+00  -6.7026423e+00
  -9.1911649e+00   1.2473263e+00  -6.3484230e+00
  -8.6377082e+00   2.5595226e+00  -6.3784403e+00
  -9.4102334e+00   1.9122629e+00  -6.9189461e+00
  -1.0002389e+01   1.3731479e+00  -7.2961046e+00
  -9.2916421e+00   1.8022889e+00  -6.7382233e+00
  -9.1827512e+00   2.2212059e+00  -6.8162828e+00
  -8.3275805e+00   1.0918073e+00  -5.3018115e+00
  -7.4763850e+00   2.4068175e+00  -5.0341069e+00
  -9.1153115e+00   1.4132889e+00  -6.3517942e+00
  -9.2586818e+00   1.5522552e+00  -6.5793735e+00
  -8.7108216e+00   1.2641463e+00  -5.8263951e+00
  -8.2439902e+00   2.1523444e+00  -5.7621785e+00
  -9.0237845e+00   2.0287579e+00  -6.5555201e+00
  -9.6927860e+00   1.0060703e+00  -6.7700177e+00
  -9.0562610e+00   1.4985175e+00  -6.3308160e+00
  -8.8634312e+00   1.9163423e+00  -6.3274679e+00
  -1.0526075e+01  -5.8551581e-02  -7.0777970e+00
  -8.9813620e+00   4.3746668e+00  -7.4240842e+00
  -9.9355376e+00   4.0070227e-01  -6.6991965e+00
  -8.3975867e+00   4.0742979e+00  -6.7101707e+00
  -1.0487569e+01   7.7782776e-01  -7.5115048e+00
  -9.7643983e+00   3.3399734e+00  -7.8927514e+00
  -1.0395036e+01   8.2234246e-01  -7.4352840e+00
  -9.2049732e+00   4.0154372e+00  -7.5419765e+00
  -1.1276218e+01  -1.3038504e+00  -7.1045890e+00
  -8.0825806e+00   4.9453416e+00  -6.6542369e+00
  -1.2025493e+01  -1.1118777e+00  -8.0567875e+00
  -9.4593107e+00   4.3280349e+00  -7.9093403e+00
  -1.2053323e+01  -9.8459845e-01  -8.1693154e+00
  -9.1418433e+00   4.9993353e+00  -7.7776972e+00
  -1.0718732e+01   4.4969856e-01  -7.5822494e+00
  -9.5249311e+00   3.0806894e+00  -7.5422108e+00
  -1.0914669e+01   4.4424004e-01  -7.7909886e+00
  -9.5266768e+00   2.9910967e+00  -7.5090531e+00
  -1.2791440e+01  -1.4927126e+00  -8.6363575e+00
  -9.4400659e+00   4.6871351e+00  -7.9982690e+00
