  -1.0984500e+01  -2.3799575e+00  -5.9787985e+00
  -6.8381457e+00   7.0563826e+00  -5.8765158e+00
  -1.1197483e+01  -3.2371808e+00  -5.5167861e+00
  -6.2416472e+00   7.9132739e+00  -5.4206333e+00
  -1.0298997e+01  -7.6718263e-02  -6.8166028e+00
  -6.6781574e+00   7.2323403e+00  -5.7456727e+00
  -1.0467173e+01  -7.5838732e-01  -6.5699750e+00
  -6.9658676e+00   6.9607361e+00  -5.9897129e+00
  -1.0522745e+01  -5.1831687e-01  -6.7884761e+00
  -7.2858753e+00   6.4820259e+00  -6.2188938e+00
  -1.0672201e+01  -5.8037176e-01  -6.9145368e+00
  -7.8038603e+00   5.9880233e+00  -6.6429459e+00
  -1.0720649e+01  -1.0275540e+00  -6.6731984e+00
  -6.8969268e+00   7.0719883e+00  -5.9409962e+00
  -1.0944371e+01   5.3851394e-01  -7.8747976e+00
  -8.8963795e+00   5.4197088e+00  -7.6364558e+00
  -1.0721874e+01  -6.2571412e-01  -6.9404375e+00
  -7.3261331e+00   7.3483096e+00  -6.4414618e+00
  -8.9105867e+00  -1.0006586e+00  -4.6046219e+00
  -6.4147310e+00   3.7791517e+00  -4.4587313e+00
  -8.9994635e+00   1.4488721e+00  -6.2429561e+00
  -7.1619058e+00   3.3699195e+00  -5.1152776e+00
  -9.4275627e+00   5.3332048e-01  -6.2137985e+00
  -7.3746224e+00   3.8025361e+00  -5.5175782e+00
  -8.7180977e+00   1.5042307e+00  -5.9615501e+00
  -7.6674626e+00   2.6861267e+00  -5.3757747e+00
  -9.6699790e+00   8.6261217e-01  -6.6673665e+00
  -8.2446099e+00   3.0487012e+00  -6.1614194e+00
  -9.3261616e+00   3.6572457e-01  -6.0016762e+00
  -7.3158090e+00   3.5118711e+00  -5.3410958e+00
  -9.6335854e+00   1.6406273e+00  -7.0300073e+00
  -9.0656284e+00   2.2003187e+00  -6.6803636e+00
  -9.0639969e+00   1.1559491e+00  -6.1595149e+00
  -7.8907581e+00   2.7047623e+00  -5.6294147e+00
  -8.5451772e+00   1.7070982e+00  -5.8746560e+00
  -7.0861217e+00   2.5966948e+00  -4.6886277e+00
  -8.7470354e+00   1.0161465e+00  -5.7304538e+00
  -7.3662502e+00   2.3557498e+00  -4.8864251e+00
  -8.3576201e+00   1.8484351e+00  -5.7386583e+00
  -7.6602385e+00   1.8985043e+00  -4.9867759e+00
  -8.6372912e+00   1.6887982e+00  -5.9670050e+00
  -8.2380996e+00   1.3730985e+00  -5.3573026e+00
  -8.8756786e+00   1.3757988e+00  -6.0685134e+00
  -7.8093636e+00   1.9476885e+00  -5.1791978e+00
  -8.7534975e+00   2.6961452e+00  -6.5625784e+00
  -9.1167415e+00   7.8456788e-01  -6.0123524e+00
  -8.5563982e+00   1.2073420e+00  -5.6233112e+00
  -7.5377433e+00   2.0237954e+00  -4.9133654e+00
  -9.1258903e+00   1.2760704e-01  -5.6298940e+00
  -6.7968672e+00   4.9124104e+00  -5.2790072e+00
  -8.7064041e+00   1.0705271e+00  -5.7153829e+00
  -7.1108281e+00   4.4589626e+00  -5.4676374e+00
  -8.9522903e+00   9.5458086e-01  -5.9250593e+00
  -7.6268617e+00   4.0973997e+00  -5.8967076e+00
  -8.9630477e+00   7.8259815e-01  -5.8396641e+00
  -7.0691514e+00   4.8692149e+00  -5.5568279e+00
  -9.2669545e+00   2.1440060e+00  -6.8719324e+00
  -8.9693709e+00   3.3684993e+00  -7.0633945e+00
  -8.8967749e+00   1.1441727e+00  -5.9679411e+00
  -7.5320745e+00   4.2204820e+00  -5.8380903e+00
  -8.1479691e+00   2.0010647e+00  -5.5826279e+00
  -7.4767803e+00   3.3717772e+00  -5.4602851e+00
  -8.5990281e+00   1.4864949e+00  -5.8205088e+00
  -7.8624644e+00   3.3419600e+00  -5.8670665e+00
  -8.3337134e+00   1.0729099e+00  -5.2980169e+00
  -6.8419808e+00   4.1187723e+00  -5.0572184e+00
  -8.5914961e+00   2.4068069e+00  -6.2603711e+00
  -8.6299088e+00   2.6123564e+00  -6.3930959e+00
  -8.8212618e+00   8.6968755e-01  -5.7307604e+00
  -7.3154306e+00   4.1145287e+00  -5.5680658e+00
  -9.6725735e+00   3.0054902e-01  -6.3493771e+00
  -7.6529352e+00   4.7638021e+00  -6.1453248e+00
  -1.0148752e+01  -4.8794559e-01  -6.3906777e+00
  -6.8732696e+00   6.2891495e+00  -5.7416639e+00
  -1.0238224e+01   1.1070685e+00  -7.4153788e+00
  -8.8524631e+00   4.4461096e+00  -7.3113811e+00
  -9.8358466e+00   2.2799908e-01  -6.4875116e+00
  -7.4883155e+00   5.2313218e+00  -6.1108523e+00
  -1.0840724e+01  -1.3783226e+00  -6.5651784e+00
  -6.7829396e+00   6.2222997e+00  -5.6304065e+00
  -1.2010750e+01  -1.1587901e+00  -8.0100613e+00
  -8.5007271e+00   6.0439892e+00  -7.3810373e+00
  -1.1184779e+01  -1.1359706e+00  -7.1172716e+00
  -7.5531558e+00   5.9687970e+00  -6.3762108e+00
  -1.0494657e+01   7.2406663e-01  -7.4902399e+00
  -8.6224415e+00   4.7293897e+00  -7.1570491e+00
  -1.0576138e+01  -2.9078540e-01  -6.9910158e+00
  -7.7906759e+00   5.1852349e+00  -6.4165715e+00
  -1.2190356e+01  -2.0289033e+00  -7.6081851e+00
  -7.7036822e+00   6.5047824e+00  -6.6591956e+00
