  -1.1198593e+01  -2.6126228e+00  -6.0410399e+00
  -6.6700844e+00   6.5959192e+00  -5.6003981e+00
  -1.1196918e+01  -1.9474525e+00  -6.5550603e+00
  -7.5506044e+00   5.8931554e+00  -6.3546085e+00
  -1.0588755e+01  -1.6964139e+00  -6.0478591e+00
  -6.2975659e+00   6.8223183e+00  -5.2603324e+00
  -1.0664095e+01  -2.7871562e+00  -5.2673873e+00
  -5.6540376e+00   7.5868974e+00  -4.7452699e+00
  -1.0695572e+01  -1.6027759e+00  -6.2392130e+00
  -6.4463914e+00   6.5400796e+00  -5.3523131e+00
  -1.0910428e+01  -2.3857676e+00  -5.8881299e+00
  -6.4413819e+00   6.6194674e+00  -5.3655107e+00
  -1.0917914e+01  -8.4578014e-01  -7.0145338e+00
  -7.7786818e+00   5.6124267e+00  -6.5212030e+00
  -1.0840214e+01   3.0394273e-01  -7.6319989e+00
  -9.1829422e+00   4.0966068e+00  -7.5457829e+00
  -1.0635196e+01   1.1357008e-01  -7.2994894e+00
  -8.1756079e+00   5.2885444e+00  -6.8497499e+00
  -9.3137158e+00  -7.9406231e-02  -5.7119079e+00
  -7.7227364e+00   2.6810075e+00  -5.4343161e+00
  -9.0797593e+00  -7.4287961e-02  -5.4485922e+00
  -6.7467353e+00   3.2471209e+00  -4.6050788e+00
  -9.4245555e+00  -1.2629082e+00  -5.0174352e+00
  -6.1012732e+00   4.5275663e+00  -4.3966717e+00
  -8.5326935e+00   6.9652251e-01  -5.3043926e+00
  -6.8122046e+00   2.7793683e+00  -4.4675218e+00
  -9.1886015e+00  -2.4640886e-01  -5.4606086e+00
  -6.9446486e+00   3.3771339e+00  -4.8793544e+00
  -9.6185285e+00   4.6858145e-01  -6.3881996e+00
  -8.1870441e+00   2.4831128e+00  -5.8540830e+00
  -9.6393283e+00   1.3198217e+00  -6.8760062e+00
  -9.3569508e+00   1.3298972e+00  -6.5733371e+00
  -9.2802626e+00   1.5362024e+00  -6.5948398e+00
  -8.5581607e+00   1.9960696e+00  -6.0320711e+00
  -8.4963495e+00   4.0501741e-01  -5.0850949e+00
  -6.7182653e+00   2.4767711e+00  -4.2151612e+00
  -8.6540123e+00  -5.5512056e-01  -4.6262607e+00
  -6.2541986e+00   3.0400100e+00  -3.9595928e+00
  -7.9800570e+00   1.3081023e+00  -5.0303617e+00
  -6.8665960e+00   2.0738000e+00  -4.1775680e+00
  -8.5026018e+00  -1.3555545e-01  -4.7403793e+00
  -6.6469749e+00   2.3996982e+00  -4.0951753e+00
  -9.1372344e+00   1.6201524e+00  -6.4808654e+00
  -8.7885540e+00   1.1179958e+00  -5.8332920e+00
  -9.0998002e+00   2.0960149e+00  -6.6693120e+00
  -9.4276623e+00   5.8801181e-01  -6.2455873e+00
  -8.7154807e+00   1.4667133e+00  -5.9391165e+00
  -8.0556267e+00   1.6354140e+00  -5.2932029e+00
  -9.1909794e+00  -1.4090281e+00  -4.6275462e+00
  -5.7868255e+00   5.1951670e+00  -4.2786079e+00
  -8.6906617e+00   6.2910422e-02  -5.0906792e+00
  -6.1663310e+00   4.7187314e+00  -4.5342570e+00
  -8.8347169e+00  -5.2226020e-01  -4.8624501e+00
  -6.2946590e+00   4.5414702e+00  -4.6128075e+00
  -9.1775372e+00   1.0122348e+00  -6.2069382e+00
  -7.9740630e+00   3.5559072e+00  -6.0709051e+00
  -9.5406407e+00   1.4807311e+00  -6.8502965e+00
  -9.2237218e+00   2.5745539e+00  -7.0156742e+00
  -8.9051171e+00   1.7695083e+00  -6.3013684e+00
  -8.2260856e+00   2.9847443e+00  -6.1149137e+00
  -8.0572707e+00   1.2239788e+00  -5.0706778e+00
  -6.7275315e+00   3.1760944e+00  -4.5527671e+00
  -8.6041775e+00  -1.2225702e-01  -4.8679863e+00
  -6.5562122e+00   3.7880378e+00  -4.6184347e+00
  -8.7205379e+00   1.1321121e+00  -5.7652482e+00
  -7.7373491e+00   2.9901916e+00  -5.5859474e+00
  -8.8627976e+00   1.8565749e+00  -6.2977912e+00
  -8.9468278e+00   1.8399859e+00  -6.3814568e+00
  -8.6121731e+00   1.5457376e+00  -5.8659537e+00
  -7.9972699e+00   2.5211298e+00  -5.6634877e+00
  -1.0177719e+01  -1.8011943e+00  -5.4921031e+00
  -6.2566277e+00   6.6640683e+00  -5.1812878e+00
  -1.0112465e+01  -1.2797242e-01  -6.5784065e+00
  -7.6787784e+00   5.3760915e+00  -6.3524666e+00
  -1.0241754e+01   7.9593223e-01  -7.2550037e+00
  -9.1160558e+00   3.8487734e+00  -7.3918805e+00
  -9.9683637e+00   8.6088975e-01  -6.9927142e+00
  -8.2921855e+00   4.5880523e+00  -6.7665604e+00
  -1.1322165e+01  -1.3551390e+00  -7.1203982e+00
  -7.7588709e+00   5.5279180e+00  -6.4779732e+00
  -1.1949818e+01  -1.3388989e+00  -7.8239642e+00
  -8.7909086e+00   5.0630459e+00  -7.4300677e+00
  -1.1862636e+01  -1.2604874e+00  -7.7809761e+00
  -8.1860416e+00   5.7395614e+00  -6.9797163e+00
  -1.0772105e+01   1.8311247e-01  -7.4890653e+00
  -8.9270726e+00   3.9574413e+00  -7.2300208e+00
  -1.0600507e+01   3.7867198e-01  -7.4141704e+00
  -8.5779222e+00   3.7956869e+00  -6.8043489e+00
  -1.2375959e+01  -1.4464094e+00  -8.2169375e+00
  -8.5748189e+00   5.2942311e+00  -7.2684535e+00
