  -1.1313581e+01  -2.7959750e+00  -6.0256083e+00
  -7.3868763e+00   4.9579467e+00  -5.9226443e+00
  -1.1276120e+01  -2.3010294e+00  -6.3767098e+00
  -7.8212204e+00   4.6922411e+00  -6.3013986e+00
  -1.0803704e+01  -1.5116057e+00  -6.4283083e+00
  -7.1923406e+00   5.1316268e+00  -5.7682168e+00
  -1.0945761e+01  -3.6567861e+00  -4.8356516e+00
  -5.7816118e+00   6.5629515e+00  -4.6549016e+00
  -1.0880650e+01  -1.3458373e+00  -6.6330277e+00
  -7.3848930e+00   4.7908667e+00  -5.8689478e+00
  -1.1180986e+01  -2.4847032e+00  -6.1231137e+00
  -7.1725693e+00   5.2382311e+00  -5.7785827e+00
  -1.1034977e+01  -2.5070087e-01  -7.5189469e+00
  -9.2615374e+00   3.2756973e+00  -7.3381522e+00
  -1.0995811e+01   1.6983885e-01  -7.7241569e+00
  -9.8090775e+00   2.6685326e+00  -7.6785334e+00
  -1.0809429e+01   5.8477892e-01  -7.7546338e+00
  -9.5409345e+00   3.0359199e+00  -7.5417245e+00
  -9.6695451e+00  -7.6439412e-01  -5.6620677e+00
  -7.8807765e+00   2.3721287e+00  -5.4661947e+00
  -9.2417603e+00   1.9519224e-01  -5.8030688e+00
  -7.6820238e+00   2.0522575e+00  -5.0896115e+00
  -9.4958535e+00  -1.9221013e+00  -4.5844396e+00
  -6.2302881e+00   3.8743566e+00  -4.2926333e+00
  -8.7595761e+00   8.6609236e-01  -5.6595368e+00
  -7.6787481e+00   1.7450988e+00  -4.9273504e+00
  -9.3942640e+00  -2.3444957e-01  -5.7033458e+00
  -7.7165845e+00   2.3470135e+00  -5.2725717e+00
  -9.6972275e+00   1.0915322e+00  -6.8203278e+00
  -9.6094693e+00   7.3599369e-01  -6.5307608e+00
  -9.7169455e+00   1.2491341e+00  -6.9240720e+00
  -9.9025035e+00   4.5040154e-01  -6.6914916e+00
  -9.5439114e+00   1.8959969e+00  -7.0554592e+00
  -9.8568070e+00   5.2375702e-01  -6.6832175e+00
  -8.5473571e+00   7.4449199e-01  -5.3494807e+00
  -7.5697243e+00   1.4943416e+00  -4.6674351e+00
  -8.9422359e+00  -1.4236797e+00  -4.3156478e+00
  -6.3901418e+00   2.7894354e+00  -3.9952634e+00
  -8.2309042e+00   1.5529446e+00  -5.4457613e+00
  -7.7976657e+00   1.1237751e+00  -4.7172217e+00
  -8.7571325e+00  -2.4933064e-01  -4.9603086e+00
  -7.2987193e+00   1.7891853e+00  -4.5196821e+00
  -9.2026826e+00   2.3492305e+00  -6.8950985e+00
  -1.0349989e+01  -5.8399122e-01  -6.5535135e+00
  -9.1521423e+00   2.1202653e+00  -6.7371268e+00
  -1.0049828e+01  -1.9877784e-01  -6.4645571e+00
  -8.9640426e+00   1.8885104e+00  -6.4237396e+00
  -9.3263116e+00   4.1835805e-01  -6.0332607e+00
  -9.3750563e+00  -2.1147174e+00  -4.2759382e+00
  -6.0490246e+00   4.0921006e+00  -4.1774734e+00
  -8.8514620e+00   3.1118510e-01  -5.4325475e+00
  -7.1041861e+00   3.1265407e+00  -4.9489966e+00
  -8.9573819e+00  -4.4313628e-01  -5.0608515e+00
  -7.0529282e+00   3.2041336e+00  -4.9257409e+00
  -9.4054171e+00   1.5173818e+00  -6.7217012e+00
  -9.4559375e+00   1.5799913e+00  -6.8078158e+00
  -9.5961678e+00   1.4522147e+00  -6.8962606e+00
  -9.8545459e+00   1.1929700e+00  -7.0445273e+00
  -9.0893508e+00   2.2255273e+00  -6.7174739e+00
  -9.5964328e+00   1.0906218e+00  -6.7097625e+00
  -8.3704038e+00   1.4040357e+00  -5.5222521e+00
  -7.7343438e+00   1.7601974e+00  -4.9980222e+00
  -8.7733536e+00  -1.1348327e-01  -5.0703321e+00
  -7.3006705e+00   2.4718191e+00  -4.8691414e+00
  -9.0047166e+00   1.6398927e+00  -6.3458973e+00
  -9.2641007e+00   9.9841405e-01  -6.2950171e+00
  -8.9234742e+00   1.8168520e+00  -6.3446795e+00
  -9.5347764e+00   5.8578411e-01  -6.3631160e+00
  -8.7724677e+00   2.1192631e+00  -6.3248775e+00
  -9.4118992e+00   5.6294168e-01  -6.2135759e+00
  -1.0264640e+01  -1.7244808e+00  -5.6522812e+00
  -6.9691478e+00   5.1471994e+00  -5.5354265e+00
  -1.0252180e+01   4.6110339e-01  -7.0812198e+00
  -9.1697625e+00   3.2224869e+00  -7.2205705e+00
  -1.0214170e+01   8.6011465e-01  -7.2595744e+00
  -9.7232873e+00   2.4817219e+00  -7.5093571e+00
  -1.0074620e+01   1.3966613e+00  -7.3856684e+00
  -9.6441518e+00   2.5348764e+00  -7.4476612e+00
  -1.1680619e+01  -9.5478312e-01  -7.7828087e+00
  -9.2273346e+00   3.8562186e+00  -7.5115590e+00
  -1.2052231e+01  -1.4260508e+00  -7.8773728e+00
  -9.3362315e+00   4.0391123e+00  -7.6875527e+00
  -1.1780368e+01  -4.9804247e-01  -8.1779881e+00
  -9.5575689e+00   3.7141257e+00  -7.8093955e+00
  -1.0801971e+01   2.6022875e-01  -7.5657167e+00
  -9.5800640e+00   2.6506018e+00  -7.4279668e+00
  -1.0747190e+01   8.7227021e-01  -7.8412483e+00
  -9.9478381e+00   1.9590526e+00  -7.5181346e+00
  -1.2412784e+01  -8.9981842e-01  -8.6114157e+00
  -9.8799695e+00   3.3680295e+00  -8.0244499e+00
