  -1.1346660e+01  -1.1630659e+00  -7.2783623e+00
  -9.3917952e+00   3.0319347e+00  -7.3821378e+00
  -1.1415003e+01  -1.2881201e+00  -7.2693572e+00
  -9.1380577e+00   3.3685797e+00  -7.2423561e+00
  -1.0843467e+01  -1.5829596e+00  -6.4218736e+00
  -7.7707502e+00   4.3035134e+00  -6.1215401e+00
  -1.0888019e+01  -2.9145171e+00  -5.4260139e+00
  -6.7080091e+00   5.3991911e+00  -5.3313875e+00
  -1.0737807e+01   8.9930306e-01  -7.8453107e+00
  -9.4173262e+00   2.5292421e+00  -7.2033997e+00
  -1.1415094e+01  -1.1199378e-01  -8.0141797e+00
  -1.0088406e+01   2.6108082e+00  -7.9504349e+00
  -1.1019254e+01   1.2853301e+00  -8.3409575e+00
  -1.0928907e+01   1.3901680e+00  -8.2959233e+00
  -1.1199230e+01   5.7914030e-01  -8.1704660e+00
  -1.0788754e+01   1.6690198e+00  -8.2793896e+00
  -1.1140411e+01   1.6593570e+00  -8.6468835e+00
  -1.1050042e+01   1.7435598e+00  -8.5901305e+00
  -1.0122800e+01  -9.2907452e-02  -6.6115322e+00
  -9.1001464e+00   1.6305134e+00  -6.4455406e+00
  -9.4919367e+00  -4.3945391e-02  -5.9361333e+00
  -8.2940689e+00   1.5692481e+00  -5.5248667e+00
  -9.3427524e+00  -1.0287124e+00  -5.0949913e+00
  -7.1942136e+00   2.7588831e+00  -4.8850501e+00
  -8.9237946e+00   2.7815615e+00  -6.7816617e+00
  -9.5959770e+00   8.1320088e-02  -6.1311897e+00
  -9.5980931e+00   1.8998265e+00  -7.1155979e+00
  -1.0388023e+01  -1.2937421e-01  -6.8827899e+00
  -9.5418685e+00   2.7979941e+00  -7.4479399e+00
  -1.1291017e+01  -1.0866296e+00  -7.2680572e+00
  -9.7652936e+00   1.7295509e+00  -7.2149586e+00
  -1.0785035e+01  -4.0780043e-01  -7.1484366e+00
  -9.6318718e+00   3.2834483e+00  -7.7322924e+00
  -1.1499548e+01  -1.0741469e+00  -7.5062693e+00
  -8.7381472e+00   5.2738200e-01  -5.4361256e+00
  -8.0824415e+00   1.1294440e+00  -5.0455813e+00
  -9.0504807e+00  -8.2059759e-01  -4.9030922e+00
  -7.3083486e+00   2.0576101e+00  -4.6720229e+00
  -8.7035021e+00   3.3087126e+00  -6.7575734e+00
  -9.7586421e+00  -2.5682133e-01  -6.1014058e+00
  -9.1006081e+00   1.9411188e+00  -6.5974449e+00
  -1.0014492e+01  -3.4020771e-01  -6.3354375e+00
  -8.9779206e+00   4.1199169e+00  -7.3381209e+00
  -1.2051788e+01  -2.4270365e+00  -7.1592458e+00
  -9.2080800e+00   2.6260103e+00  -7.0208042e+00
  -1.0963841e+01  -1.0426775e+00  -6.9345625e+00
  -9.1738176e+00   3.1800282e+00  -7.2085241e+00
  -1.0998402e+01  -1.0637847e+00  -6.9588183e+00
  -9.4065459e+00  -1.5179863e+00  -4.8005490e+00
  -6.9753439e+00   3.0818092e+00  -4.7868664e+00
  -9.0180475e+00   2.1648521e+00  -6.6126382e+00
  -9.0640919e+00   1.3706267e+00  -6.2734041e+00
  -9.2799548e+00   1.6329967e+00  -6.6428093e+00
  -9.7355901e+00   8.8532972e-01  -6.7516742e+00
  -9.4885297e+00   3.0408828e+00  -7.4881764e+00
  -1.1168277e+01  -1.4825316e-01  -7.7254962e+00
  -9.4381429e+00   2.2070066e+00  -7.0846138e+00
  -1.0854860e+01  -1.0351632e-01  -7.4109098e+00
  -9.2445048e+00   3.3603197e+00  -7.3519691e+00
  -1.1072787e+01  -3.0897769e-01  -7.5248110e+00
  -8.5622615e+00   3.4348747e+00  -6.6550725e+00
  -9.7735062e+00  -8.8651606e-02  -6.2246087e+00
  -9.0204943e+00   2.0245180e+00  -6.5499540e+00
  -9.9646905e+00   6.8399159e-02  -6.5345416e+00
  -9.0591513e+00   3.1243396e+00  -7.0649553e+00
  -1.0971431e+01  -7.6921403e-01  -7.1238396e+00
  -8.9583094e+00   2.3065617e+00  -6.6125988e+00
  -1.0427641e+01  -3.9652572e-01  -6.7604234e+00
  -9.0734917e+00   3.3245669e+00  -7.1573210e+00
  -1.1076658e+01  -8.9583742e-01  -7.1574411e+00
  -1.0122835e+01   8.0911207e-01  -7.1329080e+00
  -9.6716002e+00   2.2749561e+00  -7.3648194e+00
  -9.9956316e+00   2.3596895e+00  -7.7467139e+00
  -1.0963885e+01   9.4661952e-01  -8.1120126e+00
  -1.0255490e+01   1.3560982e+00  -7.5600250e+00
  -1.0621114e+01   1.5220016e+00  -8.0319022e+00
  -1.0142515e+01   2.6713741e+00  -8.0323120e+00
  -1.1167529e+01   1.0100291e+00  -8.3615997e+00
  -1.1747410e+01   3.1098024e-01  -8.6106741e+00
  -1.0711956e+01   2.3562408e+00  -8.5021647e+00
  -1.2020022e+01  -8.5377454e-01  -8.2164943e+00
  -1.0248721e+01   2.9620823e+00  -8.2592128e+00
  -1.1604709e+01   1.1959415e+00  -8.9172588e+00
  -1.1242480e+01   1.7212482e+00  -8.7828543e+00
  -1.0552944e+01   1.1251870e+00  -7.7632937e+00
  -1.0548472e+01   1.2516722e+00  -7.8222268e+00
  -1.0959318e+01   2.0345050e+00  -8.6245757e+00
  -1.1536875e+01   4.8346896e-01  -8.4799045e+00
  -1.2363667e+01   3.4782308e-01  -9.2847226e+00
  -1.1315294e+01   1.7931154e+00  -8.8919979e+00
