  -1.1546867e+01  -2.0816075e+00  -6.8509550e+00
  -9.3616979e+00   1.8793839e+00  -6.8509550e+00
  -1.1697263e+01  -2.3107053e+00  -6.8483023e+00
  -9.1724729e+00   2.3170765e+00  -6.8483023e+00
  -1.1176575e+01  -1.8126399e+00  -6.6317031e+00
  -9.1798049e+00   1.8330751e+00  -6.6317031e+00
  -1.1114524e+01  -1.9924956e+00  -6.4276419e+00
  -8.8494448e+00   2.1601149e+00  -6.4276419e+00
  -1.1302283e+01  -9.7372070e-01  -7.3553341e+00
  -1.0292084e+01   8.8133900e-01  -7.3553341e+00
  -1.1321696e+01   4.1499879e-01  -8.2125727e+00
  -1.1937859e+01  -7.1828825e-01  -8.2125727e+00
  -1.1254455e+01  -5.5133400e-01  -7.5737062e+00
  -1.0627869e+01   6.1248255e-01  -7.5737062e+00
  -1.1328759e+01   8.3670566e-01  -8.4445647e+00
  -1.2258854e+01  -9.0141191e-01  -8.4445647e+00
  -1.1294039e+01  -2.7419845e-01  -7.7867384e+00
  -1.0877217e+01   5.0981841e-01  -7.7867384e+00
  -9.6104203e+00  -2.9062202e-01  -5.9122053e+00
  -9.1835704e+00   4.8367362e-01  -5.9122053e+00
  -9.7612802e+00  -1.5665440e-01  -6.1681344e+00
  -9.7511897e+00  -1.3870886e-01  -6.1681344e+00
  -9.6325634e+00  -2.6235984e-01  -5.9555615e+00
  -9.1771834e+00   5.6934931e-01  -5.9555615e+00
  -9.6091419e+00   8.7917466e-01  -6.6096625e+00
  -1.0546545e+01  -8.3231112e-01  -6.6096625e+00
  -1.0128753e+01   1.8871416e+00  -7.6783383e+00
  -1.2158448e+01  -1.8816278e+00  -7.6783383e+00
  -9.8262854e+00   8.1763052e-01  -6.8140037e+00
  -1.0803085e+01  -9.5544267e-01  -6.8140037e+00
  -9.7167240e+00   2.2943340e+00  -7.4215075e+00
  -1.2302363e+01  -2.4509825e+00  -7.4215075e+00
  -9.6529278e+00   1.6642924e+00  -7.0624050e+00
  -1.1426654e+01  -1.6048189e+00  -7.0624050e+00
  -8.9043722e+00   4.5621902e-01  -5.5813946e+00
  -9.4100710e+00  -4.4615303e-01  -5.5813946e+00
  -9.1585628e+00   5.7269805e-02  -5.6226715e+00
  -9.1832221e+00   1.3096995e-02  -5.6226715e+00
  -9.0708098e+00   1.5151424e+00  -6.3552459e+00
  -1.0555914e+01  -1.2194664e+00  -6.3552459e+00
  -9.1957516e+00   2.3780476e+00  -6.9003908e+00
  -1.1812092e+01  -2.4125396e+00  -6.9003908e+00
  -9.1386295e+00   2.0318922e+00  -6.6814733e+00
  -1.1606379e+01  -2.3941198e+00  -6.6814733e+00
  -8.7311643e+00   3.6292047e+00  -6.9070932e+00
  -1.2499007e+01  -3.3839919e+00  -6.9070932e+00
  -9.0346245e+00   1.7378776e+00  -6.4272630e+00
  -1.0772240e+01  -1.4634009e+00  -6.4272630e+00
  -9.5697540e+00  -8.3055848e-01  -5.5011119e+00
  -8.7827342e+00   5.5140183e-01  -5.5011119e+00
  -9.2560535e+00   8.3482127e-01  -6.1955418e+00
  -1.0162471e+01  -8.0543694e-01  -6.1955418e+00
  -9.4602092e+00   2.0797200e+00  -7.0505951e+00
  -1.1724130e+01  -2.0812249e+00  -7.0505951e+00
  -9.7383071e+00   1.0448798e+00  -6.8404282e+00
  -1.0938868e+01  -1.1404867e+00  -6.8404282e+00
  -9.6608483e+00   2.5378316e+00  -7.4666792e+00
  -1.2543227e+01  -2.7447463e+00  -7.4666792e+00
  -9.4274754e+00   1.6501936e+00  -6.8115531e+00
  -1.1222916e+01  -1.6366731e+00  -6.8115531e+00
  -8.7790749e+00   1.7655245e+00  -6.1613583e+00
  -1.0720238e+01  -1.7464658e+00  -6.1613583e+00
  -9.0449965e+00   2.6311782e+00  -6.8482491e+00
  -1.1949011e+01  -2.6799880e+00  -6.8482491e+00
  -9.3186874e+00   1.2524938e+00  -6.4911279e+00
  -1.0628759e+01  -1.1425313e+00  -6.4911279e+00
  -9.2960191e+00   2.4592892e+00  -7.0435298e+00
  -1.1858129e+01  -2.2923314e+00  -7.0435298e+00
  -9.2562008e+00   1.4323091e+00  -6.5158742e+00
  -1.0795985e+01  -1.3766576e+00  -6.5158742e+00
  -1.0207042e+01   1.3666377e+00  -7.5132050e+00
  -1.1736626e+01  -1.4514882e+00  -7.5132050e+00
  -1.0578248e+01   1.2287281e-01  -7.2427246e+00
  -1.0736241e+01  -1.6735759e-01  -7.2427246e+00
  -1.0054633e+01   2.1124639e+00  -7.7013483e+00
  -1.2357659e+01  -2.1557764e+00  -7.7013483e+00
  -1.0428864e+01   7.8647743e-01  -7.4526693e+00
  -1.1245005e+01  -7.2650949e-01  -7.4526693e+00
  -1.1814890e+01  -1.3798843e+00  -7.6482489e+00
  -1.0321982e+01   1.3901832e+00  -7.6482489e+00
  -1.2064375e+01  -3.4162651e-01  -8.5775323e+00
  -1.1817935e+01   1.1567576e-01  -8.5775323e+00
  -1.2061651e+01  -9.9178549e-01  -8.1737394e+00
  -1.0992360e+01   1.0077685e+00  -8.1737394e+00
  -1.1530127e+01   8.3121650e-01  -8.6558182e+00
  -1.2121216e+01  -3.1215948e-01  -8.6558182e+00
  -1.0981130e+01   3.0005179e-01  -7.7822502e+00
  -1.1428141e+01  -5.2056622e-01  -7.7822502e+00
  -1.2165715e+01  -1.0453179e+00  -8.2521702e+00
  -1.1193956e+01   7.4339968e-01  -8.2521702e+00
