  -1.1381928e+01  -1.7456859e+00  -6.9117177e+00
  -9.0121043e+00   3.1583862e+00  -7.0281917e+00
  -1.1283562e+01  -1.7727708e+00  -6.7815476e+00
  -8.6320458e+00   3.4432442e+00  -6.7326827e+00
  -1.0277842e+01   6.0138876e-01  -7.1878104e+00
  -9.6998944e+00   1.6162950e+00  -7.0897696e+00
  -1.0712679e+01  -1.3597165e+00  -6.4337235e+00
  -8.3918691e+00   3.4037841e+00  -6.4610361e+00
  -1.0529744e+01   1.0850787e+00  -7.7179257e+00
  -9.7509132e+00   1.7894235e+00  -7.2279828e+00
  -1.1267219e+01  -1.4177343e+00  -7.0158295e+00
  -8.9869802e+00   3.0835479e+00  -6.9720075e+00
  -1.0819487e+01   1.3755058e+00  -8.1724841e+00
  -1.1161151e+01   7.2816167e-01  -8.2090841e+00
  -1.1114571e+01   6.5443560e-01  -8.1201187e+00
  -1.0975165e+01   1.1778358e+00  -8.2410400e+00
  -1.1251290e+01   1.6830158e+00  -8.7746748e+00
  -1.1618553e+01   1.0661595e+00  -8.8681023e+00
  -1.0130188e+01  -5.7230802e-01  -6.3147166e+00
  -8.7125689e+00   1.9136394e+00  -6.1612708e+00
  -9.3609626e+00   1.6449869e+00  -6.7368007e+00
  -1.0138259e+01  -3.1891277e-01  -6.4874564e+00
  -9.3115758e+00   4.1071887e-01  -6.0122253e+00
  -8.8726060e+00   1.0780196e+00  -5.9048569e+00
  -8.7205235e+00   2.9925833e+00  -6.6506302e+00
  -9.9413987e+00  -5.1885635e-01  -6.1371807e+00
  -9.4892596e+00   6.5854430e-01  -6.3543029e+00
  -9.2800355e+00   7.6307376e-01  -6.1817232e+00
  -9.4773720e+00   2.7450809e+00  -7.3577729e+00
  -1.1509123e+01  -1.4479822e+00  -7.2639290e+00
  -9.6367491e+00   1.8565176e+00  -7.1368554e+00
  -1.1009611e+01  -8.7568842e-01  -7.0964863e+00
  -9.4689695e+00   3.7755921e+00  -7.7376982e+00
  -1.2256520e+01  -2.1059910e+00  -7.6256335e+00
  -8.7377884e+00   2.0495083e+00  -6.2541521e+00
  -9.8446813e+00  -4.9069188e-01  -6.0464438e+00
  -8.9379792e+00   6.5913827e-01  -5.7400186e+00
  -8.9224037e+00   5.1178160e-01  -5.6352133e+00
  -8.9264197e+00   3.0242225e+00  -6.8837509e+00
  -9.9899797e+00  -2.5326991e-01  -6.3633593e+00
  -9.0843156e+00   5.0873289e-01  -5.8156986e+00
  -8.8733489e+00   6.3805637e-01  -5.6549516e+00
  -8.8583703e+00   4.0051149e+00  -7.1737912e+00
  -1.2256253e+01  -2.7979695e+00  -7.1032763e+00
  -9.0795718e+00   2.5415591e+00  -6.8469345e+00
  -1.0969643e+01  -1.1954502e+00  -6.8372090e+00
  -9.0434284e+00   3.5367676e+00  -7.2043869e+00
  -1.1621222e+01  -1.8378677e+00  -7.1131576e+00
  -9.4427047e+00  -2.5871129e-01  -5.7426400e+00
  -8.5499823e+00   1.6906542e+00  -5.8716125e+00
  -8.8949218e+00   2.2464852e+00  -6.5167433e+00
  -9.3496210e+00   8.2469316e-01  -6.2934900e+00
  -9.3707736e+00   8.8229327e-02  -5.8822977e+00
  -8.5717703e+00   1.8153823e+00  -5.9583754e+00
  -9.3715518e+00   3.0768157e+00  -7.3782448e+00
  -1.1505253e+01  -8.5425518e-01  -7.6559393e+00
  -9.2883042e+00   2.2742871e+00  -6.9537945e+00
  -1.0989458e+01  -5.8034058e-01  -7.2648929e+00
  -9.1807530e+00   3.5725000e+00  -7.3625504e+00
  -1.1692579e+01  -1.1854230e+00  -7.6445337e+00
  -8.4032635e+00   3.6292099e+00  -6.5581450e+00
  -1.0168832e+01  -7.8209460e-01  -6.2185184e+00
  -8.8333402e+00   7.8851131e-01  -5.6977267e+00
  -8.8748620e+00   6.4931221e-01  -5.6632826e+00
  -8.9425225e+00   3.0383180e+00  -6.9065879e+00
  -1.1154184e+01  -1.2812881e+00  -6.9842285e+00
  -8.9405547e+00   2.2819126e+00  -6.5822581e+00
  -1.0610557e+01  -8.0721359e-01  -6.6979369e+00
  -9.0353058e+00   3.4572635e+00  -7.1665293e+00
  -1.1597839e+01  -1.6094517e+00  -7.2498133e+00
  -1.0037147e+01  -3.8843714e-01  -6.3298664e+00
  -8.7274704e+00   2.7062734e+00  -6.5388604e+00
  -9.9586533e+00   2.3777343e+00  -7.7151854e+00
  -1.1247826e+01   4.7988294e-01  -8.1688294e+00
  -1.0190049e+01   1.2412249e+00  -7.4320049e+00
  -1.0653600e+01   1.2556647e+00  -7.9366815e+00
  -1.0071636e+01   2.9476955e+00  -8.0674661e+00
  -1.1793472e+01   1.6276579e-01  -8.5777815e+00
  -1.1595824e+01   3.1837132e-01  -8.4529057e+00
  -1.0895337e+01   1.8067098e+00  -8.4555006e+00
  -1.1896102e+01  -7.2454496e-01  -8.1634828e+00
  -1.0436467e+01   2.4387370e+00  -8.2465656e+00
  -1.1553841e+01   1.5168275e+00  -9.0164571e+00
  -1.1915907e+01   7.7034421e-01  -9.0332136e+00
  -1.0428568e+01   1.0409393e+00  -7.5864104e+00
  -1.0507634e+01   1.0055748e+00  -7.6532047e+00
  -1.0809187e+01   2.2790825e+00  -8.5719129e+00
  -1.2149630e+01  -4.4948671e-01  -8.6047683e+00
  -1.2391859e+01   5.0209944e-01  -9.3963822e+00
  -1.1936438e+01   1.0302410e+00  -9.1857081e+00
