  -1.1300014e+01  -1.9989006e+00  -6.6336073e+00
  -8.3115365e+00   4.0163364e+00  -6.5989452e+00
  -1.1373512e+01  -1.7829605e+00  -6.8753224e+00
  -8.5547493e+00   3.9753342e+00  -6.8427355e+00
  -1.0979527e+01  -1.3481709e+00  -6.7425010e+00
  -7.8784053e+00   4.4955386e+00  -6.2994565e+00
  -1.0919775e+01  -3.2504019e+00  -5.1724373e+00
  -6.2613502e+00   6.0162759e+00  -5.0264110e+00
  -1.0866989e+01  -3.0346125e-01  -7.3030621e+00
  -8.3465120e+00   3.7722033e+00  -6.5498486e+00
  -1.1311970e+01  -1.1324244e+00  -7.2605759e+00
  -8.7718386e+00   3.8892769e+00  -7.0426740e+00
  -1.1043462e+01   8.6112843e-01  -8.1528689e+00
  -1.0429064e+01   2.0256688e+00  -8.0604803e+00
  -1.1130900e+01   3.7577457e-01  -7.9860503e+00
  -1.0350164e+01   2.1537703e+00  -8.0334586e+00
  -1.0911729e+01   1.7049523e+00  -8.4262674e+00
  -1.0727501e+01   1.9224355e+00  -8.3303185e+00
  -9.9429402e+00  -4.5969165e-01  -6.1777358e+00
  -8.5375738e+00   1.9934143e+00  -6.0082064e+00
  -9.4232203e+00   3.9722268e-01  -6.1290001e+00
  -8.4120042e+00   1.4474877e+00  -5.5919487e+00
  -9.4059088e+00  -1.4219791e+00  -4.8742419e+00
  -6.7231525e+00   3.3169240e+00  -4.6089171e+00
  -8.8725397e+00   1.7536934e+00  -6.2579070e+00
  -8.5710347e+00   1.0191159e+00  -5.5348716e+00
  -9.5235799e+00   1.0410752e+00  -6.6035588e+00
  -9.2350911e+00   9.7401289e-01  -6.2495982e+00
  -9.6234503e+00   2.2740406e+00  -7.3129607e+00
  -1.0772668e+01  -4.8777598e-01  -7.0845919e+00
  -9.7422511e+00   1.5165308e+00  -7.0865329e+00
  -1.0383733e+01  -1.1487962e-02  -6.9495686e+00
  -9.6062159e+00   3.0603880e+00  -7.6203061e+00
  -1.1081702e+01  -6.3780658e-01  -7.3298598e+00
  -8.6785475e+00   9.4401813e-01  -5.6130462e+00
  -8.2163838e+00   9.6028779e-01  -5.1002513e+00
  -9.0102852e+00  -1.0889324e+00  -4.6571020e+00
  -6.8733128e+00   2.4347953e+00  -4.3702471e+00
  -8.4507646e+00   2.4253015e+00  -6.1156640e+00
  -8.7387731e+00   4.6274592e-01  -5.3976024e+00
  -8.9522266e+00   9.9012862e-01  -5.9448076e+00
  -8.7774501e+00   6.6026009e-01  -5.5599508e+00
  -9.0754969e+00   3.6689394e+00  -7.2860079e+00
  -1.1581311e+01  -1.8767147e+00  -7.0403871e+00
  -9.1901615e+00   2.4275692e+00  -6.9161501e+00
  -1.0582630e+01  -6.8824971e-01  -6.7451146e+00
  -9.0858593e+00   2.9792291e+00  -7.0358657e+00
  -1.0541918e+01  -6.5189912e-01  -6.7234797e+00
  -9.3426411e+00  -1.7020953e+00  -4.5778724e+00
  -6.5708402e+00   3.4844552e+00  -4.5108248e+00
  -8.9282889e+00   1.2207481e+00  -6.0442847e+00
  -8.0377834e+00   2.2953552e+00  -5.6031608e+00
  -9.0910592e+00   8.0756742e-01  -5.9968130e+00
  -8.5505214e+00   1.9086203e+00  -5.9810844e+00
  -9.4831803e+00   2.6020514e+00  -7.3045098e+00
  -1.0638454e+01   4.3687700e-01  -7.4880955e+00
  -9.5032098e+00   1.8717703e+00  -7.0001695e+00
  -1.0404380e+01   4.7614882e-01  -7.2557222e+00
  -9.1762823e+00   3.3230048e+00  -7.2657235e+00
  -1.0775973e+01  -5.6939293e-03  -7.3829765e+00
  -8.5259619e+00   2.3271911e+00  -6.1528559e+00
  -8.6917245e+00   9.5635363e-01  -5.6348322e+00
  -8.9151644e+00   1.1234025e+00  -5.9770315e+00
  -8.7847165e+00   1.1640221e+00  -5.8542371e+00
  -9.0543636e+00   2.7287120e+00  -6.8994919e+00
  -1.0452154e+01  -1.8793640e-01  -6.9176842e+00
  -8.9156865e+00   2.1211513e+00  -6.4814484e+00
  -1.0031084e+01   2.5890826e-02  -6.5824196e+00
  -8.8964545e+00   3.2396629e+00  -6.9366257e+00
  -1.0665520e+01  -5.8045926e-01  -6.9070742e+00
  -1.0208555e+01  -3.2041898e-01  -6.5649074e+00
  -8.4443686e+00   3.6287942e+00  -6.6018292e+00
  -1.0144239e+01   1.7201345e+00  -7.6170590e+00
  -1.0384811e+01   1.8052276e+00  -7.9134516e+00
  -1.0228010e+01   1.1655776e+00  -7.4344151e+00
  -1.0233564e+01   1.9287570e+00  -7.8091064e+00
  -1.0072740e+01   2.5861004e+00  -7.9237015e+00
  -1.0837825e+01   1.3491426e+00  -8.1791755e+00
  -1.1760533e+01  -9.3428264e-03  -8.4452321e+00
  -1.0311156e+01   2.8344395e+00  -8.2750700e+00
  -1.2037047e+01  -1.1177307e+00  -8.0655448e+00
  -9.8358791e+00   3.4622500e+00  -8.0123218e+00
  -1.1588843e+01   9.4497820e-01  -8.7760303e+00
  -1.0825662e+01   2.2124124e+00  -8.5608760e+00
  -1.0687333e+01   7.4647601e-01  -7.7102853e+00
  -1.0150457e+01   1.8665591e+00  -7.6920156e+00
  -1.0793767e+01   2.0497026e+00  -8.4567767e+00
  -1.1183562e+01   7.6875525e-01  -8.2543740e+00
  -1.2351146e+01   2.4181857e-01  -9.2141921e+00
  -1.1010020e+01   2.1694575e+00  -8.7363295e+00
