  -1.1305221e+01  -4.6029182e+00  -4.3662032e+00
  -5.7885199e+00   5.2884831e+00  -4.3099253e+00
  -1.1307679e+01  -2.9260229e+00  -5.9113387e+00
  -7.6537135e+00   3.9081082e+00  -5.8577359e+00
  -1.0971629e+01  -2.6300236e+00  -5.7622310e+00
  -7.2785055e+00   4.0601976e+00  -5.5087365e+00
  -1.0747642e+01  -2.6322385e+00  -5.4967712e+00
  -7.2712296e+00   4.0090991e+00  -5.4823304e+00
  -1.0946481e+01  -2.6351923e+00  -5.7285131e+00
  -6.9599480e+00   4.2487278e+00  -5.2320290e+00
  -1.1026853e+01  -2.6058694e+00  -5.8465464e+00
  -7.6984249e+00   3.4495299e+00  -5.7321316e+00
  -1.1099207e+01  -1.8959273e+00  -6.4824530e+00
  -8.4146775e+00   3.1192714e+00  -6.3734788e+00
  -1.1058051e+01  -2.3813752e-01  -7.5517099e+00
  -1.0224757e+01   1.3948585e+00  -7.5462230e+00
  -1.0918971e+01  -4.5245383e-01  -7.2678523e+00
  -9.5195636e+00   2.1627705e+00  -7.1520863e+00
  -9.5951731e+00  -1.1895687e+00  -5.2724095e+00
  -7.7789833e+00   2.0008872e+00  -5.1721635e+00
  -9.2436005e+00  -8.0293901e-01  -5.1421110e+00
  -7.6877343e+00   1.5780877e+00  -4.8478178e+00
  -9.5746934e+00  -1.1009603e+00  -5.3134315e+00
  -7.7450527e+00   2.1701919e+00  -5.2185839e+00
  -8.9844995e+00  -5.4254779e-01  -5.0234843e+00
  -7.2685252e+00   1.9147704e+00  -4.5523496e+00
  -9.6324873e+00  -8.2785724e-01  -5.5753346e+00
  -8.0002967e+00   1.9453132e+00  -5.3909722e+00
  -9.8648378e+00  -5.7469125e-01  -6.0135772e+00
  -8.7561382e+00   1.2319567e+00  -5.8593792e+00
  -9.7847712e+00   7.9929970e-01  -6.7584851e+00
  -1.0242142e+01  -2.2276520e-01  -6.6636044e+00
  -9.3310572e+00   1.2153225e+00  -6.4851437e+00
  -9.8817484e+00  -1.7147320e-01  -6.2938728e+00
  -8.9854415e+00  -7.0178491e-01  -4.9120962e+00
  -7.4494448e+00   1.7072496e+00  -4.6471699e+00
  -8.9874667e+00  -5.5260987e-01  -5.0199172e+00
  -7.9093299e+00   1.3203039e+00  -4.9569435e+00
  -8.9769379e+00  -5.7835574e-01  -4.9895768e+00
  -7.1028933e+00   2.2603477e+00  -4.5428917e+00
  -9.0484096e+00  -7.5219289e-01  -4.9499421e+00
  -7.6710052e+00   1.5290267e+00  -4.8019858e+00
  -9.2506906e+00   4.7907834e-01  -5.9846617e+00
  -9.3836246e+00   3.7354884e-02  -5.8650144e+00
  -9.0584938e+00   1.4791718e+00  -6.3233629e+00
  -1.0074978e+01  -5.3771726e-01  -6.2753311e+00
  -9.0121238e+00   1.1025982e+00  -6.0732121e+00
  -9.4071826e+00   6.7209568e-02  -5.9102526e+00
  -9.5441137e+00  -1.3765278e+00  -5.0726872e+00
  -7.6502535e+00   2.2370832e+00  -5.1457424e+00
  -8.8893954e+00  -9.1061430e-01  -4.6465534e+00
  -6.6967078e+00   2.7282484e+00  -4.3132935e+00
  -9.3311891e+00  -1.2248085e+00  -4.9357929e+00
  -7.3515742e+00   2.4311276e+00  -4.9064952e+00
  -9.2844355e+00  -1.6629432e-02  -5.7187063e+00
  -8.6616813e+00   1.2203996e+00  -5.7479769e+00
  -9.5728156e+00   9.6977277e-01  -6.6191216e+00
  -1.0154331e+01   6.6432205e-02  -6.7433961e+00
  -9.2666302e+00   1.1222530e+00  -6.3648680e+00
  -9.6466613e+00   3.6994379e-01  -6.3616616e+00
  -8.6448983e+00  -1.5282465e-01  -4.8948572e+00
  -7.3473193e+00   1.6168447e+00  -4.4810924e+00
  -8.8738263e+00  -5.5374194e-01  -4.8861632e+00
  -7.7123694e+00   1.4038436e+00  -4.7796455e+00
  -8.9590621e+00   1.2419000e-01  -5.4379214e+00
  -8.4930932e+00   8.7564175e-01  -5.3648494e+00
  -8.9804039e+00   1.4348342e+00  -6.2147373e+00
  -1.0023240e+01  -5.5645445e-01  -6.2047338e+00
  -8.8586030e+00   1.1286720e+00  -5.9170849e+00
  -9.4110986e+00  -9.9473244e-02  -5.8095201e+00
  -1.0372852e+01  -2.0565775e+00  -5.5213176e+00
  -7.4758944e+00   3.8621085e+00  -5.6493014e+00
  -1.0616556e+01  -1.3997562e+00  -6.2962263e+00
  -8.3612914e+00   3.6233009e+00  -6.5111670e+00
  -1.0488877e+01  -6.8995104e-02  -7.0306111e+00
  -9.7773924e+00   2.0997992e+00  -7.3998589e+00
  -1.0122194e+01   3.9075164e-01  -6.8987291e+00
  -9.5978384e+00   1.9446790e+00  -7.1362667e+00
  -1.1745009e+01  -2.5380232e+00  -6.7275373e+00
  -8.4257751e+00   3.7571212e+00  -6.6288140e+00
  -1.2101221e+01  -1.7947815e+00  -7.6766449e+00
  -9.6747346e+00   2.9785531e+00  -7.6608216e+00
  -1.1796035e+01  -1.2801513e+00  -7.6947993e+00
  -9.6496837e+00   2.7658087e+00  -7.5492902e+00
  -1.0606945e+01  -2.8818304e-01  -7.0266049e+00
  -9.5499156e+00   1.7712182e+00  -7.0027304e+00
  -1.0549334e+01   2.3248808e-02  -7.1522678e+00
  -9.9143521e+00   9.9487159e-01  -7.0056945e+00
  -1.2359834e+01  -1.7355666e+00  -8.0021808e+00
  -9.9245565e+00   2.5112483e+00  -7.7356301e+00
