  -1.1371304e+01  -1.7991822e+00  -6.8610738e+00
  -8.1935150e+00   4.8938446e+00  -6.7557167e+00
  -1.1359584e+01  -6.5812979e-01  -7.6215705e+00
  -9.4303020e+00   3.8274170e+00  -7.7149282e+00
  -1.0946884e+01  -1.0391829e+00  -6.9180318e+00
  -7.6818519e+00   5.4608634e+00  -6.3789789e+00
  -1.0718418e+01  -1.4932571e-01  -7.2341023e+00
  -8.7265713e+00   4.2070893e+00  -7.1023008e+00
  -1.0932776e+01  -1.6983702e+00  -6.4391830e+00
  -7.2837361e+00   5.3732656e+00  -5.9350404e+00
  -1.1256695e+01  -5.2752802e-01  -7.5910003e+00
  -9.3415110e+00   3.8216348e+00  -7.6197005e+00
  -1.1189702e+01  -1.1364294e+00  -7.1224258e+00
  -8.3510018e+00   4.8663269e+00  -6.9130621e+00
  -1.0997819e+01   3.2493486e-01  -7.8142598e+00
  -9.9329432e+00   3.0220032e+00  -7.9502313e+00
  -1.1156420e+01  -2.5327193e-01  -7.6497342e+00
  -9.1095146e+00   4.4031612e+00  -7.5672826e+00
  -9.3663340e+00   1.3076358e+00  -6.5720627e+00
  -9.5756736e+00   7.3953207e-01  -6.4954938e+00
  -9.2551574e+00   8.4363170e-01  -6.1994849e+00
  -8.1970414e+00   1.8650049e+00  -5.5691567e+00
  -9.8234134e+00   9.1704162e-01  -6.8648894e+00
  -9.0697630e+00   1.9151683e+00  -6.5515741e+00
  -8.8542084e+00   5.4996019e-01  -5.5810681e+00
  -7.6681700e+00   1.9398786e+00  -5.0169949e+00
  -9.6436004e+00   9.7667011e-01  -6.7004165e+00
  -9.4108565e+00   1.0554653e+00  -6.4875821e+00
  -9.7818354e+00   2.8517097e-01  -6.4615875e+00
  -8.7589324e+00   1.8072848e+00  -6.1599470e+00
  -9.8061233e+00   1.3423570e+00  -7.0684754e+00
  -1.0100674e+01   5.5924736e-01  -6.9709255e+00
  -9.4077692e+00   1.6356197e+00  -6.7830085e+00
  -9.5768724e+00   7.8250040e-01  -6.5208027e+00
  -8.6183102e+00   1.2770235e+00  -5.7303904e+00
  -8.0936527e+00   1.2075454e+00  -5.1026475e+00
  -8.8425612e+00   1.8382853e+00  -6.2667422e+00
  -9.1949536e+00   4.4111167e-01  -5.8996505e+00
  -8.5030828e+00   8.1264845e-01  -5.3394146e+00
  -7.5467129e+00   1.7023610e+00  -4.7550824e+00
  -8.8646641e+00   1.9013570e+00  -6.3215727e+00
  -9.5632265e+00   3.9407877e-02  -6.0685284e+00
  -9.3613266e+00   1.1640037e+00  -6.4912053e+00
  -9.2385139e+00   7.0661208e-01  -6.1034498e+00
  -9.2292098e+00   2.0325326e+00  -6.7797581e+00
  -1.0066341e+01   2.0220109e-02  -6.6180766e+00
  -8.8112731e+00   1.5782532e+00  -6.1024230e+00
  -8.9829328e+00   6.2299722e-01  -5.7693179e+00
  -9.2461608e+00   8.8131054e-01  -6.2105592e+00
  -8.6272835e+00   2.3819817e+00  -6.2880285e+00
  -9.1734197e+00  -2.0358849e-01  -5.4714186e+00
  -7.0303335e+00   3.9664954e+00  -5.2056434e+00
  -9.4070584e+00   9.4662465e-01  -6.4243324e+00
  -9.0027714e+00   2.2114741e+00  -6.6174957e+00
  -9.2157272e+00   9.7098680e-01  -6.2265246e+00
  -8.6548087e+00   2.3217457e+00  -6.2905694e+00
  -9.3619641e+00   1.8062418e+00  -6.8163196e+00
  -1.0025972e+01   1.1344879e+00  -7.2001026e+00
  -9.2780668e+00   1.5514403e+00  -6.6000992e+00
  -9.2030263e+00   1.9781966e+00  -6.7259956e+00
  -8.3348575e+00   9.7862249e-01  -5.2453511e+00
  -7.5074765e+00   2.1842426e+00  -4.9601839e+00
  -9.0928310e+00   1.4776506e+00  -6.3602350e+00
  -9.2853153e+00   1.3140053e+00  -6.4866951e+00
  -8.7578352e+00   9.8135486e-01  -5.7230076e+00
  -8.2692403e+00   1.9280371e+00  -5.6806346e+00
  -8.9744202e+00   1.9397915e+00  -6.4596751e+00
  -9.7173610e+00   7.8371649e-01  -6.6759576e+00
  -9.0605938e+00   1.2532422e+00  -6.2078009e+00
  -8.8868812e+00   1.6811120e+00  -6.2374807e+00
  -1.0522564e+01  -1.5566372e-02  -7.0997450e+00
  -9.0043205e+00   4.0516144e+00  -7.3431752e+00
  -9.9718597e+00   1.1990824e-01  -6.5736029e+00
  -8.4217071e+00   3.7955541e+00  -6.6383006e+00
  -1.0450185e+01   6.6521980e-01  -7.4101411e+00
  -9.7829381e+00   3.0487035e+00  -7.8024153e+00
  -1.0421833e+01   5.3808826e-01  -7.3093276e+00
  -9.2239365e+00   3.7089104e+00  -7.4567603e+00
  -1.1343929e+01  -1.6139990e+00  -6.9634332e+00
  -8.0935137e+00   4.7856109e+00  -6.6179425e+00
  -1.1992598e+01  -1.2232242e+00  -7.9478298e+00
  -9.4646712e+00   4.1754059e+00  -7.8664776e+00
  -1.2153303e+01  -1.3299465e+00  -8.0522891e+00
  -9.1504176e+00   4.8318977e+00  -7.7389559e+00
  -1.0682014e+01   3.4337358e-01  -7.4827465e+00
  -9.5363558e+00   2.8960410e+00  -7.4816031e+00
  -1.0944031e+01   1.4063152e-01  -7.6512614e+00
  -9.5395380e+00   2.8063074e+00  -7.4488401e+00
  -1.2747543e+01  -1.7345422e+00  -8.4256209e+00
  -9.4505790e+00   4.4858661e+00  -7.9489915e+00
