  -1.1346093e+01  -6.2626636e-01  -7.6268915e+00
  -8.8716800e+00   5.2752532e+00  -7.5724799e+00
  -1.1210803e+01  -1.2427881e+00  -7.0736612e+00
  -8.4887701e+00   5.5497960e+00  -7.2464976e+00
  -1.0214457e+01   2.5716368e+00  -8.0674554e+00
  -9.5481484e+00   3.6785244e+00  -7.7870866e+00
  -1.0681835e+01   2.1133213e-01  -7.4071284e+00
  -8.2741293e+00   5.7122458e+00  -7.0645847e+00
  -1.0552472e+01   2.5739665e+00  -8.4244549e+00
  -9.6008803e+00   3.8269614e+00  -7.8936356e+00
  -1.1139323e+01   3.6680307e-01  -7.9901370e+00
  -8.8400792e+00   5.3063183e+00  -7.5479481e+00
  -1.0837514e+01   2.7447748e+00  -8.7916281e+00
  -1.1032980e+01   2.7926522e+00  -9.0144847e+00
  -1.1088885e+01   2.2890159e+00  -8.8697466e+00
  -1.0829029e+01   3.3867168e+00  -9.0222856e+00
  -1.1273116e+01   3.5198041e+00  -9.5289997e+00
  -1.1495330e+01   3.4803390e+00  -9.7451627e+00
  -1.0075046e+01  -6.2559940e-02  -6.5771632e+00
  -8.6352180e+00   2.9454365e+00  -6.5397778e+00
  -9.3403306e+00   3.6427408e+00  -7.5559679e+00
  -9.9918523e+00   6.8536486e-01  -6.9222742e+00
  -9.3154334e+00   1.9546036e+00  -6.8364762e+00
  -8.7853161e+00   2.0333285e+00  -6.2982988e+00
  -8.6933791e+00   4.6556104e+00  -7.2091522e+00
  -9.8408143e+00   3.8764765e-01  -6.5870980e+00
  -9.4099652e+00   2.4302850e+00  -7.1529637e+00
  -9.1990108e+00   1.7184579e+00  -6.5968511e+00
  -9.4732074e+00   4.0645435e+00  -7.8393826e+00
  -1.1461216e+01  -5.5838097e-01  -7.7948255e+00
  -9.6068326e+00   3.4171904e+00  -7.7553167e+00
  -1.0923789e+01   5.4296987e-02  -7.5792112e+00
  -9.4572021e+00   5.5945272e+00  -8.2616022e+00
  -1.2174962e+01  -1.1664443e+00  -8.1836854e+00
  -8.7177841e+00   3.8961317e+00  -6.9878864e+00
  -9.7589712e+00  -6.1450670e-02  -6.2253153e+00
  -8.9197329e+00   2.2459215e+00  -6.5433575e+00
  -8.8528037e+00   9.5799227e-01  -5.8160227e+00
  -8.9337071e+00   4.6527728e+00  -7.4599490e+00
  -9.9382755e+00   1.7814789e-01  -6.5713066e+00
  -8.9654253e+00   2.3631709e+00  -6.6456953e+00
  -8.8064184e+00   1.0984669e+00  -5.8424415e+00
  -8.8694828e+00   5.5567388e+00  -7.6439305e+00
  -1.2170967e+01  -2.3269877e+00  -7.3678887e+00
  -9.0476986e+00   4.1405775e+00  -7.4182660e+00
  -1.0903600e+01  -7.3050378e-01  -7.0739458e+00
  -9.0308012e+00   5.1779324e+00  -7.7115890e+00
  -1.1580629e+01  -1.4320716e+00  -7.3541538e+00
  -9.4161977e+00   1.3130049e+00  -6.6293454e+00
  -8.3575204e+00   3.4406200e+00  -6.4383783e+00
  -8.9353935e+00   3.6936267e+00  -7.1467376e+00
  -9.1545208e+00   2.5974686e+00  -6.9513222e+00
  -9.2220259e+00   1.8761978e+00  -6.6982129e+00
  -8.4158736e+00   3.5653480e+00  -6.5478950e+00
  -9.3760957e+00   4.6113354e+00  -7.9092305e+00
  -1.1415765e+01   8.9208807e-01  -8.5655640e+00
  -9.2660311e+00   3.9193296e+00  -7.5737600e+00
  -1.0834219e+01   1.0810087e+00  -8.0420589e+00
  -9.1796832e+00   5.4223865e+00  -7.9309823e+00
  -1.1571081e+01   5.1243431e-01  -8.5319642e+00
  -8.4247379e+00   5.2716206e+00  -7.1056605e+00
  -9.9429142e+00   9.3086188e-01  -7.0026423e+00
  -8.7449548e+00   2.5024306e+00  -6.4693253e+00
  -8.6641077e+00   2.3543241e+00  -6.3154917e+00
  -8.9434036e+00   4.3228764e+00  -7.3678187e+00
  -1.0974819e+01   4.1258887e-01  -7.8383342e+00
  -8.9328634e+00   3.7958361e+00  -7.1802366e+00
  -1.0423856e+01   8.4096369e-01  -7.4763808e+00
  -9.0629814e+00   5.0719006e+00  -7.7159084e+00
  -1.1426968e+01   1.2774638e-01  -8.1653295e+00
  -9.9185003e+00   1.3654450e+00  -7.2016868e+00
  -8.6110247e+00   4.1989524e+00  -6.9777816e+00
  -9.9387890e+00   3.7950455e+00  -8.2362054e+00
  -1.1131125e+01   1.9478083e+00  -8.7672518e+00
  -1.0181783e+01   2.8403218e+00  -8.1413248e+00
  -1.0584148e+01   2.7470165e+00  -8.5271737e+00
  -1.0065586e+01   4.7713610e+00  -8.6712526e+00
  -1.1711270e+01   1.6596338e+00  -9.2473974e+00
  -1.1554905e+01   1.6874366e+00  -9.0959894e+00
  -1.0816600e+01   3.0021278e+00  -8.8688484e+00
  -1.1848787e+01   8.0746957e-01  -8.9812604e+00
  -1.0402508e+01   3.6092539e+00  -8.6562688e+00
  -1.1554612e+01   3.2474013e+00  -9.7251295e+00
  -1.1853137e+01   1.8491752e+00  -9.4805143e+00
  -1.0414199e+01   2.5661850e+00  -8.2758023e+00
  -1.0412796e+01   2.3435986e+00  -8.1815443e+00
  -1.0799036e+01   4.0940083e+00  -9.2271014e+00
  -1.2027268e+01   9.7009962e-01  -9.2515410e+00
  -1.2350689e+01   2.2155402e+00  -1.0153908e+01
  -1.1844240e+01   2.4010850e+00  -9.7040648e+00
