  -1.1009073e+01  -3.5161500e+00  -5.0422629e+00
  -5.2647278e+00   8.3483669e+00  -4.4786065e+00
  -1.1165528e+01  -2.1278319e+00  -6.3833289e+00
  -7.4760663e+00   6.6919785e+00  -6.4635920e+00
  -1.0849705e+01  -2.7725181e-01  -7.3001789e+00
  -7.0809197e+00   7.4766657e+00  -6.2117803e+00
  -1.0509080e+01  -1.2143966e+00  -6.3057620e+00
  -6.7511614e+00   7.2384279e+00  -5.8229632e+00
  -1.0645802e+01  -1.3990860e+00  -6.3299158e+00
  -6.5301910e+00   7.1871088e+00  -5.5821037e+00
  -1.0734778e+01  -4.2523126e-01  -7.0821562e+00
  -8.1419275e+00   5.3582274e+00  -6.8335730e+00
  -1.0818962e+01  -5.1835902e-01  -7.1163297e+00
  -7.5890560e+00   6.6332262e+00  -6.5683055e+00
  -1.0780560e+01   1.7137627e+00  -8.2914552e+00
  -9.8014467e+00   4.3825008e+00  -8.2826010e+00
  -1.0827314e+01   1.7427033e-01  -7.5439667e+00
  -8.1969854e+00   6.4876347e+00  -7.1671109e+00
  -9.2302032e+00  -1.6008424e-01  -5.5647780e+00
  -7.6921999e+00   2.9147428e+00  -5.5041119e+00
  -8.9850642e+00   1.7982918e+00  -6.4028347e+00
  -7.6015019e+00   2.7812811e+00  -5.3458465e+00
  -9.3955059e+00   2.4957022e-01  -6.0093358e+00
  -7.1958588e+00   3.9097795e+00  -5.3641235e+00
  -8.7825625e+00   6.8488748e-01  -5.5802306e+00
  -6.9234621e+00   3.2776338e+00  -4.8140500e+00
  -9.4603476e+00   1.3127176e+00  -6.6774017e+00
  -8.4807406e+00   2.6722572e+00  -6.2577061e+00
  -9.5693859e+00   8.1260447e-01  -6.5292767e+00
  -8.0466840e+00   3.0232410e+00  -5.9366168e+00
  -9.6686480e+00   2.4794505e+00  -7.4502277e+00
  -9.8850028e+00   1.3729817e+00  -7.1692749e+00
  -9.0806064e+00   1.9172049e+00  -6.5643284e+00
  -8.6119301e+00   2.0285794e+00  -6.1066327e+00
  -8.6961709e+00   1.8158172e+00  -6.0953206e+00
  -7.3955787e+00   2.2623648e+00  -4.8734818e+00
  -8.7964024e+00   8.2715419e-01  -5.6785273e+00
  -7.3664761e+00   2.3226711e+00  -4.8705242e+00
  -8.5978812e+00   7.4386333e-01  -5.4063311e+00
  -6.8157338e+00   2.8933614e+00  -4.5243567e+00
  -8.7475756e+00   1.4491570e+00  -5.9654322e+00
  -8.2490179e+00   1.4584357e+00  -5.4156697e+00
  -9.0676899e+00   1.9400289e+00  -6.5611852e+00
  -8.5973583e+00   1.4103761e+00  -5.7785271e+00
  -8.9204734e+00   3.1930046e+00  -6.9441012e+00
  -9.7608849e+00   2.9030539e-01  -6.4413882e+00
  -8.7478526e+00   1.8050959e+00  -6.1467181e+00
  -8.2881899e+00   1.5879173e+00  -5.5281137e+00
  -9.4422099e+00  -1.2213835e-01  -5.8302741e+00
  -6.9383059e+00   5.1133177e+00  -5.4923585e+00
  -8.5944051e+00   3.4357053e-01  -5.1591356e+00
  -6.2900567e+00   5.0997311e+00  -4.7931035e+00
  -9.0303699e+00   9.5523335e-01  -6.0122988e+00
  -7.7991130e+00   4.0939801e+00  -6.0799195e+00
  -9.0183948e+00   1.4294386e+00  -6.2537162e+00
  -7.8230030e+00   4.1928393e+00  -6.1396594e+00
  -9.3542752e+00   2.8701985e+00  -7.2778185e+00
  -9.7486423e+00   2.6113210e+00  -7.5907778e+00
  -8.9459178e+00   1.9897095e+00  -6.4524632e+00
  -8.3499980e+00   3.5706203e+00  -6.4794989e+00
  -8.3188934e+00   1.1048589e+00  -5.2993923e+00
  -6.8066839e+00   4.0038277e+00  -4.9761791e+00
  -8.6612474e+00   1.5662832e+00  -5.9308443e+00
  -8.1129824e+00   3.0585874e+00  -6.0231523e+00
  -8.6487324e+00   1.4549900e+00  -5.8590767e+00
  -7.6080529e+00   3.6059224e+00  -5.6952809e+00
  -8.7495977e+00   3.1914916e+00  -6.7612023e+00
  -9.5517829e+00   1.7919728e+00  -7.0146726e+00
  -8.5384673e+00   1.8709761e+00  -5.9492957e+00
  -8.0650888e+00   2.9973552e+00  -5.9457582e+00
  -1.0115044e+01   7.9148745e-02  -6.7076139e+00
  -7.9207188e+00   5.4243127e+00  -6.6197901e+00
  -1.0368091e+01  -5.8314819e-02  -6.9040554e+00
  -7.5485068e+00   6.6073214e+00  -6.5204909e+00
  -1.0439762e+01   1.6268693e+00  -7.8885625e+00
  -9.4692284e+00   4.7143570e+00  -8.0365724e+00
  -9.8960618e+00   1.1089412e+00  -7.0459194e+00
  -8.3257512e+00   4.9546860e+00  -6.9125095e+00
  -1.1358814e+01  -1.0786574e+00  -7.3482491e+00
  -7.6626155e+00   5.9284282e+00  -6.4806761e+00
  -1.2033162e+01  -2.5772279e-01  -8.5934928e+00
  -9.3413439e+00   5.2244366e+00  -8.0464132e+00
  -1.1590082e+01  -6.3431795e-01  -7.8877689e+00
  -8.4131682e+00   5.5656774e+00  -7.1718806e+00
  -1.0407228e+01   1.3622589e+00  -7.7258417e+00
  -9.1735547e+00   3.8669212e+00  -7.4586576e+00
  -1.0299154e+01   7.8528460e-01  -7.3115359e+00
  -8.6202464e+00   3.8928246e+00  -6.8834738e+00
  -1.2178790e+01  -1.0752521e+00  -8.2470461e+00
  -8.6696240e+00   5.4806834e+00  -7.4167266e+00
