  -1.1061192e+01  -1.7749715e+00  -6.5287106e+00
  -7.3112581e+00   6.0559301e+00  -6.1444323e+00
  -1.1205522e+01  -1.6969762e+00  -6.7485918e+00
  -7.7411905e+00   5.8252057e+00  -6.5369234e+00
  -1.0688584e+01  -9.7070862e-01  -6.6757808e+00
  -7.1091619e+00   6.3542756e+00  -6.0046019e+00
  -1.0755068e+01  -2.8139028e+00  -5.3532207e+00
  -5.7148548e+00   7.7812859e+00  -4.8467156e+00
  -1.0726605e+01  -5.1296169e-01  -7.0177820e+00
  -7.3001929e+00   5.9521862e+00  -6.1069344e+00
  -1.1064601e+01  -2.0638350e+00  -6.3166825e+00
  -7.0851199e+00   6.4514296e+00  -6.0020773e+00
  -1.0930044e+01   5.2082250e-01  -7.8497033e+00
  -9.1928078e+00   4.4216220e+00  -7.6601683e+00
  -1.0889281e+01   9.6394190e-01  -8.0411495e+00
  -9.7275966e+00   3.8377109e+00  -8.0299310e+00
  -1.0745918e+01   1.2385790e+00  -8.0268078e+00
  -9.4621845e+00   4.2870834e+00  -7.8994658e+00
  -9.5203577e+00  -8.4438001e-02  -5.9426096e+00
  -7.8402932e+00   2.8779686e+00  -5.6501864e+00
  -9.0974693e+00   7.8499326e-01  -5.9911209e+00
  -7.6084204e+00   2.5805593e+00  -5.2624095e+00
  -9.2836341e+00  -1.0367761e+00  -5.0196401e+00
  -6.1822496e+00   4.3933313e+00  -4.4371775e+00
  -8.6320790e+00   1.7109064e+00  -5.9724348e+00
  -7.6172362e+00   2.2139109e+00  -5.0975715e+00
  -9.2707622e+00   2.2266002e-01  -5.8526758e+00
  -7.6795256e+00   2.8438366e+00  -5.4592798e+00
  -9.6289548e+00   1.8231915e+00  -7.1127215e+00
  -9.5889970e+00   1.2088271e+00  -6.7638477e+00
  -9.6082316e+00   2.0127264e+00  -7.1789209e+00
  -9.8568698e+00   9.4550894e-01  -6.9167177e+00
  -9.4610767e+00   2.5503239e+00  -7.2590826e+00
  -9.8171858e+00   1.0366814e+00  -6.9220791e+00
  -8.4354928e+00   1.2839613e+00  -5.5300005e+00
  -7.5207596e+00   1.7589179e+00  -4.7559589e+00
  -8.7340773e+00  -5.3092599e-01  -4.7380227e+00
  -6.3449513e+00   3.0421164e+00  -4.0632768e+00
  -8.0347210e+00   2.4831835e+00  -5.6872367e+00
  -7.7589797e+00   1.3734225e+00  -4.8157131e+00
  -8.6508755e+00   1.5757112e-01  -5.1059970e+00
  -7.2554414e+00   2.0329786e+00  -4.5993975e+00
  -9.1050789e+00   3.1996103e+00  -7.1430804e+00
  -1.0302731e+01  -3.1233587e-01  -6.6748127e+00
  -9.0816629e+00   2.8710000e+00  -6.9875645e+00
  -1.0004632e+01   6.7244191e-02  -6.5781624e+00
  -8.8876389e+00   2.4725404e+00  -6.6102538e+00
  -9.3000440e+00   6.5497996e-01  -6.1422970e+00
  -9.1243272e+00  -1.2021596e+00  -4.7072638e+00
  -5.9516906e+00   4.9697595e+00  -4.3848055e+00
  -8.6750038e+00   1.1459714e+00  -5.7220705e+00
  -6.9927958e+00   4.0484294e+00  -5.1952202e+00
  -8.9100179e+00  -9.1899777e-02  -5.2423389e+00
  -6.9647957e+00   4.0667627e+00  -5.1715645e+00
  -9.3151038e+00   2.3232663e+00  -7.0043814e+00
  -9.4077470e+00   2.5095128e+00  -7.1847324e+00
  -9.4653963e+00   2.2563672e+00  -7.1359205e+00
  -9.7653724e+00   2.1047908e+00  -7.3892540e+00
  -8.9976061e+00   2.9268067e+00  -6.9204979e+00
  -9.5251955e+00   1.9736161e+00  -7.0715703e+00
  -8.2265478e+00   2.2869551e+00  -5.8068033e+00
  -7.6138004e+00   2.6512437e+00  -5.3007746e+00
  -8.6646825e+00   2.9244513e-01  -5.2075826e+00
  -7.1913090e+00   3.3707109e+00  -5.1478497e+00
  -8.8944354e+00   2.3881161e+00  -6.5801677e+00
  -9.1697976e+00   1.9170883e+00  -6.6610792e+00
  -8.8172864e+00   2.5541453e+00  -6.5701024e+00
  -9.4430914e+00   1.4464624e+00  -6.7269709e+00
  -8.6591540e+00   2.7480531e+00  -6.4830203e+00
  -9.3194164e+00   1.4229145e+00  -6.5801453e+00
  -1.0161158e+01  -1.3301722e+00  -5.8257992e+00
  -6.9061592e+00   6.0295950e+00  -5.7121335e+00
  -1.0184605e+01   1.1716360e+00  -7.3906987e+00
  -9.0989115e+00   4.1100401e+00  -7.4620015e+00
  -1.0141371e+01   1.6183760e+00  -7.5655911e+00
  -9.6747073e+00   3.2897952e+00  -7.7797879e+00
  -9.9980610e+00   2.0681216e+00  -7.6212352e+00
  -9.5832279e+00   3.3711516e+00  -7.7135720e+00
  -1.1570867e+01  -1.9234629e-01  -8.1350502e+00
  -9.1852236e+00   4.4762447e+00  -7.6691414e+00
  -1.1928197e+01  -6.8196417e-01  -8.2247038e+00
  -9.3143120e+00   4.6489358e+00  -7.8560692e+00
  -1.1698616e+01   1.4010419e-01  -8.4636753e+00
  -9.5234373e+00   4.2967479e+00  -7.9664365e+00
  -1.0724472e+01   9.9121523e-01  -7.8786816e+00
  -9.5331958e+00   3.3802421e+00  -7.6642074e+00
  -1.0602387e+01   1.6346466e+00  -8.0654111e+00
  -9.8859674e+00   2.6677058e+00  -7.7596480e+00
  -1.2288552e+01  -2.0001956e-01  -8.8999412e+00
  -9.8405490e+00   4.1036524e+00  -8.2356475e+00
