  -1.1364821e+01  -3.0769792e+00  -5.8517784e+00
  -7.5481882e+00   4.2426550e+00  -5.8630072e+00
  -1.1316767e+01  -2.9317581e+00  -5.9171964e+00
  -7.5164981e+00   4.3004632e+00  -5.8488976e+00
  -1.0136758e+01  -7.6384455e-01  -6.1945766e+00
  -8.1548098e+00   2.7324271e+00  -5.9299700e+00
  -1.0711486e+01  -2.3412528e+00  -5.6915919e+00
  -7.2669375e+00   4.2606363e+00  -5.5673803e+00
  -1.0737511e+01  -6.5624636e-01  -6.9380654e+00
  -8.3998109e+00   3.0714688e+00  -6.3381137e+00
  -1.1276713e+01  -3.0872948e+00  -5.7393837e+00
  -7.1925903e+00   4.4146859e+00  -5.5404729e+00
  -1.0915141e+01  -2.4723714e-02  -7.5234303e+00
  -9.9320599e+00   1.8327356e+00  -7.4428042e+00
  -1.1196026e+01  -3.4715618e-01  -7.6359450e+00
  -1.0035341e+01   1.9763865e+00  -7.6195058e+00
  -1.1241484e+01   6.2999253e-01  -8.2429252e+00
  -1.0658715e+01   1.7763320e+00  -8.1911302e+00
  -1.0065592e+01  -1.6050443e+00  -5.5111651e+00
  -7.6589455e+00   2.6960646e+00  -5.3708788e+00
  -9.3670383e+00   6.8947057e-02  -5.8660595e+00
  -8.4997522e+00   1.0953445e+00  -5.4976973e+00
  -9.4246058e+00  -6.6557076e-01  -5.4485981e+00
  -7.7898355e+00   2.1080286e+00  -5.2378107e+00
  -8.7809909e+00   1.3904647e+00  -5.9715764e+00
  -8.6238897e+00   6.5595594e-01  -5.3837024e+00
  -9.5853405e+00  -1.0781996e+00  -5.3423885e+00
  -7.5119955e+00   2.4249600e+00  -5.0824405e+00
  -9.6437458e+00   1.2867713e+00  -6.8638546e+00
  -1.0266037e+01  -1.9906307e-01  -6.7048680e+00
  -9.6732565e+00   9.5866037e-01  -6.7231707e+00
  -1.0117359e+01  -1.0144940e-01  -6.6002275e+00
  -9.4022765e+00   2.7168699e+00  -7.2661946e+00
  -1.1210352e+01  -1.2328287e+00  -7.0799593e+00
  -8.8687760e+00   4.2082639e-01  -5.5196054e+00
  -8.2842632e+00   1.0031276e+00  -5.2021446e+00
  -8.9934182e+00  -3.5346311e-01  -5.1640354e+00
  -7.8331421e+00   1.4975644e+00  -4.9686608e+00
  -9.0648151e+00   1.2227754e+00  -6.1962445e+00
  -8.5754736e+00   1.1545036e+00  -5.6155339e+00
  -9.2296219e+00  -1.2122955e+00  -4.8248624e+00
  -7.1348543e+00   2.2398124e+00  -4.5686809e+00
  -8.9911864e+00   2.4936831e+00  -6.7311149e+00
  -1.0978542e+01  -1.5548048e+00  -6.5950372e+00
  -9.0918494e+00   1.5639781e+00  -6.4030516e+00
  -9.9933029e+00  -3.2183523e-01  -6.3234436e+00
  -9.0655901e+00   2.4691189e+00  -6.8004409e+00
  -1.0626958e+01  -9.2312452e-01  -6.6388503e+00
  -9.4855390e+00  -1.1807442e+00  -5.1505451e+00
  -7.5038102e+00   2.5360551e+00  -5.1258260e+00
  -8.9565626e+00   6.9678712e-01  -5.7828402e+00
  -8.0207420e+00   1.9110586e+00  -5.3964723e+00
  -9.5031586e+00  -1.6690234e+00  -4.7972943e+00
  -6.7993620e+00   3.3263625e+00  -4.6974413e+00
  -9.3703131e+00   1.6806320e+00  -6.7644579e+00
  -1.0229727e+01   1.7717681e-01  -6.8924827e+00
  -9.3760471e+00   1.2165774e+00  -6.5351199e+00
  -9.9883243e+00   3.0139614e-01  -6.6995633e+00
  -9.2666798e+00   2.4462985e+00  -7.0064385e+00
  -1.0722038e+01  -3.3026141e-01  -7.1273207e+00
  -8.5278243e+00   1.8616057e+00  -5.9329502e+00
  -8.7853318e+00   4.6507081e-01  -5.4518965e+00
  -8.8807343e+00  -8.8114995e-01  -4.6580683e+00
  -7.1376641e+00   2.0966863e+00  -4.4987698e+00
  -8.9717189e+00   1.7218540e+00  -6.3506381e+00
  -9.9377826e+00  -2.2572309e-01  -6.3223754e+00
  -8.9631810e+00   1.4216060e+00  -6.1889223e+00
  -9.7695157e+00  -1.3342045e-01  -6.1920359e+00
  -9.0668964e+00   2.3466110e+00  -6.7477575e+00
  -1.0582834e+01  -7.3449602e-01  -6.7150194e+00
  -1.0227243e+01  -2.1814708e+00  -5.2498178e+00
  -6.9915491e+00   4.2710143e+00  -5.2740923e+00
  -1.0194014e+01   7.9005839e-01  -7.1999800e+00
  -9.9608288e+00   1.8838703e+00  -7.4973985e+00
  -1.0279204e+01   1.8915774e-01  -6.9539319e+00
  -9.6537492e+00   2.1683719e+00  -7.2983952e+00
  -1.0144004e+01   1.8020665e+00  -7.6552276e+00
  -1.0788796e+01   1.0814967e+00  -7.9937425e+00
  -1.1591252e+01  -8.6809478e-01  -7.7410691e+00
  -9.7743035e+00   2.7062982e+00  -7.6571585e+00
  -1.1931286e+01  -1.5474002e+00  -7.6617873e+00
  -9.6029385e+00   3.1002539e+00  -7.6322589e+00
  -1.1617635e+01   3.8296348e-01  -8.5115888e+00
  -1.0904767e+01   1.6549017e+00  -8.3957359e+00
  -1.0507787e+01   2.9507656e-03  -7.0945993e+00
  -9.5419735e+00   1.9046038e+00  -7.0574134e+00
  -1.0769928e+01   1.2352281e+00  -8.0507729e+00
  -1.1121470e+01   3.3671179e-01  -7.9541787e+00
  -1.2461589e+01  -5.4312590e-01  -8.8826469e+00
  -1.1004982e+01   1.8560839e+00  -8.5935505e+00
