  -1.1366883e+01  -5.1691847e-01  -7.7178002e+00
  -9.1211639e+00   5.2985698e+00  -7.8378599e+00
  -1.1542795e+01  -1.3785208e+00  -7.3490672e+00
  -8.9281713e+00   5.9322180e+00  -7.7970604e+00
  -1.0882097e+01   1.1059495e+00  -8.1058086e+00
  -8.9195587e+00   5.6116362e+00  -7.7097765e+00
  -1.0819682e+01   6.6146342e-01  -7.8072098e+00
  -8.6562181e+00   5.6492983e+00  -7.4460578e+00
  -1.1054243e+01   1.8042026e+00  -8.6221149e+00
  -1.0044516e+01   4.4085691e+00  -8.5429603e+00
  -1.1115696e+01   2.9938498e+00  -9.1773445e+00
  -1.1691643e+01   3.0534312e+00  -9.7969237e+00
  -1.1111857e+01   1.9396642e+00  -8.7433841e+00
  -1.0405176e+01   4.1118396e+00  -8.8250558e+00
  -1.1194728e+01   3.1698309e+00  -9.3243861e+00
  -1.2008103e+01   2.6923923e+00  -9.9889231e+00
  -1.1033970e+01   2.1923427e+00  -8.7712603e+00
  -1.0649619e+01   4.4642990e+00  -9.1855618e+00
  -9.4848513e+00   6.3225791e-01  -6.3344291e+00
  -9.0547536e+00   2.0308479e+00  -6.5900982e+00
  -9.4481440e+00   2.8978503e+00  -7.3887153e+00
  -9.5185156e+00   1.5542153e+00  -6.8629389e+00
  -9.4130707e+00   2.4125107e+00  -7.1485679e+00
  -9.0199807e+00   2.1992711e+00  -6.6305295e+00
  -9.4143792e+00   3.6843290e+00  -7.6485671e+00
  -1.0383248e+01   7.2527705e-01  -7.3702570e+00
  -9.9776757e+00   4.3468348e+00  -8.4547568e+00
  -1.2045827e+01  -1.7455432e-01  -8.6555174e+00
  -9.6062200e+00   3.3125510e+00  -7.7161038e+00
  -1.0725305e+01   5.8878188e-01  -7.6660469e+00
  -9.6064998e+00   4.5487166e+00  -8.1302965e+00
  -1.2158069e+01  -8.7875388e-01  -8.3500384e+00
  -9.4445087e+00   4.0468266e+00  -7.8035226e+00
  -1.1296111e+01  -5.5728321e-02  -7.9185442e+00
  -8.6072220e+00   3.3228716e+00  -6.6602244e+00
  -9.2514016e+00   4.1078087e-01  -5.9448521e+00
  -8.8883975e+00   2.7917072e+00  -6.7479293e+00
  -9.0492914e+00   9.0714455e-01  -6.0064789e+00
  -8.8758156e+00   4.3236572e+00  -7.2971096e+00
  -1.0441997e+01  -3.1480951e-01  -6.8277698e+00
  -9.0370077e+00   4.8093281e+00  -7.6141964e+00
  -1.1656275e+01  -1.4761587e+00  -7.4074620e+00
  -8.9276108e+00   4.9104853e+00  -7.5293488e+00
  -1.1465737e+01  -1.4851549e+00  -7.1899437e+00
  -8.6160629e+00   6.0327216e+00  -7.4978680e+00
  -1.2374538e+01  -2.4870686e+00  -7.4747907e+00
  -8.8388079e+00   3.9006511e+00  -7.1173842e+00
  -1.0688797e+01  -6.3788221e-01  -6.8959009e+00
  -9.2299264e+00   1.8954138e+00  -6.7159430e+00
  -8.4519832e+00   3.5959773e+00  -6.5978193e+00
  -9.0626470e+00   3.4759697e+00  -7.2024104e+00
  -9.8308478e+00   2.1341066e+00  -7.4723946e+00
  -9.3609021e+00   4.5243754e+00  -7.8672238e+00
  -1.1450079e+01   8.8816465e-01  -8.6000077e+00
  -9.5104920e+00   3.8468711e+00  -7.8056881e+00
  -1.0751384e+01   1.9795628e+00  -8.3810640e+00
  -9.5123496e+00   4.9916519e+00  -8.1602854e+00
  -1.2235197e+01   3.2424641e-01  -9.1361540e+00
  -9.2609094e+00   4.0712485e+00  -7.6192067e+00
  -1.0988500e+01   1.2487147e+00  -8.2903027e+00
  -8.5817815e+00   4.6306288e+00  -7.0844366e+00
  -1.0372507e+01   9.8475405e-01  -7.4967795e+00
  -8.8699571e+00   5.0893673e+00  -7.5198240e+00
  -1.1607078e+01   1.1176809e-01  -8.3496504e+00
  -9.1335795e+00   3.6724113e+00  -7.3485636e+00
  -1.0345000e+01   1.7216264e+00  -7.8321585e+00
  -9.1764676e+00   4.6037358e+00  -7.6988125e+00
  -1.1571318e+01   4.8911246e-01  -8.5196839e+00
  -9.0772623e+00   3.5888761e+00  -7.2591191e+00
  -1.0524969e+01   1.3892234e+00  -7.8650793e+00
  -1.0025027e+01   3.8752319e+00  -8.3531112e+00
  -1.1520998e+01   1.2246371e+00  -8.8428421e+00
  -1.0415673e+01   2.6491881e+00  -8.3111121e+00
  -1.0501439e+01   2.7047329e+00  -8.4235676e+00
  -9.9564804e+00   4.4946083e+00  -8.4775694e+00
  -1.2198382e+01   2.7832368e-01  -9.0722651e+00
  -1.0242227e+01   3.1873018e+00  -8.3377357e+00
  -1.1064378e+01   1.9531038e+00  -8.6993632e+00
  -1.1578628e+01   1.1287821e+00  -8.8568427e+00
  -1.0173285e+01   3.7635413e+00  -8.4701571e+00
  -1.1888206e+01   1.9510244e+00  -9.5615399e+00
  -1.1728831e+01   2.6778130e+00  -9.6938710e+00
  -1.1909237e+01   1.2579527e+00  -9.2678642e+00
  -1.0860817e+01   3.5282768e+00  -9.1047642e+00
  -1.1491191e+01   3.0578194e+00  -9.5909598e+00
  -1.1980277e+01   2.6148194e+00  -9.9300612e+00
  -1.0744060e+01   2.7527029e+00  -8.6969629e+00
  -1.1210237e+01   2.1248828e+00  -8.9273754e+00
  -1.1915188e+01   1.3013029e+00  -9.2948025e+00
  -1.1044179e+01   2.9137509e+00  -9.0726602e+00
