  -1.1357051e+01  -3.3475233e+00  -5.6105269e+00
  -6.7296166e+00   5.7475255e+00  -5.4517876e+00
  -1.1256070e+01  -2.3837128e+00  -6.2893345e+00
  -7.6099576e+00   5.0317277e+00  -6.1811895e+00
  -1.0644505e+01  -2.0810079e+00  -5.8192358e+00
  -6.3642211e+00   5.8923909e+00  -5.1028753e+00
  -1.0904097e+01  -3.5477701e+00  -4.8852019e+00
  -5.7058136e+00   6.6752652e+00  -4.6014417e+00
  -1.0807636e+01  -2.1769601e+00  -5.9336283e+00
  -6.5141323e+00   5.6546196e+00  -5.1974117e+00
  -1.0956819e+01  -2.7918965e+00  -5.6109506e+00
  -6.5126239e+00   5.7136923e+00  -5.2121604e+00
  -1.0986988e+01  -1.5399098e+00  -6.6152436e+00
  -7.8356227e+00   4.7217056e+00  -6.3258404e+00
  -1.0843794e+01  -1.5154748e-01  -7.3700082e+00
  -9.2459364e+00   3.2183046e+00  -7.2997603e+00
  -1.0775115e+01  -7.4557885e-01  -6.9217399e+00
  -8.2389085e+00   4.3222396e+00  -6.6251112e+00
  -9.3938461e+00  -5.3844498e-01  -5.5004045e+00
  -7.7553187e+00   2.3158606e+00  -5.3006407e+00
  -9.0978634e+00  -4.3349930e-01  -5.2305058e+00
  -6.8028510e+00   2.8517639e+00  -4.4907443e+00
  -9.6250474e+00  -2.0218813e+00  -4.6588142e+00
  -6.1383852e+00   4.1280595e+00  -4.2901080e+00
  -8.6314560e+00   1.1166829e-01  -5.0539990e+00
  -6.8593921e+00   2.4278428e+00  -4.3510180e+00
  -9.2941315e+00  -7.3230486e-01  -5.2509968e+00
  -6.9771214e+00   2.9999643e+00  -4.7526324e+00
  -9.7227004e+00  -2.4027849e-01  -6.0715154e+00
  -8.2099011e+00   2.1117644e+00  -5.7051105e+00
  -9.6580073e+00   8.7027526e-01  -6.6584270e+00
  -9.3915746e+00   9.6015346e-01  -6.4146750e+00
  -9.3778588e+00   7.3229893e-01  -6.2727858e+00
  -8.5917944e+00   1.6068742e+00  -5.8749831e+00
  -8.4896183e+00   8.1310053e-02  -4.8699884e+00
  -6.7591199e+00   2.2687973e+00  -4.1563723e+00
  -8.8792234e+00  -1.3283778e+00  -4.3146891e+00
  -6.2902036e+00   2.8371007e+00  -3.9044667e+00
  -8.0960219e+00   7.0301065e-01  -4.8089403e+00
  -6.8991540e+00   1.8776667e+00  -4.1095311e+00
  -8.5772363e+00  -5.7260250e-01  -4.5226735e+00
  -6.6830541e+00   2.2131291e+00  -4.0403337e+00
  -9.2600379e+00   8.1812375e-01  -6.1905870e+00
  -8.8235335e+00   9.0302273e-01  -5.7522683e+00
  -9.1016290e+00   1.6504362e+00  -6.4570961e+00
  -9.4611682e+00   3.8164761e-01  -6.1621048e+00
  -8.8190237e+00   7.3425094e-01  -5.6501795e+00
  -8.0791761e+00   1.4426825e+00  -5.2164823e+00
  -9.4420418e+00  -2.1864972e+00  -4.2972147e+00
  -5.8622392e+00   4.5078399e+00  -4.1271601e+00
  -8.8207645e+00  -5.1689749e-01  -4.8498515e+00
  -6.2499216e+00   4.0033740e+00  -4.3651557e+00
  -8.9185060e+00  -9.4064850e-01  -4.6588777e+00
  -6.3635327e+00   3.8758356e+00  -4.4406348e+00
  -9.2806767e+00   2.5331273e-01  -5.8826057e+00
  -8.0195282e+00   2.8505096e+00  -5.8338527e+00
  -9.5655300e+00   1.0076084e+00  -6.6315556e+00
  -9.2904254e+00   1.8559947e+00  -6.7626820e+00
  -9.0171753e+00   9.1926287e-01  -5.9775347e+00
  -8.2839290e+00   2.3103191e+00  -5.8806392e+00
  -8.1988068e+00   5.9283402e-01  -4.8596148e+00
  -6.8210213e+00   2.5207988e+00  -4.3534717e+00
  -8.7074165e+00  -5.5637588e-01  -4.6884896e+00
  -6.6421929e+00   3.1095791e+00  -4.4280694e+00
  -8.8474907e+00   4.1326299e-01  -5.4908542e+00
  -7.8121464e+00   2.2994388e+00  -5.3557751e+00
  -8.9147032e+00   1.3966696e+00  -6.1225164e+00
  -9.0195968e+00   1.1851554e+00  -6.1261626e+00
  -8.7266883e+00   7.9794677e-01  -5.5833071e+00
  -8.0702963e+00   1.8633401e+00  -5.4274787e+00
  -1.0253200e+01  -2.2095072e+00  -5.2578995e+00
  -6.3140525e+00   5.8913800e+00  -5.0492429e+00
  -1.0199193e+01  -8.2680302e-01  -6.2225895e+00
  -7.7412750e+00   4.6091448e+00  -6.1903654e+00
  -1.0240760e+01   3.4741160e-01  -7.0038119e+00
  -9.1609591e+00   3.1581716e+00  -7.1864039e+00
  -1.0106624e+01   6.7303526e-03  -6.6545270e+00
  -8.3458170e+00   3.8712682e+00  -6.5845552e+00
  -1.1484165e+01  -2.1095078e+00  -6.7593090e+00
  -7.7911314e+00   5.0506046e+00  -6.3781055e+00
  -1.1997648e+01  -1.7987823e+00  -7.5594564e+00
  -8.8070120e+00   4.6111945e+00  -7.3147432e+00
  -1.1965903e+01  -2.0433678e+00  -7.3485674e+00
  -8.2105277e+00   5.2955598e+00  -6.8882383e+00
  -1.0754950e+01  -2.2957006e-01  -7.2254108e+00
  -8.9610147e+00   3.3877006e+00  -7.0617540e+00
  -1.0753758e+01  -5.0720775e-01  -7.0514289e+00
  -8.6240363e+00   3.2541989e+00  -6.6515390e+00
  -1.2509025e+01  -2.2907431e+00  -7.7700518e+00
  -8.6049426e+00   4.7275157e+00  -7.1381372e+00
