  -1.1341026e+01  -3.3416114e+00  -5.5966412e+00
  -6.5510428e+00   6.1027609e+00  -5.3558883e+00
  -1.1289790e+01  -1.7274497e+00  -6.8213943e+00
  -8.2485672e+00   4.6875074e+00  -6.7513959e+00
  -1.0603015e+01  -2.2077714e+00  -5.6711953e+00
  -6.0281606e+00   6.3903708e+00  -4.8742785e+00
  -1.0720196e+01  -2.4660340e+00  -5.6009906e+00
  -6.4404130e+00   6.0540265e+00  -5.2262887e+00
  -1.0782756e+01  -2.4055648e+00  -5.7233159e+00
  -6.3192854e+00   5.9367582e+00  -5.0669517e+00
  -1.1043575e+01  -1.5526677e+00  -6.6699115e+00
  -7.8196146e+00   4.7930859e+00  -6.3309517e+00
  -1.1063333e+01  -2.0432446e+00  -6.3308749e+00
  -7.2890853e+00   5.4524917e+00  -5.9628840e+00
  -1.0815826e+01  -3.2912231e-01  -7.2311323e+00
  -9.0202289e+00   3.5598927e+00  -7.1882684e+00
  -1.0923918e+01  -9.8492337e-01  -6.9288888e+00
  -8.1618917e+00   4.7620001e+00  -6.6828397e+00
  -9.2949444e+00   2.6915102e-01  -5.9083113e+00
  -8.4251514e+00   1.6922691e+00  -5.7343541e+00
  -9.0921095e+00  -5.5509723e-01  -5.1401046e+00
  -6.5015193e+00   3.1640483e+00  -4.2948788e+00
  -9.6990211e+00  -1.2359812e+00  -5.3594476e+00
  -6.8354633e+00   3.7193015e+00  -4.8981751e+00
  -8.6548750e+00  -1.4155879e-01  -4.9140539e+00
  -6.6943467e+00   2.6041142e+00  -4.2507676e+00
  -9.4037221e+00   2.8351442e-01  -6.0391076e+00
  -8.0900347e+00   2.1045394e+00  -5.5692693e+00
  -9.7379816e+00  -6.7853871e-01  -5.7993168e+00
  -7.6903212e+00   2.6567689e+00  -5.3876715e+00
  -9.6662153e+00   6.7705172e-01  -6.5602043e+00
  -9.2010717e+00   1.2242119e+00  -6.3470911e+00
  -9.3154969e+00   7.4130745e-01  -6.2087440e+00
  -8.5815343e+00   1.5859476e+00  -5.8528544e+00
  -8.5084617e+00  -8.6959021e-02  -4.7800643e+00
  -6.4626383e+00   2.5388170e+00  -3.9546685e+00
  -8.7593942e+00  -3.3945000e-01  -4.9013914e+00
  -6.9818429e+00   2.2610625e+00  -4.4060994e+00
  -8.1914958e+00   2.9497108e-01  -4.6625960e+00
  -6.6486976e+00   2.2130739e+00  -4.0008394e+00
  -8.6497167e+00   6.9632762e-01  -5.4369306e+00
  -7.9552193e+00   1.2402162e+00  -4.9639908e+00
  -9.2691819e+00   2.6652261e-01  -5.8777330e+00
  -8.1989774e+00   1.5307643e+00  -5.3982933e+00
  -9.1118532e+00   1.3850030e+00  -6.3333556e+00
  -9.2123980e+00   6.9127312e-01  -6.0655840e+00
  -8.7543977e+00   7.1123254e-01  -5.5639499e+00
  -8.0335936e+00   1.4329331e+00  -5.1598212e+00
  -9.3617124e+00  -1.3458263e+00  -4.8801564e+00
  -6.4628483e+00   4.1649784e+00  -4.6606810e+00
  -8.8897073e+00  -7.9418241e-01  -4.7325423e+00
  -6.0638635e+00   4.4160652e+00  -4.3155482e+00
  -9.0991289e+00   8.7097457e-02  -5.5739828e+00
  -7.5443398e+00   3.1278526e+00  -5.4333336e+00
  -9.1776758e+00  -8.3369760e-02  -5.5545543e+00
  -7.5009173e+00   3.2519235e+00  -5.4376157e+00
  -9.4445280e+00   9.0549784e-01  -6.4430513e+00
  -9.0805182e+00   2.0375213e+00  -6.6211607e+00
  -9.0683882e+00   7.9170331e-01  -5.9625220e+00
  -8.2273425e+00   2.5482107e+00  -5.9275077e+00
  -8.1227306e+00   3.4000184e-01  -4.6115928e+00
  -6.5657482e+00   2.7593277e+00  -4.1800816e+00
  -8.8031144e+00   5.7985876e-01  -5.5411986e+00
  -7.8257119e+00   2.2973127e+00  -5.3697859e+00
  -8.6979713e+00   6.6009074e-02  -5.1011243e+00
  -7.2344761e+00   2.7630227e+00  -4.9317107e+00
  -8.9009692e+00   1.2241740e+00  -6.0158749e+00
  -8.8360714e+00   1.4485565e+00  -6.0628622e+00
  -8.8450353e+00   5.4256223e-01  -5.5662766e+00
  -7.9528208e+00   2.2111857e+00  -5.4691529e+00
  -1.0377897e+01  -1.0773654e+00  -6.2528600e+00
  -7.5235067e+00   5.1209604e+00  -6.1160522e+00
  -1.0033703e+01  -1.0452775e+00  -5.8833705e+00
  -7.2627482e+00   4.9021330e+00  -5.7735572e+00
  -1.0312968e+01   2.8591737e-02  -6.8957098e+00
  -8.9087915e+00   3.6009022e+00  -7.0851811e+00
  -1.0241340e+01  -2.1482794e-01  -6.6676589e+00
  -8.2846789e+00   4.2273029e+00  -6.6421514e+00
  -1.1284203e+01  -2.4542133e+00  -6.2662992e+00
  -7.1387935e+00   5.5523675e+00  -5.8316928e+00
  -1.1938177e+01  -1.9425140e+00  -7.3908502e+00
  -8.5859044e+00   4.8665475e+00  -7.1594609e+00
  -1.2068538e+01  -2.2189236e+00  -7.3339671e+00
  -8.1550792e+00   5.6019083e+00  -6.9121426e+00
  -1.0667403e+01  -4.0065897e-01  -7.0232312e+00
  -8.6948328e+00   3.6644906e+00  -6.8813393e+00
  -1.0798822e+01  -6.5433946e-01  -7.0072264e+00
  -8.5677853e+00   3.4706040e+00  -6.6744774e+00
  -1.2627797e+01  -2.5237955e+00  -7.7286205e+00
  -8.5153440e+00   5.0909804e+00  -7.1501684e+00
