  -1.7085586e+00   2.8615695e+00   1.9675565e+00
  -1.4974027e+00   7.9622419e-01   5.0020805e+00
  -4.0610937e+00   2.6717055e+00  -1.1485862e+00
  -4.4580088e+00  -1.3882293e+00   2.2532639e+00
   1.3873729e+00   2.7720013e+00   8.8676267e+00
   2.8876696e+00   3.9949649e+00   1.0821608e+01
   6.0512209e-01   2.5623281e+00   6.9239411e+00
   6.3173419e-01   1.9667931e+00   8.5423181e+00
   6.1135774e-01   1.8451632e+00   8.8640246e+00
  -2.3884809e+00  -1.6074785e+00   9.3354806e+00
   8.9920134e-01   3.9137560e+00   5.3853881e+00
   2.6489056e-01   1.5732196e+00   8.4078590e+00
  -5.7651485e-01   1.3050268e+00   6.3696709e+00
  -1.7956680e+00   1.7604358e-01   5.5055324e+00
   2.6283786e-01   1.4345931e+00   8.8769964e+00
  -2.4880301e+00   1.2200330e-01   3.9129337e+00
  -6.0918000e-01   1.6824925e+00   5.5127299e+00
  -1.2350421e+00   8.0120323e-01   5.6610636e+00
  -3.6866671e+00   1.2000923e+00   4.6918031e-01
  -1.8239369e+00  -9.4778708e-01   9.0688327e+00
  -1.0216275e+00  -1.1762344e-01   9.3081858e+00
  -5.2631926e-01   2.1359597e+00   4.9346708e+00
  -1.6964290e+00   1.4715356e+00   3.4982921e+00
  -3.3837764e-01   3.5404967e+00   3.5397153e+00
   5.0386417e-01   2.1305138e+00   7.6311348e+00
  -1.3188296e+00  -4.3758796e-01   9.2758388e+00
  -3.5660056e-01   1.6517403e+00   6.2208966e+00
  -1.0741879e+00   2.1011803e+00   3.8626509e+00
  -7.9197231e-01   1.1968866e+00   6.0093351e+00
  -2.5959423e-01   2.6270722e+00   4.7704107e+00
   8.2369963e-02   2.1437191e+00   6.3780704e+00
   2.8054178e-01   2.5454590e+00   6.1126666e+00
  -9.1061580e-01   1.3669044e+00   5.3621180e+00
  -2.0269731e+00   7.3324074e-01   3.9078346e+00
  -4.0285219e+00  -2.5951158e+00   5.9815161e+00
  -3.2822211e+00   3.1600260e+00  -4.5317630e-01
  -4.7231747e+00  -1.6163248e+00   2.0859014e+00
  -5.9601279e+00   2.5084352e+00  -3.3588586e+00
  -1.9901269e+00   3.7170970e-01   4.6111694e+00
  -1.6924403e+00   1.8244199e-01   5.7794680e+00
  -2.2453155e+00  -1.5830044e-01   5.0292426e+00
  -1.1678225e+00   3.6832807e+00   2.1016553e+00
  -3.0763269e+00  -9.2394349e-01   4.5009513e+00
  -1.0826620e+00   3.0336435e+00   2.8000409e+00
  -1.5821073e+00   1.2804235e+00   3.9982738e+00
  -2.2863194e+00   1.8483277e+00   2.0154022e+00
  -2.0980821e+00   4.5400544e-01   4.2137672e+00
  -1.2954908e+00   2.2652455e+00   3.2500790e+00
   1.0733937e+00   3.0819485e+00   7.1252014e+00
   4.2700924e-01   2.2691529e+00   7.0624498e+00
   7.4442807e-01   2.0435499e+00   8.7267833e+00
  -1.2508328e+00  -7.7638786e-01   1.2016036e+01
  -1.1545107e+00   3.1780143e+00   2.5492900e+00
  -1.2440240e+00  -2.3011007e-01   8.6977857e+00
  -7.0245919e-01   1.4717988e+00   5.6805938e+00
  -1.2801928e+00   1.3792754e-01   7.2121861e+00
   8.2771304e-02   2.7222536e+00   5.3575979e+00
  -2.2084536e+00  -8.2064652e-01   6.8615178e+00
  -1.2751468e+00   1.7930686e+00   3.8836536e+00
  -1.2231879e+00  -3.8655323e-01   9.5487767e+00
   1.4281554e+00   3.3279460e+00   7.5918551e+00
  -2.9699160e+00  -8.3459209e-01   4.5849072e+00
  -1.6434799e+00   3.2182109e+00   1.7655997e+00
  -1.5044855e+00   6.1741184e-01   5.3365079e+00
  -1.3145682e+00   1.1348701e+00   4.8197482e+00
  -7.8518059e-01   1.0440617e+00   6.3720840e+00
  -9.4874104e-01   1.6428751e+00   4.7910432e+00
  -1.9531926e+00   9.2068490e-01   3.7722642e+00
  -2.0286559e+00   3.6428302e-03   5.2543861e+00
  -1.9153865e+00   1.3347655e-01   5.2756332e+00
  -2.9610982e+00  -1.7567827e+00   7.1745164e+00
   1.5832843e+00   3.0314866e+00   8.8106951e+00
  -2.4182958e+00  -1.2293595e+00   7.4572107e+00
   2.7313772e+00   3.9163832e+00   1.0430432e+01
  -2.4147645e+00  -7.4387447e-01   5.9404368e+00
   4.6740537e-01   2.5633348e+00   6.5524510e+00
  -2.1095130e+00  -9.6069124e-01   7.7447151e+00
   1.9100680e-01   1.6497666e+00   7.9012829e+00
   5.6897925e-01   1.9258917e+00   8.4353559e+00
   6.7073850e-01   3.6759061e+00   5.2363553e+00
   7.9231476e-01   2.7235875e+00   7.1002343e+00
  -1.6555948e-01   2.9367750e+00   4.5401754e+00
   6.6460339e-01   2.3321139e+00   7.6278090e+00
  -3.1998849e-01   2.0654122e+00   5.5197235e+00
   2.8299526e-01   2.0265250e+00   7.2033674e+00
  -4.2372105e-01   1.0730789e+00   7.4362303e+00
   1.7479623e+00   2.5427377e+00   1.1437115e+01
   7.6727864e-01   1.2445752e+00   1.3026145e+01
   3.0549040e-02   1.9701737e+00   6.6009819e+00
   6.0828232e-01   2.7787570e+00   6.5001850e+00
