  -1.6643401e+00   3.3355452e+00   1.6417793e+00
  -1.5888635e+00   6.7260274e-01   5.0138623e+00
  -4.1887993e+00   2.5368250e+00  -1.2265522e+00
  -4.4933203e+00  -1.4018938e+00   2.2049098e+00
   1.3286765e+00   2.7606496e+00   8.6892360e+00
   2.9218199e+00   4.0586370e+00   1.0737562e+01
   1.0609193e+00   3.1823623e+00   6.8943898e+00
   4.5608385e-01   1.7963734e+00   8.4192022e+00
   3.6003200e-01   1.4549285e+00   9.2235770e+00
  -5.1945035e-01   8.1803289e-01   7.8676175e+00
   1.0474058e+00   4.4295498e+00   5.0525592e+00
   1.5334616e-01   1.4735257e+00   8.3039747e+00
  -6.7564700e-01   1.2813979e+00   6.1447176e+00
  -1.8885355e+00   6.7532720e-02   5.4935194e+00
   1.7883784e-01   1.3582412e+00   8.8004843e+00
  -2.5631240e+00   4.8308880e-02   3.8726277e+00
  -7.3987049e-01   1.5331672e+00   5.4699916e+00
  -1.1758118e+00   9.3429230e-01   5.5396399e+00
  -3.8310387e+00   1.0826209e+00   3.6300227e-01
  -1.5234044e+00  -5.9275517e-01   8.9403792e+00
  -1.1562169e+00  -2.5423210e-01   9.2520996e+00
  -4.0327009e-01   2.6134244e+00   4.4979190e+00
  -1.7809652e+00   1.4068497e+00   3.4223860e+00
  -5.1357529e-01   3.3451793e+00   3.4393759e+00
   1.3370604e+00   3.1672354e+00   7.6822047e+00
  -1.2108991e+00  -2.9301603e-01   9.1492106e+00
  -4.7575688e-01   1.5514047e+00   6.1109361e+00
  -9.0116201e-01   2.3548880e+00   3.8671026e+00
  -8.9002492e-01   1.1089829e+00   5.9320168e+00
  -2.4674267e-01   2.7247690e+00   4.6608855e+00
  -4.4647129e-03   2.0462317e+00   6.3460400e+00
   5.5363923e-01   2.9225987e+00   6.1070203e+00
  -1.0832380e+00   1.2048252e+00   5.2433794e+00
  -1.4380288e+00   1.8447069e+00   3.5010850e+00
  -4.0434794e+00  -2.6075278e+00   5.9680670e+00
  -3.4892284e+00   3.1671086e+00  -7.2336041e-01
  -4.5706965e+00  -1.3396814e+00   1.9611591e+00
  -6.0650121e+00   2.2870741e+00  -3.3632340e+00
  -2.4728083e+00  -7.3926887e-01   5.7493193e+00
  -1.0311380e+00   2.7563637e+00   3.1673787e+00
  -2.1860657e+00  -4.6173961e-02   4.9474093e+00
  -1.2679416e+00   3.6420384e+00   1.9855883e+00
  -3.0916108e+00  -9.2589216e-01   4.4660383e+00
  -1.2581007e+00   2.8774843e+00   2.6649366e+00
  -1.5331929e+00   1.4111192e+00   3.9059159e+00
  -2.3551477e+00   1.7667383e+00   1.9870399e+00
  -2.0867321e+00   4.6396552e-01   4.2221387e+00
  -1.2070557e+00   2.5932805e+00   3.0394601e+00
   2.2724323e+00   4.3536931e+00   7.8237520e+00
   2.8092511e-01   2.1115298e+00   6.9976397e+00
   5.6185824e-01   1.8645797e+00   8.6035937e+00
   3.7890994e-01   9.3851991e-01   1.2121042e+01
  -9.8712015e-01   3.8514672e+00   2.2387118e+00
  -1.3093657e+00  -2.7179354e-01   8.5650792e+00
  -7.1429238e-01   1.6445276e+00   5.3281779e+00
  -1.4002699e+00   2.8209932e-02   7.1197303e+00
   3.0451116e-01   3.1847744e+00   5.1523916e+00
  -2.2762508e+00  -8.8690885e-01   6.8260240e+00
  -1.3976188e+00   1.7286558e+00   3.7311422e+00
  -1.1301534e+00  -2.7647417e-01   9.5053294e+00
   1.4901030e+00   3.6513470e+00   7.1143738e+00
  -2.8352538e+00  -6.4803980e-01   4.5378789e+00
  -1.7766352e+00   3.0173834e+00   1.7314719e+00
  -1.2068733e+00   9.7457437e-01   5.3789785e+00
  -1.5506312e+00   9.1724772e-01   4.6554841e+00
  -4.4636926e-01   1.3385654e+00   6.6695795e+00
  -1.1510918e+00   1.4225016e+00   4.7018202e+00
  -1.9311122e+00   1.0015498e+00   3.6965718e+00
  -2.2797766e+00  -2.3481365e-01   5.1029396e+00
  -1.2404826e+00   9.8559966e-01   5.2729500e+00
  -2.9697887e+00  -1.7504771e+00   7.1154506e+00
   1.2686372e+00   3.1206549e+00   7.5876185e+00
  -2.2899292e+00  -1.0747556e+00   7.4157992e+00
   2.2403998e+00   3.5380641e+00   9.7113260e+00
  -2.3341688e+00  -6.3097613e-01   5.8920744e+00
  -1.0441041e+00   1.0066687e+00   5.7357432e+00
  -2.2103744e-01   1.3950902e+00   7.2236173e+00
   2.1188925e-01   1.6961278e+00   7.8402173e+00
   5.2347806e-01   1.9337376e+00   8.2445766e+00
   5.4515649e-01   3.5843644e+00   5.1046010e+00
   1.2417982e+00   3.4284877e+00   6.8952780e+00
  -2.0567375e-01   3.0094542e+00   4.3702196e+00
   7.5021435e-01   2.3728346e+00   7.7959283e+00
   2.5967246e-01   3.0854079e+00   5.1987507e+00
   2.7386422e-01   2.0632518e+00   7.0887463e+00
  -4.5248837e-01   1.0568076e+00   7.3843878e+00
   1.6979425e+00   2.4807057e+00   1.1469700e+01
   1.4653089e+00   1.9713300e+00   1.3187560e+01
  -6.8425262e-02   1.8513946e+00   6.5839399e+00
   1.2650549e+00   3.5766137e+00   6.6887082e+00
