  -2.3967494e+00   2.4004700e+00   1.3250647e+00
  -1.9934117e+00   2.3381921e-01   4.8678698e+00
  -4.7064253e+00   1.6353299e+00  -1.2898633e+00
  -4.6231943e+00  -1.5458438e+00   2.1727154e+00
   7.1027051e-01   2.1930252e+00   8.1484908e+00
   2.0967444e+00   3.2434136e+00   1.0125523e+01
   4.9593191e-01   2.5297091e+00   6.6951079e+00
  -1.4792044e-01   1.2328108e+00   7.9384143e+00
  -5.1031395e-01   5.4256791e-01   8.9070267e+00
   2.0717769e-01   1.5952262e+00   8.1220522e+00
   1.7819265e-01   3.4867766e+00   4.5172082e+00
  -3.2915395e-01   1.0053079e+00   7.9824568e+00
  -1.4612292e+00   4.8660233e-01   5.7324864e+00
  -2.3523836e+00  -4.0784534e-01   5.2923550e+00
  -7.7986686e-01   3.1153824e-01   8.6097206e+00
  -2.8736087e+00  -2.6762161e-01   3.7287164e+00
  -1.4017374e+00   7.4049887e-01   5.3504239e+00
  -1.6514638e+00   5.2006856e-01   5.1573807e+00
  -4.3095290e+00   6.3285599e-01   7.3651876e-02
  -1.7911183e+00  -7.4726657e-01   8.3117993e+00
  -1.6109185e+00  -7.0890862e-01   9.0372163e+00
  -8.2127141e-01   2.6172611e+00   3.6951741e+00
  -2.2275702e+00   9.8085459e-01   3.1407552e+00
  -1.1601081e+00   2.5838358e+00   3.1305249e+00
   1.7119756e+00   6.2321278e+00   4.5316901e+00
  -8.4806849e-01   1.8677257e-01   8.8061068e+00
  -9.7538544e-01   1.0705416e+00   5.7843668e+00
  -1.4698289e+00   1.8505496e+00   3.4339182e+00
  -1.3657826e+00   6.3416879e-01   5.6683155e+00
  -9.3111141e-01   2.0715416e+00   4.1837378e+00
  -6.0119004e-01   1.4566449e+00   5.9736771e+00
   1.3518627e-01   2.5798392e+00   5.7051879e+00
  -1.6468945e+00   6.3514606e-01   4.9432140e+00
  -1.4004768e+00   2.2628059e+00   3.0669421e+00
  -7.0150887e+00  -2.0217769e+00  -1.2233155e+00
   4.0249772e-01   2.8460053e+00   5.8811951e+00
  -4.8578010e+00  -1.6131127e+00   1.8214404e+00
  -6.4021082e+00   1.6621963e+00  -3.4064660e+00
  -2.7037171e+00  -9.6743643e-01   5.6380834e+00
  -1.0702450e+00   2.9340036e+00   2.9182495e+00
  -2.3354212e+00  -1.7347866e-01   4.8281065e+00
  -1.7888498e+00   3.0594861e+00   1.6785877e+00
  -3.2818019e+00  -1.0894061e+00   4.3261048e+00
  -1.9059432e+00   2.1522050e+00   2.3270022e+00
  -1.8118351e+00   1.1078781e+00   3.7825743e+00
  -2.7493847e+00   1.2918731e+00   1.8405716e+00
  -2.3211504e+00   2.1146674e-01   4.1317948e+00
  -1.8363159e+00   1.9993042e+00   2.6054347e+00
   1.1014580e+00   3.2645946e+00   6.8430214e+00
  -2.5902264e-01   1.5467270e+00   6.7293145e+00
  -2.9640610e-01   9.5436439e-01   8.2793275e+00
   3.7840660e-01   9.3025862e-01   1.2181059e+01
  -1.5722705e+00   3.0905647e+00   1.9781843e+00
  -1.6768307e+00  -5.9638561e-01   8.2127357e+00
  -1.3574541e+00   9.4088206e-01   5.0701490e+00
  -1.8151117e+00  -4.0799455e-01   6.9830946e+00
  -7.3558486e-01   1.8797771e+00   4.8805250e+00
  -2.5682622e+00  -1.2188147e+00   6.8276121e+00
  -2.2006847e+00   8.5898710e-01   3.3628076e+00
  -1.5176422e+00  -6.0694355e-01   9.0382150e+00
   5.2715969e-01   5.5305573e+00   3.2481069e+00
  -2.3921619e+00  -1.2620564e-02   4.3729454e+00
  -2.2207288e+00   2.3035738e+00   1.6785981e+00
  -1.2665696e+00   8.7334464e-01   5.4289657e+00
  -2.3524641e+00   1.1659584e-01   4.2286546e+00
  -1.1498576e+00   7.1236941e-01   6.0942573e+00
  -1.8342189e+00   6.2549659e-01   4.5155442e+00
  -2.2502687e+00   6.9378857e-01   3.5045450e+00
  -2.7549484e+00  -6.8217209e-01   4.8173828e+00
  -1.5328018e+00   9.1175293e-01   4.7064450e+00
  -2.6271115e+00  -1.3008395e+00   6.8799223e+00
   1.1020510e+00   2.8369220e+00   7.7452978e+00
  -1.7886415e+00  -4.5059010e-01   7.2177721e+00
   2.3447341e+00   3.5387175e+00   1.0127735e+01
  -1.9672299e+00  -2.2563080e-01   5.9674498e+00
  -8.3856279e-01   1.1934307e+00   5.8909623e+00
  -5.1001074e-01   1.0293665e+00   7.2674024e+00
  -3.1080018e-01   1.1841061e+00   7.5054156e+00
   5.5027286e-03   1.5027991e+00   7.6810093e+00
  -9.9266231e-02   2.9972496e+00   4.5917633e+00
   6.8582560e-01   2.7900053e+00   6.6781271e+00
  -5.2354140e-01   2.7126849e+00   4.1344070e+00
   2.2095970e-01   1.8329688e+00   7.4960383e+00
  -1.0479897e-01   2.7471292e+00   4.9202871e+00
  -3.6019036e-01   1.4149149e+00   6.7429865e+00
  -7.8161627e-01   6.6723191e-01   7.3797865e+00
   1.0931402e+00   1.8199683e+00   1.1409974e+01
   1.0827273e+00   1.6138748e+00   1.2749187e+01
  -4.5914216e-01   1.4002641e+00   6.4879008e+00
   7.5427203e-01   2.9367383e+00   6.5738422e+00
