  -1.4188690e+00   1.0742790e+00   4.6848885e+00
  -2.6791214e+00   2.2436541e+00   1.0397275e+00
  -1.9269362e+00   2.3599647e+00   2.0867014e+00
  -3.0317789e+00   3.2929516e+00  -2.1048847e-01
  -9.3803535e-01   2.3178407e-01   8.2263618e+00
  -1.8542072e+00   1.0812775e-01   5.4967628e+00
  -1.2344684e+00   4.5559052e-01   6.4704928e+00
  -1.9817669e+00   1.1898960e+00   3.3289280e+00
   2.1532724e+00   4.3104385e+00   7.5955537e+00
   6.9788806e-01   2.4108209e+00   7.5367494e+00
  -3.0096693e-01   1.7270584e+00   6.2128280e+00
  -2.1568684e+00   9.6376329e-01   3.3009313e+00
   3.1765608e-02   2.3630285e+00   5.8348695e+00
  -1.5531497e-01   2.6998297e+00   4.8827774e+00
  -2.1630646e+00   1.4334939e+00   2.6832174e+00
   1.6762534e+00   3.3433857e+00   8.2940272e+00
  -1.0256153e+00   9.8838882e-01   5.8239430e+00
  -1.1430143e-01   2.3891724e+00   5.4478602e+00
  -6.7605970e-01   1.8623699e+00   5.0418897e+00
  -4.8062701e+00   7.9326772e-01  -7.7518772e-01
  -5.5358662e-01   2.9270286e+00   3.8212378e+00
   8.7172816e-01   2.2618616e+00   8.5205339e+00
  -4.5528642e+00   7.8434473e-01  -4.1368455e-01
  -3.1785932e+00   2.4552099e-01   2.3431893e+00
   2.3110461e+00   4.8881859e+00   7.0229825e+00
   3.4659649e-01   1.7688530e+00   8.1017120e+00
  -2.1048162e+00   1.7278466e+00   2.4460691e+00
  -2.2925647e+00   2.0863097e-01   4.2017812e+00
  -8.4935702e-01   1.7231120e+00   4.8815609e+00
  -1.2478867e+00   1.0424121e+00   5.1462696e+00
  -1.6380167e+00   2.5761791e-01   5.7590771e+00
  -1.3084436e+00   7.9063839e-01   5.4894036e+00
  -5.4930479e-01   2.1068342e+00   4.9300294e+00
  -1.3279236e+00   1.4136253e+00   4.3296138e+00
  -3.8155722e+00   3.6108314e+00  -1.3793000e+00
   9.1171525e-01   3.1683451e+00   6.5433899e+00
  -3.8984699e+00   3.5292934e+00  -1.4376017e+00
  -1.8582917e+00   2.7862219e+00   1.8042811e+00
   6.6701263e-01   4.2549040e+00   4.5519310e+00
  -1.1242570e+00   6.5684625e-01   6.3011366e+00
  -3.2432940e+00   1.5211628e+00   8.3698171e-01
  -1.6520684e+00   6.8614491e-01   4.8344770e+00
  -3.7512822e+00   1.4238244e+00   1.7742614e-01
  -5.9840346e-01   2.0310312e+00   4.9418492e+00
  -3.0834763e+00   5.7322415e-01   2.0974240e+00
  -1.9210790e+00   8.2513748e-01   3.9877066e+00
  -2.6989401e+00   8.9022944e-01   2.3886070e+00
  -1.5097329e+00   6.5405250e-01   5.2486091e+00
  -1.1246268e+00   7.9504230e-01   5.9764355e+00
  -1.0391286e+00   1.5630064e+00   4.7204496e+00
   1.3052047e+00   2.7204774e+00   8.7227678e+00
   4.0823166e-01   2.3108376e+00   6.9160132e+00
  -3.4241471e-01   2.2157738e+00   5.2148084e+00
  -1.9937612e+00   1.6486541e+00   2.7285859e+00
   1.3594024e-01   2.3457828e+00   6.1222404e+00
   5.5605501e-01   3.4007922e+00   5.3730902e+00
  -1.9106449e-01   2.0068987e+00   5.9410635e+00
   1.1843713e-01   4.0860216e+00   3.7759029e+00
   1.4292482e-01   1.6040518e+00   7.8659019e+00
  -8.1786954e-01   2.9032852e+00   3.3786056e+00
   2.0054229e+00   5.5765854e+00   5.5806867e+00
  -1.1997396e+00   2.1865203e+00   3.5177845e+00
  -8.6801035e-01   2.2105397e+00   4.1192775e+00
  -1.9829337e+00   9.7512177e-01   3.6302966e+00
  -9.8180207e-01   2.0630647e+00   4.0943411e+00
  -7.7163949e-01   3.1883002e+00   3.1622563e+00
  -2.5524108e+00   4.7636598e-01   3.2181357e+00
  -8.0787423e-01   2.4613560e+00   3.9097765e+00
  -6.2914358e-01   2.4856208e+00   4.2220861e+00
  -2.3730001e-01   3.8519390e+00   3.4075562e+00
  -1.4212687e+00   8.6442917e-01   5.0587839e+00
   2.7562198e+00   5.3568298e+00   7.3291403e+00
  -2.2823743e-01   2.0388184e+00   5.7887634e+00
   4.2806405e+00   6.2866554e+00   9.5167875e+00
  -8.5111831e-01   9.5302816e-01   6.3947721e+00
   5.1502844e-01   4.8132184e+00   3.7722134e+00
  -8.8578522e-01   6.7900324e-01   6.9904841e+00
   1.7728654e+00   3.9277176e+00   7.3256113e+00
  -2.7522843e+00   2.0141187e-01   3.2261285e+00
  -1.0017467e+00   1.3112521e+00   5.2436093e+00
  -2.8229188e+00  -5.4052953e-01   4.3513265e+00
  -4.4807121e-02   1.8723451e+00   6.6040973e+00
  -1.6429522e+00   4.9608987e-01   5.2277438e+00
  -8.0887675e-01   1.2140094e+00   5.9270838e+00
  -1.2831268e+00   3.4804421e-01   6.5995729e+00
  -1.8164895e-01   2.0893564e+00   5.8102213e+00
   4.8481551e-02   1.2731516e+00   8.5643005e+00
   5.8903092e-01   1.4434298e+00   1.0418744e+01
  -6.2118533e-01   1.6410685e+00   5.5602040e+00
  -9.9669754e-01   7.0018865e-01   6.5797724e+00
