  -1.6365667e+00   3.3068423e+00   1.7050397e+00
  -1.5532229e+00   7.1575625e-01   5.0186741e+00
  -4.1447113e+00   2.5990865e+00  -1.2095424e+00
  -4.4826691e+00  -1.3927745e+00   2.2117509e+00
   1.3673415e+00   2.7903828e+00   8.7405816e+00
   2.9650935e+00   4.0973329e+00   1.0785292e+01
   9.9186944e-01   3.1110143e+00   6.8522787e+00
   5.1491156e-01   1.8530760e+00   8.4614321e+00
   4.3805805e-01   1.5361703e+00   9.2567117e+00
  -8.9011298e-01   3.4287648e-01   8.0223000e+00
   1.0710107e+00   4.3975846e+00   5.1323648e+00
   2.0296274e-01   1.5219929e+00   8.3367326e+00
  -6.1790230e-01   1.3256379e+00   6.2074611e+00
  -1.8444591e+00   1.2012502e-01   5.4966562e+00
   2.4751189e-01   1.4319116e+00   8.8222149e+00
  -2.5335392e+00   7.8431448e-02   3.8866090e+00
  -6.8415120e-01   1.5998239e+00   5.4824743e+00
  -1.1641861e+00   9.3702343e-01   5.5643024e+00
  -3.7858352e+00   1.1240574e+00   3.9190023e-01
  -1.5602555e+00  -6.4771279e-01   9.0095609e+00
  -1.1111118e+00  -2.0905357e-01   9.2736951e+00
  -4.0283229e-01   2.5333560e+00   4.6086487e+00
  -1.7452742e+00   1.4396320e+00   3.4470344e+00
  -4.4948979e-01   3.4161385e+00   3.4763380e+00
   1.2761572e+00   2.9940152e+00   7.9011285e+00
  -1.2472164e+00  -3.4091906e-01   9.1872947e+00
  -4.3103159e-01   1.5916146e+00   6.1467565e+00
  -8.6827262e-01   2.3859103e+00   3.8902850e+00
  -8.5106972e-01   1.1455316e+00   5.9591761e+00
  -1.9421456e-01   2.7684830e+00   4.7072388e+00
   4.3139164e-02   2.0976571e+00   6.3676260e+00
   5.3518340e-01   2.8885728e+00   6.1216448e+00
  -1.0271936e+00   1.2593828e+00   5.2781333e+00
  -1.5127033e+00   1.6861541e+00   3.5654318e+00
  -4.0331175e+00  -2.5966352e+00   5.9700439e+00
  -3.4073756e+00   3.2272539e+00  -6.5498679e-01
  -4.5917005e+00  -1.3760853e+00   1.9751728e+00
  -6.0299278e+00   2.3585795e+00  -3.3607663e+00
  -2.4581975e+00  -7.2566486e-01   5.7586087e+00
  -1.1433893e+00   2.4578017e+00   3.2998662e+00
  -2.1979570e+00  -7.2809465e-02   4.9721831e+00
  -1.2185928e+00   3.6935257e+00   2.0184417e+00
  -3.0873314e+00  -9.3087267e-01   4.4874345e+00
  -1.1849331e+00   2.9560640e+00   2.7081363e+00
  -1.5320099e+00   1.3978382e+00   3.9276393e+00
  -2.3269354e+00   1.8013306e+00   1.9974349e+00
  -2.0814012e+00   4.7106704e-01   4.2218952e+00
  -1.1861639e+00   2.5804707e+00   3.0891545e+00
   2.1210634e+00   4.1882804e+00   7.7403506e+00
   3.3002869e-01   2.1642864e+00   7.0197702e+00
   6.3847131e-01   1.9434807e+00   8.6427344e+00
   1.5396283e-01   6.9134967e-01   1.2173226e+01
  -9.9010080e-01   3.7597549e+00   2.3067075e+00
  -1.2731366e+00  -2.4322131e-01   8.6150904e+00
  -6.9209197e-01   1.6293166e+00   5.4089655e+00
  -1.3529570e+00   7.3827787e-02   7.1487236e+00
   3.3516936e-01   3.1939950e+00   5.2029585e+00
  -2.2505000e+00  -8.5963933e-01   6.8327480e+00
  -1.3431971e+00   1.7834873e+00   3.7632277e+00
  -1.1237555e+00  -2.7365375e-01   9.5267800e+00
   1.5725109e+00   3.7068192e+00   7.2222424e+00
  -2.8792042e+00  -7.0850328e-01   4.5518600e+00
  -1.7353181e+00   3.0820519e+00   1.7398251e+00
  -1.0394289e+00   1.1126845e+00   5.5309692e+00
  -1.4728934e+00   9.8901446e-01   4.7090763e+00
  -4.0586824e-01   1.3604606e+00   6.7376571e+00
  -1.0859434e+00   1.4956921e+00   4.7265392e+00
  -1.9163841e+00   1.0077419e+00   3.7174277e+00
  -2.1991542e+00  -1.5714264e-01   5.1487625e+00
  -1.2841303e+00   9.2168043e-01   5.2882190e+00
  -2.9905342e+00  -1.7821342e+00   7.1475468e+00
   1.3200938e+00   3.0902771e+00   7.8072410e+00
  -2.3514726e+00  -1.1526840e+00   7.4493325e+00
   2.2939999e+00   3.5940207e+00   9.7410699e+00
  -2.3653737e+00  -6.7102608e-01   5.9008701e+00
  -7.3728949e-01   1.3553481e+00   5.8232842e+00
  -5.8346432e-01   9.4294540e-01   7.2629106e+00
   2.3605032e-01   1.7145080e+00   7.8711912e+00
   5.5966527e-01   1.9580677e+00   8.3023387e+00
   5.9877181e-01   3.6387303e+00   5.1409860e+00
   1.1912471e+00   3.3368890e+00   6.9370142e+00
  -1.7720113e-01   3.0204838e+00   4.4109862e+00
   7.7139925e-01   2.4048758e+00   7.7815206e+00
   2.0085445e-01   2.9684830e+00   5.2430887e+00
   3.1451033e-01   2.1046021e+00   7.1122038e+00
  -4.3312300e-01   1.0791643e+00   7.3867528e+00
   1.7398337e+00   2.5329722e+00   1.1440642e+01
   1.3764489e+00   1.8748078e+00   1.3198953e+01
  -3.5377565e-02   1.8917351e+00   6.5880093e+00
   1.2316921e+00   3.5349357e+00   6.6799597e+00
