  -2.8925705e+00   2.3115810e-02   3.2132077e+00
  -2.2569524e+00   2.3767020e+00   1.5569512e+00
  -3.9290366e+00  -3.1331291e-01   1.7197858e+00
  -8.3084320e-01   5.0051723e+00   1.6739262e+00
  -8.0238047e-01   7.8004838e-01   6.9872029e+00
  -5.1813196e+00  -2.3338719e-01  -3.7758032e-01
  -2.0333066e+00   5.9532572e-01   4.1182928e+00
  -2.8274573e+00   1.3722327e+00   1.6283003e+00
   3.8252788e+00   6.0843001e+00   8.7010133e+00
   3.4131712e-01   2.9864956e+00   5.5191382e+00
  -2.7427786e+00   3.1758423e-01   3.0724391e+00
  -2.2645098e+00   2.4928847e+00   1.4436500e+00
  -1.2220563e+00   1.8715086e+00   3.8811315e+00
  -4.8499281e-01   3.2827660e+00   3.5525215e+00
  -3.8766494e+00  -1.2778284e+00   3.2842781e+00
   1.5216806e+00   3.8278704e+00   6.8778778e+00
  -2.3790735e+00   6.1321359e-01   3.3638216e+00
  -3.1743510e+00   3.3170036e+00  -4.1012151e-01
  -2.7673513e+00   3.8682041e+00  -2.1166902e-01
  -6.3710527e+00  -1.2608680e+00  -1.0838628e+00
  -5.2642199e-01   4.2850413e+00   2.5906312e+00
  -2.8091434e+00   1.1549492e+00   1.8906848e+00
  -2.0619000e+00   1.9717350e+00   2.2561860e+00
  -4.3481473e+00  -6.6204765e-02   7.2328248e-01
   1.8078913e+00   5.7444207e+00   5.0809550e+00
  -5.4054687e-01   1.9432600e+00   5.2154577e+00
  -1.8917111e+00   2.7520210e+00   1.7830962e+00
  -2.2584394e+00   1.3068114e+00   2.6657183e+00
  -1.1939701e+00   2.4504092e+00   3.2188163e+00
  -3.1462729e+00   1.3287909e+00   1.1671763e+00
  -1.9467976e+00   6.6166867e-01   4.1983969e+00
  -1.5205628e+00   1.3863082e+00   3.9679173e+00
  -3.1525836e-01   3.4503130e+00   3.6710018e+00
  -3.2607937e+00   1.8394515e+00   5.3174405e-01
  -9.1866119e-01   5.5700174e+00   1.2483112e+00
  -4.8861427e+00  -1.8158734e+00   2.0774648e+00
  -8.6313255e-01   5.1869697e+00   1.5255846e+00
  -2.3896075e+00   2.5112675e+00   1.2416042e+00
   3.1189678e+00   7.5231825e+00   5.7830314e+00
  -3.5554933e+00  -1.4438530e-01   2.1709764e+00
  -4.7793966e+00   3.1155373e+00  -2.2838012e+00
  -1.6124646e+00   2.2357113e+00   2.7305104e+00
  -1.4261252e+00   3.0557940e+00   2.2327977e+00
  -1.2950121e+00   2.3399784e+00   3.1652952e+00
  -5.8236383e+00   9.2297178e-01  -2.2182915e+00
  -1.1485003e+00   1.8449674e+00   4.0637580e+00
  -2.1274583e+00   2.0733175e+00   2.0456846e+00
  -4.2094351e+00   4.5454315e-01   3.9507662e-01
  -2.6299478e+00   1.7509174e-01   3.5194336e+00
  -1.2294786e+00   2.3635132e+00   3.2545222e+00
   1.5653277e+00   3.3901578e+00   7.8494081e+00
  -7.5692070e-01   2.3527452e+00   4.1475743e+00
  -3.3225897e+00  -6.9338581e-01   3.4763091e+00
  -5.2280424e-01   2.8726450e+00   3.9410219e+00
  -2.2120580e+00   2.9712069e-01   4.2291014e+00
  -5.0999170e-02   4.2069576e+00   3.3887108e+00
  -2.6116342e+00  -4.0183646e-01   4.5966973e+00
  -4.6487041e-01   4.5893621e+00   2.4567298e+00
  -2.5418251e+00   5.7653593e-01   3.0946295e+00
  -7.1958961e-01   2.7548718e+00   3.7191372e+00
   3.2782899e+00   7.9954746e+00   5.7060103e+00
  -3.1661528e+00   2.0882393e+00   4.6244117e-01
  -1.6326259e+00   2.6971326e+00   2.2348982e+00
  -1.8193802e+00   2.4447872e+00   2.1768470e+00
  -3.0035351e+00   2.5990507e+00   2.9700328e-01
  -1.8323034e+00   4.7241787e+00   5.1340087e-01
  -3.4231887e+00  -3.8907531e-01   2.7726210e+00
  -1.2931883e+00   3.2046308e+00   2.3082550e+00
  -2.0642078e+00   3.9124854e+00   6.8041858e-01
  -1.2386553e+01   2.8857416e+00  -1.0452779e+01
  -4.4263040e+00   5.5987722e-01  -2.9635547e-02
   3.6754996e+00   7.8767926e+00   6.4081004e+00
  -9.9582579e-02   3.0103720e+00   4.5741869e+00
   4.8519980e+00   8.0448856e+00   8.3198850e+00
  -1.6727382e+00   4.6224891e-01   5.2203246e+00
   4.1922553e+00   7.1709657e+00   7.9964983e+00
  -2.8613739e+00   1.0017671e+00   1.9746222e+00
   2.4616403e+00   5.8488952e+00   6.1290953e+00
  -1.9541562e+00   2.7003511e+00   1.7330124e+00
  -1.6938916e+00   1.8865605e+00   2.9811589e+00
  -2.3233043e+00   6.0607896e-01   3.4872732e+00
  -2.9903566e-01   2.3636569e+00   5.0764622e+00
   5.4526224e-02   2.9885316e+00   4.9106659e+00
  -1.6610918e+00   2.2431875e+00   2.6401617e+00
  -1.5692825e+00   7.8074562e-01   4.8574364e+00
   1.0750352e+00   3.9218301e+00   5.7330445e+00
  -4.1870172e-01   1.6862680e+00   5.9852397e+00
  -4.6529857e-01   2.0205314e+00   5.2581157e+00
  -6.0571512e+00   2.6045059e+00  -3.5213906e+00
  -2.4554771e+00   1.1455842e+00   2.5100554e+00
