  -1.8128019e+00   3.1838012e+00   1.5435010e+00
  -1.6760825e+00   5.6893815e-01   4.9989601e+00
  -4.3091262e+00   2.3429859e+00  -1.2564332e+00
  -4.5478191e+00  -1.4652477e+00   2.1958196e+00
   1.1985057e+00   2.6429693e+00   8.5683553e+00
   2.7120927e+00   3.8467157e+00   1.0595993e+01
   1.0539065e+00   3.1174673e+00   7.0020628e+00
   3.1345875e-01   1.6612301e+00   8.3102471e+00
   1.5697696e-01   1.2424283e+00   9.1435086e+00
  -6.4174732e-01   6.7428455e-01   7.8710747e+00
   8.7245222e-01   4.2639515e+00   4.9141936e+00
   2.1839714e-02   1.3458960e+00   8.2151220e+00
  -8.5598835e-01   1.1064956e+00   6.0303444e+00
  -2.0066335e+00  -6.7807053e-02   5.4735643e+00
  -4.3481842e-02   1.1143601e+00   8.7526992e+00
  -2.6375237e+00  -2.8259879e-02   3.8391005e+00
  -8.9422847e-01   1.3441579e+00   5.4455108e+00
  -1.2601537e+00   8.5498257e-01   5.4828508e+00
  -3.9446778e+00   9.7621108e-01   2.9285373e-01
  -1.6180018e+00  -6.6193743e-01   8.7781037e+00
  -1.2633194e+00  -3.6185530e-01   9.2029727e+00
  -5.7589162e-01   2.4249259e+00   4.4088423e+00
  -1.8819939e+00   1.3073775e+00   3.3619491e+00
  -6.7052309e-01   3.1655875e+00   3.3559510e+00
   1.0209160e+00   2.8755754e+00   7.4167826e+00
  -1.1224312e+00  -1.7787846e-01   9.0670198e+00
  -5.9415562e-01   1.4373768e+00   6.0324999e+00
  -1.0612666e+00   2.1861068e+00   3.7776052e+00
  -1.0030935e+00   9.9812148e-01   5.8639151e+00
  -4.2862726e-01   2.5425865e+00   4.5435927e+00
  -1.4742899e-01   1.9038793e+00   6.2573272e+00
   4.7137429e-01   2.8411977e+00   6.0512360e+00
  -1.2193243e+00   1.0687105e+00   5.1665351e+00
  -1.4809239e+00   1.7913690e+00   3.4886235e+00
  -4.0884052e+00  -2.6536679e+00   5.9560923e+00
  -3.7106307e+00   2.9176159e+00  -8.5423550e-01
  -4.5928420e+00  -1.3732862e+00   1.9688223e+00
  -6.1541805e+00   2.1308612e+00  -3.3821619e+00
  -2.5227373e+00  -7.9067999e-01   5.7303764e+00
  -1.3462666e+00   2.1575674e+00   3.2850504e+00
  -2.1726307e+00  -1.6877990e-02   4.9213513e+00
  -1.3910773e+00   3.4847487e+00   1.9269089e+00
  -3.1032967e+00  -9.2432002e-01   4.4330563e+00
  -1.4236926e+00   2.6778577e+00   2.5898071e+00
  -1.5606344e+00   1.3795506e+00   3.8960044e+00
  -2.4379398e+00   1.6639567e+00   1.9582918e+00
  -2.1434513e+00   4.0089352e-01   4.2033493e+00
  -1.3320596e+00   2.4782926e+00   2.9484815e+00
   2.0876068e+00   4.1957561e+00   7.6385116e+00
   1.5749222e-01   1.9813676e+00   6.9370969e+00
   3.5574399e-01   1.6451867e+00   8.5234963e+00
   3.1795921e-01   8.8662193e-01   1.2018060e+01
  -1.0829817e+00   3.7782394e+00   2.1533286e+00
  -1.4086089e+00  -3.5678690e-01   8.4574698e+00
  -8.3946254e-01   1.5518295e+00   5.1963091e+00
  -1.5109076e+00  -8.5135033e-02   7.0729097e+00
   8.6518741e-02   2.9059329e+00   5.0924628e+00
  -2.3420812e+00  -9.5999941e-01   6.8199262e+00
  -1.5639554e+00   1.5384478e+00   3.6649994e+00
  -1.2019368e+00  -3.4207276e-01   9.4391525e+00
   1.3320212e+00   3.4166204e+00   7.1499777e+00
  -2.7301104e+00  -5.0207768e-01   4.5036013e+00
  -1.8815486e+00   2.8520472e+00   1.7126021e+00
  -1.4425762e+00   7.2636121e-01   5.2745128e+00
  -1.7383203e+00   7.3709525e-01   4.5394895e+00
  -6.9009098e-01   1.1614755e+00   6.3735757e+00
  -1.3056359e+00   1.2412164e+00   4.6574257e+00
  -2.0035190e+00   9.3323921e-01   3.6502894e+00
  -2.4763355e+00  -4.2666061e-01   4.9981309e+00
  -1.3537065e+00   8.5148782e-01   5.2511007e+00
  -2.8910472e+00  -1.6406422e+00   7.0341394e+00
   1.2612334e+00   3.2268051e+00   7.3399067e+00
  -2.1405660e+00  -8.8822800e-01   7.3482762e+00
   2.3537500e+00   3.6690006e+00   9.7348019e+00
  -2.2549492e+00  -5.3606627e-01   5.8881620e+00
  -1.1919314e+00   8.2651776e-01   5.7226141e+00
  -5.5187634e-02   1.5817859e+00   7.2660740e+00
   1.0993767e-01   1.5942057e+00   7.7796156e+00
   4.0353205e-01   1.8350252e+00   8.1085808e+00
   3.9769327e-01   3.4351816e+00   5.0048266e+00
   1.1858946e+00   3.3807544e+00   6.8418840e+00
  -2.7968600e-01   2.9466138e+00   4.3070952e+00
   6.2928868e-01   2.2369235e+00   7.7586032e+00
   2.0226210e-01   3.0324190e+00   5.1540541e+00
   1.2074141e-01   1.8916876e+00   7.0386051e+00
  -5.2603332e-01   9.7029448e-01   7.3804406e+00
   1.5542515e+00   2.3140451e+00   1.1505109e+01
   1.4064644e+00   1.9128447e+00   1.3148620e+01
  -1.5910729e-01   1.7447419e+00   6.5645782e+00
   1.1298027e+00   3.3969659e+00   6.6730074e+00
