  -3.1697296e+00   1.4007590e+00   1.0612865e+00
  -2.3931426e+00  -1.2430737e-01   4.5847120e+00
  -2.2661841e+00   1.8241019e+00   2.0732438e+00
  -6.0622853e+00  -6.0627634e-01  -1.2831122e+00
   8.1145574e-02   1.6216864e+00   7.6044961e+00
   1.1144894e+00   2.4181385e+00   8.9436590e+00
  -2.9213020e-01   1.7982367e+00   6.0904254e+00
  -7.3408236e-01   7.1569561e-01   7.4026664e+00
  -3.9826572e-01   9.0203402e-01   8.0557433e+00
  -7.3412177e-01   3.5409829e-01   8.6461672e+00
  -7.1425978e-01   2.4786626e+00   4.0662396e+00
  -8.7021376e-01   6.2262201e-01   7.2027040e+00
  -1.5862608e+00   6.3469869e-01   5.0939690e+00
  -1.7937116e+00   2.2088709e-01   5.4119369e+00
  -2.2434739e+00   6.3650293e-01   3.6048801e+00
  -5.9044482e-01   5.7824599e-01   8.4124451e+00
  -2.0630273e+00  -3.9681673e-02   5.2567672e+00
  -2.0369292e+00   8.7382633e-02   5.0545061e+00
  -5.8410042e-01   9.1138525e-01   7.3506980e+00
  -5.0488476e+00  -2.2033119e-01  -1.9444319e-01
  -3.5422270e+00  -1.0680998e+00   3.6569923e+00
   2.6003361e-01   1.4328709e+00   8.8714203e+00
  -2.6347744e+00   5.9813324e-01   2.8852965e+00
  -2.0078524e+00   1.7273830e+00   2.6133178e+00
  -3.8242136e-01   1.3995110e+00   6.7137306e+00
  -5.3431727e-01   6.1596138e-01   8.5111780e+00
  -1.4293580e+00   6.3501726e-01   5.4963638e+00
  -1.8645355e+00   1.3760794e+00   3.3035866e+00
  -1.7985011e+00   1.9522096e-01   5.4552741e+00
  -1.5157496e+00   1.4910309e+00   3.8265333e+00
  -1.1126614e+00   9.4525556e-01   5.6826450e+00
  -4.0686757e-01   1.9609039e+00   5.4974008e+00
  -2.1593112e+00   1.1125000e-01   4.6981617e+00
  -2.5021001e+00   8.4781900e-01   2.8002699e+00
  -6.5586309e+00  -9.5056953e-01  -1.6509972e+00
   5.2865234e-01   3.0137599e+00   5.8962669e+00
  -7.8882124e+00  -9.9909840e-01  -3.3550810e+00
  -2.4849387e+00   1.7645210e+00   1.7794538e+00
  -3.6468802e+00  -9.3118055e-01   3.1802674e+00
  -1.4187964e+00   6.0226203e-01   5.5942694e+00
  -2.5687860e+00  -4.7911399e-01   4.8677582e+00
  -2.3162322e+00   2.3863798e+00   1.4583897e+00
  -4.7469775e+00  -1.2686680e+00   1.5316726e+00
  -9.2389124e-01   1.9242442e+00   4.4087542e+00
  -2.1133066e+00   6.6633750e-01   3.8304881e+00
  -3.1509895e+00   8.9214915e-01   1.6126134e+00
  -2.5251583e+00  -5.9903217e-02   4.1488964e+00
  -2.4260152e+00   1.3627800e+00   2.3065000e+00
   2.1967618e-01   2.3236583e+00   6.3787606e+00
  -9.0786790e-01   1.0330689e+00   6.0486571e+00
  -1.0942584e+00   1.0713906e-01   8.0306382e+00
  -5.4559101e-01   7.2953732e-02   1.1198119e+01
  -2.2990613e+00   1.9106874e+00   1.9315755e+00
  -2.2012824e+00  -9.1403942e-01   7.1990132e+00
  -7.7648788e-01   1.0698152e+00   6.3370722e+00
  -1.9674386e+00   1.6210827e-01   5.0788859e+00
  -1.8888072e-01   1.6364717e+00   6.7249440e+00
  -2.4494786e+00  -2.2923031e-01   4.6537090e+00
  -3.5319406e-01   8.5747911e-01   8.3883521e+00
  -2.9569267e+00   3.5598265e-02   3.0637585e+00
   7.4187292e-01   2.6460738e+00   7.1257026e+00
  -1.9885662e+00   6.0371436e-01   4.2032406e+00
  -2.6879653e+00   1.5802148e+00   1.6398181e+00
  -1.6385251e+00   5.6741335e-01   5.0956203e+00
  -2.2617290e+00  -5.0434061e-01   5.7863278e+00
  -2.0485982e+00   6.7552715e-01   3.9537298e+00
  -2.5188764e+00  -1.6471183e-01   4.3580756e+00
  -2.6064792e+00   3.1043579e-01   3.3571133e+00
  -2.1963510e+00   5.1928066e-02   4.7231550e+00
  -1.1013402e+00   1.6745786e+00   4.4099426e+00
  -2.3499788e+00  -9.1678771e-01   6.6545708e+00
   1.4578694e+00   3.4476690e+00   7.4245600e+00
  -1.5147099e+00  -6.1971939e-02   6.9887966e+00
   2.6260552e+00   4.0042769e+00   9.7357969e+00
  -1.6879394e+00   1.6444888e-01   5.8347607e+00
  -2.8020155e-01   1.8270641e+00   6.0637091e+00
  -1.0766056e+00   3.1520809e-01   7.3983191e+00
  -7.4790614e-01   7.0354334e-01   7.3902085e+00
  -5.5309883e-01   1.0212389e+00   7.1468103e+00
  -6.5725255e-01   2.4608105e+00   4.1997993e+00
   1.6635177e-01   2.2464208e+00   6.3927661e+00
  -9.5052852e-01   2.3037538e+00   3.8381906e+00
  -2.0182666e-01   1.4088209e+00   7.2492418e+00
  -5.0780960e-01   2.1510934e+00   4.9514379e+00
  -8.7254245e-01   9.5770447e-01   6.3210298e+00
  -1.1805777e+00   2.7338842e-01   7.1541990e+00
   6.2386035e-01   1.3193423e+00   1.1322484e+01
   5.0371502e-01   1.0647129e+00   1.2179916e+01
  -8.0384069e-01   9.8812542e-01   6.4502027e+00
   2.1802554e-02   2.0935905e+00   6.3194417e+00
