  -1.2767541e+00   1.1095631e+00   4.9533262e+00
  -3.0304496e+00   1.8292683e+00   8.7815179e-01
  -1.3529285e+00   2.4039805e+00   2.9930473e+00
  -3.7752754e+00   2.4595778e+00  -6.4266768e-01
  -1.0822830e+00   2.1929652e-02   8.4047967e+00
  -1.5943775e+00   8.7987991e-02   6.3048529e+00
  -1.2532930e+00   3.8740310e-01   6.5897377e+00
  -2.0294217e+00   9.2518407e-01   3.6095940e+00
   1.7273729e+00   3.4970276e+00   8.0858072e+00
   7.1919055e-01   2.2936513e+00   7.9023542e+00
  -2.5575369e-01   1.4602599e+00   6.9479312e+00
  -2.3753756e+00   5.7873386e-01   3.4224175e+00
  -1.2576445e-01   2.1955062e+00   5.7537148e+00
  -3.7283333e-01   2.5077564e+00   4.7061395e+00
  -1.7991913e+00   1.3995987e+00   3.3970995e+00
   1.2996561e+00   2.9956309e+00   7.9695396e+00
  -1.1808849e+00   8.7736027e-01   5.6442791e+00
  -3.3688675e-01   2.2183077e+00   5.2231209e+00
  -3.1219532e-01   1.7494396e+00   6.1367262e+00
  -4.6980507e+00   7.7084442e-01  -6.0604727e-01
  -7.2335074e-01   2.5752196e+00   3.9274629e+00
   6.1812954e-01   2.2174969e+00   7.7732314e+00
  -3.6138733e+00   4.0269522e-01   1.3936289e+00
  -3.1209792e+00   2.1672518e-01   2.4881668e+00
   1.3025522e+00   4.1198699e+00   5.9364177e+00
   2.5953452e-01   1.6616161e+00   8.1103203e+00
  -2.5784943e+00   1.3861848e+00   2.0221147e+00
  -2.0510973e+00   1.8649250e-01   4.8178606e+00
  -1.1048823e+00   1.4688926e+00   4.7284352e+00
  -1.6919783e+00   9.8427297e-01   4.2262097e+00
  -1.8457233e+00   1.2202298e-02   5.7419351e+00
  -1.5078547e+00   6.4188554e-01   5.2779559e+00
  -1.2203695e+00   1.6086168e+00   4.2591931e+00
  -1.4915221e+00   1.1967465e+00   4.3196333e+00
  -4.9694268e+00   2.3326387e+00  -2.0762858e+00
   8.5670067e-01   3.0204456e+00   6.6770640e+00
  -9.9573706e+00   9.4337908e-01  -7.0250787e+00
  -2.0127617e+00   2.4106311e+00   1.9032357e+00
  -6.4924138e-01   2.7881912e+00   3.8084168e+00
  -1.2606496e+00   5.0536303e-01   6.2653457e+00
  -3.7658347e+00   6.7830488e-01   8.5271743e-01
  -3.4380978e+00   3.7780783e+00  -1.0040589e+00
  -4.3505284e+00   1.0231317e+00  -3.3335364e-01
  -1.0109691e+00   1.6483682e+00   4.6450249e+00
  -3.4065782e+00   4.1353176e-01   1.7298982e+00
  -1.9757710e+00   5.2622192e-01   4.3654684e+00
  -3.0960313e+00   4.2722389e-01   2.2574893e+00
  -1.8108457e+00   6.1905581e-01   4.5813538e+00
  -1.1112115e+00   7.2750669e-01   6.1702130e+00
  -1.2225983e+00   1.1725608e+00   4.9680529e+00
   1.2448209e+00   2.2363823e+00   1.0180318e+01
   4.0188159e-01   2.1501575e+00   7.2654280e+00
   4.1200891e-01   2.2389571e+00   7.0876234e+00
  -2.5392967e+00   1.0923416e+00   2.4259166e+00
   2.6333813e-01   2.2404551e+00   6.6649523e+00
   2.7694686e-01   3.0428523e+00   5.2963077e+00
   2.7951274e-01   2.0992166e+00   7.0217889e+00
   7.2771716e-02   3.7153734e+00   4.0696056e+00
   5.8621520e-01   1.7453367e+00   9.1141712e+00
  -1.0794405e+00   2.7931372e+00   3.0462635e+00
   2.0619349e+00   5.1533788e+00   6.1495313e+00
  -1.0902968e+00   2.0781284e+00   3.8618010e+00
  -7.1487424e-01   2.0825727e+00   4.6119186e+00
  -2.4996867e+00   6.3252541e-01   3.0975727e+00
  -9.4470054e-01   1.8993616e+00   4.4020910e+00
  -8.0063273e-01   3.0027497e+00   3.3027232e+00
  -2.4728977e+00   4.9814135e-01   3.3453888e+00
  -8.9099758e-01   2.2193781e+00   4.0623467e+00
  -7.4301940e-01   2.1346962e+00   4.4768516e+00
  -1.7387841e-01   3.6872867e+00   3.6720247e+00
  -1.2681796e+00   7.5650174e-01   5.6676791e+00
   2.3703202e+00   4.7309418e+00   7.4043681e+00
  -2.9320633e-01   1.7919314e+00   6.1003313e+00
   3.8257334e+00   5.6644629e+00   9.4880765e+00
  -9.7973047e-01   7.8944554e-01   6.4084926e+00
   1.8380596e+00   4.5524214e+00   6.4710751e+00
  -9.0570684e-01   5.8593733e-01   7.1871855e+00
   1.0039840e+00   3.0052196e+00   7.0937133e+00
  -2.9834560e+00  -2.6104674e-01   3.4779666e+00
  -8.2813437e-01   1.2543795e+00   5.7917994e+00
  -3.2425470e+00  -9.8982950e-01   4.2193623e+00
  -8.6880313e-01   1.2733787e+00   5.6477444e+00
  -1.8865593e+00   5.7127228e-02   5.5225097e+00
  -8.6214641e-01   9.2206959e-01   6.4365215e+00
  -1.0839859e+00   2.6041208e-01   7.5454965e+00
  -2.7934745e-01   1.7596441e+00   6.2030177e+00
   3.9060128e-01   1.0775290e+00   1.1243140e+01
   4.5437043e-01   1.2295665e+00   1.0758818e+01
  -1.1873639e+00   1.0878672e+00   5.2086276e+00
  -1.0069327e+00   5.3241084e-01   6.9967645e+00
