  -1.6660218e+00   3.0366306e+00   1.8817346e+00
  -1.5120978e+00   7.7610501e-01   5.0043450e+00
  -4.0764333e+00   2.6638121e+00  -1.1631579e+00
  -4.4688225e+00  -1.3909648e+00   2.2361880e+00
   1.3924681e+00   2.7908421e+00   8.8298246e+00
   2.9412862e+00   4.0574835e+00   1.0826986e+01
   7.5188138e-01   2.7792127e+00   6.8740977e+00
   6.0246751e-01   1.9376573e+00   8.5240355e+00
   5.4744704e-01   1.6467852e+00   9.3165565e+00
  -2.1360413e+00  -1.1778274e+00   8.5364996e+00
   9.8696422e-01   4.1161286e+00   5.3042188e+00
   2.6105765e-01   1.5722149e+00   8.3964039e+00
  -5.7283023e-01   1.3317974e+00   6.3197311e+00
  -1.7992812e+00   1.7402939e-01   5.5001247e+00
   2.8676021e-01   1.4646863e+00   8.8684953e+00
  -2.4982546e+00   1.1177226e-01   3.9077638e+00
  -6.1827698e-01   1.6743190e+00   5.5056112e+00
  -1.1978457e+00   8.6321439e-01   5.6290460e+00
  -3.7126591e+00   1.1824575e+00   4.4679344e-01
  -1.7335591e+00  -8.4905920e-01   9.0675985e+00
  -1.0439745e+00  -1.4087623e-01   9.3015550e+00
  -5.0352034e-01   2.2294181e+00   4.8401747e+00
  -1.7029234e+00   1.4716746e+00   3.4855722e+00
  -3.6223086e-01   3.5128838e+00   3.5269595e+00
   7.8952857e-01   2.4120723e+00   7.8210637e+00
  -1.3010326e+00  -4.1304418e-01   9.2508997e+00
  -3.7265080e-01   1.6402785e+00   6.2017109e+00
  -9.6420512e-01   2.2483181e+00   3.8829078e+00
  -8.0073118e-01   1.1904277e+00   5.9994077e+00
  -2.0766915e-01   2.7091038e+00   4.7618662e+00
   8.7690245e-02   2.1445268e+00   6.3905238e+00
   3.7628244e-01   2.6771047e+00   6.1098768e+00
  -9.4066286e-01   1.3409373e+00   5.3371362e+00
  -1.8555928e+00   1.0366885e+00   3.7988384e+00
  -4.0231056e+00  -2.5897616e+00   5.9836379e+00
  -3.3021368e+00   3.2203457e+00  -5.1591316e-01
  -4.6685357e+00  -1.5215492e+00   2.0466196e+00
  -5.9770151e+00   2.4711161e+00  -3.3588944e+00
  -2.4470195e+00  -7.1845035e-01   5.7739766e+00
  -2.0546916e+00   5.8556421e-01   4.0875236e+00
  -2.2045622e+00  -1.0428845e-01   5.0211771e+00
  -1.1696979e+00   3.7121693e+00   2.0762515e+00
  -3.0510672e+00  -8.9499333e-01   4.5044791e+00
  -1.0939745e+00   3.0325065e+00   2.7826784e+00
  -1.5350707e+00   1.3515427e+00   3.9894355e+00
  -2.2946425e+00   1.8408099e+00   2.0095454e+00
  -2.0845675e+00   4.6590825e-01   4.2236616e+00
  -1.2392673e+00   2.3993689e+00   3.1964687e+00
   1.4265647e+00   3.4679116e+00   7.2996754e+00
   4.0302652e-01   2.2424456e+00   7.0535903e+00
   7.2781154e-01   2.0305196e+00   8.7049126e+00
  -7.5325661e-01  -2.6452994e-01   1.2120577e+01
  -1.0854174e+00   3.3946955e+00   2.4652278e+00
  -1.2386316e+00  -2.2196929e-01   8.6885660e+00
  -6.8310478e-01   1.5415122e+00   5.5946994e+00
  -1.2937432e+00   1.2807957e-01   7.1939111e+00
   2.0844430e-01   2.9336138e+00   5.3105436e+00
  -2.2186164e+00  -8.2909315e-01   6.8514232e+00
  -1.2830720e+00   1.8120265e+00   3.8421675e+00
  -1.1771625e+00  -3.3535384e-01   9.5438672e+00
   1.5392408e+00   3.5294845e+00   7.4798595e+00
  -2.9467171e+00  -8.0216425e-01   4.5758763e+00
  -1.6661023e+00   3.1841871e+00   1.7595256e+00
  -1.3212951e+00   8.7174596e-01   5.2928195e+00
  -1.3533496e+00   1.0988744e+00   4.7929891e+00
  -6.4740942e-01   1.1731768e+00   6.4700668e+00
  -9.8387695e-01   1.6063755e+00   4.7724542e+00
  -1.9330288e+00   9.5909993e-01   3.7559204e+00
  -2.0709845e+00  -3.5522310e-02   5.2263798e+00
  -1.6669593e+00   4.5306148e-01   5.2541322e+00
  -2.9831251e+00  -1.7826614e+00   7.1801047e+00
   1.5112017e+00   3.0801587e+00   8.4315726e+00
  -2.4169831e+00  -1.2312582e+00   7.4698203e+00
   2.5965658e+00   3.8616219e+00   1.0065754e+01
  -2.4000578e+00  -7.2401577e-01   5.9334178e+00
   8.2429122e-02   2.2239906e+00   6.2189721e+00
  -1.6163894e+00  -3.4494420e-01   7.5248972e+00
   2.1777030e-01   1.6842589e+00   7.8947688e+00
   5.7906664e-01   1.9499219e+00   8.3982745e+00
   6.5950992e-01   3.6804452e+00   5.2080170e+00
   9.4360512e-01   2.9498307e+00   7.0433787e+00
  -1.5403227e-01   2.9800481e+00   4.5069376e+00
   7.2149809e-01   2.3787547e+00   7.6895440e+00
  -9.8645721e-02   2.4314954e+00   5.4141166e+00
   3.1778708e-01   2.0812191e+00   7.1771503e+00
  -4.1701924e-01   1.0851024e+00   7.4247580e+00
   1.7630651e+00   2.5606538e+00   1.1431836e+01
   1.0021297e+00   1.4836256e+00   1.3124106e+01
   1.6856895e-02   1.9520812e+00   6.6021544e+00
   8.7723920e-01   3.1029739e+00   6.5760316e+00
