  -1.2745622e+00   1.1008167e+00   4.9743187e+00
  -3.3540725e+00   1.3483572e+00   8.2988509e-01
  -1.7038492e+00   2.1224386e+00   2.6972644e+00
  -4.1047404e+00   1.9686070e+00  -7.3619633e-01
  -1.4413185e+00   1.9374839e-01   6.5075898e+00
  -7.4114558e-01   4.0096858e-01   8.4325934e+00
  -1.3689903e+00   2.8832620e-01   6.4856656e+00
  -2.3345187e+00   3.9597630e-01   3.7916857e+00
   2.0564790e-01   1.7201195e+00   7.7509831e+00
   6.1816375e-01   2.1288357e+00   8.0128047e+00
  -3.8673318e-01   1.1825217e+00   7.2543654e+00
  -2.8606456e+00   4.6766514e-03   3.3076016e+00
  -4.7822562e-01   1.9336194e+00   5.3766065e+00
  -5.9779182e-01   2.1749753e+00   4.7213561e+00
  -1.6872428e+00   1.8279159e+00   3.0626329e+00
   1.0255811e+00   2.6491413e+00   7.9699263e+00
  -1.4845073e+00   7.3088884e-01   5.1597468e+00
  -6.3700392e-01   1.8724611e+00   5.1137207e+00
  -4.0650582e-01   1.4282194e+00   6.5753798e+00
  -4.7135874e+00   7.1107854e-01  -5.7658693e-01
  -1.4663052e+00   1.8265353e+00   3.4710754e+00
   7.9420342e-01   2.2051802e+00   8.4094474e+00
  -3.2938272e+00   1.6418179e-01   2.2396195e+00
  -3.1928922e+00   1.1700046e-01   2.4893488e+00
   1.0249437e+00   3.2395522e+00   6.6960005e+00
   1.1022115e-01   1.5101377e+00   8.0287566e+00
  -2.4384901e+00   8.3979522e-01   2.9300738e+00
  -2.1039172e+00   4.4146606e-02   4.9715897e+00
  -1.7255935e+00   9.8111465e-01   4.1585159e+00
  -1.4027243e+00   8.5992560e-01   5.1128491e+00
  -2.2665589e+00  -2.4421782e-01   5.1588681e+00
  -1.3801324e+00   6.0748613e-01   5.6875228e+00
  -2.1968910e+00   7.2545573e-01   3.5658826e+00
  -1.6088821e+00   1.0194472e+00   4.3506723e+00
  -4.9259370e+00   1.9125665e+00  -1.7597408e+00
   7.4807420e-01   3.1296659e+00   6.2152456e+00
  -6.0710801e+00   1.4708682e+00  -2.8928875e+00
  -2.3476991e+00   2.0641409e+00   1.7044284e+00
  -2.9024262e+00   4.5413748e-01   2.5763552e+00
  -1.2368372e+00   7.6168817e-01   5.7410526e+00
  -3.7815030e+00   3.8623223e-01   1.1372934e+00
  -1.9158015e+00   7.6246231e-01   4.0998172e+00
  -4.3609111e+00   6.9187268e-01  -5.6094799e-02
  -9.4728965e-01   1.8433499e+00   4.4800756e+00
  -3.6478228e+00   1.8707531e-01   1.5875111e+00
  -2.7297529e+00  -8.8814745e-02   3.7392017e+00
  -3.4929843e+00   7.7474049e-02   1.9929583e+00
  -2.4969744e+00   4.2006268e-01   3.4139807e+00
  -1.2178643e+00   5.7573516e-01   6.2206693e+00
  -1.7734368e+00   3.8686999e-01   5.1158937e+00
   1.6282720e-01   9.0348513e-01   1.0791570e+01
   2.4887209e-01   1.9166634e+00   7.3693961e+00
   3.1358989e-01   1.9766638e+00   7.4208202e+00
  -3.3632733e+00   2.9562481e-01   1.9478281e+00
   1.6732132e-01   2.0367468e+00   6.8395651e+00
  -1.3418120e-01   2.4584290e+00   5.2910651e+00
   1.6774945e-01   2.3595028e+00   6.1764161e+00
  -3.0135920e-01   3.1370099e+00   4.0383904e+00
   4.3475773e-01   1.6532459e+00   8.8112717e+00
  -1.4530642e+00   2.4342529e+00   2.7894535e+00
   1.5435037e+00   4.1478015e+00   6.4155406e+00
  -1.1520129e+00   1.9651586e+00   3.8919203e+00
  -1.0150194e+00   1.6297963e+00   4.6657823e+00
  -3.2495697e+00   1.7769655e-01   2.3026739e+00
  -1.1052136e+00   1.4885176e+00   4.6953963e+00
  -9.0372303e-01   2.7439601e+00   3.4023971e+00
  -2.6217279e+00   5.5888833e-01   2.9645237e+00
  -1.0190898e+00   1.9877500e+00   4.1238424e+00
  -1.1545295e+00   1.5168257e+00   4.5411990e+00
  -2.2352368e-01   3.4466917e+00   3.8343002e+00
  -1.2743682e+00   5.4091184e-01   6.1383696e+00
   1.6423990e+00   3.7392806e+00   7.3420922e+00
  -4.5167521e-01   1.4591519e+00   6.3761123e+00
   3.0669211e+00   4.6899506e+00   9.3976168e+00
  -1.7340846e+00   9.7674229e-01   4.1472087e+00
   4.8433198e-01   2.9113412e+00   5.9627490e+00
  -1.0936248e+00   4.3285258e-01   6.9874850e+00
  -7.5450359e-01   1.0315614e+00   6.4919122e+00
  -3.3015178e+00  -6.6522778e-01   3.4737012e+00
  -9.9467752e-01   9.5499743e-01   5.9809711e+00
  -2.1345932e+00  -5.2910787e-01   6.2481344e+00
  -1.8330054e+00   1.5926664e+00   3.0847752e+00
  -2.0244473e+00  -5.4118977e-01   6.6510913e+00
  -1.6909498e+00   5.5926621e-01   4.9809510e+00
  -1.3514894e+00   1.1061918e-01   7.0424636e+00
  -8.1636280e-01   1.1036938e+00   6.1464759e+00
  -5.7845312e-02   5.8943046e-01   1.1254300e+01
   1.9219940e-01   8.9409142e-01   1.1039782e+01
  -1.5326462e+00   3.4011777e-01   5.8667213e+00
  -1.3448544e+00   3.5857881e-01   6.3783611e+00
