  -1.2463734e+00   1.1169568e+00   5.0120679e+00
  -3.1757342e+00   1.5635365e+00   8.9975543e-01
  -1.5169929e+00   2.2695064e+00   2.8571637e+00
  -3.9670806e+00   2.1513190e+00  -6.8329990e-01
  -1.5570173e+00   8.5263719e-02   6.4295234e+00
  -9.1255732e-01   2.0801730e-01   8.4266614e+00
  -1.3037927e+00   3.4099614e-01   6.5525668e+00
  -2.1787139e+00   6.6413087e-01   3.6966750e+00
   9.5926981e-01   2.5796452e+00   7.9352430e+00
   6.7945519e-01   2.2233624e+00   7.9595673e+00
  -3.1219784e-01   1.3122546e+00   7.1490622e+00
  -2.6206183e+00   2.7158961e-01   3.3877026e+00
  -2.7986437e-01   2.0713591e+00   5.6047003e+00
  -4.9975102e-01   2.3316036e+00   4.6963113e+00
  -1.6229304e+00   1.4716517e+00   3.6412056e+00
   1.1500474e+00   2.8124209e+00   7.9531894e+00
  -1.3144981e+00   7.9927998e-01   5.4558790e+00
  -5.1006586e-01   2.0393500e+00   5.1251445e+00
  -2.9583101e-01   1.5979248e+00   6.5057155e+00
  -4.6911158e+00   7.6893752e-01  -5.9473350e-01
  -1.0956043e+00   2.1931163e+00   3.7037852e+00
   7.4222336e-01   2.2209287e+00   8.1799294e+00
  -3.3309801e+00   2.9705156e-01   2.0029244e+00
  -3.1461916e+00   1.7787118e-01   2.4937694e+00
   1.3995796e+00   3.7485982e+00   6.7187415e+00
   1.7100903e-01   1.5773194e+00   8.0450965e+00
  -2.3046426e+00   1.1186113e+00   2.8154930e+00
  -2.0680798e+00   1.0949035e-01   4.9293280e+00
  -1.4124221e+00   1.2365971e+00   4.4278290e+00
  -1.3817445e+00   9.4259985e-01   5.0080792e+00
  -2.0569415e+00  -2.3362754e-01   5.7207798e+00
  -1.6745645e+00   5.0577560e-01   5.1274632e+00
  -1.7741608e+00   1.1080729e+00   3.8596048e+00
  -1.5660969e+00   1.0948237e+00   4.3214643e+00
  -4.8419265e+00   2.1123627e+00  -1.7826273e+00
   7.5197006e-01   3.0619528e+00   6.3414061e+00
  -6.5172324e+00   1.4823245e+00  -3.4356691e+00
  -2.2239215e+00   2.1917203e+00   1.7775817e+00
  -1.9044690e+00   1.4728837e+00   3.1033983e+00
  -1.3014270e+00   6.2902607e-01   5.8565204e+00
  -3.6584126e+00   5.8617712e-01   1.1189646e+00
  -1.9453322e+00   1.1270291e+00   3.4870232e+00
  -4.4431146e+00   8.5581097e-01  -3.2036994e-01
  -9.7969299e-01   1.7750009e+00   4.5150605e+00
  -3.5049680e+00   3.0041055e-01   1.6962243e+00
  -2.3625790e+00   1.9852745e-01   4.0609626e+00
  -3.2809659e+00   2.3791297e-01   2.1670901e+00
  -3.1446895e+00   6.8729606e-01   1.8551636e+00
  -1.1443311e+00   6.5562725e-01   6.2446741e+00
  -1.4932134e+00   7.6882467e-01   5.0645474e+00
   7.2968694e-01   1.5609151e+00   1.0618910e+01
   3.3948373e-01   2.0451559e+00   7.3303433e+00
   3.8863343e-01   2.1069013e+00   7.3297939e+00
  -3.0147071e+00   6.4133095e-01   2.1350183e+00
   2.3396594e-01   2.1471865e+00   6.7837821e+00
  -6.1980780e-02   2.7285311e+00   5.0367072e+00
   1.1288365e-01   2.3824727e+00   5.9971701e+00
  -1.1703381e-01   3.4275411e+00   4.0438144e+00
   5.4182955e-01   1.7113981e+00   9.0494456e+00
  -1.2960053e+00   2.6167989e+00   2.8635338e+00
   1.8170953e+00   4.6406079e+00   6.3049872e+00
  -1.1146008e+00   2.0304738e+00   3.8776436e+00
  -8.2862368e-01   1.8650343e+00   4.7003708e+00
  -2.9310586e+00   3.6862202e-01   2.6378429e+00
  -9.9752393e-01   1.7088108e+00   4.5790312e+00
  -8.4762146e-01   2.8708641e+00   3.3618360e+00
  -2.4620555e+00   4.7637444e-01   3.3999650e+00
  -9.4273104e-01   2.1018186e+00   4.1189060e+00
  -9.2792063e-01   1.8057832e+00   4.5783918e+00
  -2.0412506e-01   3.5521634e+00   3.7574331e+00
  -1.2445113e+00   6.5684300e-01   5.9530342e+00
   1.9697776e+00   4.1788825e+00   7.3685039e+00
  -3.7601276e-01   1.6243202e+00   6.2262935e+00
   3.4336701e+00   5.1732158e+00   9.4002553e+00
  -1.1516536e+00   7.8894854e-01   5.9147711e+00
   1.1917684e+00   3.7188114e+00   6.2832546e+00
  -9.9139767e-01   5.1145268e-01   7.1091642e+00
   8.1353514e-02   1.9715905e+00   6.7403655e+00
  -3.0895153e+00  -4.5350145e-01   3.5733634e+00
  -8.8627390e-01   1.1135035e+00   5.9324788e+00
  -2.4251750e+00  -8.2879024e-01   6.1394978e+00
  -1.4911024e+00   1.4747690e+00   3.8993021e+00
  -2.2558940e+00  -2.9633907e-01   5.3043712e+00
  -9.7277185e-01   7.2991708e-01   6.5779414e+00
  -1.2007845e+00   1.5978317e-01   7.4335384e+00
  -5.1751735e-01   1.4452425e+00   6.2236578e+00
   1.6100226e-01   8.2788298e-01   1.1243594e+01
   3.3830792e-01   1.0715766e+00   1.0932475e+01
  -1.3251728e+00   6.8131809e-01   5.6759743e+00
  -1.1211502e+00   4.3473736e-01   6.8900228e+00
