  -1.9229946e+00   3.0382815e+00   1.4975225e+00
  -1.7360324e+00   5.0737205e-01   4.9702773e+00
  -4.3793602e+00   2.2185200e+00  -1.2653336e+00
  -4.5768238e+00  -1.5007321e+00   2.1938358e+00
   1.1115341e+00   2.5614837e+00   8.4964007e+00
   2.5820224e+00   3.7106562e+00   1.0526214e+01
   9.8295910e-01   3.0125903e+00   7.0221454e+00
   2.3126101e-01   1.5837111e+00   8.2468200e+00
   3.8952684e-02   1.1186876e+00   9.0991893e+00
  -8.8582047e-01   3.6367115e-01   7.9667366e+00
   7.4324762e-01   4.1108742e+00   4.8475196e+00
  -4.9643212e-02   1.2753398e+00   8.1710350e+00
  -9.6921664e-01   9.8685097e-01   5.9810193e+00
  -2.0747136e+00  -1.4161778e-01   5.4530368e+00
  -1.8139991e-01   9.6228548e-01   8.7284332e+00
  -2.6805560e+00  -7.3884277e-02   3.8221639e+00
  -9.8472381e-01   1.2327587e+00   5.4336990e+00
  -1.3273623e+00   7.9015370e-01   5.4412065e+00
  -4.0120184e+00   9.1502700e-01   2.4986642e-01
  -1.6977737e+00  -7.3446252e-01   8.7081984e+00
  -1.3266540e+00  -4.2472862e-01   9.1704982e+00
  -6.8247351e-01   2.2769493e+00   4.3986754e+00
  -1.9451272e+00   1.2445965e+00   3.3253029e+00
  -7.5797122e-01   3.0629989e+00   3.3128582e+00
   7.4812793e-01   2.4963355e+00   7.4839412e+00
  -1.0728852e+00  -1.1304076e-01   9.0212243e+00
  -6.6092032e-01   1.3721168e+00   5.9906119e+00
  -1.1449304e+00   2.1009177e+00   3.7276045e+00
  -1.0690652e+00   9.3024117e-01   5.8313938e+00
  -5.3609114e-01   2.4371350e+00   4.4720933e+00
  -2.3370519e-01   1.8191242e+00   6.2019648e+00
   3.8951215e-01   2.7719547e+00   5.9758548e+00
  -1.2971165e+00   9.9063805e-01   5.1235771e+00
  -1.5518367e+00   1.7000629e+00   3.4725283e+00
  -4.1185298e+00  -2.6849855e+00   5.9493415e+00
  -3.8460443e+00   2.7515598e+00  -9.2424465e-01
  -4.6362849e+00  -1.4281998e+00   1.9676924e+00
  -6.2101323e+00   2.0460551e+00  -3.4006653e+00
  -2.5538361e+00  -8.2393216e-01   5.7218420e+00
  -1.5589899e+00   1.7572075e+00   3.3855181e+00
  -2.1762084e+00  -1.9457297e-02   4.9175131e+00
  -1.4587606e+00   3.3993142e+00   1.8944373e+00
  -3.1182595e+00  -9.3901650e-01   4.4258182e+00
  -1.5110818e+00   2.5634330e+00   2.5601677e+00
  -1.5997909e+00   1.3385048e+00   3.8761383e+00
  -2.4927317e+00   1.5982840e+00   1.9371794e+00
  -2.1764446e+00   3.5854225e-01   4.2023835e+00
  -1.4242453e+00   2.3839733e+00   2.8921097e+00
   1.8448885e+00   3.9494610e+00   7.4708230e+00
   8.5542250e-02   1.9046206e+00   6.9042831e+00
   2.3404132e-01   1.5151211e+00   8.4794079e+00
   1.7852982e-01   7.4000329e-01   1.1996834e+01
  -1.1671715e+00   3.6528047e+00   2.1266892e+00
  -1.4637036e+00  -4.0416983e-01   8.3990780e+00
  -9.2501354e-01   1.4321083e+00   5.2074063e+00
  -1.5732878e+00  -1.4900974e-01   7.0467455e+00
  -7.4703944e-02   2.6924382e+00   5.0626518e+00
  -2.3841398e+00  -1.0054493e+00   6.8122164e+00
  -1.6677640e+00   1.4136833e+00   3.6332631e+00
  -1.2609510e+00  -3.9298201e-01   9.3698432e+00
   1.2831378e+00   3.2847062e+00   7.2810485e+00
  -2.6707491e+00  -4.1775762e-01   4.4816037e+00
  -1.9423571e+00   2.7548770e+00   1.7037562e+00
  -1.5065294e+00   6.6852021e-01   5.2277438e+00
  -1.8499855e+00   6.2824444e-01   4.4743203e+00
  -7.9170077e-01   1.0674888e+00   6.2986598e+00
  -1.3997582e+00   1.1322975e+00   4.6289917e+00
  -2.0504394e+00   8.8407525e-01   3.6277115e+00
  -2.5860522e+00  -5.3564869e-01   4.9447160e+00
  -1.4392974e+00   7.5078048e-01   5.2341818e+00
  -2.8411043e+00  -1.5734881e+00   6.9931823e+00
   1.2591274e+00   3.2354104e+00   7.3163783e+00
  -2.0628167e+00  -7.9123055e-01   7.3157689e+00
   2.4516588e+00   3.7563306e+00   9.8366987e+00
  -2.2033562e+00  -4.7973385e-01   5.9001989e+00
  -1.0871335e+00   9.3883141e-01   5.7642686e+00
  -1.7542582e-01   1.4170442e+00   7.3129553e+00
   3.4224479e-02   1.5194158e+00   7.7324007e+00
   3.2925546e-01   1.7711760e+00   8.0331015e+00
   3.0993033e-01   3.3464713e+00   4.9458684e+00
   1.1001693e+00   3.2749017e+00   6.8205308e+00
  -3.2440274e-01   2.8988875e+00   4.2812346e+00
   5.4758220e-01   2.1521598e+00   7.7156248e+00
   1.3141310e-01   2.9397831e+00   5.1380374e+00
   2.8727668e-02   1.7896034e+00   7.0070478e+00
  -5.7302344e-01   9.1268149e-01   7.3850804e+00
   1.4637270e+00   2.2137037e+00   1.1503680e+01
   1.3215260e+00   1.8255130e+00   1.3117495e+01
  -2.1044828e-01   1.6837876e+00   6.5553038e+00
   1.0374830e+00   3.2774284e+00   6.6585765e+00
