  -2.8348861e+00   1.8224468e+00   1.1780843e+00
  -2.3799945e+00   1.1481462e-02   4.3567572e+00
  -2.3685700e+00   1.6363638e+00   2.1017144e+00
  -6.3449282e+00  -1.0189518e+00  -1.2873131e+00
   3.5382056e-01   1.8699048e+00   7.8356611e+00
   1.5981006e+00   2.8067452e+00   9.5731035e+00
   5.1699412e-02   2.1094029e+00   6.3664475e+00
  -5.2660531e-01   9.3323032e-01   7.4863928e+00
  -9.7760624e-01   5.3260452e-02   8.7572058e+00
  -1.0681039e+00   1.6799404e-01   7.9197253e+00
  -3.2880940e-01   2.9272687e+00   4.2376462e+00
  -6.0005305e-01   7.9079641e-01   7.6547462e+00
  -1.6550459e+00   4.9881142e-01   5.1911912e+00
  -2.0326446e+00  -1.2822911e-01   5.5399367e+00
  -2.3159085e+00   4.8290257e-01   3.6922658e+00
  -9.1647773e-01   1.8460852e-01   8.5010461e+00
  -1.7771280e+00   2.9958756e-01   5.2870933e+00
  -1.9222836e+00   2.7225842e-01   4.9695879e+00
  -6.7918694e-01   7.1552647e-01   7.5997724e+00
  -5.0936939e+00  -3.9652044e-01  -8.2198996e-02
  -1.8432947e+00  -9.4297998e-01   8.9403220e+00
  -1.4376847e+00   1.5747692e+00   3.8643671e+00
  -2.4651658e+00   7.5809197e-01   2.9899068e+00
  -1.5701713e+00   2.1127082e+00   2.9390465e+00
   7.7177099e-01   2.5151639e+00   7.5105436e+00
  -6.6057372e-01   4.4092719e-01   8.6319667e+00
  -1.2402826e+00   8.1746244e-01   5.6127426e+00
  -1.6805934e+00   1.5846598e+00   3.3787434e+00
  -1.6189071e+00   3.7944050e-01   5.5378760e+00
  -1.2203955e+00   1.7431032e+00   4.0628357e+00
  -9.0173745e-01   1.1589456e+00   5.7950429e+00
  -1.7823785e-01   2.1932914e+00   5.6319252e+00
  -1.9494056e+00   3.2814650e-01   4.7922023e+00
  -2.0655323e+00   1.1733614e+00   3.1907329e+00
  -6.7525346e+00  -1.4214337e+00  -1.4677234e+00
   4.6062729e-01   2.9302953e+00   5.8763034e+00
  -8.1556816e+00  -1.3697414e+00  -3.3851625e+00
  -2.5603762e+00   1.6512604e+00   1.7725924e+00
  -2.7925174e+00  -1.0564318e+00   5.5993384e+00
  -1.7583130e+00   1.7757951e+00   2.9971512e+00
  -2.3640141e+00  -1.9182075e-01   4.7930351e+00
  -2.0861823e+00   2.7051073e+00   1.5297712e+00
  -3.3588855e+00  -1.1827667e+00   4.3266770e+00
  -2.3240281e+00   1.8983915e+00   1.9037039e+00
  -1.8772209e+00   1.0321795e+00   3.7611814e+00
  -2.9756663e+00   1.0508053e+00   1.7283226e+00
  -2.4182040e+00   9.7712933e-02   4.1117926e+00
  -2.1791732e+00   1.6381137e+00   2.4188767e+00
   5.8847097e-01   2.7144289e+00   6.5722627e+00
  -5.4787626e-01   1.2473094e+00   6.5868622e+00
  -7.5498863e-01   4.6750822e-01   8.1301301e+00
  -2.1826709e-02   5.4074671e-01   1.1880812e+01
  -1.9797534e+00   2.4507243e+00   1.9176655e+00
  -1.8848527e+00  -7.7600406e-01   8.0025131e+00
  -7.2157138e-01   9.2489152e-01   6.8604356e+00
  -2.4049965e+00  -3.5251659e-01   5.0260896e+00
  -2.8850189e-01   1.5015915e+00   6.7490120e+00
  -2.9445190e+00  -8.7126428e-01   4.7300079e+00
  -3.3464123e-01   7.2132949e-01   8.9885695e+00
  -3.2329315e+00  -3.9292973e-01   3.1658251e+00
   1.5113627e+00   3.5467107e+00   7.3701872e+00
  -2.1552601e+00   3.4707603e-01   4.2706130e+00
  -2.4804686e+00   1.9040621e+00   1.6493049e+00
  -1.6155007e+00   6.1266450e-01   5.0641855e+00
  -2.7894817e+00  -3.4335418e-01   4.0547478e+00
  -1.4645966e+00   4.4269591e-01   5.8224648e+00
  -2.2230836e+00   1.7948405e-01   4.4155324e+00
  -2.4554069e+00   4.7320508e-01   3.4182863e+00
  -2.3725792e+00  -1.9707210e-01   4.7820535e+00
  -1.2834652e+00   1.3523275e+00   4.5232728e+00
  -2.4631895e+00  -1.0805118e+00   6.7645293e+00
   1.1534003e+00   2.8461143e+00   7.8806433e+00
  -1.6167847e+00  -2.1723137e-01   7.1024382e+00
   2.3039779e+00   3.5388763e+00   9.9601062e+00
  -1.7853713e+00   1.1474767e-03   5.9448038e+00
  -5.2351135e-01   1.5279864e+00   6.0322290e+00
  -9.1059759e-01   5.1938208e-01   7.3677045e+00
  -5.6635967e-01   9.0298289e-01   7.4364653e+00
  -3.0066985e-01   1.2428034e+00   7.3742900e+00
  -4.2527876e-01   2.6984855e+00   4.3418036e+00
   3.9157324e-01   2.4772737e+00   6.5240442e+00
  -7.6244801e-01   2.4876382e+00   3.9628278e+00
  -2.0408767e-02   1.5950725e+00   7.3427314e+00
  -3.3723392e-01   2.4308514e+00   4.8923667e+00
  -6.5659589e-01   1.1527091e+00   6.4914980e+00
  -9.9702910e-01   4.4169033e-01   7.2956393e+00
   8.1835339e-01   1.5293611e+00   1.1340703e+01
   7.6123029e-01   1.3116787e+00   1.2408018e+01
  -6.6601339e-01   1.1560205e+00   6.4561190e+00
   2.9304158e-01   2.4304101e+00   6.3599696e+00
