  -2.0354169e+00   2.8793853e+00   1.4604336e+00
  -1.7980537e+00   4.4031735e-01   4.9474099e+00
  -4.4568364e+00   2.0817964e+00  -1.2742848e+00
  -4.5835562e+00  -1.5078256e+00   2.1916087e+00
   1.0178586e+00   2.4743577e+00   8.4175215e+00
   2.4537244e+00   3.5842779e+00   1.0429565e+01
   8.8183893e-01   2.8943377e+00   6.9896986e+00
   1.4226492e-01   1.5002517e+00   8.1771041e+00
  -8.9944600e-02   9.8335222e-01   9.0526986e+00
  -1.0359642e+00   1.7010098e-01   8.0433395e+00
   6.0757786e-01   3.9511928e+00   4.7776892e+00
  -1.1959274e-01   1.2076864e+00   8.1236802e+00
  -1.0879431e+00   8.6496064e-01   5.9223325e+00
  -2.1467675e+00  -2.1062431e-01   5.4107557e+00
  -3.2622516e-01   8.0533692e-01   8.6946096e+00
  -2.7244392e+00  -1.2088379e-01   3.8058357e+00
  -1.0823360e+00   1.1162333e+00   5.4150609e+00
  -1.4031745e+00   7.2656390e-01   5.3750396e+00
  -4.0804106e+00   8.5179458e-01   2.0744213e-01
  -1.7543124e+00  -7.8111785e-01   8.6374453e+00
  -1.3924170e+00  -4.9194219e-01   9.1464040e+00
  -7.7583571e-01   2.1597881e+00   4.3737521e+00
  -2.0106304e+00   1.1824568e+00   3.2834572e+00
  -8.5545578e-01   2.9501475e+00   3.2639407e+00
   5.9474345e-01   2.2689936e+00   7.5669768e+00
  -1.0189712e+00  -4.2033602e-02   8.9708874e+00
  -7.3704576e-01   1.2991000e+00   5.9402228e+00
  -1.2324771e+00   2.0337127e+00   3.6475899e+00
  -1.1391277e+00   8.6140397e-01   5.7901179e+00
  -6.3913509e-01   2.3393848e+00   4.3994361e+00
  -3.2183616e-01   1.7317315e+00   6.1474995e+00
   3.1469800e-01   2.7101605e+00   5.9047454e+00
  -1.3794898e+00   9.0839779e-01   5.0776549e+00
  -1.6100811e+00   1.6400584e+00   3.4401677e+00
  -7.2183940e+00  -2.5126899e+00  -9.7846701e-01
   3.5298369e-01   2.7456740e+00   5.9344442e+00
  -4.6945858e+00  -1.4811099e+00   1.9353107e+00
  -6.2402277e+00   1.9569485e+00  -3.3858470e+00
  -2.5908467e+00  -8.6011709e-01   5.7029856e+00
  -1.6875824e+00   1.5366250e+00   3.4284504e+00
  -2.2123719e+00  -5.1260204e-02   4.8905443e+00
  -1.5354702e+00   3.3176488e+00   1.8459217e+00
  -3.1516250e+00  -9.6886404e-01   4.4036160e+00
  -1.5908192e+00   2.4608370e+00   2.5320530e+00
  -1.6539891e+00   1.2758106e+00   3.8574074e+00
  -2.5495540e+00   1.5264698e+00   1.9194803e+00
  -2.2118833e+00   3.2101446e-01   4.1876121e+00
  -1.5237694e+00   2.2845154e+00   2.8292161e+00
   1.6210222e+00   3.7469019e+00   7.2721333e+00
   4.7188301e-03   1.8212115e+00   6.8613290e+00
   1.0684233e-01   1.3804634e+00   8.4302307e+00
   8.8378868e-02   6.4139999e-01   1.2013812e+01
  -1.2625549e+00   3.5174487e+00   2.0923243e+00
  -1.5129120e+00  -4.5026964e-01   8.3628204e+00
  -1.0096001e+00   1.3391641e+00   5.1735633e+00
  -1.6354211e+00  -2.1393148e-01   7.0249438e+00
  -2.3807689e-01   2.4819763e+00   5.0275209e+00
  -2.4217016e+00  -1.0569444e+00   6.8409581e+00
  -1.7863696e+00   1.2834081e+00   3.5810890e+00
  -1.3230411e+00  -4.4441559e-01   9.2868628e+00
   1.3079206e+00   3.2708967e+00   7.3769685e+00
  -2.6050122e+00  -3.2531906e-01   4.4601718e+00
  -2.0040673e+00   2.6528045e+00   1.6985415e+00
  -1.5119692e+00   6.7032801e-01   5.2103444e+00
  -1.9676386e+00   5.1027433e-01   4.4122041e+00
  -8.6146961e-01   9.8716237e-01   6.2841536e+00
  -1.4971882e+00   1.0159048e+00   4.6066763e+00
  -2.0963488e+00   8.3096059e-01   3.6132220e+00
  -2.7047491e+00  -6.5137381e-01   4.8829086e+00
  -1.5175314e+00   6.7431027e-01   5.1883652e+00
  -2.7899544e+00  -1.5094410e+00   6.9688552e+00
   1.2310537e+00   3.1862932e+00   7.3409379e+00
  -1.9930864e+00  -7.0289545e-01   7.2833061e+00
   2.5081962e+00   3.7894826e+00   9.9508766e+00
  -2.1405290e+00  -4.1924906e-01   5.9360322e+00
  -9.4829737e-01   1.0830613e+00   5.8302860e+00
  -3.1201749e-01   1.2398634e+00   7.3445658e+00
  -4.4395426e-02   1.4417605e+00   7.6836885e+00
   2.5107633e-01   1.7052492e+00   7.9504152e+00
   2.1122801e-01   3.2597754e+00   4.8629506e+00
   9.9485629e-01   3.1526700e+00   6.7808593e+00
  -3.7033705e-01   2.8501853e+00   4.2543911e+00
   4.6214221e-01   2.0668413e+00   7.6624109e+00
   6.0349307e-02   2.8622527e+00   5.1003766e+00
  -7.0778772e-02   1.6879236e+00   6.9526881e+00
  -6.1911115e-01   8.5394454e-01   7.3965525e+00
   1.3713572e+00   2.1132699e+00   1.1492305e+01
   1.2532808e+00   1.7566507e+00   1.3081699e+01
  -2.6852654e-01   1.6172185e+00   6.5398328e+00
   9.6514115e-01   3.1820129e+00   6.6513919e+00
