  -3.4983237e+00   1.0122531e+00   9.3261608e-01
  -2.4072559e+00  -2.6999515e-01   4.8443011e+00
  -2.0768980e+00   1.9807710e+00   2.2220581e+00
  -5.7589205e+00  -1.6700061e-01  -1.2620885e+00
  -1.9635178e-01   1.3684839e+00   7.3754924e+00
   9.0272534e-01   2.0579242e+00   9.3209134e+00
  -6.6831292e-01   1.4939316e+00   5.7240986e+00
  -9.3392224e-01   4.9365845e-01   7.3626507e+00
  -1.1080432e+00   1.2368795e-01   7.9148566e+00
  -4.5494096e-01   7.0235063e-01   8.5275853e+00
  -1.0977653e+00   2.0501789e+00   3.8842015e+00
  -8.7586604e-01   4.7035072e-01   7.6480510e+00
  -1.4387894e+00   7.7099690e-01   5.1955835e+00
  -1.5686534e+00   5.7242523e-01   5.2630217e+00
  -2.1275660e+00   7.8643005e-01   3.6160836e+00
  -2.7616704e-01   9.7354207e-01   8.2942192e+00
  -2.1841626e+00  -1.3315104e-01   5.1366067e+00
  -1.9251421e+00   1.4013656e-01   5.2355049e+00
  -4.7890791e-01   9.9870708e-01   7.4607940e+00
  -5.0078567e+00  -4.1545309e-02  -3.1018009e-01
  -3.1525786e+00  -5.6160470e-01   3.6220783e+00
   3.8084624e-01   1.5921975e+00   8.8043571e+00
  -2.8096400e+00   4.3268165e-01   2.7797533e+00
  -2.2416757e+00   1.3547023e+00   2.6378730e+00
   7.7169135e-01   2.9474775e+00   6.5978956e+00
  -4.0931730e-01   7.9030403e-01   8.3971968e+00
  -1.6226094e+00   4.4645289e-01   5.3838420e+00
  -2.0880428e+00   1.1219511e+00   3.2167977e+00
  -1.9883748e+00   4.4870537e-03   5.3611480e+00
  -1.7403970e+00   1.2334376e+00   3.7439003e+00
  -1.3287785e+00   7.3108584e-01   5.5601010e+00
  -5.2279012e-01   1.8113390e+00   5.4871110e+00
  -2.3704289e+00  -1.0603382e-01   4.6046475e+00
  -2.2968851e+00   8.7096304e-01   3.1579981e+00
  -6.3217246e+00  -4.6674417e-01  -1.7657575e+00
   5.9982069e-01   3.0990405e+00   5.9210014e+00
  -7.5845738e+00  -5.9857264e-01  -3.2946579e+00
  -2.4106974e+00   1.8941846e+00   1.7692780e+00
  -2.9447383e+00  -1.2305019e+00   5.5903454e+00
  -2.0410554e+00   1.6924453e+00   2.5954613e+00
  -2.7514430e+00  -7.2108263e-01   4.9121601e+00
  -2.5797730e+00   2.0295710e+00   1.3774040e+00
  -4.9810603e+00  -1.0695790e+00   8.6123728e-01
  -7.5471682e-01   2.1430533e+00   4.4407479e+00
  -2.3416745e+00   3.2330865e-01   3.8954429e+00
  -3.2834400e+00   7.0166827e-01   1.6048673e+00
  -2.6638446e+00  -2.3198713e-01   4.1417972e+00
  -2.8019165e+00   1.0799179e+00   1.9866756e+00
  -9.2286615e-02   2.0736571e+00   6.0632195e+00
  -9.5966242e-01   8.0975659e-01   6.4188542e+00
  -1.4428732e+00  -2.6105797e-01   7.9297801e+00
  -3.2975306e-01   2.3739610e-01   1.1684830e+01
  -2.5688930e+00   1.5380262e+00   1.8756348e+00
  -2.1956509e+00  -1.0585288e+00   7.7520183e+00
  -5.1568515e-01   1.2072667e+00   6.7809411e+00
  -1.6387820e+00   5.7487378e-01   5.0802440e+00
  -7.9293486e-02   1.7613770e+00   6.7549691e+00
  -2.0156253e+00   3.7878610e-01   4.5376046e+00
  -1.0003948e-01   9.9511707e-01   8.9603003e+00
  -2.6918849e+00   4.5677933e-01   2.9722361e+00
   2.0890017e+00   4.4099015e+00   7.2617460e+00
  -1.8225879e+00   8.6414566e-01   4.1370251e+00
  -2.8944350e+00   1.2592132e+00   1.6378258e+00
  -2.0148217e+00   1.8115606e-01   4.9192297e+00
  -2.2764190e+00  -3.1132818e-01   5.2819112e+00
  -1.8152727e+00   1.0515927e+00   3.8596163e+00
  -3.1056561e+00  -2.8736865e-01   3.2619007e+00
  -2.0338504e+00   4.8508958e-01   4.3051036e+00
  -2.1236358e+00   1.5285064e-01   4.7047400e+00
  -9.3232710e-01   2.0020959e+00   4.2788144e+00
  -2.2158372e+00  -7.2887471e-01   6.5513047e+00
   1.3605552e+00   4.1055194e+00   6.0790812e+00
  -1.3958715e+00   1.1558473e-01   6.8747404e+00
   2.9299098e+00   4.6320458e+00   9.1057163e+00
  -1.5838668e+00   3.2610556e-01   5.7540559e+00
  -7.4922275e-01   1.3384519e+00   5.8265284e+00
  -6.6594490e-01   8.9325387e-01   7.1257817e+00
  -9.4460482e-01   4.9062604e-01   7.3338028e+00
  -8.4564691e-01   7.5968646e-01   6.9015603e+00
  -8.8009588e-01   2.2160914e+00   4.0880809e+00
  -7.4860654e-02   1.9771557e+00   6.3001368e+00
  -1.1006060e+00   2.1639084e+00   3.7312880e+00
  -4.0316998e-01   1.1980806e+00   7.1585772e+00
  -6.5463068e-01   1.9276885e+00   4.9830268e+00
  -1.1042519e+00   7.4018647e-01   6.1605359e+00
  -1.2996552e+00   9.8236916e-02   7.2651251e+00
   4.1379718e-01   1.0925015e+00   1.1308080e+01
   2.9131366e-01   8.3332502e-01   1.2210855e+01
  -9.5579114e-01   8.0686089e-01   6.4375253e+00
  -2.1702764e-01   1.7725032e+00   6.3440195e+00
