  -1.7894402e+00   2.6979016e+00   1.9882452e+00
  -1.4870695e+00   8.1411813e-01   4.9934499e+00
  -4.0483104e+00   2.6503389e+00  -1.1190499e+00
  -4.4601259e+00  -1.4033557e+00   2.2726128e+00
   1.3577560e+00   2.7250912e+00   8.9006728e+00
   2.7771078e+00   3.8656775e+00   1.0813388e+01
   3.7445875e-01   2.2229079e+00   7.0152626e+00
   6.6298728e-01   1.9975743e+00   8.5629448e+00
   1.2678622e+00   2.3848843e+00   9.6911801e+00
  -2.4084944e+00  -1.6334732e+00   9.3613481e+00
   7.1897332e-01   3.5783744e+00   5.4652915e+00
   2.5819907e-01   1.5589516e+00   8.4286532e+00
  -6.0848421e-01   1.2446820e+00   6.4162976e+00
  -1.8041259e+00   1.6010795e-01   5.5179329e+00
   1.9504993e-01   1.3614204e+00   8.8573886e+00
  -2.4826061e+00   1.2313438e-01   3.9230163e+00
  -6.0831232e-01   1.6794088e+00   5.5205365e+00
  -1.3176343e+00   6.7311881e-01   5.7142238e+00
  -3.6648207e+00   1.2170974e+00   4.8602818e-01
  -1.9558630e+00  -1.0247456e+00   8.7420068e+00
  -9.9987205e-01  -9.4891615e-02   9.3142197e+00
  -4.8039267e-01   2.2036011e+00   4.9295249e+00
  -1.6997280e+00   1.4548263e+00   3.5144779e+00
  -3.2389693e-01   3.5619573e+00   3.5427925e+00
  -9.2151853e-01   1.1091840e+00   5.8467437e+00
  -1.3370883e+00  -4.6230739e-01   9.2994150e+00
  -3.4456640e-01   1.6558894e+00   6.2446907e+00
  -1.2574256e+00   1.8581793e+00   3.8299042e+00
  -7.8855076e-01   1.1980658e+00   6.0161111e+00
  -3.6387744e-01   2.4802971e+00   4.7640174e+00
   5.5113046e-02   2.1236078e+00   6.3467096e+00
   1.8140623e-01   2.5046946e+00   5.9442695e+00
  -8.8102214e-01   1.3943966e+00   5.3831819e+00
  -2.1675446e+00   1.0303615e+00   3.1885234e+00
  -4.0359758e+00  -2.6051311e+00   5.9870826e+00
  -3.2792321e+00   3.0239258e+00  -3.6371269e-01
  -4.8128534e+00  -1.7670074e+00   2.1452472e+00
  -5.9410887e+00   2.5446414e+00  -3.3556415e+00
  -8.3161384e-01   1.4332318e+00   5.4317048e+00
  -1.6833979e+00   1.9075353e-01   5.7857979e+00
  -2.3810573e+00  -3.2743474e-01   5.0351066e+00
  -1.1716575e+00   3.6201477e+00   2.1459870e+00
  -3.1678149e+00  -1.0453210e+00   4.5240102e+00
  -1.0860347e+00   3.0061958e+00   2.8211099e+00
  -1.7172713e+00   1.0726338e+00   4.0322235e+00
  -2.2826647e+00   1.8480039e+00   2.0216874e+00
  -2.1230278e+00   4.2578587e-01   4.2063145e+00
  -1.4104856e+00   2.0199014e+00   3.3335396e+00
   8.8780390e-01   2.7363486e+00   7.3430479e+00
   4.5295475e-01   2.2982162e+00   7.0717035e+00
   7.4336859e-01   2.0350539e+00   8.7503900e+00
  -1.8784162e+00  -1.4384632e+00   1.2072301e+01
  -1.2667727e+00   2.8426693e+00   2.6846457e+00
  -1.2650560e+00  -2.5378041e-01   8.6989658e+00
  -8.1700173e-01   1.2494361e+00   5.8313051e+00
  -1.2780117e+00   1.3705577e-01   7.2227121e+00
  -1.0960867e-01   2.4139041e+00   5.4179555e+00
  -2.2006803e+00  -8.1657145e-01   6.8768995e+00
  -1.2772318e+00   1.7442665e+00   3.9470523e+00
  -1.3148600e+00  -4.8293128e-01   9.5299231e+00
   7.1419025e-01   2.4909337e+00   7.3949377e+00
  -2.9959000e+00  -8.7120250e-01   4.5958061e+00
  -1.6191543e+00   3.2547077e+00   1.7722913e+00
  -1.5198269e+00   4.2611897e-01   5.7058767e+00
  -1.2759253e+00   1.1700754e+00   4.8476516e+00
  -9.0823318e-01   8.9046634e-01   6.3762271e+00
  -9.1511778e-01   1.6773551e+00   4.8096325e+00
  -1.9845431e+00   8.6411434e-01   3.7933481e+00
  -1.7985508e+00   9.6868958e-02   5.6776704e+00
  -2.1676566e+00  -1.8041536e-01   5.2849233e+00
  -2.9180599e+00  -1.7052249e+00   7.1601531e+00
   1.1512864e+00   2.5200671e+00   8.7627678e+00
  -2.3986301e+00  -1.1941630e+00   7.4078847e+00
   2.7016594e+00   3.7080683e+00   1.1085798e+01
  -2.4240156e+00  -7.6418937e-01   5.9658961e+00
   8.8389166e-01   2.7202232e+00   7.3678585e+00
  -2.6744315e+00  -1.6250535e+00   7.9066169e+00
   2.7717292e-01   1.6160048e+00   8.3170202e+00
   5.3342063e-01   1.8727576e+00   8.4689315e+00
   6.6798501e-01   3.6438862e+00   5.2727736e+00
   5.7171426e-01   2.4104249e+00   7.1616044e+00
  -2.1628363e-01   2.8502597e+00   4.5534093e+00
   5.7216834e-01   2.2496010e+00   7.5448730e+00
  -6.4924004e-01   1.5647635e+00   5.6349081e+00
   2.1781697e-01   1.9246905e+00   7.2528833e+00
  -4.4943759e-01   1.0410328e+00   7.4400166e+00
   1.7067312e+00   2.4964356e+00   1.1437842e+01
   4.3415980e-01   8.8848889e-01   1.3052219e+01
   4.9025361e-02   1.9900157e+00   6.6093359e+00
   3.5856777e-01   2.3720596e+00   6.6490764e+00
