  -1.5391866e+00   9.1755154e-01   4.6813958e+00
  -3.9519796e+00   4.9708226e-01   7.4830335e-01
  -2.1996580e+00   1.7856810e+00   2.2234719e+00
  -4.7416415e+00   1.1762886e+00  -9.9562498e-01
  -9.7324946e-01   6.5047155e-01   6.7833059e+00
  -5.4593622e-02   1.1296761e+00   8.6495205e+00
  -1.9528917e+00   4.9613611e-01   4.4714497e+00
  -1.7053020e+00  -1.5721516e-01   6.6152817e+00
  -3.9028064e-01   9.7139100e-01   7.8616070e+00
   2.7076750e-01   1.6476924e+00   8.1939264e+00
  -2.1083604e+00   9.7266907e-01   3.3834827e+00
  -1.4231348e+00  -6.8341454e-02   7.3403842e+00
  -1.1564960e+00   1.3616839e+00   4.7915092e+00
  -9.4999163e-01   1.5630410e+00   4.9206859e+00
  -1.9314868e+00   1.1805524e+00   3.4394177e+00
   5.3365091e-01   2.0118797e+00   8.0520816e+00
  -1.9969950e+00   4.2673194e-01   4.4938333e+00
  -1.1221320e+00   1.2027560e+00   5.1528275e+00
  -4.2360177e-01   1.2293604e+00   7.0108858e+00
  -4.8400369e+00   4.4224242e-01  -5.1893676e-01
  -2.3270725e+00   7.0309471e-01   3.3364161e+00
   6.8763335e-01   2.0170489e+00   8.5944723e+00
  -3.2682972e+00  -1.4481068e-02   2.5289654e+00
  -3.0487552e+00   3.3349076e-01   2.4657107e+00
  -2.2475090e-01   1.8329306e+00   6.1974286e+00
  -9.2618622e-02   1.2549014e+00   8.0742432e+00
  -2.0975517e+00  -1.4764318e-02   5.1113843e+00
  -3.0259107e+00   1.3708269e-01   2.7791819e+00
  -2.8499011e+00  -8.2638857e-02   3.4696637e+00
  -1.6176611e+00   5.5380237e-01   5.1754639e+00
  -1.8897157e+00   1.5781222e-01   5.2915560e+00
  -1.2652213e+00   1.1497908e+00   4.9084673e+00
  -3.1056827e+00  -1.2260070e-01   3.0040397e+00
  -1.8359303e+00   6.7824362e-01   4.4189750e+00
  -5.4957350e+00   9.9791307e-01  -1.8532910e+00
   6.4844297e-01   3.2076749e+00   5.8582607e+00
  -6.5341153e+00   6.6792337e-01  -2.9273503e+00
  -2.5030458e+00   1.9141260e+00   1.6041828e+00
  -3.4667848e+00  -2.6750619e-01   2.5085303e+00
  -1.2449195e+00   8.6511326e-01   5.5016657e+00
  -2.6976436e+00  -4.7373724e-01   4.5272658e+00
  -3.6233317e+00   7.3004913e-01   1.0232047e+00
  -4.4425078e+00  -4.8939050e-02   5.5513893e-01
  -1.0142838e+00   1.9219412e+00   4.2261673e+00
  -2.3232440e+00   5.0760189e-01   3.6381569e+00
  -3.9017670e+00   3.3684687e-02   1.3397588e+00
  -2.8811012e+00  -3.8796808e-01   3.9249973e+00
  -3.6191973e+00   2.8729194e-01   1.5176156e+00
  -1.1574921e+00   9.7979430e-01   5.4946047e+00
  -1.5523607e+00   1.7589732e-01   6.2081485e+00
  -5.7846195e-01   3.7658695e-02   1.1198654e+01
  -1.9927822e-01   1.2941086e+00   7.5734301e+00
  -2.9783854e-01   1.4782088e+00   6.7770484e+00
  -4.2189647e+00  -6.8769911e-01   1.6939701e+00
  -2.2175457e-01   1.6500520e+00   6.5989915e+00
  -8.1599946e-01   1.5721035e+00   5.2157853e+00
   2.3914531e-01   2.1527042e+00   6.7862609e+00
  -1.0196239e+00   1.9978795e+00   4.1087310e+00
   7.3669069e-03   1.4026328e+00   7.9829766e+00
  -1.9707039e+00   1.6624771e+00   2.7530775e+00
   8.4140029e-01   2.9370687e+00   6.7972583e+00
  -1.3691062e+00   1.5983810e+00   3.9686646e+00
  -1.7231370e+00   7.4617142e-01   4.5584836e+00
  -3.9649965e+00  -4.3345228e-01   1.8124004e+00
  -1.6857143e+00   6.1005815e-01   4.8962515e+00
  -1.1994072e+00   2.1301143e+00   3.5880878e+00
  -2.9073100e+00   1.9276721e-01   2.9300167e+00
  -1.3583907e+00   1.4551242e+00   4.2014341e+00
  -1.6795120e+00   8.9169281e-01   4.4066223e+00
  -4.3732431e-01   2.9371050e+00   4.0224769e+00
  -1.6087828e+00  -2.0365033e-02   6.5499366e+00
   1.2434254e+00   3.2864894e+00   7.1707947e+00
  -8.4657573e-01   8.3460611e-01   6.7016436e+00
   2.6760931e+00   4.1337865e+00   9.5434809e+00
  -1.1390075e+00   8.2272858e-01   5.8748272e+00
  -5.1643603e-01   1.6928581e+00   5.7226282e+00
  -1.2661631e+00   3.4956210e-01   6.6498854e+00
  -1.6290814e+00  -1.4878042e-01   6.8497360e+00
  -1.8206669e+00  -1.6212124e-01   6.2549324e+00
  -1.8260726e+00   1.4348898e+00   3.2990940e+00
  -1.0723742e+00   7.7947653e-01   6.1605085e+00
  -1.5643484e+00   1.7642625e+00   3.3665340e+00
  -1.2104727e+00   3.2722541e-01   6.8946154e+00
  -1.3696807e+00   1.3011174e+00   4.4172149e+00
  -1.4945364e+00  -1.0613015e-01   7.1975550e+00
  -1.9904894e+00  -2.1720589e-01   5.8763472e+00
  -4.6608281e-01   1.5493869e-01   1.1221027e+01
  -3.7194630e-01   2.2007176e-01   1.1476852e+01
  -1.4254166e+00   2.6923695e-01   6.3591935e+00
  -1.0680982e+00   8.3093307e-01   6.0540708e+00
