  -2.1516661e+00   2.7216997e+00   1.4183161e+00
  -1.8582264e+00   3.7278875e-01   4.9303540e+00
  -4.5402046e+00   1.9395704e+00  -1.2857822e+00
  -4.5982236e+00  -1.5170769e+00   2.1771142e+00
   9.1906511e-01   2.3837496e+00   8.3312081e+00
   2.3409262e+00   3.4667192e+00   1.0368966e+01
   7.6033439e-01   2.7727401e+00   6.9099920e+00
   5.1286680e-02   1.4142405e+00   8.1084814e+00
  -2.2472386e-01   8.4228471e-01   9.0035721e+00
  -9.6130730e-01   2.4754975e-01   8.0714923e+00
   4.6846553e-01   3.7949155e+00   4.6988713e+00
  -1.8902739e-01   1.1395018e+00   8.0802640e+00
  -1.2077238e+00   7.4145880e-01   5.8651701e+00
  -2.2167316e+00  -2.7853837e-01   5.3720576e+00
  -4.7536990e-01   6.4183062e-01   8.6690247e+00
  -2.7743062e+00  -1.7040339e-01   3.7807209e+00
  -1.1855783e+00   9.9485720e-01   5.3928285e+00
  -1.4825061e+00   6.5690513e-01   5.3125313e+00
  -4.1569832e+00   7.8013256e-01   1.6102274e-01
  -1.7884708e+00  -8.0219545e-01   8.5630932e+00
  -1.4639051e+00  -5.6150573e-01   9.1034609e+00
  -8.9246530e-01   2.0483302e+00   4.2942622e+00
  -2.0800760e+00   1.1176608e+00   3.2378678e+00
  -9.5124891e-01   2.8350736e+00   3.2210074e+00
   7.6369247e-01   2.4922726e+00   7.5408434e+00
  -9.6431035e-01   3.1113987e-02   8.9164309e+00
  -8.1338219e-01   1.2253813e+00   5.8910539e+00
  -1.3096710e+00   1.9750576e+00   3.5766078e+00
  -1.2108273e+00   7.8986593e-01   5.7505213e+00
  -7.4135353e-01   2.2494036e+00   4.3182097e+00
  -4.1200640e-01   1.6423468e+00   6.0921497e+00
   2.4708931e-01   2.6645193e+00   5.8234430e+00
  -1.4648811e+00   8.2130697e-01   5.0339393e+00
  -1.6351414e+00   1.6674606e+00   3.3574054e+00
  -7.1506197e+00  -2.3535696e+00  -1.0579637e+00
   3.6862712e-01   2.7817740e+00   5.9099117e+00
  -4.7559902e+00  -1.5306783e+00   1.8921716e+00
  -6.2905977e+00   1.8679696e+00  -3.3944404e+00
  -2.6288481e+00  -8.9684800e-01   5.6826070e+00
  -1.6697728e+00   1.6198023e+00   3.3536139e+00
  -2.2628898e+00  -1.0433215e-01   4.8707642e+00
  -1.6119426e+00   3.2340013e+00   1.7996994e+00
  -3.2067836e+00  -1.0215117e+00   4.3739421e+00
  -1.6835075e+00   2.3537975e+00   2.4877526e+00
  -1.7169514e+00   1.2072844e+00   3.8296275e+00
  -2.6151873e+00   1.4516901e+00   1.8907764e+00
  -2.2494120e+00   2.8278626e-01   4.1694170e+00
  -1.6304612e+00   2.1884938e+00   2.7508522e+00
   1.4199666e+00   3.5606295e+00   7.1038881e+00
  -7.8402035e-02   1.7332034e+00   6.8227585e+00
  -2.2830313e-02   1.2438658e+00   8.3790012e+00
   1.0090851e-01   6.5043037e-01   1.2048016e+01
  -1.3588909e+00   3.3799974e+00   2.0594176e+00
  -1.5662625e+00  -4.9714802e-01   8.3109188e+00
  -1.1191317e+00   1.2113921e+00   5.1441585e+00
  -1.6951365e+00  -2.7909190e-01   7.0128263e+00
  -3.9931123e-01   2.2823945e+00   4.9838398e+00
  -2.4683233e+00  -1.1100950e+00   6.8419415e+00
  -1.9179885e+00   1.1485426e+00   3.5106858e+00
  -1.3892627e+00  -4.9914095e-01   9.1985855e+00
   1.4460354e+00   3.5098327e+00   7.2690214e+00
  -2.5369367e+00  -2.2729785e-01   4.4346619e+00
  -2.0721845e+00   2.5434483e+00   1.6908298e+00
  -1.3902217e+00   7.4515568e-01   5.3705881e+00
  -2.0902938e+00   3.8508720e-01   4.3522129e+00
  -9.2877888e-01   9.0619598e-01   6.2787888e+00
  -1.6020195e+00   8.9398915e-01   4.5780270e+00
  -2.1481088e+00   7.8168731e-01   3.5812352e+00
  -2.6795770e+00  -7.1871714e-01   5.1019132e+00
  -1.6868976e+00   6.4721359e-01   4.8233801e+00
  -2.7373830e+00  -1.4405712e+00   6.9340181e+00
   1.1887306e+00   3.0798168e+00   7.4486109e+00
  -1.9207558e+00  -6.1568833e-01   7.2660084e+00
   2.4970472e+00   3.7425116e+00   1.0059729e+01
  -2.0810041e+00  -3.5638560e-01   5.9558669e+00
  -8.6534411e-01   1.1740492e+00   5.8601842e+00
  -4.2113146e-01   1.1118433e+00   7.3351884e+00
  -1.3314744e-01   1.3574482e+00   7.6194965e+00
   1.7471132e-01   1.6415857e+00   7.8680506e+00
   1.1048588e-01   3.1725606e+00   4.7771175e+00
   8.8977382e-01   3.0242704e+00   6.7545476e+00
  -4.1608393e-01   2.8071380e+00   4.2209416e+00
   3.7617955e-01   1.9839010e+00   7.6016663e+00
  -1.1320108e-03   2.8130816e+00   5.0421801e+00
  -1.6923664e-01   1.5908739e+00   6.8908843e+00
  -6.7073963e-01   7.9420713e-01   7.3921143e+00
   1.2744053e+00   2.0120298e+00   1.1457265e+01
   1.2062006e+00   1.7122204e+00   1.3030953e+01
  -3.2753462e-01   1.5496731e+00   6.5242528e+00
   9.0980384e-01   3.1151857e+00   6.6351683e+00
