  -1.6960594e+00   2.8895465e+00   1.9622563e+00
  -1.4844921e+00   8.1692946e-01   4.9944184e+00
  -4.0725666e+00   2.6432902e+00  -1.1454930e+00
  -4.5178387e+00  -1.4089610e+00   2.1677411e+00
   1.1922497e+00   2.7252924e+00   8.3165550e+00
   2.5146198e+00   3.8411770e+00   9.8128354e+00
   3.6638928e-01   2.2480087e+00   6.9359623e+00
   6.4923999e-01   2.0068084e+00   8.4823761e+00
   1.2208374e+00   2.3649340e+00   9.5604101e+00
  -2.4310214e+00  -1.6432079e+00   9.2797026e+00
   7.4916447e-01   3.6572827e+00   5.4198858e+00
   2.4968598e-01   1.5567132e+00   8.4031417e+00
  -6.5714356e-01   1.2353535e+00   6.2986890e+00
  -1.8190149e+00   1.5447350e-01   5.4896749e+00
   1.1278693e-01   1.3511359e+00   8.5537368e+00
  -2.5101227e+00   1.1910105e-01   3.8690935e+00
  -6.4049947e-01   1.6863312e+00   5.4297649e+00
  -1.3998137e+00   6.7509653e-01   5.4901208e+00
  -3.6661648e+00   1.2187561e+00   4.8252553e-01
  -1.8363169e+00  -9.4037239e-01   8.9648777e+00
  -1.0011907e+00  -9.1886894e-02   9.2927709e+00
  -3.9089948e-01   2.3798348e+00   4.8543515e+00
  -1.7034346e+00   1.4495147e+00   3.5144911e+00
  -3.2230468e-01   3.5782191e+00   3.5293086e+00
  -9.2001621e-01   6.0170397e-01   7.0930055e+00
  -1.3420371e+00  -4.6651521e-01   9.2933639e+00
  -3.4958601e-01   1.6538819e+00   6.2353424e+00
  -1.2942092e+00   1.8300397e+00   3.7960237e+00
  -7.9010750e-01   1.1991990e+00   6.0094316e+00
  -3.7290927e-01   2.5089723e+00   4.7042542e+00
   5.0755462e-02   2.1214627e+00   6.3395437e+00
   3.8803589e-01   2.7491797e+00   6.0115791e+00
  -8.7850344e-01   1.3982496e+00   5.3821445e+00
  -1.5464854e+00   1.5802776e+00   3.6420388e+00
  -4.0925135e+00  -2.6124290e+00   5.8115653e+00
  -3.3071620e+00   2.9993618e+00  -3.8448540e-01
  -4.8233510e+00  -1.7440999e+00   2.0883958e+00
  -5.9359438e+00   2.5608980e+00  -3.3581345e+00
  -8.5906696e-01   1.4720783e+00   5.2929796e+00
  -1.7169382e+00   1.8089373e-01   5.7135372e+00
  -2.3759353e+00  -2.9566061e-01   4.9800442e+00
  -1.1795334e+00   3.6068005e+00   2.1448769e+00
  -3.2118499e+00  -1.0634793e+00   4.4494059e+00
  -1.1026888e+00   2.9962107e+00   2.8035350e+00
  -1.7967728e+00   1.0470212e+00   3.9049383e+00
  -2.3092598e+00   1.8455284e+00   1.9809564e+00
  -2.1613944e+00   4.2553716e-01   4.1207894e+00
  -1.5883245e+00   2.0232298e+00   3.0093826e+00
   8.7560401e-01   2.7742019e+00   7.2249340e+00
   4.3753139e-01   2.3052030e+00   7.0116746e+00
   7.3417741e-01   2.0407509e+00   8.6963090e+00
  -1.9259885e+00  -1.4536929e+00   1.1741412e+01
  -1.2960028e+00   2.8181764e+00   2.6608038e+00
  -1.2762297e+00  -2.5714174e-01   8.6598549e+00
  -8.8994778e-01   1.2049701e+00   5.7311323e+00
  -1.2951972e+00   1.3375629e-01   7.1713059e+00
  -1.6816287e-01   2.3938117e+00   5.3184078e+00
  -2.2370858e+00  -8.1678185e-01   6.7456240e+00
  -1.2916746e+00   1.7448940e+00   3.9174166e+00
  -1.3568819e+00  -4.6727615e-01   9.2164176e+00
   4.3786315e-01   2.0851798e+00   7.5372609e+00
  -3.0050131e+00  -8.8156144e-01   4.5943683e+00
  -1.6421019e+00   3.2549689e+00   1.7381015e+00
  -1.5202244e+00   4.1642286e-01   5.7265905e+00
  -1.2981789e+00   1.1763841e+00   4.7851874e+00
  -9.7336602e-01   8.7076713e-01   6.2327456e+00
  -9.3927834e-01   1.6832196e+00   4.7466098e+00
  -1.9662417e+00   9.3378399e-01   3.7256622e+00
  -1.9742845e+00   5.9891115e-02   5.2775928e+00
  -1.7477199e+00   1.7487864e-01   5.6408713e+00
  -2.9169467e+00  -1.6990599e+00   7.1419438e+00
   6.8578700e-01   1.9964422e+00   8.6534074e+00
  -2.3979932e+00  -1.1899578e+00   7.3949868e+00
   2.4754338e+00   3.4875964e+00   1.0904600e+01
  -2.4422158e+00  -7.7416630e-01   5.9355113e+00
   7.4112635e-01   2.6152799e+00   7.1909655e+00
  -2.7986452e+00  -1.6176808e+00   7.3279690e+00
   2.4726126e-01   1.7041693e+00   7.9401657e+00
   5.1274933e-01   1.8677933e+00   8.4070291e+00
   6.1440489e-01   3.6461267e+00   5.1625274e+00
   5.2766590e-01   2.3714983e+00   7.1220930e+00
  -2.3642764e-01   2.8972610e+00   4.4528127e+00
   5.5345631e-01   2.2383441e+00   7.5145956e+00
  -3.3159285e-01   1.9543037e+00   5.6907771e+00
   1.5378843e-01   1.9012014e+00   7.1150415e+00
  -4.9053885e-01   1.0470511e+00   7.2832881e+00
   1.6906503e+00   2.4900716e+00   1.1375653e+01
   5.2478053e-01   9.9727839e-01   1.2932956e+01
   4.1358304e-02   1.9961766e+00   6.5748519e+00
   3.4327149e-01   2.4577938e+00   6.4364383e+00
