  -1.5843579e+00   8.4513188e-01   4.7048571e+00
  -4.0906376e+00   2.7379134e-01   7.6447030e-01
  -2.2259092e+00   1.7546757e+00   2.2127719e+00
  -4.9050873e+00   9.6156831e-01  -1.0470741e+00
  -8.5059636e-01   7.6533900e-01   6.8704186e+00
   1.2831009e-01   1.3130835e+00   8.7519247e+00
  -1.7114448e+00   6.9082277e-01   4.6847023e+00
  -1.5829895e+00  -5.2991243e-02   6.7273842e+00
  -5.0877730e-01   8.3074659e-01   7.8668821e+00
   1.6454755e-01   1.5055502e+00   8.2437973e+00
  -1.9419093e+00   1.1565310e+00   3.4524230e+00
  -1.3786305e+00   6.5126555e-02   7.0840289e+00
  -1.2460414e+00   1.2385543e+00   4.7975030e+00
  -1.0436938e+00   1.4027218e+00   4.9801130e+00
  -1.9815022e+00   1.0922421e+00   3.4646927e+00
   4.0686585e-01   1.8447610e+00   8.0917085e+00
  -2.0885666e+00   3.2895728e-01   4.4573381e+00
  -1.2505130e+00   1.0262772e+00   5.1702808e+00
  -4.8789151e-01   1.1486195e+00   7.0172068e+00
  -4.8778784e+00   3.6493746e-01  -5.0319377e-01
  -2.4391275e+00   4.7856463e-01   3.4434043e+00
   6.4580847e-01   1.9564330e+00   8.6290458e+00
  -3.1986060e+00   5.9276511e-02   2.5582304e+00
  -2.8904565e+00   5.0821099e-01   2.5269968e+00
  -6.6178373e-02   1.9582500e+00   6.3622314e+00
  -1.4060195e-01   1.1855781e+00   8.1152879e+00
  -2.0307669e+00   5.4208883e-02   5.1402071e+00
  -2.8624997e+00   3.5523026e-01   2.7861434e+00
  -2.9708824e+00  -2.8597774e-01   3.5468244e+00
  -1.6700952e+00   4.7504416e-01   5.2009734e+00
  -1.8029907e+00   2.5143848e-01   5.3211369e+00
  -1.1257889e+00   1.2578640e+00   5.0438246e+00
  -3.1800768e+00  -2.3118256e-01   3.0199388e+00
  -1.8972852e+00   5.8587964e-01   4.4403191e+00
  -5.6321971e+00   7.6603533e-01  -1.8575765e+00
   6.3535211e-01   3.2013301e+00   5.8388327e+00
  -6.7140008e+00   4.3927089e-01  -2.9886328e+00
  -2.5114051e+00   1.8953895e+00   1.6090597e+00
  -3.5547236e+00  -4.3678944e-01   2.5847289e+00
  -1.2687765e+00   8.4508325e-01   5.4807301e+00
  -2.6558762e+00  -4.4123995e-01   4.5658283e+00
  -3.4303374e+00   9.8830214e-01   1.0624119e+00
  -4.5105552e+00  -2.4421581e-01   6.6078256e-01
  -1.0209104e+00   1.9245619e+00   4.2089655e+00
  -2.2574923e+00   5.8807543e-01   3.6502440e+00
  -3.7595263e+00   1.1236437e-01   1.4866229e+00
  -2.8322281e+00  -3.2966657e-01   3.9313881e+00
  -3.4904068e+00   4.1916317e-01   1.5810393e+00
  -9.3449951e-01   1.2116638e+00   5.6022844e+00
  -1.4640279e+00   2.7420700e-01   6.2282586e+00
  -6.1917791e-01  -1.8527963e-02   1.1288889e+01
  -3.2468276e-01   1.1242615e+00   7.6314400e+00
  -6.3912019e-02   1.4358609e+00   7.6334454e+00
  -4.3909474e+00  -9.0861220e-01   1.6819550e+00
  -2.5975859e-01   1.5613981e+00   6.6928127e+00
  -1.0141652e+00   1.3229615e+00   5.1921412e+00
   1.8899303e-01   2.0771131e+00   6.8112068e+00
  -1.2038991e+00   1.7011087e+00   4.1568172e+00
   1.0567834e-02   1.3238194e+00   8.2436608e+00
  -2.0939912e+00   1.4585546e+00   2.7762808e+00
   9.7888939e-01   3.0722285e+00   6.8934129e+00
  -1.4381471e+00   1.4853938e+00   3.9914816e+00
  -3.2842869e+00   5.6751292e-01   1.7572059e+00
  -2.6732089e+00  -4.7679880e-01   4.5947584e+00
  -1.8082264e+00   4.3489092e-01   4.9327847e+00
  -1.2982519e+00   1.9506954e+00   3.6294010e+00
  -2.9318944e+00   9.7302673e-02   3.0215114e+00
  -1.4667772e+00   1.2978367e+00   4.2136279e+00
  -1.7377451e+00   7.8125440e-01   4.4638253e+00
  -5.1086881e-01   2.7908530e+00   4.0616412e+00
  -1.7200953e+00  -1.5507139e-01   6.5601044e+00
   1.2171224e+00   3.4764031e+00   6.7470774e+00
  -9.5213287e-01   6.9629964e-01   6.7292655e+00
   2.7671686e+00   4.2916148e+00   9.4281831e+00
  -1.2045409e+00   7.2988586e-01   5.8998228e+00
  -7.3865229e-01   1.4594409e+00   5.6131185e+00
  -1.0479731e+00   5.8775961e-01   6.7113289e+00
  -1.5228624e+00  -4.3400515e-02   6.9047488e+00
  -1.6480353e+00   7.6302248e-03   6.3481331e+00
  -1.6799650e+00   1.5828615e+00   3.3822746e+00
  -8.5973386e-01   1.0509716e+00   6.1430828e+00
  -1.4688527e+00   1.8435583e+00   3.4446100e+00
  -1.0390849e+00   5.1267326e-01   6.9448431e+00
  -1.2676795e+00   1.4006856e+00   4.4799784e+00
  -1.8417357e+00  -3.7078982e-02   5.8721678e+00
  -1.7030831e+00  -3.6026312e-01   7.2428721e+00
  -2.8261326e-01   3.4827257e-01   1.1247001e+01
  -2.3914282e-01   3.4723888e-01   1.1586939e+01
  -1.3426867e+00   3.5609163e-01   6.3914294e+00
  -9.2300783e-01   9.7884011e-01   6.1277534e+00
