  -3.0171248e+00   1.6100031e+00   1.0971453e+00
  -2.2432870e+00  -5.6138989e-02   4.8220107e+00
  -2.2816508e+00   1.7214000e+00   2.1554764e+00
  -6.3120369e+00  -8.0391152e-01  -1.4466135e+00
   1.5032672e-01   1.7504208e+00   7.4849130e+00
   1.3152162e+00   2.6214959e+00   9.0638979e+00
  -1.1459365e-01   1.9550678e+00   6.2399320e+00
  -7.8128171e-01   8.2313131e-01   6.9391441e+00
  -6.5652097e-01   6.3292123e-01   7.9514434e+00
  -8.7569983e-01   1.8096988e-01   8.7011361e+00
  -5.2088441e-01   2.7045065e+00   4.1497310e+00
  -7.6337943e-01   7.0925829e-01   7.3191705e+00
  -1.6181243e+00   5.6143853e-01   5.1589719e+00
  -1.9173520e+00   4.1573376e-02   5.4725838e+00
  -2.2543669e+00   5.6006806e-01   3.7003384e+00
  -7.7357528e-01   3.8085166e-01   8.3690858e+00
  -1.9237837e+00   1.3193808e-01   5.2566398e+00
  -1.9941629e+00   1.7998609e-01   4.9738446e+00
  -5.0801917e-01   8.2223609e-01   7.8972493e+00
  -5.1130658e+00  -3.0909391e-01  -2.0084450e-01
  -1.9595797e+00  -1.0210370e+00   8.7053026e+00
  -1.7338857e+00   1.3523595e+00   3.5883225e+00
  -2.5496983e+00   6.7904122e-01   2.9366622e+00
  -1.7466295e+00   1.9234233e+00   2.8452626e+00
  -1.1340922e-01   1.5617868e+00   7.1337217e+00
  -5.9777591e-01   5.2803429e-01   8.5704702e+00
  -1.3344659e+00   7.2716509e-01   5.5533006e+00
  -1.7645466e+00   1.4816362e+00   3.3543870e+00
  -1.7073080e+00   2.8929116e-01   5.4958098e+00
  -1.3234366e+00   1.6213124e+00   4.0282861e+00
  -1.0221660e+00   1.0547378e+00   5.6935315e+00
  -2.2929102e-01   2.0683835e+00   5.7320702e+00
  -2.0622037e+00   2.1960203e-01   4.7258039e+00
  -2.3212015e+00   9.8190030e-01   2.9618374e+00
  -6.6577461e+00  -1.1883068e+00  -1.5629462e+00
   4.8837678e-01   2.9703672e+00   5.8745361e+00
  -8.0325657e+00  -1.1914796e+00  -3.3787313e+00
  -2.5305588e+00   1.6989236e+00   1.7722547e+00
  -2.8230348e+00  -1.0904608e+00   5.5950819e+00
  -2.1769345e+00   1.0212864e+00   3.1828483e+00
  -2.4420189e+00  -3.0262483e-01   4.8230373e+00
  -2.1943715e+00   2.5519779e+00   1.4981483e+00
  -3.4122401e+00  -1.2688475e+00   4.3731933e+00
  -2.4833157e+00   1.8212849e+00   1.7255965e+00
  -1.9700742e+00   8.8755282e-01   3.7876195e+00
  -3.0678318e+00   9.7357068e-01   1.6605458e+00
  -2.4713148e+00   2.6847296e-02   4.1165894e+00
  -2.3222952e+00   1.5010308e+00   2.3277611e+00
   4.0688933e-01   2.5098249e+00   6.4998203e+00
  -6.6746862e-01   1.1424671e+00   6.4838534e+00
  -9.2291314e-01   2.9000765e-01   8.0766769e+00
  -3.3805529e-01   2.4223685e-01   1.1581107e+01
  -2.1400370e+00   2.1778512e+00   1.9230961e+00
  -1.9809064e+00  -8.4442131e-01   7.8501586e+00
  -7.9240086e-01   9.9666275e-01   6.4635478e+00
  -2.1962294e+00  -9.3841874e-02   5.0208302e+00
  -2.5023749e-01   1.5751882e+00   6.6884877e+00
  -2.7018845e+00  -5.5500472e-01   4.6838530e+00
  -3.4486245e-01   7.8876749e-01   8.6765587e+00
  -3.1374872e+00  -1.8266789e-01   3.0316055e+00
   8.7237495e-01   2.7584863e+00   7.2500067e+00
  -2.0732786e+00   4.7363828e-01   4.2357521e+00
  -2.5839402e+00   1.7458887e+00   1.6402153e+00
  -1.5881105e+00   5.9183114e-01   5.1742156e+00
  -2.2990495e+00  -5.6455138e-01   5.8272215e+00
  -2.1698736e+00   4.8949141e-01   3.9946784e+00
  -2.3679161e+00   1.1158770e-02   4.3859400e+00
  -2.5300764e+00   3.8995333e-01   3.3921086e+00
  -2.2462689e+00  -5.5953343e-02   4.8141015e+00
  -1.2833793e+00   1.5115658e+00   4.2734646e+00
  -2.4084826e+00  -1.0011836e+00   6.7098405e+00
   1.2911939e+00   3.0761834e+00   7.7537117e+00
  -1.5631858e+00  -1.4078019e-01   7.0574923e+00
   2.4266508e+00   3.7101334e+00   9.8864744e+00
  -1.7322584e+00   8.1232167e-02   5.9055438e+00
  -3.5414776e-01   1.7299930e+00   6.0657834e+00
  -1.1405364e+00   3.2978378e-01   7.1261641e+00
  -6.4834964e-01   8.0327822e-01   7.4437627e+00
  -4.8851094e-01   1.1351098e+00   7.0507597e+00
  -5.2488204e-01   2.5863029e+00   4.2937164e+00
   2.8475692e-01   2.3676382e+00   6.4617188e+00
  -8.5561350e-01   2.3965939e+00   3.9008085e+00
  -2.4154429e-01   1.5007932e+00   6.8914705e+00
  -4.1762666e-01   2.2871563e+00   4.9368963e+00
  -7.6801192e-01   1.0559062e+00   6.3942258e+00
  -1.0611390e+00   3.5679079e-01   7.3254170e+00
   7.1851992e-01   1.4255583e+00   1.1306409e+01
   6.4186697e-01   1.1868456e+00   1.2382850e+01
  -7.3428117e-01   1.0725735e+00   6.4535209e+00
   1.5062988e-01   2.2581748e+00   6.3283054e+00
