  -3.6678874e+00   8.1636861e-01   8.6521138e-01
  -2.4774556e+00  -3.5116975e-01   4.8334578e+00
  -2.0694752e+00   2.0019934e+00   2.2123549e+00
  -5.5972885e+00   5.4626004e-02  -1.2346337e+00
  -3.3507294e-01   1.2424364e+00   7.2613173e+00
   7.5751295e-01   1.9105135e+00   9.2400782e+00
  -8.6963469e-01   1.3481009e+00   5.4992426e+00
  -1.0548505e+00   3.8293721e-01   7.2681741e+00
  -1.8145268e+00  -8.0901582e-01   8.4661269e+00
  -4.4198875e-01   9.2318917e-01   7.8218747e+00
  -1.2755285e+00   1.8682061e+00   3.7812023e+00
  -9.6680595e-01   3.7852744e-01   7.6032129e+00
  -1.3818912e+00   8.5380561e-01   5.1761675e+00
  -1.4708297e+00   7.3601330e-01   5.1839623e+00
  -2.0696151e+00   8.6889326e-01   3.6112302e+00
  -1.2718463e-01   1.1586686e+00   8.2553118e+00
  -2.1200588e+00  -3.2717655e-02   5.0904889e+00
  -1.7889079e+00   3.1994626e-01   5.2135853e+00
  -5.4702764e-01   9.3691685e-01   7.4045628e+00
  -4.9815606e+00   4.4712187e-02  -3.5477080e-01
  -3.2681065e+00  -5.8035689e-01   3.4008009e+00
   4.3805465e-01   1.6704951e+00   8.7647764e+00
  -2.8987666e+00   3.4969134e-01   2.7247322e+00
  -2.3641354e+00   1.1762194e+00   2.6357119e+00
   1.1701263e+00   5.8432745e+00   3.9860634e+00
  -3.5076747e-01   8.7385347e-01   8.3403055e+00
  -1.7090404e+00   3.6374625e-01   5.3307414e+00
  -2.2097977e+00   9.8446255e-01   3.1699225e+00
  -2.0788385e+00  -8.3519148e-02   5.3106704e+00
  -1.7673704e+00   1.1006017e+00   3.8848513e+00
  -1.4289822e+00   6.2959656e-01   5.5087945e+00
  -5.2971353e-01   1.7519500e+00   5.5786877e+00
  -2.4703826e+00  -2.1003985e-01   4.5635710e+00
  -2.4926624e+00   1.1168304e+00   2.4788677e+00
  -6.1914513e+00  -2.2894095e-01  -1.7962479e+00
   6.2504284e-01   3.1330281e+00   5.9238361e+00
  -7.4355076e+00  -3.9435546e-01  -3.2672235e+00
  -2.4028210e+00   1.9252291e+00   1.7513768e+00
  -2.9759253e+00  -1.2663901e+00   5.5893938e+00
  -1.7350114e+00   2.5226546e+00   2.2370203e+00
  -2.7680864e+00  -7.2689629e-01   4.8805556e+00
  -2.7400139e+00   1.8427057e+00   1.3042594e+00
  -4.7281043e+00  -9.2916753e-01   1.1146833e+00
  -7.4926005e-01   2.1556998e+00   4.4338504e+00
  -2.3860103e+00   2.9078539e-01   3.8528913e+00
  -3.3565883e+00   5.9993893e-01   1.5978967e+00
  -2.6980925e+00  -2.7549257e-01   4.1423016e+00
  -2.8060414e+00   9.5504005e-01   2.1233173e+00
  -2.0440007e-01   1.9781420e+00   5.9623774e+00
  -1.0464034e+00   6.9858860e-01   6.4318634e+00
  -1.6151835e+00  -4.3772474e-01   7.8633137e+00
  -1.9494808e-01   3.7375709e-01   1.1742714e+01
  -2.6579974e+00   1.4569326e+00   1.8150750e+00
  -2.2565572e+00  -1.1253797e+00   7.7486383e+00
  -4.5821747e-01   1.2787711e+00   6.7790540e+00
  -1.5465494e+00   6.7749781e-01   5.1092732e+00
  -2.1657134e-02   1.8311501e+00   6.7619301e+00
  -1.8668476e+00   6.3306125e-01   4.4272081e+00
  -3.5446425e-02   1.0677197e+00   8.9650714e+00
  -2.5739151e+00   6.5165307e-01   2.9279694e+00
   1.4723006e+00   5.7836998e+00   4.5002916e+00
  -1.7426102e+00   9.9226300e-01   4.1042195e+00
  -2.9834668e+00   1.1172138e+00   1.6435282e+00
  -2.2786040e+00  -2.9678246e-02   4.6806994e+00
  -2.1572675e+00  -1.6917001e-01   5.2881012e+00
  -1.7116333e+00   1.2317805e+00   3.8045341e+00
  -3.0502715e+00  -2.0587909e-01   3.2469860e+00
  -1.9098610e+00   6.5248438e-01   4.2962687e+00
  -2.1058069e+00   2.0632595e-01   4.6451679e+00
  -8.3296439e-01   2.1655338e+00   4.2503026e+00
  -2.1346082e+00  -6.2298628e-01   6.5156678e+00
   1.0691065e+00   4.1628894e+00   5.4071391e+00
  -1.3229438e+00   2.2104330e-01   6.8187934e+00
   2.8871051e+00   4.6870498e+00   8.8518718e+00
  -1.5094802e+00   4.2153543e-01   5.7449415e+00
  -1.2641850e+00   7.9465144e-01   5.5973902e+00
  -4.2035118e-01   1.2666651e+00   6.9255208e+00
  -1.0516154e+00   3.7889117e-01   7.2919523e+00
  -1.0006414e+00   6.2215574e-01   6.7710752e+00
  -1.0103908e+00   2.0819258e+00   4.0123278e+00
  -2.0459136e-01   1.8291935e+00   6.2587863e+00
  -1.1700399e+00   2.0912424e+00   3.6923479e+00
  -5.1137934e-01   1.0833852e+00   7.1148098e+00
  -7.4917939e-01   1.8197150e+00   4.9475804e+00
  -1.2243013e+00   6.2385700e-01   6.0870721e+00
  -1.3766097e+00   5.8493672e-03   7.2749957e+00
   2.9820492e-01   9.6802664e-01   1.1300265e+01
   2.0381463e-01   7.4017561e-01   1.2208469e+01
  -1.0273881e+00   7.1917467e-01   6.4382494e+00
  -3.6059237e-01   1.6092039e+00   6.3005817e+00
