  -1.7534439e+00   2.7176044e+00   2.0263927e+00
  -1.4873071e+00   8.1101772e-01   4.9987185e+00
  -4.0506593e+00   2.6617055e+00  -1.1291201e+00
  -4.4517433e+00  -1.3924613e+00   2.2722215e+00
   1.3726178e+00   2.7468426e+00   8.8894115e+00
   2.8255029e+00   3.9226170e+00   1.0815423e+01
   4.6700258e-01   2.3604514e+00   6.9731981e+00
   6.5297784e-01   1.9874769e+00   8.5570902e+00
   1.0314607e+00   2.2235181e+00   9.2680501e+00
  -2.4030881e+00  -1.6260579e+00   9.3520909e+00
   8.0092969e-01   3.7139661e+00   5.4495099e+00
   2.6207036e-01   1.5659052e+00   8.4208518e+00
  -5.9239780e-01   1.2705237e+00   6.4030500e+00
  -1.7981213e+00   1.6814172e-01   5.5164504e+00
   2.2475557e-01   1.3918156e+00   8.8720480e+00
  -2.4822955e+00   1.2811920e-01   3.9151917e+00
  -6.0610893e-01   1.6824293e+00   5.5203404e+00
  -1.2803663e+00   7.3449712e-01   5.6821337e+00
  -3.6739856e+00   1.2109879e+00   4.7802378e-01
  -1.8986110e+00  -1.0167560e+00   9.0070944e+00
  -1.0089358e+00  -1.0299084e-01   9.3050907e+00
  -5.2940805e-01   2.1103429e+00   4.9681014e+00
  -1.6973721e+00   1.4637510e+00   3.5069700e+00
  -3.2166232e-01   3.5585762e+00   3.5499470e+00
   5.2401804e-02   1.7071450e+00   7.2841463e+00
  -1.3314078e+00  -4.5435842e-01   9.2907602e+00
  -3.4654264e-01   1.6574951e+00   6.2359475e+00
  -1.1824929e+00   1.9564168e+00   3.8442353e+00
  -7.8847275e-01   1.1988671e+00   6.0145967e+00
  -3.1844986e-01   2.5405274e+00   4.7718518e+00
   6.5201698e-02   2.1330676e+00   6.3542357e+00
   2.0252967e-01   2.4471073e+00   6.0999574e+00
  -8.9208866e-01   1.3838034e+00   5.3758848e+00
  -2.0987604e+00   6.5503198e-01   3.8792754e+00
  -4.0326245e+00  -2.6007566e+00   5.9849892e+00
  -3.2943708e+00   3.0692913e+00  -4.1223092e-01
  -4.7752295e+00  -1.7062352e+00   2.1238351e+00
  -5.9569842e+00   2.5349390e+00  -3.3690870e+00
  -1.2386874e+00   1.0880883e+00   5.0834241e+00
  -1.6880958e+00   1.8684547e-01   5.7815482e+00
  -2.3202429e+00  -2.5502401e-01   5.0393892e+00
  -1.1697554e+00   3.6473007e+00   2.1272009e+00
  -3.1311266e+00  -9.9321863e-01   4.5072583e+00
  -1.0851680e+00   3.0170921e+00   2.8119520e+00
  -1.6586804e+00   1.1670090e+00   4.0103044e+00
  -2.2811652e+00   1.8478841e+00   2.0242538e+00
  -2.1140923e+00   4.3738213e-01   4.2064094e+00
  -1.3574784e+00   2.1299462e+00   3.2975794e+00
   8.8725840e-01   2.8201328e+00   7.1589490e+00
   4.4447813e-01   2.2880557e+00   7.0701787e+00
   7.4624342e-01   2.0416184e+00   8.7401046e+00
  -1.6424440e+00  -1.1822508e+00   1.1975593e+01
  -1.2200849e+00   2.9796172e+00   2.6286721e+00
  -1.2566403e+00  -2.4390786e-01   8.6967521e+00
  -7.5000424e-01   1.3602447e+00   5.7802025e+00
  -1.2755108e+00   1.3941323e-01   7.2244253e+00
  -4.0335808e-02   2.5290722e+00   5.3880429e+00
  -2.2036959e+00  -8.1364892e-01   6.8565049e+00
  -1.2745243e+00   1.7658375e+00   3.9224388e+00
  -1.2727748e+00  -4.4020382e-01   9.5464694e+00
   1.1895800e+00   2.9815215e+00   7.6699187e+00
  -2.9870411e+00  -8.5769080e-01   4.5898762e+00
  -1.6302056e+00   3.2401617e+00   1.7676015e+00
  -1.5381785e+00   4.7678168e-01   5.5440455e+00
  -1.2894549e+00   1.1577435e+00   4.8378835e+00
  -8.6687382e-01   9.4841078e-01   6.3595277e+00
  -9.2869816e-01   1.6645914e+00   4.8002212e+00
  -1.9717936e+00   8.8867836e-01   3.7823406e+00
  -1.9967203e+00   3.2142308e-02   5.2778659e+00
  -2.0489332e+00  -1.1839818e-01   5.4716048e+00
  -2.9353841e+00  -1.7249487e+00   7.1620702e+00
   1.5331787e+00   2.8812062e+00   9.0749994e+00
  -2.4072729e+00  -1.2111549e+00   7.4351331e+00
   2.7962308e+00   3.8590275e+00   1.0926153e+01
  -2.4274856e+00  -7.6059369e-01   5.9453304e+00
   7.5557187e-01   2.7427468e+00   6.9587623e+00
  -2.4586202e+00  -1.4157615e+00   8.0235865e+00
   1.5798935e-01   1.6111610e+00   7.8980171e+00
   5.5007597e-01   1.8963601e+00   8.4571330e+00
   6.7380109e-01   3.6607967e+00   5.2622508e+00
   6.5922968e-01   2.5319963e+00   7.1412922e+00
  -1.8509078e-01   2.8888096e+00   4.5643149e+00
   6.1044561e-01   2.2842440e+00   7.5779683e+00
  -5.5630706e-01   1.6875915e+00   5.6332177e+00
   2.4778503e-01   1.9678220e+00   7.2388241e+00
  -4.3504191e-01   1.0566486e+00   7.4445642e+00
   1.7256821e+00   2.5170940e+00   1.1440812e+01
   5.5430855e-01   1.0245470e+00   1.2970138e+01
   4.0944737e-02   1.9816387e+00   6.6050285e+00
   4.0304852e-01   2.5051052e+00   6.4990876e+00
