  -2.5354641e+00   2.2261308e+00   1.2686004e+00
  -2.0678727e+00   1.5787227e-01   4.8327450e+00
  -2.4107429e+00   1.5285318e+00   2.1476394e+00
  -6.6193254e+00  -1.4025225e+00  -1.2972256e+00
   5.9857130e-01   2.0918962e+00   8.0492649e+00
   1.9692999e+00   3.1208984e+00   1.0021574e+01
   3.5438586e-01   2.3976573e+00   6.5854971e+00
  -2.5384734e-01   1.1357876e+00   7.8507253e+00
  -6.6230162e-01   3.8338440e-01   8.8567227e+00
   5.6531419e-01   2.0572403e+00   8.0326844e+00
   2.1355988e-02   3.3220112e+00   4.4189769e+00
  -4.0745626e-01   9.3594283e-01   7.9102279e+00
  -1.7367907e+00   3.7035781e-01   5.2442278e+00
  -2.2446787e+00  -4.3588931e-01   5.6660461e+00
  -2.4027917e+00   3.5247074e-01   3.7161018e+00
  -1.2285273e+00  -1.8051462e-01   8.5606195e+00
  -1.5209733e+00   6.0151858e-01   5.3264665e+00
  -1.7346316e+00   4.3771252e-01   5.1118718e+00
  -7.0041504e-01   5.1672445e-01   8.1780088e+00
  -5.1415338e+00  -5.6617415e-01   2.3326886e-02
  -1.6854291e+00  -7.8474384e-01   9.0096187e+00
  -7.7777880e-01   2.8846218e+00   3.4688835e+00
  -2.3054507e+00   9.0830267e-01   3.0903532e+00
  -1.2861932e+00   2.4375161e+00   3.0718736e+00
  -5.1469094e+00   4.5599106e+00  -3.3523183e+00
  -7.8675870e-01   2.6911089e-01   8.7500542e+00
  -1.0607357e+00   9.8834040e-01   5.7300404e+00
  -1.5345275e+00   1.7693848e+00   3.4158600e+00
  -1.4484324e+00   5.5098335e-01   5.6253412e+00
  -1.0323056e+00   1.9739733e+00   4.1165325e+00
  -6.9998259e-01   1.3615192e+00   5.9087557e+00
   1.5651398e-02   2.4768127e+00   5.6008340e+00
  -1.7441028e+00   5.3570754e-01   4.8956077e+00
  -1.5487990e+00   2.0883243e+00   3.0043112e+00
  -6.9450569e+00  -1.8473168e+00  -1.3071920e+00
   4.1805533e-01   2.8746854e+00   5.8696583e+00
  -8.3721823e+00  -1.6752795e+00  -3.3984679e+00
  -2.5845425e+00   1.5866158e+00   1.7997019e+00
  -2.7324872e+00  -9.9772377e-01   5.6292514e+00
  -8.8302098e-01   3.4599537e+00   2.7251023e+00
  -2.3374984e+00  -1.6768636e-01   4.8109057e+00
  -1.8856685e+00   2.9544855e+00   1.6207767e+00
  -3.3013856e+00  -1.1081470e+00   4.3157875e+00
  -2.0247050e+00   2.0633982e+00   2.2228056e+00
  -1.8304472e+00   1.0989774e+00   3.7577436e+00
  -2.8261685e+00   1.2140907e+00   1.7977577e+00
  -2.3484932e+00   1.7782223e-01   4.1288704e+00
  -1.9495632e+00   1.8916650e+00   2.5302011e+00
   9.4266658e-01   3.1050113e+00   6.7372366e+00
  -3.5056560e-01   1.4489131e+00   6.6905166e+00
  -4.4189071e-01   8.0004810e-01   8.2298046e+00
   4.3637111e-01   9.8979551e-01   1.2200945e+01
  -1.6908261e+00   2.9189243e+00   1.9447112e+00
  -1.7380724e+00  -6.4948030e-01   8.1512217e+00
  -1.4942518e+00   7.8071025e-01   5.0392544e+00
  -1.8781266e+00  -4.7302140e-01   6.9595028e+00
  -9.1538912e-01   1.6644313e+00   4.8301404e+00
  -2.6255282e+00  -1.2839186e+00   6.8291368e+00
  -2.3571003e+00   6.9541516e-01   3.2878873e+00
  -1.5763646e+00  -6.6563846e-01   9.0108686e+00
  -3.6688418e+00   3.3423572e+00  -1.0520765e+00
  -2.3148120e+00   1.0265842e-01   4.3415032e+00
  -2.2999726e+00   2.1796772e+00   1.6702004e+00
  -1.4214682e+00   7.7823953e-01   5.2248438e+00
  -2.4898283e+00  -2.6195930e-02   4.1694136e+00
  -1.2770813e+00   6.1011180e-01   5.9680283e+00
  -1.9542401e+00   4.8630262e-01   4.4859668e+00
  -2.3149020e+00   6.2284726e-01   3.4792139e+00
  -2.6828294e+00  -5.5978140e-01   4.7429850e+00
  -1.4528579e+00   1.0532671e+00   4.6434482e+00
  -2.5740354e+00  -1.2296206e+00   6.8418386e+00
   1.0773919e+00   2.7639041e+00   7.8459492e+00
  -1.7268852e+00  -3.6988870e-01   7.1851974e+00
   2.2721430e+00   3.4670771e+00   1.0074251e+01
  -1.8965201e+00  -1.4449761e-01   5.9756770e+00
  -8.0093090e-01   1.2272540e+00   5.9204150e+00
  -5.8421425e-01   9.4355204e-01   7.2586708e+00
  -3.9489144e-01   1.0923318e+00   7.4799884e+00
  -8.7023145e-02   1.4258929e+00   7.5828036e+00
  -2.0942817e-01   2.9032936e+00   4.4976851e+00
   5.9177153e-01   2.6890612e+00   6.6302098e+00
  -6.0073150e-01   2.6415994e+00   4.0766308e+00
   1.4142004e-01   1.7571359e+00   7.4384528e+00
  -1.7004930e-01   2.6795760e+00   4.8810743e+00
  -4.5668555e-01   1.3309686e+00   6.6571374e+00
  -8.4710840e-01   5.9415805e-01   7.3673879e+00
   1.0028428e+00   1.7253537e+00   1.1381236e+01
   9.9309317e-01   1.5300476e+00   1.2649584e+01
  -5.2540268e-01   1.3225468e+00   6.4759778e+00
   6.0627502e-01   2.7871943e+00   6.4792056e+00
