  -3.3329493e+00   1.2038394e+00   1.0000572e+00
  -2.3565315e+00  -1.9905538e-01   4.8269914e+00
  -2.1409673e+00   1.9139395e+00   2.1858242e+00
  -5.9071005e+00  -3.8348331e-01  -1.2722834e+00
  -5.8820120e-02   1.4936739e+00   7.4892351e+00
   1.0009826e+00   2.2285626e+00   9.1250940e+00
  -4.7675242e-01   1.6438581e+00   5.9194162e+00
  -8.2570425e-01   6.0333314e-01   7.4157488e+00
  -5.2629544e-01   7.6006939e-01   8.0320962e+00
  -5.9328233e-01   5.2854470e-01   8.5882111e+00
  -9.0747463e-01   2.2555496e+00   3.9826284e+00
  -7.9302962e-01   5.5723500e-01   7.6788924e+00
  -1.6691609e+00   7.0013664e-01   4.7677360e+00
  -1.6756939e+00   4.0078190e-01   5.3403601e+00
  -2.1983445e+00   7.1656423e-01   3.5762688e+00
  -4.2789331e-01   7.7893835e-01   8.3612054e+00
  -2.2108309e+00  -2.1562682e-01   5.2460667e+00
  -2.0842258e+00  -4.7968966e-03   5.1251839e+00
  -4.4666354e-01   9.8411307e-01   7.6172860e+00
  -5.0293771e+00  -1.3000020e-01  -2.5536923e-01
  -3.2936507e+00  -8.0965393e-01   3.7496107e+00
   3.2106875e-01   1.5133521e+00   8.8368404e+00
  -2.7220537e+00   5.1472229e-01   2.8335574e+00
  -2.1040771e+00   1.5338391e+00   2.6687053e+00
  -1.3444761e-01   1.8121724e+00   6.4856552e+00
  -4.7091677e-01   7.0394969e-01   8.4538122e+00
  -1.5266072e+00   5.3991715e-01   5.4399244e+00
  -2.0494411e+00   1.2579944e+00   3.1094513e+00
  -1.8946940e+00   9.8777223e-02   5.4069177e+00
  -1.6054437e+00   1.3636545e+00   3.8282290e+00
  -1.2222997e+00   8.3706782e-01   5.6191783e+00
  -1.0316484e+00   1.8767624e+00   4.2555064e+00
  -2.2654159e+00   1.8756813e-03   4.6511535e+00
  -2.3609063e+00   7.7750313e-01   3.1638796e+00
  -6.4622887e+00  -7.1182391e-01  -1.7382094e+00
   5.6691538e-01   3.0592805e+00   5.9100367e+00
  -7.7382585e+00  -8.0014940e-01  -3.3273881e+00
  -2.4388099e+00   1.8370776e+00   1.7808803e+00
  -2.9027432e+00  -1.1838270e+00   5.5961264e+00
  -2.3224716e+00   9.7678888e-01   2.9662099e+00
  -2.6865316e+00  -6.4038106e-01   4.9072002e+00
  -2.4440868e+00   2.2118759e+00   1.4192986e+00
  -4.7631260e+00  -1.1747532e+00   1.3743626e+00
  -8.1300040e-01   2.0665336e+00   4.4309328e+00
  -2.2522063e+00   4.5298245e-01   3.8759830e+00
  -3.2292230e+00   8.0272061e-01   1.5820449e+00
  -2.5962148e+00  -1.5419483e-01   4.1561638e+00
  -2.5619507e+00   1.2223833e+00   2.2335991e+00
   4.6634666e-02   2.1771526e+00   6.2181697e+00
  -9.5299220e-01   9.1860222e-01   6.1802168e+00
  -1.2688408e+00  -7.7913682e-02   7.9814467e+00
  -5.5682171e-01   9.2456719e-02   1.0981625e+01
  -2.4460563e+00   1.6885144e+00   1.9195728e+00
  -2.2434790e+00  -9.8062062e-01   7.2651861e+00
  -7.7638729e-01   1.1463021e+00   6.1631600e+00
  -1.7894415e+00   3.9436822e-01   5.0600908e+00
  -1.2292093e-01   1.7001416e+00   6.7694959e+00
  -2.2199628e+00   8.8109239e-02   4.5949017e+00
  -3.2578854e-01   9.2608275e-01   8.2592646e+00
  -2.8215355e+00   2.4879555e-01   3.0172354e+00
   1.1366674e+00   3.1104125e+00   7.2389586e+00
  -1.9053972e+00   7.3399929e-01   4.1692543e+00
  -2.7937119e+00   1.4146958e+00   1.6388519e+00
  -1.7248573e+00   4.2167095e-01   5.1693481e+00
  -2.2317333e+00  -4.2162014e-01   5.6689440e+00
  -1.9284305e+00   8.6481426e-01   3.9097298e+00
  -3.1422621e+00  -3.5426066e-01   3.2933732e+00
  -2.1516514e+00   3.1258470e-01   4.3402016e+00
  -2.1483763e+00   1.1972277e-01   4.7085042e+00
  -1.0118878e+00   1.8373529e+00   4.3537477e+00
  -2.2864662e+00  -8.2742615e-01   6.6035086e+00
   1.5221922e+00   3.8421171e+00   6.8546935e+00
  -1.4621708e+00   2.2237609e-02   6.9204182e+00
   2.8330488e+00   4.3661367e+00   9.4534922e+00
  -1.6427971e+00   2.4753829e-01   5.7688900e+00
  -3.9127609e-01   1.7250974e+00   5.9787921e+00
  -9.3626404e-01   5.1343180e-01   7.2946806e+00
  -8.4614470e-01   5.9849776e-01   7.3577643e+00
  -6.9569758e-01   8.9449556e-01   7.0245506e+00
  -7.6034206e-01   2.3389517e+00   4.1591676e+00
   5.1299264e-02   2.1138073e+00   6.3564547e+00
  -1.0280902e+00   2.2289036e+00   3.7860758e+00
  -2.9850480e-01   1.3071058e+00   7.2067739e+00
  -5.9176528e-01   2.0327821e+00   4.9536939e+00
  -9.8559145e-01   8.5089531e-01   6.2439654e+00
  -1.2798739e+00   1.8132142e-01   7.0816045e+00
   5.2237966e-01   1.2097977e+00   1.1314582e+01
   3.8661316e-01   9.5651175e-01   1.2046639e+01
  -8.7336112e-01   9.0054051e-01   6.4553190e+00
  -9.4868242e-02   1.9351090e+00   6.3332331e+00
