  -1.6139366e+00   7.8460555e-01   4.7443403e+00
  -4.2478670e+00   4.6482564e-02   7.5978840e-01
  -2.2040335e+00   1.8172878e+00   2.1827548e+00
  -5.0832148e+00   7.3970787e-01  -1.1097079e+00
  -7.2674230e-01   8.8302254e-01   6.9547182e+00
   3.0787198e-01   1.4864529e+00   8.8784544e+00
  -1.4848349e+00   8.6862213e-01   4.8973333e+00
  -1.4483059e+00   5.3952758e-02   6.8749966e+00
  -9.0590969e-01   4.0314845e-01   7.7538468e+00
   5.0567579e-02   1.3557588e+00   8.2930448e+00
  -1.7737524e+00   1.3462455e+00   3.5186864e+00
  -1.2321715e+00   1.2762606e-01   7.4200579e+00
  -1.3180362e+00   1.1515362e+00   4.7826068e+00
  -1.1421689e+00   1.2404828e+00   5.0362635e+00
  -1.9746580e+00   1.0470568e+00   3.5425074e+00
   2.7892330e-01   1.6784165e+00   8.1297047e+00
  -2.0649117e+00   2.4232429e-01   4.6755040e+00
  -1.3839804e+00   8.5130442e-01   5.1758184e+00
  -5.2439518e-01   1.0645901e+00   7.1230889e+00
  -4.8996030e+00   2.8939637e-01  -4.6540734e-01
  -2.5629920e+00   2.6389713e-01   3.5191629e+00
   6.0034808e-01   1.8897271e+00   8.6705554e+00
  -3.1291280e+00   1.2721728e-01   2.5954789e+00
  -2.7549105e+00   6.7454128e-01   2.5592668e+00
   5.6493712e-01   2.6200241e+00   6.6965169e+00
  -1.9012363e-01   1.1118447e+00   8.1663100e+00
  -1.9512679e+00   1.2971131e-01   5.1888483e+00
  -2.6600403e+00   5.2836070e-01   2.9333253e+00
  -2.3151624e+00  -3.3431900e-01   5.2276968e+00
  -2.6800061e+00   6.5033676e-01   2.7295190e+00
  -1.7122354e+00   3.4547752e-01   5.3610644e+00
  -9.8345950e-01   1.3816305e+00   5.1591150e+00
  -3.2737102e+00  -3.7199934e-01   3.0482452e+00
  -1.9616437e+00   4.9091665e-01   4.4605006e+00
  -5.7861419e+00   5.1294814e-01  -1.8643581e+00
   6.2988089e-01   3.1816017e+00   5.8575212e+00
  -6.8920780e+00   2.2470358e-01  -3.0547744e+00
  -2.4968670e+00   1.8898119e+00   1.6372688e+00
  -3.9420803e+00  -9.0326365e-01   2.5252617e+00
  -1.2834543e+00   8.1304117e-01   5.5083878e+00
  -2.6380224e+00  -4.5378711e-01   4.6363858e+00
  -3.2726644e+00   1.2280783e+00   1.0695995e+00
  -4.5764911e+00  -4.2624409e-01   7.6037081e-01
  -9.7725486e-01   1.9583662e+00   4.2496106e+00
  -2.5447665e+00   5.5492107e-01   3.1196450e+00
  -3.6536642e+00   2.3436136e-01   1.5215255e+00
  -2.7744161e+00  -2.9005018e-01   3.9921455e+00
  -3.3524159e+00   5.5379887e-01   1.6577779e+00
  -7.0960478e-01   1.4493502e+00   5.7064596e+00
  -1.3588775e+00   3.7606172e-01   6.2910909e+00
  -7.3845461e-01  -1.6153181e-01   1.1405297e+01
  -4.5262909e-01   9.5231216e-01   7.6923765e+00
  -1.0793958e-01   1.3759955e+00   7.6531870e+00
  -4.5495687e+00  -1.1168846e+00   1.6803581e+00
  -3.0395654e-01   1.4898083e+00   6.7312559e+00
  -1.2043727e+00   1.0888568e+00   5.1651792e+00
   1.6148783e-01   2.0246225e+00   6.8501200e+00
  -1.3799004e+00   1.4140974e+00   4.2185958e+00
   1.6059147e-02   1.2672720e+00   8.4539119e+00
  -2.2280790e+00   1.2525292e+00   2.7869378e+00
   1.3593823e+00   3.5953834e+00   6.8871513e+00
  -1.5098160e+00   1.3663661e+00   4.0195081e+00
  -3.2113585e+00   7.1606412e-01   1.7091388e+00
  -2.5680128e+00  -3.6769163e-01   4.6368159e+00
  -1.9112967e+00   2.7797841e-01   4.9858281e+00
  -1.3994176e+00   1.7696054e+00   3.6727686e+00
  -2.9215783e+00   3.3461680e-02   3.1382953e+00
  -1.5736934e+00   1.1376987e+00   4.2362170e+00
  -1.7971257e+00   6.5865433e-01   4.5424529e+00
  -5.8695200e-01   2.6389394e+00   4.1062151e+00
  -1.8310398e+00  -2.8070705e-01   6.5476063e+00
   1.1138469e+00   3.7275868e+00   6.0953186e+00
  -1.0561974e+00   5.6933408e-01   6.7340919e+00
   2.8131864e+00   4.4708058e+00   9.1251206e+00
  -1.2448519e+00   6.5905716e-01   5.9470232e+00
  -1.1091478e+00   1.0615192e+00   5.4548775e+00
  -7.4936801e-01   9.4921064e-01   6.7108385e+00
  -1.4095179e+00   5.7646792e-02   6.9980588e+00
  -1.4798696e+00   1.6999074e-01   6.4484838e+00
  -1.5027102e+00   1.7021379e+00   3.5634771e+00
  -6.7155141e-01   1.2895711e+00   6.1381736e+00
  -1.3758478e+00   1.8975310e+00   3.5507582e+00
  -8.8430838e-01   6.8036351e-01   6.9916027e+00
  -1.1398881e+00   1.4935379e+00   4.6105457e+00
  -1.6621362e+00   1.6982167e-01   5.8965994e+00
  -1.6115903e+00  -2.7234863e-01   7.2986990e+00
  -1.1445343e-01   5.2709478e-01   1.1262667e+01
  -1.0954184e-01   4.6356936e-01   1.1754015e+01
  -1.2550464e+00   4.4812194e-01   6.4260266e+00
  -7.8554471e-01   1.1294233e+00   6.1752414e+00
