  -1.7281653e+00   3.2892000e+00   1.5846340e+00
  -1.6302724e+00   6.2345259e-01   5.0065534e+00
  -4.2446576e+00   2.4453583e+00  -1.2397840e+00
  -4.5195055e+00  -1.4269438e+00   2.1921778e+00
   1.2699589e+00   2.7093434e+00   8.6294330e+00
   2.8348896e+00   3.9710126e+00   1.0677842e+01
   1.0801925e+00   3.1808238e+00   6.9474117e+00
   3.8857373e-01   1.7315323e+00   8.3702440e+00
   2.6630154e-01   1.3566552e+00   9.1869801e+00
  -4.6256035e-01   8.9964770e-01   7.8198940e+00
   9.7923213e-01   4.3793622e+00   4.9825438e+00
   9.2895048e-02   1.4142934e+00   8.2648323e+00
  -7.5808191e-01   1.2066148e+00   6.0809469e+00
  -1.9431440e+00   3.4256507e-03   5.4875792e+00
   7.9714662e-02   1.2503141e+00   8.7756189e+00
  -2.6008031e+00   8.9647518e-03   3.8565763e+00
  -8.0981838e-01   1.4470037e+00   5.4594933e+00
  -1.2089962e+00   9.0340606e-01   5.5165998e+00
  -3.8867234e+00   1.0325610e+00   3.2663910e-01
  -1.5489953e+00  -6.0482384e-01   8.8651080e+00
  -1.2066927e+00  -3.0564717e-01   9.2322310e+00
  -4.6796502e-01   2.5508725e+00   4.4533311e+00
  -1.8270472e+00   1.3618768e+00   3.3942132e+00
  -5.8783588e-01   3.2600919e+00   3.3997990e+00
   1.2429341e+00   3.1362050e+00   7.4802980e+00
  -1.1689106e+00  -2.3819964e-01   9.1088649e+00
  -5.3095859e-01   1.4988941e+00   6.0729060e+00
  -9.7259940e-01   2.2789438e+00   3.8277829e+00
  -9.4114508e-01   1.0602415e+00   5.8981734e+00
  -3.2972680e-01   2.6455129e+00   4.6018627e+00
  -7.0785657e-02   1.9809148e+00   6.3032762e+00
   5.2828806e-01   2.9006108e+00   6.0844780e+00
  -1.1484873e+00   1.1403037e+00   5.2050129e+00
  -1.4318969e+00   1.8636609e+00   3.4884120e+00
  -4.0620264e+00  -2.6266952e+00   5.9634903e+00
  -3.5918854e+00   3.0603434e+00  -7.8985926e-01
  -4.5718147e+00  -1.3405988e+00   1.9603879e+00
  -6.1092103e+00   2.2089045e+00  -3.3724016e+00
  -2.4936432e+00  -7.6069003e-01   5.7413126e+00
  -1.1338261e+00   2.5786924e+00   3.1817515e+00
  -2.1749182e+00  -2.4659122e-02   4.9315244e+00
  -1.3267860e+00   3.5698291e+00   1.9550519e+00
  -3.0968658e+00  -9.2182629e-01   4.4441578e+00
  -1.3325907e+00   2.7843767e+00   2.6340816e+00
  -1.5413492e+00   1.4055955e+00   3.8973649e+00
  -2.3930944e+00   1.7213517e+00   1.9719955e+00
  -2.1080989e+00   4.3908703e-01   4.2169635e+00
  -1.2569912e+00   2.5534114e+00   2.9965392e+00
   2.2516135e+00   4.3483139e+00   7.7793826e+00
   2.2332121e-01   2.0499289e+00   6.9712301e+00
   4.6635075e-01   1.7636113e+00   8.5638266e+00
   4.1549519e-01   9.8536416e-01   1.2062912e+01
  -1.0169838e+00   3.8582309e+00   2.1890935e+00
  -1.3540901e+00  -3.0948116e-01   8.5138525e+00
  -7.6593231e-01   1.6190756e+00   5.2508586e+00
  -1.4542678e+00  -2.5870334e-02   7.0929805e+00
   2.1921561e-01   3.0853055e+00   5.1147335e+00
  -2.3086945e+00  -9.2209073e-01   6.8202679e+00
  -1.4730366e+00   1.6479002e+00   3.6934211e+00
  -1.1569327e+00  -3.0121025e-01   9.4819350e+00
   1.4109934e+00   3.5539948e+00   7.0932768e+00
  -2.7855623e+00  -5.7935477e-01   4.5219541e+00
  -1.8264982e+00   2.9398550e+00   1.7213676e+00
  -1.3413623e+00   8.3464423e-01   5.3155463e+00
  -1.6380950e+00   8.3391520e-01   4.6001074e+00
  -5.6345931e-01   1.2599910e+00   6.5111555e+00
  -1.2237459e+00   1.3378817e+00   4.6796515e+00
  -1.9634678e+00   9.7192038e-01   3.6745307e+00
  -2.3718776e+00  -3.2435653e-01   5.0528003e+00
  -1.2739991e+00   9.4827402e-01   5.2617221e+00
  -2.9358224e+00  -1.7023061e+00   7.0770730e+00
   1.2531381e+00   3.1672877e+00   7.4424127e+00
  -2.2176463e+00  -9.8416721e-01   7.3812334e+00
   2.2703781e+00   3.5776951e+00   9.7015802e+00
  -2.2954171e+00  -5.8278988e-01   5.8854705e+00
  -1.1884605e+00   8.3836106e-01   5.7066146e+00
  -5.3795677e-02   1.6011144e+00   7.2206287e+00
   1.7008415e-01   1.6541417e+00   7.8158501e+00
   4.6885895e-01   1.8910346e+00   8.1757755e+00
   4.7734741e-01   3.5157163e+00   5.0586476e+00
   1.2397083e+00   3.4417259e+00   6.8657429e+00
  -2.3919208e-01   2.9836469e+00   4.3383019e+00
   7.0081539e-01   2.3142002e+00   7.7885806e+00
   2.5515477e-01   3.0963147e+00   5.1738799e+00
   2.0846501e-01   1.9890573e+00   7.0692464e+00
  -4.8327830e-01   1.0196961e+00   7.3851960e+00
   1.6336870e+00   2.4061399e+00   1.1485090e+01
   1.4719117e+00   1.9812158e+00   1.3163850e+01
  -1.0703063e-01   1.8029186e+00   6.5823606e+00
   1.2182207e+00   3.5155566e+00   6.6809073e+00
