  -1.6338427e+00   3.1999026e+00   1.7947648e+00
  -1.5278592e+00   7.4955503e-01   5.0162965e+00
  -4.1047641e+00   2.6441122e+00  -1.1868747e+00
  -4.4693753e+00  -1.3883358e+00   2.2310293e+00
   1.3892956e+00   2.8003729e+00   8.7901045e+00
   2.9688264e+00   4.0948249e+00   1.0810747e+01
   8.8583709e-01   2.9712756e+00   6.8467399e+00
   5.6330478e-01   1.8993308e+00   8.4975485e+00
   5.0120640e-01   1.6005040e+00   9.2893214e+00
  -1.4934999e+00  -4.0153765e-01   8.2525220e+00
   1.0476256e+00   4.2871932e+00   5.2156993e+00
   2.4049434e-01   1.5554004e+00   8.3721308e+00
  -5.8372502e-01   1.3417745e+00   6.2669477e+00
  -1.8154803e+00   1.5602915e-01   5.4958880e+00
   2.8358116e-01   1.4663055e+00   8.8492779e+00
  -2.5102839e+00   1.0173883e-01   3.8982685e+00
  -6.4369236e-01   1.6473038e+00   5.4934535e+00
  -1.1739934e+00   9.1213519e-01   5.5899654e+00
  -3.7437980e+00   1.1579385e+00   4.2310369e-01
  -1.6362795e+00  -7.3901470e-01   9.0487763e+00
  -1.0744033e+00  -1.7162553e-01   9.2881639e+00
  -4.5455594e-01   2.3790981e+00   4.7215454e+00
  -1.7186684e+00   1.4615152e+00   3.4688781e+00
  -4.0083400e-01   3.4711840e+00   3.5033988e+00
   1.0618256e+00   2.7066077e+00   7.9395728e+00
  -1.2771611e+00  -3.8093732e-01   9.2218697e+00
  -3.9651458e-01   1.6218645e+00   6.1761179e+00
  -8.9176003e-01   2.3514321e+00   3.8893249e+00
  -8.2112449e-01   1.1728566e+00   5.9817644e+00
  -1.8180179e-01   2.7602303e+00   4.7437354e+00
   7.6377462e-02   2.1293134e+00   6.3914299e+00
   4.7076257e-01   2.8018969e+00   6.1179857e+00
  -9.7953807e-01   1.3052829e+00   5.3087370e+00
  -1.6662322e+00   1.3953693e+00   3.6617818e+00
  -4.0251114e+00  -2.5902147e+00   5.9779559e+00
  -3.3445273e+00   3.2442529e+00  -5.8481489e-01
  -4.6225448e+00  -1.4382351e+00   2.0091339e+00
  -5.9974427e+00   2.4186327e+00  -3.3549078e+00
  -2.4516857e+00  -7.2092632e-01   5.7661738e+00
  -1.5133592e+00   1.6463631e+00   3.6171594e+00
  -2.2078387e+00  -9.5846595e-02   4.9948546e+00
  -1.1884369e+00   3.7179671e+00   2.0440211e+00
  -3.0727578e+00  -9.1972003e-01   4.5011655e+00
  -1.1324858e+00   3.0062917e+00   2.7451585e+00
  -1.5297151e+00   1.3774582e+00   3.9621749e+00
  -2.3052949e+00   1.8255436e+00   2.0078404e+00
  -2.0788975e+00   4.7327799e-01   4.2237196e+00
  -1.1984205e+00   2.5134234e+00   3.1409898e+00
   1.8119081e+00   3.8677780e+00   7.5407210e+00
   3.7022243e-01   2.2072443e+00   7.0385240e+00
   6.9320585e-01   1.9982709e+00   8.6760266e+00
  -2.4842146e-01   2.6172327e-01   1.2186473e+01
  -1.0289494e+00   3.5934995e+00   2.3833812e+00
  -1.2485631e+00  -2.2650810e-01   8.6605780e+00
  -6.7966739e-01   1.5873454e+00   5.5166954e+00
  -1.3185719e+00   1.0665494e-01   7.1708738e+00
   2.9711376e-01   3.1008910e+00   5.2551749e+00
  -2.2295020e+00  -8.3978177e-01   6.8458713e+00
  -1.3022363e+00   1.8084760e+00   3.8094453e+00
  -1.1423334e+00  -2.9466123e-01   9.5303039e+00
   1.5872917e+00   3.6602148e+00   7.3495114e+00
  -2.9162177e+00  -7.5973571e-01   4.5646426e+00
  -1.6967459e+00   3.1392352e+00   1.7504992e+00
  -1.0572690e+00   1.1074972e+00   5.4957391e+00
  -1.4077721e+00   1.0491838e+00   4.7541275e+00
  -4.9622182e-01   1.2942619e+00   6.6276511e+00
  -1.0311565e+00   1.5567758e+00   4.7483544e+00
  -1.9165325e+00   9.9365275e-01   3.7380744e+00
  -2.1281483e+00  -8.9430332e-02   5.1909239e+00
  -1.4282384e+00   7.3938534e-01   5.2849155e+00
  -2.9932455e+00  -1.7919003e+00   7.1727735e+00
   1.4065679e+00   3.0892655e+00   8.0733175e+00
  -2.3954193e+00  -1.2061473e+00   7.4657988e+00
   2.4377159e+00   3.7262213e+00   9.8781679e+00
  -2.3866009e+00  -7.0288588e-01   5.9191967e+00
  -3.4857969e-01   1.7833743e+00   5.9734588e+00
  -1.0729526e+00   3.2946416e-01   7.3671662e+00
   2.3376686e-01   1.7089379e+00   7.8792658e+00
   5.7837104e-01   1.9625495e+00   8.3569688e+00
   6.3652289e-01   3.6684348e+00   5.1777405e+00
   1.0856686e+00   3.1661393e+00   6.9902684e+00
  -1.5788877e-01   3.0105542e+00   4.4606528e+00
   7.6017923e-01   2.4060411e+00   7.7428743e+00
   7.9712792e-02   2.7422884e+00   5.3201204e+00
   3.2917786e-01   2.1106280e+00   7.1415661e+00
  -4.1951039e-01   1.0888305e+00   7.4056213e+00
   1.7624421e+00   2.5594058e+00   1.1434761e+01
   1.2125105e+00   1.7026366e+00   1.3171926e+01
  -7.2916715e-03   1.9252639e+00   6.5932280e+00
   1.1006072e+00   3.3690111e+00   6.6507956e+00
